-2.45169131,-2.49479442,-2.48873258
-2.4739946,-2.4679764,-2.48796753
-2.47317602,-2.47996834,-2.47510055
-2.47825749,-2.4642063,-2.48234949
-2.46294173,-2.46807107,-2.49211126
-2.47383135,-2.46907504,-2.49930359
-2.46980152,-2.47983982,-2.48762917
-2.47407423,-2.47525958,-2.4620156
-2.48956415,-2.47262443,-2.47821924
-2.45759374,-2.49689247,-2.4734471
-2.47608617,-2.46597666,-2.47631855
-2.49577545,-2.4850895,-2.49348384
-2.49312061,-2.49922635,-2.47213381
-2.47042614,-2.4778079,-2.46972436
-2.45317131,-2.48729481,-2.47890556
-2.46462669,-2.47779588,-2.49207337
-2.4973057,-2.49353798,-2.446964
-2.48225942,-2.49637256,-2.46233725
-2.46819679,-2.46732923,-2.49538492
-2.48228704,-2.47413167,-2.45519844
-2.48376712,-2.46114405,-2.49835125
-2.45727954,-2.49287965,-2.47494817
-2.45695042,-2.49247383,-2.48785981
-2.49523459,-2.48154265,-2.47616404
-2.49065303,-2.43847029,-2.48277002
-2.49066894,-2.47303482,-2.45808091
-2.48521705,-2.49973047,-2.46553094
-2.46968062,-2.49851907,-2.46593253
-2.49822488,-2.48457,-2.4461654
-2.47649192,-2.44538701,-2.49551406
-2.49982976,-2.47925732,-2.49775193
-2.46824243,-2.49409682,-2.4804254
-2.49308452,-2.4720803,-2.44882854
-2.49377815,-2.43681698,-2.4868527
-2.46958929,-2.48238873,-2.46049733
-2.48947419,-2.43623103,-2.48816206
-2.49617813,-2.49870625,-2.44220965
-2.48538031,-2.45730763,-2.48434213
-2.45585755,-2.49394228,-2.46307561
-2.49827935,-2.45001374,-2.4702038
-2.49444322,-2.49246563,-2.45591271
-2.49227956,-2.48391137,-2.46790405
-2.49287612,-2.46816798,-2.45045181
-2.42856866,-2.49779101,-2.49395148
-2.47254244,-2.4654795,-2.49199088
-2.49500144,-2.48931732,-2.42830858
-2.4480413,-2.48377633,-2.49056931
-2.49075552,-2.44834395,-2.49270557
-2.46093226,-2.49826282,-2.47431409
-2.495474,-2.48652445,-2.49094096
-2.45134837,-2.48377336,-2.48193037
-2.49923145,-2.44327744,-2.49947158
-2.47830255,-2.45716012,-2.49004064
-2.45062557,-2.46500331,-2.49671433
-2.49140481,-2.49105376,-2.46052923
-2.4526507,-2.49624861,-2.49194853
-2.49628678,-2.49402002,-2.4960321
-2.4877591,-2.45977991,-2.4693465
-2.4836439,-2.48331472,-2.44640129
-2.47763812,-2.4636768,-2.48636056
-2.49193706,-2.44185067,-2.49418151
-2.49938349,-2.48846322,-2.45705606
-2.48739456,-2.45825763,-2.47038966
-2.45801458,-2.4937228,-2.48634274
-2.48502634,-2.45818305,-2.4901671
-2.49813782,-2.48945816,-2.43575915
-2.48572315,-2.48975285,-2.49571398
-2.46890536,-2.47165107,-2.49836623
-2.46319422,-2.49769088,-2.49150551
-2.48441511,-2.49111008,-2.44780671
-2.45578901,-2.49943461,-2.47531104
-2.46514844,-2.48116604,-2.49640042
-2.48345192,-2.46786783,-2.48206167
-2.49653358,-2.49663376,-2.45029913
-2.46444606,-2.48948551,-2.47208532
-2.49672741,-2.46984638,-2.48849727
-2.49241277,-2.47888118,-2.45036296
-2.49906675,-2.41780623,-2.49622136
-2.48875893,-2.47481906,-2.48404654
-2.49629142,-2.47498209,-2.46500698
-2.49994757,-2.49043866,-2.49466123
-2.44367764,-2.48539499,-2.49160268
-2.48086158,-2.48680689,-2.44613238
-2.47931575,-2.4675326,-2.49643512
-2.48103902,-2.4853683,-2.44588132
-2.47612458,-2.47757426,-2.46046495
-2.45087425,-2.49213342,-2.49071252
-2.49778545,-2.49253125,-2.45165053
-2.45819534,-2.4953975,-2.49006217
-2.49039487,-2.45001901,-2.48276935
-2.44962919,-2.49385333,-2.48017901
-2.49104449,-2.4709903,-2.47751907
-2.48148902,-2.47541208,-2.46819979
-2.4941584,-2.45478791,-2.49459397
-2.46992972,-2.48451981,-2.46887305
-2.49877256,-2.43831072,-2.49493844
-2.49620405,-2.45754447,-2.45789727
-2.47866569,-2.48364202,-2.48194719
-2.49888256,-2.48159046,-2.48389528
-2.48837125,-2.46888214,-2.48415824
-2.48417082,-2.48046422,-2.47697484
-2.48737094,-2.48551775,-2.45360914
-2.4806138,-2.48944362,-2.4823541
-2.49217409,-2.47932183,-2.47489665
-2.49242825,-2.47079941,-2.4836569
-2.48717439,-2.44382431,-2.49025398
-2.45662845,-2.46493574,-2.49920599
-2.45772249,-2.48697123,-2.47062949
-2.45417327,-2.45874788,-2.49878829
-2.49022321,-2.43958316,-2.48505053
-2.44023881,-2.49426236,-2.47651728
-2.48778783,-2.43196978,-2.49834404
-2.47028017,-2.44529262,-2.49823258
-2.4449775,-2.49847128,-2.49181275
-2.47217135,-2.46221777,-2.49916114
-2.49929879,-2.47419436,-2.44265238
-2.4733912,-2.49553147,-2.47810698
-2.46913449,-2.49547092,-2.469967
-2.48329873,-2.49363436,-2.43588228
-2.49051534,-2.47687568,-2.48990963
-2.47833401,-2.48257061,-2.49208076
-2.49115384,-2.4445878,-2.49076951
-2.46538236,-2.49522011,-2.48063625
-2.49625857,-2.44335944,-2.48772641
-2.48177294,-2.45132395,-2.4826517
-2.46817446,-2.49291506,-2.49763403
-2.44768028,-2.4709659,-2.49468046
-2.4393573,-2.49364294,-2.48584173
-2.46880821,-2.46480091,-2.48462043
-2.47670594,-2.47315578,-2.49297322
-2.49006221,-2.48553779,-2.45590609
-2.4703521,-2.46468708,-2.4838755
-2.48053506,-2.48548868,-2.48917911
-2.47289633,-2.49090911,-2.45725963
-2.46957613,-2.46871733,-2.49609167
-2.49790742,-2.46601889,-2.47658636
-2.49829636,-2.46953832,-2.4769239
-2.48285317,-2.49896126,-2.42939661
-2.45191554,-2.48282503,-2.49117306
-2.48349548,-2.48095272,-2.47838781
-2.47812346,-2.44702196,-2.49465137
-2.48174797,-2.45724727,-2.48614341
-2.47016339,-2.48554107,-2.47067128
-2.4892778,-2.47210961,-2.49138473
-2.48894778,-2.45827154,-2.48437162
-2.49239263,-2.4840083,-2.43706065
-2.49106753,-2.47893362,-2.4766268
-2.48355107,-2.49562147,-2.477341
-2.48440712,-2.49344635,-2.46658402
-2.49895627,-2.46133356,-2.48732423
-2.4592729,-2.49008067,-2.48575353
-2.45222345,-2.49211481,-2.47526981
-2.49758234,-2.46992562,-2.49779236
-2.45025659,-2.49249721,-2.4727565
-2.49709474,-2.48218778,-2.46145203
-2.49190296,-2.46392619,-2.48198433
-2.47868196,-2.47547787,-2.48313648
-2.45727201,-2.49941041,-2.47806772
-2.4719861,-2.47340972,-2.48444177
-2.48498053,-2.47600518,-2.45543659
-2.49240831,-2.49722906,-2.44034985
-2.48169043,-2.49816521,-2.45626908
-2.48254586,-2.47931489,-2.46890674
-2.44339993,-2.49946684,-2.4877701
-2.48844406,-2.49520581,-2.45493539
-2.49052075,-2.46987052,-2.47074337
-2.48204899,-2.4903578,-2.44463446
-2.46817403,-2.47161989,-2.48763085
-2.47680185,-2.45911041,-2.48739915
-2.49946878,-2.46798302,-2.49276578
-2.46232346,-2.46304126,-2.49210065
-2.47727319,-2.48779292,-2.44862273
-2.48960998,-2.45960337,-2.48011367
-2.43568759,-2.48970385,-2.48816277
-2.45415376,-2.49452165,-2.49431378
-2.49564505,-2.49880998,-2.47559317
-2.49765158,-2.43003209,-2.49995078
-2.492713,-2.49549233,-2.44250878
-2.45961434,-2.47488186,-2.47954032
-2.48671241,-2.45524975,-2.49633861
-2.44286547,-2.46876146,-2.49999292
-2.49057198,-2.47006292,-2.4590834
-2.43841374,-2.49949724,-2.49341963
-2.4974852,-2.47340639,-2.48316851
-2.49207917,-2.48470162,-2.46375855
-2.4810726,-2.4941566,-2.44193175
-2.49708779,-2.49643853,-2.423286
-2.47549357,-2.46380186,-2.47260865
-2.48698443,-2.47561214,-2.45965613
-2.49406677,-2.47500817,-2.45470308
-2.48931648,-2.45092845,-2.49267557
-2.47277554,-2.49803771,-2.45660107
-2.49903636,-2.4946615,-2.42840682
-2.47367005,-2.48580477,-2.48565068
-2.4834428,-2.46212962,-2.48877675
-2.46927324,-2.46571494,-2.48867294
-2.49906259,-2.47274277,-2.49834346
-2.47721211,-2.49053075,-2.48385523
-2.4397551,-2.49670631,-2.48372645
-2.49111552,-2.46950556,-2.47187652
-2.48412737,-2.46633823,-2.47636454
-2.45101923,-2.49362049,-2.49921124
-2.47837128,-2.48080801,-2.47837331
-2.49853593,-2.4892431,-2.42481918
-2.49908844,-2.49016473,-2.45615968
-2.49855905,-2.47953479,-2.4932145
-2.49394951,-2.4658499,-2.48419408
-2.44056971,-2.49953441,-2.49967108
-2.49929225,-2.44637228,-2.46888676
-2.48005332,-2.4948646,-2.4829699
-2.46227027,-2.49640301,-2.49263668
-2.48980536,-2.48011011,-2.46673938
-2.49885309,-2.45860934,-2.4917582
-2.48966091,-2.4994807,-2.44823905
-2.49449471,-2.48644849,-2.44274047
-2.4877068,-2.47408259,-2.45199977
-2.49460023,-2.47006694,-2.49368631
-2.49747051,-2.4734552,-2.46655589
-2.49798728,-2.49245057,-2.42764581
-2.45580168,-2.46923126,-2.48838877
-2.499076,-2.48947352,-2.48969684
-2.4940374,-2.47954752,-2.46999778
-2.4811811,-2.45456089,-2.49994596
-2.48068606,-2.49717544,-2.44549291
-2.48302676,-2.46937069,-2.48762635
-2.47298739,-2.49813881,-2.45929295
-2.49872423,-2.48144394,-2.46634173
-2.48405738,-2.45388897,-2.47752721
-2.48904208,-2.49796612,-2.48826914
-2.47918935,-2.49811167,-2.43620989
-2.47967291,-2.47266382,-2.46053467
-2.46863196,-2.45642345,-2.49371876
-2.49108187,-2.46766823,-2.49689866
-2.49330767,-2.49062073,-2.47918332
-2.47824857,-2.47798146,-2.47474827
-2.49866229,-2.47747622,-2.44012533
-2.46891752,-2.49819217,-2.46121613
-2.49928036,-2.4329958,-2.48742564
-2.46229601,-2.49541429,-2.48373294
-2.48602095,-2.4882806,-2.46464879
-2.44418665,-2.49294538,-2.48854929
-2.4684038,-2.47979856,-2.49115546
-2.46067241,-2.49047215,-2.47402047
-2.49655584,-2.42791035,-2.48839098
-2.46684319,-2.47710915,-2.4937537
-2.47334979,-2.45457997,-2.49501966
-2.46673299,-2.48313791,-2.48898343
-2.48227516,-2.49729179,-2.45736796
-2.4789306,-2.45946145,-2.49911825
-2.49086941,-2.46808394,-2.48059337
-2.49952355,-2.48422354,-2.4791919
-2.49299955,-2.45768832,-2.46813099
-2.47879875,-2.47428096,-2.46318256
-2.4771487,-2.46700783,-2.48099052
-2.49134185,-2.48157419,-2.47005766
-2.48187725,-2.48631835,-2.47976749
-2.47042195,-2.48683827,-2.47168713
-2.49507535,-2.48426973,-2.45135898
-2.47505298,-2.49787167,-2.47489219
-2.42864326,-2.49697123,-2.49316999
-2.44963127,-2.49566367,-2.49615292
-2.44062146,-2.49440402,-2.49251067
-2.46890138,-2.45478306,-2.48775222
-2.4708322,-2.49756969,-2.4958665
-2.49932763,-2.47669558,-2.4403241
-2.48848393,-2.45383118,-2.47701118
-2.4693779,-2.48487081,-2.49401812
-2.49698407,-2.45995476,-2.45467467
-2.48516336,-2.49276522,-2.470628
-2.49638833,-2.48002734,-2.44408405
-2.47020447,-2.48047586,-2.4811261
-2.49893716,-2.45531721,-2.46567744
-2.48676801,-2.42984725,-2.49761904
-2.44941499,-2.47944774,-2.4885794
-2.49604959,-2.48202487,-2.48463816
-2.47107423,-2.47777039,-2.46387079
-2.4634325,-2.49526178,-2.47418736
-2.49226715,-2.49138543,-2.49192201
-2.48771808,-2.45713986,-2.48229229
-2.4933984,-2.47377674,-2.47720691
-2.48559194,-2.47986652,-2.46133441
-2.46788706,-2.48099739,-2.49912163
-2.46934899,-2.46771633,-2.49751712
-2.47569649,-2.48484627,-2.49666196
-2.49831853,-2.49805114,-2.45263544
-2.48961928,-2.49208401,-2.47766521
-2.46360602,-2.47934932,-2.49203226
-2.4576302,-2.48665992,-2.49683808
-2.48031307,-2.441967,-2.49168381
-2.45353661,-2.4817702,-2.4799663
-2.46421047,-2.49224485,-2.49247489
-2.47726155,-2.47063969,-2.4991193
-2.45186572,-2.48957358,-2.48124412
-2.48255004,-2.48939296,-2.44801254
-2.49697275,-2.48668263,-2.48098016
-2.48940796,-2.4760949,-2.48777377
-2.45730513,-2.48593087,-2.48477559
-2.47851023,-2.48991028,-2.44974312
-2.49528437,-2.46173686,-2.49720586
-2.47943913,-2.47720704,-2.4952257
-2.46299716,-2.47987143,-2.47463398
-2.49259794,-2.47321486,-2.49159878
-2.49918757,-2.4143444,-2.49827715
-2.49353696,-2.44646146,-2.49414329
-2.4974772,-2.45584111,-2.47403101
-2.4413976,-2.49336549,-2.49585181
-2.49432697,-2.49280272,-2.4676888
-2.4725633,-2.49985344,-2.44346655
-2.4489619,-2.48924411,-2.49766732
-2.4880299,-2.44758592,-2.47853175
-2.48360004,-2.46656894,-2.46750577
-2.47742033,-2.47847864,-2.46001529
-2.49425079,-2.47930188,-2.4454804
-2.49906379,-2.45833037,-2.48573311
-2.48388948,-2.49578502,-2.44977739
-2.47819652,-2.47950611,-2.49068399
-2.43712043,-2.49774503,-2.49666758
-2.49246623,-2.48466765,-2.49327456
-2.49899206,-2.48064714,-2.45011764
-2.49351661,-2.45285568,-2.46556786
-2.44754584,-2.48467862,-2.49762217
-2.46177211,-2.49616344,-2.48448681
-2.49854003,-2.49311335,-2.49379597
-2.49378511,-2.49131127,-2.43631153
-2.48521982,-2.4333738,-2.49856312
-2.47440834,-2.4839036,-2.46794959
-2.4748925,-2.46147308,-2.49347146
-2.47508503,-2.46493165,-2.48001557
-2.49729225,-2.44045346,-2.49640212
-2.49496095,-2.46567464,-2.48191981
-2.47022273,-2.49098755,-2.48154909
-2.48499311,-2.49708834,-2.43364373
-2.47542876,-2.47228165,-2.46713325
-2.46980399,-2.47903794,-2.47671891
-2.44317023,-2.49690379,-2.4886265
-2.47682708,-2.49453302,-2.47661957
-2.4861007,-2.4833616,-2.47437516
-2.4891582,-2.49710169,-2.45713438
-2.4932999,-2.48384444,-2.49590962
-2.48721315,-2.49692743,-2.46889604
-2.47864099,-2.46740296,-2.49380324
-2.47123652,-2.49407032,-2.44562994
-2.48845022,-2.47435983,-2.49645368
-2.48853855,-2.45343835,-2.47354177
-2.47141792,-2.46701563,-2.48136256
-2.4769707,-2.46412145,-2.4853664
-2.47583334,-2.45730475,-2.48712436
-2.47292152,-2.49097108,-2.46368216
-2.49219408,-2.45399176,-2.4884935
-2.4857718,-2.48320492,-2.49352842
-2.49605751,-2.4757994,-2.44593371
-2.48924149,-2.47938034,-2.47124537
-2.48414284,-2.45083858,-2.49787252
-2.4999163,-2.44490683,-2.49415664
-2.49183335,-2.49710645,-2.42207498
-2.4733535,-2.49426554,-2.44717711
-2.48858681,-2.4310068,-2.49561722
-2.45533396,-2.49506424,-2.47816848
-2.48189201,-2.45080034,-2.49305662
-2.47847328,-2.43557819,-2.49852877
-2.43232367,-2.48887541,-2.49037893
-2.48232819,-2.49861688,-2.43623167
-2.46033355,-2.47325012,-2.48526311
-2.48768979,-2.46030802,-2.49751815
-2.43264457,-2.49732696,-2.4944624
-2.45579699,-2.47786057,-2.49431645
-2.48844082,-2.45402363,-2.47391111
-2.49168905,-2.47635319,-2.45871083
-2.49616825,-2.44967744,-2.46858118
-2.47349451,-2.48224745,-2.46017462
-2.4847104,-2.49988219,-2.49680388
-2.48395519,-2.46872729,-2.47540971
-2.47999345,-2.47337888,-2.48090274
-2.49023936,-2.4788047,-2.45007152
-2.4765029,-2.48902872,-2.47272904
-2.47943757,-2.49105815,-2.48467368
-2.48544923,-2.44447412,-2.48341161
-2.4367796,-2.49331794,-2.49671136
-2.4910289,-2.44235196,-2.49394025
-2.48194238,-2.48980283,-2.48906788
-2.44159186,-2.48489262,-2.48485724
-2.46830592,-2.49142548,-2.47703927
-2.48849714,-2.42777354,-2.49603277
-2.48102523,-2.49890391,-2.49083345
-2.48605025,-2.49439663,-2.44707095
-2.48135609,-2.48432313,-2.49884976
-2.4899574,-2.4992403,-2.46043751
-2.46629337,-2.48067786,-2.47797641
-2.46950996,-2.4970174,-2.48672247
-2.43579347,-2.48677264,-2.4943204
-2.4445532,-2.48044437,-2.49057974
-2.49875352,-2.47605091,-2.48581549
-2.49845962,-2.45321167,-2.46246346
-2.44290066,-2.47914038,-2.49311789
-2.46504328,-2.47074189,-2.48321842
-2.45581088,-2.4783716,-2.48932523
-2.48741152,-2.48933584,-2.48006847
-2.48307048,-2.49916181,-2.4731543
-2.49947828,-2.49376496,-2.44552863
-2.45522605,-2.46627221,-2.49676395
-2.49478985,-2.47582626,-2.48337452
-2.49093514,-2.47506536,-2.49671715
-2.48696192,-2.49171941,-2.49354376
-2.49936377,-2.4908309,-2.4210312
-2.49045875,-2.48881213,-2.48542439
-2.48535153,-2.49714212,-2.46307923
-2.46178781,-2.48800872,-2.46703362
-2.42749737,-2.49450291,-2.49011419
-2.45766684,-2.48337427,-2.47946312
-2.49320765,-2.48227194,-2.48388732
-2.47452521,-2.49248187,-2.48426582
-2.44232815,-2.49896766,-2.48831824
-2.49722655,-2.43218443,-2.48688983
-2.48797758,-2.48773375,-2.47513453
-2.43280086,-2.49439033,-2.4990607
-2.48295265,-2.49567027,-2.45399964
-2.49518542,-2.44072861,-2.47847684
-2.49742163,-2.4973723,-2.45615297
-2.49707544,-2.44519733,-2.4896119
-2.46897423,-2.4776745,-2.48020293
-2.4751461,-2.45712321,-2.48396985
-2.4504482,-2.4879586,-2.49259464
-2.49992238,-2.45432015,-2.48392727
-2.47366159,-2.48428823,-2.49170081
-2.49621013,-2.43023505,-2.48543264
-2.47263232,-2.45467601,-2.48949523
-2.48958184,-2.45755202,-2.49318313
-2.49623091,-2.49876688,-2.42106304
-2.45063834,-2.49490342,-2.4698379
-2.49732303,-2.43220107,-2.49713108
-2.48555221,-2.4685612,-2.48033216
-2.43581306,-2.49837453,-2.48083734
-2.48099365,-2.46883334,-2.46761993
-2.48300402,-2.44941361,-2.49994944
-2.49807853,-2.48996671,-2.42363137
-2.46166413,-2.46025359,-2.4975731
-2.48175808,-2.44792627,-2.48969859
-2.49379054,-2.45076794,-2.49656878
-2.47934535,-2.49466965,-2.46389449
-2.48530856,-2.45340518,-2.47677454
-2.46587675,-2.49900431,-2.46169166
-2.49402059,-2.45856693,-2.46965991
-2.46309214,-2.47092667,-2.49032658
-2.47665903,-2.46480211,-2.47668387
-2.49691967,-2.47211064,-2.44772893
-2.49355161,-2.48110495,-2.47203362
-2.48661409,-2.43578233,-2.49137944
-2.49574961,-2.46561911,-2.48493801
-2.49816302,-2.48744921,-2.45044785
-2.48923001,-2.43427804,-2.49401283
-2.48889184,-2.48934007,-2.49710262
-2.47457877,-2.48846613,-2.4628938
-2.49674174,-2.46279361,-2.49716522
-2.48364801,-2.46853413,-2.49901362
-2.45009548,-2.46811041,-2.49352705
-2.49643189,-2.46663152,-2.46888443
-2.46743981,-2.48642226,-2.46338557
-2.47756791,-2.48398328,-2.4508086
-2.48926611,-2.48602728,-2.4841958
-2.49330486,-2.49449676,-2.46148506
-2.49757787,-2.4366307,-2.47826274
-2.49884939,-2.4929801,-2.46390622
-2.48523736,-2.49147408,-2.44370028
-2.49299986,-2.49646553,-2.45613138
-2.49404309,-2.45740456,-2.46915184
-2.47334682,-2.49713704,-2.46277292
-2.49405414,-2.42217014,-2.49739708
-2.47562912,-2.4842588,-2.4624262
-2.48398218,-2.46516043,-2.46188434
-2.4807525,-2.49589852,-2.45821943
-2.46436948,-2.48255338,-2.4967142
-2.47619816,-2.49279101,-2.45675362
-2.47544738,-2.46004851,-2.48388995
-2.48389147,-2.46907128,-2.47379761
-2.49733703,-2.49438111,-2.48431609
-2.46325507,-2.49361748,-2.48043371
-2.48747353,-2.49458098,-2.48390141
-2.45446414,-2.4892101,-2.48330591
-2.47324125,-2.44369438,-2.49603879
-2.48187605,-2.49937183,-2.46252374
-2.49610325,-2.49028625,-2.45960202
-2.49440122,-2.48884967,-2.4686704
-2.48584009,-2.47014881,-2.4946265
-2.46206169,-2.48770496,-2.47688588
-2.46237619,-2.49794337,-2.48288526
-2.49981117,-2.47239899,-2.46511951
-2.48632682,-2.49366152,-2.47886526
-2.47745247,-2.49631486,-2.49525229
-2.46404805,-2.4750301,-2.49192115
-2.49245261,-2.48927113,-2.46479802
-2.47544525,-2.48497092,-2.46377397
-2.49510115,-2.49469546,-2.43495476
-2.49087221,-2.4612543,-2.48872736
-2.49720336,-2.48601521,-2.4417525
-2.45837293,-2.48729767,-2.49175086
-2.48698652,-2.48065715,-2.46407721
-2.48686672,-2.43261866,-2.49589439
-2.49139716,-2.48928835,-2.48906169
-2.49667075,-2.45778533,-2.48206426
-2.46377641,-2.49460282,-2.4698734
-2.49256462,-2.49317332,-2.47610918
-2.49489365,-2.44955513,-2.47606091
-2.48445434,-2.47958221,-2.49808953
-2.48102814,-2.48955236,-2.46621214
-2.48359451,-2.48335511,-2.47760064
-2.49201566,-2.49119741,-2.48489776
-2.49750549,-2.45506573,-2.49484861
-2.49747133,-2.46262465,-2.49405029
-2.46063901,-2.47056826,-2.47962735
-2.4967834,-2.46979645,-2.46766125
-2.44595318,-2.49947202,-2.47113828
-2.45384504,-2.46798323,-2.49419286
-2.48764527,-2.49152633,-2.49543905
-2.49394209,-2.49165336,-2.4963191
-2.49669384,-2.42313986,-2.49104077
-2.44634654,-2.48435114,-2.4986782
-2.49451973,-2.46455327,-2.48496552
-2.48239331,-2.47569918,-2.49159781
-2.49945672,-2.44225565,-2.47483024
-2.47202304,-2.49813492,-2.44822141
-2.49289954,-2.49297362,-2.42871671
-2.4588148,-2.48401901,-2.4727606
-2.47600444,-2.47606323,-2.47255648
-2.48041449,-2.49229569,-2.46673312
-2.49050656,-2.44820172,-2.48858381
-2.49343541,-2.45511811,-2.48641484
-2.47129124,-2.49514521,-2.4990327
-2.45857941,-2.46291493,-2.49639477
-2.49787432,-2.49984412,-2.42454919
-2.45706039,-2.49166516,-2.48534982
-2.4978702,-2.46797044,-2.46737622
-2.4680066,-2.48002962,-2.47418389
-2.47414907,-2.47564859,-2.47574524
-2.48671911,-2.49965983,-2.46706545
-2.48809591,-2.47738433,-2.47776471
-2.44689821,-2.4845852,-2.48452233
-2.46334943,-2.48186572,-2.48578418
-2.47227747,-2.48192347,-2.45983728
-2.49427659,-2.48458751,-2.48542618
-2.48660785,-2.47006646,-2.47540013
-2.49924952,-2.44550344,-2.49606166
-2.49077546,-2.4932275,-2.48993665
-2.45609294,-2.47872173,-2.49870197
-2.47892973,-2.46193915,-2.48704523
-2.4607136,-2.47381372,-2.48760468
-2.46041215,-2.47094928,-2.49834086
-2.48494891,-2.42772998,-2.49876743
-2.48302579,-2.4637028,-2.48384907
-2.48346693,-2.49344692,-2.48203725
-2.47922382,-2.4735434,-2.46958636
-2.49488085,-2.46890968,-2.45698517
-2.47358866,-2.47552881,-2.47699412
-2.45276223,-2.47837422,-2.4916705
-2.48034343,-2.49325352,-2.47591289
-2.48198609,-2.482391,-2.44930641
-2.46867011,-2.47956789,-2.48853623
-2.49355144,-2.49406448,-2.4279495
-2.47616066,-2.49827561,-2.48888716
-2.46897617,-2.48646454,-2.46789093
-2.49606904,-2.47550472,-2.45928609
-2.45048377,-2.48154738,-2.48595924
-2.47316586,-2.49723112,-2.48313363
-2.45778734,-2.46419095,-2.4900773
-2.47601935,-2.49325731,-2.49942349
-2.48139818,-2.4602797,-2.48530127
-2.47562647,-2.48735167,-2.47750003
-2.48630015,-2.47821044,-2.4631229
-2.4964258,-2.44244492,-2.47655798
-2.48700087,-2.43967638,-2.48426845
-2.49079316,-2.49516918,-2.46322495
-2.48857252,-2.46530569,-2.47894725
-2.49182761,-2.48406736,-2.47594446
-2.49228683,-2.49784558,-2.46779401
-2.47396146,-2.46965311,-2.49836281
-2.48977524,-2.45165381,-2.48651761
-2.44922767,-2.47592861,-2.48631266
-2.46279426,-2.49478764,-2.46619168
-2.45813456,-2.47529858,-2.4908523
-2.48844535,-2.48594526,-2.46320714
-2.46420182,-2.4991183,-2.49568188
-2.48465445,-2.484333,-2.461912
-2.49004663,-2.49805104,-2.48675907
-2.48759355,-2.47740786,-2.44748154
-2.488963,-2.48224197,-2.44210514
-2.47681217,-2.49647184,-2.49198496
-2.46863325,-2.49121585,-2.45364536
-2.49240601,-2.49781371,-2.4388999
-2.4666635,-2.49400463,-2.46349482
-2.4779079,-2.47506385,-2.46244713
-2.4784922,-2.48657628,-2.49024211
-2.48827954,-2.47736889,-2.49776027
-2.48944541,-2.49668697,-2.49875405
-2.49588707,-2.49623013,-2.45860723
-2.49450302,-2.48398118,-2.45828309
-2.48944154,-2.45818388,-2.47267216
-2.46004998,-2.49163658,-2.49799587
-2.49077312,-2.4760796,-2.46830248
-2.48619385,-2.47360223,-2.45290761
-2.46956348,-2.46122317,-2.48450562
-2.47579056,-2.49728644,-2.47475475
-2.43119179,-2.48284836,-2.49718419
-2.48208139,-2.46165447,-2.48933351
-2.46186953,-2.47476324,-2.47536334
-2.49255184,-2.49354923,-2.49522325
-2.47054683,-2.4891703,-2.45727551
-2.44279287,-2.48181201,-2.49274291
-2.49471562,-2.46602575,-2.48976881
-2.45605413,-2.46848114,-2.48898081
-2.49852337,-2.4684586,-2.47442796
-2.49602375,-2.45213875,-2.48846445
-2.44960799,-2.49978686,-2.47748227
-2.46407905,-2.47996497,-2.48970799
-2.48176781,-2.47204315,-2.466437
-2.4849517,-2.4873895,-2.45987444
-2.49578854,-2.48049165,-2.47983734
-2.46536131,-2.46719472,-2.48731356
-2.49789228,-2.46026306,-2.46966107
-2.46846192,-2.49086073,-2.47498443
-2.48767265,-2.46954357,-2.45874648
-2.45021854,-2.49801508,-2.47123655
-2.47593629,-2.45210825,-2.49672208
-2.49975025,-2.49384604,-2.42553084
-2.46622516,-2.48519772,-2.46031494
-2.48994813,-2.47187301,-2.45594668
-2.46607977,-2.46470374,-2.48338865
-2.4865232,-2.44197764,-2.49724792
-2.49304485,-2.44415998,-2.48476181
-2.46738464,-2.48199349,-2.48863393
-2.49804436,-2.49400708,-2.46676979
-2.4714497,-2.46682009,-2.48875734
-2.49298373,-2.48465405,-2.49001078
-2.47529084,-2.47090704,-2.48346759
-2.46697776,-2.48686445,-2.47530829
-2.48412327,-2.47357156,-2.45433617
-2.47815162,-2.45103518,-2.49867073
-2.46120544,-2.4717456,-2.48739456
-2.47538727,-2.48975599,-2.46898493
-2.45155424,-2.45973167,-2.49967897
-2.49000929,-2.49454915,-2.44316861
-2.48090979,-2.47696933,-2.46035768
-2.45484045,-2.4965173,-2.48476414
-2.49446596,-2.43824177,-2.48815109
-2.49510379,-2.46840286,-2.45866933
-2.43206601,-2.48734047,-2.49142113
-2.49807579,-2.48449992,-2.43956691
-2.47366067,-2.45323507,-2.48694365
-2.49302748,-2.47486812,-2.47063347
-2.47990394,-2.46551891,-2.47923274
-2.44722213,-2.49911005,-2.49065479
-2.49037686,-2.49720243,-2.42371952
-2.49125417,-2.48843388,-2.4426011
-2.49823403,-2.47346678,-2.49204348
-2.48315009,-2.48179137,-2.48881466
-2.46193154,-2.48981692,-2.46250947
-2.49696265,-2.48018317,-2.45959134
-2.49812403,-2.43076069,-2.48426311
-2.4501114,-2.47596784,-2.48598611
-2.47799349,-2.46636218,-2.48521657
-2.49812037,-2.48016222,-2.49089493
-2.4699107,-2.48649914,-2.45678518
-2.47837357,-2.48031801,-2.479735
-2.47388981,-2.4850134,-2.47204658
-2.48359223,-2.47873991,-2.49297447
-2.44970635,-2.4974446,-2.49805594
-2.47618231,-2.49813536,-2.45318872
-2.46056662,-2.49542599,-2.48647766
-2.49355708,-2.44591128,-2.47781869
-2.45057113,-2.49657735,-2.47804861
-2.49047835,-2.47801985,-2.47649497
-2.48505639,-2.4538019,-2.4938438
-2.49348951,-2.46507634,-2.45920724
-2.49373743,-2.49052183,-2.44100021
-2.4821623,-2.44347092,-2.4946386
-2.49068094,-2.48467997,-2.45117735
-2.46891693,-2.49246754,-2.49057066
-2.44571089,-2.49301814,-2.48884923
-2.44941202,-2.48841108,-2.47599625
-2.4739323,-2.48625413,-2.49734854
-2.48649141,-2.49612617,-2.4803151
-2.49403198,-2.42677036,-2.49090271
-2.48849268,-2.49983219,-2.45988377
-2.48345505,-2.48966628,-2.46077822
-2.49097979,-2.45664028,-2.46578543
-2.49423131,-2.48197819,-2.44813763
-2.49217289,-2.43015514,-2.49810182
-2.45965988,-2.48903016,-2.49387136
-2.47971705,-2.47634439,-2.45654107
-2.49279877,-2.47373283,-2.45524214
-2.48951756,-2.48883724,-2.43283304
-2.48637186,-2.44814323,-2.49475793
-2.49682374,-2.46533941,-2.48759492
-2.48278249,-2.47770603,-2.49682399
-2.49885086,-2.42812643,-2.48761772
-2.45867267,-2.47808579,-2.48652822
-2.49619834,-2.49728276,-2.45587503
-2.49072908,-2.48468066,-2.48856627
-2.49628634,-2.49963441,-2.46476472
-2.49506865,-2.46811382,-2.46143715
-2.48992978,-2.48604929,-2.49401032
-2.4772954,-2.48919776,-2.45982011
-2.48223661,-2.47339064,-2.4973795
-2.49030177,-2.44530077,-2.47837274
-2.46942325,-2.47052579,-2.47531128
-2.49237156,-2.45173987,-2.49954022
-2.45709371,-2.4661174,-2.4973523
-2.49160633,-2.47799904,-2.45259457
-2.4846883,-2.45220143,-2.47708417
-2.49578089,-2.4493068,-2.4767059
-2.48023566,-2.48109514,-2.47130134
-2.4897065,-2.49033136,-2.49550975
-2.46985893,-2.487153,-2.47423809
-2.4902416,-2.45643561,-2.47249022
-2.44951024,-2.48589841,-2.47548371
-2.47852742,-2.49606748,-2.47548818
-2.46040553,-2.48126455,-2.49805563
-2.47646337,-2.45387704,-2.48420551
-2.46795704,-2.48674766,-2.47625879
-2.44706286,-2.47972349,-2.49129612
-2.49134976,-2.48237798,-2.45103757
-2.48637283,-2.45919851,-2.47106946
-2.46953823,-2.46648068,-2.47913402
-2.48556729,-2.49095858,-2.45356875
-2.46049941,-2.47350163,-2.49088045
-2.48766024,-2.46561595,-2.49639468
-2.48427984,-2.46159055,-2.47530229
-2.48069847,-2.44990905,-2.48501271
-2.48513696,-2.45976609,-2.4914157
-2.49636146,-2.49200946,-2.4969505
-2.46722715,-2.45714837,-2.4868661
-2.48515016,-2.46650474,-2.49961008
-2.47322898,-2.48480582,-2.4910389
-2.48900133,-2.45026786,-2.49583873
-2.49767708,-2.47384439,-2.48195894
-2.44767535,-2.49973732,-2.4842463
-2.49059332,-2.49259028,-2.45369582
-2.47666643,-2.49837704,-2.48961359
-2.4920779,-2.47917526,-2.46527229
-2.49710322,-2.49977161,-2.42710858
-2.46259469,-2.4678661,-2.49999503
-2.49296127,-2.45930243,-2.46472416
-2.48439948,-2.47739218,-2.47568097
-2.48908975,-2.49383835,-2.49056923
-2.48337389,-2.47349314,-2.46338444
-2.47829862,-2.49022868,-2.44701378
-2.49507279,-2.43114256,-2.48986934
-2.46319574,-2.48204755,-2.48070247
-2.48196003,-2.49249682,-2.47572388
-2.49768204,-2.49384658,-2.48837871
-2.45612149,-2.49001083,-2.4760043
-2.49938835,-2.46973342,-2.45788263
-2.48851243,-2.48375169,-2.47174506
-2.48368622,-2.4749037,-2.48930553
-2.45096607,-2.46991971,-2.49331385
-2.46848111,-2.49913959,-2.47390863
-2.49067794,-2.43589185,-2.4893913
-2.47891806,-2.4676881,-2.48646526
-2.48514763,-2.44439553,-2.48849895
-2.49620158,-2.44738626,-2.4939185
-2.47902944,-2.48760962,-2.48979024
-2.48467189,-2.48641763,-2.49835603
-2.48567462,-2.46455136,-2.46649663
-2.48477087,-2.49498459,-2.47414522
-2.46689558,-2.48079313,-2.4703395
-2.4877473,-2.44881773,-2.49754268
-2.48472817,-2.46919127,-2.4845606
-2.47944273,-2.48629153,-2.49237877
-2.43899126,-2.49601725,-2.49454789
-2.45927803,-2.49531401,-2.48736948
-2.49833718,-2.48543808,-2.43552913
-2.4643973,-2.47984772,-2.47298993
-2.48545403,-2.45684519,-2.48128699
-2.47933558,-2.47454993,-2.45994679
-2.48026119,-2.46189752,-2.49597441
-2.4574998,-2.47315442,-2.49677778
-2.46514452,-2.48047299,-2.48054504
-2.48697794,-2.49042317,-2.46307221
-2.48589709,-2.45711192,-2.49785115
-2.49972536,-2.47625162,-2.4658483
-2.45387448,-2.48662373,-2.47103018
-2.49189072,-2.4649335,-2.47620274
-2.46995393,-2.45510076,-2.48710441
-2.45558719,-2.49293749,-2.47059578
-2.49068432,-2.4761769,-2.47926989
-2.46811204,-2.45907762,-2.48881262
-2.46842379,-2.46318272,-2.49440576
-2.48574475,-2.49605025,-2.4349744
-2.4788245,-2.49120864,-2.47755447
-2.49611991,-2.48837448,-2.45610434
-2.49096147,-2.4735125,-2.4940551
-2.49067302,-2.49300981,-2.43875102
-2.46639355,-2.46876383,-2.48336557
-2.49058541,-2.49662404,-2.4406112
-2.49520838,-2.46999227,-2.4640115
-2.47341994,-2.46836722,-2.48308945
-2.46024421,-2.49151458,-2.47546861
-2.48130485,-2.45969171,-2.48796743
-2.45380667,-2.49887693,-2.47410362
-2.49600717,-2.4585952,-2.46971231
-2.49920465,-2.48014108,-2.4902245
-2.46927279,-2.46449209,-2.47870454
-2.49048307,-2.45090166,-2.48208297
-2.48635978,-2.42688726,-2.49924488
-2.47883953,-2.49292882,-2.46294117
-2.48581136,-2.48592945,-2.49906333
-2.48254123,-2.4757996,-2.46661876
-2.47116217,-2.48853445,-2.48742327
-2.49040632,-2.46127112,-2.46005984
-2.46802407,-2.46162066,-2.490164
-2.45464274,-2.48580776,-2.48134628
-2.49984432,-2.43711923,-2.4833602
-2.48973909,-2.47702224,-2.44646862
-2.47227891,-2.49757729,-2.47436352
-2.4773156,-2.47943513,-2.47238775
-2.48727087,-2.4833608,-2.44986817
-2.49398695,-2.48981969,-2.42863793
-2.48431171,-2.48855318,-2.48315947
-2.45095442,-2.47826913,-2.48744467
-2.47798515,-2.49438074,-2.49388062
-2.48785467,-2.4614242,-2.48893677
-2.48178688,-2.49482489,-2.44946662
-2.47457315,-2.49233337,-2.48456573
-2.4655263,-2.49109296,-2.46664781
-2.48089241,-2.49233798,-2.46506105
-2.4402065,-2.49186464,-2.49676396
-2.49591451,-2.48375337,-2.438876
-2.44038947,-2.49851135,-2.48343662
-2.43766767,-2.4940208,-2.48799646
-2.48263844,-2.49490911,-2.43786759
-2.47882493,-2.49863077,-2.47407447
-2.4695575,-2.46081694,-2.48625907
-2.4912663,-2.48209459,-2.45045076
-2.48651502,-2.4690721,-2.47764783
-2.49606044,-2.44474569,-2.49830967
-2.46985383,-2.49357537,-2.4871963
-2.48793862,-2.49514866,-2.45883483
-2.46511566,-2.48371431,-2.4662036
-2.45541779,-2.49734174,-2.48468853
-2.48560175,-2.4980745,-2.49098329
-2.4992306,-2.41945374,-2.49346579
-2.47530114,-2.47215813,-2.46620328
-2.45723881,-2.49488756,-2.46755574
-2.49486542,-2.47326539,-2.49488479
-2.4903219,-2.4951938,-2.49673081
-2.49806075,-2.4958133,-2.4430602
-2.4576006,-2.48213659,-2.47819688
-2.47426357,-2.4656278,-2.48906185
-2.49691231,-2.47454274,-2.46842252
-2.48066076,-2.4955666,-2.47966788
-2.47151137,-2.47978582,-2.48448828
-2.488876,-2.44823224,-2.48982486
-2.46288798,-2.48684729,-2.49394646
-2.459057,-2.48247351,-2.4909772
-2.48039851,-2.49092471,-2.46588307
-2.45629708,-2.47990222,-2.49992114
-2.48564269,-2.45598931,-2.47185948
-2.47848511,-2.46197493,-2.48798724
-2.49259541,-2.45599988,-2.49454601
-2.47818295,-2.47980602,-2.46170932
-2.45370625,-2.48356905,-2.48823282
-2.46498646,-2.47547412,-2.48100784
-2.4938077,-2.47484338,-2.4494112
-2.46827581,-2.47707066,-2.47424301
-2.48259973,-2.49113097,-2.45144214
-2.49419038,-2.47348768,-2.45933049
-2.47180894,-2.4630703,-2.48077834
-2.49683648,-2.44524003,-2.482324
-2.48021151,-2.46514444,-2.47824694
-2.47440876,-2.4717511,-2.49369751
-2.48783168,-2.45091982,-2.4862323
-2.48713991,-2.49980562,-2.48737494
-2.48713467,-2.49118822,-2.49344556
-2.47151068,-2.47968994,-2.45962217
-2.43163423,-2.49804762,-2.49045603
-2.47812965,-2.46697694,-2.47672191
-2.49173899,-2.48073771,-2.45766838
-2.49724303,-2.45290649,-2.47063049
-2.42990454,-2.49207489,-2.4954922
-2.45620152,-2.48757508,-2.49515928
-2.48964459,-2.49959333,-2.46977647
-2.49574165,-2.49423785,-2.46594503
-2.49615566,-2.4860594,-2.44042907
-2.44152914,-2.48612773,-2.49627586
-2.48198244,-2.45657215,-2.495795
-2.46663575,-2.4868674,-2.49459165
-2.47303164,-2.46682901,-2.47641367
-2.47279979,-2.49453078,-2.46240366
-2.49912739,-2.485678,-2.45215187
-2.46225362,-2.46120822,-2.49852247
-2.49125497,-2.48982937,-2.48482287
-2.47497406,-2.45520178,-2.48602326
-2.49431885,-2.47295092,-2.45601727
-2.43129113,-2.49288426,-2.48827557
-2.44436843,-2.47214177,-2.49470203
-2.47163789,-2.45889074,-2.48050072
-2.49704117,-2.47698087,-2.49761872
-2.49988929,-2.49920376,-2.46308563
-2.43686385,-2.49070287,-2.48939689
-2.48660587,-2.44704971,-2.48567613
-2.47681051,-2.49096443,-2.45573765
-2.46601519,-2.48722255,-2.49442655
-2.47218764,-2.49876472,-2.46037974
-2.48787845,-2.48616853,-2.49724703
-2.44994952,-2.47155187,-2.49774745
-2.45711712,-2.49656695,-2.49238001
-2.459472,-2.47476478,-2.48099541
-2.47992856,-2.461828,-2.47355069
-2.49918508,-2.49600594,-2.42460985
-2.46404949,-2.46046195,-2.49542966
-2.47624921,-2.46859324,-2.46821668
-2.49100543,-2.45039603,-2.49860106
-2.4892041,-2.49085425,-2.46228666
-2.4977609,-2.49583861,-2.43422727
-2.48058583,-2.48958426,-2.49411769
-2.45399999,-2.48515107,-2.48942083
-2.45543619,-2.4889719,-2.47774498
-2.49809938,-2.4520729,-2.47109777
-2.49530772,-2.48947823,-2.46873118
-2.48481801,-2.46573623,-2.4927137
-2.46902576,-2.48900112,-2.45354883
-2.49543619,-2.4759848,-2.497562
-2.49752216,-2.42461389,-2.49625919
-2.45784834,-2.48325931,-2.48504835
-2.44465802,-2.47983161,-2.49426375
-2.48733218,-2.48880772,-2.48448708
-2.49094785,-2.46341127,-2.48328555
-2.48728819,-2.49282564,-2.46744824
-2.49939491,-2.43546961,-2.47789329
-2.45380862,-2.49310807,-2.47056385
-2.46951471,-2.46819211,-2.47467119
-2.45370332,-2.45778745,-2.49992869
-2.49143038,-2.46336857,-2.4812642
-2.46694253,-2.46920116,-2.49766629
-2.48886521,-2.46259654,-2.48212071
-2.4901716,-2.49856146,-2.48682832
-2.46406989,-2.47615644,-2.47840842
-2.46868955,-2.48008416,-2.47522869
-2.49961257,-2.49936681,-2.47880322
-2.46788734,-2.48246095,-2.47358064
-2.46010724,-2.49343952,-2.49567998
-2.49549588,-2.48055287,-2.45176666
-2.49964444,-2.43468445,-2.49017259
-2.46276252,-2.4796879,-2.47475573
-2.49967793,-2.4878013,-2.43057778
-2.47273187,-2.48440303,-2.47137927
-2.46992719,-2.4767928,-2.49380896
-2.4841697,-2.48278103,-2.49965716
-2.4698589,-2.49769027,-2.46743137
-2.44993225,-2.48211395,-2.49052698
-2.43935721,-2.49971485,-2.4929289
-2.45154575,-2.49243667,-2.48697134
-2.49335357,-2.4955658,-2.47102302
-2.46569846,-2.4876028,-2.48237698
-2.4620752,-2.47836637,-2.48725171
-2.47003596,-2.47671737,-2.47023282
-2.48094316,-2.49813078,-2.4688615
-2.49430011,-2.49609105,-2.44224898
-2.49129269,-2.46341562,-2.4734244
-2.4505292,-2.4982663,-2.4698583
-2.45858589,-2.47559038,-2.4891872
-2.46116431,-2.48545625,-2.49770126
-2.49771312,-2.49306752,-2.47236648
-2.47999978,-2.45924502,-2.49369567
-2.49694166,-2.48043675,-2.45989403
-2.45432917,-2.47577193,-2.48802476
-2.48922978,-2.48449639,-2.45477758
-2.45039973,-2.49384817,-2.47150161
-2.49397858,-2.47626221,-2.49696194
-2.45591761,-2.48770892,-2.49059333
-2.42580093,-2.49732101,-2.48916716
-2.49284661,-2.47414162,-2.48544852
-2.4943119,-2.49560227,-2.48893161
-2.48814064,-2.45127176,-2.49576219
-2.49646581,-2.45766637,-2.48917985
-2.49452493,-2.47331943,-2.4494858
-2.48379306,-2.48022167,-2.45190296
-2.48917578,-2.48219722,-2.45111263
-2.49020222,-2.49841784,-2.46192047
-2.44651546,-2.4896999,-2.4780853
-2.44854039,-2.498139,-2.48224807
-2.4754555,-2.47233216,-2.4815214
-2.49891004,-2.43756022,-2.47458409
-2.46785591,-2.49546652,-2.48314454
-2.4784214,-2.48571947,-2.44684302
-2.49621512,-2.46689106,-2.49441894
-2.49465782,-2.49506585,-2.45875586
-2.4826866,-2.45452886,-2.48285643
-2.49776588,-2.42652755,-2.49347738
-2.47563113,-2.46208539,-2.4983732
-2.46299708,-2.4689413,-2.49970164
-2.49714537,-2.42429186,-2.49909944
-2.46395381,-2.48726985,-2.49413287
-2.48199707,-2.47912509,-2.45033713
-2.44984867,-2.483062,-2.49210915
-2.49055908,-2.42286861,-2.4996979
-2.49901583,-2.45290971,-2.49939621
-2.48600235,-2.47610463,-2.49264814
-2.49322593,-2.4914033,-2.44537817
-2.49310408,-2.49439087,-2.45165925
-2.4486465,-2.49213619,-2.4707091
-2.4940606,-2.44408876,-2.48285487
-2.49706542,-2.44136121,-2.47351379
-2.44777314,-2.49390439,-2.49920006
-2.48235539,-2.4661953,-2.4927491
-2.49722073,-2.46712446,-2.47328096
-2.49540746,-2.44331538,-2.47903928
-2.48822037,-2.46365425,-2.4721374
-2.48024383,-2.49528607,-2.45746362
-2.48549518,-2.46492079,-2.47489415
-2.47327921,-2.46931325,-2.4832716
-2.49280417,-2.49807985,-2.42999222
-2.47109381,-2.46735407,-2.49223196
-2.47333933,-2.48302181,-2.45498509
-2.47207423,-2.45916983,-2.47998761
-2.48169424,-2.48389873,-2.48310761
-2.4850192,-2.48161425,-2.46316514
-2.48046107,-2.47344498,-2.47443902
-2.47755495,-2.4852422,-2.47732357
-2.49249299,-2.46986375,-2.49650128
-2.47775064,-2.48907492,-2.45850154
-2.48561568,-2.48992139,-2.47932435
-2.49476085,-2.45110549,-2.48024665
-2.48691652,-2.47713041,-2.47399349
-2.48107381,-2.46516716,-2.48675865
-2.47251314,-2.4643735,-2.47502315
-2.46958343,-2.48738114,-2.45908851
-2.4787172,-2.451679,-2.49082436
-2.49390019,-2.43583663,-2.48254023
-2.49636233,-2.41744184,-2.49787857
-2.48180927,-2.46968041,-2.49129598
-2.49493198,-2.49484809,-2.46358949
-2.48730863,-2.48209522,-2.49954911
-2.4999795,-2.48563565,-2.49702344
-2.46917526,-2.47487032,-2.49686466
-2.43134301,-2.48895383,-2.49840681
-2.49067804,-2.45475291,-2.48458416
-2.49559859,-2.49663781,-2.43583396
-2.4903993,-2.47489532,-2.46226244
-2.49204313,-2.4524309,-2.49002159
-2.48178366,-2.44545282,-2.49481199
-2.49505336,-2.47509407,-2.48011631
-2.46640143,-2.47325517,-2.49800776
-2.45401735,-2.4991732,-2.45991227
-2.4988997,-2.49884875,-2.47917097
-2.49964279,-2.48978931,-2.47868148
-2.49432802,-2.49220405,-2.43351752
-2.48343596,-2.48005902,-2.45753224
-2.4983217,-2.49260355,-2.44300314
-2.49256833,-2.4986073,-2.49282563
-2.46768032,-2.49382577,-2.46366138
-2.48950086,-2.47037887,-2.4698886
-2.47518627,-2.49212083,-2.45368916
-2.46409757,-2.45943383,-2.49668422
-2.4822288,-2.46234798,-2.49229531
-2.49282293,-2.45355168,-2.4890377
