[[-2.46360602 -2.47934932 -2.49203226]]
[[-2.4576302  -2.48665992 -2.49683808]]
[[-2.48031307 -2.441967   -2.49168381]]
[[-2.45353661 -2.4817702  -2.4799663 ]]
[[-2.46421047 -2.49224485 -2.49247489]]
[[-2.47726155 -2.47063969 -2.4991193 ]]
[[-2.45186572 -2.48957358 -2.48124412]]
[[-2.48255004 -2.48939296 -2.44801254]]
[[-2.49697275 -2.48668263 -2.48098016]]
[[-2.48940796 -2.4760949  -2.48777377]]
[[-2.45730513 -2.48593087 -2.48477559]]
[[-2.47851023 -2.48991028 -2.44974312]]
[[-2.49528437 -2.46173686 -2.49720586]]
[[-2.47943913 -2.47720704 -2.4952257 ]]
[[-2.46299716 -2.47987143 -2.47463398]]
[[-2.49259794 -2.47321486 -2.49159878]]
[[-2.49918757 -2.4143444  -2.49827715]]
[[-2.49353696 -2.44646146 -2.49414329]]
[[-2.4974772  -2.45584111 -2.47403101]]
[[-2.4413976  -2.49336549 -2.49585181]]
[[-2.49432697 -2.49280272 -2.4676888 ]]
[[-2.4725633  -2.49985344 -2.44346655]]
[[-2.4489619  -2.48924411 -2.49766732]]
[[-2.4880299  -2.44758592 -2.47853175]]
[[-2.48360004 -2.46656894 -2.46750577]]
[[-2.47742033 -2.47847864 -2.46001529]]
[[-2.49425079 -2.47930188 -2.4454804 ]]
[[-2.49906379 -2.45833037 -2.48573311]]
[[-2.48388948 -2.49578502 -2.44977739]]
[[-2.47819652 -2.47950611 -2.49068399]]
[[-2.43712043 -2.49774503 -2.49666758]]
[[-2.49246623 -2.48466765 -2.49327456]]
[[-2.49899206 -2.48064714 -2.45011764]]
[[-2.49351661 -2.45285568 -2.46556786]]
[[-2.44754584 -2.48467862 -2.49762217]]
[[-2.46177211 -2.49616344 -2.48448681]]
[[-2.49854003 -2.49311335 -2.49379597]]
[[-2.49378511 -2.49131127 -2.43631153]]
[[-2.48521982 -2.4333738  -2.49856312]]
[[-2.47440834 -2.4839036  -2.46794959]]
[[-2.4748925  -2.46147308 -2.49347146]]
[[-2.47508503 -2.46493165 -2.48001557]]
[[-2.49729225 -2.44045346 -2.49640212]]
[[-2.49496095 -2.46567464 -2.48191981]]
[[-2.47022273 -2.49098755 -2.48154909]]
[[-2.48499311 -2.49708834 -2.43364373]]
[[-2.47542876 -2.47228165 -2.46713325]]
[[-2.46980399 -2.47903794 -2.47671891]]
[[-2.44317023 -2.49690379 -2.4886265 ]]
[[-2.47682708 -2.49453302 -2.47661957]]
[[-2.4861007  -2.4833616  -2.47437516]]
[[-2.4891582  -2.49710169 -2.45713438]]
[[-2.4932999  -2.48384444 -2.49590962]]
[[-2.48721315 -2.49692743 -2.46889604]]
[[-2.47864099 -2.46740296 -2.49380324]]
[[-2.47123652 -2.49407032 -2.44562994]]
[[-2.48845022 -2.47435983 -2.49645368]]
[[-2.48853855 -2.45343835 -2.47354177]]
[[-2.47141792 -2.46701563 -2.48136256]]
[[-2.4769707  -2.46412145 -2.4853664 ]]
[[-2.47583334 -2.45730475 -2.48712436]]
[[-2.47292152 -2.49097108 -2.46368216]]
[[-2.49219408 -2.45399176 -2.4884935 ]]
[[-2.4857718  -2.48320492 -2.49352842]]
[[-2.49605751 -2.4757994  -2.44593371]]
[[-2.48924149 -2.47938034 -2.47124537]]
[[-2.48414284 -2.45083858 -2.49787252]]
[[-2.4999163  -2.44490683 -2.49415664]]
[[-2.49183335 -2.49710645 -2.42207498]]
[[-2.4733535  -2.49426554 -2.44717711]]
[[-2.48858681 -2.4310068  -2.49561722]]
[[-2.45533396 -2.49506424 -2.47816848]]
[[-2.48189201 -2.45080034 -2.49305662]]
[[-2.47847328 -2.43557819 -2.49852877]]
[[-2.43232367 -2.48887541 -2.49037893]]
[[-2.48232819 -2.49861688 -2.43623167]]
[[-2.46033355 -2.47325012 -2.48526311]]
[[-2.48768979 -2.46030802 -2.49751815]]
[[-2.43264457 -2.49732696 -2.4944624 ]]
[[-2.45579699 -2.47786057 -2.49431645]]
[[-2.48844082 -2.45402363 -2.47391111]]
[[-2.49168905 -2.47635319 -2.45871083]]
[[-2.49616825 -2.44967744 -2.46858118]]
[[-2.47349451 -2.48224745 -2.46017462]]
[[-2.4847104  -2.49988219 -2.49680388]]
[[-2.48395519 -2.46872729 -2.47540971]]
[[-2.47999345 -2.47337888 -2.48090274]]
[[-2.49023936 -2.4788047  -2.45007152]]
[[-2.4765029  -2.48902872 -2.47272904]]
[[-2.47943757 -2.49105815 -2.48467368]]
[[-2.48544923 -2.44447412 -2.48341161]]
[[-2.4367796  -2.49331794 -2.49671136]]
[[-2.4910289  -2.44235196 -2.49394025]]
[[-2.48194238 -2.48980283 -2.48906788]]
[[-2.44159186 -2.48489262 -2.48485724]]
[[-2.46830592 -2.49142548 -2.47703927]]
[[-2.48849714 -2.42777354 -2.49603277]]
[[-2.48102523 -2.49890391 -2.49083345]]
[[-2.48605025 -2.49439663 -2.44707095]]
[[-2.48135609 -2.48432313 -2.49884976]]
[[-2.4899574  -2.4992403  -2.46043751]]
[[-2.46629337 -2.48067786 -2.47797641]]
[[-2.46950996 -2.4970174  -2.48672247]]
[[-2.43579347 -2.48677264 -2.4943204 ]]
[[-2.4445532  -2.48044437 -2.49057974]]
[[-2.49875352 -2.47605091 -2.48581549]]
[[-2.49845962 -2.45321167 -2.46246346]]
[[-2.44290066 -2.47914038 -2.49311789]]
[[-2.46504328 -2.47074189 -2.48321842]]
[[-2.45581088 -2.4783716  -2.48932523]]
[[-2.48741152 -2.48933584 -2.48006847]]
[[-2.48307048 -2.49916181 -2.4731543 ]]
[[-2.49947828 -2.49376496 -2.44552863]]
[[-2.45522605 -2.46627221 -2.49676395]]
[[-2.49478985 -2.47582626 -2.48337452]]
[[-2.49093514 -2.47506536 -2.49671715]]
[[-2.48696192 -2.49171941 -2.49354376]]
[[-2.49936377 -2.4908309  -2.4210312 ]]
[[-2.49045875 -2.48881213 -2.48542439]]
[[-2.48535153 -2.49714212 -2.46307923]]
[[-2.46178781 -2.48800872 -2.46703362]]
[[-2.42749737 -2.49450291 -2.49011419]]
[[-2.45766684 -2.48337427 -2.47946312]]
[[-2.49320765 -2.48227194 -2.48388732]]
[[-2.47452521 -2.49248187 -2.48426582]]
[[-2.44232815 -2.49896766 -2.48831824]]
[[-2.49722655 -2.43218443 -2.48688983]]
[[-2.48797758 -2.48773375 -2.47513453]]
[[-2.43280086 -2.49439033 -2.4990607 ]]
[[-2.48295265 -2.49567027 -2.45399964]]
[[-2.49518542 -2.44072861 -2.47847684]]
[[-2.49742163 -2.4973723  -2.45615297]]
[[-2.49707544 -2.44519733 -2.4896119 ]]
[[-2.46897423 -2.4776745  -2.48020293]]
[[-2.4751461  -2.45712321 -2.48396985]]
[[-2.4504482  -2.4879586  -2.49259464]]
[[-2.49992238 -2.45432015 -2.48392727]]
[[-2.47366159 -2.48428823 -2.49170081]]
[[-2.49621013 -2.43023505 -2.48543264]]
[[-2.47263232 -2.45467601 -2.48949523]]
[[-2.48958184 -2.45755202 -2.49318313]]
[[-2.49623091 -2.49876688 -2.42106304]]
[[-2.45063834 -2.49490342 -2.4698379 ]]
[[-2.49732303 -2.43220107 -2.49713108]]
[[-2.48555221 -2.4685612  -2.48033216]]
[[-2.43581306 -2.49837453 -2.48083734]]
[[-2.48099365 -2.46883334 -2.46761993]]
[[-2.48300402 -2.44941361 -2.49994944]]
