[[0.02394765 0.00316223 0.00422431 0.00101694]]
[[0.02357029 0.0061689  0.01311878 0.006907  ]]
[[0.02399524 0.00791621 0.02111282 0.01165319]]
[[0.02374076 0.01864355 0.01759476 0.01448562]]
[[0.0239862  0.01077228 0.01574877 0.00686766]]
[[0.02318794 0.00518207 0.01448149 0.00304041]]
[[0.02392778 0.00863328 0.02002959 0.0086271 ]]
[[0.02392364 0.02115029 0.00875484 0.00734779]]
[[0.02353949 0.00790042 0.00309278 0.002039  ]]
[[0.02396841 0.00698819 0.01064778 0.00292693]]
[[0.0236443  0.00247176 0.01425824 0.00320999]]
[[0.02369957 0.00892185 0.02019477 0.00925107]]
[[0.02381263 0.00175612 0.02295909 0.00216553]]
[[0.02373285 0.0114459  0.01740907 0.00808747]]
[[0.0238898  0.00189783 0.02056893 0.00263463]]
[[0.02375066 0.01889673 0.0058781  0.00502412]]
[[0.02347513 0.01658875 0.01593775 0.00744481]]
[[0.02389421 0.01592313 0.00469587 0.00492597]]
[[0.02380171 0.017052   0.00475706 0.00565673]]
[[0.02372642 0.01997569 0.0151363  0.02158662]]
[[0.02393981 0.01131602 0.01334717 0.01064426]]
[[0.02389887 0.01378793 0.02189178 0.01630529]]
[[0.02383717 0.0108384  0.01073128 0.00748589]]
[[0.02390287 0.0119586  0.00473193 0.00308662]]
[[0.02398922 0.00643846 0.00795896 0.00250179]]
[[0.02391873 0.00216928 0.0044505  0.00151758]]
[[0.02396074 0.00224988 0.01230967 0.00167964]]
[[0.02382575 0.00652927 0.00205565 0.00130786]]
[[0.02386977 0.00749943 0.00592407 0.00561386]]
[[0.02368355 0.00763282 0.00824347 0.00562388]]
[[0.02344416 0.01022538 0.01856328 0.00873348]]
[[0.02381088 0.00780433 0.01467654 0.00424798]]
[[0.02334332 0.0028742  0.02120024 0.0059012 ]]
[[0.02378024 0.00298876 0.0110348  0.00199432]]
[[0.02378622 0.00740548 0.01834839 0.00583747]]
[[0.02398579 0.01635068 0.02111201 0.02236649]]
[[0.02380123 0.00414459 0.01766831 0.00502624]]
[[0.02388866 0.00821893 0.0071794  0.00507384]]
[[0.02372849 0.01013155 0.0166387  0.00838323]]
[[0.02399827 0.00436419 0.01984696 0.00444103]]
[[0.02380275 0.00369269 0.01302567 0.00413442]]
[[0.02391326 0.00478805 0.00658941 0.0029959 ]]
[[0.02370541 0.00576976 0.00978344 0.0033244 ]]
[[0.02388268 0.02298342 0.0068284  0.0111503 ]]
[[0.02386733 0.0173345  0.01814398 0.01164132]]
[[0.02399988 0.01142547 0.00574043 0.00573224]]
[[0.02386772 0.00143642 0.01215658 0.00115062]]
[[0.02396463 0.00823433 0.01196375 0.00668487]]
[[0.02367757 0.01756562 0.01250881 0.01046979]]
[[0.02383846 0.02224285 0.00483543 0.00527501]]
[[0.0236954  0.00856601 0.00363738 0.0019722 ]]
[[0.02399436 0.00677906 0.01292152 0.00422   ]]
[[0.02386601 0.00822946 0.00557598 0.00281564]]
[[0.02338787 0.01500625 0.00270458 0.00351708]]
[[0.02350221 0.00805993 0.0147739  0.00822155]]
[[0.02395974 0.02120771 0.00970377 0.0121597 ]]
[[0.02369829 0.01744193 0.00830956 0.00575632]]
[[0.02397272 0.00692033 0.01316783 0.00392123]]
[[0.02398539 0.0056154  0.00816075 0.00341466]]
[[0.02378132 0.00843444 0.00517654 0.0026197 ]]
[[0.0233259  0.01414647 0.00569212 0.00673471]]
[[0.02397217 0.00810971 0.02172036 0.00648886]]
[[0.02367876 0.00845233 0.01743464 0.00965482]]
[[0.02376534 0.00943895 0.01799916 0.00933979]]
[[0.02348442 0.01338345 0.01362144 0.01521083]]
[[0.02360051 0.01870671 0.02336929 0.02073809]]
[[0.02380531 0.01111373 0.00982927 0.00607262]]
[[0.02363206 0.01095719 0.0181655  0.00951614]]
[[0.02392435 0.01769178 0.01054977 0.01448722]]
[[0.02383216 0.01412544 0.00335679 0.00280961]]
[[0.02360297 0.00614768 0.00633173 0.00531555]]
[[0.02374502 0.01141075 0.01013408 0.00881219]]
[[0.02391867 0.02058689 0.01217004 0.01719689]]
[[0.02383144 0.00658655 0.00763005 0.00174079]]
[[0.02388952 0.00312665 0.01044168 0.00396373]]
[[0.02381657 0.01669624 0.01181282 0.00684969]]
[[0.02352288 0.01161257 0.00371521 0.0023993 ]]
[[0.02380448 0.01966168 0.00657306 0.00700315]]
[[0.02396487 0.01533896 0.01078884 0.00784165]]
[[0.02345889 0.01969925 0.01112347 0.01182143]]
[[0.02339714 0.01128073 0.00423866 0.00361441]]
[[0.02398961 0.00361419 0.01274939 0.00234034]]
[[0.02356595 0.01910119 0.01074972 0.01103879]]
[[0.02373114 0.0035627  0.00864541 0.00257978]]
[[0.02396971 0.00275531 0.020645   0.00333273]]
[[0.02384205 0.0018883  0.00543502 0.00115328]]
[[0.02388768 0.01036323 0.00180332 0.00127987]]
[[0.02363101 0.0116487  0.00606477 0.00349805]]
[[0.0239791  0.01560062 0.00862982 0.00858148]]
[[0.02387201 0.00443034 0.00310381 0.00124917]]
[[0.02399566 0.00275579 0.01720558 0.00250315]]
[[0.0237848  0.00660293 0.01015036 0.00329191]]
[[0.02354813 0.01343483 0.0222502  0.01906617]]
[[0.02346143 0.01566734 0.01089832 0.00539623]]
[[0.0239558  0.02064961 0.01216973 0.01427622]]
[[0.02385439 0.02025057 0.00655353 0.00444867]]
[[0.02355275 0.0117786  0.0196687  0.00990139]]
[[0.02338522 0.01872105 0.02259077 0.02062326]]
[[0.02342283 0.00817602 0.01945127 0.00847521]]
[[0.02383888 0.01258948 0.00280059 0.00229005]]
[[0.02331665 0.00168992 0.00998685 0.0016118 ]]
[[0.02381918 0.00367362 0.01061219 0.00358439]]
[[0.02351081 0.00819039 0.00503664 0.00350139]]
[[0.02396304 0.00709128 0.01413252 0.00462027]]
[[0.02394802 0.00269288 0.00440427 0.00115396]]
[[0.02361844 0.00445856 0.01135787 0.00273509]]
[[0.02388612 0.00172913 0.0165846  0.00208376]]
[[0.02386705 0.01457511 0.00375562 0.00256744]]
[[0.02396306 0.00257851 0.01422856 0.00491912]]
[[0.02387178 0.00725949 0.02110901 0.01173672]]
[[0.02374583 0.01267118 0.02039009 0.01774876]]
[[0.02325345 0.00126279 0.01977751 0.00136807]]
[[0.02376185 0.00418082 0.01334249 0.00464252]]
[[0.0239024  0.00371941 0.02219407 0.00393901]]
[[0.02399912 0.01066181 0.00664786 0.00456067]]
[[0.02354439 0.00334405 0.01616308 0.00568668]]
[[0.02366375 0.00414016 0.00509756 0.00160917]]
[[0.02395637 0.01112807 0.01042208 0.00990473]]
[[0.02376518 0.00227888 0.0074134  0.0016563 ]]
[[0.02391506 0.01968747 0.01777704 0.01455934]]
[[0.02383718 0.01684878 0.00791651 0.00693474]]
[[0.02393189 0.00724597 0.00689501 0.00371376]]
[[0.02394928 0.00390507 0.00806885 0.00218366]]
[[0.02377526 0.00232538 0.00616802 0.00113683]]
[[0.02383583 0.00406703 0.02261229 0.00423725]]
[[0.02354913 0.02134356 0.01469639 0.01196747]]
[[0.02387902 0.00177239 0.009146   0.0013274 ]]
[[0.02394381 0.00458042 0.02255035 0.00513571]]
[[0.02370314 0.01995388 0.00967824 0.01092189]]
[[0.02314271 0.00705496 0.01119883 0.00364489]]
[[0.02399503 0.02170619 0.01051932 0.02270181]]
[[0.02353081 0.01093989 0.01225653 0.0094749 ]]
[[0.023556   0.01436196 0.01485755 0.00713636]]
[[0.02371715 0.00824187 0.01689782 0.00862653]]
[[0.02350537 0.00856762 0.00832527 0.00331409]]
[[0.02375711 0.01391245 0.01154487 0.00710174]]
[[0.02369665 0.00546439 0.0116603  0.00395991]]
[[0.02337745 0.00907301 0.00461097 0.0023053 ]]
[[0.02370074 0.0038332  0.00162515 0.000997  ]]
[[0.02384628 0.01107369 0.00705424 0.00680113]]
[[0.02377107 0.01176033 0.01083701 0.00787509]]
[[0.02392784 0.01634039 0.01010646 0.00888768]]
[[0.02368979 0.02094033 0.00604257 0.00878803]]
[[0.02327674 0.01275536 0.00148298 0.00227498]]
[[0.02388976 0.00895548 0.0034975  0.00580721]]
[[0.02394474 0.00570407 0.00287454 0.00144519]]
[[0.02393839 0.0237264  0.00243259 0.00379587]]
[[0.02382345 0.00419027 0.00962501 0.00221452]]
[[0.02354327 0.01787299 0.0074781  0.00955139]]
[[0.02320399 0.00145382 0.01329831 0.00152082]]
[[0.02386779 0.00435096 0.00580405 0.00180589]]
[[0.02381115 0.00623918 0.00488909 0.00142542]]
[[0.02361431 0.01095925 0.00647977 0.0025632 ]]
[[0.02356955 0.00744177 0.01554545 0.00461212]]
[[0.02396042 0.00830326 0.0092391  0.00706317]]
[[0.02364292 0.00637955 0.00200377 0.00102201]]
[[0.02393983 0.02175137 0.00743026 0.01024506]]
[[0.02374074 0.01210759 0.01561201 0.00623147]]
[[0.02391553 0.00922679 0.00347817 0.00195442]]
[[0.0236894  0.02390169 0.00219143 0.00520357]]
