[[ 2.02404091 -2.49618983  2.4566842 ]
 [-1.91131381  0.82536943  0.75174929]]
[[ 1.51789965  2.10863122  2.35017452]
 [-0.04223171  2.02012987 -1.34815049]]
[[-2.05271126  0.10744805  2.04868473]
 [ 0.27473272  1.5566686   0.19467707]]
[[ 0.97652282 -1.43362861  0.88638969]
 [-1.63323973  1.97157239  1.23805426]]
[[ 1.89530629  1.59190971  2.46754291]
 [ 1.52059144  2.0277708  -1.45567751]]
[[ 1.90978791  2.00119178  2.13239718]
 [ 2.09724166 -0.09070844  0.35595718]]
[[ 1.17928596  1.54322382 -0.85455847]
 [ 1.83516658  2.02592131 -1.99993816]]
[[ 1.36738337  1.60624552  1.1835755 ]
 [ 0.61867704  0.9198747  -0.21824433]]
[[ 1.86277121  0.68995606  0.48189387]
 [-0.9015304   2.1569144   0.4462725 ]]
[[ 1.81439615  0.32583267 -1.55784449]
 [ 1.2697126   2.37269761  0.9015357 ]]
[[-0.83771246  0.21507672  2.24943756]
 [ 0.77277652 -0.52354799  2.04449674]]
[[ 1.57272109 -1.11037295  1.60559608]
 [-0.64865106  2.20573281  1.95780664]]
[[ 0.75066082  0.36460103  0.66917396]
 [ 2.41283281 -1.14398503 -0.36989645]]
[[ 2.2431424   1.3394576  -1.39330447]
 [ 1.83302868 -1.45118912  0.17930916]]
[[-0.30047283  1.62329423 -0.34787402]
 [ 0.51551762  0.9678906   0.5408651 ]]
[[ 1.89710346  0.66854996 -1.06841967]
 [ 0.57540636 -1.18814867  2.03669176]]
[[ 1.03407317 -1.85127343  0.98707259]
 [-0.59048329  2.36006424  1.71631675]]
[[-0.34766167  2.18072477  1.81033763]
 [-1.61455975  0.15011518  1.93074093]]
[[ 2.26003812 -1.53680494  1.63097397]
 [ 2.18581687 -1.27991913  1.69656704]]
[[-0.10864478  1.2897669   1.17373457]
 [-2.36050406  0.63389367  1.9747189 ]]
[[-1.53122357  1.36331976  1.41078986]
 [-0.84300774  2.16789582  2.34438766]]
[[-1.17348005  1.52364084  2.44557638]
 [-0.19310707 -0.25804089  0.93903259]]
[[-1.88658708  1.78721949  0.72468682]
 [ 0.53198805 -1.0554981   0.87457373]]
[[-0.80531496  0.38286737  1.34454747]
 [ 0.29309609  2.25657412 -0.57820701]]
[[ 1.64033289 -2.42420341  1.98435445]
 [-2.0699779   1.46529658  0.7749959 ]]
[[ 1.16363527  0.09331919  0.59478959]
 [-0.56266381  2.39529515 -0.57855767]]
[[ 0.57873863 -0.58262675  2.44722426]
 [-2.20598319  0.55108571  2.31053626]]
[[ 2.11466217  0.28448    -0.11537628]
 [ 1.62952054 -1.87589383  2.4717115 ]]
[[ 2.49698311 -1.7232851   0.531865  ]
 [-0.8227044  -0.32442914  2.44837673]]
[[ 1.21326827  0.23587072  1.6906436 ]
 [-2.4056457   1.99526755  1.88704556]]
[[0.97721753 0.62356732 1.11910604]
 [1.87433176 0.83710019 1.93999768]]
[[ 0.68092357  0.66915057 -0.10586657]
 [ 1.44589732 -0.50737634 -0.58738204]]
[[ 1.52056709  1.74651795 -1.7091549 ]
 [ 0.60673643  2.07589546  0.39432713]]
[[ 1.29277238  1.47320728 -1.10480497]
 [ 1.69271302  2.48218021  1.44131947]]
[[ 1.07749017  2.28663278  0.27193551]
 [-1.19551529  1.68208497  1.52994202]]
[[-0.50380917  0.6280561   0.95118027]
 [ 0.24992021  2.19997008 -2.30876942]]
[[ 1.63987352  1.47536925  0.2702031 ]
 [ 2.14765559  1.08410371 -0.4012302 ]]
[[1.4711916  1.74836999 1.15134104]
 [0.33881806 1.75460568 0.84632415]]
[[0.43344095 2.22587339 0.16917807]
 [0.58350811 0.64144342 0.98199456]]
[[ 0.49511823 -2.23952166  1.31442064]
 [ 0.21675804  1.25134658  1.41172853]]
[[0.44933129 0.09342458 2.02136115]
 [0.2707009  1.87263958 1.50597758]]
[[ 1.04836107  1.63647548 -0.83337169]
 [ 1.20961174  0.21228257  0.41135775]]
[[ 0.75592108  0.18773572 -0.61997939]
 [ 1.8884374   1.39475345  1.72344689]]
[[ 0.87037079 -0.59842233  1.72490365]
 [ 1.16256189  0.67363614 -1.69921039]]
[[0.92895001 0.89330297 0.4387624 ]
 [2.06076092 0.12344271 0.94300234]]
[[ 1.08821957  1.22529005  0.99610823]
 [-0.3923175  -0.27963463  1.73481575]]
[[-0.25380287  0.62264805  1.68603496]
 [-0.67805621  0.58693534  1.27968201]]
[[2.26711154 1.8453832  1.96164943]
 [1.76034243 0.36892781 0.21229677]]
[[-0.73889719  1.03741859  2.04087677]
 [-1.24315041  2.05831042  2.32441687]]
[[ 2.32282207  0.61274587  1.42350104]
 [ 1.41456083 -1.89537315  2.11806916]]
[[ 1.32635591 -2.122145    0.80347928]
 [ 1.29477315 -0.68949161  2.4422909 ]]
[[ 0.92296681 -0.87872444  2.05865485]
 [-1.55418505  0.75103615  0.96707407]]
[[ 1.33979786  0.10268158 -1.07518875]
 [-1.47720379  1.11253132  1.37592868]]
[[ 0.1279226   2.06381493  2.39016911]
 [-1.4620696   0.74348601  2.45674302]]
[[-2.42134794  2.19219414  1.16757186]
 [-0.60391078  1.27356559  0.06912642]]
[[ 1.59174514 -0.08074903  2.10677547]
 [ 1.59436947  0.21648859  0.44171126]]
[[-1.20711251  0.10457673  1.79076045]
 [ 1.19308343  1.37085638  2.46920088]]
[[-1.41511778 -0.12346255  2.36212347]
 [-0.1206585  -0.29679488  0.85095797]]
[[ 1.603704    1.27986191 -2.45883942]
 [ 1.00531087 -0.72110616  2.05427877]]
[[ 1.42052403 -2.1192261   1.46300211]
 [ 1.90767049 -0.1540509   2.36996506]]
[[ 2.48653057  1.77080694 -0.45148015]
 [ 1.21895244  0.87799486  2.46257642]]
[[ 2.2923001  -0.92015364  1.00775895]
 [ 1.0955723  -0.50182671  2.27695765]]
[[ 1.13129747  0.25159124  1.66294799]
 [ 1.00428555  2.13968625 -0.77537323]]
[[-2.48174029  1.02683642  0.94664089]
 [-2.44079575  1.49211095  1.26058858]]
[[ 1.09628705 -0.15962704  2.29365094]
 [-1.55811396  2.43947177  0.11767872]]
[[-1.50559353  1.44302018  0.95735314]
 [ 0.11724547  2.12377294  0.20790596]]
[[ 0.31831332 -0.34618345  0.34698077]
 [ 2.34692566  1.97501306 -0.97581154]]
[[ 1.35175966 -1.34146687  2.19023208]
 [-0.22617015  0.53118418  1.31621988]]
[[ 1.83861069  1.31054385  1.73310303]
 [-0.28790324 -0.82880677  1.625051  ]]
[[ 2.03392451  0.90222699 -1.38875377]
 [ 2.22844581  1.74743027 -0.64377521]]
[[-0.75228054 -0.20768133  1.41695622]
 [ 1.67707039 -1.03550117  2.40139536]]
[[-0.44872284  1.62402239 -0.89914452]
 [ 2.45179559  1.94316391 -0.5741958 ]]
[[ 1.53383777  1.26573747  1.68878846]
 [-0.35211643  2.45609221  1.8984465 ]]
[[ 1.88998183  1.72936914  0.75630472]
 [ 0.02602949 -1.00754858  2.22581826]]
[[ 1.27341773  1.31340549  0.27269626]
 [-1.06901972  1.11308343  2.30732327]]
[[-0.12534886  1.69753307 -0.62111498]
 [-0.31116056  1.51007125  0.69528726]]
[[ 2.38671951 -2.2289768   0.07409411]
 [-1.5416633   1.4784935   0.92381546]]
[[0.0596892  1.20570092 1.38094353]
 [1.94574824 2.028674   2.19809715]]
[[ 6.22918558e-01  2.34117249e+00  1.93222176e+00]
 [ 8.63838766e-01 -4.23974562e-04  1.27109121e+00]]
[[-0.93336871  1.74057761 -0.48347578]
 [ 0.55967252  0.07477697 -0.41079493]]
[[ 0.83255475  2.37717068 -0.7547018 ]
 [ 1.31421644  0.23670367  0.14152337]]
[[-1.26579179  1.22095411  0.84223693]
 [ 2.27277204 -0.20051913  1.0478128 ]]
[[ 0.13635398  2.37917849  0.05664375]
 [ 1.26213282  0.2824211  -1.6977595 ]]
[[ 2.29652867 -2.36359573  1.46192307]
 [ 0.40862891  1.45871684  2.38161518]]
[[ 0.78525733  1.51146631  1.26193005]
 [ 2.4166681  -0.22418943  0.04523824]]
[[ 1.34211252 -1.20811098  2.20526206]
 [ 1.23176821 -0.53351523 -0.5397469 ]]
[[ 1.21877011 -0.34361124  0.77830066]
 [-2.37342369  0.01898328  2.31167115]]
[[ 0.76105407  0.43244397 -0.24547145]
 [ 1.32516445  1.11971083  2.21815878]]
[[-0.58312953  2.46206357  0.17349602]
 [ 0.14684415 -1.00533542  1.11366321]]
[[-2.47318094  0.64472255  1.5527946 ]
 [ 1.69317636  2.08216918  2.33730422]]
[[ 1.43287213 -2.19573832  2.33493495]
 [-0.67982247  1.89148509  0.26559054]]
[[ 2.35331183  1.74114652 -0.64945949]
 [ 0.46420792 -0.25710277  2.39598732]]
[[-0.11388    -0.05538468  0.3081906 ]
 [ 2.34911146 -2.17177978  2.3912304 ]]
[[ 2.32613014  0.8093191   0.29965024]
 [ 0.17978675 -0.16644257  0.88374429]]
[[-0.97646963  1.47840762  0.26222908]
 [ 1.66720603  1.01976341 -1.67142214]]
[[ 1.33243325  2.34686074 -1.31182524]
 [ 1.15967871  0.54470619  1.42489799]]
[[ 0.53411062  0.38942511 -0.72743514]
 [ 0.00111117  0.12712245  0.09359602]]
[[-0.53394757 -0.10366049  1.78101491]
 [-0.22137368  1.9049515  -0.37977956]]
[[ 0.44986313 -0.2974354   0.10184399]
 [-2.28992503  1.59631439  2.27643554]]
[[ 1.49917169 -1.51668792  1.2268467 ]
 [-1.3347427   2.29638403  1.08848174]]
[[ 1.63013435 -2.01237722  0.9380865 ]
 [ 1.1896224  -0.76561601  2.08373084]]
[[ 0.81743962  1.26218558 -1.53970144]
 [ 0.29594114  1.95152996  2.06000166]]
[[ 0.99421469  0.44987462  1.8383109 ]
 [-1.21494533  1.44717451  2.43350802]]
[[ 2.19484668 -1.70717794  1.38677934]
 [ 1.71093845  0.67898242  1.09641149]]
[[ 0.24812052  2.23451993 -0.58450546]
 [ 2.26163225 -1.31840054  2.05858251]]
[[ 0.78735929 -1.06179081  0.97240311]
 [ 2.18810532  1.10200238  1.14731614]]
[[ 1.08501802 -2.38495566  1.98627182]
 [ 1.52064877 -2.48592629  1.06072098]]
[[ 1.82057979 -0.35827746  1.45847886]
 [ 0.23293043  1.81348016 -2.25174601]]
[[-2.00349048  1.55746891  2.042293  ]
 [ 2.34448271  1.08284921  1.78470077]]
[[ 2.08590419 -1.31390141  1.38088029]
 [ 2.39913351  1.76319763 -0.25396069]]
[[ 1.69409435  1.53966114 -1.96099782]
 [-1.74463514  1.67881701  1.67968336]]
[[ 0.50616068  1.55325897 -2.49141355]
 [ 1.20050708  1.03633859  0.82556507]]
[[-1.69394812  0.54670059  1.616406  ]
 [-0.5124028   1.32907035  1.26748539]]
[[ 0.27839321 -0.65615211  1.40663991]
 [-0.15675043  0.80378497  0.73471708]]
[[ 2.47594276  1.32126491 -1.51316761]
 [ 0.07560064  0.1898369   1.04585549]]
[[ 1.24356364  1.59271712  0.81198518]
 [ 1.80810456  2.32706916 -0.94722274]]
[[-0.23464121 -1.25061642  1.68940032]
 [-1.41402526  2.07489661  2.45798801]]
[[ 2.41553782  1.90899413  1.41331192]
 [ 1.06105388 -1.60195223  0.52687098]]
[[-1.98162483  1.27790397  1.69726516]
 [ 2.40322285  0.205971    0.55647756]]
[[-0.13052871  0.27435787  0.69980829]
 [ 2.18640477 -1.92871942  2.41656375]]
[[ 2.46888189  1.43891156  0.47429541]
 [ 1.7575903  -0.78803526  0.5757988 ]]
[[-0.83718171  1.4728658   2.0323504 ]
 [ 0.3025781   0.508747   -0.34147597]]
[[-0.165867   -1.15934752  1.4778592 ]
 [ 1.35146594 -2.05039489  1.90773916]]
[[ 1.05293235 -2.37558674  0.75592272]
 [ 2.11429393 -1.88571234  1.70829139]]
[[ 0.32744706  1.92456196 -1.66611395]
 [ 0.39450491  2.40921402 -1.54643176]]
[[-0.69088336  0.86164218  0.86237765]
 [ 0.56718332  1.61073684 -0.55185447]]
[[ 1.1614675  -1.42648077  0.87439627]
 [ 2.29760234 -1.28367331  2.36910296]]
[[ 0.67770945  1.39498841  0.02732598]
 [-0.26722378  0.21768391  0.45121273]]
[[ 0.30819139 -0.71643525  0.85537332]
 [ 0.46823641 -1.41340458  1.23064608]]
[[ 1.68164606  1.49159375 -1.8644103 ]
 [ 2.45851655 -2.0934622   0.31318783]]
[[ 1.63772266 -2.3821538   1.2248325 ]
 [ 1.09441591  1.99996995 -0.79139102]]
[[ 1.25497753  2.37464585 -1.49835026]
 [-0.96498461  1.69275079 -0.15720597]]
[[ 0.82172117  2.00313704  1.82628032]
 [ 0.26142258 -0.07321214  0.72859349]]
[[-0.25433841  1.34676991 -0.46412472]
 [ 1.97127178 -0.91239028  1.95271005]]
[[ 0.02060861  0.94029485 -0.59745054]
 [ 1.51624546 -0.83591449  1.73573553]]
[[ 0.04293735 -0.63484542  1.67332344]
 [ 1.66182131  1.63194578 -0.95485146]]
[[ 0.2097182   0.8398505   1.12293189]
 [-0.43559923  1.3187323   1.42922715]]
[[ 0.56895393 -0.19804162  2.41498663]
 [ 2.34378793 -1.44814528  1.2017055 ]]
[[ 1.98577025 -0.81614546  0.07430009]
 [ 2.26871068  1.90921503  0.93533732]]
[[-0.50818965  0.06929491  0.95534685]
 [ 0.11706231  1.32558808  0.90408074]]
[[ 0.89243033 -0.02547925 -0.03345219]
 [-0.15409334 -1.15774082  1.89817007]]
[[-0.8029089   2.02271304  1.88755888]
 [-1.73635583  1.32045932  0.4174126 ]]
[[ 1.32720329  1.08791512 -0.48705163]
 [ 1.28755186  0.88106727  0.06325453]]
[[-2.01594803  0.6545418   1.83389044]
 [ 1.28185826  0.12877049  0.2007221 ]]
[[ 0.28081323  2.31858471 -0.86785691]
 [ 0.32615083 -1.93288778  2.41860321]]
[[ 1.46058127  0.32173282 -0.12957435]
 [-1.09347952  0.92803955  0.36551767]]
[[ 1.65815741  1.2311087   2.32295235]
 [-2.23614632  0.36515906  1.81257259]]
[[-2.29488549  0.80428662  0.96378196]
 [ 2.12181685  1.37763753  2.28967329]]
