[[0.02375888 0.00228925 0.02218983 0.00519584]]
[[0.02390535 0.00692569 0.0034354  0.00158162]]
[[0.02348561 0.01325505 0.01209831 0.01267531]]
[[0.02388027 0.00754675 0.01639834 0.00427108]]
[[0.02372552 0.01449061 0.0019565  0.00282987]]
[[0.02365466 0.00542782 0.01666178 0.00641486]]
[[0.02360568 0.01074058 0.01161083 0.0084728 ]]
[[0.02399539 0.00341542 0.01676021 0.0052162 ]]
[[0.02382383 0.00186007 0.00465714 0.00097241]]
[[0.02362784 0.00303881 0.00282885 0.00128519]]
[[0.02389506 0.01514156 0.02181552 0.01217326]]
[[0.02383284 0.01069667 0.00568085 0.00406401]]
[[0.02381846 0.01022764 0.0150591  0.00829179]]
[[0.0235135  0.01087063 0.02021106 0.0158221 ]]
[[0.0237579  0.00196513 0.01729372 0.0024409 ]]
[[0.02396905 0.01822372 0.00867602 0.01212434]]
[[0.02358414 0.02354551 0.01278861 0.01200764]]
[[0.02347059 0.022281   0.01823535 0.01614172]]
[[0.02360938 0.01321612 0.01345784 0.01173273]]
[[0.02357279 0.00826455 0.00772261 0.00335422]]
[[0.02371716 0.01642838 0.00648159 0.00495991]]
[[0.02389726 0.01135713 0.00544377 0.00464078]]
[[0.0233701  0.02101396 0.00594227 0.0101128 ]]
[[0.0239451  0.00408388 0.00910917 0.00312344]]
[[0.0236521  0.01311036 0.01020645 0.0063902 ]]
[[0.02368585 0.00445609 0.02155779 0.00729512]]
[[0.02369183 0.01204378 0.01472458 0.00969375]]
[[0.02372129 0.01679097 0.01785534 0.01985438]]
[[0.02377824 0.01407431 0.009099   0.00625366]]
[[0.02393444 0.01162707 0.0168019  0.00892708]]
[[0.02377651 0.01293193 0.01213804 0.00879258]]
[[0.02370538 0.01115296 0.0167753  0.00988995]]
[[0.02376745 0.01180187 0.01361559 0.00981235]]
[[0.02376897 0.00937315 0.01013422 0.0066153 ]]
[[0.02367692 0.02003658 0.01190963 0.01701678]]
[[0.02376319 0.00588115 0.01499908 0.00731517]]
[[0.02392722 0.00865624 0.01512807 0.00582806]]
[[0.02380626 0.01028341 0.01525803 0.00767139]]
[[0.02385411 0.01390775 0.00523379 0.00674572]]
[[0.02342818 0.00902285 0.00578176 0.00431407]]
[[0.02392226 0.01972237 0.00744403 0.01227307]]
[[0.02396639 0.00434655 0.02385544 0.01041146]]
[[0.02378417 0.01029965 0.01947414 0.01042945]]
[[0.02396797 0.01990582 0.00401363 0.00644449]]
[[0.02362608 0.01121936 0.02393184 0.01079515]]
[[0.02331598 0.00992267 0.01369428 0.00767428]]
[[0.02380383 0.01352338 0.01290548 0.00956987]]
[[0.02376807 0.00168827 0.01084418 0.00236106]]
[[0.02396233 0.00303993 0.00370756 0.00140776]]
[[0.02368021 0.01024922 0.01174854 0.01048747]]
[[0.0239906  0.0094889  0.01001293 0.00637261]]
[[0.02389597 0.01719915 0.01108852 0.0115383 ]]
[[0.02376092 0.00601104 0.01367188 0.0060978 ]]
[[0.02349872 0.00215078 0.0132045  0.00355037]]
[[0.02365435 0.02083239 0.00165834 0.00494616]]
[[0.02392582 0.02160643 0.00518189 0.0087105 ]]
[[0.02392989 0.00651239 0.02080818 0.00803601]]
[[0.02398728 0.00340942 0.00346522 0.00102977]]
[[0.02386643 0.01499636 0.0154402  0.01895889]]
[[0.02384867 0.01328123 0.01328812 0.00906746]]
[[0.02374249 0.02281429 0.01037033 0.00733057]]
[[0.02380638 0.00286195 0.01790733 0.00345829]]
[[0.02386816 0.01365508 0.01368529 0.01352887]]
[[0.02360145 0.00295962 0.00964451 0.00210948]]
[[0.02372594 0.0134949  0.01501452 0.00935947]]
[[0.02385003 0.00731929 0.00426283 0.00202189]]
[[0.02331484 0.00546913 0.0165796  0.00332311]]
[[0.02352699 0.0020277  0.00160482 0.00075112]]
[[0.0238905  0.01006309 0.0144106  0.00546143]]
[[0.02374739 0.02201301 0.01627245 0.01365868]]
[[0.02381317 0.01233402 0.01105549 0.00845915]]
[[0.02361614 0.01039104 0.01420845 0.00484741]]
[[0.02368886 0.00647626 0.0146906  0.00364944]]
[[0.02397915 0.01076445 0.00786643 0.00581308]]
[[0.02359814 0.01032072 0.00638541 0.00263676]]
[[0.02330164 0.0078405  0.00298957 0.00166771]]
[[0.0236145  0.01777373 0.00358014 0.00526841]]
[[0.02366317 0.01230465 0.01811325 0.0090928 ]]
[[0.02395631 0.02021707 0.0238245  0.01835987]]
[[0.02345485 0.00371275 0.00781235 0.00499554]]
[[0.0235303  0.01741344 0.01118491 0.00877655]]
[[0.02369925 0.0161343  0.00764808 0.00720157]]
[[0.02355431 0.02189066 0.01500583 0.01688607]]
[[0.02369085 0.01731174 0.00523165 0.00651411]]
[[0.02384977 0.01017868 0.02178926 0.00857231]]
[[0.02396522 0.00423841 0.01692371 0.00353126]]
[[0.02344951 0.0124351  0.00207369 0.00447995]]
[[0.02368968 0.01578128 0.00654923 0.00704878]]
[[0.02391505 0.00474729 0.0165151  0.00699354]]
[[0.02396952 0.00916477 0.00238326 0.00183084]]
[[0.02322282 0.01346988 0.01916011 0.00871762]]
[[0.02361923 0.0215952  0.00917678 0.01538832]]
[[0.02371044 0.00533976 0.00437797 0.00121204]]
[[0.02385361 0.01239659 0.00385751 0.00259295]]
[[0.0236603  0.01914647 0.00142006 0.0017317 ]]
[[0.02377149 0.02151296 0.00894095 0.00849983]]
[[0.0235855  0.01500642 0.01102883 0.00815272]]
[[0.02394553 0.01973802 0.01428211 0.01016182]]
[[0.02325652 0.00201138 0.00591997 0.00189676]]
[[0.02396848 0.0129927  0.00536772 0.00693344]]
[[0.02397596 0.00554087 0.00523638 0.00165128]]
[[0.02390699 0.02143101 0.00396796 0.00725288]]
[[0.0234805  0.00994828 0.00712732 0.00475025]]
[[0.02339509 0.00773244 0.01198536 0.00725787]]
[[0.02376501 0.00925281 0.00749625 0.00526182]]
[[0.0239363  0.00507119 0.00943399 0.00344245]]
[[0.02379579 0.00680019 0.00275669 0.00133329]]
[[0.02389617 0.01113528 0.01643975 0.00603739]]
[[0.02364391 0.01049795 0.01491083 0.01384074]]
[[0.02367271 0.00149433 0.00865462 0.00165925]]
[[0.02382653 0.00614503 0.01644573 0.00609162]]
[[0.023668   0.01229674 0.00971072 0.00519003]]
[[0.02383253 0.0084667  0.01150316 0.00561259]]
[[0.02397612 0.00352366 0.01499686 0.00643827]]
[[0.02368709 0.00271797 0.0056299  0.00138682]]
[[0.02385832 0.00130514 0.01058138 0.00108247]]
[[0.02367381 0.02015809 0.00319571 0.00497835]]
[[0.02369601 0.00392504 0.01187387 0.0026373 ]]
[[0.02368935 0.001537   0.01665452 0.00174569]]
[[0.02366581 0.00847378 0.00728483 0.00229132]]
[[0.02339707 0.0096519  0.00808938 0.0049602 ]]
[[0.02390647 0.00448928 0.01325116 0.0062754 ]]
[[0.02393631 0.00948937 0.02359168 0.01289219]]
[[0.02383274 0.00432261 0.02130788 0.00343061]]
[[0.02362625 0.00498799 0.01793716 0.00763065]]
[[0.02356878 0.01541069 0.00936102 0.01209029]]
[[0.02378858 0.01511005 0.0107722  0.00647213]]
[[0.02376819 0.01312474 0.00521188 0.00648501]]
[[0.02357046 0.0086618  0.0107214  0.00416554]]
[[0.02390687 0.01648825 0.01774868 0.01098136]]
[[0.02364386 0.01419422 0.02230653 0.01447521]]
[[0.02380497 0.01596823 0.0059733  0.00535473]]
[[0.02399275 0.00562745 0.01762364 0.00714386]]
[[0.02338188 0.01195122 0.02247287 0.00974906]]
[[0.02393532 0.0162593  0.01548605 0.01092681]]
[[0.02390055 0.01169389 0.003701   0.00216608]]
[[0.02356528 0.01859235 0.02225556 0.01573241]]
[[0.02399068 0.00421604 0.02244949 0.00484841]]
[[0.02356195 0.01041585 0.00796869 0.00715615]]
[[0.02388686 0.00703479 0.02241842 0.0088485 ]]
[[0.0237554  0.00620177 0.01332985 0.00388717]]
[[0.02389348 0.01042715 0.00518474 0.00531398]]
[[0.02396002 0.008942   0.00302413 0.00264289]]
[[0.02392253 0.01355145 0.0025921  0.0028908 ]]
[[0.02339965 0.01749302 0.00442355 0.00393584]]
[[0.02397778 0.00720198 0.00772907 0.00292454]]
[[0.02374294 0.00608261 0.02177426 0.01350491]]
[[0.02325314 0.00854036 0.00894843 0.00717152]]
[[0.02380945 0.00495223 0.01982974 0.00380316]]
[[0.02361002 0.01347526 0.01625136 0.00869895]]
[[0.02381361 0.02246246 0.01529149 0.01274199]]
[[0.02356828 0.01261741 0.01117823 0.00890481]]
[[0.02372323 0.02116267 0.02103897 0.02250096]]
[[0.02346267 0.00824892 0.00217815 0.00181198]]
[[0.02355679 0.00711191 0.00174658 0.00110896]]
[[0.02343789 0.00678523 0.00754633 0.00452528]]
