[[-2.49807853 -2.48996671 -2.42363137]]
[[-2.46166413 -2.46025359 -2.4975731 ]]
[[-2.48175808 -2.44792627 -2.48969859]]
[[-2.49379054 -2.45076794 -2.49656878]]
[[-2.47934535 -2.49466965 -2.46389449]]
[[-2.48530856 -2.45340518 -2.47677454]]
[[-2.46587675 -2.49900431 -2.46169166]]
[[-2.49402059 -2.45856693 -2.46965991]]
[[-2.46309214 -2.47092667 -2.49032658]]
[[-2.47665903 -2.46480211 -2.47668387]]
[[-2.49691967 -2.47211064 -2.44772893]]
[[-2.49355161 -2.48110495 -2.47203362]]
[[-2.48661409 -2.43578233 -2.49137944]]
[[-2.49574961 -2.46561911 -2.48493801]]
[[-2.49816302 -2.48744921 -2.45044785]]
[[-2.48923001 -2.43427804 -2.49401283]]
[[-2.48889184 -2.48934007 -2.49710262]]
[[-2.47457877 -2.48846613 -2.4628938 ]]
[[-2.49674174 -2.46279361 -2.49716522]]
[[-2.48364801 -2.46853413 -2.49901362]]
[[-2.45009548 -2.46811041 -2.49352705]]
[[-2.49643189 -2.46663152 -2.46888443]]
[[-2.46743981 -2.48642226 -2.46338557]]
[[-2.47756791 -2.48398328 -2.4508086 ]]
[[-2.48926611 -2.48602728 -2.4841958 ]]
[[-2.49330486 -2.49449676 -2.46148506]]
[[-2.49757787 -2.4366307  -2.47826274]]
[[-2.49884939 -2.4929801  -2.46390622]]
[[-2.48523736 -2.49147408 -2.44370028]]
[[-2.49299986 -2.49646553 -2.45613138]]
[[-2.49404309 -2.45740456 -2.46915184]]
[[-2.47334682 -2.49713704 -2.46277292]]
[[-2.49405414 -2.42217014 -2.49739708]]
[[-2.47562912 -2.4842588  -2.4624262 ]]
[[-2.48398218 -2.46516043 -2.46188434]]
[[-2.4807525  -2.49589852 -2.45821943]]
[[-2.46436948 -2.48255338 -2.4967142 ]]
[[-2.47619816 -2.49279101 -2.45675362]]
[[-2.47544738 -2.46004851 -2.48388995]]
[[-2.48389147 -2.46907128 -2.47379761]]
[[-2.49733703 -2.49438111 -2.48431609]]
[[-2.46325507 -2.49361748 -2.48043371]]
[[-2.48747353 -2.49458098 -2.48390141]]
[[-2.45446414 -2.4892101  -2.48330591]]
[[-2.47324125 -2.44369438 -2.49603879]]
[[-2.48187605 -2.49937183 -2.46252374]]
[[-2.49610325 -2.49028625 -2.45960202]]
[[-2.49440122 -2.48884967 -2.4686704 ]]
[[-2.48584009 -2.47014881 -2.4946265 ]]
[[-2.46206169 -2.48770496 -2.47688588]]
[[-2.46237619 -2.49794337 -2.48288526]]
[[-2.49981117 -2.47239899 -2.46511951]]
[[-2.48632682 -2.49366152 -2.47886526]]
[[-2.47745247 -2.49631486 -2.49525229]]
[[-2.46404805 -2.4750301  -2.49192115]]
[[-2.49245261 -2.48927113 -2.46479802]]
[[-2.47544525 -2.48497092 -2.46377397]]
[[-2.49510115 -2.49469546 -2.43495476]]
[[-2.49087221 -2.4612543  -2.48872736]]
[[-2.49720336 -2.48601521 -2.4417525 ]]
[[-2.45837293 -2.48729767 -2.49175086]]
[[-2.48698652 -2.48065715 -2.46407721]]
[[-2.48686672 -2.43261866 -2.49589439]]
[[-2.49139716 -2.48928835 -2.48906169]]
[[-2.49667075 -2.45778533 -2.48206426]]
[[-2.46377641 -2.49460282 -2.4698734 ]]
[[-2.49256462 -2.49317332 -2.47610918]]
[[-2.49489365 -2.44955513 -2.47606091]]
[[-2.48445434 -2.47958221 -2.49808953]]
[[-2.48102814 -2.48955236 -2.46621214]]
[[-2.48359451 -2.48335511 -2.47760064]]
[[-2.49201566 -2.49119741 -2.48489776]]
[[-2.49750549 -2.45506573 -2.49484861]]
[[-2.49747133 -2.46262465 -2.49405029]]
[[-2.46063901 -2.47056826 -2.47962735]]
[[-2.4967834  -2.46979645 -2.46766125]]
[[-2.44595318 -2.49947202 -2.47113828]]
[[-2.45384504 -2.46798323 -2.49419286]]
[[-2.48764527 -2.49152633 -2.49543905]]
[[-2.49394209 -2.49165336 -2.4963191 ]]
[[-2.49669384 -2.42313986 -2.49104077]]
[[-2.44634654 -2.48435114 -2.4986782 ]]
[[-2.49451973 -2.46455327 -2.48496552]]
[[-2.48239331 -2.47569918 -2.49159781]]
[[-2.49945672 -2.44225565 -2.47483024]]
[[-2.47202304 -2.49813492 -2.44822141]]
[[-2.49289954 -2.49297362 -2.42871671]]
[[-2.4588148  -2.48401901 -2.4727606 ]]
[[-2.47600444 -2.47606323 -2.47255648]]
[[-2.48041449 -2.49229569 -2.46673312]]
[[-2.49050656 -2.44820172 -2.48858381]]
[[-2.49343541 -2.45511811 -2.48641484]]
[[-2.47129124 -2.49514521 -2.4990327 ]]
[[-2.45857941 -2.46291493 -2.49639477]]
[[-2.49787432 -2.49984412 -2.42454919]]
[[-2.45706039 -2.49166516 -2.48534982]]
[[-2.4978702  -2.46797044 -2.46737622]]
[[-2.4680066  -2.48002962 -2.47418389]]
[[-2.47414907 -2.47564859 -2.47574524]]
[[-2.48671911 -2.49965983 -2.46706545]]
[[-2.48809591 -2.47738433 -2.47776471]]
[[-2.44689821 -2.4845852  -2.48452233]]
[[-2.46334943 -2.48186572 -2.48578418]]
[[-2.47227747 -2.48192347 -2.45983728]]
[[-2.49427659 -2.48458751 -2.48542618]]
[[-2.48660785 -2.47006646 -2.47540013]]
[[-2.49924952 -2.44550344 -2.49606166]]
[[-2.49077546 -2.4932275  -2.48993665]]
[[-2.45609294 -2.47872173 -2.49870197]]
[[-2.47892973 -2.46193915 -2.48704523]]
[[-2.4607136  -2.47381372 -2.48760468]]
[[-2.46041215 -2.47094928 -2.49834086]]
[[-2.48494891 -2.42772998 -2.49876743]]
[[-2.48302579 -2.4637028  -2.48384907]]
[[-2.48346693 -2.49344692 -2.48203725]]
[[-2.47922382 -2.4735434  -2.46958636]]
[[-2.49488085 -2.46890968 -2.45698517]]
[[-2.47358866 -2.47552881 -2.47699412]]
[[-2.45276223 -2.47837422 -2.4916705 ]]
[[-2.48034343 -2.49325352 -2.47591289]]
[[-2.48198609 -2.482391   -2.44930641]]
[[-2.46867011 -2.47956789 -2.48853623]]
[[-2.49355144 -2.49406448 -2.4279495 ]]
[[-2.47616066 -2.49827561 -2.48888716]]
[[-2.46897617 -2.48646454 -2.46789093]]
[[-2.49606904 -2.47550472 -2.45928609]]
[[-2.45048377 -2.48154738 -2.48595924]]
[[-2.47316586 -2.49723112 -2.48313363]]
[[-2.45778734 -2.46419095 -2.4900773 ]]
[[-2.47601935 -2.49325731 -2.49942349]]
[[-2.48139818 -2.4602797  -2.48530127]]
[[-2.47562647 -2.48735167 -2.47750003]]
[[-2.48630015 -2.47821044 -2.4631229 ]]
[[-2.4964258  -2.44244492 -2.47655798]]
[[-2.48700087 -2.43967638 -2.48426845]]
[[-2.49079316 -2.49516918 -2.46322495]]
[[-2.48857252 -2.46530569 -2.47894725]]
[[-2.49182761 -2.48406736 -2.47594446]]
[[-2.49228683 -2.49784558 -2.46779401]]
[[-2.47396146 -2.46965311 -2.49836281]]
[[-2.48977524 -2.45165381 -2.48651761]]
[[-2.44922767 -2.47592861 -2.48631266]]
[[-2.46279426 -2.49478764 -2.46619168]]
[[-2.45813456 -2.47529858 -2.4908523 ]]
[[-2.48844535 -2.48594526 -2.46320714]]
[[-2.46420182 -2.4991183  -2.49568188]]
[[-2.48465445 -2.484333   -2.461912  ]]
[[-2.49004663 -2.49805104 -2.48675907]]
[[-2.48759355 -2.47740786 -2.44748154]]
[[-2.488963   -2.48224197 -2.44210514]]
[[-2.47681217 -2.49647184 -2.49198496]]
[[-2.46863325 -2.49121585 -2.45364536]]
[[-2.49240601 -2.49781371 -2.4388999 ]]
[[-2.4666635  -2.49400463 -2.46349482]]
[[-2.4779079  -2.47506385 -2.46244713]]
[[-2.4784922  -2.48657628 -2.49024211]]
[[-2.48827954 -2.47736889 -2.49776027]]
[[-2.48944541 -2.49668697 -2.49875405]]
[[-2.49588707 -2.49623013 -2.45860723]]
[[-2.49450302 -2.48398118 -2.45828309]]
[[-2.48944154 -2.45818388 -2.47267216]]
[[-2.46004998 -2.49163658 -2.49799587]]
[[-2.49077312 -2.4760796  -2.46830248]]
[[-2.48619385 -2.47360223 -2.45290761]]
