[[0.02347155 0.00846664 0.01671799 0.01132419]]
[[0.02332285 0.00931058 0.00255568 0.00197618]]
[[0.02393094 0.01326697 0.00516312 0.004158  ]]
[[0.02350055 0.00642473 0.01421291 0.00696306]]
[[0.02391569 0.01060498 0.02153033 0.00749367]]
[[0.02372873 0.01730961 0.00566613 0.00643744]]
[[0.02367814 0.00292121 0.00351146 0.00108145]]
[[0.02345227 0.00657752 0.01096231 0.00327451]]
[[0.02378151 0.01749031 0.01984635 0.01665103]]
[[0.02363793 0.00777102 0.00883474 0.00464719]]
[[0.0239008  0.00939865 0.0032835  0.00147365]]
[[0.02392495 0.00351543 0.00631403 0.00190895]]
[[0.02385091 0.01922289 0.02391029 0.0138603 ]]
[[0.02396472 0.01926569 0.02274126 0.02149028]]
[[0.02368215 0.01931016 0.00523185 0.00721395]]
[[0.02380618 0.00999143 0.00634488 0.00494406]]
[[0.02382093 0.00957217 0.01857188 0.00895606]]
[[0.02365511 0.01540684 0.00576497 0.00686436]]
[[0.02365064 0.00252983 0.01113298 0.00221088]]
[[0.0236395  0.01225135 0.0135704  0.00811146]]
[[0.02399168 0.01153798 0.01684911 0.00563466]]
[[0.02374125 0.01833528 0.01832747 0.01561555]]
[[0.02398429 0.0114852  0.0027587  0.00394861]]
[[0.02390295 0.02293367 0.01076951 0.00960386]]
[[0.02358986 0.00738919 0.01114675 0.00843238]]
[[0.02393935 0.01355944 0.00815386 0.00598841]]
[[0.02382268 0.01676842 0.02062689 0.01375993]]
[[0.02393039 0.00713236 0.01017587 0.00327733]]
[[0.0235731  0.01618156 0.0043377  0.00285359]]
[[0.02365366 0.00234712 0.01103062 0.00201732]]
[[0.0234475  0.00954385 0.00871625 0.00508925]]
[[0.02386432 0.00769077 0.00527709 0.00396791]]
[[0.02390992 0.00141147 0.00724992 0.00105097]]
[[0.02380166 0.02328032 0.0181374  0.01588587]]
[[0.0237855  0.00590461 0.00269823 0.0010705 ]]
[[0.02383589 0.02243719 0.02314753 0.02164097]]
[[0.02380856 0.0136213  0.01865253 0.01669801]]
[[0.02378838 0.00201518 0.00336458 0.00088954]]
[[0.02381367 0.01274653 0.02060259 0.01045998]]
[[0.02384243 0.00267565 0.00261693 0.00114399]]
[[0.02332143 0.01081297 0.0194835  0.00813809]]
[[0.02398066 0.00824537 0.0133259  0.00631768]]
[[0.02385229 0.01336289 0.01293362 0.00485793]]
[[0.0239804  0.00183594 0.00345482 0.00088873]]
[[0.02372176 0.01670715 0.0014619  0.00141138]]
[[0.02330738 0.01252645 0.00783614 0.00576091]]
[[0.02383492 0.0030444  0.00389767 0.00113398]]
[[0.02357848 0.02181548 0.00359789 0.00532599]]
[[0.02398923 0.0152117  0.02160084 0.01404681]]
[[0.02389492 0.013756   0.00474753 0.00246772]]
[[0.02387175 0.02073985 0.01001013 0.00810178]]
[[0.02388891 0.00236095 0.00499806 0.0012202 ]]
[[0.02397176 0.01705953 0.00174228 0.00152631]]
[[0.02361189 0.00962708 0.00610873 0.00676383]]
[[0.02378636 0.0199387  0.00282025 0.00374719]]
[[0.02388686 0.01454017 0.00815632 0.00799485]]
[[0.02398095 0.02286047 0.00228268 0.00293444]]
[[0.0234762  0.0070915  0.00446882 0.00239718]]
[[0.02393157 0.02086803 0.00789501 0.01192223]]
[[0.02335931 0.0049636  0.02368494 0.00946895]]
[[0.0236812  0.00257097 0.00166599 0.00081843]]
[[0.02382191 0.01328493 0.00887294 0.00739414]]
[[0.02352843 0.00902388 0.00671426 0.00366136]]
[[0.02385462 0.02024415 0.00751929 0.00699151]]
[[0.02368032 0.01460026 0.0022839  0.00179183]]
[[0.02378988 0.00573411 0.00255456 0.00157551]]
[[0.02390967 0.00897256 0.00170292 0.00127726]]
[[0.02386545 0.01134622 0.01017913 0.00773784]]
[[0.02389636 0.00539782 0.01126151 0.00687176]]
[[0.02394621 0.0024522  0.01334269 0.00286885]]
[[0.02352777 0.00599177 0.00241563 0.00126067]]
[[0.02393198 0.01985459 0.00960303 0.01555987]]
[[0.02384828 0.02202355 0.0159502  0.01595254]]
[[0.02373884 0.0052616  0.00755644 0.00170391]]
[[0.02367079 0.00763723 0.01545213 0.00855901]]
[[0.02353816 0.00607824 0.0141098  0.00761122]]
[[0.02363839 0.00284302 0.00485024 0.00143525]]
[[0.02395067 0.00852204 0.00424243 0.00141374]]
[[0.02369007 0.01385359 0.01455841 0.01004078]]
[[0.02326353 0.00183969 0.01248281 0.00182473]]
[[0.0239844  0.0106361  0.01373465 0.01590929]]
[[0.0239667  0.00313106 0.01698584 0.00261969]]
[[0.0238964  0.00586694 0.00631794 0.00453271]]
[[0.02339619 0.01695022 0.00399523 0.00565322]]
[[0.02317749 0.00204264 0.00956838 0.00403733]]
[[0.02369601 0.01617112 0.01903043 0.01758207]]
[[0.02391679 0.02215514 0.01264979 0.01042364]]
[[0.02378851 0.01709952 0.00710922 0.00711549]]
[[0.02366199 0.00826527 0.00255071 0.00167685]]
[[0.02347768 0.00729866 0.01555789 0.00723246]]
[[0.02370931 0.01391187 0.01876964 0.0118369 ]]
[[0.02381198 0.01686764 0.00370288 0.00287464]]
[[0.02361809 0.00558918 0.0199289  0.0050944 ]]
[[0.02374727 0.01235155 0.01300871 0.00900263]]
[[0.02369287 0.00836251 0.00994796 0.00718811]]
[[0.02370543 0.00323626 0.00257144 0.00147662]]
[[0.0239687  0.01007739 0.01019536 0.00757382]]
[[0.02379438 0.00317451 0.01815272 0.0025582 ]]
[[0.02362432 0.00691202 0.01698786 0.00678471]]
[[0.02389621 0.00223335 0.00300352 0.00096009]]
[[0.02382854 0.01258223 0.00415217 0.00492526]]
[[0.02387557 0.00540642 0.01707616 0.00731878]]
[[0.0239153  0.01911339 0.0079258  0.00752915]]
[[0.02389748 0.01142641 0.00671165 0.00714906]]
[[0.02383244 0.00609602 0.00658378 0.00503809]]
[[0.0238111  0.01509672 0.02142067 0.01670945]]
[[0.02394338 0.00469375 0.02299247 0.00915312]]
[[0.02384143 0.02238569 0.0113557  0.01679818]]
[[0.02385071 0.02066287 0.01944433 0.01269878]]
[[0.02366223 0.02180155 0.00206518 0.00319379]]
[[0.02383464 0.00864175 0.01412342 0.00797026]]
[[0.02326739 0.00888321 0.02006523 0.00899296]]
[[0.0232964  0.0154289  0.01144983 0.00562071]]
[[0.02399994 0.00711332 0.00782286 0.00289797]]
[[0.02389108 0.01143169 0.00628285 0.00433053]]
[[0.02387138 0.01832837 0.01448218 0.01824154]]
[[0.02377467 0.01396302 0.02243286 0.01246292]]
[[0.0238836  0.01254838 0.02184351 0.01591736]]
[[0.02392219 0.00724624 0.00903586 0.00704971]]
[[0.02367287 0.003292   0.0079491  0.00163925]]
[[0.02344195 0.00832156 0.00844166 0.00607115]]
[[0.02347734 0.00987868 0.02015044 0.01026387]]
[[0.02386188 0.01254369 0.01959607 0.00837691]]
[[0.02384687 0.01794812 0.01689337 0.01081529]]
[[0.02372593 0.0097676  0.02313872 0.01046627]]
[[0.02356726 0.01615366 0.00540089 0.0054679 ]]
[[0.02393617 0.01739478 0.0098836  0.00991077]]
[[0.02377944 0.00730124 0.00279681 0.00142573]]
