[[ 0.28005516  1.52161302 -1.87208843]
 [ 1.55209883  2.40555812  0.89309946]]
[[ 1.96701964  0.90545305  0.86504273]
 [-1.00598409  1.78682951  2.02009644]]
[[ 1.59164192 -0.4868784   0.24374228]
 [ 1.97603606  0.88823223 -1.74384716]]
[[-0.10000959  1.73089976 -0.72224721]
 [ 1.56696682 -0.47671383  1.17852018]]
[[ 1.84932318  1.75668674  1.38286265]
 [ 2.36116755  0.40665855 -1.43260961]]
[[ 0.69250961  1.14320352 -1.26998396]
 [ 2.46024283  1.34117363 -0.4663718 ]]
[[ 2.07264103 -2.43374058  1.50246512]
 [-1.57542836  1.81799513  1.35743662]]
[[ 0.31900463  1.85248435 -1.4173441 ]
 [ 0.40582097  2.43641367  1.24949802]]
[[0.93611891 0.27922335 1.98331972]
 [2.25798768 1.67573064 1.33965396]]
[[0.73038377 1.52641783 1.88222207]
 [0.25683442 2.18230801 1.92690847]]
[[-1.74417277  0.92561366  0.72716794]
 [ 2.28535586 -1.216976    0.19199535]]
[[-0.92797694  2.15626921  2.29939913]
 [ 0.76415327  2.06307526 -1.03083701]]
[[ 0.73282978  1.0816922  -1.01760282]
 [-1.94821605  1.49743611  2.24053538]]
[[-1.50554624  0.94983864  0.66713421]
 [ 1.10073096  1.94111    -1.43016825]]
[[ 1.45469987 -0.12023195 -0.62388825]
 [ 2.32737007  2.12194387  0.90188252]]
[[ 1.29765724  1.58946866 -0.8734967 ]
 [-1.60664177  1.68191789  0.42881205]]
[[ 0.68190359 -1.08000508  1.60820505]
 [ 0.67901341 -0.6035255  -0.0688072 ]]
[[ 0.15724886 -1.29387857  1.74729158]
 [ 0.06977906  2.42425007 -2.41204672]]
[[-0.52082301  1.11049177  0.42787045]
 [ 0.04160207  2.01888689 -0.65390051]]
[[ 0.07387235  1.169571    0.73663755]
 [ 1.10910584 -0.74979523  1.74846833]]
[[-1.06460172  2.0838091   1.99133675]
 [ 2.13381747 -2.24604178  0.68913169]]
[[ 1.96669163 -0.72651043  2.27370259]
 [-2.2350342   1.84472942  1.65312476]]
[[ 1.32390308  0.7534215   0.3540105 ]
 [ 1.750579    0.40719185 -2.28682207]]
[[ 2.17378845  0.73574785 -0.72983278]
 [ 2.40236121  0.02545654  1.41021971]]
[[-2.15234608  1.79012747  2.07717303]
 [ 1.65694148  0.51487014 -0.98287149]]
[[-2.45366696  1.77205263  0.44389053]
 [ 0.63795234  0.46599711  2.34381621]]
[[ 1.04311994  1.41707958 -1.71700792]
 [ 0.66734177  1.83460778 -1.06982937]]
[[ 1.27781256  1.02985444 -2.21498133]
 [-1.32011713  1.07835798  0.75727297]]
[[ 1.78329806 -1.53074061  1.80719164]
 [-0.10966596  0.7660159   0.24305896]]
[[-0.76432443  0.32820312  1.09619407]
 [-0.99782981  2.23984994  0.51249208]]
[[ 0.32049002 -0.93094997  2.46380584]
 [ 0.95609556 -0.64778308  0.78686177]]
[[ 0.5013482  -0.8795876   0.99399489]
 [-0.03938441  0.31959399  1.0539861 ]]
[[ 0.47327726 -0.65413608  1.21761891]
 [-0.1836993   0.04422582  1.53977667]]
[[ 1.81017743  2.39735732 -2.48835179]
 [ 1.82705783 -2.10357228  2.41615908]]
[[ 1.60193838 -1.59924667  1.29694446]
 [ 1.92027393 -0.1265898  -1.24024627]]
[[-1.13879352  0.40677293  1.72753588]
 [ 1.10726458 -0.37208695  2.32359562]]
[[ 2.284114   -2.12138129  0.74337584]
 [-0.84293261  1.70333373  1.21932274]]
[[ 1.08161432 -0.05766253 -0.19349549]
 [ 0.75701448  0.37687789  0.28656138]]
[[ 2.43742042  2.2705938  -0.85798886]
 [ 2.13590741  0.62386155 -1.52360936]]
[[ 2.18918351 -0.7671486   1.72864511]
 [ 2.41764383  1.21491102 -1.380706  ]]
[[-0.11748938  0.59207643  1.8318386 ]
 [-1.95723753  0.1256263   2.4413784 ]]
[[-1.9933725   0.05811062  1.91636441]
 [ 0.77787787  0.49796036  2.13273002]]
[[ 0.3555806   1.42913434 -1.45095819]
 [-0.84363306  0.86640293  1.66316849]]
[[ 2.20125479  0.95316136  0.45798772]
 [ 0.5144618  -2.3777325   1.88756857]]
[[ 1.21532569 -1.49240063  0.17771066]
 [ 2.16825556 -2.14498773  1.43637798]]
[[ 0.79332115  1.18971971 -1.04773862]
 [-1.97623871  1.50209165  2.3268164 ]]
[[ 1.2530852  -0.28654137  0.16398611]
 [ 1.08728532  1.14788716 -1.2035425 ]]
[[-1.42132247  2.26639524  0.96249432]
 [ 1.4352432   2.01032286  2.06754861]]
[[1.56690301 0.59255618 1.34002803]
 [1.6496698  0.33524068 2.4729921 ]]
[[-0.67061078  0.12292822  2.39532297]
 [ 0.21279506 -0.29264396  1.81191102]]
[[ 1.56178794 -0.13869964  0.28284523]
 [ 1.59531175  1.26241934 -0.95851913]]
[[ 2.18451782 -1.21583109  0.78201316]
 [ 2.39810074 -2.11266996  0.44046831]]
[[-1.53092322  1.50996471  0.94936953]
 [ 0.47559442  1.04117115  0.86960817]]
[[-1.94177735  1.35436809  1.5120458 ]
 [ 1.40052303  1.1893137   2.22030689]]
[[ 2.30146433  2.31499014  1.155292  ]
 [ 2.4554832   0.18364525 -2.43204031]]
[[ 1.75099278 -0.28864424  1.73249508]
 [ 1.89175407  0.09281666 -1.78102952]]
[[ 0.10019657  1.84710413 -1.66986966]
 [ 0.41805402  0.67360652  1.2138672 ]]
[[ 2.06869654 -0.05285652  2.38629193]
 [ 1.9853336   1.98058557  0.16191289]]
[[ 0.52904071  1.89190614 -1.52661485]
 [-1.0183257   1.58842454  0.39426179]]
[[-1.38121539  1.7529565   0.8066171 ]
 [-1.35746293  1.0466906   1.39140192]]
[[ 0.30492228 -0.65328871  2.40653355]
 [-1.30458812  2.24876715 -0.38537683]]
[[ 0.84507421 -1.70632199  1.20671012]
 [ 1.74983004  1.66082274  0.71114265]]
[[ 1.95911711 -1.64417469  0.81541954]
 [ 1.332609    0.26017769 -0.54056172]]
[[ 1.45288482  1.21014166 -0.91265002]
 [ 0.53524158  2.21697316  1.46205356]]
[[ 1.74599129  0.76463557 -1.68590514]
 [ 0.11090004  1.85379392 -0.65171252]]
[[0.20458168 1.21101823 2.00483812]
 [0.9581232  0.11683264 1.00220578]]
[[-0.24175693 -0.68452901  1.83564133]
 [ 1.34233369  1.45167716 -0.0496705 ]]
[[1.74976912 1.81416937 1.9751245 ]
 [0.82642516 2.05633886 2.35005725]]
[[ 1.94720851  0.74749289 -1.6630222 ]
 [ 0.42334225 -0.68960207  2.41655312]]
[[ 2.35875789 -0.07667536 -1.05482587]
 [-0.10453696 -1.00401102  1.3209306 ]]
[[ 1.25074683  1.5054109  -1.26737122]
 [ 0.82707765  1.87024687 -1.33078013]]
[[-1.09789299  2.468249    0.12513631]
 [ 1.04769513 -1.4131824   2.21705568]]
[[-1.75159127  2.38366752  0.54364446]
 [ 2.30932757  0.19556306  0.28958037]]
[[ 1.48596616 -1.00707193  1.99212331]
 [-2.04049518  2.11556052  1.58356787]]
[[-0.4000771   2.06626041  1.08158138]
 [ 2.24338155 -1.55169041  1.15667743]]
[[1.41336338 1.19252682 1.15912498]
 [1.34131142 0.13199385 0.47713458]]
[[ 2.39839393  0.14207734  1.47635561]
 [ 1.18735762  0.97444723 -1.94472348]]
[[ 1.21721478 -0.21760857 -0.41286337]
 [ 0.749423   -1.49292898  2.28849198]]
[[-1.37203192  0.64146719  0.61900963]
 [ 1.78411746 -0.93214122 -0.30137864]]
[[ 1.66521641  2.44528326 -1.47357733]
 [ 2.22635995  2.14137007 -0.19433047]]
[[ 1.60783238  0.52836373 -0.64082585]
 [-0.05650621  1.88318341 -1.00123933]]
[[-1.39910767  1.7432042   2.40195543]
 [ 0.85586045 -1.08283214  0.86492075]]
[[-0.52039727  1.10374718  0.25913147]
 [ 0.52016433 -1.79158656  1.12493028]]
[[ 0.29402354  1.13538731  1.31378201]
 [-1.48454326  0.98677468  0.93532564]]
[[-1.18208587  2.22331523 -0.40848751]
 [ 0.46018777 -0.19076154  1.30820054]]
[[-1.38635086  0.25630867  2.0395383 ]
 [ 1.22699006  2.39609865  0.06858702]]
[[ 1.81342227  1.82968281  1.16998803]
 [ 1.61221548  1.66114312 -2.34002103]]
[[ 0.95341004  1.24689931  0.10485032]
 [ 0.64341245  1.3784605  -1.31946691]]
[[ 2.04076817  0.61995186 -2.14038153]
 [ 1.72464444  1.96723171 -0.29065171]]
[[ 1.0397297   1.89485121  1.61634361]
 [ 0.08931837  2.44205801 -0.18596197]]
[[ 2.31341783 -1.91573058  0.15635363]
 [-0.16043935 -0.6491117   2.43875003]]
[[ 0.5680632  -0.39107299  1.70313746]
 [-0.63076051 -0.92168486  2.28319207]]
[[ 1.36725177  2.34560687 -0.06486546]
 [ 0.82276219  0.04312637  2.19522094]]
[[-0.08151133  2.12490156  1.92188407]
 [ 0.96843249  1.11137469 -0.91170453]]
[[ 2.07852714  2.06290486  1.87823175]
 [-1.30185926  0.37473393  1.26941891]]
[[ 2.40756732  1.91523046 -2.12657021]
 [-0.07688244  1.21663436 -0.91933924]]
[[ 1.68902924  0.04388327 -0.18562039]
 [ 0.49332539  0.99943001 -0.69897569]]
[[-1.01976694  0.88333322  1.05939504]
 [ 1.48432987 -0.50764971 -0.46101696]]
[[ 1.56643582 -0.7920595   2.42324834]
 [ 2.04458044  1.0118566   1.92376342]]
[[ 1.66645774  1.05549298  0.10755042]
 [ 1.75640721  1.28699209 -2.1310278 ]]
[[-0.29131589  1.93317701  1.54022384]
 [ 1.83636682  1.12485349 -0.07411048]]
[[ 0.74427921  1.27466613  1.23570327]
 [ 0.90487407  1.12653263 -2.39363771]]
[[ 0.6308285   1.53536799  0.05122832]
 [ 1.22816002  0.98676344 -0.61546398]]
[[ 1.9042743  -1.26182005  0.76579783]
 [ 2.21155462 -1.51723507  1.90997333]]
[[ 1.32667704  1.52681738 -0.57427561]
 [ 2.17561922  0.31201351 -0.35963399]]
[[ 1.35199528 -0.11734647  0.47195161]
 [ 1.37002084 -0.12221022  1.90333277]]
[[2.3168374  0.8034618  1.26168734]
 [0.52586986 1.04314286 0.592579  ]]
[[ 2.44734726 -1.53892517  0.18970704]
 [-0.51142808  1.70709093  0.40157449]]
[[-1.89929564  2.01057557  0.71779417]
 [ 1.25532258  1.43426648 -1.11224828]]
[[ 2.08268959 -1.29399441  1.44629642]
 [ 1.74977579  1.80631436  2.34691701]]
[[-0.73439679  2.06309865 -0.25460588]
 [ 1.40940796  1.12839941 -0.00993413]]
[[-1.26356495  1.68365446  1.37746241]
 [ 1.49702343 -1.00043399  0.76921127]]
[[ 0.91759735 -0.03260838  0.38183581]
 [ 1.73510927  0.11787538  0.18782158]]
[[ 0.76122201  2.27437657 -2.0586519 ]
 [ 1.52456421  2.01210684  0.33878746]]
[[0.42000131 1.08085001 1.02604622]
 [0.81210669 1.38665892 2.07220853]]
[[ 0.13843185  1.42959243 -0.01935399]
 [ 1.72651736  2.42052825  2.39270509]]
[[ 1.36152047  1.22081069  1.08787948]
 [ 0.12576398 -1.79506221  2.10742284]]
[[-0.14254986  0.79333695  0.53396196]
 [ 1.12334092  1.78339861  0.49259076]]
[[ 1.57297251  0.25091558 -1.06218152]
 [ 2.20383734  1.57121228  2.02435744]]
[[ 2.29725753 -1.60189249  2.21913072]
 [ 0.93905933  2.47387902 -0.94305687]]
[[ 2.11304733  0.04079391  0.11638545]
 [ 0.97553144  0.6159639  -0.05956279]]
[[ 0.75660439  2.35401689 -1.73828016]
 [-0.03396339  2.37859915  1.27006042]]
[[-0.23751967  2.29671218 -1.69543254]
 [-1.50176773  1.3667083   2.23391702]]
[[ 0.94374027 -0.07491602 -0.63985913]
 [ 0.59016931  0.59295221  2.30969967]]
[[-2.39142722  1.4898907   0.92521411]
 [ 0.10405329  0.89743574  2.19400827]]
[[-1.10446046  1.2174413   1.79193483]
 [-0.01165874 -1.05008446  2.42925047]]
[[ 1.43455143  0.15313988 -0.0800944 ]
 [-0.21252622  0.11933277  0.8959833 ]]
[[ 0.64799806  0.35235281  1.98278583]
 [ 0.79319572 -1.47233878  1.92250758]]
[[ 2.24749362  1.05866655 -1.55452903]
 [-1.40275662  1.74664376  1.80256899]]
[[-0.35067315  0.43530475  0.40222691]
 [ 2.07326072 -0.28863423 -0.63846161]]
[[ 1.18050557 -1.92487844  0.55970047]
 [ 1.34997019 -0.70353682  0.35808161]]
[[ 2.43107639  0.22134917  0.39035154]
 [ 0.33168354  1.99682079 -1.37263164]]
[[ 0.71311172  1.78555918 -2.1409973 ]
 [-0.88625626  2.04282083  2.39980168]]
[[-0.5192285   1.83899392 -0.95004023]
 [ 1.29277567 -2.189134    2.10448274]]
[[ 1.76757079  0.59369479 -1.56537166]
 [ 0.44640895 -1.82013869  2.37866819]]
[[ 0.25113998  1.29555149  2.39114758]
 [ 0.55843406  1.6065819  -0.72149449]]
[[ 0.17667103  2.20252146 -2.43098171]
 [ 1.9332525  -1.41387401  0.12181422]]
[[-0.46266618 -0.32034923  0.95878115]
 [ 2.29248584 -0.35523807  2.08369144]]
[[-0.66067399  1.40442665  1.38606621]
 [-1.95332536  1.55836226  2.03865417]]
[[ 0.70447924  0.64098932 -1.4082068 ]
 [ 1.34582756  0.7451006   0.10697784]]
[[ 0.22466205  1.69903693 -0.68046097]
 [-0.45019301  1.03565746  2.45200441]]
[[ 2.07552462 -0.40924258  1.6149804 ]
 [ 2.33631514  1.52082702 -2.141349  ]]
[[ 1.42489094  1.27976188  1.13995217]
 [ 1.37540269 -1.31906851  2.04034815]]
[[ 1.61223737  0.7652204   2.1053366 ]
 [-0.53344847 -0.2505478   2.48298712]]
[[ 1.70462889  1.38681998  0.12287548]
 [ 0.74336388 -0.67393521  0.41873194]]
[[ 0.03588073  1.01585971  0.95298832]
 [ 2.48912411  1.16202289 -0.81281968]]
[[-1.77140422  2.30237202 -0.09474682]
 [ 1.22723627  2.05954379 -0.42500749]]
[[ 2.29130935  2.13495204 -2.35490042]
 [-0.18805656  2.49305493  0.12525828]]
[[ 0.27039381 -0.72799058  0.756447  ]
 [ 0.97703017  1.77352291  0.24917622]]
[[-2.03435822  0.61744341  2.10350624]
 [-2.47569252  2.10295844  1.18079719]]
[[-1.43099202  0.51993977  1.86165851]
 [-0.3591716   0.88548677 -0.38681011]]
[[ 1.13044323 -1.03845923  1.31066346]
 [ 2.40460888 -0.15010386 -0.49082117]]
[[ 0.65085795 -2.32960814  1.38716821]
 [-0.74072806  1.54021158 -0.39588179]]
[[ 1.93237229  1.24227294  1.48716962]
 [ 1.94944374 -0.64658268  0.88641123]]
[[2.04044047 1.50211188 1.76536933]
 [1.22740585 0.60906724 0.26635991]]
[[-0.47465226  2.13326809  0.77488484]
 [ 0.5337081   2.12095944 -0.076237  ]]
