[[0.02371587 0.00511378 0.01301046 0.0033472 ]]
[[0.02377707 0.01557809 0.00902124 0.00754823]]
[[0.02379673 0.01161196 0.01112006 0.00596821]]
[[0.02383663 0.00926246 0.00724515 0.00379533]]
[[0.02385629 0.0016636  0.02060025 0.00384092]]
[[0.02363507 0.00885686 0.00491574 0.00469333]]
[[0.02369213 0.01551457 0.0238703  0.01369195]]
[[0.02399377 0.00819745 0.00687553 0.00598453]]
[[0.02365587 0.00781518 0.00482312 0.00202412]]
[[0.02380035 0.01853589 0.00292131 0.00273219]]
[[0.02391157 0.02080714 0.01082045 0.00701478]]
[[0.02326707 0.01407301 0.00618624 0.00576482]]
[[0.02337946 0.01350048 0.0062529  0.00617044]]
[[0.02391651 0.01728138 0.02086068 0.01245756]]
[[0.02390002 0.01964311 0.0076299  0.00750278]]
[[0.02372424 0.00666399 0.00134343 0.00102909]]
[[0.02368591 0.01301725 0.00948712 0.00802186]]
[[0.02364939 0.01770283 0.00435042 0.00532325]]
[[0.02376579 0.013951   0.01778839 0.00906414]]
[[0.02399064 0.01718893 0.01938159 0.01443692]]
[[0.02362293 0.00281686 0.01715106 0.00276333]]
[[0.02383321 0.01322097 0.01591306 0.01051159]]
[[0.02369197 0.00257039 0.00316265 0.00125972]]
[[0.02351156 0.01520643 0.00973408 0.00815736]]
[[0.0239874  0.01779355 0.02232927 0.01829059]]
[[0.02387189 0.0120424  0.01264602 0.00643371]]
[[0.02353985 0.00758578 0.00927663 0.00383107]]
[[0.02372845 0.00334113 0.00467348 0.00176263]]
[[0.02378843 0.01406629 0.01375961 0.01025391]]
[[0.02392311 0.01814021 0.0090633  0.00960755]]
[[0.02323879 0.01027561 0.01634902 0.00978281]]
[[0.02362867 0.00900356 0.0109277  0.00702704]]
[[0.02396283 0.0068124  0.00935207 0.00620275]]
[[0.02392247 0.01779863 0.00395666 0.00542051]]
[[0.02398059 0.00483462 0.00741422 0.00237261]]
[[0.02396431 0.00865477 0.01071778 0.00704004]]
[[0.02369417 0.00516888 0.02279565 0.00655822]]
[[0.02381085 0.01106632 0.00772219 0.00536904]]
[[0.02397591 0.00863077 0.01762756 0.00672107]]
[[0.02391022 0.01204139 0.01287072 0.00502225]]
[[0.02362801 0.01927717 0.00666663 0.00820922]]
[[0.02361333 0.0178081  0.00130641 0.00118651]]
[[0.02399206 0.01442404 0.02160528 0.01419907]]
[[0.02388906 0.00817493 0.01054147 0.00592818]]
[[0.02377621 0.00377855 0.00220893 0.00118621]]
[[0.02397881 0.00443261 0.01297737 0.0051424 ]]
[[0.02386487 0.01622733 0.00670508 0.00859535]]
[[0.02375542 0.00454859 0.02271038 0.00510558]]
[[0.02373567 0.02149976 0.0078706  0.00669003]]
[[0.02328309 0.00250364 0.00565084 0.00184102]]
[[0.02392709 0.01586811 0.00342236 0.00398532]]
[[0.02363771 0.01159589 0.02091109 0.01270144]]
[[0.0238286  0.01788798 0.01499255 0.00888067]]
[[0.02398214 0.0107015  0.01312736 0.00981924]]
[[0.02362609 0.0163769  0.00500509 0.00534163]]
[[0.02365079 0.00839113 0.02015126 0.01162191]]
[[0.02313121 0.0073893  0.0229292  0.01058063]]
[[0.02392903 0.00794032 0.01087539 0.00401064]]
[[0.02397024 0.00133738 0.0067351  0.00090262]]
[[0.02380335 0.0109487  0.00622235 0.00707303]]
[[0.02379994 0.01600732 0.01423605 0.01221671]]
[[0.02360402 0.01134875 0.00610919 0.00499374]]
[[0.02393889 0.00902575 0.0215242  0.00821137]]
[[0.02368276 0.00922217 0.00696591 0.00248201]]
[[0.0237372  0.00289896 0.01526887 0.00209861]]
[[0.0238536  0.0060051  0.01503952 0.00745052]]
[[0.02330299 0.02283142 0.00649028 0.00711071]]
[[0.02367302 0.01509747 0.00711216 0.00735495]]
[[0.02351788 0.01272503 0.01252127 0.01142747]]
[[0.02385387 0.01542558 0.01823342 0.01011188]]
[[0.02377015 0.00515122 0.02056778 0.00691678]]
[[0.02362924 0.01659019 0.00829651 0.00816382]]
[[0.02373715 0.0051669  0.00603561 0.00339807]]
[[0.02362057 0.0101884  0.00665438 0.00360723]]
[[0.02382263 0.02180687 0.02196351 0.01082983]]
[[0.02348713 0.01803704 0.02172511 0.01437036]]
[[0.02387338 0.00488688 0.00396312 0.00138449]]
[[0.02397335 0.01332771 0.00122183 0.00121194]]
[[0.02357267 0.00780662 0.01652168 0.00812354]]
[[0.02370358 0.00921758 0.01267708 0.00412123]]
[[0.02314581 0.00829778 0.01831333 0.0090123 ]]
[[0.02388482 0.01943045 0.01737683 0.01430589]]
[[0.02396508 0.00913376 0.00372816 0.00255445]]
[[0.02362268 0.00377216 0.00984807 0.00368854]]
[[0.02398278 0.0111375  0.00337566 0.00265201]]
[[0.02396084 0.01114447 0.00450906 0.0031891 ]]
[[0.02373322 0.01669657 0.01579982 0.01307039]]
[[0.02363787 0.01881035 0.00173276 0.00211221]]
[[0.0236184  0.01076496 0.02103025 0.01069261]]
[[0.0238556  0.00863504 0.02135668 0.00821333]]
[[0.02385003 0.00177541 0.00919578 0.00148366]]
[[0.02366573 0.00267426 0.02115501 0.0026998 ]]
[[0.02383328 0.00491382 0.01295474 0.00488249]]
[[0.02361972 0.02092015 0.00211411 0.00314637]]
[[0.02385398 0.02210935 0.00297933 0.00604555]]
[[0.02375291 0.0176219  0.00469889 0.0038426 ]]
[[0.0239903  0.00950978 0.01161862 0.00593819]]
[[0.02361148 0.0099804  0.0111698  0.00763976]]
[[0.02338074 0.02073805 0.00327322 0.00325422]]
[[0.02364428 0.01496971 0.01608134 0.01109452]]
[[0.02364199 0.01067352 0.01731109 0.00716065]]
[[0.02381704 0.00627206 0.0075219  0.00382648]]
[[0.02351764 0.01527137 0.00802877 0.00818345]]
[[0.02358685 0.00584608 0.02076428 0.00642135]]
[[0.02358119 0.00585726 0.00439792 0.00170456]]
[[0.02387809 0.00843189 0.00653246 0.00201498]]
[[0.02388371 0.00809282 0.00575368 0.00260153]]
[[0.02394729 0.00891511 0.00616322 0.00321506]]
[[0.02398956 0.00836315 0.00288231 0.00411575]]
[[0.02395274 0.01158545 0.01136081 0.00882524]]
[[0.02399765 0.0074039  0.01083429 0.00420749]]
[[0.02391484 0.01385172 0.02150385 0.0114847 ]]
[[0.02396503 0.01059129 0.01338035 0.01404195]]
[[0.02371537 0.01090562 0.02385899 0.01007028]]
[[0.02373519 0.01539716 0.00962128 0.00914709]]
[[0.02393768 0.01264182 0.00591083 0.00371879]]
[[0.02357952 0.01520576 0.00297415 0.00260797]]
[[0.02372335 0.00265079 0.00432319 0.00107505]]
[[0.02397661 0.00425137 0.00518833 0.0034538 ]]
[[0.02346157 0.02014678 0.01834772 0.01693048]]
[[0.02351106 0.00219041 0.01802649 0.00186885]]
[[0.02381688 0.00241862 0.02236662 0.00320266]]
[[0.02364627 0.01562663 0.0050025  0.00430771]]
[[0.0238072  0.00165369 0.00332731 0.00078635]]
[[0.02394231 0.02216346 0.00853631 0.00818053]]
[[0.02344528 0.01942625 0.01082696 0.01150257]]
[[0.02397063 0.00758318 0.00252485 0.0029247 ]]
[[0.0239062  0.02378347 0.00748403 0.00825583]]
[[0.02391334 0.01901428 0.00826479 0.01055397]]
[[0.02362786 0.01390755 0.02029593 0.0161708 ]]
