[[-2.49912739 -2.485678   -2.45215187]]
[[-2.46225362 -2.46120822 -2.49852247]]
[[-2.49125497 -2.48982937 -2.48482287]]
[[-2.47497406 -2.45520178 -2.48602326]]
[[-2.49431885 -2.47295092 -2.45601727]]
[[-2.43129113 -2.49288426 -2.48827557]]
[[-2.44436843 -2.47214177 -2.49470203]]
[[-2.47163789 -2.45889074 -2.48050072]]
[[-2.49704117 -2.47698087 -2.49761872]]
[[-2.49988929 -2.49920376 -2.46308563]]
[[-2.43686385 -2.49070287 -2.48939689]]
[[-2.48660587 -2.44704971 -2.48567613]]
[[-2.47681051 -2.49096443 -2.45573765]]
[[-2.46601519 -2.48722255 -2.49442655]]
[[-2.47218764 -2.49876472 -2.46037974]]
[[-2.48787845 -2.48616853 -2.49724703]]
[[-2.44994952 -2.47155187 -2.49774745]]
[[-2.45711712 -2.49656695 -2.49238001]]
[[-2.459472   -2.47476478 -2.48099541]]
[[-2.47992856 -2.461828   -2.47355069]]
[[-2.49918508 -2.49600594 -2.42460985]]
[[-2.46404949 -2.46046195 -2.49542966]]
[[-2.47624921 -2.46859324 -2.46821668]]
[[-2.49100543 -2.45039603 -2.49860106]]
[[-2.4892041  -2.49085425 -2.46228666]]
[[-2.4977609  -2.49583861 -2.43422727]]
[[-2.48058583 -2.48958426 -2.49411769]]
[[-2.45399999 -2.48515107 -2.48942083]]
[[-2.45543619 -2.4889719  -2.47774498]]
[[-2.49809938 -2.4520729  -2.47109777]]
[[-2.49530772 -2.48947823 -2.46873118]]
[[-2.48481801 -2.46573623 -2.4927137 ]]
[[-2.46902576 -2.48900112 -2.45354883]]
[[-2.49543619 -2.4759848  -2.497562  ]]
[[-2.49752216 -2.42461389 -2.49625919]]
[[-2.45784834 -2.48325931 -2.48504835]]
[[-2.44465802 -2.47983161 -2.49426375]]
[[-2.48733218 -2.48880772 -2.48448708]]
[[-2.49094785 -2.46341127 -2.48328555]]
[[-2.48728819 -2.49282564 -2.46744824]]
[[-2.49939491 -2.43546961 -2.47789329]]
[[-2.45380862 -2.49310807 -2.47056385]]
[[-2.46951471 -2.46819211 -2.47467119]]
[[-2.45370332 -2.45778745 -2.49992869]]
[[-2.49143038 -2.46336857 -2.4812642 ]]
[[-2.46694253 -2.46920116 -2.49766629]]
[[-2.48886521 -2.46259654 -2.48212071]]
[[-2.4901716  -2.49856146 -2.48682832]]
[[-2.46406989 -2.47615644 -2.47840842]]
[[-2.46868955 -2.48008416 -2.47522869]]
[[-2.49961257 -2.49936681 -2.47880322]]
[[-2.46788734 -2.48246095 -2.47358064]]
[[-2.46010724 -2.49343952 -2.49567998]]
[[-2.49549588 -2.48055287 -2.45176666]]
[[-2.49964444 -2.43468445 -2.49017259]]
[[-2.46276252 -2.4796879  -2.47475573]]
[[-2.49967793 -2.4878013  -2.43057778]]
[[-2.47273187 -2.48440303 -2.47137927]]
[[-2.46992719 -2.4767928  -2.49380896]]
[[-2.4841697  -2.48278103 -2.49965716]]
[[-2.4698589  -2.49769027 -2.46743137]]
[[-2.44993225 -2.48211395 -2.49052698]]
[[-2.43935721 -2.49971485 -2.4929289 ]]
[[-2.45154575 -2.49243667 -2.48697134]]
[[-2.49335357 -2.4955658  -2.47102302]]
[[-2.46569846 -2.4876028  -2.48237698]]
[[-2.4620752  -2.47836637 -2.48725171]]
[[-2.47003596 -2.47671737 -2.47023282]]
[[-2.48094316 -2.49813078 -2.4688615 ]]
[[-2.49430011 -2.49609105 -2.44224898]]
[[-2.49129269 -2.46341562 -2.4734244 ]]
[[-2.4505292 -2.4982663 -2.4698583]]
[[-2.45858589 -2.47559038 -2.4891872 ]]
[[-2.46116431 -2.48545625 -2.49770126]]
[[-2.49771312 -2.49306752 -2.47236648]]
[[-2.47999978 -2.45924502 -2.49369567]]
[[-2.49694166 -2.48043675 -2.45989403]]
[[-2.45432917 -2.47577193 -2.48802476]]
[[-2.48922978 -2.48449639 -2.45477758]]
[[-2.45039973 -2.49384817 -2.47150161]]
[[-2.49397858 -2.47626221 -2.49696194]]
[[-2.45591761 -2.48770892 -2.49059333]]
[[-2.42580093 -2.49732101 -2.48916716]]
[[-2.49284661 -2.47414162 -2.48544852]]
[[-2.4943119  -2.49560227 -2.48893161]]
[[-2.48814064 -2.45127176 -2.49576219]]
[[-2.49646581 -2.45766637 -2.48917985]]
[[-2.49452493 -2.47331943 -2.4494858 ]]
[[-2.48379306 -2.48022167 -2.45190296]]
[[-2.48917578 -2.48219722 -2.45111263]]
[[-2.49020222 -2.49841784 -2.46192047]]
[[-2.44651546 -2.4896999  -2.4780853 ]]
[[-2.44854039 -2.498139   -2.48224807]]
[[-2.4754555  -2.47233216 -2.4815214 ]]
[[-2.49891004 -2.43756022 -2.47458409]]
[[-2.46785591 -2.49546652 -2.48314454]]
[[-2.4784214  -2.48571947 -2.44684302]]
[[-2.49621512 -2.46689106 -2.49441894]]
[[-2.49465782 -2.49506585 -2.45875586]]
[[-2.4826866  -2.45452886 -2.48285643]]
[[-2.49776588 -2.42652755 -2.49347738]]
[[-2.47563113 -2.46208539 -2.4983732 ]]
[[-2.46299708 -2.4689413  -2.49970164]]
[[-2.49714537 -2.42429186 -2.49909944]]
[[-2.46395381 -2.48726985 -2.49413287]]
[[-2.48199707 -2.47912509 -2.45033713]]
[[-2.44984867 -2.483062   -2.49210915]]
[[-2.49055908 -2.42286861 -2.4996979 ]]
[[-2.49901583 -2.45290971 -2.49939621]]
[[-2.48600235 -2.47610463 -2.49264814]]
[[-2.49322593 -2.4914033  -2.44537817]]
[[-2.49310408 -2.49439087 -2.45165925]]
[[-2.4486465  -2.49213619 -2.4707091 ]]
[[-2.4940606  -2.44408876 -2.48285487]]
[[-2.49706542 -2.44136121 -2.47351379]]
[[-2.44777314 -2.49390439 -2.49920006]]
[[-2.48235539 -2.4661953  -2.4927491 ]]
[[-2.49722073 -2.46712446 -2.47328096]]
[[-2.49540746 -2.44331538 -2.47903928]]
[[-2.48822037 -2.46365425 -2.4721374 ]]
[[-2.48024383 -2.49528607 -2.45746362]]
[[-2.48549518 -2.46492079 -2.47489415]]
[[-2.47327921 -2.46931325 -2.4832716 ]]
[[-2.49280417 -2.49807985 -2.42999222]]
[[-2.47109381 -2.46735407 -2.49223196]]
[[-2.47333933 -2.48302181 -2.45498509]]
[[-2.47207423 -2.45916983 -2.47998761]]
[[-2.48169424 -2.48389873 -2.48310761]]
[[-2.4850192  -2.48161425 -2.46316514]]
[[-2.48046107 -2.47344498 -2.47443902]]
[[-2.47755495 -2.4852422  -2.47732357]]
[[-2.49249299 -2.46986375 -2.49650128]]
[[-2.47775064 -2.48907492 -2.45850154]]
[[-2.48561568 -2.48992139 -2.47932435]]
[[-2.49476085 -2.45110549 -2.48024665]]
[[-2.48691652 -2.47713041 -2.47399349]]
[[-2.48107381 -2.46516716 -2.48675865]]
[[-2.47251314 -2.4643735  -2.47502315]]
[[-2.46958343 -2.48738114 -2.45908851]]
[[-2.4787172  -2.451679   -2.49082436]]
[[-2.49390019 -2.43583663 -2.48254023]]
[[-2.49636233 -2.41744184 -2.49787857]]
[[-2.48180927 -2.46968041 -2.49129598]]
[[-2.49493198 -2.49484809 -2.46358949]]
[[-2.48730863 -2.48209522 -2.49954911]]
[[-2.4999795  -2.48563565 -2.49702344]]
[[-2.46917526 -2.47487032 -2.49686466]]
[[-2.43134301 -2.48895383 -2.49840681]]
[[-2.49067804 -2.45475291 -2.48458416]]
[[-2.49559859 -2.49663781 -2.43583396]]
[[-2.4903993  -2.47489532 -2.46226244]]
[[-2.49204313 -2.4524309  -2.49002159]]
[[-2.48178366 -2.44545282 -2.49481199]]
[[-2.49505336 -2.47509407 -2.48011631]]
[[-2.46640143 -2.47325517 -2.49800776]]
[[-2.45401735 -2.4991732  -2.45991227]]
[[-2.4988997  -2.49884875 -2.47917097]]
[[-2.49964279 -2.48978931 -2.47868148]]
[[-2.49432802 -2.49220405 -2.43351752]]
[[-2.48343596 -2.48005902 -2.45753224]]
[[-2.4983217  -2.49260355 -2.44300314]]
[[-2.49256833 -2.4986073  -2.49282563]]
[[-2.46768032 -2.49382577 -2.46366138]]
[[-2.48950086 -2.47037887 -2.4698886 ]]
[[-2.47518627 -2.49212083 -2.45368916]]
[[-2.46409757 -2.45943383 -2.49668422]]
[[-2.4822288  -2.46234798 -2.49229531]]
[[-2.49282293 -2.45355168 -2.4890377 ]]
