[[0.1399007  0.07017584 0.81722781]
 [0.66865618 0.98703456 1.02622557]]
[[ 1.84504921 -0.50382916  0.64740443]
 [-2.42282988  1.6189314   1.13937293]]
[[ 0.56900097  0.1632956   0.54663599]
 [ 0.28345224  2.28813961 -0.77279779]]
[[-0.17689412  0.93407795  1.47792854]
 [ 1.01333494  2.2759955  -1.10086737]]
[[ 0.07351486 -1.85253008  2.23070147]
 [ 1.9339279   1.32815594  2.45019888]]
[[-0.02286156  2.12394221  1.11517652]
 [-0.85454286  2.21798132  0.85306117]]
[[-0.09834048  1.82060448 -1.64493484]
 [ 1.15539679  0.86424037 -1.31289052]]
[[-1.37412417  2.09382683  2.46718745]
 [-0.60867968  1.75334262  1.02955903]]
[[ 1.1102489  -0.00241494  2.16052654]
 [ 2.1640785   0.98213812 -0.71909524]]
[[ 1.12645948  2.16116283  0.85977492]
 [-0.23498943  0.46861188  0.18130539]]
[[ 0.22198356 -0.51996422  2.16354301]
 [ 0.18228287  1.65608089 -1.55957506]]
[[ 2.38051544 -0.59242709  1.18557087]
 [ 0.83906201  2.42213861 -2.31541801]]
[[ 1.35822606  2.46299642 -0.77037597]
 [ 2.32032265 -2.46165468  1.03661626]]
[[ 0.55799399 -1.98734086  1.3943995 ]
 [-0.44338095  2.26337425 -0.67991002]]
[[-1.50910728  1.89448269  2.34304075]
 [ 1.23739222  0.75131321 -1.91376696]]
[[ 2.22302347  1.83134626  2.23719652]
 [ 2.35774266  1.14174267 -0.61480397]]
[[ 0.71845191  0.42647771  0.39285414]
 [ 1.42170671 -1.91157247  1.48576024]]
[[ 1.69433123  2.4918125  -0.32880832]
 [-0.86544563  1.4623712   0.03729527]]
[[-0.31912356  1.43055249 -0.43365604]
 [ 0.70166537 -0.84725238  1.09064339]]
[[ 1.30884093 -0.45820285 -0.35661674]
 [-2.12481644  2.39039302  0.4766313 ]]
[[-1.74510615  0.60777474  1.62031209]
 [ 1.99839395  1.73705871  0.55863575]]
[[-2.18854706  1.62697479  0.96767199]
 [-0.95920056  1.42371624  0.64418202]]
[[2.32702069 1.49678882 0.38101969]
 [1.67668967 2.31162847 0.63032482]]
[[-0.64215243  0.52647528  2.08353567]
 [ 2.22390872 -2.1897989   0.72692344]]
[[ 0.10843981  1.25229234 -1.21043722]
 [-0.30896217  0.20258048  0.61973163]]
[[-0.89738306  0.2941748   2.22951089]
 [ 2.49265323 -1.33081059  0.60491056]]
[[ 1.54883258  0.85268623 -0.60890291]
 [ 1.37895533 -1.00432785  2.19489171]]
[[0.05597398 1.23198728 1.94523239]
 [0.47642511 1.95980807 1.41651965]]
[[ 1.90663308 -0.71583266  0.09542423]
 [ 0.85021305 -0.77667457  0.85602416]]
[[ 1.08238079  1.30234592 -0.53455471]
 [ 2.37416295 -0.44380933 -0.80690047]]
[[-0.34337767 -0.71420481  2.18335723]
 [ 1.60195233 -1.55737725  1.53672111]]
[[-1.72982058  1.32665843  1.9178172 ]
 [ 0.79604226  2.39723689 -0.9057756 ]]
[[ 2.04489557  0.92607161 -0.94660999]
 [ 2.05260274  1.71512543 -0.96068694]]
[[ 1.33532183  0.72143209  1.20684421]
 [ 0.55973229  1.94285287 -2.01611158]]
[[ 1.81985572  1.89392109 -1.10101886]
 [ 0.06015028  1.49665597  1.54211207]]
[[-2.24730649  2.0132204   1.80901842]
 [ 1.27772983  1.30283976 -0.60576095]]
[[ 0.87184964  0.35464873 -1.28459765]
 [ 1.81395928 -0.19677489  1.47301693]]
[[ 2.49008505  0.8136545  -0.63920406]
 [ 0.52483636  1.21588597 -0.33539252]]
[[ 0.31765178  0.24298812 -0.04887983]
 [ 1.15295559 -0.73087105  1.65115938]]
[[ 0.66751509  2.05438094 -1.32930405]
 [-0.06150418 -0.29454525  1.90664599]]
[[ 0.06575021  0.98671073  1.22931363]
 [ 2.2047562  -2.43811227  0.42069076]]
[[ 2.3638817   2.04517001  1.95455557]
 [-0.1065072   0.58330145  0.00340258]]
[[-0.08647099  0.29009759 -0.02721824]
 [-1.68709364  2.17304362  0.66660704]]
[[ 0.33703997 -0.48398064  1.91043683]
 [-0.65970734  1.2162693   1.5135076 ]]
[[ 1.64976133  1.60149059  1.37004735]
 [ 1.99360912  2.49435696 -0.20129916]]
[[ 1.61254533  1.21624307 -1.84636725]
 [ 0.46480092  1.93174594  0.8628809 ]]
[[ 1.57351962 -0.9442361   2.35602555]
 [-1.09034681  0.16414978  1.8267033 ]]
[[ 0.72718108 -0.66583461  0.00855737]
 [ 1.40303066  1.12336741  0.48293009]]
[[ 1.34914609  0.05113183  0.6073342 ]
 [-0.48969257  1.32340994 -0.54191536]]
[[-0.60546705  1.42005388  2.4152021 ]
 [ 0.92451728  2.09686355  1.37029349]]
[[ 0.12097821  2.43774029  1.67397119]
 [ 1.02703704 -2.41573302  1.76383712]]
[[ 0.51512947 -1.8192712   1.2455574 ]
 [ 0.45913668 -0.04667637  0.79287154]]
[[-1.35127954  0.31357444  2.26473283]
 [ 1.27888257  0.23826371 -0.95357416]]
[[ 1.5363357  -1.91677231  1.36072254]
 [-0.54767088  0.31271396  2.02284147]]
[[ 2.49274029  1.84986717 -0.65964673]
 [ 1.28018939 -1.36326857  0.68965122]]
[[-0.27067739 -0.76644302  1.48256277]
 [-0.26926104  0.61216674  1.65240973]]
[[ 0.6389055  -2.17054119  1.07912116]
 [ 1.22941798  1.05701749 -0.20907568]]
[[ 0.05255457 -0.21466335  1.85533077]
 [-0.38136844  2.39001531  0.54841456]]
[[0.94065866 0.44414028 0.81234394]
 [1.8007059  2.27178394 2.34791554]]
[[-0.88667106  2.25778661  1.75549228]
 [-2.22642679  1.93514499  1.72199672]]
[[ 1.64044247  0.49026011 -1.07205373]
 [ 1.04443592  0.25668141 -0.57431351]]
[[ 1.72690065 -0.42201838  1.43444862]
 [-2.10912642  1.62610278  1.82974139]]
[[-1.96597671  0.74563263  1.07984224]
 [ 2.15899506  0.84070091 -0.82779996]]
[[ 1.10920916 -0.29362873  1.53677005]
 [ 0.21758733  1.84276011 -0.13090008]]
[[-0.98162456  1.59296167  0.32620865]
 [ 1.79721718  0.51962524  1.90431894]]
[[ 1.55492545 -1.9396916   1.05464227]
 [ 1.55327943  0.89443647  0.10237129]]
[[ 0.69495125 -0.18306881  2.17693975]
 [ 0.91919325 -0.93389181  0.04685373]]
[[ 2.22236925 -1.55384418  2.34517815]
 [ 1.12236596 -1.7530886   1.26968541]]
[[ 1.52385174 -0.45869956  0.21286536]
 [ 1.73573568  0.65935259 -1.12411078]]
[[ 0.45297244  0.5972776  -0.6124383 ]
 [-1.23523191  0.16075161  2.43731224]]
[[ 0.19795531  0.90263906 -0.8602322 ]
 [ 0.41763533  2.45077332  0.39959221]]
[[ 1.58431816 -1.07635287  1.68922388]
 [ 1.17557083 -1.66363043  0.95616184]]
[[ 1.39926942 -0.59881479  2.21131328]
 [ 0.86498705  0.19761012  1.89329062]]
[[-1.47740377  2.39172362  2.44357345]
 [ 1.33925972 -0.7802401   1.04651333]]
[[ 2.48565887 -1.82850781 -0.09629711]
 [-0.05022519 -1.63976732  2.08048315]]
[[-0.35780706 -0.53012198  1.09544206]
 [ 1.61613884 -2.42355278  0.79281617]]
[[0.44404298 1.62235907 1.33076461]
 [1.40126232 0.18274314 1.39591975]]
[[ 2.21507726  2.10814488  2.44546471]
 [ 1.7771377  -0.74296424  0.22435771]]
[[ 1.0643553  -2.48490969  1.54022304]
 [ 2.23463809 -0.88987019  1.127293  ]]
[[-1.83997624  2.2623086   0.93775313]
 [ 2.08388924 -0.92655066  0.90573046]]
[[ 1.86027003  0.58811862 -2.35009285]
 [-0.41076701  1.96679023  0.58455425]]
[[ 0.13661358 -0.0049494   0.3976697 ]
 [-1.03100887  2.2172703  -0.33745327]]
[[ 0.45713027  2.04994551  1.16790103]
 [-0.31084368  0.34142983  2.1191728 ]]
[[ 2.4051929  -2.24583675  1.66817942]
 [ 0.21470066  1.63361934  1.79111301]]
[[ 2.208926    2.38447093 -0.07589248]
 [-0.90932167  2.07141501  0.57754981]]
[[ 0.23777717  2.21870341  0.95757148]
 [ 1.29219241 -2.07594631  2.46054371]]
[[ 0.44783997  0.00670687  0.22723452]
 [ 1.42298793 -2.34383343  1.1300064 ]]
[[ 1.90995325  1.4689569   1.98116197]
 [-1.21392949  0.26810927  1.40859573]]
[[ 0.7189245  -1.29383268  0.67631272]
 [ 1.21973188 -0.69189593  0.93954854]]
[[ 0.40792865 -0.04440956 -0.17785597]
 [ 1.76886847  2.47993076 -1.79077847]]
[[-0.60507489  0.84447429  1.61983934]
 [ 1.52271881  2.06536765  1.73311155]]
[[ 2.39430111 -1.79263508 -0.06423062]
 [ 0.62032505  2.19630524  1.64832933]]
[[-1.17508647  1.857925    0.6227494 ]
 [ 1.05889158  1.6467902   0.25862194]]
[[ 1.09730619  1.63969003  2.13633794]
 [ 2.27544018  0.15575368 -2.1453302 ]]
[[ 0.8990907   1.38572472  1.64711368]
 [ 0.51242512  1.55435729 -2.46356009]]
[[-0.61748267  2.1285555   2.47508325]
 [ 0.58020901 -0.76816056  0.66245024]]
[[-0.67175079  0.35208223  1.96819722]
 [-0.51677183  2.2076878   0.44708541]]
[[ 1.70222189 -1.68993838  1.42275999]
 [ 1.19492185 -1.51163384  2.25162198]]
[[ 2.07219042  1.3853172   0.44596964]
 [ 0.35996326 -0.88917199  0.7006548 ]]
[[ 0.5001188  -0.80217705  0.96863846]
 [ 0.97309849  0.8318964  -1.0155343 ]]
[[-1.39011155  2.02517739  0.18438871]
 [ 1.13852799 -1.27463641  1.73587373]]
[[-0.72203848  1.08827469  2.20448121]
 [ 1.61723096 -0.89174713  2.49836865]]
[[ 1.36911645 -0.95708182  1.86111929]
 [ 0.62783325 -1.46341892  1.64621384]]
[[ 1.21323804 -1.46651522  0.37633635]
 [-0.22959413  0.89917421  2.40611617]]
[[ 1.36093768  0.3697901   1.36202548]
 [ 1.40862578  1.74541442 -0.34811212]]
[[-0.35034869  2.11751906  0.98901723]
 [ 2.12309185 -0.94245414  1.08357424]]
[[ 2.00651298  1.23646703 -0.27887703]
 [-0.91702757  2.36758556  1.05424293]]
[[ 0.27264612  1.16788224  0.96827684]
 [ 0.86814819 -0.68635962  1.89288381]]
[[ 0.52946799  1.80389087  1.96116362]
 [-1.58951733  2.44829768  1.65096137]]
[[ 1.0569246   0.54155873 -0.26980308]
 [ 2.48218412  0.91096542 -1.62666971]]
[[ 0.38167089 -0.64264958  2.09168176]
 [ 1.44560772  0.39228122  0.32002907]]
[[ 0.14960197 -2.07111543  2.03187519]
 [ 0.72657796  1.82770497 -1.40209891]]
[[ 1.43026162 -2.48996237  1.72335328]
 [-1.26143293  1.08277013  1.87182087]]
[[-1.80623046  2.00716651 -0.13174729]
 [ 0.85178895 -0.999927    1.7463084 ]]
[[ 2.28706187  1.48878602 -1.71562814]
 [-1.22596987  2.30814399  0.17338924]]
[[ 0.74189718  0.18543391  1.74836375]
 [ 2.25309322  0.28577279 -0.9449617 ]]
[[ 1.83011757  0.3536183   2.13982768]
 [-1.36946859  1.22792726  0.85601851]]
[[1.35002384 0.85208794 0.84786199]
 [0.5967482  2.36270228 1.60610131]]
[[-0.78420998  2.33855578  2.24988184]
 [ 0.09066053  1.21294317  2.41589934]]
[[ 1.00966126 -2.21473063  1.19308023]
 [-1.39226214  2.14545285 -0.11858787]]
[[0.09087733 0.17927362 0.16730888]
 [2.17596563 1.29026985 1.27767988]]
[[ 0.32742469  0.55679323 -0.79320924]
 [ 2.16264485  1.86772575  0.71118655]]
[[ 1.91654957 -0.47121877  1.99876222]
 [-2.38406357  2.37036206  0.69174346]]
[[2.18031615 1.10396876 0.63224122]
 [1.16913658 2.31459665 2.36883932]]
[[ 2.01319517  0.83077948 -0.63826994]
 [-0.46111721  1.49513001 -0.69815944]]
[[-0.95135946  1.09120689  1.29577381]
 [-0.85066302 -0.27959138  1.69276102]]
[[ 0.60741414  1.94730135  2.14000413]
 [-1.00941661  1.48889114  2.0272034 ]]
[[-1.52908918  2.31098275  1.9800793 ]
 [ 0.45321745 -1.28400491  0.73919418]]
[[ 0.38264248 -0.27244794  2.2805065 ]
 [ 0.44303556 -1.33817943  1.24165641]]
[[ 1.32672877  0.21026471 -1.25417303]
 [ 1.24320646 -2.33603894  1.74083836]]
