[[0.02398994 0.01128735 0.00207781 0.00345914]]
[[0.02389863 0.00507666 0.02292644 0.00844177]]
[[0.02389989 0.01873456 0.0019519  0.0021948 ]]
[[0.02364756 0.01243146 0.01645473 0.01860984]]
[[0.02368474 0.00683398 0.011098   0.00509894]]
[[0.02394536 0.01582042 0.01927354 0.0101861 ]]
[[0.02381617 0.01071849 0.00366992 0.00515306]]
[[0.0238665  0.01616621 0.00406946 0.00504303]]
[[0.02384207 0.0082665  0.01003873 0.00706646]]
[[0.02391433 0.01457842 0.01511147 0.00875291]]
[[0.02393051 0.02314453 0.02296361 0.01507924]]
[[0.02358343 0.01906752 0.00828092 0.00570197]]
[[0.02396538 0.01527364 0.01372004 0.01931194]]
[[0.02358784 0.02280015 0.00773417 0.00776268]]
[[0.02370613 0.01037272 0.00481937 0.00208418]]
[[0.02392162 0.00940244 0.00299628 0.00157508]]
[[0.02325587 0.011919   0.00355477 0.00225803]]
[[0.02382354 0.02048974 0.00431104 0.00600681]]
[[0.02346845 0.01352156 0.01119917 0.01308552]]
[[0.02353161 0.01692243 0.0021545  0.00244953]]
[[0.02398928 0.00254153 0.00838837 0.00118824]]
[[0.02375376 0.00390369 0.01681498 0.00268074]]
[[0.02392481 0.01014919 0.01915931 0.0134518 ]]
[[0.02398194 0.01183071 0.02150847 0.01189591]]
[[0.02343651 0.01425032 0.00247315 0.00328453]]
[[0.02355355 0.0056246  0.02213785 0.00856831]]
[[0.02398064 0.01649174 0.00169881 0.00184906]]
[[0.0234795  0.01003154 0.01219195 0.00398379]]
[[0.02388789 0.00824861 0.00614303 0.00287294]]
[[0.02359602 0.00643441 0.01860028 0.00938963]]
[[0.0238857  0.02246932 0.01968701 0.01872434]]
[[0.02373859 0.00435925 0.01851543 0.00691033]]
[[0.02396718 0.01621644 0.00845723 0.00897912]]
[[0.02386572 0.021046   0.00878199 0.00854012]]
[[0.02399755 0.00288744 0.01200847 0.00143437]]
[[0.0237199  0.01511752 0.0200781  0.01346491]]
[[0.02361861 0.00395441 0.00899904 0.00247183]]
[[0.02382581 0.00768927 0.00946554 0.0037059 ]]
[[0.02389985 0.02127773 0.01730549 0.01829085]]
[[0.02381398 0.00903561 0.01390954 0.00636905]]
[[0.02324792 0.01673381 0.01650982 0.01373517]]
[[0.02369171 0.01177278 0.00672474 0.00499217]]
[[0.02336262 0.01847812 0.00210239 0.00375936]]
[[0.02381143 0.00230111 0.00253964 0.00096622]]
[[0.02397475 0.01181385 0.00192969 0.00316694]]
[[0.02361705 0.00212648 0.00462093 0.00173989]]
[[0.02359147 0.01115975 0.01696406 0.00957588]]
[[0.02352327 0.0057052  0.00797976 0.00447637]]
[[0.02353828 0.01158683 0.01688659 0.00554951]]
[[0.02381524 0.02016084 0.02020337 0.01493364]]
[[0.02362359 0.02052428 0.01421291 0.01841668]]
[[0.02369144 0.02214693 0.00969614 0.00926776]]
[[0.02344379 0.00933658 0.01687336 0.00972576]]
[[0.0233277  0.00802096 0.01181703 0.00402405]]
[[0.02376476 0.02388353 0.00552219 0.00684267]]
[[0.02358537 0.01495106 0.00500678 0.00600859]]
[[0.02384388 0.00334324 0.01274038 0.00436972]]
[[0.02383735 0.0110146  0.00932496 0.00678566]]
[[0.02365072 0.00968852 0.02178008 0.00946798]]
[[0.02383479 0.00489585 0.00749104 0.00358982]]
[[0.02369038 0.00849038 0.00498379 0.00254491]]
[[0.02375639 0.01919511 0.0067411  0.00756586]]
[[0.02394662 0.00436569 0.01298847 0.00316839]]
[[0.02331941 0.01499952 0.01106149 0.00533539]]
[[0.0237008  0.01364778 0.01333056 0.00898499]]
[[0.02379665 0.00185993 0.00831073 0.00136585]]
[[0.02340954 0.00152474 0.02395876 0.00175424]]
[[0.02388675 0.00196052 0.00835765 0.00129847]]
[[0.02340636 0.00820254 0.01637526 0.00789688]]
[[0.02369765 0.01718507 0.01299874 0.01129382]]
[[0.02360808 0.02281273 0.00542357 0.01211224]]
[[0.02333805 0.00401154 0.02156524 0.00358949]]
[[0.02357503 0.00913257 0.02120016 0.00913258]]
[[0.02349773 0.00356138 0.01909859 0.00444281]]
[[0.0239998  0.00171471 0.00367138 0.00084436]]
[[0.02372719 0.00275105 0.01178777 0.00288049]]
[[0.0239328  0.00912209 0.00785604 0.00510218]]
[[0.02393913 0.01448497 0.0031246  0.00539138]]
[[0.02326409 0.00249079 0.00590586 0.00135527]]
[[0.02318125 0.01267831 0.01273632 0.00882456]]
[[0.02399933 0.01683923 0.01489758 0.01777148]]
[[0.0237836  0.01681923 0.00814923 0.00646893]]
[[0.02361398 0.01258814 0.00460658 0.00244736]]
[[0.02354891 0.02201944 0.01122512 0.01150115]]
[[0.02393304 0.01216294 0.0173732  0.01141558]]
[[0.02391159 0.02014278 0.01531941 0.01487509]]
[[0.02395586 0.01871825 0.01916707 0.01550768]]
[[0.02394412 0.0052912  0.0057296  0.00397704]]
[[0.02383883 0.00335289 0.00869904 0.00275798]]
[[0.02366701 0.02386879 0.01815521 0.02326065]]
[[0.0238078  0.01608882 0.00391352 0.00535247]]
[[0.02371877 0.00395246 0.01310557 0.00409926]]
[[0.02336818 0.00559673 0.01348516 0.00313876]]
[[0.02391732 0.01074599 0.0199689  0.01112284]]
[[0.02386626 0.01053223 0.00945466 0.00341467]]
[[0.02372911 0.01145586 0.0026507  0.00272444]]
[[0.02373905 0.00747476 0.00264231 0.00170125]]
[[0.02386681 0.0054802  0.00323887 0.00123882]]
[[0.02382814 0.0066951  0.00589584 0.00315928]]
[[0.02350579 0.00716838 0.00128734 0.00099496]]
[[0.02362313 0.00764437 0.02315375 0.00990256]]
[[0.02393931 0.01634762 0.00844288 0.00826017]]
[[0.02376476 0.00907929 0.00682525 0.00353835]]
[[0.02396231 0.01145488 0.00355008 0.00320928]]
[[0.02338163 0.0088791  0.01997165 0.00801845]]
[[0.02375229 0.01126692 0.0048492  0.00501645]]
[[0.02365117 0.00955212 0.00218899 0.00129429]]
[[0.02327172 0.02331189 0.00141463 0.00192805]]
[[0.02373558 0.00364717 0.01743191 0.00421021]]
[[0.02380058 0.01644329 0.01612834 0.0124854 ]]
[[0.02386784 0.01917694 0.01442115 0.01535381]]
[[0.02377981 0.02335646 0.00929055 0.01324171]]
[[0.02399264 0.01467848 0.02178119 0.02236489]]
[[0.02376965 0.01633704 0.00348369 0.00338389]]
[[0.02344267 0.01889074 0.01510833 0.01522595]]
[[0.02386526 0.0097323  0.00445848 0.0020722 ]]
[[0.02388365 0.00232433 0.0086258  0.00189875]]
[[0.02382153 0.0025295  0.00750633 0.00234698]]
[[0.02385998 0.00912849 0.0083234  0.0038678 ]]
[[0.02355098 0.00768249 0.00370542 0.00291409]]
[[0.02396646 0.01844226 0.01029387 0.00905753]]
[[0.02369787 0.01402708 0.00238039 0.00443241]]
[[0.02394446 0.01910456 0.01243151 0.00988655]]
[[0.02339267 0.01869378 0.00831793 0.00800709]]
[[0.02385387 0.00471429 0.01272914 0.00520804]]
[[0.02376638 0.02322472 0.00249468 0.00247918]]
[[0.02391613 0.00713472 0.00375256 0.00161568]]
[[0.0235048  0.01205331 0.00840341 0.00690358]]
[[0.0239855  0.01111463 0.01533906 0.00741925]]
[[0.02333134 0.01390572 0.00865027 0.0069592 ]]
[[0.02381144 0.01048208 0.00239    0.00257973]]
[[0.02365506 0.01107289 0.02159376 0.00930894]]
[[0.02380384 0.00359134 0.00615752 0.00137845]]
[[0.02394605 0.01468844 0.01781632 0.02212215]]
[[0.0239985  0.02122838 0.00475048 0.00604541]]
[[0.02355469 0.01714451 0.01399193 0.00908238]]
[[0.02374359 0.01282084 0.00281895 0.0048413 ]]
[[0.02352421 0.01467842 0.01236951 0.01799365]]
[[0.0234544  0.00517547 0.02322027 0.00673886]]
[[0.02363775 0.01648129 0.01741429 0.00956689]]
[[0.0238002  0.01721269 0.00415248 0.00426759]]
[[0.02399237 0.02328631 0.00458624 0.00814764]]
[[0.02384873 0.00742025 0.00936794 0.00312485]]
[[0.02384277 0.01691831 0.01650261 0.01178237]]
[[0.02368834 0.01693235 0.01544901 0.01447737]]
[[0.02344209 0.01797009 0.00922767 0.00736032]]
[[0.02376592 0.02038593 0.01204199 0.0111204 ]]
[[0.02326129 0.02033367 0.01641868 0.00974568]]
[[0.0239805  0.00889613 0.01348091 0.00641273]]
[[0.02397082 0.01277232 0.00416962 0.00501361]]
[[0.02337046 0.00244832 0.00412953 0.00117288]]
[[0.02396867 0.01871981 0.00723478 0.00844813]]
[[0.02378658 0.01607693 0.00200353 0.00413931]]
[[0.02384419 0.00865921 0.009024   0.00704872]]
[[0.02394617 0.01441335 0.01150447 0.00803342]]
[[0.02348438 0.02080641 0.00647447 0.00683754]]
[[0.0233917  0.00567393 0.00634601 0.00226287]]
[[0.02314763 0.01195697 0.00715743 0.00394798]]
[[0.02353702 0.01343265 0.00759302 0.00556365]]
[[0.02369795 0.00881003 0.00141201 0.00180273]]
[[0.02388922 0.0106506  0.01151105 0.00827002]]
[[0.023549   0.01539126 0.00474434 0.00436796]]
[[0.0237166  0.02386277 0.00585687 0.01319324]]
[[0.02397792 0.00985267 0.02308988 0.01223954]]
