[[-0.73547974  1.43073009  0.89103133]
 [ 1.86749778  2.20969844  0.44962531]]
[[ 0.92938116  0.02539356 -0.21260231]
 [-1.41663115  2.28809538  2.1004188 ]]
[[ 1.01963007  2.23169159 -2.29320913]
 [ 1.72237423 -0.45064878 -0.96305507]]
[[-0.78737022  1.09382663  0.77485853]
 [ 0.25498552 -0.82062314  1.08636207]]
[[ 1.07795215  1.23419999 -0.52312   ]
 [ 0.34344059  1.64078084  0.54491373]]
[[ 2.10800622 -1.7421385   0.54663256]
 [ 0.64503158  0.56303588  1.34758806]]
[[ 2.4830672   2.4919109   1.54702049]
 [ 1.5300366  -0.06035779  0.57192136]]
[[ 0.25925462  2.0520278   0.9156047 ]
 [-0.38045932  0.4502917   0.3959198 ]]
[[2.03038121 0.52357173 0.41554384]
 [2.11151352 1.7444624  1.98943429]]
[[ 1.08889267  0.29721016  1.86702684]
 [-2.141652    1.22627423  1.49346985]]
[[-0.27770205 -0.14508769  1.70918602]
 [-2.28726888  2.06126298  1.65980461]]
[[1.67461736 0.01237849 1.06755059]
 [1.39180477 2.29175279 0.27772908]]
[[ 0.03869394 -0.40055077  2.3099866 ]
 [-2.14271646  1.8725225   1.67242898]]
[[-0.14679592  1.93600418  0.63360578]
 [ 1.57989387  1.22926495 -1.39470051]]
[[ 1.26196602  2.1256496  -2.24569442]
 [-2.38737051  2.03834615  1.33799903]]
[[ 0.19624574  1.2807087   0.75943192]
 [-2.02316039  1.94904788  0.45262457]]
[[ 0.39018015 -0.58470156  0.25610291]
 [-0.75341488  1.24650671  0.34959608]]
[[-0.23188727  2.09214076 -1.16737858]
 [ 0.06181094  1.92812014  0.70404985]]
[[ 1.4788915   0.7408389  -1.92158143]
 [-0.63588214  2.3155678   0.88950247]]
[[0.55613356 0.86822883 0.8083681 ]
 [0.40417906 2.48708045 1.3921712 ]]
[[ 0.31114496  2.43903311 -2.20763495]
 [ 0.19895031  1.14777981  1.27401863]]
[[ 1.72831611  1.61262712 -2.41400372]
 [-0.15845778 -0.48257989  2.06294969]]
[[ 1.30336862  0.64981105 -1.41989601]
 [ 1.59869241  0.99005285  1.00694371]]
[[ 1.83386291  0.42537726 -1.98582475]
 [ 1.24535533  0.98770208  1.39145433]]
[[-0.76311261  1.32979818 -0.1406442 ]
 [ 0.82755505 -0.03491412  0.44062079]]
[[-2.16636264  0.87300138  1.34326531]
 [ 0.53988194 -0.64379624  1.8416344 ]]
[[-1.53326087  1.563203    0.31609679]
 [ 1.21414732  1.93987341 -0.02660456]]
[[-1.12831482  2.03521967  0.01657187]
 [ 1.54779603  0.55688138  2.07948642]]
[[ 0.0580495   1.78219592 -0.0305591 ]
 [ 1.90231571 -1.22411035  2.3176987 ]]
[[-1.5456041   2.06980422  1.19593959]
 [ 0.4936275   0.40096895 -0.91458629]]
[[-1.76378888  1.01014493  2.0866151 ]
 [ 0.1661859   0.29967246  0.95342199]]
[[ 1.99802689  0.19021401  1.0566972 ]
 [ 2.27756169 -1.00241646  1.17036965]]
[[ 1.8859888  -2.13455707  0.89026571]
 [ 1.40152888  1.09289337  1.9893414 ]]
[[ 2.20693555 -1.02597681  1.39374273]
 [ 1.82268184 -1.62196709  1.4601427 ]]
[[-0.37451819  1.86693067  2.0943431 ]
 [-2.35338684  1.63337848  0.75649628]]
[[ 1.8971961   0.16294392 -1.61263294]
 [-0.56817517  1.23266522  0.51630652]]
[[ 1.61265849  2.20375831 -1.13464827]
 [ 0.53463236 -0.81357611  1.30153073]]
[[-2.06506306  0.45116249  1.8941272 ]
 [ 1.81738079  1.95698329  1.40090142]]
[[ 1.42152782 -0.46278415  2.2058015 ]
 [ 1.73869593  0.69372948 -1.00849578]]
[[ 1.03931611 -1.69500564  2.28685439]
 [ 2.0734547  -1.29569293  2.40068763]]
[[-1.22235161  1.35319788  1.29075178]
 [ 0.82000144  1.11489719  0.88480929]]
[[ 0.54322847 -0.83184671  2.25123619]
 [-1.47753382  0.36940548  2.44037242]]
[[ 1.68602666  0.6396182  -2.48973402]
 [ 2.16513771 -0.12128937 -0.6251565 ]]
[[ 1.43237843  1.4193759  -1.75743154]
 [ 0.76876751 -0.7196375   2.01373304]]
[[ 0.284693   -0.38957657  1.50398079]
 [ 1.12553613  0.1381996   2.26522466]]
[[ 1.78807088  2.1302415   2.31058568]
 [ 1.43939684 -0.60548417  1.89917093]]
[[ 0.68084356  1.27535369 -0.3597146 ]
 [-0.73413253  1.78851125  1.17569267]]
[[-0.8830842   1.31367747  2.48671465]
 [-2.03171882  2.08091499  0.85832623]]
[[ 2.48821446 -0.00711455  1.73338452]
 [ 0.59514411  1.97339285  1.08685705]]
[[-0.2882444   0.93658194  2.44157789]
 [ 0.21702956  2.00414711 -0.94661716]]
[[-0.57281806  2.49184071  0.3261637 ]
 [ 1.10635176 -0.3974062   1.65114274]]
[[ 1.90716023  1.42777382 -1.48431298]
 [ 2.163811    1.5165562   0.72568686]]
[[ 0.94617782  1.05570331  2.22017581]
 [ 1.5702     -1.35988555  1.26533809]]
[[1.71637867 1.59161043 1.99282565]
 [1.06012053 1.75931924 1.85783286]]
[[-1.17495201  1.54325448  1.65244267]
 [-2.19100119  0.58593655  1.65619575]]
[[-0.03544648  2.00567989 -1.68257619]
 [-0.08008647 -0.96740355  1.80655659]]
[[ 1.32963006 -0.38333304  1.54695644]
 [ 0.67162338 -0.73968813  0.64971174]]
[[ 2.43144996  0.34298507  1.29882442]
 [-0.54282176  2.149302    1.95269472]]
[[ 2.09435209  0.97744879  2.14541325]
 [ 0.56520092 -0.4604223   0.34466371]]
[[ 0.21667994 -1.04663635  1.44626814]
 [ 2.00633285 -0.23222613 -0.82822148]]
[[ 1.68124286 -2.2945336   1.23091679]
 [-1.61147305  1.16652122  0.39901974]]
[[-0.77520183  1.91817646  1.10236706]
 [ 2.2639567   0.85126527 -2.03832255]]
[[ 1.31926283  1.23494387 -0.65245051]
 [ 1.07506555  2.2992759   1.44586541]]
[[ 1.04358946 -0.18778611  2.11182153]
 [-0.2247871   2.36637524  1.62879769]]
[[1.29335117 0.39444031 2.16603629]
 [2.35142127 2.2688809  2.12867615]]
[[1.38842183 0.4622546  1.76915665]
 [1.16463051 0.31269835 0.6997907 ]]
[[-0.82034522  2.24728729  1.00216112]
 [ 0.91485835  1.81083809 -1.50130577]]
[[ 1.82302286 -1.62033912  1.57902486]
 [ 1.43169102  1.96140445  0.08464788]]
[[ 0.6401391   0.17177271  0.24208858]
 [ 1.53313411  0.75497432 -1.9902676 ]]
[[ 2.06619833  1.08433196 -1.82707394]
 [ 0.41487518 -2.14144966  1.55939958]]
[[-1.79084828  1.23282356  0.36812573]
 [-2.46789845  0.56612126  1.4305956 ]]
[[ 0.35763824  2.01286765  0.34396167]
 [ 0.59364329 -0.14011913  1.30644338]]
[[-1.45795607  2.34190869  0.60045883]
 [-2.41204966  0.61826014  1.59524053]]
[[ 2.01384148 -0.4168872   2.34291961]
 [-0.46530347  1.52968567  1.7959513 ]]
[[-0.32531508  2.17621529 -1.11677533]
 [ 1.25851791  1.99589864 -1.2750422 ]]
[[ 2.17474316  0.06065295 -1.59011867]
 [ 1.22192044  1.29799671 -1.88785546]]
[[ 0.01585038 -2.07330317  2.25678589]
 [ 1.26160812  1.74784564  1.81526727]]
[[ 1.42648367  1.28920076 -1.47914495]
 [ 1.91538096  0.0118251   0.27653948]]
[[-1.41325466  1.97297988  2.26723075]
 [-0.8877328   2.43151272  2.02414504]]
[[-1.35040804  1.75238435  2.25199364]
 [ 2.18503001 -0.96716926 -0.27538468]]
[[ 0.35091352  0.27515698 -0.0047327 ]
 [-0.29491165  0.6019271   2.16199754]]
[[ 2.48719218  0.24194898 -1.2789599 ]
 [ 1.98129904  1.73988755  1.72472963]]
[[-2.44437403  0.57064081  2.05630496]
 [-1.31297979  1.18974873  2.03156749]]
[[ 2.03034894  0.3771755  -0.71212808]
 [ 1.42336442 -2.0853668   2.37569052]]
[[ 2.44475052 -0.15847636  0.98982589]
 [-0.74776761  1.64778384  1.19183429]]
[[-0.17084862  0.10635662  0.45732212]
 [ 1.55875924  0.27766694 -1.76948258]]
[[ 0.60757546  0.03703682 -0.205571  ]
 [ 2.08833367  0.97199608  0.51705253]]
[[0.49597276 0.41139708 0.93016605]
 [0.75631589 1.531648   1.52830715]]
[[ 2.38928441  1.80100265  2.46653971]
 [ 0.58071828  1.84111967 -0.48341063]]
[[0.85200667 1.39013541 2.47140296]
 [1.099367   1.29972123 2.31492442]]
[[-0.80914558  0.67855537  2.00492715]
 [ 2.22262814  1.38410349 -0.3211041 ]]
[[ 0.68753493  1.88905937 -2.02852263]
 [-0.18676283  0.57871701  2.34624947]]
[[ 1.29268626  1.26378857 -1.88971619]
 [ 2.05540087 -0.3005539  -0.69151529]]
[[ 0.73540032  0.14800392  1.29168513]
 [ 2.42228492 -2.40483279  1.20147972]]
[[ 0.23060642 -0.06884371  1.71905408]
 [-0.25481613  0.0747785   1.48771894]]
[[ 2.43939713  1.06244177 -0.78456305]
 [ 2.2845555  -0.56842191 -1.06648045]]
[[-0.38614209  2.09755182 -0.18763693]
 [-0.07290804 -1.83250116  2.29296014]]
[[ 0.51309092  1.94422289  0.39332765]
 [ 1.94645948  0.87204506 -0.50494086]]
[[-2.362413    2.1102814   1.14649417]
 [ 1.7011972  -0.19234666 -1.02500486]]
[[ 0.5201873   1.79862284 -2.21869445]
 [-1.65351853  2.49181646  1.46217058]]
[[1.47361758 0.98889313 1.93368471]
 [1.41275362 2.38511039 1.69319186]]
[[-1.76874681  1.27581186  1.02950817]
 [ 2.3548914   1.29585417 -1.85556247]]
[[1.03157103 0.5384974  1.91876436]
 [1.89776359 2.24860335 1.49070728]]
[[-0.33570031  2.41318283  2.20429152]
 [ 0.52424466 -1.90435769  1.66042436]]
[[ 0.17004107  1.13422133 -0.44500484]
 [-0.81320745 -0.91416178  2.29018309]]
[[ 0.54150542  1.84228892 -0.54670419]
 [ 2.09930331  0.29670849 -0.66959498]]
[[-0.41432193  0.15988131  0.87638783]
 [ 0.07547841  2.21683068  0.29810346]]
[[-1.10130197  0.12396523  1.69333181]
 [ 1.07985808  1.5089731  -2.39952617]]
[[ 0.53878581  1.98317336  2.18866182]
 [-0.46227392  2.3338028   0.13003201]]
[[-0.03869975 -0.47500186  2.12031416]
 [-1.69940118  0.334429    1.63604412]]
[[ 1.55055037  1.23691143  2.14806481]
 [ 0.44773188 -0.9814633   1.92251267]]
[[ 1.05687248  0.89400932  0.01665084]
 [ 0.6326622   0.0484627  -0.40728218]]
[[-0.05880009 -1.35128988  2.36766245]
 [ 1.61187636 -0.10596278 -1.06510048]]
[[-0.60519122  1.23987658  0.98996418]
 [-1.83194101  0.79556646  1.22518538]]
[[-1.17473095  1.80287277 -0.27209573]
 [ 1.75121676  0.27117419 -2.21260163]]
[[ 1.18623941 -1.39653353  2.03512065]
 [ 1.93010369 -0.37363539  0.91048684]]
[[-0.86082698  1.1064397   2.0238505 ]
 [ 0.95571928 -0.12738436 -0.21030303]]
[[ 1.0586735   1.45013428 -0.37229136]
 [-0.22203155  2.22234131 -0.57038889]]
[[ 1.37434848  2.0241849  -1.42685357]
 [ 0.03705827  2.16954606  0.34387353]]
[[ 1.03788611  1.85047666 -1.78233933]
 [-1.64257513  2.10780034  0.23635425]]
[[ 0.27966287  1.1498745   0.50888205]
 [-0.97119904  2.43256972  2.40298898]]
[[ 0.15401632  1.47746771 -1.57428999]
 [ 1.93198175  0.92983721 -0.88307243]]
[[-0.88382001  1.61426385  1.11986281]
 [-1.2519143   1.81000386  0.677311  ]]
[[1.10486545 1.561179   1.88858121]
 [1.90674369 0.8137701  2.4518144 ]]
[[ 1.93379562  1.81910419  2.0540507 ]
 [-0.30206891  2.23631957 -1.57324017]]
[[-0.05688169  0.56008678  2.12915712]
 [-1.37194042  1.14275682  2.06661866]]
[[-1.79797816  0.90528254  0.97004026]
 [-1.02062172  1.98841145  0.66234912]]
[[ 2.45642769  1.56627731  1.61872064]
 [ 2.00334372 -0.08897047  1.8649452 ]]
[[-0.07283334  1.79118847 -0.77037511]
 [ 0.87417796  1.15203199 -1.70220713]]
[[ 1.74737729  2.09242584 -2.22538232]
 [ 2.39915213  0.13847872  1.91809727]]
[[-1.2178378   2.34350266  1.25796173]
 [ 0.91694611 -1.85700355  2.20728544]]
[[ 1.12635307 -1.01217128 -0.09231499]
 [ 0.05473151 -0.09218193  1.02980267]]
[[ 1.01298465 -1.89820673  0.71355819]
 [ 2.22128685  0.1408931  -0.58322623]]
[[ 1.74655521  2.24014226  0.84534829]
 [ 0.85537597 -1.48989728  0.71746688]]
[[ 2.02505647 -1.07963551 -0.37025298]
 [ 1.32992947  2.11646746 -1.72562408]]
[[-0.71875506  0.88007683 -0.09596771]
 [ 1.09728903  0.40624046  0.16627449]]
[[ 0.70170192  1.82704823  0.61859331]
 [ 1.57522207  2.38233171 -1.61257721]]
[[ 1.56898882  1.49462075  0.78085819]
 [-0.04760279 -0.1284325   1.87471912]]
[[ 0.0639954  -1.09700168  1.34052314]
 [ 0.51569851  1.62099862 -0.42626294]]
[[1.0711034  0.72762055 1.98624985]
 [1.81734499 2.49576474 1.30985113]]
[[-0.6090539   0.79884608  2.06031736]
 [ 2.11636863  0.41375822 -1.58129634]]
[[ 0.1034273   0.43311323 -0.30421105]
 [-0.39198885  2.44336111 -0.65189531]]
[[-0.04195693  2.05864307  1.41077785]
 [ 2.42124019  0.16618233 -1.1718673 ]]
[[ 0.11555262 -0.42524964  2.48994388]
 [ 0.56143142  0.1603084   1.5004981 ]]
[[ 0.48852005  0.84392203  2.30197717]
 [ 1.86405892 -1.01094184 -0.17470235]]
[[ 0.80732127 -0.49456796  0.0407123 ]
 [-1.36898724  2.21419811 -0.08354558]]
[[ 0.62102041  2.23828947  2.27061636]
 [-1.38284462  2.13851735  1.64639705]]
[[ 1.40899957  1.92476529 -1.54204506]
 [ 2.23403161  1.22759525  0.90545243]]
[[-0.60636684 -0.46125292  2.10626218]
 [ 0.11935725  1.64039522 -0.05130313]]
[[ 0.46733981  1.99758335  0.99619068]
 [ 1.15798548  0.60142812 -0.93080858]]
[[-0.35652404  1.2152787   1.91173909]
 [ 0.04627739  1.34216425  2.3893093 ]]
[[1.31173628 0.85758595 0.64150372]
 [2.10241557 1.06934866 1.12736468]]
[[ 1.78227526 -1.46708424  2.42163804]
 [ 2.36157893  1.23195184 -1.96527291]]
[[ 2.05973126 -0.4387729   2.24836881]
 [ 1.59123962  0.93266586 -0.01810465]]
[[ 4.29553203e-04 -1.52230524e+00  1.97962181e+00]
 [ 1.76399865e+00 -1.35192913e+00  4.38282666e-01]]
[[-0.53741061  0.45586863  0.61291093]
 [ 2.3882922   1.44267234  1.16284062]]
[[ 0.46016657 -1.05695073  0.86815754]
 [ 0.41272891 -1.10123598  1.51093225]]
[[ 1.44126091  0.34783173  1.99934241]
 [ 1.98300519 -0.39364835 -0.89272378]]
[[ 2.48741156 -0.6193506   1.74109197]
 [ 2.40917996  0.01385177 -1.0592791 ]]
[[0.67722562 0.38724085 1.58410294]
 [1.71128636 1.74562038 0.78501999]]
[[ 1.18239228  2.36345227  2.39922504]
 [ 2.33445524 -1.45744639  0.29402153]]
[[ 1.50001145  0.82787986 -0.28795535]
 [ 1.14463337  0.15232908  0.42063926]]
[[-0.45987849  1.15450542  0.55410675]
 [ 1.09427159  0.61725859  1.47204059]]
[[ 2.475665   -0.25495785  1.72961621]
 [ 1.92777254 -2.22941693  0.63684344]]
[[ 0.13857802  0.64297381 -0.34110374]
 [ 0.15467133  1.58726376  1.36018833]]
[[1.13125169 1.55224842 1.12094519]
 [0.61382511 2.00589561 2.3560089 ]]
[[ 1.80086504  0.78604186 -0.51754091]
 [-1.14621849 -0.05426278  1.38561382]]
[[-0.73597146  0.00409091  1.24201164]
 [ 0.95881155 -0.42792215 -0.14631241]]
