[[-4.15952795  5.89755308  5.99586429]]
[[ 5.87601405 -4.32266731  5.96993752]]
[[ 5.78509112 -4.26318061  5.90940061]]
[[ 5.97446879  5.8703536  -4.27689104]]
[[-4.03534563  5.841069    5.77957798]]
[[ 5.80934204  5.89348254 -4.18327912]]
[[ 5.89466358  5.96388611 -4.40846643]]
[[-3.95622267  5.88413862  5.55413778]]
[[-4.20959701  5.98815104  5.94376968]]
[[ 5.98965702  5.75989595 -4.25273906]]
[[-4.16511889  5.83598492  5.85031239]]
[[-4.13712091  5.77510987  5.89091909]]
[[ 5.9240646   5.94892437 -4.17879632]]
[[ 5.87643271  5.99649292 -4.41704243]]
[[-4.18201854  5.71403826  5.94932552]]
[[ 5.95170959  5.65925689 -4.17683733]]
[[ 5.93686361 -4.09902597  5.91931505]]
[[ 5.58164631 -3.94941408  5.93070781]]
[[ 5.94671014 -4.20060095  5.81115205]]
[[ 5.91052236 -3.90941095  5.74669972]]
[[ 5.9824836   5.93262129 -4.4673392 ]]
[[ 5.91460585 -4.19755671  5.9377168 ]]
[[-4.28753525  5.9451824   5.7926124 ]]
[[-4.15566987  5.99500789  5.88631009]]
[[ 5.95966563 -4.3419658   5.83688548]]
[[ 5.92696611  5.99365508 -4.49895092]]
[[-4.53538041  5.95572388  5.99841051]]
[[-3.80555542  5.80864804  5.65795676]]
[[ 5.8287069  -4.31762306  5.93156666]]
[[-4.42180945  5.95359125  5.93039584]]
[[ 5.97002738  5.7764502  -3.97878174]]
[[ 5.99787612 -4.17696186  5.84850831]]
[[ 5.79111667  5.89904799 -4.25704887]]
[[ 5.93852815  5.67316123 -4.06526937]]
[[ 5.94535938  5.76472235 -4.18996978]]
[[-4.19880527  5.72767565  5.97424394]]
[[ 5.88329897 -4.04932789  5.99900778]]
[[ 5.83768703 -4.06191014  5.86569354]]
[[ 5.85697939  5.9957876  -4.0629479 ]]
[[-4.22543355  5.91444763  5.75017691]]
[[-4.24295904  5.88993954  5.99447677]]
[[-4.02744431  5.99615729  5.75487016]]
[[-4.052478    5.95864171  5.82277444]]
[[-4.32703057  5.93336527  5.89424994]]
[[ 5.96939777 -4.45733378  5.95311293]]
[[ 5.93437025 -4.23528139  5.904161  ]]
[[ 5.93397628  5.9052828  -4.31946156]]
[[-4.25741     5.91870513  5.8183988 ]]
[[ 5.76041937 -4.09881258  5.8955996 ]]
[[ 5.59854458 -4.10216983  5.92877885]]
[[-4.23706774  5.94265039  5.7814714 ]]
[[ 5.95326253 -4.31336045  5.94717558]]
[[ 5.91146261  5.89369842 -4.38053241]]
[[-4.24426131  5.74773728  5.98831555]]
[[-4.18632468  5.76948721  5.92335306]]
[[ 5.9928009  -4.10502604  5.72617995]]
[[ 5.7870819  -4.00275652  5.75409403]]
[[ 5.69084492 -4.02869328  5.97522216]]
[[-4.01388371  5.77844191  5.80595708]]
[[ 5.90968053 -4.19049128  5.75668462]]
[[ 5.77380815 -4.04794865  5.68645182]]
[[ 5.79513568 -4.09859228  5.8936606 ]]
[[ 5.91457991 -3.9482932   5.78930143]]
[[ 5.74878469 -4.22041552  5.98694722]]
[[ 5.79905795  5.93556933 -4.04673525]]
[[ 5.89010585  5.99966822 -4.31921737]]
[[ 5.94421979 -4.28285414  5.95673242]]
[[ 5.83739839 -4.34608955  5.99640591]]
[[ 5.80339308  5.59278996 -3.93512204]]
[[ 5.82575456  5.92485709 -4.01949065]]
[[ 5.6703276   5.99480037 -4.06606588]]
[[ 5.8859647  -4.07215499  5.64398915]]
[[ 5.9447157  -4.15185123  5.65274911]]
[[-4.18249573  5.89248643  5.73896352]]
[[ 5.88467914 -4.46090321  5.99869612]]
[[ 5.87816056 -4.32827591  5.88196339]]
[[-4.16763203  5.6423937   5.98585065]]
[[ 5.96504413  5.48109439 -4.00724327]]
[[ 5.92498838 -3.89068561  5.4568733 ]]
[[ 5.83233869  5.8346758  -4.24419099]]
[[ 5.97086293 -4.07584769  5.82920409]]
[[ 5.82660612 -4.19580635  5.89020923]]
[[ 5.95027565  5.81293782 -4.05243722]]
[[ 5.98967182 -3.94375627  5.90506811]]
[[ 5.75094518  5.96123188 -4.1778213 ]]
[[ 5.76118398  5.88763057 -4.22313563]]
[[-3.98765518  5.83806691  5.69112057]]
[[ 5.90051758  5.94655123 -4.39757834]]
[[ 5.88391219  5.94637984 -4.32594373]]
[[-3.97673118  5.8797951   5.57819751]]
[[-4.15228249  5.95523852  5.98389632]]
[[ 5.99408022  5.79317732 -4.24626884]]
[[-3.9951013   5.67142686  5.87219973]]
[[ 5.86066235 -3.92033983  5.96409738]]
[[ 5.80206627  5.89290432 -4.19845969]]
[[-4.23300473  5.9297873   5.85688105]]
[[ 5.95034737  5.82819597 -4.35117141]]
[[-4.22618988  5.94319403  5.94497325]]
[[-4.19134726  5.77146494  5.85589593]]
[[ 5.75668273  5.91936356 -3.87763639]]
[[ 5.62684815  5.77481927 -3.95483283]]
[[-4.34234069  5.78729659  5.97318332]]
[[ 5.91062052 -4.35566392  5.87743923]]
[[ 5.88876268 -3.90756818  5.65714535]]
[[ 5.9090931   5.82018785 -3.90589039]]
[[ 5.93995085 -4.00227168  5.59209388]]
[[-4.40360097  5.99672688  5.8354175 ]]
[[ 5.90006436  5.94500813 -3.9982186 ]]
[[ 5.94944545  5.82234911 -4.24381455]]
[[-4.07274423  5.90247023  5.70558152]]
[[-4.17220077  5.93588269  5.94870326]]
[[ 5.80622335  5.84355633 -4.11182706]]
[[ 5.98714275 -4.21421567  5.83863588]]
[[ 5.3870314   5.98157102 -3.84328714]]
[[-4.35423795  5.98130015  5.85050755]]
[[-4.20285186  5.89699867  5.99249751]]
[[ 5.93252453  5.92322989 -4.35531482]]
[[ 5.80375124  5.8865694  -3.90034996]]
[[ 5.97453718 -4.03569193  5.66635498]]
[[ 5.78673194  5.89278329 -4.14519696]]
[[-4.06674751  5.90408551  5.99491861]]
[[ 5.80010493 -4.02415849  5.83615587]]
[[ 5.96629926 -4.26658898  5.749283  ]]
[[ 5.74420267  5.98922106 -4.21247674]]
[[ 5.78320785 -4.22814867  5.91969941]]
[[-3.95110107  5.73129494  5.86421816]]
[[ 5.88897766  5.94577039 -4.19521134]]
[[ 5.99491433 -4.07090077  5.8445855 ]]
[[ 5.86968418  5.94957767 -4.23743884]]
[[ 5.86846292 -4.12564201  5.75635635]]
[[ 5.90967113  5.92384658 -4.35289941]]
[[-3.93411052  5.95547471  5.69990946]]
[[ 5.98854459  5.96335168 -4.52381699]]
[[ 5.75144167 -4.28979782  5.96604002]]
[[ 5.9531172   5.83679268 -4.29716938]]
[[ 5.94111046  5.95991206 -4.34450192]]
[[ 5.96109109  5.78242277 -4.11693569]]
[[-4.20860637  5.82414258  5.89966909]]
[[-3.98880179  5.98128958  5.79295906]]
[[ 5.74916007  5.99779072 -4.19481753]]
[[-4.07251241  5.84017244  5.6495235 ]]
[[-4.21445417  5.79218669  5.99510133]]
[[-4.08920501  5.59238831  5.94562213]]
[[ 5.75812332 -4.2745852   5.97156987]]
[[-3.98171659  5.91821285  5.90436527]]
[[ 5.96595024  5.97507224 -4.22570957]]
[[ 5.95941363 -4.38783924  5.89698832]]
[[ 5.75376303 -4.04848244  5.93746764]]
[[ 5.97949723 -4.21233673  5.83954068]]
[[-4.04648202  5.93472118  5.89424682]]
[[ 5.80668646 -4.14458757  5.96280736]]
[[ 5.77588695 -3.99320555  5.69929387]]
[[-4.06401821  5.89043135  5.70389108]]
[[-4.24542594  5.96747057  5.74621155]]
[[ 5.83529797 -4.09484877  5.68467262]]
[[-4.32504424  5.95606637  5.82562681]]
[[ 5.70958003  5.88454679 -4.18029482]]
