[[0.97695619 0.01484688 0.99999202 0.99569178]]
[[0.9769319  0.0227386  0.99990713 0.9947385 ]]
[[0.97629215 0.02235199 0.99728031 0.98791815]]
[[0.97641362 0.0237181  0.99941615 0.98572919]]
[[0.97979556 0.0238841  0.99998928 0.9812051 ]]
[[0.97632135 0.02010299 0.99999067 0.99945793]]
[[0.97737768 0.01990111 0.99853718 0.97635152]]
[[0.97644822 0.02389823 0.99940693 0.98802187]]
[[0.97898056 0.02258804 0.99998866 0.97888092]]
[[0.97782177 0.01793436 0.99998874 0.97839105]]
[[0.98176885 0.0237576  0.99999183 0.98799001]]
[[0.97694491 0.02314391 0.99997291 0.98574723]]
[[0.97851265 0.01826541 0.99998879 0.99597737]]
[[0.97700187 0.02341798 0.99999218 0.99983729]]
[[0.97863746 0.02344754 0.99745911 0.98668812]]
[[0.98007498 0.02306129 0.99974009 0.99227357]]
[[0.97644102 0.01785169 0.99878524 0.99067423]]
[[0.97748723 0.01644632 0.99999186 0.99849844]]
[[0.97687871 0.02036711 0.99998571 0.97888372]]
[[0.97852667 0.0199258  0.99958903 0.98324115]]
[[0.97948481 0.02308809 0.9999887  0.98190487]]
[[0.97905889 0.01748457 0.99999165 0.98740277]]
[[0.9771593  0.02224291 0.99982714 0.98486227]]
[[0.97735714 0.02119975 0.99964906 0.98610727]]
[[0.97797804 0.02266902 0.99999012 0.97828741]]
[[0.97619537 0.02005712 0.99998784 0.99434567]]
[[0.97778294 0.02105576 0.99740461 0.97738306]]
[[0.97638274 0.02224085 0.99998742 0.99332348]]
[[0.97800415 0.02244623 0.99959592 0.98518428]]
[[0.9762197  0.01977709 0.99998834 0.99236903]]
[[0.97658796 0.02272005 0.99990834 0.99187614]]
[[0.97753933 0.02324446 0.9999898  0.99476079]]
[[0.97912731 0.01845039 0.99956794 0.98166785]]
[[0.97606285 0.01919581 0.99997641 0.97625754]]
[[0.97781094 0.02244448 0.99998919 0.99613116]]
[[0.97679068 0.01891719 0.99945394 0.98021234]]
[[0.97635359 0.01976715 0.99998773 0.98888494]]
[[0.97811377 0.0216852  0.99998925 0.99429664]]
[[0.98018898 0.02156686 0.99990559 0.98362338]]
[[0.97718079 0.02142947 0.99998738 0.98180327]]
[[0.98178321 0.02305386 0.99999163 0.99111675]]
[[0.979001   0.02233883 0.99998994 0.98013886]]
[[0.97722281 0.02165831 0.99998959 0.99831118]]
[[0.97728767 0.02247238 0.99993577 0.9847521 ]]
[[0.97694805 0.01993427 0.9999871  0.98781408]]
[[0.98063995 0.02280601 0.99877679 0.98598785]]
[[0.97690606 0.02016719 0.99966632 0.99450925]]
[[0.97895919 0.02384502 0.99998603 0.98768172]]
[[0.97659782 0.02359948 0.99998629 0.99075744]]
[[0.97762714 0.02267935 0.99945269 0.99762379]]
[[0.97688402 0.02193647 0.99966869 0.99599954]]
[[0.97815522 0.02369284 0.99950265 0.99740133]]
[[0.97862758 0.02208336 0.99746693 0.98457659]]
[[0.97824678 0.0208938  0.99999091 0.99904265]]
[[0.97697273 0.02302725 0.99999007 0.99954744]]
[[0.97895824 0.02070413 0.99999062 0.99644363]]
[[0.97691869 0.01853699 0.99998732 0.97936675]]
[[0.98021285 0.02204294 0.9999873  0.98061464]]
[[0.97608038 0.02016557 0.99998809 0.98084473]]
[[0.97655878 0.02355554 0.99993637 0.99814429]]
[[0.97694283 0.0156838  0.99999134 0.99293126]]
[[0.97897602 0.02080906 0.99999131 0.99386243]]
[[0.97893263 0.02328251 0.99998823 0.98268778]]
[[0.97809124 0.02327592 0.99953708 0.99075835]]
[[0.9799763  0.02168652 0.99999051 0.97908662]]
[[0.97600243 0.02139284 0.99944118 0.99547379]]
[[0.97893199 0.02344632 0.99999022 0.99961434]]
[[0.97726128 0.01749186 0.99998963 0.9809219 ]]
[[0.97745863 0.02368485 0.99726908 0.99158776]]
[[0.97854087 0.02337221 0.99998861 0.98486791]]
[[0.97931187 0.02238681 0.99998649 0.98805254]]
[[0.97689701 0.02163389 0.9999889  0.99413349]]
[[0.97619802 0.02255524 0.99998159 0.99347628]]
[[0.97950061 0.02273964 0.99979503 0.98278385]]
[[0.98000355 0.02309726 0.99999147 0.99907612]]
[[0.97792426 0.02033617 0.99999047 0.99403673]]
[[0.97654169 0.01838711 0.9990723  0.98729584]]
[[0.9766918  0.01590302 0.99999202 0.99801396]]
[[0.97696766 0.01834142 0.99992764 0.99081642]]
[[0.97647827 0.01801528 0.9998817  0.98822588]]
[[0.97621188 0.01747998 0.99997262 0.99455691]]
[[0.97604375 0.02075477 0.99998909 0.99540678]]
[[0.97664741 0.01960343 0.99747509 0.97682403]]
[[0.97653306 0.02062277 0.99720778 0.97731132]]
[[0.97945512 0.01984717 0.99904193 0.989963  ]]
[[0.97768784 0.02368281 0.99998741 0.98821093]]
[[0.97716322 0.0224915  0.99998451 0.98644288]]
[[0.97704821 0.02284879 0.99943559 0.99407094]]
[[0.97843217 0.02187248 0.99744246 0.99505651]]
[[0.97670485 0.01987343 0.99996533 0.98965067]]
[[0.97882995 0.01846407 0.99999083 0.99092577]]
[[0.97720661 0.0172898  0.99999148 0.98499124]]
[[0.97955615 0.02104138 0.99991962 0.98239166]]
[[0.97640935 0.022468   0.99998852 0.99738762]]
[[0.97624042 0.02303179 0.99998722 0.99698154]]
[[0.97695132 0.02389677 0.99724441 0.99097633]]
[[0.97940252 0.02356203 0.99958852 0.98977419]]
[[0.97626102 0.02266239 0.99991853 0.99548217]]
[[0.97627563 0.02098571 0.99998866 0.98207804]]
[[0.97682447 0.02365992 0.99998781 0.98676852]]
[[0.97839433 0.02156583 0.99999149 0.99912154]]
[[0.97757869 0.0217885  0.99998917 0.97984934]]
[[0.97869988 0.01949293 0.99999058 0.98898441]]
[[0.97810908 0.02065369 0.99996265 0.99417732]]
[[0.97822614 0.01806016 0.99999094 0.98810759]]
[[0.97660349 0.0218512  0.99998262 0.97702322]]
[[0.97842663 0.018214   0.99999305 0.99981968]]
[[0.97722621 0.02023871 0.99999098 0.99729553]]
[[0.97769699 0.01838161 0.99999127 0.98802112]]
[[0.98088457 0.02293821 0.99999286 0.99929324]]
[[0.97691801 0.02187592 0.99947261 0.9771872 ]]
[[0.97610034 0.01898128 0.99998526 0.98592756]]
[[0.97603662 0.02051127 0.99761689 0.99001053]]
[[0.97675235 0.02190541 0.99998597 0.98875435]]
[[0.98085484 0.02273724 0.99998923 0.99075748]]
[[0.97602935 0.01894266 0.99996712 0.98343328]]
[[0.97829976 0.01841173 0.99999226 0.99595892]]
[[0.97649474 0.02056695 0.99998803 0.97937304]]
[[0.97602764 0.02102209 0.99940005 0.99215472]]
[[0.97916485 0.02285849 0.99743536 0.98640805]]
[[0.97789429 0.02123253 0.99759904 0.98110899]]
[[0.97818812 0.01934252 0.99999059 0.98308102]]
[[0.97672951 0.02082043 0.99995655 0.9948271 ]]
[[0.9769108  0.01906745 0.99941578 0.97685748]]
[[0.97600205 0.01611636 0.9975696  0.98572253]]
[[0.97627602 0.02334079 0.99998871 0.98860403]]
[[0.97670782 0.01831537 0.99998846 0.98362277]]
[[0.97955254 0.02210748 0.9999897  0.98763668]]
[[0.97630356 0.01584383 0.99998244 0.97970195]]
[[0.98015299 0.01952332 0.99739461 0.98049632]]
[[0.97635559 0.02227865 0.99975192 0.9836358 ]]
[[0.97755339 0.02107383 0.9980616  0.98792957]]
[[0.97686199 0.02083293 0.99997581 0.98494159]]
[[0.97691203 0.02232145 0.99996087 0.97860185]]
[[0.9772538  0.02345248 0.99997928 0.99525103]]
[[0.97768475 0.02280006 0.99743106 0.98513906]]
[[0.97841513 0.01821147 0.99999109 0.98875221]]
[[0.97626285 0.0218035  0.9999877  0.99129753]]
[[0.97747875 0.0214099  0.99998743 0.99393098]]
[[0.97678167 0.02022384 0.99998536 0.99730197]]
[[0.9771882  0.02119516 0.99982338 0.97777083]]
[[0.97718974 0.02151478 0.9999878  0.98136728]]
[[0.97780162 0.02242706 0.99998256 0.99744615]]
[[0.97664771 0.02365116 0.99999042 0.99939612]]
[[0.9767254  0.0226807  0.99991326 0.99257999]]
[[0.9770267  0.02277813 0.99976749 0.99028783]]
[[0.97669399 0.02347776 0.99998764 0.99273288]]
[[0.97606613 0.02389345 0.99997665 0.97761696]]
[[0.97614699 0.01765538 0.99999181 0.99572696]]
[[0.97672807 0.01972777 0.99999063 0.98296869]]
[[0.97652539 0.02120121 0.99999097 0.99701258]]
[[0.9793679  0.02128145 0.99998466 0.99451676]]
[[0.97743922 0.02273209 0.999989   0.98387519]]
[[0.9765536  0.02352227 0.99998526 0.9836885 ]]
[[0.97698521 0.02162601 0.99944163 0.9858909 ]]
[[0.97606123 0.02247204 0.9999866  0.98124461]]
[[0.97896576 0.02185031 0.99952315 0.99713569]]
[[0.97961021 0.02340728 0.99999024 0.99639713]]
[[0.97754104 0.02114855 0.99956459 0.9959241 ]]
[[0.9765086  0.01877572 0.99999009 0.99609187]]
[[0.97851397 0.02248488 0.99968513 0.99546515]]
[[0.9772793  0.02242449 0.99957273 0.98018225]]
