[[ 4.41961578  5.72091907 -4.34997907]
 [-4.18995662 -4.68315056  4.41338643]]
[[ 5.45345544  4.57834072  0.20182564]
 [-4.25542196 -2.89944372  5.04163284]]
[[-4.38173438 -5.18818691  5.81916711]
 [ 3.47617211 -4.43422074 -2.90758231]]
[[ 5.53468074  4.62701717  5.84971263]
 [-5.1968411   4.30080043 -3.98529188]]
[[ 3.97825683 -5.63622777  3.70835801]
 [-3.80367574  4.40742991 -4.61891497]]
[[ 5.22716674 -5.70919801  5.40591501]
 [-4.0930776   3.01424581 -5.0758017 ]]
[[ 3.66255638 -5.45510455 -2.0209036 ]
 [-2.5568148   3.92165427 -5.63448113]]
[[ 5.13631821  4.62076648  5.41418906]
 [-4.842448    4.70811842 -3.24680914]]
[[ 5.03407159  5.81783839 -3.44798639]
 [-5.13994523 -4.94353156  4.63996207]]
[[-2.43384761  5.63812754  4.47379288]
 [ 3.35546011 -4.70783928 -4.70298955]]
[[ 4.50735032 -3.8949062   4.07426124]
 [-4.40096082  3.76348099 -3.98460504]]
[[ 1.5798603   5.97105127 -5.08645058]
 [-4.20805537 -3.49236521  4.57598424]]
[[-2.10529066  5.51486806  5.54968628]
 [ 5.2090042  -4.61792781 -3.32479086]]
[[ 5.23901558 -4.29092984  4.54707215]
 [-3.88740289  3.32691836 -2.60406672]]
[[-5.75387538 -5.14101555  5.84180518]
 [-3.74434201  4.1810592  -3.56589956]]
[[ 1.91691539  5.61754042  5.71860872]
 [ 4.20111256 -4.82036436 -4.28174987]]
[[-5.60979131 -1.88328476  5.20849966]
 [ 3.51769457 -4.52290349 -3.40970254]]
[[ 4.33186482  5.97070723 -5.58870916]
 [-3.87585356 -4.83289799  5.06854259]]
[[ 5.53131722 -2.31239285  5.53911161]
 [-4.11679566  3.66875668 -5.8070196 ]]
[[ 5.6717817  -5.55012158 -0.6494856 ]
 [-3.97455551  4.19733588 -4.97681452]]
[[ 5.77657138  4.02762192 -3.20782342]
 [-4.71828623 -4.01122941  4.83507918]]
[[ 5.10089325 -3.5492471   5.36632252]
 [-4.59758137  4.28097431 -5.01349583]]
[[ 0.05580633  5.98557827 -5.81019718]
 [-5.86946401 -4.36151556  4.22757601]]
[[-5.75975352  4.32059267 -0.60836513]
 [ 3.99028493 -2.87011879 -4.83733453]]
[[-3.52538044  5.17572432  3.04970509]
 [ 3.32195595 -5.82526613 -2.54878476]]
[[ 4.74936261 -5.17788751  2.8286873 ]
 [-3.73413805  3.27532567 -3.96005323]]
[[ 5.94840087 -5.12757668 -4.09440621]
 [-4.94251442  3.23800025 -3.49225623]]
[[ 4.09390287  5.34162544 -4.11892998]
 [-4.41143917 -4.00052153  3.97537575]]
[[ 2.61856841  5.91539449  5.33402806]
 [ 5.3738452  -5.53307972 -3.85022594]]
[[ 3.7961049   5.4007489  -5.65496593]
 [-4.95537834 -3.83367519  4.84423916]]
[[ 0.30283435 -5.69219702  5.26071471]
 [-2.80981374  4.41970702 -3.04969583]]
[[ 3.60359946 -5.63698826  4.18488937]
 [-2.78067519  5.62695838 -3.96730268]]
[[ 5.73989746  3.85073412  5.812887  ]
 [-3.79466325  4.51414307 -5.82852761]]
[[ 5.47685496 -1.43156396  5.71271387]
 [-5.25303126  4.68336893 -4.47166568]]
[[-5.84196899  4.57782091  3.40788117]
 [ 5.0329152  -3.34519756 -3.87868799]]
[[ 4.7755837   5.92195375  3.72790852]
 [-4.6438461  -4.16735104  4.60273952]]
[[-4.64617259  2.75049114  5.57045477]
 [ 5.31050208 -3.20528244 -3.83628738]]
[[-4.63063829  4.93876731  2.94070127]
 [ 3.81016991 -4.36735933 -3.1397428 ]]
[[ 0.54665232  5.2878572   5.64094357]
 [ 3.12768095 -5.22080587 -3.9325303 ]]
[[-5.58982532  5.52332808  3.13205685]
 [ 4.28011748 -5.67310788 -3.64784781]]
[[ 4.74047373  5.79930394 -2.93336666]
 [-5.23592808 -3.92210924  3.72276559]]
[[ 5.25404769 -5.64630274  4.47574247]
 [-5.8061377   5.72801473 -3.83461604]]
[[ 4.86330924 -4.92506367  5.60075379]
 [-3.52343765  4.69121412 -5.12948372]]
[[ 0.63879886  5.17380036 -5.85465659]
 [-3.46394488 -4.30902679  3.41713245]]
[[ 2.6932829  -4.53228298  5.62084097]
 [-5.12434407  3.86011531 -3.49611355]]
[[ 5.44857217 -4.60096124 -1.89952732]
 [-3.54761795  3.43075866 -4.92957528]]
[[ 5.78031129  4.9255175   1.82027363]
 [-4.17836152 -3.70896276  5.77263631]]
[[ 5.77880079 -4.28845477  2.30179063]
 [-4.2715856   2.55060794 -5.7584345 ]]
[[ 4.24369696 -4.87246124  5.755067  ]
 [-4.44192887  4.80048126 -4.91100964]]
[[ 5.48043396  5.94452139  4.83704708]
 [ 3.99212633 -3.91806046 -3.02469429]]
[[ 5.20085371  1.88796824  5.45340613]
 [-2.30892787  4.98391106 -4.50006306]]
[[ 5.52162673  5.52037705  4.41796049]
 [-3.41862612 -3.96091578  3.69498628]]
[[-5.14685173 -4.96891903  5.90864964]
 [ 4.26007209 -4.9159855  -3.80072357]]
[[ 5.74897206  5.30403174 -5.56337717]
 [-5.22412097 -3.59359455  5.22872377]]
[[ 4.75847485 -4.09006266  5.89640212]
 [-3.29422352  4.31659379 -3.64588809]]
[[ 5.26520287 -5.48217496  5.63926721]
 [-4.76283281  4.99107502 -5.22039963]]
[[-5.57648557  2.60396667  4.2134091 ]
 [ 4.7769571  -3.9818005  -3.44826273]]
[[-2.15734001  5.50690024  5.07504463]
 [ 4.63918688 -4.72061643 -4.66764174]]
[[ 3.34348148  4.14046585 -4.44548885]
 [-4.40458459 -3.12985673  4.1212623 ]]
[[ 5.44427646 -0.11775997  5.60935288]
 [-3.72385987  5.11042307 -2.71514184]]
[[ 5.96146918 -5.96735037  4.03583334]
 [-5.81380349  4.16861991 -4.41123675]]
[[ 4.41096849  5.22505112 -4.37789212]
 [-3.33863843 -5.02318065  4.88694837]]
[[-2.61520368  4.88825163  3.90869705]
 [ 3.77349731 -3.28742239 -4.3572675 ]]
[[ 3.45371096  5.50913296  5.9370519 ]
 [ 5.33107684 -4.46472021 -4.83484266]]
[[ 4.45207848  5.83630348 -3.67219061]
 [-5.18995431 -5.07169353  3.78830565]]
[[ 3.22049792  5.33420688  4.57356403]
 [ 5.97045715 -4.09891962 -2.58154028]]
[[ 5.21885524  5.92988416 -5.75824505]
 [-4.07773676 -4.91343426  4.3797396 ]]
[[ 2.81199808 -4.30117404  4.29426685]
 [-4.22551397  3.74916254 -3.28560201]]
[[ 4.25447274 -5.5960654  -5.47217272]
 [-2.58554352  2.81383895 -4.88988615]]
[[ 5.84613219 -5.50950644  2.69304153]
 [-5.18062021  2.3754613  -5.05945977]]
[[ 2.59303708  5.92858322 -5.9887011 ]
 [-4.83158194 -4.7558588   4.17074263]]
[[-3.27034544  4.51684088  4.32430373]
 [ 3.33696967 -3.4651371  -4.31079392]]
[[-5.77221565  5.80175958  2.2574318 ]
 [ 3.92241123 -4.55461441 -3.82950657]]
[[ 5.47651946  5.28707209  1.33783961]
 [-4.78078336 -4.45472537  4.73634897]]
[[-5.11978076  5.77932905  5.73054523]
 [ 4.37395822 -5.66462592 -3.75289075]]
[[-4.25459837  5.69971193  5.26286973]
 [ 5.71723541 -3.5784207  -5.08587995]]
[[ 5.59686326 -5.45035839 -1.38157406]
 [-3.85125851  3.69498411 -3.80793354]]
[[ 4.55037377  4.42827609 -5.54475873]
 [-3.7816206  -4.53856632  3.7994337 ]]
[[ 0.01885829  5.47799771  5.49407445]
 [ 4.91968426 -4.89026156 -3.57406776]]
[[-5.85617489  0.16274768  5.19116413]
 [ 3.39079222 -4.60171535 -3.84781165]]
[[ 4.78982322  5.6744704  -0.83818618]
 [-2.66432563 -4.7303097   4.82555404]]
[[ 3.60212139 -4.01054506  4.20334181]
 [-3.37626984  3.77595829 -3.41673639]]
[[ 3.91420312 -5.14978267 -3.64042793]
 [-2.69526784  3.74143998 -5.53400649]]
[[ 5.68828169 -5.50241766 -5.22604107]
 [-4.4894288   3.95313279 -2.83071745]]
[[-5.49491728 -1.52194409  5.89932637]
 [ 3.90733878 -4.94321148 -3.76315026]]
[[ 4.00654423  3.65778647 -2.53816356]
 [-3.60250964 -3.25688168  3.04063525]]
[[ 5.65311036 -5.73679149  2.45067574]
 [-5.29729201  4.39703648 -3.34459554]]
[[ 4.91959458  5.86107763  5.06510662]
 [ 5.89791074 -4.55495387 -3.69018277]]
[[-5.02937374  5.92230331 -5.47004806]
 [-5.75028009 -3.23979645  2.78881519]]
[[ 5.54342976 -0.63504395  5.27346541]
 [-3.06222611  3.22706665 -5.12171218]]
[[ 5.96206444  3.62170193 -5.43980847]
 [-4.49566202 -4.77600576  4.91147712]]
[[ 4.76464465 -4.41234792  4.25460982]
 [-5.16170897  4.82026842 -3.20143363]]
[[-5.4526064   0.35352064  5.45976494]
 [ 4.90058685 -5.57571803 -2.90254938]]
[[ 5.53726065  5.69014513 -5.26503781]
 [-5.74793486 -3.46870795  5.08949779]]
[[ 4.84528015 -5.96440044  4.71975833]
 [-3.98760717  4.33488164 -5.00594803]]
[[ 5.32696445 -4.38315973 -4.02616846]
 [-2.6906835   2.85922391 -5.24232987]]
[[ 3.18774952  5.35396362  4.53009066]
 [ 3.31902708 -3.87274281 -3.90525412]]
[[ 5.89795301e+00 -4.91870749e-03  4.81833641e+00]
 [-4.50566892e+00  5.64139837e+00 -3.12877788e+00]]
[[ 3.68122739 -5.11200901  3.221542  ]
 [-2.63727012  3.9644472  -5.25743571]]
[[-4.44750251  4.3412815   5.60439696]
 [ 5.64133133 -4.85841809 -3.36333983]]
[[ 5.46505932  4.31422052 -5.8569334 ]
 [-3.15031826 -4.34553013  5.03078494]]
[[ 3.98946765 -3.02646923  4.09632981]
 [-3.39728297  2.82900137 -4.76695054]]
[[-4.09169755  3.33897917  5.02604827]
 [ 4.35073637 -3.72723891 -3.89841579]]
[[ 5.68164653  5.66502189 -0.53462057]
 [-5.04687646 -3.50416708  3.58936782]]
[[ 5.08058513  5.42527076 -3.34816498]
 [-4.76094071 -5.25622929  3.44371505]]
[[-5.0137035   4.874696    2.22650482]
 [ 2.94406609 -4.12631046 -5.36486949]]
[[ 4.72792049  5.69588115 -5.59207895]
 [-4.0961289  -3.70582935  3.66713785]]
[[ 4.82591883  3.964907   -5.74041927]
 [-3.64398243 -4.91046501  3.04768906]]
[[ 4.01677684 -3.8678796   5.20646901]
 [-5.60392603  3.19691256 -3.69287814]]
[[-4.67924095  5.56173643  5.94628864]
 [ 5.29744004 -3.20754484 -4.87775649]]
[[ 3.78525883  5.82129478  5.64238014]
 [ 2.86992393 -3.28290416 -5.88000813]]
[[ 5.52892477  5.1717199  -1.54972494]
 [-2.40989157 -5.40195382  3.84440518]]
[[ 4.98349634 -3.49048252 -5.1303137 ]
 [-2.51593548 -4.93547814  3.71272192]]
[[-2.68314741  5.83284692  5.04774855]
 [ 4.43425976 -5.51848235 -3.71143945]]
[[ 5.66885323  5.07714016 -2.51402077]
 [-4.47335241 -4.49102099  5.09798778]]
[[-5.85778025  1.30201951  4.87395831]
 [ 3.82281585 -4.48047189 -3.70677842]]
[[-4.03462508  5.05758753  5.65936819]
 [ 2.89637357 -5.71527079 -4.51443432]]
[[ 4.96601157  5.27417347 -4.19961947]
 [-5.005743   -4.11108432  5.88564254]]
[[ 5.02559265  5.47703227  4.12375559]
 [-4.48662985 -2.85140249  5.75455147]]
[[ 5.98621255 -5.51857884 -5.8809055 ]
 [-4.86778653 -4.23513442  2.97990556]]
[[ 5.10884497 -5.05586782 -3.75274017]
 [-3.62189557  3.80082527 -5.08799527]]
[[ 5.74239963  4.04154407 -4.00264134]
 [-5.94930509 -3.72018687  3.90238368]]
[[ 4.84296333  5.25860357 -0.52755617]
 [-3.26590378 -3.98391408  4.83563248]]
[[ 4.72439803  5.24933263  5.92309259]
 [-4.67671573  5.38267336 -4.22970032]]
[[ 5.61196929 -5.71657576 -3.57187474]
 [-3.41543346  4.58856384 -5.38756141]]
[[ 3.53010704 -5.22618542  4.62922198]
 [-2.63491872  4.21452575 -5.7068502 ]]
[[ 3.16990773 -4.83118053  5.86154169]
 [-5.5566511   3.48089826 -4.56639624]]
[[ 5.85411101  3.43151555 -5.48643183]
 [-4.72184769 -3.97742531  5.68692155]]
[[ 4.84400189  5.35019538 -1.50306922]
 [-4.79611113 -3.69529913  4.21147726]]
[[-5.87841218 -5.95923193  5.64491494]
 [ 3.73254598 -4.69188858 -4.65469435]]
[[-0.26389792 -5.90151929  5.88360474]
 [-3.61484848  3.958736   -4.72075055]]
[[-2.68365194  5.22028552 -4.05912151]
 [-5.83411294 -3.04301828  2.78512725]]
[[ 5.65306026  1.65557466 -4.92349423]
 [-4.34197564 -4.10491693  3.42052585]]
[[-0.49447665  5.62887548  5.76416423]
 [ 2.04440301 -5.10331251 -5.26119304]]
[[ 4.96650737 -1.34867783  5.55873482]
 [-2.68918502  4.86962592 -4.72522864]]
[[-3.08523146  5.40242035 -4.47675008]
 [-5.62314983 -3.85957942  2.61717493]]
[[ 3.42542916  4.66904085 -5.70263124]
 [-5.05260535 -3.38440481  4.70890099]]
[[ 5.90434901  4.56582833 -5.84775198]
 [-3.86731248 -5.94002948  5.48374196]]
[[ 5.95165826 -2.56982564  5.00630197]
 [-5.1495772   5.42523002 -3.27529444]]
[[ 5.78640561  5.70920118 -2.13906354]
 [-4.05509818 -4.43323922  3.95812889]]
[[-4.15593832 -0.04888439  4.94521225]
 [ 2.93188235 -5.61991135 -3.54596585]]
[[-2.71910754  3.5647773   4.34356575]
 [ 4.25299855 -3.65826704 -3.01890219]]
[[ 5.72862739  4.84317657 -1.59252712]
 [-3.48628249 -3.37869206  5.94976157]]
[[ 5.99186467 -5.73812026  3.36446007]
 [-5.47233416  3.56161546 -2.48606557]]
[[ 5.37978318  0.06995364  5.41227483]
 [-3.68686507  4.65127632 -4.57694053]]
[[ 1.16176867  4.37008161  5.94084874]
 [ 5.61638344 -3.88031004 -3.92962533]]
[[ 4.40849839  4.30144702 -5.11543377]
 [-4.81109316 -3.41068821  4.54261391]]
[[ 1.65344501 -4.84830879  3.95201193]
 [-5.67219107  2.38899505 -3.24109359]]
[[-5.46436423  5.24324675  4.79234999]
 [ 2.69732154 -5.79220281 -4.380949  ]]
[[ 5.53348116 -5.00604122  3.17668725]
 [-2.55520312  5.21123397 -4.9276082 ]]
[[ 4.09895976  5.92996777 -5.7440037 ]
 [-5.36798742 -4.64212952  2.36888   ]]
[[-1.48814548  5.62273168  4.96357169]
 [ 5.51286476 -2.98832439 -4.42043193]]
[[ 4.70740351 -3.53156998  5.09125432]
 [-5.09776262  5.05570108 -3.04381156]]
[[ 5.45053137 -5.89941469  3.14523355]
 [-3.57071069  5.60744163 -4.78863549]]
[[ 5.17065769  5.6343465   4.46680751]
 [-5.06825505 -3.28596501  4.36566021]]
[[-5.0267279   3.44382414  4.73309195]
 [ 3.35505202 -3.90990002 -5.07146082]]
[[ 5.3226373   5.7646662   5.82813437]
 [-3.53220891  4.90512986 -4.22399777]]
[[ 5.39756398  5.6428158  -4.76332212]
 [-4.20357863 -5.51157769  4.73637691]]
[[ 2.84575664  5.97145027  5.67937824]
 [ 5.08945599 -5.01994506 -3.19072513]]
[[ 5.95757864 -4.49305776  5.10170839]
 [-5.50252269  5.22276551 -3.56533329]]
[[ 5.92984883  2.04106417  5.784409  ]
 [-5.06222853  5.46748209 -3.53321373]]
[[ 4.13371097  2.35439784  5.04715206]
 [-2.78525158  5.10946887 -4.67611326]]
