[[ 5.82359318 -4.3249955   5.98816701]]
[[-4.3500915   5.99617193  5.93885658]]
[[ 5.85853155 -4.18901834  5.90683898]]
[[-4.09752084  5.76851716  5.99377834]]
[[-4.51986129  5.98075346  5.99489323]]
[[-4.05076135  5.7421342   5.85335425]]
[[ 5.67214427 -4.15203095  5.90794854]]
[[ 5.99421798  5.97538067 -4.4528864 ]]
[[ 5.84295728 -4.30359111  5.91504764]]
[[ 5.74061218 -4.13476862  5.87717621]]
[[ 5.92381428 -4.26822285  5.96510888]]
[[ 5.98083477 -4.10665314  5.55691407]]
[[ 5.74148971 -4.04246373  5.96613026]]
[[ 5.90035195  5.91947178 -4.12776074]]
[[ 5.8868744  -4.09058383  5.91269088]]
[[ 5.87827635 -4.29195817  5.98533775]]
[[ 5.73827206  5.90733853 -4.08318862]]
[[ 5.92886417 -4.25084826  5.98098592]]
[[ 5.99076415 -4.06611912  5.8373037 ]]
[[ 5.79783375  5.79105525 -4.14977393]]
[[-4.18421757  5.73741243  5.9558028 ]]
[[-4.25214021  5.94073436  5.81579944]]
[[ 5.97533599  5.92764486 -4.35557969]]
[[ 5.91653028  5.91420836 -4.38455742]]
[[-4.03778716  5.94205346  5.82687587]]
[[ 5.80063101 -4.21161394  5.92994376]]
[[ 5.96430802 -4.09173682  5.92219734]]
[[ 5.92006314  5.84270209 -3.93480958]]
[[-4.34303053  5.97824027  5.96756836]]
[[ 5.96896327 -4.39787375  5.89978711]]
[[-4.46898029  5.94690641  5.97133362]]
[[ 5.77736415  5.69226551 -4.03265558]]
[[ 5.85804792  5.91046925 -4.18728604]]
[[-4.3342868   5.87389939  5.87859556]]
[[-4.1090736   5.9782509   5.72828898]]
[[-4.28802784  5.9822075   5.9804627 ]]
[[ 5.74740555 -4.27893902  5.98391992]]
[[ 5.88040041  5.96026132 -4.15901174]]
[[ 5.99520398 -4.4229826   5.84109836]]
[[ 5.97574007  5.94933579 -4.28375928]]
[[-3.9115048  5.6043393  5.7861964]]
[[ 5.73871161 -4.21971401  5.92943043]]
[[ 5.99689146  5.97269035 -4.4718807 ]]
[[-3.9631913   5.55481983  5.92954547]]
[[ 5.43758066  5.99258191 -4.01477883]]
[[ 5.86604289 -4.30505013  5.94904584]]
[[ 5.87488628 -4.20162009  5.74052692]]
[[-4.09048755  5.58588089  5.93491069]]
[[-4.10482019  5.68678599  5.895369  ]]
[[ 5.9127622   5.98890413 -4.4002287 ]]
[[ 5.9157244  -4.38168927  5.98793518]]
[[ 5.9996164   5.97648995 -4.28289467]]
[[ 5.93057108 -4.42773676  5.9619792 ]]
[[ 5.85960853 -4.23255088  5.78705   ]]
[[-4.02049756  5.68862515  5.97260352]]
[[ 5.83920294 -4.08947417  5.76206571]]
[[-4.08975141  5.89849534  5.84364327]]
[[-4.09058272  5.7853023   5.96835766]]
[[ 5.95942265 -4.13026311  5.62360449]]
[[ 5.80727092 -3.82626856  5.86492565]]
[[ 5.97133011  5.86413608 -4.31270976]]
[[ 5.79867113  5.82313846 -4.14688302]]
[[ 5.96884539  5.86734056 -4.198708  ]]
[[-3.98945322  5.92399987  5.7067375 ]]
[[-4.35538195  5.90994555  5.93401796]]
[[ 5.42642802  5.93320336 -3.9353436 ]]
[[ 5.83211047  5.74238571 -4.15026836]]
[[ 5.76289502  5.78321863 -4.03487818]]
[[ 5.89194448  5.6581356  -4.13082405]]
[[ 5.91405903  5.99966489 -4.33632864]]
[[ 5.903525    5.97126442 -3.98946434]]
[[ 5.92490811  5.94125394 -4.34132463]]
[[ 5.85051398 -4.24216192  5.91676638]]
[[ 5.96189869  5.83239849 -4.35371434]]
[[ 5.90348383  5.70766566 -4.15131854]]
[[ 5.7988223  -4.04900385  5.88522392]]
[[-4.24479682  5.92103732  5.99362702]]
[[ 5.95896414  5.81848934 -4.23574794]]
[[-4.24447798  5.93951277  5.72730975]]
[[ 5.90850324 -3.95513925  5.62551673]]
[[-4.1838995   5.77642825  5.99843348]]
[[-4.14840544  5.91645142  5.96201342]]
[[-4.35394314  5.96406318  5.96356251]]
[[-3.94461116  5.9004757   5.82408833]]
[[ 5.85531103 -4.12655118  5.73908576]]
[[-4.16004391  5.89847963  5.83371846]]
[[ 5.87290677  5.80563709 -4.23324311]]
[[ 5.96114719  5.91352013 -4.35085551]]
[[ 5.88342262  5.879593   -4.32802894]]
[[-4.08745555  5.84632487  5.98799253]]
[[ 5.96610369  5.68293412 -4.04146259]]
[[ 5.75604028  5.99516227 -4.05249393]]
[[ 5.70147492  5.86656751 -4.12748751]]
[[ 5.72859042 -4.14252332  5.94021212]]
[[ 5.9424219   5.88899509 -4.36123313]]
[[ 5.69503781 -4.13186799  5.93574614]]
[[ 5.49429247  5.91338967 -3.97103968]]
[[ 5.9606535   5.96013364 -3.92676668]]
[[-4.268148    5.99917967  5.74949786]]
[[ 5.81648504 -4.07794214  5.91472232]]
[[ 5.88000432  5.91200276 -3.89092563]]
[[-4.17867044  5.97757478  5.7621091 ]]
[[ 5.99244032 -4.33016042  5.81903244]]
[[-4.20939305  5.78776216  5.90426614]]
[[ 5.98488425  5.76963433 -4.25987589]]
[[ 5.90921718  5.95198567 -4.34301343]]
[[-4.23678175  5.74313711  5.91490986]]
[[-3.97393711  5.70088262  5.85421482]]
[[ 5.91848968 -4.20943601  5.8523379 ]]
[[ 5.61115105 -3.98372974  5.87594845]]
[[-4.31566182  5.94661206  5.91743124]]
[[ 5.9036025   5.8961617  -4.25878406]]
[[ 5.91827391  5.79128662 -4.12431189]]
[[ 5.88434925  5.90142034 -4.03883565]]
[[ 5.9763077   5.52134256 -4.07535713]]
[[ 5.42170365 -3.90348813  5.93152421]]
[[ 5.90323662 -4.22679074  5.78238986]]
[[ 5.92962683  5.99329779 -3.97085796]]
[[ 5.81087401  5.92553633 -4.20069064]]
[[ 5.98018771 -4.23415467  5.87797683]]
[[ 5.68338486  5.92789865 -4.11407326]]
[[ 5.65529151  5.93633522 -4.08476088]]
[[ 5.94113131 -4.2041047   5.7546766 ]]
[[ 5.96621845  5.78415361 -4.28552263]]
[[ 5.95217654 -4.32925925  5.788663  ]]
[[-4.02216769  5.75578527  5.98488556]]
[[ 5.95789934 -4.22826044  5.6868702 ]]
[[-4.26666338  5.92336236  5.93778362]]
[[ 5.99433098 -4.15407342  5.73176172]]
[[ 5.95728745  5.85620234 -4.35497348]]
[[-4.39730019  5.83208241  5.98771137]]
[[-3.93279696  5.83947075  5.6913788 ]]
[[-4.07828105  5.76463328  5.80967392]]
[[ 5.99901504 -4.18261994  5.97109614]]
[[ 5.69653116  5.89200042 -4.02828424]]
[[-4.44006217  5.99807904  5.92299065]]
[[ 5.60243647 -4.08607828  5.9615115 ]]
[[-4.32663687  5.84888507  5.91859968]]
[[ 5.79639853  5.59032202 -3.93225868]]
[[ 5.93611109 -4.40018461  5.91831768]]
[[ 5.84974481 -4.13337334  5.87443717]]
[[ 5.92978001 -4.45482379  5.94657725]]
[[-4.3447722   5.97745464  5.85665969]]
[[ 5.84497071  5.9369945  -4.29261799]]
[[-4.10492049  5.57894048  5.99668958]]
