[[ 5.60273969  5.38438771  5.98363527]
 [ 5.08640965 -3.89919984 -4.75046901]]
[[ 4.77397137 -0.79282789  5.19655273]
 [-3.42670493  4.87316084 -2.7730147 ]]
[[ 5.72574423 -5.86587709 -3.33130363]
 [-3.76081871  3.1398531  -3.83220266]]
[[ 0.6975003   5.98050575 -5.9399837 ]
 [-2.59337372 -4.21502358  5.4958131 ]]
[[-3.21546512  5.66026503  5.20027243]
 [ 2.67531648 -5.57460662 -4.89252677]]
[[ 5.45582718  5.94641809  4.55303217]
 [-3.96191672 -5.04532384  4.88653859]]
[[ 4.69305927  4.91174447 -1.35141221]
 [-3.09178988 -2.87249985  5.73756151]]
[[-4.92042443  4.93515572  3.6982531 ]
 [ 5.33568674 -3.52911977 -4.7463562 ]]
[[-5.62919628 -2.58304474  5.54754162]
 [ 4.58288818 -5.98579838 -3.92699429]]
[[ 5.36261592  5.17004252 -2.89345681]
 [-3.64061991 -4.90007699  3.55126752]]
[[-5.84074702  5.50943834  3.71272266]
 [ 2.35003361 -4.99944849 -5.34220904]]
[[-4.96386493  5.38208231 -1.77489259]
 [ 2.93076695 -3.68452967 -5.53693122]]
[[ 5.06182068  5.48848403  1.50252662]
 [-3.23402492 -5.61082559  4.59792712]]
[[-3.33261523  5.63540109 -5.17941629]
 [-3.24146694 -2.73531116  3.60965965]]
[[ 2.40959466  5.0603729   5.44396481]
 [ 5.55619518 -3.58185427 -4.7610314 ]]
[[ 1.63922622  4.82045425 -4.66228603]
 [-3.76468654 -3.90823872  3.14130013]]
[[ 5.41585314 -0.87648084  4.01944355]
 [-3.96867072  3.8108284  -3.70933232]]
[[ 5.90862502 -5.38968591  5.27420835]
 [-4.15586805  3.76691495 -5.20141972]]
[[ 5.89756238  1.53240316  5.91277637]
 [-3.59423571  3.92314453 -4.52976161]]
[[ 4.91931148 -4.88335511  5.68712198]
 [-5.86928659  5.4287252  -4.3210159 ]]
[[ 4.50147519  4.95087427 -5.03109835]
 [-5.39533914 -2.41674218  5.73689911]]
[[ 4.00633782 -5.52087919  4.62684072]
 [-4.03397748  2.93849568 -5.66128048]]
[[-3.90709036  5.65351478  3.97428007]
 [ 3.42856536 -4.25813929 -3.83695333]]
[[-5.76532615  5.88915652 -2.16395502]
 [ 4.94679788 -3.75155057 -3.34372713]]
[[ 5.64295892  4.59771389  5.94456444]
 [-5.3282711   4.6525508  -4.17636382]]
[[ 3.13965173  5.33104287 -5.00305972]
 [-2.69848641 -4.54142327  4.02267515]]
[[ 2.66987762  5.97768968  3.72217735]
 [ 4.81360178 -3.52431835 -3.08741861]]
[[ 2.94672109  5.36320758  5.73475228]
 [ 5.86141252 -4.79497067 -4.97577129]]
[[-1.57256396 -5.82217871  5.12595117]
 [-5.33484626  5.31222521 -2.85373567]]
[[-5.18129555  5.39010035 -1.87944628]
 [ 2.18734452 -3.90909442 -4.26781522]]
[[ 4.12965128  5.49282615 -5.71304177]
 [-4.43263511 -4.15242767  4.48975645]]
[[ 4.9513583  -5.84920715  5.69973211]
 [-3.91399795  4.62712651 -4.31975106]]
[[-3.09550158  5.74825135 -5.95770768]
 [-4.1252126  -4.74351087  4.05657341]]
[[ 5.51375508  5.71103062 -5.83603864]
 [-3.24787941 -5.73702021  5.74116301]]
[[ 3.75825801  4.53417758 -4.52821777]
 [-3.03822364 -4.48855114  4.09301351]]
[[-2.87505012  5.14113064  3.31281069]
 [ 5.58842641 -3.81038986 -3.0016238 ]]
[[-1.6968462  -4.69164991  5.79857908]
 [-4.40092147  3.89402263 -4.02150976]]
[[ 5.87089589 -5.29019233  4.89814675]
 [-2.93904328  5.09110958 -5.8180099 ]]
[[ 5.80946136  5.24523172 -0.21365131]
 [-4.00429779 -4.33343412  4.46487154]]
[[-5.67049347  4.54026221  4.27077516]
 [ 3.8735032  -3.67838135 -3.67091669]]
[[-5.99506449 -4.6165875   5.58194003]
 [ 4.29838382 -4.09908351 -3.19746967]]
[[-4.65619513  5.20698534  3.72712265]
 [ 2.97874728 -4.51644846 -4.7779219 ]]
[[-4.16211924  5.47800082 -5.92590518]
 [ 3.47146807 -3.64141522 -5.63042495]]
[[-5.59186875 -5.43166221  5.70616338]
 [ 3.67178837 -4.43043152 -4.36622048]]
[[ 4.73509521 -0.22472017  5.66929112]
 [-3.49644574  3.26257352 -4.97998953]]
[[ 3.61696464 -5.34249875  5.27180054]
 [-3.2288624   5.38806834 -3.42286713]]
[[ 3.29810636  4.61914877 -4.07493687]
 [-3.74442707 -3.59370027  3.32943162]]
[[-5.78347083  4.90708842  5.2775149 ]
 [ 4.3300946  -2.69829084 -4.23847481]]
[[ 4.46252281 -3.09111437  5.74661641]
 [-4.51033838  3.57471758 -4.35015482]]
[[-5.39286357 -5.20644511  4.34826712]
 [-5.75135423  3.38236812 -3.2427661 ]]
[[-4.6846626   4.90693552  4.49511261]
 [ 2.7467719  -5.98991594 -3.8266016 ]]
[[ 0.12526768 -5.51329027  5.37539989]
 [-4.24129956  2.3093925  -4.71434783]]
[[ 4.28302671  5.1566081   2.2827546 ]
 [-3.03989464 -4.47327226  5.17168352]]
[[-5.92108301  5.97572576 -4.35244514]
 [ 3.06351798 -3.83131466 -4.28882987]]
[[-5.72694369  5.04441139  4.86891465]
 [ 5.94942991 -4.75750733 -4.14900175]]
[[ 4.53555507  5.04231256  5.9033935 ]
 [-4.41377648  5.38985279 -3.16056038]]
[[ 3.90906177 -4.23127892  5.18075345]
 [-3.60076573  5.13602028 -4.03748375]]
[[ 4.85905878 -5.66563268  5.33814713]
 [-5.44734319  3.03892773 -4.62084141]]
[[-5.95709374  1.75425622  5.24069406]
 [ 3.5011655  -5.45671603 -3.88153712]]
[[ 5.50406052  1.15017325  5.81376639]
 [-4.07028837  4.33392865 -3.71510947]]
[[ 3.9442877  -5.61097792  5.74442598]
 [-4.20945427  5.18471576 -3.65650585]]
[[ 4.81863198 -3.73231142  2.7353804 ]
 [-4.0345494   3.67628106 -3.61688261]]
[[ 5.54588884 -3.85936317  5.39412135]
 [-4.86484198  4.88430328 -4.64429204]]
[[-4.15783385 -5.9308459   5.03634003]
 [-3.11966994  3.92535659 -3.84459544]]
[[ 3.84655361  5.97124041 -5.89956048]
 [-3.15677392 -5.89530095  4.19989993]]
[[ 2.47721858  5.88814681 -4.81613541]
 [-3.12645361 -5.09589     4.72229385]]
[[ 5.53099106 -5.28784163  2.28860913]
 [-4.72784056  4.88338311 -3.01384093]]
[[ 5.05599783 -4.32915599  1.03001187]
 [-3.01762546  4.14723216 -3.27211044]]
[[ 2.24614224  5.95151906 -5.20951346]
 [-5.253653   -4.58797941  4.03461959]]
[[ 5.93030086  4.55741581 -5.01498196]
 [-4.4531953  -5.24163347  5.68421601]]
[[ 5.07491352  5.25616355  4.22517051]
 [-4.15166827 -3.09450899  5.76082454]]
[[ 1.169565   -4.74653816  5.49865525]
 [-4.20354707  3.58202504 -3.55496506]]
[[ 5.64622308 -4.45363176 -5.51483085]
 [-2.98158851  4.14712682 -5.18177539]]
[[-3.79641824  3.46043683  5.17493917]
 [ 3.6076464  -3.36087206 -4.56662686]]
[[ 4.91197044 -4.86280284  5.88900479]
 [-5.45797197  3.96765415 -4.63954549]]
[[ 5.05970595  3.28813705  4.31517772]
 [-3.10703501  3.84103736 -3.5214806 ]]
[[-5.60885215  3.85854435  3.75196739]
 [ 4.66488287 -4.13392282 -4.05120176]]
[[ 5.31690588  4.71903976 -4.32811964]
 [-4.8380933  -5.23536248  2.87642231]]
[[ 5.82042668 -5.98741199  4.28852844]
 [-4.62880382  5.39709223 -5.56147564]]
[[ 4.92986053  3.98927324  1.17863378]
 [-3.16888621 -3.8299007   5.33549886]]
[[-0.66949964 -4.59689082  5.98792086]
 [-4.60707257  3.76765196 -3.55934464]]
[[ 5.34935419  3.47860457  5.88785066]
 [-4.62477891  2.8713857  -3.86540612]]
[[ 4.72371855  5.99823924  2.26660675]
 [-4.93182333 -3.70705416  4.50798957]]
[[ 5.44273704 -5.94217239  4.07062509]
 [-4.879593    4.31545901 -3.81103696]]
[[ 5.24134275  4.48515802  3.77622995]
 [-4.25507592 -2.82459192  5.614055  ]]
[[ 2.78447141  5.38791046 -4.89780739]
 [-5.79355138 -3.02652154  3.46839215]]
[[-4.39096643  5.25329505  4.94359138]
 [ 5.93256843 -4.21033618 -4.50942861]]
[[ 5.10832225  4.12462343 -5.22786829]
 [-5.49056314 -2.93296986  5.89350429]]
[[ 5.3351979   5.92375803  0.76579284]
 [-2.38970669 -5.48283419  4.01355473]]
[[-5.80114591  5.91169125  3.48098651]
 [ 4.88740623 -4.39038678 -4.76649649]]
[[-3.60994577  4.7452826   4.45608493]
 [ 5.54246863 -3.29867222 -3.74042156]]
[[ 5.80520698  2.20376125 -5.0818412 ]
 [-4.00182129 -3.90276262  2.92983816]]
[[-5.67121199 -0.95921311  5.37434611]
 [ 4.28002033 -4.32107184 -4.18976552]]
[[ 3.86577787 -4.07941224  5.96407234]
 [-4.5280823   4.98255322 -4.38784701]]
[[ 4.44152501  5.08018573 -4.16856556]
 [-2.87730542 -4.43179091  3.72645323]]
[[-4.41438089  5.40883668  5.32350807]
 [ 5.46201224 -4.57556029 -5.05366974]]
[[ 3.7596163   5.76172883 -1.02293245]
 [-2.28082369 -4.67306916  5.65878815]]
[[-4.95827902  5.88087189  3.70155803]
 [ 4.2826891  -5.0130081  -4.38052962]]
[[ 0.9225368   5.7577945   3.99223215]
 [ 3.21168627 -4.76756593 -3.11831142]]
[[ 5.34322753  5.13916487 -2.58252596]
 [-4.54035731 -4.25739733  5.28720806]]
[[ 5.98010727  4.79711517 -4.40197195]
 [-5.42888609 -4.39088056  4.24927284]]
[[-4.38711318  5.28137348  4.24503198]
 [ 4.47699704 -5.57925524 -2.65175994]]
[[ 4.81214214 -0.74376351  5.56763979]
 [-3.46885181  4.6242028  -3.1982218 ]]
[[ 5.8073585  -5.81163977  5.61282059]
 [-4.70686738  4.3000956  -4.90219634]]
[[ 5.64778172  4.91855927 -0.18180093]
 [-4.31235413 -4.51309087  5.98805799]]
[[ 4.86228506 -1.3956674   5.40267976]
 [-4.93312679  5.9920424  -3.09740695]]
[[-0.7064923   4.76583499  4.76711024]
 [ 3.64513218 -3.1530767  -3.27633415]]
[[ 5.22197066  5.1148339   4.77802494]
 [-4.80095761 -3.9574591   4.16402531]]
[[ 5.53402897 -1.1604941  -5.7228998 ]
 [-3.25917208 -5.5930666   3.50816826]]
[[-1.78827559  5.82370833  5.86965562]
 [ 3.36819429 -3.59046189 -5.57143204]]
[[-4.87073347  4.64860908  3.96308069]
 [ 4.43258536 -5.56522065 -3.2707679 ]]
[[ 5.80383805  5.13250046  5.14336768]
 [-3.03705239 -4.09455167  5.99674617]]
[[-4.50273156 -4.51133181  4.63600446]
 [-4.05725505  2.9444044  -3.44386074]]
[[ 5.87489676  5.82583017 -0.13723929]
 [-4.89676429 -4.71152483  5.16790164]]
[[-4.16546057  4.57101474  4.97386815]
 [ 3.40252564 -5.42733363 -3.20112969]]
[[-5.91372609  5.88006004 -1.66234324]
 [ 3.41783308 -4.08844006 -3.40660608]]
[[ 5.31422722  4.95506324 -5.02829896]
 [-3.80505313 -5.02760879  5.42532067]]
[[ 5.45300993  4.93349445  5.39762202]
 [-4.02871601 -4.4405881   5.52442453]]
[[ 4.48114649 -5.41401336  4.20780563]
 [-3.68158613  3.85760525 -5.85790865]]
[[ 5.41885296 -5.54472821 -5.892174  ]
 [-4.63353005 -5.67323908  2.80599166]]
[[-1.03446252  5.57919754  3.69632751]
 [ 4.90135585 -3.59697859 -3.88899683]]
[[-3.19537507 -5.17880546  5.70839191]
 [-5.94143659  3.67774567 -4.10831186]]
[[ 5.72630397 -3.01242667  5.88450353]
 [-5.4903917   3.16982624 -4.65653525]]
[[ 3.4517091   4.06124727 -5.38728925]
 [-4.82505515 -3.54133648  3.88791345]]
[[ 5.43078506 -4.56459215  3.60129283]
 [-3.90412374  2.78837101 -5.36397404]]
[[-3.2583223   5.91128835  5.0887053 ]
 [ 4.79604965 -3.87047852 -4.50395558]]
[[ 5.47160354  3.84246337 -0.1683326 ]
 [-4.17022244 -3.31697752  5.47636616]]
[[ 4.88134131 -4.44395419  5.78980442]
 [-5.91715876  4.2136564  -3.15184316]]
[[ 4.98223561 -1.57351104 -5.405553  ]
 [-3.58605861 -5.81885702  3.09250378]]
[[ 5.16980802 -2.99842124  5.08394082]
 [-3.2029111   4.97233268 -4.91526151]]
[[ 4.46523283 -4.72546667 -5.507584  ]
 [-2.4730195  -5.69703004  4.79505967]]
[[ 0.04727277  5.87397853  5.61753273]
 [ 5.23697815 -5.5185376  -4.58631284]]
[[ 5.06031537  5.80498495  1.50610757]
 [-2.71119395 -4.86122737  3.58844802]]
[[ 5.54694944  4.38241147  5.06413966]
 [-5.21784461  4.49249222 -3.60275625]]
[[ 5.72191082  4.65896339  0.56886473]
 [-4.43402281 -3.48706983  4.62021144]]
[[ 4.51091305  3.63691367 -5.93410814]
 [-2.8542685  -4.94908118  5.1464934 ]]
[[ 5.54797122  5.72504453 -1.83218991]
 [-4.6643482  -4.05079677  4.97835104]]
[[ 0.58027798  5.72033685  5.91627842]
 [ 3.43445165 -4.04394501 -4.55600033]]
[[-3.17688522  4.92559544  4.64105881]
 [ 5.09341123 -3.97563466 -4.44665704]]
[[ 5.24534463  5.69890614  3.52222562]
 [-3.26003971 -4.12891394  5.43349208]]
[[-5.89669753  5.82087445  0.74693214]
 [ 3.1059658  -5.02219657 -4.6772286 ]]
[[ 5.38610418  5.29000488  5.74718896]
 [ 2.58471872 -4.26721861 -4.89760516]]
[[-4.62875168  5.22899694  5.15297904]
 [ 3.32509301 -3.64796381 -5.21322194]]
[[ 3.54851146 -5.32585963  3.31412922]
 [-4.14413336  3.3602395  -3.66465884]]
[[ 1.91459134  4.25966915  4.79368653]
 [ 5.88692529 -3.75376359 -3.85301157]]
[[ 5.96126144  1.95075932 -5.8204351 ]
 [-4.52685259 -2.62703062  4.80911861]]
[[ 5.43695268 -5.77594783 -1.13197333]
 [-3.96504488  4.05654051 -3.98144845]]
[[ 5.79223144  2.34243725  5.92638302]
 [-3.42972233  5.3821516  -5.25425609]]
[[ 5.60469898 -1.87555996  3.40249783]
 [-4.90516576  3.47170643 -2.9858536 ]]
[[-5.5168389   4.2448686   5.33795796]
 [ 5.9349784  -3.6099827  -5.0284613 ]]
[[ 5.93092768  5.67442977  5.66644468]
 [-4.65889004  3.6440021  -5.27670295]]
[[ 4.80775099 -3.87599849  5.06322183]
 [-4.41119984  4.85885236 -4.23532368]]
[[-2.22181875  5.74514651  4.00480935]
 [ 2.9767855  -4.06957679 -4.64410497]]
[[-5.65038573  4.27004395  5.71160694]
 [ 3.05022719 -4.24103276 -5.92739058]]
[[ 5.61559573 -4.96920225  5.22103806]
 [-3.00160367  5.63696748 -5.73565667]]
[[-1.05965321  3.65032901  5.57005551]
 [ 4.39824412 -3.19870684 -3.17811286]]
[[ 5.74535784  5.92457307 -0.39712142]
 [-3.90021659 -5.42308892  5.78370833]]
