[[ 5.3318021   3.17054309 -5.90430917]
 [-5.11691825 -4.46595835  3.76019211]]
[[-5.45220707 -1.34099385  5.74637528]
 [ 3.53176247 -4.97722447 -3.57644294]]
[[-4.9998068  -3.49349491  5.83605336]
 [-5.41201294  3.08007559 -3.65996592]]
[[-4.46316852  5.52746955  5.29053567]
 [ 5.27929494 -3.88331332 -3.07624068]]
[[-2.42890679  5.97661607  5.8700017 ]
 [ 5.23872339 -4.09892115 -5.64202908]]
[[ 5.91592004  4.90602191  5.12663184]
 [-4.74365196  4.06225575 -2.50428943]]
[[ 5.92651115  5.41787311 -0.50935721]
 [-2.34598169 -5.06816067  5.0784121 ]]
[[ 5.52857481  3.12990552 -5.18234451]
 [-4.35859329 -4.75667011  3.77331566]]
[[-2.94626251  4.56217264  5.84174872]
 [ 4.92139138 -3.69652518 -3.29430202]]
[[ 5.65935808  5.83190116 -1.25881907]
 [-5.38325044 -3.68674822  4.18811551]]
[[ 5.5619328   4.97714835 -3.6916676 ]
 [-4.83947081 -4.20660001  3.21209663]]
[[ 4.18732621 -3.22606927  5.45040531]
 [-3.84446758  3.50068206 -5.00635857]]
[[ 5.82561365  5.33763144 -5.71146206]
 [-3.53762084 -5.50965202  5.76372606]]
[[ 5.65985121 -1.8484189   4.6991567 ]
 [-4.03308617  3.22829258 -3.98625912]]
[[ 5.91367433 -4.80748111  4.19764368]
 [-5.20625706  5.03586961 -2.87917514]]
[[ 3.48575763  5.73594721  4.6416812 ]
 [ 3.44618974 -4.80667922 -3.61833902]]
[[-2.99443527  4.78658165  3.87918033]
 [ 2.93465153 -4.29974852 -4.14224278]]
[[-0.38129083  5.06002053  4.53386505]
 [ 5.348134   -3.4072514  -3.48891077]]
[[-5.74657528 -5.38055718  5.38934472]
 [-5.81616478  2.74836245 -3.19707935]]
[[ 5.74590809  3.85995905  3.12829944]
 [-4.46563689 -3.14832911  5.56303222]]
[[ 3.79208182 -4.25235173  4.45440557]
 [-3.66606285  2.11839309 -5.23640048]]
[[ 4.39634762 -5.48346379  4.16128235]
 [-4.21216812  4.00393462 -5.2683219 ]]
[[ 5.8670428  -1.30896372  4.21718408]
 [-5.03733087  4.63186531 -3.00778792]]
[[-3.06565655  4.29804282  5.74352824]
 [ 5.31123231 -3.84016002 -4.50210871]]
[[ 0.52875151  5.61488446  4.92020715]
 [ 5.54565966 -4.63965436 -4.31632605]]
[[-0.57928285  5.31155578  5.92239444]
 [ 3.88028354 -4.29921986 -4.54773027]]
[[-1.76941367  5.65937537  4.48335181]
 [ 3.2967225  -4.53545674 -3.96647183]]
[[ 5.86978482  3.91588653 -5.97650002]
 [-5.01049496 -5.5387512   2.8641141 ]]
[[ 5.8957154  -0.44177435 -5.6381851 ]
 [-4.4337391  -4.65919139  4.42258566]]
[[-5.41550903 -1.03818239  5.8296314 ]
 [ 4.53242375 -5.35826325 -2.96231136]]
[[ 5.43441564  4.52033179  5.07866051]
 [-4.11508016  5.74272628 -3.77984403]]
[[ 5.68092616 -4.24552483  2.32885066]
 [-5.39224581  3.86845131 -2.85935205]]
[[-4.75914751  4.1819583   4.27281189]
 [ 5.30013211 -3.9086019  -3.48497667]]
[[-3.45345473  4.51271796  4.54895567]
 [ 2.86051935 -3.61051653 -5.17109462]]
[[ 5.78787412 -5.08303122  4.0782393 ]
 [-3.06638096  4.21307532 -5.08750714]]
[[ 1.61164651  5.94665393  5.78849722]
 [ 4.60847802 -3.07910357 -5.67589128]]
[[ 5.7872881   2.23301082 -4.25524935]
 [-3.70931232 -4.873792    2.52996913]]
[[-5.43238695  5.64623974  5.44049151]
 [ 3.79358486 -4.2347544  -5.44934934]]
[[-3.04935384  3.82762122  4.57808648]
 [ 3.33971744 -4.39657456 -2.86314577]]
[[ 5.25321321 -0.88571297  5.78481745]
 [-4.95737999  3.21359508 -4.49353416]]
[[ 5.99720854  5.4340074   4.47560694]
 [-3.6696922  -5.65661506  5.36237094]]
[[-4.63904694  4.36378236  5.53416759]
 [ 5.28503169 -2.90283979 -4.49535106]]
[[ 3.62873291  4.0908937   5.88100652]
 [ 4.91021097 -3.44563307 -4.0750026 ]]
[[-0.2390944   5.48022211  5.65550209]
 [ 3.2923618  -3.98902437 -5.54981594]]
[[ 1.12975886 -4.8892215   4.84823068]
 [-3.45815589  3.38965297 -4.16882964]]
[[ 5.74782646 -5.87618128 -0.72080901]
 [-4.35211188  3.6070702  -5.04942416]]
[[ 3.52761481  5.02073135  5.74642295]
 [ 4.81447226 -3.87897044 -3.50606469]]
[[-4.15422318  5.80272894  5.62055666]
 [ 5.21678723 -4.15216548 -5.84270466]]
[[-4.37038    -4.9198801   5.64265604]
 [ 2.50994607 -4.92084999 -3.60097434]]
[[-4.40117019 -3.10651516  5.75195406]
 [ 3.56742472 -5.67115116 -3.84533558]]
[[ 5.96494596  5.64430582  4.77679094]
 [ 5.62520812 -4.65356569 -3.87784894]]
[[ 5.37936173 -0.86492505 -4.64981946]
 [-3.40818536 -4.64599661  3.78113949]]
[[-3.54095073  5.95685456 -3.10434516]
 [ 2.54040822 -3.68608322 -4.45689199]]
[[ 3.14065398  3.3703654   5.88453355]
 [-3.16040119  5.72194959 -3.57804092]]
[[ 5.55023374  2.0472072   3.5547946 ]
 [-3.04873171  5.37963347 -3.59084512]]
[[ 4.99275232 -5.09488477  4.66689464]
 [-3.75735021  4.9616338  -4.31557513]]
[[ 5.12331369 -5.76071231  5.94141662]
 [-5.36723882  3.77824119 -3.79356634]]
[[ 4.31111033  0.59952023  5.21898035]
 [-3.19796861  5.94842875 -2.68065583]]
[[ 5.66941471  3.73889089  5.0282512 ]
 [-4.87345233 -2.9518424   5.94981129]]
[[-5.73372103  2.62219775  4.31364268]
 [ 2.74580603 -5.23341167 -3.07175988]]
[[ 2.77358535 -4.99631071  5.18646484]
 [-4.4135613   3.29623317 -3.57464642]]
[[ 5.09589788 -5.03977632  3.88274899]
 [-5.13133102  3.76527602 -4.52125971]]
[[ 4.58518551  0.87570307  5.73883079]
 [-3.07367373  5.28933126 -5.18697178]]
[[ 4.72641296  5.56552137  4.3656431 ]
 [-4.70446489 -3.04977936  5.92705326]]
[[-0.02128335  5.63636374 -4.38361328]
 [-5.88363951 -2.8994343   3.90887027]]
[[ 3.82052689 -5.10516211  5.44394114]
 [-2.9874504   5.28419785 -5.49642657]]
[[ 3.919442    5.75037809  5.81709361]
 [ 5.20148741 -3.46871611 -3.4975632 ]]
[[ 5.41684255 -4.86065312  5.68518356]
 [-5.99750459  5.0086217  -4.53229725]]
[[ 4.93134955  4.59208379  3.99563555]
 [-2.96409659 -4.29720224  3.90029262]]
[[-3.74344327  5.11616297 -5.50928574]
 [-5.38818469 -3.36604521  2.91316396]]
[[ 4.84366572  0.42356329  4.84513364]
 [-3.45438799  4.06659105 -4.29836845]]
[[-5.27996671  4.20699019  5.77707416]
 [ 4.06281977 -4.39013585 -5.26275831]]
[[ 5.99742025 -2.62266131  5.60527201]
 [-4.840531    4.69267353 -5.50233412]]
[[ 5.60928098  5.92125256  5.46642322]
 [-3.15642039 -5.50728771  5.85168796]]
[[ 3.28328255 -5.56177789  5.83504275]
 [-5.70922569  3.04695798 -2.80096917]]
[[ 1.70804209  4.97912014 -5.30070264]
 [-4.66453461 -3.55985813  3.06972723]]
[[ 3.7754109   5.45383908 -2.26667596]
 [-3.73951256 -4.08029589  5.44852098]]
[[ 4.53762404  5.2092458  -4.41330385]
 [-4.62537774 -2.76818003  4.50716408]]
[[ 4.98124238 -2.45653473  5.81254499]
 [-3.43315257  3.94982787 -4.56730074]]
[[ 4.27822564  5.28145489  5.97378711]
 [-4.44600441  5.87651171 -3.82138306]]
[[ 5.90693513  3.59000102  5.42741299]
 [-5.44322448  4.00626484 -4.47595594]]
[[-5.78614092  4.00028221  5.56730359]
 [ 3.30365239 -3.7291758  -3.58661051]]
[[ 5.44127944  4.38805924 -5.66116529]
 [-5.58795734 -3.92974073  2.55248773]]
[[ 4.78524623 -4.81794035  3.92145722]
 [-4.50040647  4.93440175 -3.68335509]]
[[ 0.31083657 -5.06691387  5.30330683]
 [-5.05211883  3.93405499 -3.86372569]]
[[-5.00015296  3.9414823   4.41223285]
 [ 4.51951798 -2.96767895 -3.9238663 ]]
[[ 5.97730107  4.82110196 -4.77529043]
 [-5.08597376 -4.39475084  3.97441914]]
[[ 5.76051183  5.467858    3.60429786]
 [-5.40241176 -4.28199348  3.47273963]]
[[ 4.74588596  0.05342899  5.99170219]
 [-4.83639623  5.53945417 -2.85841439]]
[[-5.14486133  4.79729886  5.23558255]
 [ 4.45755195 -3.40708084 -4.56203889]]
[[ 5.05548514  4.88198836 -5.03740438]
 [-3.52474987 -4.42149926  4.54940997]]
[[ 4.78539949  5.38719035 -0.6414598 ]
 [-3.48525796 -3.67217668  5.37285996]]
[[ 5.89907132  4.61342782 -0.80923388]
 [-4.44964871 -4.27292177  3.86847356]]
[[ 3.10739663  5.83777539  5.68260799]
 [ 5.8528471  -4.63580697 -3.36844624]]
[[ 5.15043917  4.91027724 -4.33853463]
 [-5.57268223 -4.90849469  2.98451783]]
[[ 4.77575434 -5.23713412  4.32092538]
 [-5.48822515  4.56812668 -3.615629  ]]
[[-2.7423258   5.70309169  5.46201404]
 [ 3.31312008 -5.75244638 -4.41531418]]
[[ 5.64227637  4.20271424  5.23538985]
 [-2.9461172   5.90035012 -3.80368323]]
[[ 3.36960148 -2.72119965  5.59863775]
 [-3.62340055  2.86298141 -5.0117812 ]]
[[ 5.56054317  5.29501772  5.32011107]
 [ 4.554261   -3.20089147 -4.77202959]]
[[ 1.61676999  4.48768065  3.90717172]
 [ 4.97876817 -3.28025573 -3.22793015]]
[[ 4.45094481  2.50437528  5.20019415]
 [-4.20597759  4.9626976  -4.02097303]]
[[-5.35211439  5.74933448  5.18650758]
 [ 2.86338917 -5.55059442 -3.77833834]]
[[ 5.43479661  5.31241744 -5.60405556]
 [-3.97789735 -4.41570753  4.8700588 ]]
[[ 5.46171488 -2.74094548  4.6366547 ]
 [-4.44906778  3.39198792 -2.88912821]]
[[-5.30857656  5.44284157  3.5105493 ]
 [ 4.29819488 -3.76571543 -4.48491023]]
[[-2.690296    4.74091967  5.80404174]
 [ 3.37520164 -4.28683081 -4.93410355]]
[[-1.94414186  5.14804557 -4.75632795]
 [-5.4618245  -3.07305233  3.71485788]]
[[ 5.10344595  4.47836553 -5.35652476]
 [-4.33014994 -5.29908617  5.21278494]]
[[ 4.07083702  5.40761015  5.14384109]
 [-3.41979947  3.76528011 -3.83339676]]
[[ 5.14591818 -5.44374705  5.87532406]
 [-3.21206576  4.87939941 -5.03348743]]
[[ 4.40685981 -4.21276356  5.9060332 ]
 [-5.22381416  4.49325188 -4.32512069]]
[[ 2.07289795 -4.12539241  5.54029951]
 [-3.79144617  3.91175903 -4.22290216]]
[[ 5.79038364 -5.08503961  3.73830416]
 [-4.00214246  4.61088585 -2.66518843]]
[[ 2.9845082  -5.47838826  5.7970955 ]
 [-4.41537474  2.8460035  -3.69738646]]
[[-0.77503694  4.72822983  4.15333836]
 [ 4.88724291 -3.25936475 -3.82976973]]
[[ 4.15994884  5.27005797 -5.81528803]
 [-5.70430733 -4.36677106  3.44917692]]
[[ 5.73370575  4.90165286 -3.92838302]
 [-3.26217788 -5.40111508  4.98051229]]
[[ 5.7858665  -1.44724517  5.97162368]
 [-4.8506559   3.30758895 -3.92622202]]
[[-1.06285418  4.5820409  -5.33852209]
 [-4.04080158 -3.38923756  3.53170943]]
[[ 5.97011685 -4.84274215  3.50939106]
 [-4.97210685  2.56893768 -4.64329117]]
[[ 5.89057329 -0.86113977  4.87759938]
 [-4.34124479  4.11807221 -3.9468407 ]]
[[ 4.1177487   4.30000602 -4.232195  ]
 [-4.09654691 -3.58258277  3.70666796]]
[[ 4.520279   -3.31201433  3.01730598]
 [-4.15315478  2.88687402 -2.86461842]]
[[-5.78962616 -0.27407099  5.15666571]
 [ 4.37658911 -5.17550711 -3.643331  ]]
[[ 5.16479473  4.86681067 -0.79196316]
 [-3.17331631 -4.94556859  5.37280932]]
[[-4.4091516   5.79233151 -5.4930398 ]
 [-5.686607   -5.02090996  2.67051008]]
[[ 0.79198259  4.87748878 -5.14942992]
 [-4.26729386 -3.85686589  3.21552279]]
[[-2.93453029  5.99810617  5.71038375]
 [ 5.72929326 -5.62363968 -4.68545096]]
[[-4.10210335  4.77974288  5.24294517]
 [ 2.52040425 -5.50311455 -5.08996418]]
[[ 5.53963134  5.97357842 -4.80480177]
 [-5.68442069 -2.48431407  5.72380871]]
[[ 2.95003206  5.68532179  3.80856087]
 [ 3.9976717  -4.52465506 -3.42913764]]
[[ 4.73444909 -0.32304975  4.92315308]
 [-2.41227821  4.18344873 -4.83221307]]
[[-3.93422328 -4.52172843  4.63617089]
 [-5.29050496  3.313709   -2.9213408 ]]
[[ 5.80884593 -4.90887092  5.95208445]
 [-5.13036052  3.76964006 -4.84668724]]
[[ 5.33149749  4.10378611 -5.76859499]
 [-3.59559402 -4.57113481  5.03971524]]
[[-2.41446432  5.79470841  4.40548601]
 [ 5.3483652  -3.38987003 -4.20105303]]
[[-4.01345343  5.44975292  1.58391655]
 [ 2.67132856 -4.13404983 -4.69271304]]
[[-1.38012155  5.99511042  5.26226648]
 [ 5.02632994 -4.4025784  -4.62533731]]
[[-5.37297437  3.2493117   4.03935393]
 [ 4.98700289 -2.70307723 -3.80968715]]
[[-5.35010797  5.40801361  4.7658873 ]
 [ 4.41263222 -3.95944868 -3.53229002]]
[[-3.64539811  4.99671017  5.7049046 ]
 [ 4.53415048 -3.74273376 -5.02385504]]
