[[-4.51073659  5.9613909   5.99682708]]
[[ 5.85442699  5.98644398 -4.32562908]]
[[ 5.8241685   5.77210746 -4.13277837]]
[[ 5.84930097  5.89410766 -4.21927552]]
[[ 5.93467416 -4.249474    5.9785413 ]]
[[-4.25250423  5.80838903  5.96499059]]
[[ 5.99190113 -4.0077328   5.50894103]]
[[ 5.96564371 -4.30166678  5.75966055]]
[[ 5.890539    5.90264452 -4.16273492]]
[[-4.14795035  5.93839331  5.88063685]]
[[ 5.8989717  -4.1522563   5.72051732]]
[[-4.13466268  5.97855896  5.64036311]]
[[ 5.78844731  5.88834938 -4.12359684]]
[[-4.05412638  5.98624522  5.56470486]]
[[ 5.74285222 -4.07076393  5.88842795]]
[[ 5.95020009 -4.06778364  5.92989536]]
[[-4.16575408  5.71107653  5.88581724]]
[[ 5.84567228  5.96773088 -4.31054489]]
[[ 5.997981   -4.42205371  5.84108772]]
[[ 5.65453234 -4.18057988  5.96721815]]
[[-3.99619354  5.85178024  5.55605027]]
[[ 5.88871659  5.80176805 -4.24489752]]
[[ 5.89532963  5.82955295 -4.17356984]]
[[ 5.95348292  5.86401136 -4.17845576]]
[[-4.0865417   5.93972155  5.9865662 ]]
[[ 5.84599241 -4.29825337  5.92601748]]
[[ 5.98516702 -3.98252223  5.76938316]]
[[-4.30952052  5.97959404  5.87729024]]
[[ 5.88871895  5.99053493 -4.41360443]]
[[ 5.82700188 -4.29877085  5.9521171 ]]
[[-4.22484175  5.74041971  5.92362838]]
[[-4.07138663  5.59926709  5.88988038]]
[[-3.97620945  5.93302001  5.5509791 ]]
[[ 5.97554225 -4.33614799  5.87469071]]
[[ 5.99114321 -3.95582511  5.6449291 ]]
[[ 5.82967647 -4.1978127   5.98062782]]
[[ 5.96784979 -4.15239743  5.7146678 ]]
[[-3.86336306  5.60950211  5.71542467]]
[[ 5.86120405  5.72080027 -4.00900186]]
[[ 5.55390666 -4.03079902  5.93316241]]
[[ 5.73784462  5.85557095 -4.11129083]]
[[ 5.54560074 -4.0794648   5.98466029]]
[[-4.267286    5.86527075  5.83862451]]
[[ 5.86040639 -4.29896601  5.88400492]]
[[ 5.70886611 -3.99253718  5.76530087]]
[[ 5.94368594  5.74979759 -4.14738316]]
[[-4.39907998  5.98457818  5.94145811]]
[[ 5.69983727  5.79482085 -4.0429048 ]]
[[ 5.98941781  5.43516214 -3.97464386]]
[[ 5.49442691 -3.95275779  5.88420996]]
[[ 5.6927911  -4.03788685  5.99146847]]
[[-3.98564649  5.81837613  5.71452969]]
[[-4.01203949  5.88401516  5.7196041 ]]
[[ 5.9193415  -4.16467931  5.75432488]]
[[-4.44081757  5.87339658  5.99716547]]
[[ 5.93419373 -4.20539264  5.97663375]]
[[ 5.98283781  5.79359145 -4.03869836]]
[[ 5.89962369 -4.00907957  5.96667394]]
[[ 5.96179539 -3.99959768  5.46509606]]
[[ 5.7564683  -4.26139675  5.95228255]]
[[-4.30508863  5.90369407  5.99918026]]
[[ 5.83321727  5.93739041 -4.19951546]]
[[-3.9726584   5.98513221  5.58227615]]
[[ 5.92980342 -4.19083156  5.9661676 ]]
[[ 5.7112779   5.96688785 -4.16542877]]
[[ 5.82260529  5.61716098 -3.94696357]]
[[-4.15574904  5.99463601  5.8756817 ]]
[[-4.29000447  5.88902598  5.86613595]]
[[ 5.78696663 -3.97862151  5.83041417]]
[[ 5.73724116 -4.16901909  5.94186399]]
[[ 5.74199559  5.99466268 -4.20417795]]
[[-4.08143402  5.9758585   5.86683159]]
[[-3.93126707  5.82105486  5.93243416]]
[[ 5.95648097 -4.35626938  5.96189031]]
[[-4.26560362  5.80256604  5.99677315]]
[[ 5.98069537 -3.91361703  5.65435922]]
[[ 5.82227632 -3.99741355  5.5913366 ]]
[[ 5.98308441  5.84645676 -3.97436203]]
[[-4.0375149   5.96828585  5.9320027 ]]
[[ 5.96143148 -4.37524122  5.91152963]]
[[ 5.95482462  5.69361213 -4.06669861]]
[[ 5.82873632 -3.96217956  5.88059232]]
[[-4.00584917  5.92694249  5.60236925]]
[[ 5.91881634  5.97860988 -4.4053714 ]]
[[ 5.94414096  5.93698236 -4.18017913]]
[[-4.28040937  5.85678403  5.96292919]]
[[ 5.89460617 -4.30721637  5.92840133]]
[[ 5.92287149 -4.07960147  5.86253655]]
[[ 5.84946984 -4.32099235  5.95618236]]
[[ 5.98402161 -4.23281493  5.85806388]]
[[-4.42016989  5.95193782  5.94921734]]
[[ 5.9723287  -4.33673561  5.8993326 ]]
[[ 5.80415144 -4.04783589  5.9482681 ]]
[[ 5.95782993  5.80369725 -4.30135027]]
[[-4.14947432  5.99003242  5.88705086]]
[[-4.39364312  5.99497563  5.8632095 ]]
[[ 5.95613203  5.86163682 -4.24984681]]
[[ 5.86133991 -4.43039464  5.99439185]]
[[ 5.82387374  5.89798707 -4.29989495]]
[[ 5.76808069 -4.27776193  5.94380824]]
[[ 5.93561048 -4.26317625  5.9700016 ]]
[[ 5.95918424  5.93626968 -4.34235984]]
[[-3.89848133  5.79469385  5.80397548]]
[[ 5.94565992  5.90142184 -4.09472373]]
[[-4.09784822  5.76646723  5.97607131]]
[[ 5.67292878  5.79073959 -4.00757267]]
[[ 5.94242061 -4.15505744  5.70383479]]
[[ 5.93321108  5.94316924 -4.02250453]]
[[ 5.69112055 -4.2377388   5.98851034]]
[[ 5.85685606  5.73382888 -4.16433589]]
[[ 5.8179948   5.98204003 -4.29408865]]
[[-4.03317292  5.96574088  5.72421445]]
[[ 5.26541943 -3.80137574  5.94818307]]
[[ 5.826823   -3.95715538  5.97953984]]
[[-4.09976771  5.90593907  5.84965324]]
[[ 5.9732717   5.6762823  -4.15383851]]
[[ 5.87596871 -4.21615651  5.9932186 ]]
[[ 5.98485872  5.87489441 -4.31101467]]
[[ 5.92321989 -4.23885612  5.95727063]]
[[ 5.97164108  5.78459664 -4.10145243]]
[[-4.36318632  5.90857039  5.90554622]]
[[ 5.7565934   5.85484411 -4.10971322]]
[[ 5.77642777  5.64511285 -3.98654915]]
[[-4.31086977  5.91194051  5.88091175]]
[[-3.98133225  5.79013014  5.64405923]]
[[ 5.63732705 -4.11258547  5.94000709]]
[[ 5.9593407  -4.05150848  5.89013776]]
[[-4.27416504  5.91614247  5.86972223]]
[[ 5.99339671 -4.19669949  5.95646488]]
[[ 5.95932037 -4.09343984  5.64910984]]
[[ 5.92609408 -3.97096602  5.66441276]]
[[-4.16508722  5.87442378  5.82903825]]
[[-4.19619939  5.98879513  5.69506898]]
[[-3.97784271  5.98481737  5.4103376 ]]
[[-4.15635194  5.79841613  5.80161778]]
[[ 5.84005432 -4.23318329  5.90143875]]
[[ 5.81203121 -3.98345753  5.64178927]]
[[ 5.78174015 -4.32864924  5.96309125]]
[[-4.18194941  5.80050791  5.98195344]]
[[-4.0198368   5.65317124  5.98354186]]
[[ 5.97395387 -4.47047609  5.98712492]]
[[ 5.75478457  5.61038137 -3.8980168 ]]
