[[0.97844599 0.02332034 0.99998741 0.98224443]]
[[0.97699549 0.02023945 0.99911891 0.99127943]]
[[0.97739003 0.02242797 0.9972212  0.97656276]]
[[0.97758394 0.02395538 0.99999038 0.99931362]]
[[0.97775284 0.02173031 0.9999857  0.9878985 ]]
[[0.97804345 0.02317389 0.99948645 0.99691075]]
[[0.9760729  0.02359695 0.99995743 0.99266763]]
[[0.97755525 0.01935404 0.99998879 0.99008815]]
[[0.97738387 0.0230167  0.99998853 0.99718057]]
[[0.97671111 0.02306557 0.99997325 0.99012318]]
[[0.97861787 0.02203165 0.99999054 0.99833487]]
[[0.97684759 0.02040027 0.99998844 0.9899443 ]]
[[0.97965994 0.02195887 0.99999164 0.99757991]]
[[0.97828394 0.02375843 0.99998437 0.99605918]]
[[0.97671161 0.02208275 0.99998976 0.99786434]]
[[0.97932118 0.02200124 0.99957477 0.98877954]]
[[0.97655099 0.01997443 0.99998843 0.9841197 ]]
[[0.97842015 0.02198509 0.99995513 0.99435669]]
[[0.97752464 0.02141385 0.99741267 0.99388596]]
[[0.97600283 0.01983532 0.99941981 0.98587668]]
[[0.97811137 0.02339979 0.99999187 0.99005405]]
[[0.97612596 0.01882877 0.99998865 0.97830219]]
[[0.97928054 0.02195966 0.99998115 0.99089652]]
[[0.98026929 0.02333156 0.99998966 0.98978732]]
[[0.97892816 0.02005109 0.99988953 0.98221067]]
[[0.97822783 0.02235673 0.99996006 0.99353059]]
[[0.97815947 0.02172172 0.999984   0.99099734]]
[[0.97758105 0.01774228 0.99999184 0.99302559]]
[[0.97711193 0.02196416 0.99967023 0.97961073]]
[[0.97983427 0.02363848 0.99943619 0.98871524]]
[[0.97637107 0.01946459 0.99940513 0.99315304]]
[[0.97739196 0.02180873 0.9999859  0.97888167]]
[[0.97718504 0.02017999 0.99998991 0.99108149]]
[[0.97654118 0.02325888 0.99998832 0.99135802]]
[[0.97919714 0.02256421 0.99999164 0.99738542]]
[[0.97715269 0.02114724 0.99971703 0.98881828]]
[[0.97714652 0.02360138 0.99998477 0.99342929]]
[[0.97793647 0.0177203  0.999992   0.99909282]]
[[0.97657539 0.02272455 0.9999886  0.99076769]]
[[0.97884142 0.02239254 0.9999719  0.98639794]]
[[0.97653352 0.01646928 0.99942763 0.97638842]]
[[0.97866636 0.02202147 0.99999171 0.99838572]]
[[0.97689129 0.02150823 0.99943901 0.99100225]]
[[0.97660075 0.02195047 0.99993848 0.97959578]]
[[0.97767341 0.01996815 0.999968   0.97610023]]
[[0.9788614  0.02153152 0.99957586 0.98742384]]
[[0.97802389 0.01965378 0.99952621 0.99626217]]
[[0.98004911 0.01917462 0.99999213 0.99015136]]
[[0.97852312 0.02379564 0.99730515 0.99091415]]
[[0.97787557 0.0239054  0.99735598 0.97831634]]
[[0.98019902 0.01890757 0.99956676 0.98856412]]
[[0.97820033 0.02084015 0.99951031 0.98227608]]
[[0.97692944 0.02019522 0.99776057 0.98579528]]
[[0.97634993 0.01881661 0.99934233 0.98089196]]
[[0.9763442  0.01943866 0.9995699  0.98134749]]
[[0.97842028 0.01970922 0.99999134 0.9977359 ]]
[[0.97764929 0.01969907 0.99999127 0.99930949]]
[[0.97639456 0.02122011 0.99986543 0.99607125]]
[[0.9776006  0.02139866 0.99940232 0.98008401]]
[[0.97650312 0.02060675 0.99998862 0.99197706]]
[[0.97786949 0.02250688 0.99998799 0.99494329]]
[[0.97951679 0.01909324 0.99999157 0.9831384 ]]
[[0.97641659 0.01601611 0.99982869 0.98526338]]
[[0.97886724 0.02037759 0.9995238  0.98655817]]
[[0.97791983 0.0220552  0.99983557 0.98028375]]
[[0.97650494 0.0218218  0.99998882 0.98981147]]
[[0.97947328 0.02392809 0.99957956 0.99871406]]
[[0.97813943 0.01515369 0.99999252 0.98730276]]
[[0.97692245 0.02260259 0.99942829 0.98592511]]
[[0.97841985 0.02236982 0.99753257 0.99141573]]
[[0.9773834  0.01822393 0.9998937  0.98553883]]
[[0.97955078 0.01894875 0.99999197 0.9957597 ]]
[[0.97936    0.02090922 0.99998844 0.98201905]]
[[0.97830963 0.01836439 0.99949896 0.9915874 ]]
[[0.97656728 0.02392668 0.99998957 0.99679465]]
[[0.97645595 0.02056431 0.99997896 0.99042646]]
[[0.97936938 0.02111495 0.99998723 0.97811983]]
[[0.97673697 0.02100611 0.999991   0.99738363]]
[[0.97855076 0.0231625  0.99998793 0.99765216]]
[[0.97734228 0.02258993 0.99942186 0.97809781]]
[[0.97733329 0.02204865 0.99949631 0.97665378]]
[[0.97635728 0.01811696 0.9999921  0.99974387]]
[[0.97827679 0.02012333 0.99999277 0.99805693]]
[[0.97628666 0.01385758 0.99999206 0.98741964]]
[[0.97714904 0.02288673 0.99987741 0.97622835]]
[[0.97703301 0.02105015 0.99999062 0.99814976]]
[[0.97798123 0.02027612 0.99999038 0.99834127]]
[[0.97788855 0.01985364 0.99952178 0.97835591]]
[[0.97691904 0.01841041 0.99992872 0.98500264]]
[[0.9769597  0.01842962 0.99999139 0.99922979]]
[[0.97619936 0.01446646 0.99999269 0.99894207]]
[[0.97613487 0.01817206 0.99996221 0.99509095]]
[[0.977211   0.02339318 0.99996226 0.98631165]]
[[0.97669473 0.02141774 0.99950442 0.99636353]]
[[0.97869172 0.02150253 0.99999087 0.9881247 ]]
[[0.97888358 0.02133354 0.99999056 0.98878482]]
[[0.97777487 0.02332765 0.99998694 0.98956366]]
[[0.97603842 0.02208721 0.9994043  0.99737771]]
[[0.97912038 0.02370192 0.99998831 0.98500079]]
[[0.97698842 0.01642991 0.99942187 0.99068993]]
[[0.97739533 0.0236345  0.99967943 0.98529413]]
[[0.98117909 0.02252843 0.99969896 0.98024065]]
[[0.97891933 0.02046866 0.99999292 0.99957105]]
[[0.97885534 0.02078575 0.99999139 0.99950666]]
[[0.97663416 0.0198021  0.99999031 0.99852804]]
[[0.97761069 0.02196086 0.99998859 0.99509322]]
[[0.97968528 0.02381103 0.99998878 0.99373878]]
[[0.97851284 0.02176701 0.99851858 0.98358204]]
[[0.97691808 0.01664295 0.99999063 0.97977266]]
[[0.97607212 0.01834113 0.99932749 0.98442033]]
[[0.97939793 0.02371263 0.99999145 0.99958279]]
[[0.97711171 0.01967295 0.99998908 0.98659033]]
[[0.97883124 0.0216704  0.99998385 0.97696412]]
[[0.97865947 0.02389883 0.99999182 0.99962886]]
[[0.97839519 0.02397286 0.99998935 0.99763692]]
[[0.97851895 0.02396379 0.99996598 0.98455659]]
[[0.97809351 0.02179403 0.99998975 0.99226711]]
[[0.97620222 0.01660245 0.99999114 0.98769871]]
[[0.97621786 0.02061108 0.99997899 0.99670555]]
[[0.9788204  0.0217288  0.99938148 0.98197366]]
[[0.97885041 0.0235105  0.99999054 0.99545813]]
[[0.97688325 0.0215539  0.99996585 0.99318779]]
[[0.97634798 0.01998927 0.99998939 0.99491918]]
[[0.97632975 0.0223939  0.9999884  0.99292646]]
[[0.97613575 0.01407507 0.99979775 0.98309506]]
[[0.97852976 0.01995734 0.99997089 0.97973006]]
[[0.97949402 0.02026343 0.99758177 0.97931558]]
[[0.97652399 0.01968572 0.9999462  0.98091183]]
[[0.97716999 0.01526699 0.99999007 0.9782703 ]]
[[0.97722847 0.02144581 0.99999049 0.98755957]]
[[0.97716999 0.0221272  0.99999184 0.99549028]]
[[0.97699919 0.01964886 0.99948013 0.97635446]]
[[0.97828232 0.0229794  0.99995663 0.98676171]]
[[0.97623883 0.02381985 0.99645733 0.97823081]]
[[0.97690064 0.02381497 0.99998772 0.99918451]]
[[0.97656249 0.01664994 0.99999125 0.99722922]]
[[0.97979947 0.02005962 0.99999008 0.99182161]]
[[0.9793212  0.02295274 0.99997895 0.98299848]]
[[0.9785216  0.02376508 0.9999771  0.99197603]]
[[0.97618351 0.02221592 0.99998872 0.99468499]]
[[0.97879482 0.02165487 0.99999176 0.99972093]]
[[0.97908983 0.02384542 0.99998947 0.99632698]]
