[[ 5.73306921  5.8221699  -3.92443194]]
[[-4.19842666  5.83604552  5.859965  ]]
[[ 5.68042275 -4.13166264  5.98422951]]
[[-4.09966438  5.94181564  5.70846142]]
[[-3.93900423  5.51227501  5.99281413]]
[[ 5.9893468  -4.31300096  5.91663131]]
[[ 5.93529003  5.7860166  -4.30425562]]
[[ 5.83957897  5.85038684 -4.14196976]]
[[-4.12686795  5.9061917   5.75310857]]
[[ 5.7163264   5.7276722  -3.97156984]]
[[ 5.89699135  5.83314787 -4.08296826]]
[[ 5.77154606 -4.15317892  5.86609665]]
[[ 5.9969573   5.75384573 -4.00157619]]
[[ 5.73236228 -4.07978631  5.96291946]]
[[ 5.97508695 -4.15043433  5.64782061]]
[[-4.12459795  5.91243955  5.92765792]]
[[-4.27924791  5.95967109  5.77797385]]
[[-4.17919012  5.8981151   5.9094331 ]]
[[ 5.89785631 -4.33547417  5.98282543]]
[[ 5.93167563  5.6976883  -4.21830494]]
[[ 5.99061531 -4.38282671  5.99152417]]
[[ 5.72900457 -4.1410903   5.83368553]]
[[ 5.94616708 -4.15336543  5.91868787]]
[[-3.94302133  5.99956764  5.75475601]]
[[-4.0381631   5.84934385  5.86586066]]
[[-3.99743961  5.79824266  5.80941679]]
[[-4.12653174  5.795187    5.935155  ]]
[[ 5.92807975  5.93115469 -4.30888544]]
[[ 5.84455301  5.6279555  -3.96453733]]
[[-4.08592835  5.87256666  5.9801596 ]]
[[ 5.90007638 -4.15469576  5.69736143]]
[[ 5.96279754 -4.23146093  5.80182755]]
[[-4.19386836  5.74790347  5.96048373]]
[[-4.15150129  5.97955932  5.62948282]]
[[ 5.96361209 -4.13029611  5.86996885]]
[[-4.15512792  5.90209157  5.76465554]]
[[ 5.9302178   5.80054877 -4.2196999 ]]
[[-4.21783055  5.9301558   5.87071231]]
[[-4.2999561   5.82516786  5.93531793]]
[[ 5.77946522 -4.03839085  5.92757345]]
[[ 5.96460884  5.77020348 -4.27794016]]
[[-4.18642624  5.88605992  5.95217777]]
[[-4.12206959  5.66144973  5.94895123]]
[[-4.07060032  5.82137635  5.71197176]]
[[ 5.87552007 -4.30443965  5.98771407]]
[[ 5.89312985 -4.03502801  5.81247664]]
[[-4.2353713   5.96059862  5.86592898]]
[[-4.066448    5.98761366  5.86749183]]
[[-4.23322456  5.92674098  5.94461883]]
[[-3.95836075  5.78459579  5.75116467]]
[[-4.14127339  5.9890663   5.9562558 ]]
[[ 5.95804771  5.83920858 -4.18961668]]
[[-4.41914406  5.98482993  5.9260287 ]]
[[ 5.87250661 -4.36849982  5.93690296]]
[[ 5.83761126 -4.36532765  5.96813024]]
[[ 5.92228556 -4.1478782   5.85396321]]
[[ 5.93431067 -4.15493606  5.77721153]]
[[ 5.99918778 -4.45687338  5.90246499]]
[[ 5.80550374  5.91816163 -4.17153137]]
[[-4.42353975  5.91718638  5.96057367]]
[[ 5.74221101 -4.15127404  5.98590108]]
[[ 5.96044744 -4.13120737  5.90566731]]
[[ 5.89099632 -4.43398158  5.98967688]]
[[ 5.92602818  5.95137198 -4.20625658]]
[[ 5.92213006  5.85581936 -4.19645376]]
[[ 5.63822566 -4.11841525  5.9345685 ]]
[[-4.08287704  5.90979456  5.9036579 ]]
[[ 5.92946929 -4.28069531  5.95316118]]
[[ 5.76040608  5.94355168 -4.21286403]]
[[ 5.93025435  5.91727146 -4.21919582]]
[[ 5.90510542 -4.3200754   5.94735983]]
[[-4.11990776  5.95449611  5.90371039]]
[[ 5.84398716 -3.95179694  5.82714661]]
[[ 5.88846201  5.9851244  -4.25567033]]
[[ 5.86540221 -4.25599339  5.85041149]]
[[ 5.80124399  5.91967346 -4.27080406]]
[[ 5.87292387  5.93629612 -4.08895507]]
[[ 5.95966186  5.80422853 -4.28918655]]
[[ 5.85319669 -4.06171452  5.84928504]]
[[ 5.78616174 -3.96792213  5.71043341]]
[[ 5.55782741 -3.95346447  5.9234979 ]]
[[-4.45016847  5.90008476  5.99163062]]
[[ 5.99354476  5.95728894 -4.33601106]]
[[ 5.98190912 -4.50909035  5.96261828]]
[[ 5.76116035 -3.98503027  5.73516178]]
[[-4.28761939  5.87142462  5.91711976]]
[[ 5.87222017  5.77414295 -4.05917245]]
[[ 5.81178428  5.89686072 -4.13004447]]
[[ 5.87955673 -4.36375515  5.97498982]]
[[-4.27220802  5.81732127  5.94928773]]
[[ 5.96368672  5.97435556 -4.51013338]]
[[ 5.77861891  5.97318155 -4.32943573]]
[[ 5.99661405  5.47740775 -3.9571722 ]]
[[-4.08070912  5.80343013  5.74826813]]
[[ 5.87317188  5.86044886 -4.07937836]]
[[ 5.85961717 -4.0450431   5.85814921]]
[[-3.96092049  5.74436429  5.78466764]]
[[ 5.94600859 -4.22285874  5.69095056]]
[[ 5.85307462 -4.1331583   5.97584564]]
[[-4.42217025  5.98604039  5.93308463]]
[[-4.18585572  5.72344807  5.9958774 ]]
[[ 5.92250597 -3.99017103  5.97523791]]
[[-4.25495101  5.93220097  5.9989359 ]]
[[ 5.93716533  5.79456496 -4.06173749]]
[[ 5.92209412 -4.42928364  5.9728634 ]]
[[-4.04474067  5.65308492  5.94471148]]
[[-3.96663498  5.9502347   5.76817127]]
[[ 5.99305065  5.83237213 -4.18826642]]
[[ 5.96384468  5.73464634 -4.20778509]]
[[ 5.85511795 -4.39107218  5.95293891]]
[[ 5.91469226 -4.01471784  5.82311803]]
[[ 5.70399743 -4.06070406  5.86465774]]
[[ 5.81776312 -4.10478723  5.95468989]]
[[ 5.93463403 -4.24596943  5.9624869 ]]
[[ 5.96592299 -4.14582857  5.80590087]]
[[-4.07920466  5.88939638  5.82754613]]
[[ 5.72772227  5.89066621 -4.02074392]]
[[ 5.8084283   5.97199331 -4.35226642]]
[[ 5.67916803 -4.16673635  5.91707025]]
[[ 5.95042296  5.94006657 -4.22387052]]
[[ 5.96205992 -4.11597402  5.82343039]]
[[ 5.67499698 -4.06482394  5.87744672]]
[[ 5.99247945  5.69448325 -4.24622196]]
[[ 5.8777164  -4.42362989  5.98507664]]
[[-4.49114158  5.91403817  5.99954369]]
[[ 5.86789413  5.9621398  -4.19126682]]
[[ 5.95687688  5.98616638 -4.2104037 ]]
[[ 5.87772218  5.85368239 -4.27536446]]
[[-4.25545283  5.88236025  5.88626198]]
[[-4.19248072  5.73530254  5.97559697]]
[[ 5.89585803  5.89336118 -4.27605   ]]
[[-4.23315296  5.87055094  5.86051522]]
[[ 5.97719682 -4.35424383  5.99239034]]
[[ 5.98507361 -4.17717659  5.62341223]]
[[ 5.56500346 -3.87870874  5.80286495]]
[[ 5.92257633  5.86143045 -4.32460487]]
[[-4.19191374  5.984123    5.9710692 ]]
[[-4.16817882  5.91751561  5.96616424]]
[[-3.86669931  5.99674928  5.50793995]]
[[-4.30445699  5.75248645  5.97851571]]
[[-4.13846248  5.88408654  5.91852909]]
[[-3.92737036  5.88225645  5.73788971]]
