[[0.97642568 0.01934299 0.99998106 0.98783913]]
[[0.9771931  0.021629   0.99978766 0.98620971]]
[[0.97660931 0.020661   0.99992887 0.99059709]]
[[0.97729196 0.02143192 0.99999088 0.995727  ]]
[[0.97879055 0.01791389 0.99996627 0.97637498]]
[[0.97725579 0.01792435 0.99999096 0.99664125]]
[[0.97694516 0.02230688 0.99998891 0.98783722]]
[[0.97614969 0.02293816 0.99998112 0.99639458]]
[[0.97844221 0.01889325 0.99998898 0.99563309]]
[[0.97886658 0.02348933 0.99998701 0.97984424]]
[[0.97665194 0.02312371 0.99991173 0.99478809]]
[[0.97684528 0.02245462 0.99944191 0.99403864]]
[[0.97761227 0.02276916 0.99998656 0.98939144]]
[[0.97698695 0.02291038 0.99998904 0.99742684]]
[[0.97769219 0.02331276 0.99955222 0.99536664]]
[[0.98027905 0.02060054 0.9998736  0.97742853]]
[[0.97623687 0.01780451 0.99998956 0.98355599]]
[[0.97705469 0.01537739 0.99999172 0.98714624]]
[[0.97607248 0.01810761 0.99970318 0.98506628]]
[[0.97635294 0.02065528 0.99998827 0.98466307]]
[[0.9760096  0.02384064 0.99998803 0.99541688]]
[[0.97640387 0.01790759 0.99941064 0.98393698]]
[[0.97759161 0.01819487 0.999991   0.99205363]]
[[0.97853261 0.01829244 0.99999105 0.99414349]]
[[0.98054249 0.02301005 0.99766196 0.97948419]]
[[0.9767262  0.02303069 0.99998841 0.99911177]]
[[0.97988588 0.02150368 0.99999151 0.99798439]]
[[0.97754831 0.01911261 0.99982379 0.99416382]]
[[0.97663388 0.01384937 0.99999186 0.97667964]]
[[0.97680101 0.02126375 0.99727925 0.97850638]]
[[0.97633025 0.02070923 0.99991891 0.98850807]]
[[0.97608119 0.0194358  0.99968663 0.97886932]]
[[0.9771099  0.02222096 0.99998568 0.98209949]]
[[0.9771802  0.02264509 0.99997894 0.99515527]]
[[0.9789612  0.02327325 0.99998992 0.99557684]]
[[0.97825201 0.01892707 0.99999053 0.98510236]]
[[0.9773583  0.0228317  0.99998904 0.98335207]]
[[0.97658722 0.02357788 0.99998294 0.98386755]]
[[0.97782795 0.0214817  0.99947554 0.99203739]]
[[0.97652662 0.02169361 0.99998699 0.99146211]]
[[0.97682113 0.02212916 0.9999877  0.99474802]]
[[0.9764638  0.02380408 0.99998805 0.99369497]]
[[0.97630023 0.02234485 0.99999049 0.99877946]]
[[0.97640224 0.01964399 0.99991561 0.97774474]]
[[0.97681552 0.02043371 0.99990097 0.98034889]]
[[0.97753444 0.02174057 0.99970826 0.98758407]]
[[0.97732327 0.02133159 0.99999007 0.9826094 ]]
[[0.9764748  0.01973385 0.99998857 0.98134891]]
[[0.97645392 0.02310807 0.99998828 0.99758749]]
[[0.97617577 0.02234592 0.99997947 0.98089487]]
[[0.97860951 0.02191244 0.99998955 0.9776961 ]]
[[0.97754717 0.02229268 0.99998835 0.99039528]]
[[0.97802844 0.021022   0.99998978 0.99228797]]
[[0.97712329 0.02018136 0.9999894  0.99121455]]
[[0.97622068 0.01449671 0.99999211 0.99659793]]
[[0.97921902 0.02204089 0.99997205 0.98735338]]
[[0.97954509 0.02132102 0.9999872  0.98437986]]
[[0.98070847 0.02388459 0.99991208 0.99325594]]
[[0.97619222 0.02358915 0.99998738 0.9925264 ]]
[[0.97642422 0.02134305 0.99999083 0.99851125]]
[[0.97809502 0.02150454 0.99952955 0.98997693]]
[[0.97780723 0.01866599 0.99999016 0.99363226]]
[[0.97806248 0.02292702 0.99998882 0.98914394]]
[[0.97921602 0.02388653 0.99943348 0.98684171]]
[[0.97716517 0.02307788 0.99998937 0.99379299]]
[[0.9769417  0.02042999 0.99998855 0.98353314]]
[[0.97931175 0.02067943 0.99961107 0.99217554]]
[[0.97662827 0.02174956 0.99938171 0.98830263]]
[[0.97852968 0.02351134 0.99998903 0.99048102]]
[[0.97713557 0.0232511  0.99982345 0.99177309]]
[[0.9773844  0.01975444 0.99801555 0.98141081]]
[[0.97977945 0.02260804 0.99967946 0.97972444]]
[[0.98037462 0.02312722 0.99999093 0.99529515]]
[[0.97770948 0.02127403 0.99756019 0.98967665]]
[[0.97739827 0.02238952 0.99996226 0.99228657]]
[[0.97938122 0.02337155 0.99998995 0.99265408]]
[[0.97606295 0.0235534  0.99998759 0.99424959]]
[[0.98068917 0.02260539 0.99999122 0.99381853]]
[[0.98076095 0.02330527 0.99999013 0.97937841]]
[[0.97699702 0.02269494 0.9979925  0.97689996]]
[[0.97792245 0.02258535 0.9999901  0.99916082]]
[[0.97963923 0.02244904 0.99954581 0.97676552]]
[[0.97728452 0.02370063 0.99998778 0.98053466]]
[[0.97693328 0.02219127 0.99999123 0.99923458]]
[[0.97917329 0.01840522 0.99954895 0.98513725]]
[[0.97745969 0.01994116 0.99791261 0.98300873]]
[[0.97719921 0.02390073 0.99946166 0.97712863]]
[[0.97922281 0.02154803 0.99950344 0.97945218]]
[[0.97684981 0.01881031 0.99998938 0.99041925]]
[[0.97821772 0.02108094 0.99998863 0.99559554]]
[[0.97680822 0.01860207 0.99924645 0.98340136]]
[[0.97741141 0.02193874 0.99999203 0.99977884]]
[[0.97921036 0.0203679  0.99999086 0.99426592]]
[[0.97657136 0.0181015  0.99947408 0.99294074]]
[[0.97944344 0.01865025 0.9999847  0.98025678]]
[[0.97662124 0.02199402 0.99755009 0.98534724]]
[[0.97777281 0.01947094 0.99997643 0.97843886]]
[[0.97616947 0.01429193 0.99999194 0.99756715]]
[[0.97613022 0.02275175 0.99998903 0.98919518]]
[[0.97627149 0.02356531 0.99939927 0.99509467]]
[[0.97856827 0.01789751 0.9999925  0.99539472]]
[[0.97761111 0.01709785 0.99998176 0.97949865]]
[[0.97916557 0.02247314 0.99954211 0.98904421]]
[[0.97969112 0.02098608 0.99998813 0.98033173]]
[[0.9785919  0.02185888 0.99999053 0.99630625]]
[[0.97652462 0.0212563  0.99998576 0.97835974]]
[[0.97692362 0.02181107 0.99998733 0.98203884]]
[[0.98067683 0.02174873 0.99999203 0.99186255]]
[[0.97636127 0.01804466 0.99998015 0.98932368]]
[[0.97618123 0.01986965 0.99967473 0.98094898]]
[[0.97708928 0.02325402 0.99997266 0.98024231]]
[[0.97871819 0.02385673 0.99997428 0.98599818]]
[[0.9760165  0.02387624 0.99998547 0.97935896]]
[[0.98063254 0.02268908 0.99998615 0.98700392]]
[[0.97870822 0.02159197 0.99999148 0.99776239]]
[[0.97697449 0.02197392 0.99993358 0.98949914]]
[[0.97867909 0.02027718 0.99965464 0.99387734]]
[[0.97756339 0.02313752 0.99999192 0.99982641]]
[[0.97855986 0.0168674  0.99981842 0.98226742]]
[[0.97869738 0.02291106 0.99998695 0.97824969]]
[[0.97646534 0.02295584 0.99999019 0.98763224]]
[[0.97704198 0.02290148 0.99998625 0.98234141]]
[[0.9762815  0.02267729 0.99995432 0.98576253]]
[[0.97681952 0.0228208  0.99725134 0.97715407]]
[[0.97648747 0.02294757 0.99998785 0.99015661]]
[[0.9766236  0.01941287 0.99998955 0.98991308]]
[[0.98013995 0.02011281 0.99999172 0.98359692]]
[[0.97715359 0.02090993 0.99942856 0.99705333]]
[[0.97969912 0.02272527 0.99999076 0.99274008]]
[[0.97719029 0.02313945 0.99998959 0.98660741]]
[[0.97832687 0.02133186 0.99998974 0.99645475]]
[[0.97744946 0.02396339 0.99998788 0.99299945]]
[[0.97688376 0.01889872 0.99998996 0.99527258]]
[[0.97607595 0.02190302 0.99972149 0.99507169]]
[[0.97638191 0.01989517 0.99998973 0.99794828]]
[[0.97711572 0.01998929 0.99992772 0.99556264]]
[[0.9766876  0.0206489  0.99998805 0.98377551]]
[[0.97606275 0.02361735 0.9995135  0.99587385]]
[[0.97812421 0.01969024 0.9995056  0.99094816]]
[[0.9782986  0.0231076  0.99998988 0.99467815]]
[[0.97691691 0.01651224 0.999993   0.99905959]]
[[0.97665099 0.02253508 0.99998773 0.99771824]]
