[[ 5.49098851  4.35199026  4.27938613]
 [-3.79667497 -3.56548994  5.21281704]]
[[ 3.9979805  -0.43121439 -5.7031474 ]
 [-2.71745545 -5.15217741  3.87405547]]
[[-4.39350484  5.09649236  5.91682059]
 [ 5.61065661 -4.48772234 -5.21519554]]
[[ 5.25232937  5.31258007 -5.19274753]
 [-4.84410133 -5.84560157  4.12972945]]
[[-1.38948598  4.29546086  5.77944119]
 [ 2.64805012 -2.82345919 -5.62894338]]
[[-5.58068227  5.82716931  1.04321281]
 [ 3.73238913 -4.61057538 -4.26198607]]
[[ 4.59936453  2.28658831  3.5696088 ]
 [-3.69415416  5.49392669 -2.63064747]]
[[ 3.62435362 -5.73786255  4.79438802]
 [-5.00628151  5.36398101 -2.99434364]]
[[ 3.01542853 -4.83493746  5.52684014]
 [-3.95738708  5.72042517 -3.17815163]]
[[-4.24338338  3.84460391  3.92558514]
 [ 3.55746339 -3.80790598 -4.33541968]]
[[ 5.41536225 -5.12366251  4.0364945 ]
 [-4.25154045  5.41282428 -4.81484193]]
[[ 3.05471109 -4.31269297  5.20371785]
 [-3.66034804  4.49275935 -2.98448455]]
[[ 0.14196403  5.79536608  4.99411372]
 [ 5.35323827 -4.64473259 -4.58681959]]
[[ 2.43859197  5.33623284  5.22525954]
 [ 4.14292822 -4.96125477 -4.09922791]]
[[ 3.08760844  5.43016031  5.82579718]
 [ 5.17929853 -5.19054098 -4.56010358]]
[[ 5.39874098  5.29954433  4.88889804]
 [-4.23206416  3.69138027 -4.22175705]]
[[-4.65570565  5.88905069 -1.69460574]
 [ 4.04200998 -3.69933988 -4.50697577]]
[[-3.07481705  5.32923653  5.17574135]
 [ 2.76254347 -4.89331392 -4.79868443]]
[[ 4.52423856 -4.81975528 -5.37951194]
 [-3.01653878 -5.70816538  4.21136915]]
[[ 4.94010579 -2.61214807  3.65966201]
 [-3.74083373  1.90911862 -5.07823843]]
[[-3.36768733  4.87958283  5.93619958]
 [ 2.9066141  -5.74861407 -5.04636172]]
[[ 5.502805   -5.46243935  4.62287999]
 [-5.18355172  4.56771538 -4.54965452]]
[[-4.29994905 -5.94465979  5.31569809]
 [-3.3046885   4.27729277 -3.45536935]]
[[ 5.26510459  3.34579408 -5.6651659 ]
 [-4.45640919 -3.00821487  3.20617385]]
[[ 4.60319842 -3.6973533   3.24654105]
 [-3.65724617  4.22573117 -3.64153199]]
[[ 4.69879143  4.49161914  5.87525188]
 [-4.91186732  3.72408451 -3.41535609]]
[[ 5.99419824  5.3679837   4.67880002]
 [-3.63638475  3.34404631 -3.56732157]]
[[ 0.87051503 -5.57309173  5.27828174]
 [-2.50933597  4.50513986 -3.53700329]]
[[-4.36666526  5.5314129   4.69338962]
 [ 5.03753341 -4.97754267 -4.51523037]]
[[-5.52735174 -3.58179907  5.82142264]
 [ 4.53276673 -4.63710453 -3.95168032]]
[[ 3.46371814 -5.07308379  5.86866758]
 [-4.79026845  4.94658391 -3.64822978]]
[[-5.49996027 -2.96444743  5.62969705]
 [ 3.33077438 -5.18930183 -4.14539312]]
[[ 5.70565676  5.42563182  4.58189893]
 [-5.50008455  3.3356024  -2.51041356]]
[[-5.6254971   5.36614638  4.13583308]
 [ 2.85891816 -4.45428932 -4.1140236 ]]
[[-5.52465881 -0.67631024  4.99749793]
 [ 2.06454384 -5.54600417 -4.36943433]]
[[ 3.53547682  4.57933565  5.11769549]
 [-3.39979874  3.76644558 -2.87048383]]
[[ 4.12900525  3.09020433  5.6019917 ]
 [-3.85389746  5.01104548 -4.26184761]]
[[-0.20537307  5.75723371 -4.96472739]
 [-4.11851791 -3.24207544  2.80029908]]
[[-5.79088572 -5.55519551  5.72738671]
 [ 4.03903417 -5.21950728 -4.15036235]]
[[ 3.20750533  5.89634881  5.35507269]
 [ 5.10762211 -4.95908275 -4.42808122]]
[[-5.9001212   3.75832291  4.49350679]
 [ 4.26004457 -5.07041916 -4.15665391]]
[[-5.71381016  1.40022427  5.27990551]
 [ 4.35961981 -5.76794509 -3.58036447]]
[[ 5.45808727 -5.20087863  1.82910768]
 [-2.45357543  4.82091272 -5.69252785]]
[[ 4.59101629  5.23587208 -2.93632654]
 [-4.39837459 -4.49146734  4.43057384]]
[[-5.88255442  5.67683204 -2.30076504]
 [ 3.34778172 -4.42943909 -5.85791805]]
[[ 4.90484538  4.32277759  5.39650324]
 [ 3.43636785 -2.49043407 -5.31392039]]
[[ 3.70780814  5.51624542 -2.37746293]
 [-2.9227695  -4.86314076  3.81790273]]
[[ 5.94978665  4.50981223 -2.9488159 ]
 [-4.65695152 -3.95583684  4.81997655]]
[[-5.99232849 -5.51255051  4.90229748]
 [ 3.70229774 -5.06778962 -3.8704762 ]]
[[-1.3500125  -5.57326678  5.58880745]
 [-4.34317092  3.67295714 -3.02079139]]
[[ 4.53246069  5.63770002 -3.26709967]
 [-3.81714654 -4.77236484  3.96961781]]
[[-4.11685554  5.79181606  4.40181949]
 [ 3.29246454 -4.87888299 -3.03237134]]
[[ 4.67541707  5.53066701 -4.33713852]
 [-4.49440727 -5.59703796  4.54576931]]
[[-3.91372287  5.50576496  4.29534487]
 [ 5.05473602 -3.9850965  -3.08062802]]
[[-3.53409274 -5.58406547  5.59393757]
 [-4.86913176  4.26293658 -4.34156282]]
[[ 4.50308061 -0.26076649  5.70980648]
 [-3.96676687  3.67946968 -4.49561255]]
[[-5.27155984  5.57475593  1.7092823 ]
 [ 4.37333043 -4.26736474 -3.48621845]]
[[ 4.82352071  4.72589754  5.51910396]
 [-4.09205409 -3.04249205  4.35222822]]
[[ 5.74665311 -3.9353645  -5.62002008]
 [-3.78031704 -5.49403119  4.60946973]]
[[-1.53694056 -5.77838757  4.39914468]
 [-4.87744248  3.23872795 -3.32113561]]
[[ 5.34550056 -4.20871837  3.42726196]
 [-4.80089436  3.39533288 -4.46900692]]
[[-3.90726734  4.34492898  4.73265453]
 [ 3.93904931 -4.25606093 -3.47489392]]
[[ 5.56986856 -4.28132117 -2.33008203]
 [-3.27036611  3.36337497 -5.2104468 ]]
[[ 5.47442842  2.87304168 -5.21359997]
 [-4.9322632  -5.11431302  2.97698507]]
[[-1.76458491  5.76821657  5.206125  ]
 [ 4.05688104 -4.91310688 -4.17180533]]
[[-5.24812562 -3.84850773  5.22230396]
 [ 3.41368881 -5.74750654 -3.80313691]]
[[-3.07934507  4.44107306  5.35113601]
 [ 3.94746435 -4.64441747 -3.99329029]]
[[ 3.04493673 -4.89563291  5.49850004]
 [-4.99745355  4.91341414 -3.74950267]]
[[ 5.51884526 -5.95046183 -0.91195576]
 [-3.48659375  5.26149078 -5.19699584]]
[[ 5.26321897  1.03919149 -5.49041171]
 [-3.23566959 -5.93226049  4.48051155]]
[[ 0.72228272  5.47759921  5.24727058]
 [ 4.30865955 -4.79768803 -4.4297605 ]]
[[ 4.82105645  4.77431207  3.97896554]
 [-2.49269376 -3.7984328   5.27323882]]
[[ 2.00193728 -5.71512272  5.73891084]
 [-4.3410447   3.45016394 -3.82590091]]
[[-4.29718917  3.87757536  4.93695294]
 [ 5.64586093 -3.21140708 -3.36158462]]
[[ 5.5848054  -5.54277825  4.2159126 ]
 [-4.14871409  5.45652385 -4.49850539]]
[[ 3.74518344  5.883949   -3.52942992]
 [-3.50176538 -5.9485099   2.92459646]]
[[-4.42449004  5.70733485  5.47926955]
 [ 3.09372402 -3.85870808 -4.40498454]]
[[-5.76387844  4.87782546  5.13960611]
 [ 3.95384935 -5.02317883 -4.6038783 ]]
[[-3.43334862  5.17268591  4.32860882]
 [ 4.34599642 -4.11667444 -3.40954554]]
[[ 5.396226    4.57693455  5.15063949]
 [ 5.5362817  -4.26379434 -2.79933809]]
[[ 3.14497219  5.98668802 -4.3561607 ]
 [-5.09049609 -3.78063373  3.98637348]]
[[ 4.23577712  4.19554875 -4.87760353]
 [-3.32028132 -4.61613403  5.35053769]]
[[-4.46442423  5.88221587  1.7644501 ]
 [ 4.16301111 -3.40805445 -3.32706243]]
[[ 4.64657139  3.3373835  -5.11135101]
 [-3.60223663 -4.21001636  2.79252227]]
[[-4.59223513 -5.7638627   5.80369026]
 [-5.17585984  3.54749043 -2.93637094]]
[[ 4.65587763  5.50295934  4.75919623]
 [-4.41736363 -4.19252769  5.99266141]]
[[ 5.05929937  5.24085312 -5.71382576]
 [-3.96916069 -4.21100328  4.31912346]]
[[ 5.63478607  5.65832729  3.20042761]
 [-5.52693672 -4.08809029  4.04999308]]
[[ 5.73071057 -1.25228743  4.90621566]
 [-5.7837677   4.1204361  -3.32957625]]
[[ 4.72421715  5.36084712 -5.62146383]
 [-5.55767223 -4.15661095  3.72056135]]
[[ 5.44725461  5.09055023  4.99830537]
 [-3.34828438 -5.12711394  4.3599637 ]]
[[ 5.51980502  5.42887613 -0.71251589]
 [-5.11783299 -3.14167068  4.7643624 ]]
[[-2.84972805 -4.97266508  5.51696482]
 [-5.63910784  2.81574482 -3.93409548]]
[[ 4.73334006 -5.42623574  5.79620941]
 [-3.6573342   4.94198669 -2.68770033]]
[[-5.65861334 -5.03292874  5.54393087]
 [ 4.25630828 -5.34138402 -3.23339073]]
[[ 5.77155168 -4.80359239 -1.94892405]
 [-4.39517469  3.42829753 -4.92124181]]
[[ 5.85759924 -5.36358343  4.21616546]
 [-3.99024023  5.27437966 -5.32754509]]
[[ 5.14786653  5.11680491 -5.82790959]
 [-3.180043   -3.58224446  5.40953354]]
[[ 5.67457017  5.87970363 -3.61374745]
 [-4.89119829 -5.99438563  4.21706718]]
[[ 4.88464669  2.39822444 -3.96283812]
 [-2.60023906 -5.6712341   2.98324262]]
[[ 5.07020282  5.58503435  1.09483674]
 [-3.06809002 -5.26414206  5.28103643]]
[[-3.62013     5.16801492 -5.42990518]
 [-3.67130751 -3.93629183  3.95943936]]
[[-5.23902966  5.92844008  5.41963945]
 [ 2.480822   -5.96523344 -5.27323689]]
[[ 4.54585975 -1.06938136  5.20256762]
 [-2.56523502  3.18415286 -5.53264139]]
[[ 3.42317973  5.3345738  -1.2283744 ]
 [-3.02172019 -3.85985141  4.98817076]]
[[ 4.42181828 -5.17581825 -2.20892908]
 [-2.93211519  4.11610378 -4.23168275]]
[[ 5.12369101  5.80443032 -0.48464113]
 [-4.17536711 -5.10162867  4.45193086]]
[[ 1.67523067  5.83127642 -5.20122318]
 [-4.82506421 -3.69772456  3.81988645]]
[[ 5.06765971 -5.64523149 -2.36837988]
 [-3.42039717  3.13651624 -4.26390937]]
[[-5.3522822   5.09174607  5.64405351]
 [ 3.84041876 -5.92850861 -3.9211793 ]]
[[ 5.59967855 -2.76835835  4.88319054]
 [-4.85844976  4.46219505 -2.78336384]]
[[ 5.85661289 -4.15840531 -5.31646367]
 [-2.7388507  -5.61757713  5.03507825]]
[[ 5.61332607  4.89348952 -4.41590341]
 [-4.03122526 -5.70572876  3.2727108 ]]
[[-5.95427237  5.49001566  5.35272035]
 [ 5.99062151 -3.32062326 -5.82980632]]
[[ 4.68813231  5.91247278 -4.67848248]
 [-5.93357659 -3.41200198  4.31225361]]
[[ 5.97323233 -3.70470801  4.82095681]
 [-4.09069108  5.15036263 -4.44309894]]
[[ 3.11087878 -5.93464571  5.65399828]
 [-4.70649165  4.10812722 -4.87968569]]
[[ 5.5093867   0.13790952  5.71265128]
 [-5.36376351  3.07507364 -3.59887929]]
[[-5.07932885  2.77921126  5.84313821]
 [ 2.52499644 -4.21049655 -5.30817836]]
[[ 5.83139485 -5.58183693  5.18836701]
 [-4.6751013   4.63912715 -3.90029864]]
[[ 4.84752591  5.70465443 -2.81330829]
 [-5.30323158 -4.73161896  3.20473612]]
[[ 5.8429622  -5.12437803  5.07725644]
 [-5.10429061  3.35332596 -5.44462998]]
[[ 5.95335482  4.19784417  5.94571985]
 [-4.98826269  4.36347169 -4.71019699]]
[[ 4.83912181  4.18475825 -3.82215901]
 [-4.19504594 -3.93106588  3.59274183]]
[[ 5.58905492 -0.71212535 -5.08433006]
 [-4.33781748 -3.68000882  3.01213425]]
[[ 2.71947145  3.6824475   5.49783969]
 [ 5.65236792 -2.44817328 -4.80047431]]
[[ 4.70293442  0.08580996  5.73658282]
 [-4.35649765  5.99142699 -4.00803847]]
[[ 5.74794823 -5.90302724  4.36307052]
 [-5.28762681  4.72331864 -4.64960459]]
[[ 5.00919892  5.80981228  5.28553094]
 [-4.79158329 -3.25499508  5.19612375]]
[[ 5.14505991  2.41606274  5.81470658]
 [-2.86572598  5.42006297 -5.84679501]]
[[-4.66789018  5.20463902 -4.93342622]
 [ 2.60082974 -4.08947027 -4.0617577 ]]
[[ 4.90580976 -4.29774933 -4.08822514]
 [-3.65562212 -5.15727631  2.6606209 ]]
[[ 5.80085662  4.108032   -5.7210628 ]
 [-3.06196713 -5.86934402  4.45465412]]
[[ 5.82722559 -5.86789168  4.10007021]
 [-5.10784329  3.98138196 -4.1064177 ]]
[[ 5.72314004  5.86663424 -1.43640742]
 [-4.64988891 -5.31469422  3.43708263]]
[[ 4.84641896 -4.51193049  4.83102105]
 [-4.69940581  3.24705741 -4.25697806]]
[[-4.52703944  0.09532815  5.97548899]
 [ 3.53229411 -3.79774259 -4.07012275]]
[[ 3.0244618   5.52551837  4.98216516]
 [ 3.81114707 -2.49843288 -5.19066495]]
[[ 5.85305805  5.70392821 -1.44818154]
 [-3.20508701 -5.46981156  4.89984221]]
[[ 5.2652576  -4.99555322 -3.67990944]
 [-3.77616927  2.63787172 -5.56791726]]
[[ 5.49353759  5.81304691  2.63384236]
 [-4.37944117 -3.24154238  4.25107181]]
[[ 5.35582783  5.89807152 -4.93933186]
 [-3.26124033 -2.7942831   4.96955278]]
[[ 3.48538767 -5.0086046   4.22222312]
 [-4.81612847  2.98452804 -4.16807805]]
[[ 5.57909269 -5.65240255 -1.94792051]
 [-3.27370383  3.40679178 -5.20083104]]
[[ 5.00909306 -4.75148552  5.76515566]
 [-4.37204342  2.94039914 -3.02574922]]
[[-3.92626702  4.52110126  3.95619715]
 [ 3.20011985 -4.3925613  -3.24062314]]
[[-5.76087608  4.77730963  5.31233748]
 [ 3.81510074 -3.22270317 -5.31343207]]
[[-5.34402504  2.59625099  5.99422766]
 [ 2.40770377 -5.30070248 -5.2838068 ]]
[[ 4.41010944  5.55058499 -4.26764297]
 [-5.22782945 -3.6113864   5.01944953]]
[[ 4.24982486 -3.85649774 -4.95648458]
 [-2.86880339 -5.28762279  3.56423297]]
[[-5.41509055  1.67155015  5.19810993]
 [ 3.25419062 -5.92920663 -3.6915393 ]]
[[ 2.53011035  2.94931257  5.65075513]
 [ 4.55247601 -2.89961697 -3.68873139]]
[[ 5.76371879  3.75385041  5.49627591]
 [-3.56970073  5.48371696 -4.46256249]]
[[ 4.02551291  1.75453043  5.14603791]
 [-3.93091336  5.62670319 -3.59263617]]
[[ 3.68782985 -1.0311421   4.57673512]
 [-3.25451523  5.28658066 -3.35647282]]
[[-3.67496837 -4.98675425  5.85874211]
 [ 2.56214028 -4.68102989 -4.03631136]]
[[ 3.19730686  5.45029099 -5.54219685]
 [-4.03553414 -3.80468726  5.93600835]]
[[ 5.98506736  3.13383719  5.43515499]
 [-4.19203722  3.99367945 -5.02609873]]
[[ 5.64574261  3.00846307  5.97661842]
 [ 5.55543761 -2.49477916 -3.87444204]]
[[ 5.95699354  1.30607597 -4.41707874]
 [-3.58490803 -5.2267814   3.637606  ]]
[[ 2.91044662  5.3568618  -5.95090141]
 [-5.87087537 -2.85857379  5.27290778]]
[[-4.73804763  5.60103734  4.75375315]
 [ 4.36370138 -5.10523714 -3.83151908]]
[[-5.34085171  4.57412447  4.22610399]
 [ 4.56036201 -3.29699641 -4.72662601]]
[[ 3.56440567  5.59441043  5.23209279]
 [ 2.88741225 -4.61358838 -4.14268559]]
[[ 5.94367253  5.28519869  2.24827883]
 [-4.64222501 -2.23355163  4.70825742]]
[[-4.84816628  4.15327241  5.89195653]
 [ 4.96485817 -4.72415174 -3.88194655]]
[[-4.24413094  5.7716627   3.29080052]
 [ 3.12972225 -5.10815377 -3.79006633]]
[[ 2.23192471 -5.58288655  5.51792117]
 [-4.24841396  4.83699408 -3.43119067]]
[[ 5.44666883  4.53345128 -4.68489858]
 [-2.98620459 -3.75609294  4.64579489]]
