[[-4.71061886  4.98583214  1.60479067]
 [ 2.2900198  -3.78490857 -5.06337886]]
[[-0.28804848  5.71300958 -5.46888487]
 [-4.96252472 -2.5359088   4.84316866]]
[[ 0.63866403  5.78307482 -5.61321958]
 [-5.05870932 -3.82274246  3.56384325]]
[[ 5.54057983  4.81108167 -4.11993773]
 [-2.8486513  -4.6149705   5.34608382]]
[[ 1.04236359 -5.31865178  4.81200717]
 [-5.9334498   3.83191667 -3.7337794 ]]
[[-5.18152597  4.16699633  4.84192378]
 [ 4.65669947 -3.86921025 -4.17620425]]
[[ 5.84312663 -5.00653766  4.75173398]
 [-5.72849092  3.01918557 -5.54764506]]
[[ 5.54975525 -1.50512705  4.87831046]
 [-4.36015718  5.92661137 -2.43659567]]
[[ 5.3684469   5.55325783 -2.46064875]
 [-4.23027196 -4.16126749  4.69270294]]
[[-3.28494839  5.32916351  2.64570422]
 [ 4.32347683 -4.13789728 -3.02246254]]
[[ 4.34384226  0.10131789  5.32884363]
 [-3.16717039  5.7661065  -3.56542126]]
[[ 3.85723477  4.80736836  5.20073434]
 [ 4.37392469 -3.36336381 -3.92110718]]
[[ 5.64221953  2.62503129 -4.59549428]
 [-4.74816223 -4.16037462  2.85659007]]
[[-5.44495392  4.1938084   5.4645053 ]
 [ 4.47258601 -4.84353873 -3.24570247]]
[[ 5.02282251  2.92850083  5.74224824]
 [-4.15165577  4.39698291 -3.36300731]]
[[ 4.35109864  0.80790121  5.98663923]
 [-4.03393698  4.17871886 -4.96044556]]
[[-4.68531862  4.59738463  5.1957856 ]
 [ 4.78580256 -5.28201289 -4.14218557]]
[[ 4.51612214  5.35794559 -5.33432236]
 [-4.30453572 -5.85012108  4.32780272]]
[[ 4.8458384  -5.75968292 -0.51492951]
 [-3.81256373  3.16428392 -3.86417693]]
[[ 4.82197899 -4.13574161  3.61058428]
 [-4.9200367   3.32709945 -3.75964705]]
[[-5.31680605  5.9501063   4.9163123 ]
 [ 2.77061953 -5.51902993 -5.39594573]]
[[ 5.77842501  5.32160997  4.74330321]
 [-5.54670578 -3.37697142  5.09052971]]
[[ 4.92233685  5.27262699 -4.81048926]
 [-5.57218374 -3.8388159   4.63341619]]
[[ 5.61854073  5.28545017 -3.33974725]
 [-3.85657447 -4.78673482  5.1581657 ]]
[[-5.51702143 -3.70669462  4.65376316]
 [ 4.56123188 -5.69280519 -3.03048356]]
[[ 5.4993453  -2.46261339  4.85729175]
 [-4.11878312  2.94663854 -3.15388306]]
[[ 5.06018332 -5.5353129   5.45163972]
 [-5.09250682  3.94528477 -4.68831673]]
[[ 1.0035788   5.49086928  5.11471707]
 [ 5.88756078 -4.67300862 -2.90824789]]
[[ 3.99363086  5.04155646 -5.61249834]
 [-4.19420629 -4.95891784  5.45574167]]
[[-5.01123315 -4.21614155  5.50729009]
 [-3.89291011  2.69030842 -4.29695889]]
[[-5.0176407   0.47604107  5.86431332]
 [ 4.07405779 -5.12169118 -3.06558596]]
[[ 1.58760305  5.86906447  5.4511287 ]
 [ 5.95119268 -5.71683978 -3.86070075]]
[[-2.56566228  5.22771408  5.94345132]
 [ 4.95753184 -3.65110461 -5.97547524]]
[[ 4.13966738 -1.2691238   5.06010534]
 [-3.14111006  3.18561909 -3.63233286]]
[[ 5.43650818 -4.01115674  5.08899379]
 [-3.75474718  5.91704697 -4.35927437]]
[[ 4.17158187 -3.61137859  4.91169051]
 [-4.05268165  4.89169962 -3.89783619]]
[[ 5.69481847 -3.4517352   3.89752371]
 [-2.9018935   5.5116084  -4.41196821]]
[[-2.45451774  5.90015282  5.42367807]
 [ 4.05311772 -5.29834763 -4.81604867]]
[[ 5.42859698  5.79215251  5.17145711]
 [-4.8297063  -3.77164663  5.58363177]]
[[ 5.75189255 -4.61604666  3.46132118]
 [-4.78352502  4.0126941  -4.0231856 ]]
[[ 3.13842832  5.4506321  -5.13399474]
 [-3.54707594 -4.9697178   3.48945211]]
[[ 4.61553213 -4.33590491  4.20214221]
 [-3.31511621  3.40327055 -5.00341411]]
[[-4.08981031  5.50506634  4.81370975]
 [ 5.66253203 -3.14966652 -3.18109495]]
[[ 3.34186412 -0.01053206  5.41661307]
 [-3.18420503  4.96345131 -3.82247007]]
[[ 5.81002284  0.22264286  5.68373406]
 [-5.61139942  5.90879173 -4.13278044]]
[[ 5.19206894 -0.4463778  -5.60715134]
 [-3.89429745 -4.73103032  3.14069882]]
[[-2.79009505  3.98659043  4.92397896]
 [ 2.1626458  -4.65026685 -4.54199774]]
[[ 5.12291023  4.49813664 -5.40518018]
 [-4.15233142 -5.66803974  4.92300261]]
[[ 5.29243818  5.71932415 -5.15679013]
 [-5.47914822 -3.41498247  4.7964823 ]]
[[ 4.82915422 -1.90174729  5.34026132]
 [-4.32963767  4.95727445 -4.34687382]]
[[ 4.79715678 -4.18657141  3.99853763]
 [-4.49852161  3.39613197 -4.86591661]]
[[-3.81075987  4.96509763  4.80604947]
 [ 4.3213659  -4.00639937 -4.76157218]]
[[-5.08110586  5.00318274  4.76973811]
 [ 5.18444539 -3.98598562 -4.91993752]]
[[ 3.474457   -5.96789814  5.24939079]
 [-4.09877843  3.25652614 -5.21915545]]
[[-5.26435816  4.98268724  4.63614875]
 [ 3.70045192 -4.59560626 -4.66819889]]
[[ 1.21789597 -4.79223385  5.09982774]
 [-3.81361691  3.2756613  -3.79394932]]
[[ 5.27324885  4.55180471 -2.15479923]
 [-3.91928372 -4.27978981  5.49079405]]
[[ 5.99740127  0.50229023  5.97993738]
 [-3.16669215  4.5934438  -5.69472617]]
[[ 5.10860007 -5.16217201  4.10860833]
 [-3.49113322  3.81523194 -5.96340675]]
[[ 5.41319088 -4.79440129  4.80243748]
 [-4.29012697  5.76003867 -2.78907535]]
[[ 3.60437796  5.97847734  5.12260206]
 [ 5.49513971 -2.54464901 -5.00335488]]
[[ 3.38636202  5.97071628 -4.77022985]
 [-3.81801593 -5.22364828  3.94044403]]
[[-5.67896572  3.78797721  5.6282086 ]
 [ 3.39520858 -4.41624804 -5.6238271 ]]
[[ 3.07354623  4.41867493  5.83257575]
 [-3.04278569  5.83234895 -3.37009093]]
[[ 4.40557761  3.88480584 -4.70943164]
 [-4.46182285 -3.9931092   2.76542416]]
[[ 5.88921476  5.12669285 -5.69382996]
 [-4.75700329 -5.83569852  5.88973087]]
[[ 3.0778012   5.77102731  5.37078133]
 [ 4.92939532 -5.29040559 -3.16436269]]
[[ 5.16266494  4.26736302  5.66648634]
 [ 2.96332819 -3.29928277 -4.51464325]]
[[ 4.6357968  -5.93047424  3.77509833]
 [-5.00467557  5.06594367 -3.3980606 ]]
[[ 5.68389507 -5.08406958 -0.01434754]
 [-3.10363974  3.23692036 -5.38576485]]
[[-3.02253503  5.85246362 -5.1771023 ]
 [-5.11514013 -4.87609287  2.89596246]]
[[ 2.05539491  3.6048704   5.62060287]
 [ 5.93075457 -3.78305958 -3.5052551 ]]
[[-3.7716628   5.70230314  5.10764634]
 [ 3.86485149 -5.46167871 -4.26044811]]
[[-4.15375465 -5.79451179  5.37872152]
 [-3.61945782  4.53179793 -2.85107396]]
[[-0.70855902  5.93152328  3.40870023]
 [ 5.8847866  -3.77426429 -2.78989139]]
[[ 4.16525926 -5.27666753  5.88125709]
 [-5.02068514  5.20811798 -3.82683956]]
[[ 4.73136846 -5.43428755  4.735977  ]
 [-3.62719174  3.5962812  -5.90162647]]
[[ 5.59937133  5.18246963 -3.37425366]
 [-4.19563723 -5.38890869  3.73901406]]
[[-3.08627788  3.50398346  5.51050401]
 [ 3.51245487 -4.85611123 -3.7298189 ]]
[[-2.74683022 -5.61942999  4.84522664]
 [-3.10878704  4.952535   -2.8376041 ]]
[[ 4.15960734  5.50951778 -5.94293996]
 [-3.56388523 -4.93071051  3.74147113]]
[[ 5.54495298  5.33919735  4.82438084]
 [-4.71957212  4.16294046 -4.33385502]]
[[-4.20810162  4.21495369  4.34044313]
 [ 3.79286707 -5.23373313 -3.47732882]]
[[ 3.38021037  5.07981926 -5.33611839]
 [-2.42096597 -4.38100262  4.2335509 ]]
[[ 5.49152904  5.9785096   4.59180627]
 [-3.51803326 -5.85263631  5.59882061]]
[[-5.39484863  4.59684559 -2.65738961]
 [ 3.81909654 -3.09642337 -4.98967568]]
[[ 5.24972657  3.83204275  4.76967916]
 [-5.05316192  2.42615241 -3.30240089]]
[[ 4.27682915  5.98897239  5.35501727]
 [-3.81789499  4.19816996 -4.3301285 ]]
[[ 4.66567253 -4.85475585  3.06705843]
 [-4.51312084  3.81410029 -3.30948601]]
[[ 4.92371909 -5.75444104  2.61189645]
 [-3.59162547  3.35216806 -4.14789671]]
[[-5.91039062 -1.29699522  5.46755155]
 [ 3.77817813 -3.00599761 -4.36094375]]
[[ 4.0824559  -5.59545292  5.82962169]
 [-3.75210196  2.65847374 -3.88695844]]
[[ 5.67218986 -5.8497912   3.9015979 ]
 [-4.11415686  5.59751333 -4.48461129]]
[[ 5.16721228  5.46522144  3.33529736]
 [-3.58577329 -4.41148227  3.99701923]]
[[-5.73430196  1.95275458  5.21948105]
 [ 3.96297475 -5.85735427 -4.14370755]]
[[-4.92897344 -3.3797364   5.68506759]
 [ 2.64265753 -3.199306   -4.38719179]]
[[ 5.01197548  4.27036791 -1.12457423]
 [-3.23776491 -4.29810357  5.04855675]]
[[ 5.47221069 -4.02795396  5.47470961]
 [-4.40012857  3.96217471 -4.93138206]]
[[ 5.68379026  4.68026503 -2.88431881]
 [-2.43053558 -4.65734478  5.77222212]]
[[ 5.36449732  4.45393942  5.00223725]
 [-3.52068559  2.76547002 -3.76495112]]
[[ 5.63005268 -4.71734939  4.86078227]
 [-4.55228655  3.13170063 -5.80468233]]
[[ 5.20301682  5.6934203  -1.29820396]
 [-5.14301696 -4.54664887  3.0630245 ]]
[[ 5.0356622   5.68854628  5.80669954]
 [ 4.90814736 -4.6590661  -4.90232397]]
[[ 4.64606335  5.57404266 -2.15135449]
 [-5.08500181 -3.98510989  3.61088503]]
[[-5.66196999  3.69411007  5.64255732]
 [ 3.70239315 -3.4420263  -5.72909983]]
[[ 3.08793803  5.52489142 -4.76807775]
 [-4.57594518 -4.51961438  4.22548392]]
[[ 3.06712653 -4.0962478   5.02188525]
 [-3.21354809  4.7767966  -4.1636749 ]]
[[ 4.26113666  5.60855306 -4.81017641]
 [-4.84562006 -3.6486004   5.33767532]]
[[ 5.79245109 -1.46360322  5.02976748]
 [-3.58190351  4.86776535 -4.68757077]]
[[ 3.90893158  5.66027129  1.53324154]
 [-3.53536702 -4.22325975  5.48696619]]
[[ 5.75544579  1.32626352 -5.37950032]
 [-2.63916174 -3.66290846  5.42327971]]
[[-1.0292485   5.73901346  4.93153288]
 [ 3.19865362 -3.82435212 -5.06266514]]
[[ 4.94355936 -5.12961473  5.98497205]
 [-4.40248636  5.89879733 -5.88057555]]
[[ 5.49426757 -5.75213902  2.22582096]
 [-4.1446881   4.1539131  -4.94775895]]
[[-5.19337939  5.83422603  4.9250581 ]
 [ 2.87614151 -5.03505925 -5.29211629]]
[[ 5.9222707   4.53383078 -0.11863199]
 [-3.44730193 -4.36674449  3.67450903]]
[[ 5.78075158  2.33126542  5.06045416]
 [-3.80590225  3.46984669 -4.2619953 ]]
[[ 4.75624413  5.02801516 -4.55308146]
 [-3.77623684 -3.19760735  3.00508626]]
[[ 5.09762868  1.14317387  5.87477073]
 [-4.57559335  4.22471169 -4.732591  ]]
[[ 2.4886205   5.09556033 -5.49704918]
 [-3.08956481 -5.31464876  4.20705111]]
[[-5.25131903  3.62899122  3.99885522]
 [ 2.44006713 -3.15919551 -5.59895431]]
[[ 2.94439895  5.50829413 -3.63968071]
 [-3.23834806 -3.93468863  5.02801902]]
[[ 1.14218072  5.63943243 -5.94665168]
 [-4.31955879 -4.21890569  4.09386548]]
[[-3.83115014  5.29131133 -4.02646092]
 [ 3.47590616 -2.61285233 -5.64858146]]
[[-4.25990076  4.83655656  5.9027722 ]
 [ 4.49341215 -5.75540421 -3.48599586]]
[[ 4.31620396 -5.45281748  5.90515226]
 [-3.53768694  5.55852488 -5.96062264]]
[[ 4.91363306 -5.46440872  4.20031633]
 [-3.95704523  5.21625965 -5.21758472]]
[[ 4.98955187  4.623851    5.88261009]
 [ 5.57319505 -3.32826057 -3.30989655]]
[[ 2.84228306 -5.84563649  5.94139182]
 [-3.57498017  2.740095   -5.8241789 ]]
[[ 4.9422211  -4.2864033   5.00360632]
 [-2.90009686  5.73677227 -5.34970142]]
[[ 5.87527521 -5.5177319   4.37161744]
 [-4.44170906  4.9316248  -4.77156725]]
[[-3.18211463  3.37624315  5.55476874]
 [ 5.03157786 -2.86054004 -3.9230741 ]]
[[-4.98110821  3.83157469  5.70898052]
 [ 5.29616685 -3.58908738 -4.46598129]]
[[ 1.37848601  5.87103925  5.86941165]
 [ 4.59610467 -4.36466006 -4.426014  ]]
[[-5.18429557  4.76909736  4.93283769]
 [ 5.25582133 -3.62753193 -4.17955557]]
[[ 5.20966845  0.03282443  5.51953022]
 [-3.59574182  3.7715306  -4.17228205]]
[[ 4.55216611 -4.59066717  5.7251164 ]
 [-4.7508961   4.38364884 -5.40181029]]
[[ 5.36998623  2.6957473   5.12368335]
 [-2.76420825  3.23421751 -4.07194013]]
[[ 3.65447717  4.32281745  5.78139543]
 [ 5.41925498 -3.40219087 -4.4533708 ]]
[[-5.12770669  4.835933    4.46938629]
 [ 5.45798744 -4.68801967 -3.32884598]]
[[ 5.45101439 -4.65655764  5.52783674]
 [-5.67242131  3.61787113 -3.14946324]]
[[ 5.23518957  5.86123186 -5.92747576]
 [-5.42779752 -4.92846705  4.11453967]]
