[[0.97693769 0.01864398 0.99942017 0.99136784]]
[[0.97646195 0.02388616 0.99962817 0.97965715]]
[[0.97607661 0.01490293 0.99999099 0.98776386]]
[[0.98147781 0.02300918 0.99999197 0.99136934]]
[[0.97626694 0.02181465 0.9999815  0.98951468]]
[[0.97631859 0.02334312 0.99994756 0.98198215]]
[[0.9762211  0.02288021 0.9995034  0.98355431]]
[[0.97800535 0.02041496 0.99999066 0.9887856 ]]
[[0.97732807 0.01715412 0.99999087 0.98217197]]
[[0.97651271 0.02389706 0.99998613 0.97898144]]
[[0.97672851 0.02355856 0.9999863  0.98170225]]
[[0.97816014 0.02339339 0.9999895  0.99421992]]
[[0.97641825 0.02033376 0.99990414 0.97860635]]
[[0.97755935 0.02212974 0.99959442 0.97821888]]
[[0.97602535 0.02229162 0.99946987 0.97658158]]
[[0.97619341 0.01979254 0.99937589 0.9833819 ]]
[[0.97618558 0.01583859 0.99878727 0.97622798]]
[[0.97694735 0.0231203  0.99998798 0.99463451]]
[[0.97760126 0.02280415 0.99666408 0.97633661]]
[[0.97623744 0.02382584 0.99998879 0.98605894]]
[[0.9778127  0.02218838 0.99998912 0.98603733]]
[[0.97957874 0.02349062 0.99998992 0.99481227]]
[[0.9764471  0.02046021 0.99700475 0.98671707]]
[[0.97761044 0.02362384 0.99999025 0.99924675]]
[[0.97834074 0.02261227 0.99998843 0.98209736]]
[[0.97632222 0.02219746 0.99939916 0.97922764]]
[[0.97683012 0.02084516 0.99940932 0.99595411]]
[[0.97640071 0.0237115  0.99995542 0.99211879]]
[[0.9786639  0.0208328  0.99998992 0.9855561 ]]
[[0.97600046 0.02107411 0.99693978 0.97844895]]
[[0.97736867 0.0183554  0.99999005 0.9898399 ]]
[[0.97896803 0.02247075 0.99767596 0.98692536]]
[[0.97798125 0.02318666 0.99946144 0.98569238]]
[[0.97722643 0.02151427 0.99999074 0.99897476]]
[[0.97777196 0.02241182 0.99964115 0.97771195]]
[[0.97694338 0.0215911  0.99934693 0.98430558]]
[[0.97889623 0.02104348 0.99956333 0.98038634]]
[[0.97613071 0.02375751 0.99976273 0.99274147]]
[[0.97769498 0.02389595 0.99578562 0.98127973]]
[[0.98124006 0.01974288 0.99967354 0.98941633]]
[[0.97651006 0.0131252  0.99999213 0.98253662]]
[[0.97870323 0.02201014 0.99997124 0.98362909]]
[[0.97738043 0.023691   0.99998129 0.98031924]]
[[0.97845874 0.02095803 0.99998842 0.9789043 ]]
[[0.97808142 0.01963902 0.99816715 0.98516743]]
[[0.97773837 0.02273363 0.99944259 0.97986453]]
[[0.97623385 0.01682059 0.99998877 0.98763086]]
[[0.97750424 0.01973633 0.99998838 0.99128023]]
[[0.97728266 0.01959857 0.99700796 0.98057415]]
[[0.97823484 0.02267075 0.99912646 0.99263754]]
[[0.97848534 0.02046469 0.99999008 0.99515176]]
[[0.97714579 0.02396731 0.99999011 0.99947457]]
[[0.977671   0.02377334 0.9999873  0.9770839 ]]
[[0.97807012 0.02346102 0.9999902  0.99796656]]
[[0.97690822 0.02051953 0.99761509 0.97701284]]
[[0.97745694 0.02060515 0.99994413 0.98514439]]
[[0.97792108 0.02281446 0.99997789 0.98665115]]
[[0.97615761 0.02231725 0.9993537  0.99050165]]
[[0.97612499 0.02128211 0.99660621 0.97902979]]
[[0.97886379 0.02359242 0.99898869 0.98436212]]
[[0.97738109 0.02399658 0.99998646 0.97986668]]
[[0.9777379  0.02060885 0.99999042 0.99601364]]
[[0.97603621 0.02329378 0.99800543 0.98345335]]
[[0.97770232 0.01995002 0.99998851 0.97950626]]
[[0.97622805 0.01661352 0.99998394 0.98946404]]
[[0.97640664 0.01556488 0.9975566  0.98485449]]
[[0.9768195  0.01692975 0.9999899  0.98681825]]
[[0.97620024 0.02333684 0.99998431 0.97654958]]
[[0.97643802 0.02049936 0.99940541 0.97795259]]
[[0.976364   0.01660523 0.99996308 0.98297488]]
[[0.97755495 0.02044599 0.99985134 0.97914977]]
[[0.97644788 0.02312757 0.99940875 0.99509527]]
[[0.97600603 0.01782487 0.99998346 0.99421657]]
[[0.97667952 0.01726976 0.99999199 0.99521554]]
[[0.97851007 0.01733775 0.99999191 0.99514463]]
[[0.97644298 0.01967986 0.99998977 0.99028088]]
[[0.97782725 0.0218668  0.9999913  0.99980992]]
[[0.97790729 0.02188688 0.99998945 0.99681976]]
[[0.97723767 0.01972033 0.99999007 0.99609154]]
[[0.97630608 0.01990137 0.99936585 0.9881182 ]]
[[0.97884224 0.01847039 0.9999906  0.98767754]]
[[0.97651522 0.021384   0.99998825 0.9786541 ]]
[[0.97625279 0.01945654 0.99998139 0.99054596]]
[[0.97604359 0.02353682 0.99998813 0.99641498]]
[[0.97690462 0.01935563 0.99736039 0.9942819 ]]
[[0.97943646 0.02186061 0.99953918 0.98047596]]
[[0.97735858 0.01858253 0.99999141 0.99962443]]
[[0.97644736 0.01844903 0.9994854  0.97680145]]
[[0.97713688 0.02381631 0.99997393 0.97772589]]
[[0.9791907  0.02147428 0.99999115 0.99678005]]
[[0.97777688 0.01610487 0.99946652 0.97957446]]
[[0.97840838 0.02370271 0.99996573 0.99199509]]
[[0.97851022 0.02012185 0.99804594 0.98909468]]
[[0.97697379 0.02096474 0.99999256 0.99978478]]
[[0.98065515 0.02321883 0.99732523 0.98990997]]
[[0.97618741 0.02105492 0.99852438 0.97947878]]
[[0.9761084  0.01741242 0.99998979 0.98985338]]
[[0.97889716 0.02288452 0.9999922  0.99977758]]
[[0.98027424 0.02007605 0.9999915  0.98612321]]
[[0.97632357 0.02052799 0.99998794 0.98780492]]
[[0.97616226 0.01889924 0.99978282 0.9863134 ]]
[[0.97881475 0.02184363 0.99755027 0.97819062]]
[[0.97766419 0.02331036 0.99999076 0.99682169]]
[[0.97666446 0.02344575 0.99997523 0.97684783]]
[[0.97710266 0.02088889 0.99997503 0.98473848]]
[[0.9779699  0.02301459 0.99832126 0.9768621 ]]
[[0.97752267 0.0223104  0.9999516  0.9837046 ]]
[[0.97783218 0.01861407 0.99998068 0.99108448]]
[[0.9768183  0.0207034  0.99813565 0.98972628]]
[[0.98065166 0.02206766 0.99999236 0.99777735]]
[[0.97848304 0.02199702 0.99999037 0.99673473]]
[[0.97817436 0.02286501 0.99708367 0.9769727 ]]
[[0.97804715 0.0237408  0.99998946 0.99600418]]
[[0.97861763 0.01894043 0.99999225 0.99582078]]
[[0.97902424 0.02344644 0.99999053 0.99402564]]
[[0.97616685 0.01979222 0.9999883  0.99429871]]
[[0.97895748 0.02363043 0.99998737 0.98729174]]
[[0.97702662 0.02397638 0.99991296 0.98633729]]
[[0.97684161 0.0210637  0.99998843 0.98933237]]
[[0.97867874 0.02230039 0.99999061 0.99961795]]
[[0.97767701 0.01793598 0.99998989 0.98274404]]
[[0.97902242 0.02151032 0.99999104 0.9968689 ]]
[[0.97851832 0.02086797 0.99953197 0.99118882]]
[[0.97653445 0.0197904  0.99998932 0.99469594]]
[[0.9785107  0.02314611 0.99957441 0.98460595]]
[[0.97677083 0.02279424 0.9994861  0.98529153]]
[[0.97717671 0.02095393 0.99991504 0.9865952 ]]
[[0.97723952 0.02368862 0.99998705 0.99343682]]
[[0.97677507 0.02366843 0.99941523 0.9898155 ]]
[[0.97719806 0.02318822 0.99959034 0.98217446]]
[[0.97786356 0.02220082 0.99708246 0.98083844]]
[[0.97733361 0.0211594  0.99726097 0.97770039]]
[[0.97714727 0.02363693 0.99998914 0.99552276]]
[[0.97656404 0.02083588 0.99998869 0.99799611]]
[[0.97852059 0.01777533 0.9999836  0.98854363]]
[[0.9794305  0.02328464 0.99999095 0.99758707]]
[[0.97761981 0.02255375 0.99985838 0.9847371 ]]
[[0.97714128 0.02196442 0.99952373 0.98100965]]
[[0.97663293 0.02195394 0.9999782  0.99101006]]
[[0.97639856 0.02311611 0.99691877 0.98638973]]
[[0.97790723 0.02068968 0.99959884 0.9966992 ]]
[[0.97647665 0.02392385 0.99999146 0.99982809]]
[[0.97908893 0.0233105  0.99998957 0.97677547]]
[[0.97628087 0.01681708 0.99867549 0.9930255 ]]
[[0.97640972 0.0224776  0.99999164 0.99985068]]
[[0.97623081 0.02266637 0.99998878 0.99646603]]
[[0.97729286 0.02143314 0.99999079 0.99925358]]
[[0.97604043 0.02380487 0.9999846  0.98060513]]
[[0.97672303 0.01629509 0.99999114 0.98190787]]
[[0.97682391 0.02271089 0.99709777 0.97852055]]
[[0.98052491 0.02202262 0.99998238 0.98938224]]
[[0.97717114 0.02318824 0.99945216 0.98010899]]
[[0.97715179 0.01539935 0.99948429 0.99529027]]
[[0.97975605 0.02381687 0.99972874 0.98115733]]
[[0.97697361 0.02332709 0.99996854 0.98071874]]
[[0.97737341 0.02133561 0.99703269 0.98233291]]
[[0.97893497 0.02078359 0.99998988 0.986473  ]]
[[0.97663798 0.01982739 0.99949853 0.98710926]]
[[0.97801883 0.02320702 0.99933283 0.99115203]]
[[0.97733039 0.02109775 0.99996795 0.98417455]]
[[0.97868033 0.02373918 0.9999887  0.9877681 ]]
[[0.98043789 0.02298512 0.99999156 0.99810101]]
[[0.97774952 0.02070212 0.99999051 0.99605205]]
[[0.97692904 0.02304119 0.99947558 0.98849825]]
[[0.97683357 0.02265738 0.99961487 0.9973948 ]]
[[0.97776441 0.02123008 0.9999894  0.99340237]]
[[0.97608435 0.02293249 0.99998657 0.99265542]]
[[0.97709208 0.01854552 0.99998602 0.99043759]]
[[0.97997392 0.02311301 0.99999295 0.99948312]]
