[[ 4.67027476 -1.45659625  5.16964857]
 [-3.84151296  4.99949115 -4.3418741 ]]
[[ 5.72984563  5.8158664  -4.59526698]
 [-3.27253618 -5.11340791  4.05836914]]
[[ 5.33728774  3.43321523 -5.16958497]
 [-4.34274442 -4.4221902   4.43405585]]
[[ 5.03502637  4.75935791 -2.54714569]
 [-4.00537488 -4.35813245  4.88152398]]
[[ 5.54178667  5.56792717  1.79851026]
 [-5.13149101 -4.00211148  5.89502345]]
[[ 5.90895293 -4.04148898  5.95838318]
 [-5.103137    4.11718854 -5.14580078]]
[[ 2.78992339 -3.73174795  4.38315824]
 [-3.28287148  4.07045923 -3.69648259]]
[[ 3.62540105 -5.62145269  5.52835382]
 [-5.36768014  3.35542955 -5.07074891]]
[[ 5.7557746   5.27356905 -1.36917182]
 [-5.31443351 -3.43638844  2.4494909 ]]
[[-5.07930772  5.19945207  4.78040404]
 [ 3.91753907 -3.72012911 -4.20688883]]
[[ 4.37626147  5.10395624 -1.94658678]
 [-3.84126432 -4.41635767  3.79376887]]
[[ 5.01389143  4.86158846 -4.02044579]
 [-4.17838584 -4.81119911  3.45036654]]
[[ 5.58245594  5.15287824  5.85963306]
 [-3.17091152 -5.10718047  5.09748445]]
[[ 5.58434497  4.87414179 -3.18438946]
 [-4.09368049 -5.39306348  3.85412684]]
[[-5.14081705  5.77598087 -4.03683587]
 [ 4.34679472 -3.29115286 -4.76172062]]
[[-5.4625047   4.9727809   3.41883075]
 [ 2.25545529 -5.31189437 -3.91725485]]
[[ 5.19571792  2.04283396  5.727238  ]
 [-5.031509    5.5256428  -2.50601106]]
[[ 4.56541949 -5.76024061 -5.70215618]
 [-3.31581846 -4.65499755  3.42922858]]
[[ 3.64847335 -5.56369661  4.71066551]
 [-3.30894878  5.31447029 -4.59398609]]
[[ 3.23313378  4.96457383 -3.91751385]
 [-2.55756514 -3.81031563  5.35977944]]
[[ 5.31009655  5.9902109   0.36976703]
 [-3.72901998 -3.38434066  4.92969517]]
[[ 4.64615783  4.74328824 -4.65857331]
 [-4.52638455 -3.73943294  3.59580204]]
[[ 2.38968203 -4.28167406  5.44274406]
 [-5.42901671  2.99927789 -4.16066325]]
[[ 5.92276974  5.68513602  2.73209566]
 [-5.39956499 -4.24133986  4.79755043]]
[[ 5.74322005  5.58934475  5.66245215]
 [-5.02182498  5.81785367 -4.48823671]]
[[ 5.97237075  5.91573879  4.32573862]
 [-4.95852393 -4.50877322  3.58041644]]
[[ 5.71337719 -0.55484991 -5.27916831]
 [-4.90336748 -4.39528942  3.02983017]]
[[ 4.31610475 -0.25221496  4.73168951]
 [-3.6045296   3.94729287 -3.18966866]]
[[-5.83449075  5.71828741  5.75123184]
 [ 5.93421718 -4.93026956 -5.31203715]]
[[ 5.0052068   5.82262906 -1.1463182 ]
 [-4.55078799 -3.26593185  3.45698243]]
[[-5.21317645  5.79629277 -4.85263355]
 [ 3.77211045 -4.372837   -4.07503502]]
[[-1.38987087 -3.9484342   5.64522961]
 [-4.99096632  2.86213622 -2.74128389]]
[[-4.54214429  4.05728433  4.78155967]
 [ 3.59102206 -5.50005804 -3.95567856]]
[[-2.12178829  5.15711133  5.51613255]
 [ 3.37426314 -3.08815937 -5.24129507]]
[[ 4.28993494 -4.96200822  5.96962791]
 [-5.45784744  4.66054508 -4.54628921]]
[[ 0.57041255  5.19285421  5.96056583]
 [ 2.47385669 -4.13900338 -4.40411527]]
[[ 2.52455124  5.73312189  5.74311206]
 [ 4.54091739 -2.33549195 -4.81900126]]
[[ 5.86846963 -5.6847401   4.99802725]
 [-5.33181351  5.20683585 -4.83675861]]
[[-5.64935869 -5.12023808  4.84284491]
 [ 3.33400085 -4.63044988 -3.35655851]]
[[-4.25340153  5.71577167  0.18997876]
 [ 3.76659843 -3.04751456 -4.24211467]]
[[ 4.90815575  4.75289324  5.74029615]
 [ 3.00288019 -4.71885402 -4.14449484]]
[[ 4.57857187  5.41326397 -3.53525627]
 [-3.50739289 -4.89847919  5.02685634]]
[[ 4.2514066   5.44449167  4.83200813]
 [-4.42286206 -3.13951455  5.82285149]]
[[-3.04640098  4.59438419  5.46744058]
 [ 4.35198667 -3.44812471 -4.56704611]]
[[-5.32933756  4.70954211  4.09700294]
 [ 4.6468909  -3.8057885  -5.86766762]]
[[-4.80311144  4.82007717  4.49857351]
 [ 2.89145923 -3.89233922 -4.86062339]]
[[ 4.57730939  5.94378054 -5.91667095]
 [-3.85229429 -5.03173501  4.29252903]]
[[ 5.37102165 -1.80237286  4.17276921]
 [-4.75450567  2.72882908 -3.81367674]]
[[ 2.93147939 -5.68369256  3.41444073]
 [-3.9466904   3.53564764 -3.10319853]]
[[-0.64358968  4.55472676  5.12761071]
 [ 4.37793015 -4.00386166 -3.50305172]]
[[ 5.89282355 -4.70099937 -5.7175908 ]
 [-4.16494929 -4.36675092  4.00767757]]
[[ 5.06291826  1.44880375  5.12973743]
 [-3.66847876  4.3414185  -4.80071814]]
[[ 0.20426314  5.96054524  5.64206706]
 [ 2.96047173 -4.05304023 -3.91612263]]
[[ 5.57026333  2.45544173  5.05892016]
 [-4.99321549  5.76478668 -4.02282781]]
[[ 5.47934262 -2.16040096  5.31143025]
 [-4.79737945  4.03743892 -4.14938762]]
[[-4.56890371  0.3111008   5.76317022]
 [ 3.01660832 -4.47003859 -3.1218708 ]]
[[-4.09779726  5.58965933  5.9073568 ]
 [ 5.71632529 -4.23880328 -4.25832828]]
[[ 5.76601622 -5.67268068  4.17878406]
 [-4.40390111  5.49025119 -3.9902246 ]]
[[-4.2421963   2.3626136   5.90082241]
 [ 4.48633608 -3.08885855 -3.04220254]]
[[ 5.48002278 -3.97069787  5.50774867]
 [-4.27861465  4.78445213 -4.23504254]]
[[-5.24635328 -3.08883239  5.85726686]
 [ 3.82410006 -5.54269877 -3.60253819]]
[[ 5.17670559  4.41487275 -2.90396106]
 [-4.47803706 -4.47313134  3.98290682]]
[[ 3.8349625   5.03606383 -5.37272719]
 [-5.09845601 -3.74567678  4.83513914]]
[[ 5.62006951  3.42895729 -5.29504787]
 [-3.01183125 -4.98002669  5.49811569]]
[[-4.74921351  5.55338058  5.19657837]
 [ 3.9835965  -5.72943272 -4.19924594]]
[[ 5.35345731  4.07846027 -1.51487809]
 [-4.02602998 -3.80230589  4.31138128]]
[[ 5.05906101  3.06349903 -4.74703165]
 [-3.16476225 -4.68117815  4.87473469]]
[[ 5.47983065 -1.08785633 -4.89412601]
 [-2.98831327 -4.99975839  4.58544063]]
[[-3.14852806  5.23156829  4.67894627]
 [ 3.7232407  -3.34967617 -3.74813718]]
[[ 4.34369039  5.90372948 -2.82888865]
 [-3.36256296 -5.57145476  4.89693543]]
[[-4.39260952  3.47947791  5.89010764]
 [ 5.43997277 -2.61098762 -2.98205914]]
[[-5.02124652  5.89622713 -2.92584508]
 [ 2.98074061 -4.33708589 -4.50854856]]
[[ 4.89145476  5.9567266   3.22956414]
 [-3.75360758 -3.93710039  5.80249545]]
[[-4.98206461  3.38528314  5.34380462]
 [ 3.2779058  -3.80176722 -4.82699842]]
[[ 5.98419767  5.90640218  2.40859832]
 [-4.58237052 -3.86104186  4.39244319]]
[[-1.00527843  5.14034208  3.89400549]
 [ 5.73106494 -3.43074978 -3.0260164 ]]
[[ 5.508594    4.62279853 -4.67496526]
 [-4.8274783  -4.76191054  3.00871593]]
[[ 4.22443851  3.80421733  5.77185945]
 [-3.43882875  4.59898562 -2.97640285]]
[[ 3.27094663 -5.1748598   5.34076748]
 [-4.13646887  3.19568109 -5.52349125]]
[[-3.92415593  5.55776206 -3.73019882]
 [-5.904562   -3.18612312  3.06699337]]
[[-4.90341545  4.67895557  5.85995025]
 [ 3.65997737 -5.53370038 -4.73646255]]
[[ 5.30857955 -5.77960658  3.41558035]
 [-4.22113468  4.08114237 -3.33622975]]
[[-4.3610884   5.34866423  4.06925642]
 [ 3.81698658 -3.72339897 -5.46707875]]
[[ 4.8630364   4.42294506  1.89345754]
 [-4.21654792 -3.17879154  4.5836761 ]]
[[ 5.98719496  5.17617505 -1.39510807]
 [-2.93621015 -5.61022169  4.61088055]]
[[ 5.93694057  5.61561908 -1.14036958]
 [-4.5615488  -5.48442362  4.38065008]]
[[ 3.41424649  5.24282807 -4.81883598]
 [-4.46234602 -2.5225328   4.13303974]]
[[ 4.62522373 -5.52303655  3.3190887 ]
 [-3.68985166  5.41526841 -3.4884576 ]]
[[ 5.76188963 -5.16620154  4.58194275]
 [-4.39305934  3.39645108 -4.51730509]]
[[ 4.75236944  5.2228872   5.40817577]
 [-3.35718496  5.4152443  -3.04231217]]
[[ 4.0938613   4.48944104  5.84996233]
 [-4.34667914  3.22919303 -3.23967535]]
[[-2.31649111  5.41652186  5.53309393]
 [ 5.51851944 -3.81575283 -4.3234166 ]]
[[ 3.73260904 -3.11996676  5.52713394]
 [-3.98308406  5.22588295 -3.64125842]]
[[ 5.25528657 -5.94898466  2.84046714]
 [-3.985897    3.49983188 -5.90394642]]
[[-4.9512815   5.28116227  3.63528075]
 [ 5.08179719 -5.70165874 -2.70902748]]
[[ 5.86196439  5.44174939 -3.38876926]
 [-4.82921027 -5.22864115  5.77354273]]
[[ 4.51831573  5.59106062  2.12140612]
 [-3.0730851  -4.73794653  5.73829726]]
[[ 5.78939921 -5.51184609  3.59225877]
 [-3.6747045   3.05486156 -3.41660055]]
[[ 4.80602738  0.07225861  5.49676105]
 [-4.1336484   5.42802332 -4.30730131]]
[[ 5.08072549  3.95694046  5.92896955]
 [ 4.90463993 -2.45232453 -3.70816263]]
[[-3.13142479  5.2866133   5.91016026]
 [ 2.37637252 -5.65562603 -5.44707406]]
[[-5.99138749  4.97541559  3.75875479]
 [ 3.84719896 -4.97092434 -4.64444249]]
[[ 2.06399878  4.41976745 -5.37931095]
 [-5.55190533 -3.37470147  3.85160348]]
[[ 3.23121121 -5.58572197  5.01044702]
 [-5.498406    3.45365725 -3.84865513]]
[[ 5.68473455 -5.00087053  5.98291079]
 [-5.73727743  4.08611465 -3.98214892]]
[[ 4.34179663 -0.83034826  5.82548303]
 [-4.593197    4.69023957 -3.50324859]]
[[ 4.02351822 -1.19733757  5.98905969]
 [-3.73545631  5.24713452 -3.91488385]]
[[ 5.54457876  1.60424595  5.27154306]
 [-4.08424079  4.24620302 -3.70093171]]
[[ 4.85717673 -0.64748389 -5.60974584]
 [-3.5652634  -5.73960594  3.3729052 ]]
[[ 4.84504747 -5.79146501  5.83255549]
 [-3.05838535  2.78522834 -5.15716738]]
[[ 5.61970785  5.48010699  5.1888011 ]
 [ 3.80169008 -3.53378619 -4.35592646]]
[[ 5.70345336 -5.0451131  -4.53835609]
 [-3.38125606  3.20939232 -5.4509175 ]]
[[ 5.92830452 -5.22699292 -3.0019352 ]
 [-4.05440274  3.56212771 -4.4945127 ]]
[[ 4.90773468  4.60081779 -5.70527902]
 [-5.40989596 -4.55069564  3.86708115]]
[[ 5.86196983  4.96617543  5.10571147]
 [ 4.01194323 -3.69942156 -3.69085343]]
[[ 5.47324254 -0.32545595  5.41896851]
 [-4.52109255  3.83938883 -3.30891214]]
[[-5.49991448  3.86578422  4.86263183]
 [ 4.69719275 -5.51436754 -3.61457233]]
[[ 1.23540191  5.70861342  5.90795157]
 [ 4.99772767 -3.98817575 -5.50740819]]
[[-0.31635085  5.60722023  5.71841374]
 [ 5.20682941 -5.2825981  -4.3507071 ]]
[[ 5.58166815  0.83026747 -5.44285372]
 [-3.65042564 -5.60021196  2.99550084]]
[[-5.98088669  2.44728439  5.90959488]
 [ 5.61813064 -4.30973171 -3.28035118]]
[[ 5.15422545  4.25245749 -3.79739085]
 [-4.03773685 -3.24563757  4.51251834]]
[[ 2.67470642 -4.68500603  5.91032642]
 [-4.22423324  2.77574844 -3.84475924]]
[[ 5.50276674 -4.13229168  4.78372857]
 [-3.83862277  4.58778111 -4.62549869]]
[[ 5.55690213 -4.23665491  3.65885484]
 [-3.26378604  4.23425396 -4.82208878]]
[[ 5.91865606  5.24209566  1.76438185]
 [-5.54327756 -4.02612718  5.30271482]]
[[ 3.35051273 -4.322782    5.08367236]
 [-5.85276773  3.27652879 -3.77967593]]
[[ 4.21411301  4.39916014 -5.4640982 ]
 [-5.5453619  -3.59554131  3.70404089]]
[[-2.85598407  5.7178442  -5.19807834]
 [-3.57020126 -3.50402419  3.61178409]]
[[ 3.85761484 -3.75875102  3.32014694]
 [-3.43959225  3.74676634 -3.73542269]]
[[ 2.14775512 -5.21719217  5.73780089]
 [-3.08347095  4.91082615 -4.10492529]]
[[ 5.44143929 -4.56569148  5.8803294 ]
 [-4.78819736  3.25280434 -4.102505  ]]
[[-5.99722531  4.96261746  3.85103846]
 [ 4.08659654 -4.91766966 -4.24306628]]
[[ 0.19692972  5.11868542  5.1950283 ]
 [ 4.17799663 -3.67222506 -4.55422491]]
[[ 4.65879771  5.32130718  1.89229468]
 [-2.92344293 -4.68041322  3.76856874]]
[[ 5.66446021  5.17601376  0.74845088]
 [-3.38212358 -5.15571636  2.73956147]]
[[-4.97039824  3.69750214  5.02346147]
 [ 3.48994123 -2.86115819 -5.77402846]]
[[ 5.88698025 -5.75487491 -4.02771667]
 [-4.70438474  3.6422139  -5.85187067]]
[[ 4.43958817 -4.45499676  4.46824267]
 [-4.74592383  4.68102009 -2.76195483]]
[[-4.51945736  5.3028318   3.96420394]
 [ 3.00351162 -5.74674613 -3.85007186]]
[[ 5.09789217 -5.70015896  5.30105604]
 [-4.82207143  4.8758946  -3.7913907 ]]
[[ 4.99020419  5.61033531  0.36401921]
 [-4.16377203 -2.97441167  4.16486188]]
[[-1.1282653   4.5359038  -5.16983772]
 [-5.39583722 -3.42636466  3.27856667]]
[[-1.1606713   3.92690374  5.2605313 ]
 [ 5.99285013 -3.0412018  -3.3692953 ]]
[[ 5.95580481  3.26158324  2.07671477]
 [-3.23296414 -3.43663074  5.41560815]]
[[ 3.7449106   0.61518314  5.88547642]
 [-3.53083914  5.91982489 -3.63644442]]
[[-0.9589314   4.478996   -5.85748654]
 [-5.5404058  -3.59220958  2.55523925]]
[[-0.15796539  5.34029776 -5.37449729]
 [-3.21176543 -4.04149998  3.76700353]]
[[ 5.69740158  2.72496302 -5.23516913]
 [-4.20005641 -4.31774372  3.40358852]]
