[[0.98048816 0.01910087 0.02181413 0.01678653]]
[[0.9762021  0.01938055 0.01569784 0.01384339]]
[[0.97825423 0.02188919 0.02144167 0.01734259]]
[[0.97741643 0.02374833 0.01799402 0.01630714]]
[[0.97696942 0.01944179 0.01556711 0.0144139 ]]
[[0.97611045 0.02114312 0.02161783 0.01914841]]
[[0.97608339 0.01995112 0.02206275 0.01586015]]
[[0.97653431 0.01851337 0.01493963 0.01204296]]
[[0.97634163 0.01994336 0.02305393 0.01124396]]
[[0.97653808 0.01930714 0.02335576 0.01613202]]
[[0.97748782 0.01557777 0.01714584 0.01388872]]
[[0.97696666 0.01714643 0.02167169 0.01526632]]
[[0.97657328 0.01758045 0.01935601 0.01678561]]
[[0.97672458 0.02172932 0.02275037 0.01613375]]
[[0.97732156 0.0193957  0.01945081 0.01540246]]
[[0.9789506  0.02388869 0.02368679 0.01742118]]
[[0.97685556 0.01770348 0.01745699 0.01593974]]
[[0.97612763 0.01884254 0.01500752 0.01257345]]
[[0.97640712 0.02297019 0.01934436 0.01574158]]
[[0.97656084 0.02093685 0.0165428  0.01241504]]
[[0.97894308 0.02384238 0.02298194 0.01621986]]
[[0.97719826 0.02149215 0.01481965 0.01362934]]
[[0.97658248 0.02375989 0.01962039 0.01588925]]
[[0.97699496 0.02279779 0.02040317 0.01142689]]
[[0.97669273 0.02013165 0.02320187 0.01309603]]
[[0.97761079 0.01991979 0.01585378 0.0127879 ]]
[[0.98115272 0.02278601 0.02258451 0.01793681]]
[[0.97743675 0.0180667  0.02152533 0.01623653]]
[[0.97786669 0.02324522 0.01803945 0.01640147]]
[[0.97834089 0.02148083 0.02388653 0.0182556 ]]
[[0.97746995 0.0201018  0.01808901 0.01586514]]
[[0.97836981 0.01677826 0.01747787 0.01411481]]
[[0.97742617 0.02250729 0.02322212 0.02041261]]
[[0.97665543 0.02385504 0.02262708 0.01908792]]
[[0.97773936 0.0194719  0.02242005 0.01713556]]
[[0.97654947 0.02225454 0.02200293 0.0191796 ]]
[[0.97859963 0.01737548 0.01865577 0.0161091 ]]
[[0.97740102 0.0209052  0.02092418 0.01393933]]
[[0.97758214 0.02281572 0.01812181 0.01394281]]
[[0.97647782 0.02375722 0.01829286 0.01690505]]
[[0.9796107  0.01773756 0.02288428 0.0153387 ]]
[[0.97650004 0.01617989 0.0231176  0.01384488]]
[[0.97648776 0.02265269 0.02340731 0.01933735]]
[[0.97653664 0.02364344 0.01523754 0.01208976]]
[[0.97856425 0.02371018 0.0218687  0.01531553]]
[[0.97980848 0.02287863 0.02334861 0.02028495]]
[[0.97635733 0.01729053 0.01766283 0.01263235]]
[[0.97624518 0.02113946 0.01852952 0.01647621]]
[[0.97710808 0.02271404 0.02266833 0.01811773]]
[[0.97884831 0.02133857 0.0220564  0.01666568]]
[[0.97763805 0.0170778  0.01532436 0.01305181]]
[[0.97791057 0.01862103 0.01784608 0.01619879]]
[[0.977475   0.02200083 0.02179076 0.01504383]]
[[0.9761647  0.016266   0.01694171 0.01304123]]
[[0.97619336 0.01655584 0.0148963  0.01368443]]
[[0.9780067  0.02130352 0.02299285 0.01627351]]
[[0.97621151 0.02170204 0.02050813 0.01478376]]
[[0.97646907 0.02112314 0.01693687 0.0127056 ]]
[[0.97664046 0.02080552 0.0161333  0.01320035]]
[[0.97796973 0.01964036 0.01707922 0.01417102]]
[[0.97999764 0.02105093 0.02117258 0.01632947]]
[[0.97841957 0.01954088 0.02094968 0.01722125]]
[[0.9774953  0.02112918 0.02385227 0.01778249]]
[[0.97620523 0.01425679 0.01847146 0.0118409 ]]
[[0.97936346 0.02113434 0.02019508 0.0183744 ]]
[[0.97707555 0.02009482 0.02293414 0.01813188]]
[[0.97671222 0.01766201 0.01620437 0.01405352]]
[[0.97604083 0.02390374 0.02134309 0.01344909]]
[[0.97798831 0.0209457  0.02064918 0.01738583]]
[[0.97650125 0.02322384 0.01639991 0.01405928]]
[[0.97841704 0.01883916 0.02079016 0.0157892 ]]
[[0.97706825 0.02334069 0.02222727 0.02028453]]
[[0.97782699 0.02242095 0.02062676 0.01667541]]
[[0.97780789 0.01393294 0.01676342 0.01255373]]
[[0.97801361 0.01764834 0.02298917 0.01645519]]
[[0.97710678 0.0202115  0.01679101 0.01442971]]
[[0.97732977 0.01956277 0.01574347 0.01220822]]
[[0.97756459 0.02102159 0.0222582  0.01708338]]
[[0.97795646 0.02389235 0.02339432 0.01958129]]
[[0.97687233 0.02116781 0.01838583 0.01416621]]
[[0.98046358 0.02338729 0.02112915 0.01932004]]
[[0.97718266 0.01580473 0.02025272 0.01293089]]
[[0.97958842 0.01887122 0.0221037  0.01651524]]
[[0.9787231  0.02022562 0.01963397 0.01410125]]
[[0.97973055 0.02228378 0.02252864 0.01895373]]
[[0.97742573 0.01900293 0.02074428 0.01613916]]
[[0.9760893  0.0216822  0.01840422 0.01631636]]
[[0.97613299 0.02343744 0.02070966 0.01892581]]
[[0.97907053 0.02203889 0.01868507 0.0174691 ]]
[[0.97741107 0.01919352 0.0184283  0.01562891]]
[[0.97888311 0.01884574 0.02359412 0.01500203]]
[[0.98108614 0.01988234 0.02327605 0.01646015]]
[[0.97611239 0.02376098 0.02272792 0.01939096]]
[[0.97669364 0.02303729 0.02064223 0.01874083]]
[[0.97811859 0.02308302 0.02385866 0.0200948 ]]
[[0.9762264  0.0165029  0.01600617 0.01226428]]
[[0.97614162 0.01608284 0.01783425 0.01335225]]
[[0.97868001 0.02342136 0.02333161 0.02014094]]
[[0.97609843 0.02388408 0.02296879 0.01846301]]
[[0.97770343 0.02302423 0.01700502 0.01527953]]
[[0.97726473 0.02389702 0.01668412 0.01409576]]
[[0.97649988 0.01610304 0.0159505  0.01313662]]
[[0.9766614  0.01830946 0.01939081 0.01584937]]
[[0.97662847 0.01917695 0.02378673 0.01545786]]
[[0.97775247 0.02164437 0.01814549 0.01355194]]
[[0.97916798 0.01807055 0.02151942 0.01665193]]
[[0.97819009 0.01915598 0.01747756 0.0159565 ]]
[[0.97605553 0.02201407 0.01766702 0.01630842]]
[[0.9767401  0.01983479 0.02049726 0.01510129]]
[[0.97855028 0.01901824 0.02253529 0.01491458]]
[[0.97624241 0.02051008 0.01848829 0.01596639]]
[[0.97813477 0.02015357 0.02218504 0.01701738]]
[[0.97873957 0.01986827 0.01934933 0.0159089 ]]
[[0.97695022 0.02352846 0.02216344 0.02072739]]
[[0.97673936 0.01923564 0.0149011  0.01324883]]
[[0.97743804 0.02261387 0.02190181 0.01877762]]
[[0.97640164 0.02384664 0.01669848 0.01315371]]
[[0.97725613 0.02338836 0.02242621 0.01396531]]
[[0.97654381 0.02255474 0.02194314 0.01224628]]
[[0.97620909 0.01741143 0.01764074 0.01222823]]
[[0.9767205  0.01769222 0.01574736 0.01439036]]
[[0.97878352 0.01859502 0.01863355 0.01535188]]
[[0.97798605 0.02087124 0.01835234 0.0138917 ]]
[[0.97852466 0.01437149 0.01519837 0.01339095]]
[[0.97764022 0.02155477 0.02180746 0.0184695 ]]
[[0.97800204 0.01715167 0.021748   0.01431015]]
[[0.97661609 0.01505941 0.01588804 0.0131509 ]]
[[0.97789467 0.01651746 0.02191933 0.01429967]]
[[0.97630431 0.017293   0.0170013  0.01324945]]
[[0.97712463 0.02038726 0.02223239 0.0166381 ]]
[[0.97835184 0.01779472 0.01706346 0.01431866]]
[[0.97621814 0.02085158 0.0206382  0.01712926]]
[[0.97642323 0.02143287 0.0221276  0.01314204]]
[[0.98031772 0.02179864 0.0222223  0.0193612 ]]
[[0.97723855 0.01867044 0.01521917 0.01246592]]
[[0.97858767 0.01949802 0.0182532  0.01415634]]
[[0.97708622 0.02392132 0.01941691 0.01734212]]
[[0.97807744 0.02174492 0.01941676 0.01770741]]
[[0.9763632  0.01949154 0.01859063 0.01653139]]
[[0.97681657 0.01784144 0.01905378 0.01553654]]
[[0.97724243 0.02056354 0.02386737 0.01515493]]
[[0.97760149 0.02142997 0.02089441 0.01656461]]
[[0.97605546 0.02229214 0.02286754 0.01676098]]
[[0.97810292 0.01927148 0.01688155 0.01332196]]
[[0.97669131 0.02355283 0.02279446 0.01666417]]
