[[-5.97721502  3.09002646 -5.21650747]
 [-5.96198378  5.7134434  -4.86633988]]
[[-5.10295236  5.28173219 -5.77496183]
 [-4.01999324  3.56088269 -4.43201066]]
[[-3.61794916 -5.96286397  4.87534797]
 [-3.80403671 -5.09393967  3.21388806]]
[[ 4.49616128 -2.81224486 -4.7318175 ]
 [ 3.21419438 -5.353299   -4.15140075]]
[[-5.7639748  -5.94202097  3.86447442]
 [-4.4910195  -5.92439419  4.09320366]]
[[ 3.53605878 -4.47023452 -5.74792709]
 [ 5.63447112 -3.69239638 -4.59000505]]
[[-5.71240589  5.08508809 -5.01659725]
 [-3.27027262  5.76837334 -5.07757785]]
[[-4.79463731  5.26577017 -4.87499484]
 [-3.90633934  5.28367604 -5.59452155]]
[[-3.75636162 -3.95160222  5.06212743]
 [-5.36493663 -4.38777054  5.97833163]]
[[ 4.87952491 -3.5833825  -3.31174827]
 [ 2.95842376 -4.37014149 -4.69146109]]
[[-5.9783393  -3.30612906  4.93228984]
 [-3.77291915 -4.66375282  5.43643087]]
[[-5.95138993 -4.55068044  4.30064124]
 [-5.83647674 -5.7420599   2.69736188]]
[[-4.78186471  4.07782637 -4.29246938]
 [-5.48406667  4.11309022 -3.25082099]]
[[-3.48313774  5.34111996 -4.74959337]
 [-5.0135457   4.01210159 -5.56980308]]
[[-4.81955609  4.04741327 -4.16128165]
 [-4.64791669  5.06280125 -5.39942874]]
[[-2.90264302 -3.50789977  5.22267935]
 [-5.43852191 -2.48397905  5.87952361]]
[[-3.89414758  5.38075761 -5.45481997]
 [-4.56597866  5.82438035 -5.14635119]]
[[-4.61393978  3.50425253 -3.57008021]
 [-5.66102334  4.6881327  -4.13922096]]
[[-4.41455563 -5.57318526  4.23720171]
 [-3.49611653 -5.16401277  3.80576485]]
[[-4.72006055 -3.43788206  5.84787704]
 [-4.18465876 -2.91336285  4.39481002]]
[[ 3.8254568  -4.979513   -3.42420539]
 [ 5.87499392 -4.57797187 -5.62121709]]
[[ 2.82082075 -2.74046057 -5.74158641]
 [ 5.79496773 -4.63565328 -4.02472875]]
[[-5.24767373  3.31033226 -4.11338048]
 [-5.43331533  2.81455208 -4.58227339]]
[[-5.03313237 -5.02877653  3.76564524]
 [-3.39518148 -5.78776989  3.30742748]]
[[-5.58138795  4.47317547 -5.99419291]
 [-5.12638226  3.25190001 -2.2959717 ]]
[[-4.62561463 -3.86070198  4.58203784]
 [-3.71836504 -3.30509326  3.07862397]]
[[-4.01399376 -4.49388994  5.41028232]
 [-3.49694618 -4.34236499  4.01182989]]
[[-4.8790372  -4.43453849  2.83406942]
 [-4.09000592 -5.58974726  2.56607527]]
[[-4.21686621  5.47671639 -4.26892532]
 [-4.33757346  3.40687223 -5.36298783]]
[[-5.39872949 -3.83382517  2.83836079]
 [-5.85780009 -3.46173846  5.64070296]]
[[ 3.83316868 -3.72967259 -2.38040038]
 [ 5.5554364  -3.33239484 -5.05895236]]
[[-3.65657587 -3.94986425  4.4607436 ]
 [-5.96110981 -4.78548913  3.85418075]]
[[-5.36004349  3.64388215 -3.25474079]
 [-5.66522331  4.67087311 -5.71897917]]
[[ 4.15257851 -2.90760974 -5.92632099]
 [ 4.75361488 -4.25294098 -4.7348149 ]]
[[-5.3666584  -4.30223233  5.14475514]
 [-4.51755453 -4.74663411  3.83651518]]
[[-4.2622709  -4.79326718  2.72098467]
 [-2.56893227 -5.0533633   5.97903357]]
[[-4.46908351  3.74908231 -3.55619458]
 [-2.57821026  5.11853047 -4.15504726]]
[[-5.14329766  3.53064254 -5.83229932]
 [-5.40923302  4.6828252  -4.57891156]]
[[-4.31412085 -5.41106335  4.28528724]
 [-2.683528   -5.33909532  5.52536797]]
[[ 4.70247831 -4.97384283 -3.83270704]
 [ 3.92033117 -5.51117264 -5.87593432]]
[[-3.60979103 -3.51294592  5.58060221]
 [-5.09059435 -4.62973826  5.95464564]]
[[ 4.98905888 -4.73983422 -5.6681322 ]
 [ 2.99436044 -3.7905807  -5.24261405]]
[[-5.4038233   5.55028931 -4.97351047]
 [-5.11659779  4.50494322 -5.19548923]]
[[-4.77455924  4.22580934 -3.38055714]
 [-5.36345103  5.72560839 -3.06938736]]
[[-4.57282353 -5.17387125  3.58641038]
 [-5.76522064 -3.01151983  4.57809856]]
[[-5.31943529 -3.61398309  4.42338011]
 [-5.79558767 -5.36231061  2.16809977]]
[[-2.75553623 -3.92668518  4.27964187]
 [-4.10605915 -3.96230034  2.89731757]]
[[ 4.93300248 -4.73186609 -4.72618452]
 [ 4.81716865 -5.44664757 -5.70960756]]
[[-4.54821138 -4.25071033  5.28222704]
 [-5.06891259 -5.20381271  2.88718255]]
[[ 5.02898343 -4.4382571  -3.90778725]
 [ 4.51448821 -5.02031526 -2.55990761]]
[[-3.86450469 -3.45978556  2.50490874]
 [-3.53261542 -5.59366154  3.08413008]]
[[-5.96949007 -2.71430361  4.72486425]
 [-5.83667829 -3.75328122  5.68748509]]
[[ 3.04942881 -3.27570395 -5.42233775]
 [ 2.16029846 -5.93711913 -5.22116204]]
[[-4.48732715 -2.4779395   5.49535062]
 [-3.52380879 -4.89158101  3.63849896]]
[[-4.75006983 -2.81452842  5.87706189]
 [-2.54908065 -5.29975913  3.389148  ]]
[[-3.83930692 -5.10290045  5.97731799]
 [-4.33009896 -5.74618094  4.88527446]]
[[ 3.77194561 -3.53937068 -3.81922115]
 [ 2.93340433 -4.4344441  -4.46078322]]
[[-4.02411868  2.93769789 -5.86339597]
 [-4.45225017  2.4890052  -3.20343129]]
[[-5.88509445  3.67119044 -3.96147904]
 [-5.17799431  5.18194003 -5.13669349]]
[[ 4.62164928 -4.05820931 -3.57699686]
 [ 5.10080115 -5.37176313 -3.5803771 ]]
[[-4.64320905  5.72902572 -5.34390825]
 [-3.3404179   2.87892987 -5.66321761]]
[[-5.05137612  5.3203829  -4.21836302]
 [-5.18986286  2.89519304 -5.15051408]]
[[-4.287065    3.3695077  -4.13729595]
 [-5.68068402  4.50057155 -4.97866892]]
[[ 2.38556527 -3.74183015 -4.6610501 ]
 [ 5.22712812 -4.19582997 -5.07359192]]
[[-4.91107446  5.11979545 -5.24558458]
 [-5.8497228   4.37060861 -4.84138016]]
[[ 4.78004117 -4.2504263  -2.91655499]
 [ 2.76459931 -4.65067036 -5.39872045]]
[[-4.79187607 -4.35170676  5.63308668]
 [-4.26337411 -5.58837816  3.71764754]]
[[-2.84556829  3.92388006 -5.30348299]
 [-5.37762997  3.22687657 -3.65949665]]
[[ 4.97888225 -3.06213318 -4.90176943]
 [ 3.203084   -4.71339625 -5.77263969]]
[[-2.89448076  5.74498929 -4.15788073]
 [-5.15886826  4.01016895 -2.99070758]]
[[-4.8918079   4.67167422 -3.51638739]
 [-3.82724104  3.26011053 -5.48930288]]
[[-4.45670544 -5.05979011  5.99620322]
 [-5.33560658 -4.50702974  4.59742517]]
[[-3.22790286  4.14748889 -4.53207937]
 [-3.32620415  3.65464123 -4.92012937]]
[[ 4.97703773 -5.60720049 -3.3842313 ]
 [ 5.07069179 -3.67290328 -4.31731714]]
[[ 3.94761594 -4.87103445 -5.49157495]
 [ 4.65251769 -5.51198939 -5.7503947 ]]
[[-5.30451005  2.88457487 -4.20898766]
 [-5.86377872  2.79430944 -5.5913112 ]]
[[-5.61179852 -5.75807717  3.96506643]
 [-5.80110929 -5.46676417  2.54759402]]
[[ 5.42360519 -2.37437021 -4.330922  ]
 [ 3.24643592 -4.71003565 -3.95709788]]
[[-5.58151798 -5.56818598  5.69325575]
 [-5.43369689 -3.79697733  4.99402825]]
[[-3.676581   -5.67666065  3.67956987]
 [-4.16317167 -5.12908956  4.0480104 ]]
[[ 3.27326298 -4.04399697 -2.91331108]
 [ 5.93340941 -4.73288161 -2.46123981]]
[[ 2.88506101 -5.36223629 -3.82614292]
 [ 2.18656303 -4.74339278 -4.84284906]]
[[-5.28109711  5.97881276 -4.03657152]
 [-5.13994935  4.45089268 -4.52166371]]
[[-5.60008981 -3.68582887  4.50320508]
 [-4.80798712 -4.81885664  4.96231456]]
[[-4.00788079 -4.58645972  3.4032613 ]
 [-5.00436169 -2.80038627  3.42930445]]
[[-3.54044342  5.33879333 -5.56707829]
 [-5.75203366  5.84312053 -4.83724212]]
[[ 5.93337697 -5.26759361 -5.70962239]
 [ 5.26800192 -4.21779874 -4.04153577]]
[[-3.71257586  4.3872213  -3.40493415]
 [-4.18293189  3.85049374 -3.59567425]]
[[ 4.60468742 -3.00698283 -3.98568389]
 [ 5.26832937 -4.07078122 -4.93019549]]
[[-3.47401849  2.31951601 -4.90226028]
 [-4.28083293  4.05084681 -5.71724604]]
[[-2.61409157 -4.25780774  3.52143568]
 [-3.98135245 -5.72796499  4.25771059]]
[[-3.85447778  2.11775978 -5.63948597]
 [-5.60287012  5.27713338 -3.84497396]]
[[-4.47261032 -5.47459809  3.60126942]
 [-4.90968265 -3.38485561  5.47277161]]
[[ 5.50391371 -5.81644043 -2.66045399]
 [ 3.1772685  -3.6729639  -3.5326324 ]]
[[-5.03992699 -4.11463203  5.43022812]
 [-5.85197249 -4.94396406  4.09541239]]
[[-2.54016508  5.36308111 -5.49679716]
 [-5.36030623  3.94218859 -4.89225012]]
[[ 5.35084245 -5.43637604 -4.44944093]
 [ 4.39145353 -4.34175212 -3.56501419]]
[[-4.56642622 -5.75575602  3.75253946]
 [-5.96704904 -3.4547352   5.29070738]]
[[-3.61038124  5.00717754 -5.40507748]
 [-5.70949897  3.87137465 -3.64829586]]
[[-5.94228436 -4.17372789  3.77396568]
 [-4.35126148 -4.68648702  2.43429744]]
[[ 5.36213693 -5.89312642 -4.57019585]
 [ 5.7358161  -4.97868542 -4.93950566]]
[[ 2.39584449 -5.79843916 -5.43149312]
 [ 3.69476984 -4.76551294 -4.27021773]]
[[-4.73579748  5.91160196 -2.89629302]
 [-5.72928192  5.77926497 -3.43749613]]
[[-5.8282606  -4.75355985  3.60098863]
 [-5.06368292 -4.6438412   5.89329665]]
[[ 5.72559082 -3.49393634 -3.41460747]
 [ 5.34217092 -5.71489984 -2.54979008]]
[[-3.62718264 -5.05333614  5.32893434]
 [-3.54883524 -4.92945659  5.09544622]]
[[ 4.97470112 -4.68141687 -4.55945822]
 [ 5.64599182 -4.19525643 -5.58630434]]
[[-4.85596072 -4.08719229  5.41475401]
 [-5.56923871 -5.89161545  4.96695616]]
[[-3.50995192 -4.208147    5.13063492]
 [-3.27688112 -5.17254786  2.97424121]]
[[-4.50213387 -4.54259792  4.37983862]
 [-5.08964163 -4.4655914   3.06768334]]
[[-3.73115525  4.41241438 -4.61141614]
 [-5.86443075  2.40895151 -4.14944048]]
