[[0.97744104 0.01836125 0.02027899 0.01563222]]
[[0.97955222 0.01865116 0.01893701 0.01659578]]
[[0.97707181 0.02249386 0.02321237 0.01791622]]
[[0.97729137 0.02055646 0.01869616 0.01566439]]
[[0.97680705 0.01692537 0.02037223 0.01311422]]
[[0.97628104 0.0233914  0.0228501  0.01830354]]
[[0.97621451 0.01958483 0.01678856 0.01415043]]
[[0.97710413 0.02250906 0.01687545 0.01383464]]
[[0.97610805 0.0177079  0.0139639  0.01201662]]
[[0.98060737 0.02131743 0.02131778 0.01931258]]
[[0.98082122 0.02343062 0.01868278 0.01684679]]
[[0.97637741 0.01810115 0.01656765 0.01283588]]
[[0.97942273 0.0223473  0.02075504 0.01747167]]
[[0.97832979 0.0222409  0.02269808 0.0162207 ]]
[[0.97826921 0.02121914 0.02346507 0.01828457]]
[[0.98051962 0.02107386 0.02187856 0.01716103]]
[[0.97949474 0.01874608 0.02185963 0.01574227]]
[[0.97675771 0.02058903 0.02328965 0.01639947]]
[[0.97601692 0.01803218 0.0164017  0.01459635]]
[[0.97856085 0.0201442  0.02027238 0.01691031]]
[[0.9764851  0.02335874 0.01815171 0.01406056]]
[[0.9769713  0.01642273 0.0208727  0.01348392]]
[[0.97606279 0.02100506 0.01769149 0.01445237]]
[[0.97609576 0.01715512 0.0171154  0.01217162]]
[[0.97925153 0.01960895 0.0201438  0.01564623]]
[[0.97605065 0.01962745 0.01739067 0.01201549]]
[[0.98003531 0.02149346 0.02237069 0.01657   ]]
[[0.97735139 0.02073755 0.02003167 0.01643544]]
[[0.97781193 0.02393463 0.02342639 0.01674075]]
[[0.97792532 0.01607542 0.01696342 0.01391426]]
[[0.9765745  0.02167363 0.01763817 0.01610247]]
[[0.97615863 0.02345971 0.02087595 0.01576921]]
[[0.97690647 0.02248987 0.01685858 0.01339353]]
[[0.97648446 0.01892984 0.0185306  0.01569889]]
[[0.97930931 0.02060766 0.02372506 0.01726862]]
[[0.97733653 0.02094749 0.01527248 0.01384763]]
[[0.97687414 0.02035655 0.02111166 0.0151163 ]]
[[0.98058378 0.02141884 0.02178814 0.01734371]]
[[0.97614509 0.02103652 0.01683159 0.0136816 ]]
[[0.97983744 0.01798629 0.02145227 0.01637197]]
[[0.97605778 0.01432233 0.01488838 0.01124132]]
[[0.9768271  0.01718283 0.01606329 0.01391826]]
[[0.97656382 0.02266242 0.0225138  0.01923549]]
[[0.97688402 0.02088551 0.02039239 0.01628083]]
[[0.97644562 0.01527313 0.02336593 0.01190436]]
[[0.97632907 0.0194467  0.01619213 0.01399718]]
[[0.97915128 0.020248   0.01683252 0.01544502]]
[[0.97857069 0.0195146  0.02200446 0.01728444]]
[[0.97714901 0.0229927  0.02261203 0.0194299 ]]
[[0.97862411 0.01785113 0.01736917 0.01430815]]
[[0.97910976 0.0222961  0.02129759 0.01949967]]
[[0.9768282  0.02146992 0.01968386 0.01711548]]
[[0.97831036 0.01744119 0.01683693 0.01352908]]
[[0.97833076 0.01857996 0.02039471 0.01629882]]
[[0.97811007 0.02160957 0.02117107 0.01385835]]
[[0.97727938 0.01948364 0.02120852 0.01311678]]
[[0.97754932 0.01496056 0.01492248 0.01320249]]
[[0.9774579  0.0226331  0.02138352 0.01788815]]
[[0.97625816 0.0237836  0.01688506 0.01519486]]
[[0.97697089 0.02089711 0.02123164 0.01795121]]
[[0.9785628  0.02279613 0.02056601 0.01686684]]
[[0.97667412 0.01566522 0.01647399 0.0143848 ]]
[[0.97646697 0.01857879 0.01871889 0.01600947]]
[[0.9793584  0.02283627 0.02245753 0.0154892 ]]
[[0.97803127 0.02177091 0.021932   0.01493401]]
[[0.97949183 0.02256029 0.01743311 0.01548976]]
[[0.97650054 0.01729311 0.02199002 0.0141217 ]]
[[0.978234   0.02193107 0.02284339 0.01684086]]
[[0.97865101 0.01836167 0.02396052 0.01564656]]
[[0.9769808  0.01740856 0.01780727 0.0156424 ]]
[[0.97665104 0.02373237 0.02043314 0.01805579]]
[[0.97708782 0.01945627 0.01312251 0.01171924]]
[[0.9761283  0.02036801 0.02180089 0.01868093]]
[[0.97679982 0.02235485 0.01815    0.01544078]]
[[0.97624013 0.01924659 0.01935702 0.01643973]]
[[0.97851929 0.01593234 0.01433701 0.01297745]]
[[0.97747626 0.01395219 0.01742153 0.01236218]]
[[0.97732767 0.01867986 0.01889376 0.01534709]]
[[0.97666833 0.01974068 0.01653948 0.01220191]]
[[0.97638741 0.02239146 0.01928619 0.01612069]]
[[0.9776995  0.02036138 0.01997259 0.01443033]]
[[0.97655404 0.01736591 0.0208904  0.01528996]]
[[0.98005535 0.02242905 0.02263636 0.01812173]]
[[0.97732688 0.02205689 0.02385485 0.01716871]]
[[0.97696329 0.0230887  0.02042143 0.01881234]]
[[0.97710774 0.01261748 0.01754307 0.0115114 ]]
[[0.97610991 0.02150053 0.02296986 0.02014662]]
[[0.97622794 0.01663961 0.01617771 0.01304997]]
[[0.97690295 0.0171993  0.01809638 0.01160564]]
[[0.97783484 0.02286529 0.01897166 0.01779772]]
[[0.97629189 0.02191743 0.02240728 0.01511234]]
[[0.9763137  0.01351199 0.01673816 0.01231179]]
[[0.97727723 0.01761714 0.01803177 0.01530543]]
[[0.979149   0.01618463 0.021846   0.01447388]]
[[0.97686149 0.01419916 0.01637924 0.0129811 ]]
[[0.97810014 0.01732132 0.01995347 0.01591564]]
[[0.97822473 0.02248562 0.02275121 0.01936222]]
[[0.97703189 0.02159414 0.01991515 0.01430846]]
[[0.97774439 0.01944604 0.02289865 0.01287181]]
[[0.97701794 0.01563175 0.020094   0.01275018]]
[[0.97647906 0.0193881  0.01324096 0.01229333]]
[[0.9764177  0.02386375 0.02374388 0.01949391]]
[[0.97737442 0.019113   0.02244252 0.01368072]]
[[0.97645918 0.02263488 0.01535842 0.01447307]]
[[0.97799373 0.02082237 0.01945513 0.01387931]]
[[0.97765237 0.01900489 0.02178588 0.01556208]]
[[0.97906842 0.02344882 0.02124085 0.01909983]]
[[0.97743936 0.01652625 0.01877204 0.01255081]]
[[0.97741572 0.02144192 0.02005428 0.01526043]]
[[0.97727049 0.02380732 0.02137114 0.02040978]]
[[0.98152197 0.02138114 0.02121757 0.01815026]]
[[0.97870081 0.01929473 0.01957481 0.01685476]]
[[0.97718684 0.0204679  0.01968371 0.01764095]]
[[0.97657152 0.02296319 0.02079988 0.0162146 ]]
[[0.97635453 0.02315048 0.02296274 0.01488537]]
[[0.97711506 0.01716528 0.01779533 0.01490811]]
[[0.97964516 0.02099917 0.02103961 0.0157982 ]]
[[0.97874761 0.01494301 0.01814488 0.01395718]]
[[0.97973443 0.02256189 0.0225268  0.01766311]]
[[0.97988052 0.0205094  0.02194929 0.01737718]]
[[0.97782571 0.02348297 0.02281492 0.01885078]]
[[0.97693255 0.01930727 0.0172259  0.01305505]]
[[0.97823941 0.01803405 0.01893243 0.0153884 ]]
[[0.97632861 0.01513622 0.02008878 0.01223695]]
[[0.97778057 0.01956309 0.02220865 0.01775431]]
[[0.97939149 0.02228577 0.02271959 0.01747661]]
[[0.97787225 0.01932545 0.01572389 0.01449832]]
[[0.97650462 0.01552518 0.02048962 0.01226243]]
[[0.97747846 0.02103334 0.02395353 0.01815637]]
[[0.97665745 0.0181321  0.01555468 0.01342843]]
[[0.97613758 0.01492106 0.01709803 0.01214377]]
[[0.97693176 0.02308116 0.02140686 0.01556381]]
[[0.97820116 0.01730165 0.02157824 0.01441836]]
[[0.97729815 0.01787419 0.02302958 0.01709111]]
[[0.98049711 0.01904179 0.01790994 0.01600099]]
[[0.97886252 0.02079424 0.01894341 0.01566967]]
[[0.97644953 0.01872829 0.01837272 0.01241568]]
[[0.98143526 0.02352724 0.0231974  0.01927087]]
[[0.97935001 0.01846989 0.02044023 0.01608208]]
[[0.97780055 0.02389463 0.02359804 0.02097501]]
[[0.97893519 0.01989586 0.02316652 0.01867088]]
[[0.97850638 0.02308416 0.02365318 0.01542032]]
[[0.97878961 0.02165611 0.02076578 0.01593409]]
[[0.97756332 0.02374163 0.01758173 0.01433434]]
[[0.97838869 0.01826507 0.02362629 0.01555516]]
