[[ 5.8877745   5.93982533 -4.25255191]]
[[-4.18684442  5.79526541  5.9915296 ]]
[[ 5.96511838  5.5814016  -4.10451365]]
[[ 5.78335213 -4.12356878  5.97734669]]
[[-4.1537271   5.74041893  5.87045268]]
[[-4.2068984   5.79077992  5.83419301]]
[[ 5.98721266  5.69274016 -4.24213848]]
[[-4.34012527  5.91025839  5.93577138]]
[[ 5.96808773 -4.29972573  5.93640081]]
[[ 5.796539    5.91611886 -4.26712276]]
[[-3.98083027  5.94019259  5.488548  ]]
[[ 5.86652814  5.84511237 -4.28587879]]
[[ 5.81713866 -3.9724703   5.76998642]]
[[ 5.85998928  5.88177699 -4.11999007]]
[[-3.96738875  5.97423026  5.68847845]]
[[ 5.95271102 -3.97323319  5.60058258]]
[[-4.08235559  5.86116323  5.73288463]]
[[-3.99326021  5.90590393  5.66405766]]
[[ 5.91957072 -4.15589685  5.80587207]]
[[ 5.7794475  -4.12135366  5.9508254 ]]
[[ 5.95887433  5.89992752 -4.35545557]]
[[ 5.94195722 -4.01516339  5.82736176]]
[[-4.02119355  5.8805653   5.7361082 ]]
[[ 5.97472682  5.66436961 -4.03412441]]
[[ 5.99723637 -4.11605473  5.80582132]]
[[-4.01692961  5.9874677   5.47408423]]
[[-4.16304659  5.91484902  5.85126786]]
[[-3.96933793  5.97032458  5.69259376]]
[[ 5.95877739  5.83681888 -4.21741945]]
[[-4.19725912  5.89095558  5.93457094]]
[[ 5.90085791  5.97834496 -4.45618041]]
[[-3.97318306  5.93957427  5.59605548]]
[[ 5.74361342 -4.00712772  5.86453313]]
[[-4.0251868   5.88940962  5.79443127]]
[[-4.24795603  5.92926787  5.92777726]]
[[ 5.70519246 -4.15854424  5.95178696]]
[[ 5.99273043  5.62964902 -3.87691188]]
[[ 5.908796   -4.01871416  5.54036178]]
[[-4.20699835  5.85411436  5.8338024 ]]
[[ 5.93011652  5.90331741 -4.31961353]]
[[ 5.93561629 -4.32149223  5.86418473]]
[[ 5.80527085  5.93996929 -4.22489358]]
[[-3.83585385  5.57344574  5.69025734]]
[[ 5.83875762 -4.0856011   5.90911265]]
[[ 5.97538025  5.60937509 -3.84865181]]
[[-4.15246151  5.97609906  5.97256731]]
[[-4.22040774  5.97792318  5.86727183]]
[[-4.04832455  5.95384535  5.56725187]]
[[ 5.87373077  5.95545098 -4.3851032 ]]
[[ 5.82858205  5.57070892 -3.94775719]]
[[ 5.88630303 -4.2601008   5.90930228]]
[[ 5.9231423   5.76170443 -4.06486987]]
[[-4.03667272  5.96386338  5.59672558]]
[[ 5.9974849   5.89588343 -4.34773631]]
[[ 5.86349726  5.89230747 -4.11786287]]
[[ 5.89230878 -4.03716002  5.59709224]]
[[ 5.93567847  5.97221524 -4.17290475]]
[[-4.12114698  5.75333339  5.79399745]]
[[-4.08393669  5.93349977  5.66019349]]
[[ 5.97633532 -4.44832921  5.9078425 ]]
[[ 5.88438567  5.97074843 -4.26834643]]
[[ 5.57738001 -3.94574459  5.9182101 ]]
[[ 5.94777471  5.8036537  -4.32765509]]
[[ 5.99552183  5.83066421 -3.95274572]]
[[ 5.69389015  5.9293936  -4.19389435]]
[[-4.02300278  5.75981935  5.87093847]]
[[ 5.94428288  5.77144343 -3.99619719]]
[[ 5.83976944 -4.03715448  5.61356141]]
[[-3.94264049  5.93727271  5.84748857]]
[[ 5.96036353 -4.44133547  5.95791322]]
[[ 5.92440533  5.9046291  -4.00531216]]
[[ 5.87834964 -4.06111321  5.87038011]]
[[ 5.98092319 -4.19773257  5.66607905]]
[[ 5.90582296 -4.15098297  5.87403976]]
[[ 5.96433997 -4.28464436  5.9575356 ]]
[[-3.99949142  5.96006019  5.88247262]]
[[-4.179254    5.73600896  5.88310355]]
[[ 5.72842416  5.9981457  -4.3117934 ]]
[[-4.14292906  5.69054157  5.97812889]]
[[ 5.81458146 -4.20240265  5.85854857]]
[[ 5.97168796  5.87386183 -4.3530459 ]]
[[ 5.67703408 -4.13795831  5.90758935]]
[[-4.17721735  5.91341617  5.91237655]]
[[ 5.94196405  5.96426625 -4.09128721]]
[[ 5.72953794 -4.23373088  5.98023261]]
[[ 5.88380775 -3.97456833  5.84057989]]
[[ 5.66970119  5.96238564 -4.15788968]]
[[ 5.77556337 -4.25918655  5.96178391]]
[[ 5.98016187  5.88870005 -4.35776336]]
[[ 5.90698472  5.67374927 -4.01955085]]
[[-4.35572732  5.93190254  5.98253201]]
[[ 5.67223585  5.99740732 -4.21017924]]
[[-4.15402471  5.99769649  5.65313448]]
[[ 5.92988642 -4.36172679  5.87144367]]
[[-4.00941017  5.77762295  5.9269962 ]]
[[-4.02282931  5.97024559  5.83937519]]
[[-4.11525601  5.98869606  5.61792665]]
[[ 5.77873097  5.91605759 -4.22479592]]
[[ 5.87659073  5.92807666 -4.08753582]]
[[ 5.80354979 -4.06857849  5.86261113]]
[[ 5.75663511  5.8735521  -4.12062506]]
[[-4.12987031  5.78703978  5.97512527]]
[[ 5.91271419  5.86944691 -4.35558776]]
[[-4.10834013  5.84853685  5.86818647]]
[[ 5.97453188 -4.3547561   5.99479601]]
[[-4.21813523  5.95164091  5.9686109 ]]
[[-4.33330039  5.9830088   5.9784885 ]]
[[ 5.85829892 -4.41281943  5.96629548]]
[[ 5.82537246 -4.00681683  5.93593445]]
[[-4.41007414  5.99604454  5.86293563]]
[[ 5.94587101 -4.37753417  5.99221877]]
[[ 5.96414933 -4.14321922  5.78752471]]
[[ 5.77704281  5.69246554 -4.05075137]]
[[-4.31022297  5.97097579  5.83963516]]
[[ 5.70259882  5.97207567 -4.19738157]]
[[-3.88947403  5.91921075  5.7572751 ]]
[[ 5.78436217  5.99394029 -4.33831446]]
[[ 5.76736094 -4.02115729  5.74987396]]
[[-4.36687016  5.93776437  5.84794415]]
[[-4.20607381  5.90919826  5.79010018]]
[[ 5.88068117 -4.26203895  5.93607888]]
[[ 5.70392205  5.85119811 -4.07073637]]
[[ 5.9572628   5.93068519 -4.30968168]]
[[-3.97380771  5.95657598  5.94700195]]
[[-4.09005352  5.66465046  5.91988066]]
[[ 5.46595264  5.87024984 -3.90607506]]
[[-4.09285957  5.88255204  5.69552432]]
[[ 5.88987355  5.93558081 -4.39410793]]
[[ 5.80063372  5.95982611 -4.32098114]]
[[ 5.80020791  5.99036817 -4.19654858]]
[[ 5.84925153 -3.91047233  5.58691626]]
[[ 5.90654288 -4.37542498  5.98806419]]
[[-3.84941745  5.85209688  5.41752861]]
[[ 5.9268028  -4.45244691  5.97154808]]
[[ 5.90455078 -4.09787703  5.97897141]]
[[-4.0258065   5.97324543  5.72489748]]
[[-3.99455813  5.95113648  5.83302019]]
[[ 5.87289701 -4.15931609  5.96451188]]
[[ 5.98617583 -4.03037131  5.75177638]]
[[-4.3668671   5.92595163  5.94451475]]
[[-4.20922251  5.88303526  5.90069612]]
