[[-2.64083149 -5.18924573  4.0711048 ]
 [-5.25373866 -5.3500359   4.19136636]]
[[ 5.93688298 -3.8115271  -5.45466959]
 [ 5.62726324 -5.58239771 -3.72088213]]
[[-5.14022381 -5.65629734  5.67502933]
 [-3.44429822 -4.773408    5.95103769]]
[[-4.30770103  3.87654201 -3.12327201]
 [-5.63060804  4.13086943 -4.7612004 ]]
[[ 4.42067893 -3.02446002 -5.22629603]
 [ 4.83144143 -4.2758563  -3.01074917]]
[[ 4.99393688 -4.51317061 -4.31632045]
 [ 4.10097805 -2.86975326 -4.34327556]]
[[-4.86717857 -5.26073078  2.51445333]
 [-3.66258495 -5.71134564  5.88405004]]
[[ 2.67943818 -4.67821884 -4.43442214]
 [ 2.68628323 -5.7239286  -3.9220767 ]]
[[-4.36833409  5.69237554 -4.74929933]
 [-4.66236104  3.21447605 -4.92698563]]
[[-3.05164375 -3.27083803  4.96904892]
 [-5.38092821 -2.75639726  5.59840516]]
[[ 3.28179352 -4.02706032 -5.33566375]
 [ 4.95398091 -4.75192859 -5.45567868]]
[[-3.17738236 -4.23558823  3.12760075]
 [-2.82377929 -5.26174311  4.9370624 ]]
[[-3.45752215  4.76802297 -5.53500975]
 [-4.72901737  4.44086104 -5.70600345]]
[[-4.72804472 -3.15468089  4.45484357]
 [-4.05718001 -5.77133948  5.80618748]]
[[ 4.16074265 -4.98238554 -3.71714122]
 [ 5.1059807  -4.49380097 -4.43600655]]
[[-5.8681068   3.00426133 -5.34350785]
 [-4.53059371  5.68133535 -3.83402072]]
[[ 3.54094621 -3.58679275 -4.90960439]
 [ 3.66327067 -5.77665543 -3.79999438]]
[[ 3.41889962 -5.00736967 -5.30062604]
 [ 5.66150571 -5.18165945 -4.87555897]]
[[-4.50296342  4.55472828 -3.74178095]
 [-5.34645537  5.65832582 -4.2547161 ]]
[[-3.22408083  5.20484757 -5.0395917 ]
 [-5.83413472  4.27329774 -3.73228598]]
[[-3.10868047 -4.03470457  5.8982307 ]
 [-3.04537515 -3.93253838  4.93990963]]
[[-3.60039719  5.79881896 -4.45187229]
 [-4.49953252  4.37692361 -3.96159129]]
[[ 3.71936187 -5.16150491 -3.76490137]
 [ 5.33749213 -3.06754961 -5.44027813]]
[[-5.40522497 -4.96323967  5.00117049]
 [-4.85042637 -4.17790335  3.06494019]]
[[-3.75174751  4.30411793 -3.82920935]
 [-3.89784588  5.30031914 -5.06203931]]
[[ 3.16785673 -5.84455124 -3.75697671]
 [ 4.70438985 -5.78985677 -5.97172775]]
[[ 4.243801   -4.73325657 -5.69515008]
 [ 3.68003012 -3.70962929 -5.46060535]]
[[ 2.92073106 -5.03551987 -5.87391324]
 [ 5.26080584 -4.78612944 -5.85549844]]
[[-3.55651775 -3.62419701  4.18918984]
 [-5.96916003 -3.21147787  3.07688725]]
[[ 5.46249278 -3.45693176 -4.34743259]
 [ 5.53653117 -3.68250117 -5.65708718]]
[[-3.57904849 -3.48717492  5.95758219]
 [-4.20516498 -5.09852114  2.08670426]]
[[ 3.05943616 -5.63457279 -5.929035  ]
 [ 4.35124868 -5.00330958 -4.58041319]]
[[-4.40712238  3.16120533 -4.63125382]
 [-5.94548471  5.60722761 -5.15980977]]
[[ 4.20710099 -3.32037633 -5.32993684]
 [ 4.34946768 -5.2018054  -4.42759495]]
[[ 2.27197609 -4.59449019 -4.42407912]
 [ 5.78258663 -4.39844295 -5.09476454]]
[[-3.12920858  4.95987693 -5.31800817]
 [-3.10101989  5.51579106 -4.0119181 ]]
[[-4.16237051 -5.21619162  4.49518994]
 [-4.69937912 -4.8935734   5.64138307]]
[[-4.87015721  3.63336405 -4.25300446]
 [-4.35419791  4.70551698 -5.31715557]]
[[ 4.81715412 -3.4081272  -3.5386276 ]
 [ 5.57666489 -2.76591675 -5.58072261]]
[[-5.42374312 -4.07192645  3.95795975]
 [-5.52975954 -2.62518332  5.47189291]]
[[-2.77902432  4.19217943 -4.92680271]
 [-5.87167576  4.47824339 -5.61237112]]
[[-4.00982982 -5.71144389  3.22039622]
 [-5.15735817 -2.77508391  3.98863673]]
[[ 5.37397483 -4.47196718 -4.74434976]
 [ 5.89567863 -4.74874207 -4.8668503 ]]
[[-5.52141806  5.16420655 -5.37604427]
 [-4.50771613  3.78397599 -4.96170225]]
[[-5.57074082 -5.27373362  5.11738966]
 [-5.89509082 -5.89222647  5.13624411]]
[[ 3.23101886 -3.21389914 -4.70391753]
 [ 4.70397255 -4.4026176  -4.00601508]]
[[ 4.02494373 -5.2395403  -4.80947911]
 [ 3.43681834 -5.87790007 -3.17804266]]
[[ 5.72303784 -5.80699025 -2.91657192]
 [ 5.68977563 -4.0832261  -4.72760837]]
[[-4.82440567 -4.75828485  4.18316716]
 [-4.2638749  -4.00615409  4.62128779]]
[[-5.86945738 -4.18194711  4.35252907]
 [-5.34455312 -5.4176683   3.83955629]]
[[-4.84560225  3.87983446 -5.19916246]
 [-5.04281311  5.22294821 -5.20417897]]
[[-4.97147093 -5.11767436  4.03155118]
 [-4.35951214 -5.4197057   3.58378132]]
[[ 4.4942744  -4.96284885 -4.3344035 ]
 [ 5.35818048 -5.64009488 -5.13866647]]
[[-5.34949652 -4.4722583   5.45634182]
 [-3.26946043 -5.91029328  5.30079553]]
[[-5.93549367 -5.79543483  3.17704601]
 [-4.13115836 -4.11720762  2.89386364]]
[[-5.18466993  5.48236028 -5.34185084]
 [-4.87029237  4.80309608 -5.54422863]]
[[-3.06287326 -3.78107209  5.17627182]
 [-5.22708862 -5.80464608  3.28085129]]
[[ 5.03835834 -2.9082432  -4.39694044]
 [ 2.84014529 -3.98480261 -5.41672093]]
[[ 3.41603389 -4.92695102 -5.12416214]
 [ 4.98536786 -4.88437534 -5.89728809]]
[[-2.76490502  4.21354342 -3.78715299]
 [-5.44660591  3.97147835 -3.95127078]]
[[-2.83901568 -5.47979491  4.69739515]
 [-3.88744471 -5.57523381  2.53406798]]
[[-4.74054267  4.16411403 -4.40415116]
 [-4.16002457  5.52377004 -5.1144379 ]]
[[-4.78951388 -3.18325012  2.77990801]
 [-2.88235681 -4.32607509  2.91869733]]
[[-5.47819372 -4.15467019  4.94667397]
 [-5.81520322 -5.65638758  5.78650602]]
[[-5.19114851 -4.14304873  4.1470342 ]
 [-5.49609988 -3.56514097  5.12581279]]
[[ 4.55780611 -5.60017142 -4.42763755]
 [ 5.72672239 -5.76056138 -4.04287333]]
[[-4.54559455 -4.74743734  5.72405825]
 [-3.65698923 -4.6384512   5.41955076]]
[[-5.77910054  5.24944927 -3.09602595]
 [-3.68701718  5.35241022 -5.60780541]]
[[ 3.97946656 -5.24490314 -4.67613034]
 [ 4.28394348 -5.9208041  -4.94928387]]
[[-2.54933412  3.28145703 -5.20029391]
 [-4.65701968  3.22847446 -5.44059317]]
[[-4.32209116 -5.80338178  5.66378834]
 [-5.08787201 -5.7348499   3.98136083]]
[[-3.70659902  5.52949705 -4.96589983]
 [-5.43043678  4.50475973 -5.96436353]]
[[-5.94615588  3.00717622 -5.59707474]
 [-4.94446325  5.96908058 -3.30905592]]
[[-4.43958865  3.46657959 -5.8904949 ]
 [-3.59775099  5.76564944 -4.52317277]]
[[-3.99015459  3.85287966 -3.70845834]
 [-5.12878681  2.94531212 -3.76205444]]
[[ 3.42750591 -5.17924639 -5.53790218]
 [ 3.44695688 -4.83649868 -4.15186661]]
[[ 2.97480488 -5.09992832 -4.56123946]
 [ 5.96483694 -3.1577134  -3.2424489 ]]
[[-4.22740382 -4.2417088   2.82636482]
 [-4.29814321 -4.10265333  4.32173328]]
[[ 4.80502059 -5.13700973 -3.33158415]
 [ 4.84446561 -5.59118281 -4.67782067]]
[[-4.92420163  5.92137884 -4.71306773]
 [-3.97034459  4.99297762 -3.21993339]]
[[-3.59642686 -4.85950676  5.48707383]
 [-2.73230439 -5.77242908  2.90257778]]
[[-5.94201737  4.53809308 -3.94502361]
 [-3.64702628  4.93485172 -3.64633631]]
[[ 2.53981963 -4.78111961 -5.24325615]
 [ 5.81631229 -2.68261256 -5.13141916]]
[[-4.38006727 -4.5935099   3.48468423]
 [-5.50738525 -3.75912011  4.88873947]]
[[-4.71402117  5.61177629 -5.33188436]
 [-4.21918828  4.65502149 -5.57183043]]
[[-3.38253364  5.94575628 -5.49665094]
 [-3.7663614   4.90086414 -4.36051826]]
[[-4.29530488 -5.7737675   2.55352432]
 [-5.11837777 -4.17495325  4.99782391]]
[[-4.69380276  3.50966976 -5.67590948]
 [-3.86065918  3.4909656  -2.97548952]]
[[-5.68950637 -4.15861503  3.41042023]
 [-3.69332565 -5.80997765  2.49500833]]
[[-5.87145462 -5.69738977  5.81041032]
 [-4.36593084 -3.90928669  4.13965228]]
[[ 4.67655542 -5.48433593 -5.00660296]
 [ 3.94087038 -5.63629911 -3.62056612]]
[[-4.65734061 -4.85801413  5.7901353 ]
 [-5.16456656 -3.22030347  2.92446615]]
[[ 3.95974708 -3.82465351 -4.31405167]
 [ 2.89235713 -3.67858425 -5.60430279]]
[[-5.15939186  5.98470894 -2.96318899]
 [-3.79502623  4.53412561 -5.92725135]]
[[ 4.38815527 -4.75005128 -4.33026686]
 [ 5.18333659 -5.43510972 -5.23237507]]
[[ 3.75152384 -4.65943974 -3.98694449]
 [ 5.10587951 -4.44876701 -4.6166233 ]]
[[ 5.16678503 -5.35832293 -2.98304004]
 [ 5.68028694 -4.82643065 -5.58448265]]
[[-3.23366808 -4.30685237  3.31836479]
 [-5.98223509 -4.57775452  3.83630472]]
[[-4.92334409 -5.78524253  3.01293555]
 [-5.51617273 -4.50496999  5.30590088]]
[[-4.1891377   5.44373672 -3.21478857]
 [-3.2047051   5.37730495 -5.12497756]]
[[-5.78254495 -3.73014521  2.92575312]
 [-5.84274269 -5.34081461  5.37704371]]
[[ 5.81447303 -5.72954174 -3.96895345]
 [ 5.07508387 -4.82899466 -3.62466594]]
[[-3.49358398 -4.93691624  2.21447101]
 [-4.20733322 -4.04221144  4.23784481]]
[[ 2.9017022  -5.88019064 -5.69025901]
 [ 5.93585862 -5.47077984 -3.33585938]]
[[-4.91150471  4.98224873 -4.01925057]
 [-4.98210115  2.63789981 -5.22082278]]
[[ 5.12517599 -5.23434492 -4.48677546]
 [ 5.53562019 -2.47603548 -5.37436703]]
[[ 2.56375679 -4.71504962 -5.62979198]
 [ 3.46271039 -5.95514894 -2.93340633]]
[[-2.79940444  2.52208775 -5.37604049]
 [-5.26368804  4.05982749 -4.35407619]]
[[-4.79660966  4.01231372 -4.48822148]
 [-4.21763463  3.13695505 -4.88253384]]
[[ 4.94468437 -4.14996642 -2.69394872]
 [ 4.20860481 -4.71381127 -4.49418267]]
[[-2.58042292  5.85155124 -5.3708179 ]
 [-3.89480443  4.61641677 -5.53029077]]
[[-4.79672718  4.2644909  -4.45254023]
 [-3.67467192  4.65469176 -3.36361419]]
[[-5.17099946 -3.34281937  3.68875719]
 [-3.4379883  -4.51989494  5.57454797]]
[[ 4.68686182 -4.24532188 -4.59707405]
 [ 5.36029921 -4.06402372 -3.79314634]]
[[-3.17647735 -5.9392952   4.85228057]
 [-5.63323322 -4.19506757  4.04113137]]
[[ 4.3721178  -5.13981309 -5.21947991]
 [ 5.10732745 -4.88662155 -4.9181935 ]]
[[-5.65581677 -3.1826249   3.50228095]
 [-2.90981574 -4.97287633  5.38450456]]
[[-5.93116262  5.72643577 -5.34958865]
 [-5.38964357  4.19852538 -3.3828966 ]]
[[ 5.47591294 -5.21168125 -4.29896641]
 [ 3.59829907 -3.44717579 -5.86068886]]
[[ 4.41117054 -4.64899148 -5.57449567]
 [ 5.47755459 -2.64810475 -5.87640172]]
[[-2.82836861  5.5132825  -3.96347688]
 [-4.0048033   2.47052899 -4.79018286]]
[[-4.71189745 -3.96733279  4.14628709]
 [-4.04704907 -5.19623124  4.15410279]]
[[-4.25369177 -5.62917803  4.65349973]
 [-4.73478625 -4.78727711  4.69129711]]
[[ 5.40878081 -5.69218026 -5.48016902]
 [ 5.82859333 -3.43408183 -5.17007077]]
[[ 4.81352696 -5.87434428 -3.77074786]
 [ 5.75643451 -4.97011282 -5.33373206]]
[[-5.81920092 -4.86960926  5.56253542]
 [-5.89954225 -4.80773723  5.58885545]]
[[ 4.50492217 -3.2595941  -4.79354586]
 [ 3.12554201 -3.99440527 -4.87937068]]
[[-3.392292   -5.95727665  5.70081429]
 [-2.90020999 -4.0163386   5.28231596]]
[[-3.83281134 -5.32413377  5.44046964]
 [-3.25002587 -4.50146738  2.70067405]]
[[-3.77545302 -5.14683905  3.11990136]
 [-3.74575101 -5.77548281  5.77510138]]
[[-5.67257668  4.88827276 -4.28025048]
 [-5.27574345  5.21921074 -4.75885715]]
[[-5.44212398  4.38322282 -5.26112569]
 [-4.44043682  4.43693052 -3.64782955]]
[[ 4.44256012 -5.69085684 -4.32013724]
 [ 4.50846806 -5.59170795 -4.2857127 ]]
[[-4.65290179  4.05130794 -5.41514459]
 [-4.32433222  2.23919245 -5.37596562]]
[[-4.82597692  4.16774995 -5.12065148]
 [-4.94738407  5.18410053 -4.96869379]]
[[ 3.12260214 -4.90631886 -4.04661408]
 [ 4.36721882 -3.75591073 -4.50505681]]
[[ 4.57283135 -5.37506136 -4.65510406]
 [ 4.79316076 -3.98795254 -4.84952357]]
[[-5.06059435  4.84516396 -5.98133614]
 [-4.33898656  4.72635949 -3.90873284]]
[[-4.49557812  5.19696033 -5.90281409]
 [-4.15123601  4.10298194 -5.40309327]]
[[ 4.83641559 -5.49122112 -2.69484266]
 [ 4.81818491 -3.47077397 -4.78194207]]
[[ 2.899386   -3.31191321 -4.7290662 ]
 [ 4.6172605  -2.65946504 -4.50103962]]
