[[ 5.78515855  5.89694104 -4.14448822]]
[[ 5.84566692  5.97569753 -4.0829222 ]]
[[-4.00793994  5.84018824  5.67213753]]
[[ 5.7415363  -4.14573304  5.9282764 ]]
[[-4.32679426  5.98397101  5.8237049 ]]
[[-3.98424159  5.54698777  5.87220549]]
[[ 5.95946095 -4.24783244  5.71758516]]
[[ 5.79295844  5.98824958 -4.27393459]]
[[ 5.92392967  5.91018144 -4.4140473 ]]
[[-3.92830194  5.80119043  5.97366986]]
[[ 5.97604494  5.9618016  -4.06867503]]
[[-4.34736554  5.97594681  5.81471039]]
[[ 5.85723674  5.89974329 -4.03142707]]
[[ 5.93471303 -4.11828075  5.80338425]]
[[-3.98535533  5.71213407  5.88733029]]
[[-4.05033661  5.9202357   5.96745079]]
[[ 5.89865001  5.97497478 -4.14091354]]
[[ 5.92726924 -4.09655732  5.64581871]]
[[-4.21388267  5.75848516  5.86765982]]
[[ 5.79852324 -4.06515699  5.90836221]]
[[-4.25384039  5.8141544   5.89233643]]
[[ 5.85814446  5.93772188 -4.30043457]]
[[-4.22748022  5.85427827  5.78938712]]
[[ 5.85532366 -4.4073029   5.97098853]]
[[-4.14418326  5.91851646  5.93429899]]
[[-4.42307042  5.90469993  5.93351721]]
[[ 5.88888052 -4.0853584   5.98372452]]
[[ 5.89097509  5.73401584 -4.0954957 ]]
[[ 5.74097545  5.90811442 -4.07756436]]
[[ 5.90985161 -4.26194456  5.93409739]]
[[ 5.81799535 -4.11458989  5.75704648]]
[[-4.14358241  5.9707091   5.59727909]]
[[-4.30913973  5.81365478  5.98516188]]
[[-4.14080379  5.61694001  5.97645857]]
[[-4.04484316  5.98741279  5.77175784]]
[[-4.26865819  5.92360333  5.87320782]]
[[-4.1849303   5.87290249  5.79884018]]
[[ 5.99482908 -4.03910611  5.88835582]]
[[ 5.84310454 -4.28781967  5.86795732]]
[[-4.09814836  5.99499621  5.87027101]]
[[ 5.89711589  5.99708876 -4.47844817]]
[[ 5.90970852  5.83629849 -4.26335474]]
[[ 5.69721841  5.69554844 -3.93324876]]
[[ 5.99323713  5.60032861 -4.10587835]]
[[ 5.95231602  5.92674517 -4.42984628]]
[[ 5.7804208  -4.25848659  5.91716965]]
[[ 5.98743366  5.86816729 -4.15681408]]
[[ 5.83114808 -4.04247516  5.85399376]]
[[-3.92287237  5.97406482  5.46009707]]
[[-4.23735214  5.89804257  5.98707722]]
[[ 5.80174395 -3.91829399  5.81127347]]
[[ 5.56823916 -4.05298812  5.96749847]]
[[-4.29118914  5.99364494  5.91552872]]
[[ 5.87255963 -4.10150821  5.84885671]]
[[ 5.8723988  -4.27017151  5.9969637 ]]
[[ 5.95616299 -4.33490384  5.90174039]]
[[ 5.86706907  5.99553671 -4.3151505 ]]
[[ 5.85031721 -4.00712835  5.69595206]]
[[ 5.73042923  5.87757786 -4.1750308 ]]
[[ 5.82812387 -4.00353529  5.67080706]]
[[-4.06795437  5.83489356  5.87497515]]
[[-4.22768569  5.9127915   5.78407313]]
[[ 5.6828353   5.88810345 -4.11986657]]
[[ 5.99116949 -4.15931852  5.88732786]]
[[ 5.8756436   5.92843179 -4.21223262]]
[[ 5.9514869   5.93781335 -4.15687875]]
[[ 5.7081595   5.99876881 -4.25293286]]
[[ 5.95113814 -4.06944975  5.7291112 ]]
[[-4.14575637  5.93235523  5.86374222]]
[[ 5.76956932 -4.14272893  5.86943662]]
[[ 5.53851893  5.92729267 -3.99865738]]
[[ 5.97056289 -4.43972782  5.97498112]]
[[-3.96260852  5.9486841   5.43572552]]
[[ 5.76237559  5.87630214 -4.15843439]]
[[-4.09416866  5.89828758  5.62730214]]
[[-4.33279249  5.97669287  5.99387038]]
[[-4.38427204  5.99858004  5.92650005]]
[[ 5.69104406  5.99988182 -4.16357276]]
[[ 5.97218281 -4.40247518  5.89896333]]
[[-4.11647903  5.82141651  5.73922107]]
[[ 5.80896157  5.98687303 -4.2346482 ]]
[[ 5.71156774  5.91582181 -4.16872548]]
[[ 5.78760562  5.99746583 -3.99577537]]
[[ 5.57825394 -4.04938418  5.99841199]]
[[ 5.46650723  5.98340788 -3.95519533]]
[[ 5.99072939 -4.4555921   5.97245854]]
[[ 5.43410232  5.87118654 -3.88506628]]
[[ 5.83570219  5.92233079 -4.32766236]]
[[-4.448631    5.96227794  5.97571757]]
[[ 5.79988419 -4.0122642   5.78601784]]
[[-4.19462326  5.7079098   5.92260202]]
[[-4.38645438  5.83091269  5.99331585]]
[[ 5.7572708  -4.16567968  5.93121454]]
[[ 5.98685229  5.93545177 -4.22374065]]
[[ 5.87471598 -4.33328906  5.94426589]]
[[ 5.94302174  5.78133349 -4.1260913 ]]
[[ 5.90463059  5.63223031 -3.92693195]]
[[-4.24118652  5.81252842  5.92948294]]
[[ 5.92905924  5.99862361 -4.36237476]]
[[-4.35796778  5.86298809  5.99456187]]
[[ 5.87653113  5.9645329  -4.38893977]]
[[ 5.39495761 -3.91930379  5.97113392]]
[[ 5.83854468 -4.29961335  5.99264611]]
[[ 5.85864191 -4.22239485  5.81414685]]
[[ 5.99463789 -4.27047744  5.86419154]]
[[ 5.97452216  5.7378906  -4.15554519]]
[[-3.94121502  5.83094615  5.80095426]]
[[-4.37364213  5.99879758  5.91230326]]
[[-4.17415312  5.79439638  5.91507259]]
[[-3.87166108  5.44532554  5.94853467]]
[[-3.99332639  5.96166628  5.97670423]]
[[ 5.8833977  -4.06775233  5.83946818]]
[[ 5.8400586   5.69572955 -4.02110753]]
[[ 5.62665676  5.94341755 -4.10988335]]
[[ 5.80969862  5.83001858 -4.19840917]]
[[ 5.78438618  5.91588628 -4.19202175]]
[[ 5.90787283  5.97636039 -4.13648971]]
[[ 5.96060849 -4.25900698  5.95800744]]
[[-4.02396741  5.85880175  5.92188182]]
[[ 5.92636316 -4.03774418  5.88286538]]
[[ 5.56502608 -3.95725505  5.96502476]]
[[ 5.90891379  5.91505401 -4.33197784]]
[[ 5.95222181  5.82060681 -4.16152114]]
[[ 5.9785718   5.86042741 -4.39993545]]
[[-4.01507102  5.70354002  5.88016722]]
[[ 5.91835671  5.83678256 -4.03268419]]
[[-4.22163119  5.8555849   5.94313947]]
[[-4.39806264  5.91310309  5.93931113]]
[[-3.99369205  5.87538239  5.65931737]]
[[ 5.78319655  5.98326539 -4.29874582]]
[[ 5.85140471  5.97720211 -4.40600952]]
[[ 5.81764923 -4.15664165  5.83091243]]
[[-4.22850438  5.91451462  5.92170659]]
[[-4.05293272  5.82384003  5.7537832 ]]
[[-4.11972605  5.99866711  5.95605266]]
[[ 5.90850561 -4.14420941  5.90639085]]
[[-4.38609645  5.93849837  5.89715298]]
[[ 5.91748399  5.94924818 -3.93122857]]
[[-4.11687486  5.89464391  5.94057911]]
[[ 5.53864703 -3.84457346  5.8764026 ]]
[[ 5.95665631 -3.96273127  5.6837981 ]]
[[-4.17059294  5.82112779  5.98600723]]
[[ 5.9731967   5.83110143 -4.14064658]]
[[ 5.80640077  5.97984662 -4.23751507]]
[[-4.15455536  5.80999027  5.96994512]]
