[[0.97778293 0.02192822 0.01937476 0.01409968]]
[[0.97893419 0.02259387 0.02054414 0.01698319]]
[[0.97625131 0.02133661 0.02023963 0.0151505 ]]
[[0.97721883 0.01706599 0.01676137 0.0149849 ]]
[[0.97681013 0.02020894 0.01977383 0.01797832]]
[[0.97632364 0.0147524  0.01362574 0.01241235]]
[[0.97727172 0.02263511 0.02079235 0.01686563]]
[[0.97608531 0.01776032 0.0156816  0.01404819]]
[[0.97679049 0.01410451 0.01882651 0.01233271]]
[[0.97867172 0.0204485  0.01987642 0.01783803]]
[[0.97603322 0.02159905 0.01858377 0.01163369]]
[[0.976282   0.01496895 0.02349177 0.01366032]]
[[0.97775716 0.0178541  0.01556983 0.01369571]]
[[0.97636514 0.02131882 0.01650816 0.01458447]]
[[0.97625081 0.02243639 0.02237316 0.01826852]]
[[0.97618882 0.02046964 0.02092602 0.0132232 ]]
[[0.97649854 0.02030459 0.02122599 0.01701669]]
[[0.97957835 0.02194348 0.01963219 0.01806262]]
[[0.97864466 0.01789583 0.02084524 0.01304488]]
[[0.97818399 0.01464902 0.02036028 0.01353598]]
[[0.97930106 0.02265132 0.02296923 0.02008173]]
[[0.97782556 0.01419326 0.02291492 0.0130038 ]]
[[0.97668742 0.01710147 0.02020789 0.01370747]]
[[0.97662984 0.02115155 0.01924858 0.01607114]]
[[0.97704051 0.01507175 0.0159143  0.01281079]]
[[0.97718692 0.02084766 0.01997132 0.01473484]]
[[0.97864987 0.01571483 0.02280001 0.01439184]]
[[0.97804771 0.02170704 0.02247253 0.01657607]]
[[0.97654421 0.02297293 0.0158043  0.01155444]]
[[0.97678462 0.01861188 0.02329146 0.01707096]]
[[0.97706451 0.01698123 0.02001923 0.01409799]]
[[0.97652501 0.02035111 0.0129122  0.0118846 ]]
[[0.97643844 0.02016387 0.02262035 0.01784654]]
[[0.97713169 0.02172381 0.01707806 0.0160512 ]]
[[0.97881678 0.0218143  0.02314907 0.01963916]]
[[0.97614522 0.01846591 0.01727638 0.01385789]]
[[0.97642711 0.02306325 0.01610167 0.01264109]]
[[0.977819   0.01714279 0.02225685 0.01549379]]
[[0.97871359 0.01812953 0.01692588 0.01509192]]
[[0.97664487 0.01972097 0.01850101 0.0161263 ]]
[[0.98061289 0.0218948  0.01886174 0.0170697 ]]
[[0.977789   0.01620828 0.0151691  0.01226694]]
[[0.97711622 0.02032975 0.01518968 0.01392111]]
[[0.97656201 0.01704962 0.01981035 0.01490744]]
[[0.97962921 0.01752509 0.01855915 0.01587855]]
[[0.97696727 0.01932851 0.02206178 0.0167393 ]]
[[0.98027033 0.01795734 0.02386013 0.01643442]]
[[0.97600176 0.01850194 0.02354076 0.016831  ]]
[[0.97824278 0.02159338 0.02216071 0.01877462]]
[[0.97606393 0.01664942 0.01438337 0.01257493]]
[[0.97842145 0.02207287 0.0212982  0.01394402]]
[[0.97612955 0.01634426 0.02145187 0.0136026 ]]
[[0.9788063  0.01737629 0.01712949 0.01443324]]
[[0.97679289 0.01951412 0.02204866 0.0142321 ]]
[[0.9766857  0.01267853 0.0163733  0.01138232]]
[[0.97694227 0.02293006 0.02062619 0.01786379]]
[[0.97861292 0.02157226 0.01915506 0.01459998]]
[[0.97624625 0.01775115 0.02086425 0.01353428]]
[[0.9761141  0.02318392 0.021152   0.01982865]]
[[0.97988936 0.02287433 0.01575318 0.01462076]]
[[0.97717456 0.01892901 0.01705569 0.01237358]]
[[0.97619555 0.01572546 0.01842308 0.0126291 ]]
[[0.97601485 0.01706351 0.01977142 0.01584699]]
[[0.97788078 0.02005966 0.0231236  0.01478876]]
[[0.97746841 0.02131131 0.02004226 0.01863899]]
[[0.97974578 0.02376771 0.02221297 0.01812703]]
[[0.97863653 0.02118232 0.02273328 0.01764558]]
[[0.97729268 0.02218045 0.01984887 0.01789016]]
[[0.97813182 0.02275204 0.01814021 0.01657206]]
[[0.97876556 0.02234238 0.02254994 0.01592127]]
[[0.97653554 0.01776154 0.01929778 0.01473124]]
[[0.97672973 0.01656215 0.01730702 0.01200028]]
[[0.98034554 0.0216709  0.0230464  0.01969071]]
[[0.97818213 0.02356375 0.0150104  0.01311798]]
[[0.97885038 0.02396268 0.02378033 0.01666801]]
[[0.97699299 0.02325234 0.02018786 0.01810407]]
[[0.97797612 0.01624527 0.02067311 0.01404103]]
[[0.97722243 0.02279295 0.02254625 0.01513274]]
[[0.97730607 0.02148201 0.02034118 0.0161886 ]]
[[0.97846885 0.02270002 0.02253608 0.01964748]]
[[0.9765183  0.02074166 0.01810987 0.01535536]]
[[0.97917427 0.02193768 0.01866735 0.01492688]]
[[0.97602629 0.01636044 0.01515102 0.01280195]]
[[0.9796988  0.02399424 0.02273381 0.01973409]]
[[0.97606235 0.01936498 0.02117036 0.01189839]]
[[0.97748304 0.0187647  0.01539145 0.01332184]]
[[0.97688591 0.02209901 0.02003893 0.01603537]]
[[0.97861351 0.01951671 0.02279477 0.01814151]]
[[0.97627553 0.01338225 0.0147897  0.01141349]]
[[0.97612772 0.01946627 0.01892687 0.01406379]]
[[0.97927251 0.02231524 0.02326381 0.0196647 ]]
[[0.97666315 0.02136254 0.02383986 0.02038447]]
[[0.97706727 0.02289652 0.01711301 0.01311431]]
[[0.97673911 0.01961726 0.02039855 0.0168179 ]]
[[0.97907569 0.01808443 0.02201942 0.01690158]]
[[0.97643001 0.01945853 0.01960045 0.01371474]]
[[0.97877622 0.01867258 0.02020601 0.01522379]]
[[0.97693684 0.02076795 0.02180637 0.01827954]]
[[0.97641094 0.02302226 0.02005847 0.01266957]]
[[0.97784779 0.02147889 0.01963881 0.01465771]]
[[0.97939742 0.01587066 0.01920772 0.01435617]]
[[0.98096796 0.02294308 0.02137441 0.01689304]]
[[0.97828675 0.02389514 0.02136824 0.01928571]]
[[0.97747024 0.02017495 0.02240286 0.0156524 ]]
[[0.97853047 0.02054236 0.02254475 0.01517791]]
[[0.97763691 0.01981747 0.01839796 0.01364188]]
[[0.97825469 0.02217369 0.02197203 0.0176952 ]]
[[0.97667394 0.01974846 0.02194784 0.01493256]]
[[0.97763596 0.01858148 0.01802481 0.01191756]]
[[0.97602844 0.02203023 0.01514036 0.01233186]]
[[0.97607766 0.01794689 0.0190037  0.01348528]]
[[0.97635235 0.02331442 0.01696779 0.01460019]]
[[0.97611426 0.01505376 0.01747426 0.01187001]]
[[0.97900205 0.02132266 0.02072244 0.01756006]]
[[0.97677225 0.02177842 0.01918483 0.01678977]]
[[0.97644789 0.02145696 0.02279706 0.01656073]]
[[0.97697044 0.01842957 0.02000455 0.01322137]]
[[0.97653377 0.02179613 0.0212865  0.01729131]]
[[0.97749726 0.01789501 0.01883004 0.01631137]]
[[0.97874513 0.01891346 0.01560427 0.01455794]]
[[0.97657327 0.01626684 0.01298942 0.01188297]]
[[0.97670473 0.01697149 0.02369815 0.01456519]]
[[0.97831065 0.02308489 0.02370021 0.01745308]]
[[0.97889485 0.01936156 0.01706682 0.01616319]]
[[0.97666161 0.01886881 0.01813272 0.01590907]]
[[0.97655282 0.01908668 0.01962417 0.01804925]]
[[0.97782234 0.02119106 0.02135703 0.01738917]]
[[0.97638139 0.0190413  0.02334945 0.01749059]]
[[0.97633577 0.01909029 0.01902735 0.01408297]]
[[0.97618142 0.02341031 0.01883904 0.01396417]]
[[0.97644486 0.0163383  0.02005356 0.01348258]]
[[0.9778082  0.0232424  0.02249175 0.01895664]]
[[0.97740885 0.01824093 0.01790981 0.01474886]]
[[0.97605978 0.02137236 0.01536492 0.01115572]]
[[0.97789071 0.01855421 0.02249238 0.01735324]]
