[[ 5.94092717 -4.2524162   5.88034249]]
[[-4.06074498  5.8221632   5.91620769]]
[[-4.18666411  5.86020624  5.75884357]]
[[ 5.82819719 -4.18638829  5.87574329]]
[[ 5.50817252  5.97426043 -4.00127951]]
[[ 5.84077663 -4.37794133  5.97579885]]
[[-4.07016573  5.75766465  5.83481089]]
[[ 5.95663359  5.71445306 -4.25297258]]
[[ 5.92716191  5.93959254 -4.38733456]]
[[ 5.84258539  5.81933497 -4.00959546]]
[[ 5.90494926 -4.46414471  5.97285136]]
[[ 5.87190283  5.84776545 -4.28463397]]
[[ 5.99210148  5.85424578 -4.27986483]]
[[-4.21953296  5.89280754  5.76895287]]
[[ 5.83487733  5.58337853 -3.98591404]]
[[-4.32440021  5.79653574  5.95486578]]
[[ 5.86329641 -4.05791944  5.64844449]]
[[ 5.77888885  5.9589422  -3.99677788]]
[[ 5.98639205  5.99557688 -4.33223583]]
[[-4.29049493  5.97055863  5.9260437 ]]
[[ 5.77139684  5.83101671 -3.8889004 ]]
[[ 5.9747304   5.93046755 -4.33241605]]
[[ 5.87077371  5.88025376 -4.28068044]]
[[ 5.68051393 -4.11816702  5.90294828]]
[[-4.34767738  5.89985561  5.94941555]]
[[-4.21259841  5.75583255  5.97145328]]
[[-4.22876809  5.87997387  5.99902628]]
[[ 5.77001883 -4.09048983  5.91384526]]
[[ 5.93396278  5.9915604  -4.46771789]]
[[-4.0554781   5.94565286  5.58872748]]
[[ 5.87628765 -4.25372327  5.88117027]]
[[ 5.96046017 -4.42488649  5.92055598]]
[[ 5.7001151  -4.00924226  5.75771783]]
[[ 5.75393688 -4.11687386  5.87267539]]
[[ 5.61359963  5.96432325 -3.9116525 ]]
[[ 5.76958652 -4.27158862  5.9252556 ]]
[[ 5.99597104 -4.36900856  5.820643  ]]
[[ 5.9638713  -4.15493825  5.76324365]]
[[ 5.96989867  5.86560329 -4.1791615 ]]
[[ 5.63537349 -4.1135481   5.94478729]]
[[ 5.9270459  -4.05418648  5.9742797 ]]
[[ 5.98528594 -4.3923287   5.9764552 ]]
[[ 5.95188712 -4.26240454  5.81887196]]
[[-4.19437536  5.83089855  5.8228371 ]]
[[ 5.96332102 -4.12764577  5.91046949]]
[[ 5.76519875  5.80743663 -4.07756142]]
[[-4.09440093  5.95371046  5.95209987]]
[[ 5.86524769  5.61455748 -4.06883703]]
[[-3.95810101  5.59975274  5.96997318]]
[[ 5.84328274  5.93848259 -4.36548232]]
[[ 5.91299854 -4.27694978  5.99243319]]
[[ 5.9869298   5.72152894 -4.28655088]]
[[ 5.97176724  5.91831221 -4.2248199 ]]
[[ 5.95801579 -4.24983823  5.77145476]]
[[-4.46621764  5.95691979  5.97949363]]
[[ 5.68611983 -4.00898659  5.81572008]]
[[ 5.88912055  5.97567447 -4.21809687]]
[[ 5.99649541 -4.29728108  5.73273417]]
[[ 5.65138442 -3.90159497  5.67079318]]
[[-4.21292908  5.98693682  5.99837364]]
[[ 5.93585458 -4.38562316  5.96334772]]
[[-4.36339561  5.87901676  5.91195984]]
[[ 5.84516031 -4.12991324  5.6968385 ]]
[[ 5.87223194 -4.22318184  5.92883164]]
[[ 5.63416229  5.8702842  -3.96435149]]
[[ 5.91320493 -3.99608766  5.84074254]]
[[ 5.8649393  -4.02243855  5.80645518]]
[[ 5.75705979  5.77399594 -4.00685812]]
[[ 5.81305383  5.87352361 -4.0853536 ]]
[[ 5.87382541  5.91537872 -4.12786832]]
[[-4.2105237   5.81436481  5.85320699]]
[[-4.42049191  5.92845756  5.96610099]]
[[-3.90982255  5.95197376  5.77705066]]
[[ 5.98919617  5.94744154 -4.33070502]]
[[ 5.80846302  5.95025833 -4.08920807]]
[[ 5.87099442 -3.99482658  5.62119332]]
[[ 5.89147569  5.95120399 -4.25596363]]
[[ 5.79261927 -4.18260203  5.90785908]]
[[-4.11029912  5.94172666  5.69397732]]
[[-3.91097937  5.83976642  5.70418963]]
[[ 5.67165996  5.94699941 -4.16311536]]
[[ 5.94683422  5.94902045 -4.19481416]]
[[-4.3480364   5.90522429  5.85587532]]
[[ 5.79580372  5.86577492 -3.90844805]]
[[ 5.88768351 -4.44277095  5.97123493]]
[[ 5.95636024  5.89184275 -4.30677838]]
[[-4.12267589  5.80350285  5.80702797]]
[[-3.99224299  5.65642592  5.98257225]]
[[-4.46352994  5.96231045  5.93569558]]
[[-4.25262156  5.85766785  5.81670459]]
[[ 5.68536667  5.93512025 -3.90978834]]
[[-3.87285789  5.48089143  5.86018283]]
[[ 5.85372082  5.97828191 -4.32802171]]
[[ 5.82801508 -4.06946091  5.716338  ]]
[[ 5.87411739  5.88178944 -4.06451187]]
[[-4.29548395  5.74867923  5.99466222]]
[[ 5.85972364  5.97553003 -4.1728925 ]]
[[ 5.95540351  5.52300925 -3.98604161]]
[[ 5.97957554 -4.36995839  5.8365837 ]]
[[ 5.82629766 -4.2151301   5.96366627]]
[[ 5.96914456  5.98415867 -4.23026038]]
[[ 5.9765095  -4.06896998  5.97729264]]
[[-3.93080505  5.55476973  5.99179558]]
[[-4.14670915  5.95060958  5.73636075]]
[[ 5.91488492 -4.18089731  5.90484678]]
[[ 5.96947808  5.87405821 -4.28808348]]
[[ 5.83422067 -4.02017451  5.79869759]]
[[ 5.7438077  -4.20190774  5.92726305]]
[[-4.42929352  5.99942945  5.98523013]]
[[-4.3924001   5.81486187  5.99078534]]
[[ 5.89453226  5.82021978 -4.29729342]]
[[-4.21812967  5.86094993  5.79829902]]
[[ 5.88812864 -4.43370972  5.96617754]]
[[-4.02606701  5.94751135  5.76277303]]
[[ 5.86595898 -4.0731302   5.68498329]]
[[ 5.97594798  5.56032234 -4.08685803]]
[[-4.31702443  5.91381821  5.8985617 ]]
[[ 5.71089989  5.78790766 -4.0419136 ]]
[[ 5.96893661 -4.10066892  5.67444876]]
[[ 5.99423182 -4.21607324  5.88121229]]
[[ 5.97148208 -4.42275478  5.91161699]]
[[ 5.7230824  -4.21852158  5.96730731]]
[[ 5.68729942  5.97828815 -4.04757578]]
[[-4.10929728  5.95691147  5.82619975]]
[[ 5.94890407  5.64487343 -4.12569666]]
[[-3.99676657  5.83743299  5.61789111]]
[[ 5.99907983 -4.03747204  5.61087714]]
[[ 5.80605364 -4.03058335  5.66816595]]
[[ 5.70376447  5.99756296 -4.26164342]]
[[ 5.89927496  5.79556709 -4.26847686]]
[[ 5.75426271 -4.29677455  5.99165995]]
[[ 5.68288726 -3.94804178  5.83633605]]
[[ 5.86523185 -4.20379483  5.87325659]]
[[ 5.92662448 -4.49789191  5.98719493]]
[[ 5.747208   -4.03781428  5.86940628]]
