[[ 5.87423596  5.9697073  -4.38303187]]
[[ 5.98432579 -4.19096421  5.89083123]]
[[-4.17147909  5.736199    5.9964114 ]]
[[-4.46232253  5.94909288  5.9535384 ]]
[[ 5.95657852  5.87172064 -3.98987505]]
[[ 5.80876069  5.98758711 -4.35658685]]
[[ 5.87426157  5.605627   -4.04399068]]
[[-4.38112801  5.85249584  5.94805951]]
[[ 5.75398949  5.96100765 -4.26665444]]
[[ 5.89422278 -4.07362617  5.73188983]]
[[ 5.75446896 -4.18524717  5.9097868 ]]
[[ 5.82469493 -4.35382578  5.98091528]]
[[ 5.61292754  5.93127438 -4.01047448]]
[[-4.07628956  5.89204073  5.75742018]]
[[-4.15229715  5.99425295  5.87247636]]
[[ 5.70256751 -4.14826681  5.99037561]]
[[ 5.51888892 -3.94438698  5.9316368 ]]
[[ 5.9494615  -4.42074842  5.97981238]]
[[ 5.98614276  5.99787334 -4.55513017]]
[[ 5.72822625  5.92741914 -4.19764374]]
[[ 5.79649461 -4.09925959  5.73142558]]
[[ 5.74297125 -4.17603486  5.98604776]]
[[ 5.93739135  5.81416163 -4.17299796]]
[[ 5.93744652  5.92843535 -4.09539603]]
[[ 5.92899157 -4.33416539  5.94893022]]
[[ 5.97166986  5.92853407 -4.40798229]]
[[ 5.69877037 -4.13678557  5.90299859]]
[[ 5.9634495   5.86540997 -4.1832235 ]]
[[ 5.96839948 -4.29532514  5.91629074]]
[[-4.00655244  5.71795092  5.86740555]]
[[-4.33776208  5.95315605  5.85025141]]
[[-4.06197187  5.83604018  5.64097183]]
[[ 5.97323551  5.87572262 -4.15076446]]
[[ 5.89126001 -4.06906524  5.88494328]]
[[ 5.99490311  5.9506347  -4.50995567]]
[[ 5.78704399 -4.06104102  5.91995837]]
[[ 5.71862078  5.67740241 -3.88815083]]
[[-4.22525593  5.94669815  5.9412749 ]]
[[ 5.9427552   5.9386502  -4.31335337]]
[[-4.34021879  5.92307131  5.99344967]]
[[-4.48579045  5.98378273  5.98766335]]
[[-4.12687641  5.85964476  5.87940388]]
[[ 5.94445191 -4.33178192  5.80660272]]
[[-4.11644702  5.99192943  5.63892212]]
[[ 5.81259321 -4.25867922  5.94842722]]
[[ 5.87756303  5.73645302 -3.96941877]]
[[-4.10290562  5.89571335  5.74734169]]
[[ 5.96878493  5.87516814 -4.37396697]]
[[ 5.93191734  5.88614877 -4.26825422]]
[[-4.0550187   5.79030333  5.95880825]]
[[ 5.93021954 -4.31136043  5.90166867]]
[[-4.3892939   5.84534733  5.96597205]]
[[-4.22015322  5.92420206  5.77931554]]
[[ 5.80012182  5.66994038 -4.03790235]]
[[-4.15560489  5.94347767  5.90603289]]
[[ 5.89338471 -4.27677337  5.96341323]]
[[ 5.96166111  5.74135008 -4.14205085]]
[[ 5.98893989  5.8976222  -4.47054144]]
[[ 5.74727206 -4.14008601  5.9825374 ]]
[[ 5.90609138 -4.208053    5.92684529]]
[[ 5.85343627 -4.06715988  5.76278642]]
[[ 5.93911638  5.47138676 -3.98903407]]
[[ 5.84033984 -4.13488248  5.99889651]]
[[ 5.93894375 -4.32374225  5.89087464]]
[[ 5.98788844  5.59522764 -4.14137763]]
[[ 5.88334883  5.93828942 -4.21314533]]
[[ 5.82454333 -4.09241789  5.98738181]]
[[ 5.91765536 -4.0714869   5.81943282]]
[[ 5.89891061  5.89607186 -4.01818838]]
[[ 5.99897145  5.84963384 -4.17725521]]
[[-4.17699538  5.70919196  5.99694222]]
[[ 5.84809999 -4.04467328  5.62922508]]
[[ 5.88840854  5.90324633 -4.32464248]]
[[ 5.72195326  5.92414096 -4.17475535]]
[[ 5.92445575 -4.06515081  5.92813982]]
[[ 5.69647367 -4.02783339  5.91895215]]
[[ 5.94345216  5.96405495 -4.46844187]]
[[ 5.92723311 -4.44177436  5.98477912]]
[[ 5.97443818  5.60786784 -3.86758915]]
[[ 5.63749078 -4.13780042  5.99763787]]
[[ 5.77788034  5.99283396 -4.26656121]]
[[ 5.95942332  5.90716543 -4.1036136 ]]
[[-4.31890779  5.97290094  5.86317283]]
[[ 5.80178808  5.738491   -4.12838263]]
[[-4.42683857  5.92708763  5.92749069]]
[[ 5.8859194   5.86662472 -4.30655217]]
[[ 5.83776965 -4.293671    5.97646451]]
[[ 5.80516489 -4.16425431  5.99845159]]
[[ 5.95431751 -4.49943004  5.96215826]]
[[ 5.98741855 -4.38300203  5.88053117]]
[[ 5.9596543   5.4327308  -3.91325005]]
[[-4.17651051  5.92470923  5.75675205]]
[[ 5.77487964  5.77065896 -3.96700642]]
[[-4.3253418   5.93543575  5.80688981]]
[[-4.00631249  5.9367194   5.67642549]]
[[-4.24718227  5.89895497  5.79218908]]
[[ 5.873173   -4.05726042  5.74387769]]
[[ 5.8136433   5.68557553 -4.03996576]]
[[ 5.95778905 -4.34494804  5.89286705]]
[[-4.25077495  5.85365856  5.95867017]]
[[ 5.84550975 -4.0733524   5.8918529 ]]
[[ 5.89093678  5.91164841 -4.07633037]]
[[ 5.8763444   5.58177583 -3.96571098]]
[[ 5.6864339  -4.24753978  5.99624434]]
[[ 5.93587261  5.88077753 -4.15868989]]
[[-4.26659819  5.72998775  5.99785694]]
[[-4.26162935  5.89319666  5.93965676]]
[[-4.37183026  5.91571759  5.92281233]]
[[-4.06585007  5.90472649  5.68018225]]
[[ 5.95702319  5.89188227 -4.11466699]]
[[ 5.77992577 -4.10152821  5.77120682]]
[[ 5.92151583  5.94829641 -4.13894738]]
[[ 5.9368936  -4.24372817  5.88380925]]
[[ 5.94710689  5.66368077 -4.17403642]]
[[ 5.97162453 -4.00963711  5.67835311]]
[[ 5.99154127  5.92362865 -4.49260134]]
[[ 5.99904461 -4.45227907  5.97394762]]
[[ 5.76593074 -4.16446831  5.90600974]]
[[ 5.82853425  5.83262258 -4.13116173]]
[[ 5.91650198 -3.96769858  5.72772531]]
[[-4.40154131  5.90515022  5.92705122]]
[[ 5.92519787 -4.22277361  5.8720754 ]]
[[ 5.59764563  5.71828288 -3.87965803]]
[[-4.27687959  5.86616695  5.98229765]]
[[-4.26781867  5.85061594  5.93779091]]
[[ 5.93217048  5.77224167 -4.15612918]]
[[ 5.98889779  5.83156643 -4.18486153]]
[[ 5.97736153 -4.10962482  5.6693791 ]]
[[ 5.8853053  -4.36046907  5.99378691]]
[[-4.3930274   5.93124344  5.92697899]]
[[-4.15327148  5.67143043  5.98647119]]
[[ 5.93022978 -4.05401874  5.74727296]]
