[[-4.86467683  2.85932661 -4.71476614]
 [-5.44590494  5.6964648  -2.57827214]]
[[ 3.35973835 -5.34669795 -5.20277244]
 [ 4.97273883 -3.48039102 -4.15177019]]
[[ 3.23459203 -5.00150337 -3.94592336]
 [ 2.70028926 -4.60905515 -4.97467925]]
[[-5.8930738   5.01099213 -4.40566279]
 [-4.64360359  4.23406874 -5.80903388]]
[[-4.5794449  -5.97192581  5.00222807]
 [-5.10647949 -5.50492342  4.14014974]]
[[-5.70404806  4.57757709 -5.22687962]
 [-4.68241361  3.7317571  -5.67251183]]
[[ 4.91115841 -5.87222964 -3.49368791]
 [ 4.71300234 -3.70008055 -3.78399009]]
[[-5.24337446 -4.80286285  4.77182526]
 [-4.45825468 -5.45935871  3.32497247]]
[[-3.13943519 -3.51330822  5.61341799]
 [-5.44643771 -4.04728332  5.83011556]]
[[-4.524155   -5.01622388  5.94734486]
 [-4.48274239 -4.50673387  5.84246304]]
[[-2.88893656  4.75792115 -3.67104836]
 [-2.99388942  2.88123437 -3.78831893]]
[[-5.7053273  -5.23138092  2.00895438]
 [-4.81613833 -5.99284611  4.76503501]]
[[-5.18185002 -5.27186542  4.10015836]
 [-4.76152313 -4.13977789  3.46512778]]
[[ 5.39192497 -5.82181918 -4.08178116]
 [ 5.45550488 -5.43246684 -2.74181928]]
[[-5.25500007 -4.13845755  3.75997613]
 [-3.50833458 -5.86163222  5.02465862]]
[[ 5.46940573 -4.814419   -2.59404474]
 [ 3.09267078 -3.71363625 -3.7981127 ]]
[[-3.49248426  5.17018311 -5.20656896]
 [-5.67429226  5.33079265 -3.65844415]]
[[-5.00475093 -5.21978324  5.55046894]
 [-4.9014953  -3.88823422  4.66134974]]
[[-5.54200875 -2.87787839  3.39940437]
 [-3.4308609  -5.65177404  3.57131573]]
[[ 2.40928728 -5.4537046  -5.0531163 ]
 [ 5.65183984 -5.28796546 -5.07409331]]
[[-4.53854179 -5.6743389   4.19830821]
 [-4.74939865 -5.07070854  4.60888093]]
[[-4.21601778 -3.77817105  2.40049226]
 [-4.70354672 -5.756696    5.40568181]]
[[-3.57484155 -3.39507987  4.46710752]
 [-4.98590554 -4.59065339  3.46009158]]
[[-4.60117342  5.82588684 -3.88624463]
 [-5.9254897   3.50596331 -3.65812453]]
[[ 3.58241573 -5.24212808 -4.36749604]
 [ 3.94223248 -4.88672167 -4.97097493]]
[[ 3.69486247 -5.23034833 -3.43443989]
 [ 2.76809388 -5.96109935 -4.0777082 ]]
[[ 4.18609039 -2.70965667 -4.98992532]
 [ 5.52749562 -5.52284543 -4.7527432 ]]
[[-4.30913279  2.84244523 -5.91408405]
 [-3.82648376  3.76077942 -4.4797764 ]]
[[-3.53872576 -4.73072345  3.62231448]
 [-4.35600985 -3.76511117  2.05633187]]
[[ 3.43108889 -5.95138521 -3.42102283]
 [ 4.55119237 -5.63592882 -5.33460281]]
[[-3.95012909  5.3533483  -3.1931823 ]
 [-4.45883469  5.82844862 -3.91059466]]
[[-5.79908686  5.36275826 -4.77284788]
 [-4.47944801  4.22334639 -2.57206981]]
[[-5.56718875  2.9321578  -5.72627611]
 [-5.49879707  5.432538   -4.19994507]]
[[-5.48511535  5.95975344 -5.27937113]
 [-4.93518786  3.0124388  -4.34133681]]
[[-4.33621238 -4.51309701  4.79537496]
 [-4.63622858 -5.17179577  5.22328827]]
[[-4.28646781  5.51632563 -3.75698652]
 [-5.45203147  5.45024559 -3.09969153]]
[[-4.14950755  4.37266161 -3.96014782]
 [-5.72052285  2.86899003 -2.69407358]]
[[-5.0276527   5.7239782  -2.83387998]
 [-5.08921133  5.32765788 -4.74976227]]
[[-4.23087851 -5.79422305  5.69851088]
 [-5.92018332 -3.60355322  5.57462927]]
[[-4.39799658  4.34936297 -5.62517575]
 [-5.03446882  3.29765437 -5.49605449]]
[[-5.83390332  5.73151566 -4.4034633 ]
 [-3.31942789  4.92911621 -5.75882673]]
[[-4.5578915   3.4140202  -5.85485541]
 [-5.30405606  3.86756113 -3.55005406]]
[[-4.8928565   5.48627879 -5.30780329]
 [-5.56514224  5.65557377 -2.74976806]]
[[ 3.52536201 -3.60614805 -5.73678014]
 [ 3.91522769 -5.09826804 -5.54925645]]
[[-5.01365231  4.84748595 -4.19132355]
 [-4.49238046  5.58786769 -5.69553049]]
[[-3.31593036 -4.57661864  5.09362911]
 [-3.93510028 -5.3888654   5.67159669]]
[[ 3.13153263 -4.51534568 -3.67378002]
 [ 5.08888091 -5.89464268 -4.74464191]]
[[-3.38849327 -3.77522749  5.03774348]
 [-5.9784274  -5.98823934  4.06332687]]
[[ 5.51095111 -3.93136383 -4.82779423]
 [ 4.71903558 -4.42800642 -4.91463559]]
[[-5.08907912 -4.17849561  5.82298153]
 [-3.30019744 -4.94301587  4.76152623]]
[[-5.52393297  2.3623662  -4.63416238]
 [-5.91324542  3.28812474 -2.88822337]]
[[-5.54133679 -5.09873014  2.25142694]
 [-4.07068252 -4.38308806  5.46130402]]
[[-3.83576655 -5.82857183  4.88787583]
 [-5.59016209 -3.76180509  4.84272462]]
[[-3.19902855  4.86306527 -3.37217567]
 [-4.76908496  5.95050101 -3.00760088]]
[[ 4.29361495 -5.16303715 -3.02634176]
 [ 5.48758847 -4.50422395 -5.37539662]]
[[-4.92204991  5.16885936 -4.21298275]
 [-3.17035011  5.73622655 -5.96781045]]
[[-3.69851732 -5.43962365  3.5823934 ]
 [-4.62902557 -3.2695595   3.46655064]]
[[-4.11926263  3.52320338 -3.17687537]
 [-4.83103407  2.96282678 -5.41942717]]
[[-4.97048933  5.83367884 -5.8297562 ]
 [-3.78265367  5.85751173 -5.46665224]]
[[ 5.32466012 -5.07034178 -5.68463913]
 [ 4.43413116 -3.25927608 -3.4340352 ]]
[[-5.65267056  2.89210682 -4.29329514]
 [-2.87541337  4.09947667 -4.78776635]]
[[ 3.35998687 -4.62278352 -3.43728069]
 [ 5.41492535 -3.73897206 -4.41147322]]
[[-4.105134    4.32425363 -4.28271242]
 [-5.43341076  4.98276051 -5.51817816]]
[[-5.89975887  5.64507119 -2.50240175]
 [-5.49985146  4.94328309 -3.00219003]]
[[-5.35512343 -5.25832618  5.40116131]
 [-5.36252566 -4.77399724  4.14364452]]
[[-4.44765639  3.43095425 -5.78990901]
 [-3.63747673  4.16977254 -4.43759883]]
[[-3.5870052   4.48541667 -4.58417171]
 [-4.75176502  3.58792544 -5.23415583]]
[[-4.52392444 -5.2123819   5.63649423]
 [-5.01462152 -3.52055235  5.46635175]]
[[-4.62616272 -5.4436464   5.79612185]
 [-3.78490059 -4.09035856  3.69021372]]
[[-3.78329788 -5.55583904  2.95035669]
 [-4.83964074 -3.03410737  4.86688894]]
[[ 5.67405711 -5.88356053 -3.10259925]
 [ 5.76054952 -5.54466294 -3.55990509]]
[[ 4.50526204 -3.05847313 -4.47662095]
 [ 5.40964554 -3.58880338 -3.60790067]]
[[ 3.48691561 -5.24746316 -5.90690921]
 [ 4.11033175 -5.93635462 -5.60540537]]
[[-5.98448998 -3.99631664  5.17251991]
 [-5.76440648 -2.45011989  3.59833695]]
[[-3.33078829 -5.04581932  3.37144413]
 [-5.63786237 -4.34786569  2.58904778]]
[[-5.91543106  5.77097652 -4.18431362]
 [-4.18938486  3.54308575 -4.58006543]]
[[-5.19979883 -2.81850788  4.93584131]
 [-5.38239676 -4.55895144  4.18602475]]
[[-5.27277431  3.79047325 -2.95918703]
 [-3.22688385  3.17111028 -5.12712279]]
[[ 5.07476035 -3.58521254 -4.72875968]
 [ 3.13004038 -4.73726132 -4.42007163]]
[[ 3.75280085 -5.80604974 -5.11673116]
 [ 5.31069634 -4.36924954 -4.60797017]]
[[-3.97298213 -5.29077912  4.75508032]
 [-5.28944924 -3.38205844  3.87588171]]
[[-4.83877354 -4.54137851  3.49774412]
 [-3.03279652 -4.95905633  3.90739008]]
[[ 4.51745562 -4.71891386 -4.35261483]
 [ 5.948948   -3.80586208 -3.93870845]]
[[-5.45953894 -5.58661875  3.62876629]
 [-4.14571198 -5.66394233  3.72321273]]
[[-5.74168715  2.0516906  -4.24695122]
 [-3.25260191  3.31982831 -3.70206792]]
[[-4.29946291 -4.63115018  5.90449659]
 [-5.43532777 -4.30139344  2.80672327]]
[[ 4.45015239 -4.34650142 -3.93753794]
 [ 5.53723412 -4.03282878 -3.25575362]]
[[ 4.29861115 -3.81871926 -4.60853549]
 [ 5.89199282 -5.81570003 -4.82439177]]
[[ 4.53847131 -3.49876932 -4.93397712]
 [ 3.57675054 -5.80300308 -5.51499984]]
[[ 5.1495868  -3.05169084 -5.91948927]
 [ 2.82340207 -5.65855689 -4.34623857]]
[[-5.8330567  -3.69639856  5.76951381]
 [-4.38353515 -5.98819618  4.45443139]]
[[ 3.63526098 -5.01906313 -5.45012525]
 [ 5.97135723 -5.6552643  -5.70886581]]
[[-3.23428431 -5.70195527  4.79118531]
 [-4.00378707 -3.270943    2.78841513]]
[[-5.64832722  4.83605655 -3.64677515]
 [-4.06826873  4.50393528 -5.91613004]]
[[-4.64107927 -3.92602727  3.66912778]
 [-5.40857677 -5.31311852  5.59589591]]
[[ 5.82441219 -2.72752652 -5.82580509]
 [ 4.63924143 -2.94270258 -4.84841304]]
[[-3.8450066  -3.82351437  4.61149353]
 [-4.68136985 -4.807134    3.62033005]]
[[-3.77080515 -5.17546075  5.42962895]
 [-4.06717771 -5.57146527  5.84738551]]
[[-4.73001237  3.59134094 -2.87535099]
 [-2.53550522  5.35440776 -3.55326089]]
[[-3.99407154  3.60542312 -4.2036327 ]
 [-3.71208174  4.59963991 -3.28477315]]
[[-5.14633171 -3.12618308  5.94098726]
 [-4.45886883 -5.93751448  5.4052106 ]]
[[-3.26925535  5.94939575 -5.95570572]
 [-3.89366783  3.5722202  -4.21585245]]
[[ 4.80752351 -4.66447    -5.56548128]
 [ 4.5097633  -3.61389626 -5.21510574]]
[[ 3.51128367 -3.65418126 -4.0273245 ]
 [ 5.43341552 -5.10552092 -3.27077151]]
[[-2.71484257  5.14487279 -5.69026677]
 [-4.01077057  3.12591808 -5.11334819]]
[[-3.76304881 -4.11655576  3.94383707]
 [-4.24922125 -2.98672978  5.3254077 ]]
[[-5.79355255  3.06799497 -5.32839389]
 [-5.49723969  4.22372241 -3.61551526]]
[[-2.87851374  4.00610424 -5.49815478]
 [-3.31526866  4.52854479 -4.74751105]]
[[ 5.95271472 -3.77177126 -2.99560054]
 [ 4.76619527 -2.67682353 -5.02745828]]
[[ 4.02322622 -3.95188454 -5.27848487]
 [ 4.73991294 -2.69580823 -3.3990125 ]]
[[-4.53277946 -3.11797222  4.57016285]
 [-5.71602203 -4.87123578  2.86600026]]
[[ 5.09749976 -4.74206095 -4.23805796]
 [ 4.55319937 -3.76044128 -2.88832389]]
[[-4.73781887  5.09126015 -2.85047697]
 [-5.7719139   4.65528351 -3.39989441]]
[[ 3.72299044 -5.02208764 -5.05424655]
 [ 5.32765144 -5.14917648 -3.65088876]]
[[-5.7105139   4.30406547 -4.45658974]
 [-5.31373546  4.12203216 -3.45191793]]
[[-5.75339979 -3.03933907  4.27811743]
 [-3.3414099  -4.98542751  5.09689574]]
[[ 2.41813234 -5.4435982  -4.82772338]
 [ 5.09226445 -3.69053289 -3.50862862]]
[[-5.63017065 -5.2652024   3.16591925]
 [-3.46489567 -4.90684952  5.19717592]]
[[-4.85529893  3.85514629 -5.85323748]
 [-5.85785298  4.46625125 -5.17538646]]
[[-5.32118855  5.22385661 -5.68789259]
 [-5.57929926  3.97449463 -3.53279096]]
[[-5.41642304  5.09940109 -5.0150529 ]
 [-5.94228722  2.66814166 -5.79448664]]
[[-5.33234432  5.99162667 -2.47766064]
 [-4.68242068  4.17840264 -4.91947547]]
[[-5.55816286 -4.7830389   2.68780072]
 [-4.98539878 -5.16637349  2.81012051]]
[[ 5.84255842 -5.3242538  -5.95132002]
 [ 4.47951157 -5.21850065 -3.9861616 ]]
[[-5.62350917 -4.06066299  5.49396388]
 [-3.85119551 -5.90709973  4.75024374]]
[[ 5.86655622 -5.04962069 -5.01310842]
 [ 5.81242424 -5.2322785  -5.96784315]]
[[-4.20316101  4.13907428 -4.51077621]
 [-3.72185978  4.42751707 -5.89691606]]
[[-4.15954761  5.99868904 -3.31993117]
 [-5.7896381   5.23167734 -4.73128518]]
[[-5.29896031 -3.02608021  5.7770358 ]
 [-4.95607999 -3.12594517  4.94009767]]
[[-4.51504735 -4.33009005  3.14346857]
 [-3.62548663 -3.11781097  3.39201217]]
[[-2.82899961  4.39021297 -5.1628804 ]
 [-4.9468557   3.7791468  -4.55330007]]
[[-5.32800629  3.92769901 -4.37574778]
 [-3.60102728  5.83988404 -4.80651938]]
[[-4.21189468  4.9936588  -4.21493718]
 [-4.85833447  3.29223644 -5.57086391]]
[[-3.46183491  3.97848782 -4.36991551]
 [-4.18423001  2.37031298 -3.36251716]]
[[-3.85820979  5.47247552 -3.78520611]
 [-5.19390736  5.97280008 -5.35851444]]
