[[-4.86103426 -5.57814702  5.35166378]
 [-2.59539553 -5.58103426  4.71065475]]
[[-5.83496302  3.63407744 -3.1273613 ]
 [-5.22250199  5.62668468 -5.82867968]]
[[ 4.3481766  -4.45359907 -4.63494738]
 [ 4.95257673 -4.17190767 -5.62396836]]
[[ 2.63250062 -4.16146747 -4.58202717]
 [ 5.52353513 -4.47316014 -4.93974274]]
[[-5.12468889 -3.83112223  4.90504817]
 [-4.43508786 -4.04905277  4.35231861]]
[[-3.31920645 -5.94998157  3.12940555]
 [-4.67188729 -2.52195501  3.50123218]]
[[-4.61523622 -5.71947417  3.53468588]
 [-5.5660032  -3.47794382  3.88807745]]
[[ 5.51874106 -3.42241452 -3.2996423 ]
 [ 5.88256898 -5.83092268 -2.89560503]]
[[-5.35652543 -3.63713061  4.13815749]
 [-5.80298557 -2.72868008  3.56477922]]
[[-4.43540424  5.11585508 -4.67157805]
 [-3.65027666  5.46783209 -5.42157878]]
[[-5.67152312  4.62851926 -2.74772697]
 [-4.44298743  4.73090079 -5.2922484 ]]
[[-3.20682131  4.96255212 -3.22458957]
 [-2.99231936  3.7000045  -4.94176756]]
[[-4.74229328 -5.50173313  5.57992351]
 [-4.50589253 -3.91891209  4.70417744]]
[[ 4.97638574 -3.01121341 -5.73096991]
 [ 3.41667937 -3.46908312 -5.02825012]]
[[ 4.77144725 -3.34488724 -4.68589404]
 [ 5.36593946 -5.96485183 -2.8847985 ]]
[[-4.14169401  4.47772954 -5.65273287]
 [-3.3137562   4.65174132 -4.01416338]]
[[-4.33779065  5.8656765  -4.30966613]
 [-4.58661063  5.43151927 -3.7454347 ]]
[[-4.41574627  5.46259998 -2.40885811]
 [-4.35520409  4.35310251 -5.05364745]]
[[-3.898944   -5.20565307  2.58870377]
 [-3.60364517 -5.84616838  4.77027521]]
[[-4.95560374 -3.31951484  5.89820989]
 [-3.29016889 -4.19169619  5.87555453]]
[[-4.87650526  4.26998205 -5.46637241]
 [-4.67704401  4.60308964 -4.82961393]]
[[-5.93393079  5.79127397 -4.44285666]
 [-5.56024003  5.63585422 -4.94548079]]
[[-5.02372826 -3.20282803  5.89023298]
 [-4.20865598 -4.44895041  2.91660179]]
[[-4.55903708 -3.99909608  5.37297334]
 [-4.45439535 -5.61208651  4.44808876]]
[[-4.3183251   5.32441537 -3.26484978]
 [-2.59983556  5.82368295 -5.29956168]]
[[-4.17298964 -2.93896562  4.33049444]
 [-3.12237371 -4.66355323  3.58962304]]
[[-4.27594853  5.65878286 -3.89637552]
 [-5.85897227  5.03390717 -3.31801295]]
[[-4.98888099 -4.69630497  4.96242943]
 [-4.77747024 -5.77905749  5.51096277]]
[[-5.50080937  5.55672373 -3.29159312]
 [-4.64459057  5.14370154 -4.80749532]]
[[ 3.97267205 -4.32740558 -5.65615971]
 [ 4.49503012 -5.31633716 -5.88449377]]
[[ 5.74347684 -4.48957572 -2.67686058]
 [ 2.74941539 -3.08472651 -5.69454493]]
[[ 4.97182916 -3.4805888  -3.79491141]
 [ 3.87883302 -5.83690922 -5.25289294]]
[[-4.24418718 -4.13984204  3.82663551]
 [-4.19987612 -3.71714999  4.78265869]]
[[-5.95122834  3.30865688 -4.38799586]
 [-4.49967057  4.37241726 -5.38290971]]
[[-2.74753077 -2.79602349  4.87542638]
 [-4.43848988 -4.44923199  2.0514274 ]]
[[-3.01593917  4.40921844 -5.93198897]
 [-3.43574005  4.31640948 -5.00913639]]
[[-4.04421923 -5.52628899  5.32153254]
 [-4.24669162 -5.29172348  4.53638808]]
[[ 5.49622387 -3.67953504 -5.49766631]
 [ 2.20199675 -4.88694009 -4.69083206]]
[[-5.48016301 -3.16963136  5.440141  ]
 [-5.9077491  -3.11902354  3.29736075]]
[[ 4.27679097 -4.39472024 -3.07505709]
 [ 5.36102321 -2.34893715 -5.50711557]]
[[ 5.77861312 -3.28814424 -4.56204363]
 [ 4.70546535 -2.38788816 -4.86444436]]
[[ 4.07099562 -5.01607961 -3.92798386]
 [ 2.81025095 -4.12626872 -4.51373623]]
[[-2.75795501  4.37189861 -5.49319219]
 [-3.20166283  4.91977467 -2.82194066]]
[[ 5.6547803  -4.92717556 -4.60975239]
 [ 4.38496877 -5.24386644 -3.65682673]]
[[-5.0110831   5.50778402 -3.24695729]
 [-3.53958062  5.03186512 -5.47233655]]
[[-4.35854108 -4.27875865  3.73890546]
 [-5.06152408 -5.87196086  4.62481831]]
[[ 2.7102639  -5.49588942 -5.52588539]
 [ 5.02475574 -5.72236785 -5.11022322]]
[[-4.78340926 -5.01029524  3.51983981]
 [-3.01587312 -5.66871743  5.50167303]]
[[-5.75160397 -3.36523289  5.26400571]
 [-4.06519468 -5.96312576  4.11262256]]
[[ 4.93953317 -5.04424725 -4.72559505]
 [ 4.92277884 -4.16898685 -4.17675387]]
[[-4.21130483  5.6030135  -2.79976953]
 [-3.10559558  4.97218571 -5.66196546]]
[[ 4.1928271  -2.82640493 -4.45919608]
 [ 5.99262793 -4.50885215 -2.28000558]]
[[ 4.16678936 -2.85828332 -4.6938691 ]
 [ 2.85052904 -5.59630062 -3.12821458]]
[[-3.22735047 -5.77368356  3.92200238]
 [-5.60023426 -4.7121314   3.99899608]]
[[ 4.48286624 -3.65361713 -3.32308576]
 [ 5.01656312 -5.66005009 -5.18324854]]
[[-4.03087432  4.61809218 -3.10208672]
 [-5.00835727  3.11241746 -4.81744347]]
[[-4.63249981 -3.61774865  4.82728782]
 [-5.52304945 -4.95720789  4.45186575]]
[[-3.43196218 -5.65449841  5.34982561]
 [-2.50721976 -4.8400931   3.86328822]]
[[-3.53993885  4.86688211 -4.71368297]
 [-5.24793362  2.93466055 -5.46509281]]
[[-5.70437272  2.65931236 -4.29449862]
 [-5.15593059  3.46356585 -5.79994876]]
[[-4.60461954  3.62233071 -4.90248615]
 [-5.54081105  5.58260338 -3.72964523]]
[[-4.43237826 -5.19845296  3.39560598]
 [-5.67299286 -4.66236192  4.84551667]]
[[-3.44676278  5.12425018 -5.25860621]
 [-3.68972079  4.06018666 -3.74415483]]
[[-4.04274155  2.53467984 -4.52086559]
 [-3.92671806  3.02775287 -4.35785023]]
[[-3.64487297 -5.27176465  4.2924769 ]
 [-5.53042734 -5.91099313  5.91556191]]
[[-5.6203444  -5.32169098  2.20305605]
 [-4.1883197  -5.73232248  5.36305307]]
[[-5.39872449  4.72316806 -3.58049298]
 [-3.6468026   4.70240588 -5.47671422]]
[[-4.56888943  5.49701837 -4.17272096]
 [-3.10415331  5.17589755 -4.26931225]]
[[-5.45862533 -4.00312867  5.17054402]
 [-5.21666467 -3.23940889  4.93492165]]
[[-4.06884853 -5.72842041  5.49703318]
 [-3.76483091 -3.61924432  3.5497177 ]]
[[ 3.32583191 -4.50007287 -5.41929764]
 [ 3.35660344 -4.94978774 -4.76483797]]
[[-3.75522427  5.57933675 -5.09247612]
 [-3.79250707  5.64529698 -4.46495296]]
[[-5.39100642 -4.97965542  4.61069408]
 [-5.75783523 -2.76497952  4.64679391]]
[[-5.05590998 -4.98387467  5.56469276]
 [-4.042549   -2.96033059  5.37810183]]
[[-4.08467635  4.34897524 -5.94039408]
 [-5.90409553  4.94885772 -3.99562255]]
[[-5.96532786  5.2608533  -3.02851948]
 [-4.64098881  4.28963689 -3.52026672]]
[[-5.18528088 -2.49853111  5.66233999]
 [-5.63838699 -4.3291103   4.4011    ]]
[[-3.86976869  2.70150181 -4.89090422]
 [-5.50634518  5.80009501 -4.48857933]]
[[-5.36332555 -5.40851705  3.70956166]
 [-5.12126879 -5.79804084  4.86946077]]
[[-5.3198724   4.89599999 -5.0868874 ]
 [-3.70185314  3.36705032 -5.28551118]]
[[-5.80101016 -2.62045644  5.47608939]
 [-5.14053848 -3.52732485  5.68475914]]
[[-4.89001851 -3.88050795  5.55372889]
 [-4.93890248 -4.96462788  3.80296208]]
[[ 2.13831989 -4.52467287 -4.60380956]
 [ 5.05185526 -3.32819597 -3.49687864]]
[[-5.57743321 -2.99304797  4.65001453]
 [-5.41224175 -5.442935    3.22871957]]
[[ 3.88426987 -3.51252448 -4.90131458]
 [ 4.6695467  -3.05661586 -3.21986787]]
[[-4.94882538 -2.4451465   4.75190042]
 [-5.74271676 -5.56666237  4.41708048]]
[[-4.5677781   3.42147981 -3.29467879]
 [-3.90701783  2.67608715 -4.49706195]]
[[-4.50105374  3.34994598 -4.70233946]
 [-5.88842167  2.66792504 -4.99550486]]
[[-3.26834725  5.5946994  -5.71002668]
 [-5.4773825   2.70812204 -5.18002874]]
[[-5.61084054  3.7322606  -3.62740077]
 [-5.01570245  3.99382393 -3.26642268]]
[[-5.23721859 -5.08877356  5.29050885]
 [-4.31641533 -4.22611799  4.57080361]]
[[ 4.36294693 -4.27280672 -5.60219854]
 [ 3.74105457 -3.13537706 -5.32280475]]
[[-4.0869172  -4.73862029  3.6107558 ]
 [-5.79747691 -4.02477225  4.73732687]]
[[ 5.85820445 -3.49521401 -3.21852607]
 [ 3.47748786 -4.34606346 -3.86120731]]
[[ 3.33480968 -5.76489945 -4.93292136]
 [ 4.45808627 -5.76643866 -4.52411307]]
[[ 4.50682949 -4.24844165 -4.71512938]
 [ 4.41191504 -3.21385304 -4.63020804]]
[[-4.91578203  3.67751416 -4.22657642]
 [-2.99160762  5.51876656 -5.48094587]]
[[-5.85765137 -5.69033064  2.9392525 ]
 [-4.04293004 -5.86887352  4.67225895]]
[[-5.81142656  4.25905159 -3.97157986]
 [-2.86650925  5.45815287 -3.14303934]]
[[ 5.49281352 -5.39534376 -5.6807887 ]
 [ 5.04328117 -5.27219062 -2.82294515]]
[[-3.87284973  4.65518902 -3.74556003]
 [-5.31416885  4.98148828 -4.81340573]]
[[-4.11111926 -4.96943921  3.87127637]
 [-4.98399567 -4.35600093  3.19156871]]
[[-5.30902205 -5.24121436  4.55773902]
 [-5.62258507 -5.69432848  3.33743264]]
[[-3.23562112  3.55512239 -4.2276983 ]
 [-4.57764888  2.6069367  -5.803004  ]]
[[-5.85930347 -5.42493115  4.25525146]
 [-4.93055225 -5.60220388  5.59911385]]
[[ 2.46825265 -4.06109527 -4.89147274]
 [ 3.85131166 -4.52125705 -4.5038534 ]]
[[ 3.1987636  -5.38565295 -3.84543421]
 [ 3.13698542 -4.63952046 -3.9523365 ]]
[[ 3.16445976 -3.83198586 -5.18360189]
 [ 4.35437885 -4.87593935 -4.58136114]]
[[ 4.47943654 -4.56117227 -3.72169615]
 [ 5.07887244 -4.42933201 -4.57799272]]
[[-5.62566871 -3.94377841  5.86134264]
 [-5.23345109 -5.34233738  2.41167135]]
[[-4.60097142  3.74551286 -5.56057068]
 [-5.41521793  5.86917742 -5.93802821]]
[[-3.78202439 -5.26837264  4.32477469]
 [-4.8257816  -4.1745956   3.67516778]]
[[-3.19896062  2.85702346 -4.38809189]
 [-4.2954454   3.80666831 -4.90874828]]
[[-5.59089374 -2.76162964  4.59719039]
 [-3.93440616 -5.24278882  4.24197633]]
[[-3.45699814  5.80343385 -4.23614307]
 [-4.66296896  5.83868975 -5.89140054]]
[[-3.82529392 -3.01631573  5.29020354]
 [-3.71676203 -2.39667676  5.11617674]]
[[-4.16808545  2.34464308 -3.75616168]
 [-3.75206422  5.91845198 -2.8118643 ]]
[[-5.64357989  4.7492306  -4.17516045]
 [-3.78132     4.91556606 -3.44257434]]
[[-5.72019846 -5.46464059  2.7844034 ]
 [-4.16029095 -3.42986543  5.86391342]]
[[-5.10580852  5.3309326  -5.64387565]
 [-5.29342844  3.31220222 -4.28945527]]
[[ 4.06150516 -5.26594363 -5.61110375]
 [ 4.65525455 -2.97012516 -4.02772585]]
[[-4.04615269  3.69030462 -4.20168394]
 [-5.12373041  4.39271668 -4.12746323]]
[[-4.88035346 -5.6182112   3.75585008]
 [-5.27782172 -4.87174374  4.94560092]]
[[ 3.23961331 -4.6078524  -5.75468396]
 [ 3.21905971 -5.57426615 -4.00452611]]
[[ 5.63588618 -3.90779988 -4.83482376]
 [ 5.03201463 -4.88717563 -5.26744904]]
[[-5.23501576 -4.16642944  4.48215448]
 [-3.98961174 -3.57592915  5.13344593]]
[[-5.83334147 -4.74321636  5.58558142]
 [-5.90174553 -4.57036491  4.04063147]]
[[-4.98357526  3.8849618  -4.64577624]
 [-5.7330917   4.54768822 -4.23648885]]
[[-3.23062034  5.41851221 -3.91320208]
 [-3.55584564  5.78792636 -3.23350449]]
[[ 3.54321867 -2.43782591 -5.81616707]
 [ 5.17236139 -5.07454169 -3.65892226]]
[[ 4.72218953 -5.86166386 -3.60752208]
 [ 4.28124442 -2.98519984 -4.36984529]]
[[-3.76087329  3.65608033 -5.14721853]
 [-4.41726764  3.74671225 -5.97002948]]
