[[ 5.95711506 -4.01619793  5.55952873]]
[[ 5.76397853 -4.15672728  5.93368975]]
[[ 5.92403519  5.94946134 -4.11507777]]
[[-4.40662571  5.97973008  5.89068179]]
[[ 5.61379095  5.94875902 -4.07033225]]
[[-3.9884251   5.75714559  5.95842871]]
[[ 5.90720686 -4.05416534  5.564357  ]]
[[ 5.94606713 -3.92626287  5.89710008]]
[[ 5.86845792  5.87583476 -4.32320361]]
[[-4.23850397  5.98786306  5.958048  ]]
[[ 5.82408062  5.91657447 -4.11092512]]
[[ 5.94543473  5.88534758 -4.33378518]]
[[ 5.80229977 -4.11424538  5.99579594]]
[[ 5.87332749 -4.32207823  5.95054069]]
[[ 5.53502593 -3.95097298  5.96078567]]
[[ 5.92809912  5.83854445 -4.29852502]]
[[ 5.84278338 -4.05064521  5.63369973]]
[[ 5.68903998 -4.05241748  5.90411472]]
[[ 5.99670122  5.61811328 -4.12115801]]
[[ 5.80836773  5.99236406 -4.17329922]]
[[-4.05846402  5.89480396  5.61026345]]
[[-4.32155772  5.82349963  5.99081921]]
[[ 5.62099223 -4.02072519  5.94622972]]
[[ 5.99033524  5.65391228 -4.16698259]]
[[ 5.97332535 -4.47651351  5.91545407]]
[[ 5.84247623  5.97633442 -4.40568176]]
[[ 5.59389948  5.99571525 -4.06863072]]
[[ 5.70101808  5.90029212 -4.14498689]]
[[ 5.93931645 -4.06406054  5.56524931]]
[[ 5.85201795  5.9991009  -4.32682463]]
[[-4.49245242  5.9618143   5.95601287]]
[[ 5.81752366  5.97314812 -4.15883212]]
[[ 5.91248819 -4.06502562  5.63452029]]
[[-4.32284225  5.9093795   5.90652655]]
[[ 5.70603615  5.83456855 -3.97294164]]
[[ 5.95546895  5.89979861 -4.28297431]]
[[ 5.98003972 -4.26728654  5.75811909]]
[[ 5.92929571 -3.94255895  5.58868017]]
[[ 5.96216588  5.9852406  -4.24391116]]
[[-4.00858933  5.57581771  5.8611572 ]]
[[ 5.77888903  5.89023805 -4.21112827]]
[[-4.30822182  5.99941752  5.74854732]]
[[ 5.66561684 -4.04469613  5.84183987]]
[[ 5.95972854 -4.10936699  5.62846247]]
[[ 5.58084153  5.94643356 -4.05596907]]
[[ 5.84510469  5.9000628  -4.28840881]]
[[ 5.94511286  5.98102977 -4.25977959]]
[[-4.28186221  5.88734932  5.87296178]]
[[ 5.89548343  5.5803514  -4.05289695]]
[[-4.32309587  5.90362016  5.85639369]]
[[ 5.95847609  5.83320323 -4.34513623]]
[[ 5.95171096  5.98738499 -4.1571408 ]]
[[-4.34611559  5.90827755  5.88719671]]
[[ 5.96806488  5.96850271 -4.31169387]]
[[ 5.9239699   5.91759518 -4.42565069]]
[[ 5.69128917  5.87261529 -4.03925857]]
[[-4.39276366  5.95145165  5.87271727]]
[[ 5.93820322 -4.40020987  5.87795768]]
[[ 5.51270793 -4.02572245  5.96553257]]
[[-4.0741153   5.66386109  5.98868262]]
[[ 5.98397317 -4.21444152  5.70092424]]
[[ 5.86904034 -4.32818582  5.99712088]]
[[ 5.93410046 -4.26587627  5.83907881]]
[[-4.27411999  5.93904183  5.91632567]]
[[ 5.66680064 -3.90528938  5.93946105]]
[[-4.17939954  5.91639385  5.82672581]]
[[ 5.94615117  5.59112368 -3.91161577]]
[[ 5.73765833 -4.18381999  5.93286617]]
[[-4.09884757  5.71992795  5.81848995]]
[[ 5.95144903 -4.46034541  5.95812026]]
[[ 5.85418603 -4.05995437  5.99453674]]
[[ 5.61938664  5.89552484 -3.90545729]]
[[ 5.84731661 -4.24551635  5.94594231]]
[[-4.28771515  5.9165947   5.88772672]]
[[-4.07522172  5.70155776  5.98076359]]
[[ 5.96964908 -4.54366861  5.98857199]]
[[ 5.8645831   5.97179804 -4.33542648]]
[[-4.42226338  5.97050137  5.9249345 ]]
[[ 5.73163544  5.60957147 -3.88532517]]
[[ 5.72511608  5.70758214 -4.00661633]]
[[-4.39358805  5.96522041  5.91019199]]
[[-4.35473342  5.94884994  5.99610842]]
[[ 5.8021283  -4.01357036  5.97271905]]
[[ 5.84544788  5.94812594 -3.948533  ]]
[[ 5.86242604  5.91537373 -4.35004667]]
[[ 5.78869401 -3.93675889  5.56409781]]
[[-4.03896647  5.90478538  5.57922894]]
[[ 5.86437098 -4.17137427  5.9266007 ]]
[[-4.15098599  5.83341172  5.7368875 ]]
[[ 5.99299673 -4.33708539  5.79583234]]
[[ 5.90172835  5.9928684  -4.38198156]]
[[ 5.88872209 -4.31487543  5.95584966]]
[[ 5.95663018  5.47558124 -3.96810327]]
[[-4.18661605  5.90350941  5.81058765]]
[[ 5.68368563  5.75458394 -3.91029356]]
[[ 5.96623937 -4.38656913  5.86863542]]
[[-4.08370312  5.80256881  5.85386495]]
[[ 5.69312058  5.84744926 -4.09192336]]
[[ 5.98015803 -4.52328817  5.95726272]]
[[ 5.87407185  5.95406446 -4.2374335 ]]
[[-4.07675635  5.69509214  5.83810785]]
[[-4.23713935  5.86280885  5.92421701]]
[[ 5.63277009 -4.11427028  5.93446862]]
[[ 5.67237795  5.69774283 -3.93153395]]
[[-4.27170094  5.92155651  5.87975665]]
[[ 5.80106098  5.76644022 -3.97300172]]
[[-4.29540753  5.95772426  5.92771602]]
[[ 5.90891382  5.82750837 -3.9775991 ]]
[[ 5.88052362  5.92239643 -4.33235533]]
[[ 5.9826285   5.89540294 -4.15350727]]
[[ 5.77521601 -4.20474999  5.85054378]]
