[[0.97709739 0.02051817 0.97758109 0.02323279]]
[[0.9772687  0.01926088 0.98461094 0.02346121]]
[[0.97801099 0.02010099 0.98948477 0.02315083]]
[[0.97968631 0.02073408 0.98659606 0.02368128]]
[[0.97642015 0.01463559 0.99501494 0.01625784]]
[[0.97687726 0.02006224 0.99796296 0.02116841]]
[[0.97670934 0.01853457 0.98996116 0.0225046 ]]
[[0.97602478 0.01923622 0.99389995 0.02216869]]
[[0.98060109 0.02116648 0.98302227 0.02379475]]
[[0.97698412 0.02047702 0.99826759 0.02225362]]
[[0.97675147 0.0204584  0.9847921  0.01955995]]
[[0.97756771 0.01794526 0.98974004 0.02084598]]
[[0.97665676 0.0150048  0.99531547 0.02247955]]
[[0.97782003 0.0205585  0.99593109 0.0220438 ]]
[[0.97756218 0.01640434 0.98820315 0.01762265]]
[[0.97765589 0.01723906 0.98491766 0.02096535]]
[[0.97850362 0.02179259 0.97854642 0.02151406]]
[[0.97627883 0.01554123 0.99677601 0.01643393]]
[[0.98066776 0.0183335  0.98699866 0.02132409]]
[[0.97751727 0.01404708 0.98884689 0.02034983]]
[[0.97706152 0.02037329 0.99493043 0.02375392]]
[[0.97776539 0.01922243 0.97879295 0.01818601]]
[[0.97675367 0.01406582 0.98638734 0.01683967]]
[[0.97656323 0.02004826 0.99211002 0.02205086]]
[[0.97681006 0.01684582 0.99697436 0.01984425]]
[[0.97965892 0.01989985 0.98849582 0.01960025]]
[[0.98100049 0.01931183 0.99131779 0.02289869]]
[[0.9777707  0.0167724  0.98254958 0.01873027]]
[[0.97723769 0.01927612 0.97883684 0.01892257]]
[[0.97851314 0.02212524 0.98236935 0.02353499]]
[[0.97788706 0.01508044 0.99331683 0.02051683]]
[[0.98023752 0.019077   0.99907333 0.02111972]]
[[0.97927778 0.02202738 0.98622546 0.02387998]]
[[0.98078658 0.02215799 0.99181922 0.02204041]]
[[0.97623715 0.01894055 0.99689571 0.02153165]]
[[0.97964307 0.01701644 0.99007119 0.01840331]]
[[0.9805104  0.01884161 0.99143423 0.02113916]]
[[0.97627666 0.01244759 0.98270826 0.01731997]]
[[0.97679458 0.0173356  0.99653909 0.02021931]]
[[0.97743018 0.01914357 0.9902527  0.0210975 ]]
[[0.97696451 0.01931018 0.99134867 0.02214666]]
[[0.97811996 0.01973271 0.99018286 0.02023793]]
[[0.97605902 0.01814374 0.97854876 0.02399169]]
[[0.97613249 0.01768307 0.99521505 0.0193228 ]]
[[0.9763808  0.02086996 0.98197763 0.01958764]]
[[0.97687719 0.01860321 0.99028274 0.01914897]]
[[0.977451   0.02058354 0.98141612 0.02240347]]
[[0.97731858 0.01879519 0.9980522  0.02104721]]
[[0.97686978 0.01600998 0.99067166 0.02041324]]
[[0.98207237 0.02085875 0.99666221 0.02196892]]
[[0.97674019 0.01624857 0.98750934 0.02116894]]
[[0.97617551 0.01706271 0.98607562 0.01812832]]
[[0.97694752 0.01819115 0.9966699  0.02303456]]
[[0.97608656 0.01823994 0.98100552 0.02237199]]
[[0.97926673 0.02119542 0.98512029 0.02126975]]
[[0.97826856 0.01831787 0.99348205 0.01925424]]
[[0.97603358 0.01564655 0.99382793 0.02175266]]
[[0.97670001 0.01515657 0.99220295 0.01949757]]
[[0.97634011 0.0201049  0.99117685 0.02384821]]
[[0.97851338 0.01829487 0.99032687 0.01914401]]
[[0.97702477 0.02086853 0.97783618 0.02034228]]
[[0.97801561 0.01670795 0.99301827 0.01950235]]
[[0.97681623 0.01525357 0.9997454  0.02095985]]
[[0.97860164 0.02135832 0.9801033  0.02285066]]
[[0.97607719 0.01347629 0.99572281 0.01438815]]
[[0.97629533 0.01547835 0.98548952 0.0223333 ]]
[[0.97630255 0.02326314 0.9896501  0.02262399]]
[[0.97616907 0.01760392 0.99737912 0.02005127]]
[[0.97614061 0.01679406 0.98608432 0.01736721]]
[[0.97651986 0.01834128 0.99427799 0.02360608]]
[[0.9791184  0.02375464 0.98386573 0.02297669]]
[[0.9782145  0.02130416 0.98990449 0.02274447]]
[[0.97862118 0.01805078 0.98298679 0.0232205 ]]
[[0.97626136 0.02367916 0.99602771 0.0200931 ]]
[[0.97783645 0.0202347  0.98973228 0.0199582 ]]
[[0.9771051  0.02083091 0.9982572  0.02331818]]
[[0.97898072 0.02189796 0.9868471  0.02395951]]
[[0.97614803 0.01931517 0.9856457  0.02213108]]
[[0.97865975 0.01724457 0.99596566 0.02084953]]
[[0.97831731 0.02139667 0.97791084 0.02398679]]
[[0.97746191 0.01773678 0.99750382 0.01961404]]
[[0.97765556 0.01568312 0.9974952  0.0170028 ]]
[[0.97664917 0.02095344 0.98630808 0.02396671]]
[[0.97774739 0.01821414 0.98936979 0.02096278]]
[[0.97747532 0.01795023 0.9802161  0.02199298]]
[[0.97766829 0.01512363 0.99956847 0.02162806]]
[[0.97652304 0.01414235 0.98891082 0.02139316]]
[[0.97607525 0.01878908 0.98839742 0.01907821]]
[[0.97894499 0.01761973 0.99391175 0.02094538]]
[[0.97625601 0.01278392 0.98683906 0.0199266 ]]
[[0.978074   0.01862893 0.99100718 0.01987965]]
[[0.97694455 0.01779657 0.99290537 0.01821008]]
[[0.97818201 0.01864985 0.9793546  0.01970903]]
[[0.9765368  0.01880937 0.97852749 0.01966139]]
[[0.97733983 0.01646969 0.9989789  0.02233543]]
[[0.97905096 0.01948148 0.98980011 0.02264979]]
[[0.98116711 0.02076766 0.9820715  0.02223172]]
[[0.97640967 0.01451271 0.99577716 0.0228441 ]]
[[0.97611645 0.01356802 0.98655737 0.01874995]]
[[0.97998172 0.02136158 0.97695862 0.02271716]]
[[0.97948223 0.01840026 0.99229599 0.01961556]]
[[0.97817668 0.01787469 0.99803635 0.02113875]]
[[0.977654   0.01472276 0.99688232 0.01828463]]
[[0.97624092 0.01775449 0.99609126 0.02317009]]
[[0.98021391 0.01817214 0.98142116 0.01952604]]
[[0.97937644 0.02007217 0.98923536 0.02303201]]
[[0.97775845 0.01698619 0.99726612 0.02105676]]
[[0.97655    0.01606193 0.9856909  0.02030959]]
[[0.97706261 0.01332079 0.99652616 0.01640913]]
[[0.97713107 0.01955289 0.98066495 0.02050555]]
[[0.97628596 0.01336781 0.99394963 0.01715052]]
[[0.98017636 0.02067707 0.98874573 0.02305822]]
[[0.97640003 0.02127199 0.98503339 0.02288839]]
[[0.9769835  0.0154034  0.98670499 0.01496157]]
[[0.9761465  0.01987158 0.99574667 0.01994078]]
[[0.97760009 0.01831581 0.97708008 0.01780851]]
[[0.97608095 0.01883037 0.98371681 0.02056678]]
[[0.97786858 0.01978897 0.98361791 0.02104036]]
[[0.9780936  0.01660932 0.99929154 0.01837773]]
[[0.98006872 0.01826477 0.9876469  0.02305344]]
[[0.97710827 0.02243927 0.99474573 0.02353424]]
[[0.97800682 0.01483246 0.99623582 0.01867216]]
[[0.97605386 0.01982916 0.99891149 0.02237976]]
[[0.97702168 0.01664438 0.98062663 0.01731218]]
[[0.97696312 0.0200213  0.98104085 0.01796876]]
[[0.97619057 0.01469492 0.99297626 0.01782413]]
[[0.97879756 0.01766324 0.99875509 0.02030126]]
[[0.97808864 0.01634436 0.98915602 0.02045878]]
[[0.97891887 0.02021321 0.99638649 0.02063907]]
[[0.97603585 0.01595398 0.9953959  0.01906237]]
[[0.97878198 0.01923753 0.98363488 0.02076411]]
[[0.97600358 0.02289199 0.98018638 0.02369303]]
[[0.9790025  0.02261229 0.99766699 0.02363054]]
[[0.97675369 0.02099572 0.99176224 0.02229876]]
[[0.9767623  0.0209943  0.97876117 0.02164396]]
[[0.97671988 0.01950285 0.99893836 0.0232927 ]]
[[0.97679679 0.01487474 0.99559558 0.02333459]]
[[0.97629461 0.01231819 0.9840163  0.01334284]]
[[0.97782817 0.01940423 0.98297076 0.02282051]]
[[0.97687479 0.01523669 0.99165953 0.02258325]]
[[0.97713597 0.01330155 0.99451125 0.0217728 ]]
[[0.97851384 0.01723342 0.99818063 0.02123457]]
[[0.97687355 0.01992129 0.9896898  0.02073246]]
[[0.97693178 0.01546422 0.99883214 0.02363986]]
[[0.97742684 0.01415849 0.98766575 0.01576099]]
[[0.97659727 0.02183262 0.98359725 0.02339937]]
[[0.97692636 0.01747321 0.98192042 0.01809491]]
[[0.97732387 0.01485302 0.99846597 0.01911878]]
[[0.97621321 0.01431069 0.98249537 0.01852883]]
[[0.97770159 0.01622756 0.99542021 0.02135179]]
[[0.97741317 0.01695634 0.97833603 0.02192309]]
[[0.98041285 0.01862319 0.9904451  0.02187547]]
[[0.97600542 0.02009304 0.97655852 0.02215597]]
[[0.98071673 0.02090447 0.99059589 0.02229023]]
[[0.98058086 0.01711674 0.98274067 0.02279073]]
[[0.97788693 0.02194451 0.98406085 0.02349857]]
[[0.97910796 0.02189916 0.9886819  0.02363577]]
[[0.97646244 0.01392306 0.99982735 0.02016912]]
[[0.97628824 0.01785624 0.99835489 0.02070067]]
[[0.97907427 0.01565119 0.99678587 0.02013382]]
[[0.97700982 0.02019779 0.97847294 0.02081811]]
[[0.976282   0.01752026 0.99020589 0.02042884]]
[[0.97658526 0.0140473  0.99562951 0.01778428]]
[[0.97683365 0.01412342 0.99785574 0.02266907]]
[[0.97721381 0.01654742 0.99297068 0.0221032 ]]
[[0.97696391 0.01799321 0.97770492 0.01919128]]
[[0.97748223 0.01672671 0.9965348  0.01835449]]
[[0.97795027 0.0191763  0.99766587 0.02102568]]
[[0.97802692 0.01784641 0.99839029 0.02025037]]
[[0.97645202 0.0161832  0.98642219 0.02018718]]
[[0.97659101 0.01693247 0.97650361 0.01837735]]
[[0.97970463 0.01793993 0.9993552  0.02140348]]
[[0.98017623 0.02038291 0.98664285 0.02087534]]
[[0.97885292 0.02245868 0.99298337 0.02267978]]
[[0.97636427 0.01749864 0.99395242 0.01922086]]
[[0.9778301  0.02166327 0.97606842 0.02342924]]
[[0.9766775  0.01440453 0.99912864 0.01689417]]
[[0.97987472 0.02258285 0.99620154 0.02376458]]
[[0.97716919 0.01513254 0.99621966 0.01796527]]
