[[-4.15122944  5.93555741  5.82400446]]
[[ 5.93714233 -4.18935668  5.89719408]]
[[-4.15517857  5.98910689  5.76241819]]
[[ 5.9809784  -4.14668053  5.71030709]]
[[ 5.94748935  5.9255871  -4.35072264]]
[[-4.20502051  5.90567711  5.71225778]]
[[ 5.97687318 -4.27197413  5.92862615]]
[[ 5.82726872  5.96000075 -4.26494515]]
[[-4.31662645  5.77622873  5.96431091]]
[[-4.34364773  5.88904139  5.89922916]]
[[ 5.83481478 -4.14630032  5.90921584]]
[[ 5.97766395 -4.24286544  5.90744085]]
[[ 5.99849707 -4.08244764  5.98471472]]
[[-4.36041418  5.91999686  5.89966889]]
[[ 5.83029117 -3.86679964  5.73801851]]
[[ 5.59878219 -4.05279428  5.980977  ]]
[[ 5.98276021 -4.06557169  5.99487322]]
[[ 5.95782451  5.97619752 -4.17239519]]
[[ 5.95514258  5.54425231 -4.04205595]]
[[-4.08549661  5.92957595  5.93477663]]
[[ 5.4907579  -4.03725314  5.9957714 ]]
[[ 5.86936155  5.83828309 -4.17365214]]
[[-4.18797718  5.86167127  5.97462783]]
[[-4.05924089  5.7979476   5.98607935]]
[[-4.08594531  5.97792125  5.79420576]]
[[ 5.8685012   5.82937854 -4.19897724]]
[[ 5.87720196  5.67498586 -4.01227609]]
[[ 5.95063496  5.65922857 -4.18249732]]
[[ 5.86958894 -4.26703186  5.85870072]]
[[ 5.97400745 -3.96298303  5.7081426 ]]
[[ 5.87145933  5.82156064 -4.06669802]]
[[-4.53726293  5.99634435  5.96847324]]
[[-4.13112881  5.80909435  5.82776327]]
[[-4.04922429  5.97397591  5.82122956]]
[[-4.06052553  5.9541067   5.99211533]]
[[ 5.7581704  -4.23962013  5.93789402]]
[[ 5.68412286  5.74076947 -3.90102079]]
[[ 5.74920106 -4.09407104  5.95125408]]
[[ 5.90346894 -4.06519209  5.61391507]]
[[ 5.82763213 -3.92104118  5.54133104]]
[[-3.96852572  5.74544307  5.94863809]]
[[ 5.87491329  5.77983782 -4.16370435]]
[[-4.06637539  5.68421495  5.97528971]]
[[ 5.98769634  5.96356831 -4.50993088]]
[[ 5.80737658  5.84510345 -4.23789072]]
[[ 5.95860106  5.92191669 -4.00318792]]
[[ 5.80431416 -4.3008705   5.92551533]]
[[ 5.91621925 -4.0722531   5.85751908]]
[[ 5.86322701  5.98761296 -4.4186678 ]]
[[-4.30339323  5.9195404   5.79955441]]
[[ 5.99894509 -4.11042062  5.57285872]]
[[ 5.86595214  5.85512089 -4.28079379]]
[[ 5.9626642   5.81197316 -4.11801948]]
[[ 5.98696293  5.81690295 -4.28774973]]
[[ 5.84355332  5.790568   -4.08126993]]
[[ 5.9669068  -4.04176044  5.58005941]]
[[-4.15804821  5.67481123  5.90993506]]
[[-4.09884402  5.93111323  5.80703435]]
[[ 5.87656875  5.90058154 -4.10243187]]
[[ 5.99265914 -4.27035968  5.70200588]]
[[-4.23981259  5.95840034  5.90871425]]
[[-4.3062062   5.9996871   5.90195444]]
[[ 5.90884291 -4.18069989  5.83457726]]
[[ 5.96063246 -4.34266251  5.96431816]]
[[ 5.92877044 -4.09891624  5.92406901]]
[[ 5.53450026  5.99039941 -3.94557269]]
[[-4.21616529  5.72663946  5.95305628]]
[[ 5.92045479 -4.20362136  5.84369316]]
[[-4.13498768  5.86324122  5.8910513 ]]
[[-3.89406968  5.65298596  5.65942158]]
[[ 5.97045944  5.84301278 -4.12278974]]
[[ 5.9484528   5.88600119 -4.06719117]]
[[ 5.97043626  5.94721204 -4.45817632]]
[[ 5.85120876  5.83643106 -4.12326234]]
[[ 5.52765881 -4.01802231  5.93978793]]
[[ 5.69888649  5.70755374 -3.93645401]]
[[ 5.94497726  5.90202017 -4.23296582]]
[[-3.94338369  5.63097634  5.74613076]]
[[-3.84030701  5.92802926  5.76087619]]
[[ 5.98539256  5.99300222 -4.17214126]]
[[-4.16784737  5.80440891  5.94362441]]
[[-3.91414724  5.88541676  5.94940737]]
[[-4.3050731   5.87432665  5.94637975]]
[[ 5.69656569  5.65402772 -3.89072234]]
[[ 5.76512835  5.86960258 -4.11342123]]
[[-4.07113792  5.62748438  5.93272227]]
[[ 5.93703795  5.83767601 -4.34693414]]
[[ 5.84304088 -4.25998599  5.86335999]]
[[ 5.97515131  5.7688734  -4.2204601 ]]
[[ 5.87237351 -4.06513043  5.92399568]]
[[ 5.75970995 -4.05883587  5.98803755]]
[[ 5.84565569 -4.05467948  5.78339132]]
[[ 5.84730243 -4.2934091   5.99288221]]
[[ 5.75425072 -4.16706853  5.92350487]]
[[ 5.9671662  -4.27573726  5.76552848]]
[[ 5.75293951 -4.21769749  5.90416678]]
[[ 5.99929574 -4.16090819  5.64529364]]
[[ 5.8508088  -4.16092793  5.85834386]]
[[-4.35893699  5.8384144   5.97972564]]
[[ 5.89475732  5.76187969 -4.05781411]]
[[ 5.76401293 -4.05214822  5.7573059 ]]
[[ 5.82580088  5.89891685 -4.17746041]]
[[-4.4684935   5.938644    5.95883255]]
[[ 5.61027669 -4.07336324  5.9832102 ]]
[[ 5.95942381  5.52434756 -4.07159502]]
[[ 5.99693495 -4.15950782  5.77000524]]
[[ 5.81952263  5.73491326 -3.98175927]]
[[-4.36439484  5.99837718  5.85291984]]
[[ 5.72022169  5.93332295 -4.10474971]]
[[-3.87439068  5.95138396  5.97588711]]
[[ 5.81321542 -4.08003253  5.71190531]]
[[ 5.62681181  5.77913881 -3.932311  ]]
[[ 5.7749479   5.96466013 -4.19304842]]
[[-4.33346367  5.91866828  5.97002183]]
[[ 5.91027396 -3.95274503  5.93029598]]
[[-4.01623349  5.95983605  5.69536327]]
[[-3.8335951   5.94697352  5.68080191]]
[[-4.20615512  5.94745694  5.99583296]]
[[ 5.61440809 -4.06970712  5.87801503]]
[[-3.91880728  5.82494326  5.74926829]]
[[ 5.96544676  5.7304128  -3.99067288]]
[[ 5.99979593  5.67180849 -4.24297398]]
[[ 5.97486984  5.98299557 -4.47836012]]
[[ 5.86864916  5.76710306 -4.17321502]]
[[ 5.71506389 -4.16672758  5.89327368]]
[[ 5.69016615  5.97918123 -4.25374627]]
[[-4.08259268  5.93032269  5.57598606]]
[[ 5.78008076 -3.86155062  5.97340489]]
[[ 5.93304457 -4.4840812   5.98763799]]
[[ 5.74064824  5.98233389 -4.11667334]]
[[ 5.92040506  5.86723023 -4.05672518]]
[[-3.91949718  5.70463866  5.91857121]]
[[-4.34824548  5.98200359  5.86570309]]
[[ 5.93598324 -4.28172329  5.85994504]]
[[ 5.85722206 -4.23054418  5.96010397]]
[[ 5.81684396 -4.00858795  5.87829308]]
[[-4.30050271  5.94373732  5.93180688]]
[[ 5.94353115 -4.05183864  5.60974859]]
[[ 5.89295777  5.80348512 -4.16908936]]
[[ 5.70544358  5.96336795 -4.13687165]]
[[ 5.8940185   5.92689609 -4.27711828]]
[[ 5.67413091 -4.06642268  5.84864109]]
[[-4.43086866  5.98526265  5.9078656 ]]
[[ 5.88614957 -3.98882255  5.59245762]]
[[ 5.96336135 -4.12755687  5.71457657]]
[[-4.16563022  5.91275983  5.97637511]]
[[-4.47169801  5.98737514  5.98451522]]
[[ 5.94689014  5.96683585 -4.47588432]]
[[ 5.89379558  5.9967419  -4.46734596]]
[[-4.31760382  5.91875399  5.91376799]]
[[ 5.76992901 -4.2926727   5.94550481]]
[[ 5.82157005 -3.86749584  5.75858078]]
[[ 5.90766898  5.54938793 -4.02794083]]
[[-4.38974531  5.99475877  5.85786507]]
[[ 5.74630763 -4.22472253  5.89958349]]
[[-4.27016676  5.85648384  5.89716804]]
[[ 5.86798069 -4.36507083  5.94016369]]
[[-4.00001157  5.48510001  5.94816622]]
[[-3.95344859  5.86550876  5.86984265]]
[[ 5.81797279  5.95419527 -4.20057894]]
[[-4.07141334  5.92161153  5.67759186]]
[[ 5.89044253  5.8138743  -4.17543169]]
[[ 5.82950846 -4.28029885  5.919126  ]]
[[ 5.92477542 -4.09090496  5.84918591]]
[[-4.10155389  5.79680558  5.80523812]]
