[[0.97643776 0.01354172 0.99901975 0.01636395]]
[[0.97606282 0.01830356 0.97770657 0.01957294]]
[[0.9797336  0.01915648 0.98630749 0.02033698]]
[[0.976368   0.01393991 0.99954118 0.01824459]]
[[0.97746762 0.01884694 0.99474059 0.02252084]]
[[0.97765179 0.01917078 0.9909623  0.02128086]]
[[0.97607719 0.01989704 0.99556615 0.02254254]]
[[0.97613658 0.02114866 0.97686104 0.02051721]]
[[0.98111067 0.01951173 0.98324453 0.01956956]]
[[0.97893898 0.01843509 0.99011466 0.02191846]]
[[0.97714709 0.01399566 0.99457387 0.01463048]]
[[0.97767877 0.01422509 0.98121863 0.01684783]]
[[0.97697087 0.01637457 0.98596192 0.01910422]]
[[0.97684842 0.01770369 0.99599016 0.0224883 ]]
[[0.97660792 0.01874407 0.98067766 0.019044  ]]
[[0.97849316 0.01642639 0.99798264 0.01825213]]
[[0.97691103 0.01789762 0.98525111 0.01696793]]
[[0.97779476 0.01766732 0.99905193 0.02316217]]
[[0.97720291 0.01799967 0.98518206 0.02026472]]
[[0.97667953 0.0196169  0.98330735 0.02279673]]
[[0.97673885 0.01657299 0.99447085 0.02130493]]
[[0.97729545 0.02145074 0.98628507 0.0206791 ]]
[[0.97639471 0.02122013 0.97950459 0.02334717]]
[[0.97631021 0.0214904  0.98177499 0.02319612]]
[[0.97816449 0.02287422 0.99301851 0.02091992]]
[[0.9785935  0.02106629 0.98809916 0.02186946]]
[[0.97910811 0.01960061 0.97833161 0.02344426]]
[[0.97628595 0.01723234 0.99664223 0.02080167]]
[[0.9780899  0.01643532 0.99069325 0.01788241]]
[[0.97744349 0.02198803 0.99646363 0.02325309]]
[[0.97695672 0.0185326  0.98720553 0.01968156]]
[[0.97847167 0.0190125  0.99616878 0.02132885]]
[[0.97607626 0.0131509  0.99224792 0.01712577]]
[[0.97681699 0.01771388 0.99464623 0.0190345 ]]
[[0.97884347 0.01569775 0.97736907 0.01731575]]
[[0.97835198 0.01822951 0.9957681  0.02123897]]
[[0.978574   0.01579493 0.97841465 0.01666652]]
[[0.97678162 0.01679088 0.99883757 0.02139616]]
[[0.97609388 0.01755661 0.97898064 0.01794258]]
[[0.97615652 0.01332334 0.98172763 0.01499609]]
[[0.97652447 0.01620863 0.99558085 0.01810798]]
[[0.97691144 0.01736704 0.98851769 0.01821559]]
[[0.97624992 0.01743111 0.99740131 0.01861404]]
[[0.97835107 0.01846226 0.99726866 0.02012085]]
[[0.97929654 0.01906675 0.97863109 0.02119644]]
[[0.97627996 0.01618571 0.97865771 0.017209  ]]
[[0.97787984 0.01534136 0.99982514 0.02243291]]
[[0.97767721 0.01625819 0.99371148 0.01889916]]
[[0.97910993 0.01815142 0.99893473 0.02180473]]
[[0.97864359 0.01808871 0.9792818  0.02077092]]
[[0.97670448 0.01559346 0.97754402 0.01706886]]
[[0.97664516 0.01988709 0.98452489 0.02286657]]
[[0.97826593 0.01889431 0.99743516 0.02353954]]
[[0.97651277 0.01349274 0.99979269 0.01829881]]
[[0.97642007 0.02349458 0.98665343 0.02290709]]
[[0.97666225 0.01810501 0.98030454 0.0208609 ]]
[[0.97855041 0.01757168 0.99886085 0.02215508]]
[[0.97854433 0.0198915  0.98603422 0.022103  ]]
[[0.97703464 0.01499833 0.99141889 0.01782264]]
[[0.97730709 0.01764738 0.98892851 0.01836575]]
[[0.9787174  0.01876734 0.99467572 0.02122412]]
[[0.97966415 0.01961009 0.98585318 0.01976467]]
[[0.97669131 0.01600079 0.98823097 0.02287086]]
[[0.97870588 0.01826988 0.99706657 0.01917585]]
[[0.9764958  0.02060707 0.98313843 0.02165787]]
[[0.98020159 0.01786661 0.97637956 0.01896612]]
[[0.97820331 0.02239051 0.98856104 0.02160127]]
[[0.97898297 0.01938095 0.99871068 0.0239607 ]]
[[0.9771741  0.01655356 0.98225125 0.01633654]]
[[0.97826284 0.01809614 0.98704599 0.0233492 ]]
[[0.97930134 0.01822339 0.98768647 0.02267887]]
[[0.97741553 0.01559212 0.99693231 0.01942974]]
[[0.9767327  0.01817936 0.98398718 0.02140302]]
[[0.97799909 0.01404859 0.97902908 0.02213066]]
[[0.97601688 0.01820005 0.98739597 0.02131889]]
[[0.98070553 0.02292624 0.98612102 0.02239837]]
[[0.97688353 0.01332948 0.97711165 0.01508781]]
[[0.97818568 0.01862372 0.99860903 0.02087963]]
[[0.97656935 0.01340562 0.99962552 0.01793295]]
[[0.97727715 0.01959121 0.99909454 0.02266788]]
[[0.97804609 0.0196122  0.9833221  0.02197176]]
[[0.97862011 0.01827458 0.98476916 0.01975974]]
[[0.97862874 0.01472222 0.998991   0.02373389]]
[[0.97677638 0.02271902 0.97791391 0.01691881]]
[[0.97802962 0.01661655 0.99521863 0.02033771]]
[[0.97615492 0.0155701  0.99690768 0.01667112]]
[[0.97646564 0.01410752 0.99095271 0.01434238]]
[[0.98038103 0.01984765 0.99352336 0.02066512]]
[[0.97880728 0.02038328 0.98567671 0.02255803]]
[[0.97707214 0.01543082 0.99895834 0.0209577 ]]
[[0.97724939 0.01613647 0.98443703 0.02131242]]
[[0.97835602 0.01904109 0.99006654 0.02270673]]
[[0.97974064 0.016945   0.99308945 0.02342958]]
[[0.97862251 0.02073541 0.99590386 0.02269405]]
[[0.97922795 0.02121131 0.997147   0.02207886]]
[[0.97661073 0.01470176 0.98724091 0.0226848 ]]
[[0.97720875 0.01503687 0.99483285 0.02116273]]
[[0.98025854 0.01655004 0.99788119 0.01945356]]
[[0.97674179 0.02273128 0.98393917 0.02221197]]
[[0.97801744 0.01344857 0.99868691 0.02284541]]
[[0.97872282 0.02215067 0.98814261 0.01924004]]
[[0.9780071  0.01816394 0.99766013 0.01942775]]
[[0.97968281 0.01691495 0.98879305 0.0219348 ]]
[[0.97962252 0.02040356 0.98867601 0.02298588]]
[[0.97679621 0.01484122 0.99987105 0.02171669]]
[[0.97731499 0.01966674 0.97917308 0.01981081]]
[[0.97615679 0.01614397 0.99941563 0.02323362]]
[[0.97728551 0.01916759 0.98668326 0.02099494]]
[[0.97601625 0.0162054  0.98993433 0.02018183]]
[[0.97684841 0.02122456 0.99020559 0.02142001]]
[[0.97635121 0.01281473 0.99777965 0.02264324]]
[[0.97926149 0.01741125 0.99781452 0.01946926]]
[[0.97905694 0.02059879 0.9870387  0.0231768 ]]
[[0.97693663 0.02223002 0.9779337  0.02089429]]
[[0.97750268 0.02093955 0.98172679 0.02056712]]
[[0.97756828 0.01830426 0.99328257 0.02034019]]
[[0.97602126 0.02100652 0.99124641 0.02204959]]
[[0.97991485 0.02214806 0.98970904 0.02312616]]
[[0.97600327 0.01604645 0.99287354 0.0169507 ]]
[[0.98002262 0.01987816 0.99597099 0.02141769]]
[[0.97639238 0.01413874 0.97932124 0.01744197]]
[[0.97672049 0.02212091 0.98065714 0.02248584]]
[[0.97610055 0.01404238 0.99533111 0.01871869]]
[[0.97771366 0.02227888 0.98608441 0.02386182]]
[[0.97665789 0.01641897 0.99254876 0.01744681]]
[[0.97760711 0.01560726 0.97840495 0.01725108]]
[[0.97612382 0.0173759  0.99295188 0.01862911]]
[[0.97674879 0.01880362 0.98395037 0.02220396]]
[[0.97917614 0.01866248 0.99471513 0.02163559]]
[[0.98011523 0.01805653 0.98686966 0.02290198]]
[[0.97689586 0.01761465 0.9832969  0.02043307]]
[[0.9768161  0.01950661 0.98007399 0.02088819]]
[[0.97615451 0.01812927 0.9868823  0.0200348 ]]
[[0.97916054 0.01707093 0.99685295 0.01894923]]
[[0.97867688 0.01593597 0.9919344  0.01994114]]
[[0.976856   0.01281709 0.99831285 0.01513525]]
[[0.97691482 0.01584182 0.97712271 0.01797844]]
[[0.97884052 0.01611273 0.99083863 0.02203579]]
[[0.97851444 0.0180932  0.99767703 0.02353826]]
[[0.97758672 0.02021642 0.99873535 0.02324583]]
[[0.97986113 0.02015627 0.98270352 0.02345458]]
[[0.97609853 0.01470225 0.99237798 0.01594946]]
