[[-5.57594257 -5.35633154  3.57902386]
 [ 0.00751364  1.63295402  1.19300262]]
[[-5.80977642  4.97448481 -5.23332753]
 [ 1.16183666 -1.33313806 -3.69121012]]
[[ 5.62515912 -3.47182306 -5.71650201]
 [-1.00934255  0.43091826 -0.10256242]]
[[-5.09692132 -5.94318595  5.4868634 ]
 [-0.07468268  0.94003261 -0.50026901]]
[[-5.475391   -4.21024323  5.91893615]
 [ 0.99260572  0.54756642 -0.86610166]]
[[-5.1651101   5.29993681 -5.10108353]
 [ 2.39734772  1.50829816 -0.50984069]]
[[-5.55380819 -4.4247344   5.62523601]
 [ 0.88123308 -2.49996375 -2.3342996 ]]
[[-3.73638219  5.77184122 -5.23438865]
 [-4.42914959 -2.18871474  1.07932267]]
[[-5.01501367 -3.87754999  5.44609317]
 [ 0.30928079  0.68931794 -0.82978079]]
[[ 3.52588421 -4.31554504 -5.59468881]
 [-0.59493079 -2.15747799  1.88303153]]
[[ 5.29153351 -5.36789578 -4.11235845]
 [-0.75242998 -1.0124424   0.81878477]]
[[-4.49658678  5.17764689 -3.742839  ]
 [ 1.20276397 -1.66506469 -3.78192608]]
[[-5.55763769  5.23090207 -5.65937802]
 [ 1.95441468 -1.84479111 -1.74398107]]
[[ 4.63079488 -4.11408632 -5.05886703]
 [-1.29698718 -0.2644968   1.03270616]]
[[-5.37526066  5.04273052 -5.69410319]
 [ 0.27263245  1.51021951  1.65913096]]
[[ 5.71876875 -5.80527866 -5.34858956]
 [ 2.60511818  1.19195164  1.47663051]]
[[-5.9803558  -5.90638708  4.66169817]
 [-0.11008353  0.96815698  0.85959863]]
[[-5.92043801  5.58987704 -5.65579536]
 [-3.53831037 -1.24214234  2.47500833]]
[[-5.48451671 -5.80642418  5.77699931]
 [-4.92561971  1.23816145 -1.79826864]]
[[-5.38558912  4.06816776 -5.92910044]
 [ 1.03137311  1.02198442  1.74489741]]
[[-5.09379046  5.91073264 -4.48711073]
 [ 1.10711615 -1.70996036 -3.07291494]]
[[ 4.82996385 -4.92517727 -4.52928555]
 [-0.67435558 -0.14462403 -0.25226644]]
[[-5.99755351  4.46579443 -3.81416024]
 [ 1.37000596  0.13883425  0.47287248]]
[[ 5.76156267 -5.72810622 -5.83804001]
 [ 0.42976948  1.6062063  -1.16391425]]
[[-5.54150975  3.18797178 -5.1858078 ]
 [-0.41461552  0.43517512  1.91761106]]
[[-5.09498124 -4.638633    5.61688077]
 [ 0.34745595  0.62447388  1.09787408]]
[[-3.99449907 -5.40531856  5.29943505]
 [ 0.88935035  1.67984946 -0.8453593 ]]
[[ 2.91607101 -5.6223794  -5.31425022]
 [ 2.73374358  0.8014145   2.15811074]]
[[ 5.89677182 -4.48959776 -2.93649062]
 [-1.97453918  1.12231537 -5.1914706 ]]
[[-5.09697101 -5.69603971  4.48205856]
 [ 2.4558321  -4.81904084 -0.37252807]]
[[-5.59583936 -3.27568264  5.67211633]
 [ 3.3258597  -0.81743984 -0.77096661]]
[[-4.74017825 -4.58089958  4.70211289]
 [ 0.57743417  0.29952351  0.23017589]]
[[ 5.87471702 -5.91301078 -4.44596688]
 [-0.62582078  2.36158086 -5.47709188]]
[[ 3.16758199 -5.98146593 -5.74232775]
 [ 2.10949423  1.94657329 -0.24692402]]
[[-3.9969861  -4.02941824  5.22926018]
 [-1.84806859  0.59098699 -1.61193048]]
[[-5.33984183  5.86678955 -5.95831964]
 [ 0.79408458 -0.13249668  0.91497201]]
[[-4.19895456 -5.04491368  5.02055994]
 [-0.15843117  1.3348464  -0.09019459]]
[[ 3.96488806 -4.99665162 -5.33355512]
 [-0.04529614  1.58432546  1.71866009]]
[[ 3.22959479 -3.35062731 -5.62410242]
 [ 1.22553341 -0.18755359  2.07326362]]
[[-5.1197475   5.12964821 -5.17216671]
 [ 1.46040416  4.63526388  1.11481324]]
[[-5.92246718  5.92639651 -5.11044898]
 [-4.89979973 -1.72652097  1.50053503]]
[[-5.00503045 -3.61321541  5.18147645]
 [ 1.53085021  0.16678554  1.62157528]]
[[-3.72760685  3.25531694 -5.64562333]
 [ 0.54660768  1.65783597  0.61726039]]
[[ 3.21731603 -5.07447135 -4.63506582]
 [ 1.59427917 -0.58543158  2.13979083]]
[[-3.74386327 -5.61992756  5.92734859]
 [-0.12131009  1.74709336 -3.14445824]]
[[ 5.34484145 -5.90222032 -3.83385777]
 [ 4.39998655  1.81819135  0.43053041]]
[[-5.24396175  4.25173208 -4.65426814]
 [ 1.55745428  1.30020875  1.91363846]]
[[-4.09748887 -5.59174174  5.78032661]
 [ 0.76224417  1.72618569  0.89440353]]
[[ 5.12165259 -3.24930897 -5.49563188]
 [-1.74343818 -5.14186342  1.22327017]]
[[ 5.92396409 -5.7951239  -4.90636719]
 [-0.41694424  0.88450933  1.68263149]]
[[-4.70546172 -4.19124872  5.94412667]
 [-5.91983516  1.31881082 -2.26897516]]
[[-4.72685059  5.61428019 -4.04461597]
 [ 0.4992475  -3.27288925 -2.67892664]]
[[ 4.58745474 -5.49442471 -3.35017527]
 [-0.57863153  2.23760388 -3.32084101]]
[[-3.19162861  3.92792267 -3.8440296 ]
 [-0.21598585 -1.21215838 -0.0879673 ]]
[[-5.70169192 -3.72943405  3.49616949]
 [ 1.11604748  0.47326885  2.73048957]]
[[-5.55515004 -5.6638642   4.37413633]
 [ 0.50344362  1.42412513  1.24080365]]
[[-5.14668569  4.15385965 -5.94823299]
 [ 2.08178478 -1.18319355  0.43333136]]
[[-5.90688977  5.06509076 -4.97042552]
 [ 0.53705711 -1.12654316  1.63936113]]
[[-3.39795278  5.44698403 -5.67663264]
 [ 0.13281817 -1.22551354  0.2265188 ]]
[[-5.51377678 -4.94695362  3.90212304]
 [ 1.63015595 -0.51024133  0.87256402]]
[[ 5.85711183 -5.61706816 -3.6735675 ]
 [-2.32449631  1.57591323 -3.15630882]]
[[ 5.44079741 -5.63476139 -3.86878156]
 [-1.20318538  1.85201334 -5.54706307]]
[[-5.04351387  5.64141528 -5.92574001]
 [-1.95819154 -0.4056501   2.27575955]]
[[-5.49556681  5.81970886 -4.49924216]
 [-0.7656949  -2.15820936  0.72469011]]
[[-4.42934735 -4.88026488  5.36256223]
 [ 1.5053399  -4.44036671 -1.45699916]]
[[-5.60225817  2.06519095 -5.43335538]
 [ 2.73251091  4.23232543  1.11024652]]
[[-5.67481975  4.04580866 -4.89314289]
 [-0.02416733 -1.16466592 -0.72146166]]
[[ 5.07791112 -3.96556686 -5.84320689]
 [-2.26653859 -0.85710545  0.41608785]]
[[ 5.1590477  -5.09477885 -5.8869364 ]
 [-0.76905698  1.9630759  -1.12487412]]
[[-5.46075171 -5.57227148  4.49273301]
 [ 1.04874512 -0.76551882 -0.62153869]]
[[-5.81111159  4.83022369 -5.60270902]
 [ 1.4241063  -1.25305494 -5.50609224]]
[[-4.93112835  4.9976201  -5.93276331]
 [ 1.40724696 -2.03019448 -4.80587227]]
[[-5.60617735  5.73115308 -5.69955366]
 [ 1.81375186  1.7931551   0.11049914]]
[[-4.41405935 -4.49823656  4.98134593]
 [-1.25325926  0.74446607 -1.4533796 ]]
[[-3.22483829  3.70632026 -3.55479694]
 [-0.05056807  0.83160974  0.77482754]]
[[-4.29300329 -5.63327097  3.18447582]
 [ 1.26102085  0.97501888  2.60292218]]
[[-5.90468213  5.61539754 -5.57999673]
 [ 2.20863464  2.74361994  1.63727797]]
[[-3.75415348  4.83632635 -5.30249179]
 [-3.43056197 -1.65944404  1.39791048]]
[[ 5.99313817 -5.12589017 -5.24545522]
 [-1.82792939  1.24826676 -1.84040944]]
[[ 5.74342636 -5.94511394 -5.4653649 ]
 [-0.73871902  2.60662551 -3.32149583]]
[[-5.83095591 -4.79191214  5.9893642 ]
 [ 2.05865087 -1.16623339 -0.25144881]]
[[-5.77795923 -5.0215518   5.58339671]
 [ 1.69158928  0.63219326 -1.31032734]]
[[-5.0668018  -5.19518511  5.8804079 ]
 [ 2.46158617  2.14065668 -0.98450091]]
[[-5.2156777   4.9130017  -5.95215749]
 [ 1.67957856 -0.36592686  0.71971654]]
[[ 5.82394138 -5.77274867 -5.89782923]
 [ 0.27148715  2.21257601 -0.65054825]]
[[ 5.50139908 -4.47866911 -5.4478766 ]
 [ 0.4901327  -0.88952013  2.66043749]]
[[ 5.96630539 -4.41144136 -3.89473821]
 [-0.56618688  2.26099784 -2.94544096]]
[[ 5.37811503 -4.29868744 -5.92664218]
 [ 1.14944587 -0.28659034  1.67829321]]
[[-4.27153102  5.90818886 -5.01797656]
 [-2.39944167 -1.21992525  2.13419236]]
[[-5.99108284 -5.95472946  5.86295027]
 [ 2.06950692  1.06535187  0.23986   ]]
[[-5.13337424 -2.48442537  4.58776879]
 [ 1.37091534 -1.16684457 -2.1378279 ]]
[[-4.84281292 -5.76712257  5.68437846]
 [-0.38739568  2.95219906  2.01612043]]
[[-5.05939025  5.49559023 -4.3066577 ]
 [ 0.25011998 -2.15628692  0.14709399]]
[[-2.56353337 -5.52512543  3.62769744]
 [-3.90490087  2.11445829 -0.87906746]]
[[-5.52927146  2.82137466 -4.31844271]
 [ 2.22861038  4.57372866  0.47082516]]
[[-5.84278709  2.94798918 -4.24112418]
 [ 1.63286852  3.09806594  1.11201672]]
[[-4.63883374  4.33644623 -4.13387511]
 [ 0.7366692   1.62038759  0.32113098]]
[[-5.54139678 -4.20668269  5.75385382]
 [ 1.27319735 -3.25245604 -2.8769458 ]]
[[ 5.13805203 -5.89076134 -4.92066238]
 [-0.42966769  1.19245784  1.67159879]]
[[-3.8942345   4.69105252 -5.29363981]
 [-1.94667194 -2.24587731  0.48714546]]
[[ 4.09957489 -5.79112829 -5.89397207]
 [ 2.13982461  1.09251559  0.50531845]]
[[-3.75802314  4.86317868 -4.97509803]
 [ 0.40869031  1.09817591  1.17658284]]
[[ 4.66567446 -5.01361094 -5.31365646]
 [-1.06602908  0.08349038 -0.87186212]]
[[-4.47430137  5.75796411 -2.7662322 ]
 [ 1.35164738 -2.75319112 -2.22638422]]
[[ 4.68922355 -4.55572336 -5.18100713]
 [ 4.51660258  1.65014961  1.48333114]]
[[ 3.04892307 -5.71991768 -5.89624375]
 [ 1.91201232  2.04430693  1.46278189]]
[[ 4.207639   -5.07247926 -4.68570548]
 [-1.78359282  0.64005752  0.64438608]]
[[-5.84448467  5.95553539 -5.6853527 ]
 [ 2.41328852 -2.60345997 -0.63700697]]
[[-5.49343343 -4.15816726  4.0423607 ]
 [-0.29914252  0.34287205 -0.69443236]]
[[-5.53505213 -4.82363289  5.88777047]
 [ 2.06551421  0.09413277  1.48621641]]
[[-4.90536087  2.21753124 -5.40763965]
 [ 0.87282081  4.20521018  1.75068159]]
[[-4.67409765 -5.88926773  5.28707417]
 [ 1.14646382  2.38323388  3.21429651]]
[[-5.92758405 -5.63263985  3.12547991]
 [ 0.3624891   1.86400271  3.1727445 ]]
[[-5.32630171  5.50469245 -4.50540936]
 [ 1.59180674  4.73122094  0.96124073]]
[[-2.80128541 -5.52135389  5.66811204]
 [-2.57325147  2.57792865 -1.16454265]]
[[ 5.0223413  -5.24277371 -5.64009401]
 [ 1.02323417  0.33662656  2.95005584]]
[[-5.23301078  5.4940796  -5.04069684]
 [ 2.27141196 -1.66398609 -5.92151511]]
[[-5.33163891  4.06857045 -5.57145026]
 [ 0.16769628 -1.5112937   0.9580353 ]]
[[-5.69572092  5.18297833 -2.37861839]
 [-0.45264598 -2.67983799 -0.51280972]]
[[ 5.81248741 -5.77421533 -3.92569515]
 [-0.48142388  0.17536551  0.21224331]]
[[-5.8153532   5.56288668 -2.80060332]
 [ 1.69260357 -2.32512738 -2.68952751]]
[[-5.4754438   4.99511734 -4.416604  ]
 [ 0.93550241 -2.41256242 -2.69616111]]
[[ 5.82137751 -5.94034995 -3.26210452]
 [-1.63973216  2.72448454 -5.1013046 ]]
[[ 4.40524212 -4.65796946 -5.67360554]
 [ 5.91956157 -0.23058692  2.33354376]]
[[ 5.61791262 -4.38000673 -3.94878194]
 [-2.24916605 -0.36760391 -0.22276178]]
[[ 5.13790779 -5.38985022 -5.65684239]
 [-1.00550926  1.66361323  0.71771869]]
[[-4.31816419 -4.96793413  5.41097906]
 [ 0.87250205  0.78469643 -0.14513581]]
[[ 4.84418309 -5.35402898 -4.92337977]
 [ 1.5998667   0.57063889  0.23000909]]
[[-5.82937597 -4.78279716  5.60942634]
 [ 1.45894118 -2.33471818 -0.88477592]]
[[-5.67145727  4.94080896 -4.78178682]
 [ 3.0760719   2.45742121 -0.31352988]]
[[-4.02550152  4.24009885 -4.50540157]
 [ 1.28349324 -1.28749802 -3.73524735]]
[[-5.06068697 -4.48462768  5.84108905]
 [-0.15364956  1.31553317  1.17557803]]
[[-4.49854187 -5.91079012  2.02362391]
 [ 1.18544938  1.49521629  1.04667688]]
[[ 5.20772986 -3.48654469 -4.70501345]
 [-0.06508455 -0.19785607  0.97158385]]
[[ 5.10668314 -4.83415278 -2.83985644]
 [-1.25632798  0.94046573 -0.61164882]]
[[-3.90283959 -5.52934971  3.19916793]
 [ 0.67970827  1.71667648  0.2472055 ]]
[[-3.3123516  -4.48717187  5.46771432]
 [-2.14429019  0.57800596 -1.71975608]]
[[-5.80759071 -5.63280923  5.85643686]
 [ 1.88256752 -5.51281446 -2.02751322]]
[[-3.69076012 -5.0848215   4.10066122]
 [ 1.45631101  0.42013391  4.18552821]]
[[-4.53769735 -3.83746934  5.3810949 ]
 [ 1.52249501 -5.35670535 -1.80664522]]
[[-4.30364816 -4.32267504  4.7253927 ]
 [ 0.61689143  0.86346495  1.92190117]]
[[-5.81026128  5.29158848 -5.61902102]
 [ 1.9523553  -0.99143588 -0.73835834]]
[[-5.5314425   4.13685232 -5.14206375]
 [ 1.73370702  0.29352746 -0.54842177]]
[[-5.28733522 -5.40346635  5.40434272]
 [ 1.00397337  0.08834692 -2.14963549]]
[[ 2.98303771 -5.85062892 -5.291     ]
 [ 1.89916017  1.14536937  0.09254306]]
[[-5.77650135 -3.48175772  5.48596761]
 [ 2.10942513 -2.51369601 -0.75372361]]
[[-4.62747024 -3.65223194  3.91749412]
 [ 0.55696052 -0.21652594  0.43160855]]
[[-5.07490069  4.92556862 -5.63565022]
 [ 1.09125501 -1.45723275 -0.87583149]]
[[-4.4010013  -5.03128819  5.44741836]
 [ 0.87403032 -2.45592526 -1.63733282]]
[[ 2.79903951 -5.22421612 -4.99081401]
 [-0.18342019 -2.51590632  2.21998477]]
[[-4.11326167 -5.58651181  3.30918045]
 [-0.68185101  0.42865314 -0.42104904]]
[[-5.5899828   3.82938553 -4.00303954]
 [ 1.77542425  5.16236404  1.0812848 ]]
[[ 4.5346997  -4.92413145 -5.97586709]
 [ 4.68220767  2.38762333 -0.27837664]]
[[ 5.00195756 -4.98061122 -5.91869519]
 [-0.90065189  0.8111387   0.20475216]]
[[-5.2931904  -5.36157424  5.93537222]
 [-0.71675215  1.61585418 -2.03424839]]
[[-5.29145202  4.14072684 -4.56121393]
 [ 0.6046277   0.63637433  0.39120751]]
[[-5.81141148  3.48524335 -4.85690946]
 [ 1.35181941  5.46466634  1.76966722]]
[[ 4.31225432 -5.68611037 -5.51697626]
 [ 3.20255156  0.99992104  1.76346252]]
[[-5.99425812 -5.75927807  3.33093617]
 [ 2.10650608  0.89537684  4.9076752 ]]
