[[ 5.77986835 -4.04001641  5.68811685]]
[[-4.22701197  5.87770925  5.87681247]]
[[ 5.62842535  5.87285169 -4.05710086]]
[[ 5.96404728 -4.30157916  5.87731244]]
[[ 5.92544738  5.52868408 -4.02328613]]
[[-3.94084506  5.67693579  5.76389149]]
[[ 5.91990261  5.67815272 -4.03531851]]
[[ 5.99268867  5.91186047 -4.43978427]]
[[ 5.86054791 -4.32070441  5.98252228]]
[[-4.25693405  5.86747507  5.9662864 ]]
[[-4.21690564  5.90523435  5.90352155]]
[[ 5.68296661 -3.85666317  5.66150797]]
[[ 5.79000228 -3.94593704  5.73112682]]
[[-3.9638071   5.45859249  5.93804586]]
[[ 5.80225937 -3.92274627  5.72631953]]
[[ 5.97438248 -4.03675868  5.5187218 ]]
[[ 5.79541377 -3.92543855  5.7473342 ]]
[[ 5.90917462 -4.24089157  5.80058316]]
[[-4.35890237  5.92475725  5.89009154]]
[[ 5.99315622  5.94493443 -4.04653912]]
[[ 5.96863178  5.48299914 -3.982317  ]]
[[ 5.65310744 -4.17286097  5.96507865]]
[[ 5.81543665 -4.10037742  5.77669663]]
[[-4.03991409  5.81392562  5.70300216]]
[[ 5.87970597  5.97345341 -4.03314112]]
[[ 5.9623796   5.55213898 -3.99868398]]
[[-4.02014012  5.58284684  5.89078799]]
[[ 5.59016959  5.65004976 -3.79541379]]
[[ 5.7778946   5.83236223 -4.06132494]]
[[-3.99782405  5.7809712   5.69397899]]
[[ 5.9073131  -4.27485517  5.98164867]]
[[ 5.58360841  5.92650386 -3.93945901]]
[[-4.06960223  5.70684648  5.85091101]]
[[ 5.97529046  5.96412001 -4.45104203]]
[[ 5.91597885  5.98075259 -3.94248276]]
[[ 5.90994717  5.98099225 -4.42157377]]
[[-4.00975716  5.82224845  5.95602409]]
[[-4.02291853  5.9159783   5.78369267]]
[[ 5.85923034  5.86691739 -4.2193851 ]]
[[ 5.71767054  5.88651554 -4.15350906]]
[[ 5.93192641  5.97258325 -4.44061625]]
[[ 5.68401535  5.87540105 -4.08544327]]
[[-3.95295269  5.69787665  5.89106606]]
[[-4.17615944  5.6539216   5.93422361]]
[[-4.30232168  5.93226526  5.84421403]]
[[-3.8893711   5.92141705  5.49075134]]
[[ 5.96228691 -4.07692936  5.82077357]]
[[ 5.94950821 -3.9157948   5.72492229]]
[[-4.04007349  5.62117693  5.86400995]]
[[ 5.88627738  5.61722462 -3.95124224]]
[[ 5.76055481 -3.99116135  5.68658512]]
[[ 5.86541694  5.99468752 -4.30296146]]
[[-4.32289345  5.92400885  5.97912254]]
[[-4.30455989  5.83613661  5.89665981]]
[[ 5.86800109 -4.06982234  5.84897616]]
[[-4.13944412  5.80918123  5.9270006 ]]
[[ 5.72913173 -4.11537755  5.83151996]]
[[-4.29184527  5.98117108  5.79331313]]
[[ 5.7637913  -4.13589283  5.83970168]]
[[ 5.6582619   5.98380443 -3.95100172]]
[[-4.13339162  5.9568689   5.67587703]]
[[ 5.75044931 -4.17756024  5.91924599]]
[[ 5.95054397  5.84768638 -4.32514475]]
[[ 5.93301405 -4.05065083  5.92030025]]
[[ 5.90451421 -4.43125026  5.93856278]]
[[-3.99204385  5.77618489  5.99280203]]
[[ 5.96156429  5.81438037 -4.2315661 ]]
[[ 5.95286792  5.93323007 -4.46571526]]
[[ 5.93151428  5.73835257 -4.18947495]]
[[-4.07644461  5.97748284  5.91403716]]
[[ 5.99122653  5.81584883 -4.25304197]]
[[ 5.96931278 -4.48348704  5.95773224]]
[[ 5.78058994  5.97690623 -4.16183799]]
[[-4.06101934  5.74227379  5.88528148]]
[[-3.82150994  5.62556094  5.85389822]]
[[ 5.97851723 -4.16662003  5.98665587]]
[[ 5.92653098 -4.29521165  5.82786393]]
[[-4.00326665  5.98149054  5.79185206]]
[[-4.22315766  5.95359562  5.74079411]]
[[ 5.92006841  5.70108258 -4.11344064]]
[[ 5.92962983  5.97555342 -4.45312014]]
[[ 5.91020273 -4.32177152  5.91835173]]
[[-4.32205672  5.91534015  5.85683898]]
[[-4.0320423   5.74620033  5.96527417]]
[[ 5.91236522  5.78300729 -4.23404005]]
[[ 5.92594516  5.73963438 -4.02699864]]
[[-4.01739106  5.74886148  5.87760758]]
[[ 5.99397027 -4.38797595  5.93930144]]
[[ 5.89448465  5.85476213 -4.3272006 ]]
[[-4.20234043  5.95686402  5.69580582]]
[[-4.27338619  5.99481702  5.88456944]]
[[ 5.89747702 -4.34870268  5.98286756]]
[[ 5.65053929  5.9921026  -4.19878415]]
[[ 5.8726136   5.85010869 -4.05291348]]
[[ 5.95119013 -4.29310574  5.7528408 ]]
[[ 5.4766018   5.9373341  -3.97412473]]
[[-4.46273948  5.93020797  5.96422386]]
[[ 5.97017059 -4.20431334  5.983223  ]]
[[ 5.90198896  5.96778357 -4.26716112]]
[[ 5.70113603  5.93687518 -4.08473184]]
[[-4.25029003  5.89375716  5.84659082]]
[[-4.42198246  5.88313933  5.99907886]]
[[ 5.97660629 -4.45467921  5.94904669]]
[[ 5.74955289  5.72674603 -3.93870438]]
[[ 5.92519897 -4.01388688  5.63664428]]
[[ 5.79318541 -4.28049371  5.91590576]]
[[ 5.80065347  5.7806593  -4.11699799]]
[[ 5.76506865 -4.14639709  5.86499843]]
[[ 5.88661134  5.99370523 -4.26757548]]
[[ 5.83031667  5.97373687 -4.38524624]]
[[-4.41359274  5.99649714  5.97475848]]
[[ 5.91113066  5.89838126 -4.08610342]]
[[ 5.59852698  5.9933348  -4.07519333]]
[[ 5.67319179 -3.9123121   5.76967025]]
[[-4.17003393  5.98313809  5.92635355]]
[[ 5.97490348 -4.13146499  5.60993212]]
[[ 5.95748281  5.78043392 -4.13438518]]
[[ 5.91757653 -4.1379593   5.89247169]]
[[-3.89918821  5.6578231   5.98869477]]
[[-4.3446326   5.99413439  5.96651305]]
[[ 5.81138469 -4.16596365  5.88486764]]
[[ 5.98473916  5.99291277 -4.51971132]]
[[-4.2736739   5.97449349  5.80853427]]
[[ 5.8868037   5.70731356 -4.03472361]]
[[ 5.89236367  5.65515713 -4.12336919]]
[[ 5.96919504 -4.33595034  5.80900142]]
[[ 5.88638993  5.87136259 -4.30553295]]
[[-4.34658282  5.96955326  5.97901794]]
[[ 5.9570085  -4.17094688  5.88274393]]
[[ 5.98991399 -4.18354823  5.86643816]]
[[ 5.94093206 -4.29210389  5.77123044]]
[[-3.88314961  5.83833548  5.70482863]]
[[ 5.97246791 -4.14826732  5.93177157]]
[[ 5.8441152  -4.08178096  5.86327789]]
[[ 5.97575596  5.92821302 -4.15279688]]
[[ 5.97394047  5.651149   -4.10383893]]
[[ 5.88110518  5.88168541 -4.20398568]]
[[ 5.99042447 -4.39749787  5.99748705]]
[[ 5.9394638  -4.19751318  5.70662969]]
[[ 5.90236694  5.71771394 -4.08242697]]
[[-4.41658748  5.9701003   5.91034983]]
[[-4.12490852  5.7302358   5.94309297]]
[[ 5.87558235 -4.03179014  5.71651767]]
[[-3.88894479  5.92695922  5.95468277]]
[[ 5.6277496   5.76517285 -3.94314994]]
[[ 5.82770334 -4.32571253  5.98779653]]
[[ 5.87789811  5.87823912 -4.27868034]]
[[ 5.92328989  5.83736778 -3.91925009]]
[[ 5.99142808  5.93054096 -4.03944201]]
[[-4.27214144  5.89948138  5.80939284]]
[[-4.11586692  5.79921743  5.75191517]]
[[ 5.72008734  5.77773577 -4.0656674 ]]
[[ 5.72706595 -4.12230382  5.92981565]]
[[ 5.96124699  5.7153156  -4.17617396]]
[[ 5.94603874 -3.99303002  5.55618353]]
[[ 5.83101105 -4.23406582  5.93015707]]
[[ 5.76307553 -4.03213925  5.85156609]]
[[ 5.95785502 -4.50826869  5.98824385]]
[[ 5.89563265  5.58172645 -3.88195702]]
[[ 5.89139616 -4.02328255  5.94549285]]
[[ 5.94423754  5.8955046  -4.15171251]]
[[-4.04561457  5.67040818  5.96810084]]
[[ 5.69713797  5.89582358 -4.16884692]]
[[-4.42304805  5.9712363   5.99917273]]
[[-3.91189463  5.94057409  5.55963158]]
[[-4.04027831  5.74259589  5.88992148]]
[[-4.44357118  5.94287165  5.98072471]]
[[ 5.95275296 -4.21691693  5.90473477]]
[[-4.26609055  5.97267091  5.76470925]]
[[ 5.99957721  5.90718969 -4.25557989]]
[[-4.25793684  5.95002515  5.8657209 ]]
[[ 5.79042119  5.97994553 -4.28972774]]
[[ 5.78373895 -4.24302363  5.90912188]]
[[ 5.88384534  5.84363234 -4.05111179]]
[[-4.26214951  5.91515005  5.88064761]]
[[ 5.60510898  5.94438891 -4.12638458]]
[[-4.2603734   5.91532167  5.82771459]]
[[ 5.7523819  -4.11842396  5.87235221]]
[[ 5.9664227   5.87188736 -4.40265353]]
[[ 5.63493767 -4.03672626  5.81487765]]
[[ 5.4169572  -3.88375698  5.98874034]]
[[ 5.93026795 -4.3424323   5.91685545]]
