[[0.97681802 0.99162023 0.01605488 0.01762403]]
[[0.97661059 0.98809682 0.0181361  0.02334643]]
[[0.97602224 0.98936601 0.01961139 0.02288031]]
[[0.977194   0.9920357  0.01882914 0.01966289]]
[[0.97761498 0.99885598 0.01614566 0.01821528]]
[[0.98074659 0.98694476 0.01926871 0.01999018]]
[[0.97625857 0.99688153 0.01529507 0.01828231]]
[[0.97639587 0.98238744 0.02153077 0.02289147]]
[[0.97985108 0.97879939 0.02009615 0.02043573]]
[[0.97822875 0.99603623 0.0232896  0.02342247]]
[[0.9763487 0.9988731 0.0151654 0.0194164]]
[[0.97672211 0.99430424 0.01428896 0.01561362]]
[[0.98170282 0.98957606 0.02250339 0.02231257]]
[[0.97762144 0.97729752 0.0213333  0.02344257]]
[[0.97690067 0.98814486 0.01888016 0.02369005]]
[[0.97814172 0.98747151 0.01839512 0.01882229]]
[[0.97725871 0.99162877 0.0217441  0.02268747]]
[[0.97951561 0.98317336 0.01936814 0.02291028]]
[[0.97724858 0.99457697 0.02002228 0.02328163]]
[[0.97695794 0.98978634 0.02118596 0.02154034]]
[[0.97690619 0.98473793 0.01548829 0.01857412]]
[[0.98027945 0.9880704  0.02130673 0.02321739]]
[[0.98065272 0.99465821 0.01868624 0.02187272]]
[[0.9760144  0.99738672 0.01941873 0.0232147 ]]
[[0.97609015 0.99831791 0.01850845 0.02014561]]
[[0.97680991 0.99713816 0.01769248 0.02200029]]
[[0.97836223 0.99605349 0.01739434 0.02191214]]
[[0.97748575 0.99567814 0.01727706 0.01892823]]
[[0.97693012 0.99257816 0.01539672 0.01579215]]
[[0.97638503 0.99003753 0.01905891 0.02012034]]
[[0.97850599 0.97902361 0.01626448 0.01764888]]
[[0.97810751 0.97899156 0.01918011 0.01978429]]
[[0.97630413 0.99768057 0.02002906 0.02193544]]
[[0.97794489 0.99839863 0.01618681 0.02141822]]
[[0.97980256 0.99362551 0.02129345 0.02369276]]
[[0.97682954 0.98634342 0.0132116  0.01969084]]
[[0.97804857 0.97942576 0.01573056 0.02066813]]
[[0.97683556 0.9929371  0.01660796 0.01883861]]
[[0.9780685  0.99624564 0.01806828 0.02362971]]
[[0.97615337 0.98890206 0.01555678 0.02340142]]
[[0.97735986 0.99651322 0.01617052 0.01876497]]
[[0.97603744 0.99831192 0.01346327 0.01980426]]
[[0.9764359  0.97836108 0.01617236 0.02170659]]
[[0.97919811 0.99712194 0.02014197 0.02114074]]
[[0.97746593 0.98062997 0.0171875  0.02107818]]
[[0.97775284 0.99896468 0.01530429 0.02219197]]
[[0.97796669 0.97901867 0.01797867 0.01882013]]
[[0.97832526 0.99445601 0.01747512 0.02113398]]
[[0.97750963 0.9971151  0.01795165 0.02160509]]
[[0.97716641 0.98700545 0.01874833 0.019078  ]]
[[0.97723053 0.98303632 0.02016749 0.02398427]]
[[0.9779716  0.99653195 0.01741273 0.02157915]]
[[0.97680285 0.99599668 0.01588474 0.02118238]]
[[0.97853341 0.99882684 0.01941784 0.02079317]]
[[0.9762163  0.98525271 0.01714671 0.01756789]]
[[0.97674343 0.9809543  0.01573881 0.0183466 ]]
[[0.97606848 0.9803947  0.01803612 0.02051307]]
[[0.97600201 0.98291722 0.01419427 0.01655909]]
[[0.97971681 0.9785019  0.02092769 0.02180293]]
[[0.97802149 0.99225741 0.01664055 0.02272275]]
[[0.97617761 0.99553753 0.01313977 0.01579627]]
[[0.97719073 0.985146   0.01711742 0.0218669 ]]
[[0.97691374 0.98753179 0.02352783 0.02345218]]
[[0.97697265 0.9904545  0.0193979  0.02382319]]
[[0.98131299 0.98530853 0.02327804 0.02279464]]
[[0.979943   0.99217747 0.01948938 0.02250904]]
[[0.97946281 0.99928582 0.0197774  0.02384095]]
[[0.97852896 0.99744007 0.016855   0.02058335]]
[[0.97654381 0.99917466 0.01802746 0.02177726]]
[[0.97647872 0.98176625 0.0163538  0.0232578 ]]
[[0.97835406 0.99412604 0.01919557 0.02117358]]
[[0.97643138 0.97945785 0.02318442 0.02264888]]
[[0.97927723 0.98267179 0.0193632  0.01748216]]
[[0.97906293 0.97639402 0.02165548 0.02098342]]
[[0.97608058 0.98405859 0.01728769 0.02332734]]
[[0.97628635 0.99104709 0.01503262 0.01879214]]
[[0.97923228 0.99125295 0.02066413 0.02186238]]
[[0.97649111 0.99428479 0.01967688 0.02191803]]
[[0.97658605 0.98139152 0.02014979 0.02095606]]
[[0.97896272 0.98869757 0.02005239 0.02061738]]
[[0.97706112 0.99759812 0.01757183 0.01874349]]
[[0.97763913 0.99245428 0.02198667 0.0213113 ]]
[[0.97677656 0.99621487 0.01609142 0.01724515]]
[[0.98227628 0.99418438 0.02318829 0.02398441]]
[[0.97734234 0.99506093 0.01608286 0.01775836]]
[[0.97761806 0.98702433 0.01483689 0.01804036]]
[[0.97763117 0.98442044 0.0158204  0.0179857 ]]
[[0.97614155 0.97898848 0.02099241 0.02036748]]
[[0.9762081  0.98248911 0.01251275 0.01574508]]
[[0.9793488  0.99898985 0.01476669 0.02365595]]
[[0.97610172 0.9787191  0.0203899  0.02023997]]
[[0.97631537 0.9941793  0.01501398 0.02087469]]
[[0.97947212 0.99955136 0.01669922 0.02006154]]
[[0.97617225 0.98138129 0.02219023 0.02010472]]
[[0.97625633 0.999236   0.01570677 0.02354255]]
[[0.9778207  0.99749246 0.01805906 0.02054422]]
[[0.97631657 0.99771753 0.02086366 0.02334588]]
[[0.97819859 0.99065875 0.0169204  0.01752718]]
[[0.97897458 0.98704197 0.01574018 0.01578682]]
[[0.97684836 0.99932656 0.01662595 0.01993321]]
[[0.97669046 0.97868285 0.01943773 0.01750915]]
[[0.976962   0.98836468 0.01570306 0.01808325]]
[[0.97668346 0.99173495 0.01444451 0.0150095 ]]
[[0.98141056 0.97952319 0.01928114 0.020354  ]]
[[0.9780102  0.97937645 0.02392209 0.02329189]]
[[0.97625075 0.99352193 0.02250409 0.02304861]]
[[0.97693804 0.99641656 0.02170161 0.02281132]]
[[0.97990233 0.99366001 0.01855783 0.02127274]]
[[0.97887645 0.98360924 0.01704593 0.01781024]]
[[0.97743897 0.98909513 0.01720541 0.01905107]]
[[0.9781269  0.98055344 0.02282402 0.02291085]]
[[0.97856293 0.99602078 0.02260809 0.02283061]]
[[0.97655688 0.98541302 0.01825927 0.0189229 ]]
[[0.977363   0.97756629 0.02090789 0.0231751 ]]
[[0.9794661  0.99257285 0.02362627 0.02210348]]
[[0.97742572 0.97875877 0.01546869 0.01709736]]
[[0.97935223 0.98490373 0.02050288 0.02090614]]
[[0.97633052 0.99113825 0.01676327 0.02112475]]
[[0.97741872 0.98017615 0.01959339 0.01925054]]
[[0.97623608 0.99241845 0.01518417 0.01775566]]
[[0.97677162 0.9787776  0.01682826 0.01826406]]
[[0.9774041  0.99022223 0.02256577 0.02379397]]
[[0.97600499 0.9888977  0.01468581 0.02196572]]
[[0.97637054 0.97974923 0.02057226 0.02230524]]
[[0.97722923 0.97999188 0.02131303 0.02361225]]
[[0.97711631 0.9981419  0.02386122 0.02274739]]
[[0.97755882 0.98766416 0.01947563 0.02181558]]
[[0.97643916 0.98485206 0.01521298 0.02139044]]
[[0.97610858 0.99858575 0.01588589 0.02385221]]
[[0.97644436 0.99912493 0.01668641 0.02190956]]
[[0.9764111  0.98553496 0.01495299 0.01822782]]
[[0.97870539 0.99905173 0.01817509 0.02093708]]
[[0.97681886 0.98533156 0.01544457 0.02000873]]
[[0.97604402 0.98308666 0.01489981 0.01715886]]
[[0.97970852 0.98717312 0.02147637 0.02385421]]
[[0.97878706 0.98886359 0.01889604 0.01782757]]
[[0.97759575 0.98253152 0.01940832 0.02241266]]
[[0.97693558 0.97743778 0.02088457 0.02295908]]
[[0.97620902 0.98097062 0.02318681 0.02288532]]
[[0.97631463 0.99018991 0.02038231 0.0209985 ]]
[[0.97915623 0.98198619 0.01718492 0.02399903]]
[[0.97853885 0.99496978 0.02175645 0.02312485]]
[[0.97603771 0.97729677 0.021046   0.02022659]]
[[0.97743454 0.98138336 0.02209481 0.02188126]]
[[0.97898583 0.99496643 0.02067661 0.02300806]]
[[0.97626235 0.98694849 0.01752003 0.01841152]]
[[0.97638943 0.99792744 0.01220632 0.01380887]]
[[0.97643556 0.98014004 0.0168001  0.02092716]]
[[0.97694364 0.98631208 0.01733839 0.02145236]]
[[0.98052077 0.97992614 0.02112217 0.01884545]]
[[0.9798696  0.98794495 0.01738856 0.02037707]]
[[0.97604668 0.98208823 0.02235257 0.0139594 ]]
[[0.97820547 0.9890184  0.01758968 0.02029662]]
