[[ 5.76141504 -4.17990935  5.93597024]]
[[ 5.92608912 -4.39563552  5.96282074]]
[[ 5.84778232 -4.17630485  5.83949928]]
[[ 5.93138914 -4.1933991   5.90567303]]
[[ 5.85652957  5.97662775 -4.39354783]]
[[ 5.76038153  5.76929198 -4.10816966]]
[[ 5.84021665  5.79620374 -4.11172612]]
[[ 5.85656243 -4.04570271  5.77932338]]
[[ 5.8321994  -4.18366827  5.87279688]]
[[-4.06188691  5.81208427  5.77936868]]
[[ 5.79563972 -4.1954891   5.92428679]]
[[-4.19626878  5.94723409  5.95002727]]
[[-4.44621975  5.93770299  5.9804469 ]]
[[ 5.86949842 -4.20873337  5.82357561]]
[[ 5.99953203 -3.96327192  5.5918722 ]]
[[-4.27290421  5.94411073  5.87264665]]
[[-4.28739209  5.81095276  5.92400089]]
[[ 5.95970432 -4.00385401  5.9896898 ]]
[[ 5.73030854  5.86520851 -4.12507253]]
[[ 5.69196512 -4.23330594  5.96622718]]
[[-4.37786292  5.99851453  5.97288457]]
[[-4.17701187  5.76714052  5.90528666]]
[[ 5.96650164  5.9962122  -4.27880549]]
[[ 5.95432284  5.80773295 -4.08799689]]
[[ 5.93448527  5.93481775 -4.30757095]]
[[-4.14190058  5.89255723  5.91547081]]
[[ 5.9668831  -4.1637983   5.83686373]]
[[-4.26741808  5.95047562  5.92313009]]
[[-4.11570614  5.89739155  5.81878319]]
[[-4.45323924  5.96024566  5.95887881]]
[[-4.08751305  5.67752739  5.95507084]]
[[ 5.95631042  5.79376149 -4.20362099]]
[[ 5.83116896  5.62499952 -4.03116009]]
[[ 5.90621254 -4.45193945  5.97096961]]
[[ 5.94952968 -4.38659776  5.88298398]]
[[-4.02127754  5.85893642  5.8620662 ]]
[[ 5.83050097  5.81387046 -4.01967814]]
[[-4.03531808  5.92815742  5.68318284]]
[[ 5.88662349 -3.98051647  5.85556257]]
[[ 5.98747296 -4.29835203  5.93448276]]
[[ 5.95738169 -4.26674741  5.85711344]]
[[ 5.88323176 -4.14738819  5.80787057]]
[[ 5.94814331  5.83133872 -4.27519858]]
[[-3.96712259  5.48137485  5.93920342]]
[[ 5.97434618 -4.20525122  5.80631886]]
[[ 5.38248241 -3.88276344  5.91960652]]
[[-4.19030353  5.94048109  5.80850673]]
[[-4.39392991  5.90111179  5.94754807]]
[[-4.1107652   5.91758368  5.63484064]]
[[-4.16075822  5.63962233  5.9976287 ]]
[[ 5.97387167  5.92912398 -4.48524611]]
[[ 5.97608112  5.95011958 -4.25678507]]
[[-4.31926169  5.99737217  5.74558652]]
[[ 5.98467118  5.71912546 -4.19910201]]
[[-3.86030111  5.44416735  5.83505857]]
[[-4.18332296  5.85443843  5.79752673]]
[[-3.93094514  5.83425491  5.91525413]]
[[ 5.74825007 -4.19487457  5.87581816]]
[[ 5.73143878 -4.13199973  5.92589017]]
[[ 5.87019123  5.73423236 -3.96172047]]
[[ 5.91448594  5.9701386  -4.47050379]]
[[-3.94161186  5.87638619  5.82320621]]
[[-3.89986041  5.98673798  5.39407253]]
[[ 5.90005829 -4.26595906  5.93843752]]
[[ 5.93132511  5.80340837 -4.21164276]]
[[ 5.65833899 -3.95305537  5.85254733]]
[[-4.24735898  5.87921914  5.95572389]]
[[-3.99309426  5.93136791  5.86221578]]
[[ 5.9817164   5.96797595 -4.00840114]]
[[ 5.97991704  5.73466578 -4.1570088 ]]
[[ 5.87118276  5.99369448 -4.4485375 ]]
[[-4.3972736   5.96006101  5.91491689]]
[[ 5.83475805 -4.26908517  5.99634871]]
[[ 5.73962354 -4.03780095  5.81508308]]
[[ 5.70334167 -4.00676404  5.86888028]]
[[-4.23058954  5.91557164  5.85800855]]
[[ 5.96630857  5.96730612 -4.49736459]]
[[ 5.91170094 -4.21203996  5.8270418 ]]
[[ 5.97273257 -4.15922467  5.93862952]]
[[ 5.75898202  5.76431686 -3.97926997]]
[[ 5.8580426   5.96352765 -4.351705  ]]
[[ 5.94445172  5.75233646 -4.23667461]]
[[ 5.82715936 -4.24509448  5.86059212]]
[[-4.25849956  5.93249921  5.83087231]]
[[ 5.76850025 -4.13629372  5.88489522]]
[[ 5.69565642  5.79401826 -4.06366965]]
[[ 5.99790788 -4.35608956  5.81533432]]
[[-4.46591059  5.98951877  5.98649236]]
[[-4.46272081  5.99888052  5.87659542]]
[[ 5.63168716 -4.15484458  5.9950392 ]]
[[ 5.99426303 -3.99561045  5.6785678 ]]
[[ 5.78918997  5.75885805 -4.06861627]]
[[ 5.97418074  5.7430787  -4.10457539]]
[[-4.06642144  5.90110827  5.62247384]]
[[-4.14694643  5.85219866  5.94909437]]
[[ 5.91720349 -4.21307729  5.8412635 ]]
[[-4.24137911  5.78364416  5.95011012]]
[[-4.21914287  5.88451942  5.7508679 ]]
[[ 5.92330737  5.60920286 -4.07220174]]
[[ 5.98527779 -4.00131219  5.63625075]]
[[ 5.94326158  5.97632413 -4.38587806]]
[[-4.10440077  5.91503198  5.76628846]]
[[ 5.79918554 -4.01609534  5.73761295]]
[[-4.009098    5.81445234  5.85115973]]
[[ 5.88799853  5.89065497 -4.34985797]]
[[ 5.99151948 -3.89534398  5.91469992]]
[[ 5.88707473 -4.01628343  5.84544214]]
[[ 5.7639797   5.72071969 -4.05051606]]
[[ 5.63451555  5.9976531  -4.19486529]]
[[ 5.85187801 -4.07743981  5.78295245]]
[[-4.34440059  5.87463665  5.92697146]]
[[-4.14502297  5.74093762  5.85567014]]
[[ 5.86628826 -4.16303888  5.71099304]]
[[ 5.97051783  5.60035147 -3.99685585]]
[[ 5.78320116 -4.08692348  5.97066816]]
[[ 5.89723182  5.95759513 -4.0434962 ]]
[[-4.04814531  5.89503119  5.94300646]]
[[-4.10724509  5.97824271  5.96317081]]
[[ 5.99566289  5.78928933 -4.34983688]]
[[ 5.79433384 -4.27920029  5.9211009 ]]
[[ 5.59394858  5.96758723 -3.9344459 ]]
[[ 5.85527456 -3.83708302  5.84369839]]
[[ 5.91634244  5.97391676 -4.47128345]]
[[-4.17545027  5.78635733  5.9417089 ]]
[[-4.34471673  5.91305167  5.92456827]]
[[ 5.87348446  5.98320363 -4.180807  ]]
[[ 5.82930025 -4.25367512  5.90873317]]
[[-4.33950539  5.84510971  5.95960891]]
[[-3.90417624  5.97015998  5.44434883]]
[[-3.99467246  5.69453397  5.71655753]]
[[ 5.91282644 -4.14034117  5.84530479]]
[[ 5.92273783  5.91981154 -4.33142613]]
[[ 5.92530786  5.92249632 -4.41599314]]
[[ 5.84910024  5.94146822 -4.2960699 ]]
[[ 5.97635695  5.86676957 -4.20173381]]
[[-4.20023656  5.9701105   5.80876112]]
[[ 5.73594108 -4.25346094  5.98582569]]
[[ 5.87827479  5.96102903 -4.37689181]]
[[-4.10164936  5.75109703  5.9723595 ]]
[[-4.20931347  5.79990731  5.90647748]]
[[ 5.99888501 -3.91990552  5.43658817]]
[[ 5.71440623 -4.14579306  5.99411242]]
[[-3.98816528  5.90719388  5.73233349]]
[[ 5.94324221  5.95773412 -4.35663897]]
[[ 5.98419717 -4.18870557  5.78286693]]
[[ 5.43351793  5.98024374 -3.81685977]]
[[ 5.72849664 -4.17014825  5.85759912]]
[[ 5.94515158  5.96010384 -4.33758659]]
[[-4.33317066  5.93836947  5.90275049]]
[[ 5.67647356  5.90700033 -4.07060264]]
[[ 5.74594939 -4.0336523   5.86698086]]
[[-4.09369208  5.89906037  5.82646929]]
[[ 5.81216664  5.6573738  -3.81499716]]
[[ 5.71284891  5.98076434 -4.12716846]]
[[ 5.9092325   5.97927233 -4.37384564]]
[[ 5.98982155  5.89430563 -4.32651405]]
[[-4.13460806  5.74037051  5.90568537]]
[[ 5.80281127  5.65598229 -4.04652729]]
[[ 5.93464834  5.7915684  -3.93085507]]
[[ 5.92600101 -4.34995782  5.95858523]]
[[ 5.80575622  5.98517159 -4.05907818]]
[[ 5.96001284  5.77141769 -4.31445939]]
[[ 5.63293544  5.81290783 -4.03097261]]
[[ 5.81625823  5.96527039 -4.08885104]]
[[ 5.96973729 -4.17334517  5.72888961]]
[[-4.39924834  5.87305627  5.93714437]]
