[[0.97620006 0.99424131 0.01997914 0.02226456]]
[[0.9773294  0.98208586 0.01545493 0.02011927]]
[[0.97638761 0.97908334 0.02287414 0.02322598]]
[[0.97746494 0.999847   0.01549348 0.02269181]]
[[0.97623345 0.99659903 0.02276074 0.02305866]]
[[0.97702243 0.98236701 0.02191855 0.02269284]]
[[0.97771639 0.9849825  0.02119975 0.01888578]]
[[0.97662378 0.99923139 0.01282333 0.01753662]]
[[0.97727234 0.99281414 0.01996657 0.02092565]]
[[0.97786938 0.99656139 0.01507145 0.01744357]]
[[0.97803135 0.98438628 0.01734958 0.01978413]]
[[0.97688542 0.99334738 0.02195158 0.02245099]]
[[0.97785167 0.98773151 0.02111528 0.02176264]]
[[0.97625648 0.98181084 0.0235181  0.02199749]]
[[0.97818106 0.98747814 0.02283536 0.02236488]]
[[0.97652749 0.9897614  0.01888083 0.02209966]]
[[0.9783032  0.98387438 0.02362348 0.0229469 ]]
[[0.97667056 0.97671217 0.01645745 0.01598209]]
[[0.97652291 0.98716784 0.01973096 0.01831983]]
[[0.98103059 0.98958117 0.02361548 0.02377074]]
[[0.97667566 0.99801223 0.02001788 0.02349715]]
[[0.97640085 0.99489455 0.01683074 0.02107527]]
[[0.97692991 0.99909685 0.01816619 0.0223362 ]]
[[0.9767632  0.99727678 0.01947465 0.02288629]]
[[0.98035341 0.97823658 0.01946078 0.02076761]]
[[0.9771997  0.97641297 0.02149828 0.02394212]]
[[0.97649479 0.99804588 0.01852875 0.0231135 ]]
[[0.97639486 0.98397116 0.02329718 0.02381294]]
[[0.97756551 0.98155815 0.01883342 0.01936764]]
[[0.97676447 0.99816574 0.01959144 0.02219722]]
[[0.97826918 0.99769525 0.01467462 0.01724894]]
[[0.97780247 0.97649939 0.02088161 0.02159885]]
[[0.9768893  0.97942602 0.0200089  0.02133326]]
[[0.97689171 0.98835208 0.01349553 0.01543087]]
[[0.98160526 0.97919547 0.01995142 0.02391296]]
[[0.97667624 0.98573381 0.01278985 0.01610775]]
[[0.97985123 0.9920682  0.02207513 0.02352208]]
[[0.97892518 0.97911642 0.02142413 0.02259825]]
[[0.97709842 0.98471992 0.02012494 0.02173109]]
[[0.97646243 0.99208564 0.01824899 0.02112556]]
[[0.97661383 0.99312291 0.02025912 0.01741707]]
[[0.97672867 0.9850525  0.01816183 0.02189597]]
[[0.97850057 0.98591029 0.02216001 0.02320844]]
[[0.97601368 0.99972456 0.01598305 0.02370659]]
[[0.97673076 0.98563535 0.0155561  0.01857316]]
[[0.97727714 0.99370096 0.02145672 0.02306459]]
[[0.97922611 0.98879092 0.01773565 0.01958962]]
[[0.97975348 0.99356602 0.02359495 0.02339489]]
[[0.97639841 0.98604856 0.01932955 0.02388242]]
[[0.97760198 0.98126451 0.02126359 0.02187971]]
[[0.97652328 0.97873717 0.01944885 0.02162492]]
[[0.97765538 0.99189473 0.0154154  0.01599791]]
[[0.97790625 0.99034118 0.01864279 0.01644424]]
[[0.97620317 0.97718821 0.01556182 0.01518762]]
[[0.9786177  0.99033049 0.02121472 0.02360445]]
[[0.97808379 0.99038996 0.01792155 0.0185878 ]]
[[0.97640026 0.9851347  0.0201876  0.02018007]]
[[0.97682695 0.99690715 0.01539001 0.02335957]]
[[0.97665613 0.97667436 0.02201266 0.02341482]]
[[0.97907231 0.98950041 0.0208725  0.02351594]]
[[0.97701538 0.9948711  0.02028415 0.02337126]]
[[0.97693418 0.99895114 0.01597935 0.01901255]]
[[0.97671858 0.99353993 0.01408476 0.02080074]]
[[0.98018558 0.98703315 0.02195474 0.02282877]]
[[0.97601182 0.99648199 0.01259169 0.013308  ]]
[[0.97993426 0.99159249 0.02023765 0.02145663]]
[[0.97751553 0.99376709 0.01682053 0.01734082]]
[[0.97611177 0.99316489 0.01388351 0.01964805]]
[[0.9768015  0.99405421 0.02171456 0.02156286]]
[[0.98030575 0.99495302 0.01809553 0.02011949]]
[[0.97762139 0.97791684 0.01604863 0.01927832]]
[[0.97638048 0.9984129  0.01176617 0.01351359]]
[[0.97807222 0.97644116 0.01945288 0.01889084]]
[[0.97775774 0.98059888 0.02384669 0.02185437]]
[[0.97873034 0.98117225 0.02317604 0.02323255]]
[[0.98014562 0.99856787 0.0167306  0.02038835]]
[[0.97655999 0.99586548 0.0159008  0.02157464]]
[[0.97986663 0.98215151 0.02065063 0.01991266]]
[[0.97669749 0.99767221 0.01594961 0.01812939]]
[[0.97710902 0.99607134 0.02062556 0.02201576]]
[[0.97647836 0.99618337 0.01359402 0.02034745]]
[[0.97709864 0.9917733  0.01473973 0.02387616]]
[[0.97645606 0.98986046 0.02071156 0.01535724]]
[[0.9789528  0.9864169  0.01832853 0.02214235]]
[[0.97658457 0.98528115 0.02115189 0.02374119]]
[[0.97852781 0.98591562 0.0232308  0.02204296]]
[[0.97821566 0.98352005 0.0216225  0.0232222 ]]
[[0.97752561 0.9960785  0.01707817 0.01880195]]
[[0.97613116 0.99953697 0.0154634  0.01988958]]
[[0.97645844 0.99448594 0.01880571 0.02233534]]
[[0.97818285 0.98349732 0.01573531 0.0217947 ]]
[[0.97737513 0.99487293 0.01375899 0.02326536]]
[[0.97638394 0.9923712  0.01667713 0.01799129]]
[[0.97885343 0.99843726 0.02198001 0.0222677 ]]
[[0.97600126 0.98831096 0.01562504 0.01826424]]
[[0.97633724 0.9953284  0.02032479 0.02379391]]
[[0.97624328 0.97995036 0.02119597 0.0151173 ]]
[[0.97965848 0.99655565 0.02242906 0.02132937]]
[[0.97814666 0.99496721 0.01620055 0.02393001]]
[[0.97761314 0.99004695 0.01952651 0.02264414]]
[[0.97691077 0.98893004 0.01747294 0.02088281]]
[[0.97657203 0.98440405 0.01376107 0.01959978]]
[[0.97669455 0.9911526  0.02084855 0.01889512]]
[[0.97744086 0.99163382 0.02161061 0.02229904]]
[[0.97755481 0.99291444 0.02129256 0.02230561]]
[[0.97620736 0.99989212 0.01472034 0.02153174]]
[[0.97661865 0.98242369 0.02072177 0.02185798]]
[[0.97683861 0.98506267 0.01794763 0.02283298]]
[[0.97825466 0.991866   0.01947496 0.02311058]]
[[0.9760934  0.99262558 0.018673   0.02253951]]
[[0.97766105 0.99141993 0.0142824  0.01439091]]
[[0.97940111 0.98819255 0.01794851 0.02086957]]
[[0.97720899 0.99379179 0.01943108 0.02236858]]
[[0.97736306 0.97705124 0.0234057  0.02354465]]
[[0.97956239 0.97998456 0.02214227 0.0216894 ]]
[[0.97649337 0.99202257 0.01843437 0.02395165]]
[[0.97815649 0.99648785 0.01808444 0.01987801]]
[[0.97887702 0.99443585 0.01697285 0.02138979]]
[[0.97964103 0.99315975 0.02118113 0.02182681]]
[[0.97828945 0.97606205 0.02086688 0.01868536]]
[[0.97736017 0.99725592 0.01621173 0.02131673]]
[[0.97654576 0.99584717 0.0133716  0.0201393 ]]
[[0.97712739 0.999704   0.01586271 0.02308009]]
[[0.97767995 0.99010193 0.01851434 0.02394405]]
[[0.97615567 0.98199257 0.01820074 0.01979222]]
[[0.97636535 0.98501394 0.0174037  0.01715378]]
[[0.97648015 0.99078928 0.01470918 0.02133467]]
[[0.97814    0.99565698 0.01456365 0.02242799]]
[[0.97884305 0.97680386 0.0218573  0.02385899]]
[[0.97888441 0.99951541 0.01609812 0.0190455 ]]
[[0.97610799 0.97764344 0.02048945 0.0160054 ]]
[[0.97875183 0.98097519 0.02148949 0.02323571]]
[[0.97972704 0.99358168 0.01638467 0.01914355]]
[[0.97839114 0.99763963 0.01820105 0.02289361]]
[[0.97967932 0.99644173 0.01632061 0.02295677]]
[[0.97725996 0.98587611 0.01915567 0.01899158]]
[[0.97767352 0.99071435 0.01759534 0.0217321 ]]
[[0.97801591 0.99834341 0.01291006 0.01737124]]
[[0.97643833 0.98884389 0.01900961 0.01786728]]
[[0.97744151 0.9847687  0.01904531 0.02057192]]
[[0.97661348 0.99966572 0.01260561 0.01994933]]
[[0.9775599  0.9936177  0.01792047 0.01917145]]
[[0.97768994 0.9881841  0.01877319 0.02103843]]
[[0.98194918 0.9944189  0.02202648 0.02333173]]
[[0.97645204 0.9991119  0.02000119 0.02291452]]
[[0.97690772 0.99744065 0.0142619  0.01638591]]
[[0.97676823 0.98905795 0.01444018 0.01584179]]
[[0.98055834 0.99404057 0.02029572 0.02276756]]
[[0.98094643 0.98550564 0.02005788 0.02122337]]
[[0.97630165 0.98656054 0.01470876 0.01885222]]
[[0.97628468 0.98668617 0.01922038 0.01928395]]
[[0.97624865 0.98308279 0.02323273 0.02179078]]
[[0.97740757 0.99555035 0.01731267 0.02085927]]
[[0.97702699 0.97905355 0.01862668 0.02337457]]
[[0.97712558 0.98969933 0.01952497 0.02012223]]
[[0.97732489 0.99359915 0.0151635  0.01686616]]
[[0.9779307  0.9761541  0.02210924 0.02153262]]
[[0.97631435 0.99710856 0.01271426 0.02013985]]
[[0.97806947 0.98919273 0.02181341 0.02390499]]
[[0.98029156 0.99691623 0.01990486 0.0208304 ]]
[[0.97904119 0.98451868 0.02046517 0.02031975]]
[[0.97804256 0.98796171 0.01840603 0.02373716]]
[[0.97615524 0.98963254 0.01790302 0.01796534]]
[[0.97754828 0.97762809 0.01311044 0.01352914]]
[[0.97799329 0.97974298 0.02320679 0.02255406]]
[[0.97803552 0.99052457 0.0197789  0.02233748]]
[[0.97679735 0.98208558 0.01443877 0.01502733]]
[[0.9785487  0.99928263 0.01644798 0.02257769]]
[[0.97669815 0.99050956 0.01566017 0.01913795]]
[[0.97865984 0.99939844 0.01621714 0.02145623]]
[[0.97766265 0.97756702 0.01736309 0.01956262]]
[[0.9768043  0.98123342 0.01424284 0.0154084 ]]
[[0.97645278 0.99524744 0.02115617 0.02121157]]
[[0.97892119 0.98823552 0.01863332 0.02201467]]
[[0.9773973  0.99664301 0.01586396 0.01885868]]
[[0.97614359 0.98103744 0.01785399 0.01805299]]
[[0.97682722 0.99858396 0.01609892 0.01953088]]
[[0.97709335 0.99106712 0.01878315 0.02143866]]
[[0.9762892  0.98373694 0.01339468 0.01378001]]
[[0.97602659 0.99174777 0.01876443 0.02097347]]
[[0.97726762 0.97935554 0.02128535 0.02320973]]
[[0.97707523 0.9950957  0.01401161 0.01505437]]
