[[-3.60134643  5.79508283 -5.10426762]
 [ 0.54866839  2.54336281  1.70633111]]
[[-4.50476167 -5.76357544  5.97308601]
 [-0.06606185 -0.10465763 -2.0852176 ]]
[[-5.41526833 -5.65830084  4.7154829 ]
 [ 1.3539192   0.51994756  5.94196619]]
[[-4.78622445  5.47749174 -5.41646982]
 [ 0.24942936 -2.54760174 -0.13459349]]
[[-4.04401501 -4.88923223  4.7041646 ]
 [-4.75821827  1.5869182  -1.35733496]]
[[ 5.07466454 -3.93625484 -4.34294513]
 [-2.9927943  -3.29235449  1.22459536]]
[[ 4.46857063 -4.97231806 -5.85567389]
 [ 5.13450498  1.54593662  1.92638962]]
[[-4.43674228  5.41657181 -4.93676815]
 [ 0.77497137  1.02698002  0.3042259 ]]
[[ 2.32268259 -4.21329094 -4.67301383]
 [ 3.53949357 -0.20027592  2.09613297]]
[[ 5.15932604 -5.05443401 -5.80550334]
 [-1.71691314  2.20577169 -3.19118026]]
[[-3.34160388 -5.60612143  5.94872595]
 [-0.17016316  1.92512547 -0.04931171]]
[[-5.46654615 -5.41829188  5.63908075]
 [ 0.21746585 -0.56956142 -0.60461147]]
[[-5.32627332 -5.13026199  5.69532072]
 [ 0.85671411  1.83313296 -2.04472263]]
[[-4.9772868   4.43927802 -5.65561079]
 [ 0.43257755  0.11173119  1.51121773]]
[[-5.15536124  3.69182741 -5.73978503]
 [ 1.537389    0.42639185  0.53314688]]
[[-5.46757152 -5.20119004  5.10828972]
 [ 0.31360846  2.19078032 -0.53702799]]
[[ 5.06380453 -3.1355687  -3.8879092 ]
 [-1.08528838 -0.12690892  0.32701402]]
[[-5.07230176  5.67702166 -2.17672245]
 [-0.13779294 -2.3254129  -0.5304411 ]]
[[-4.58489097 -5.25491511  4.63691894]
 [-2.08850033  0.63336057 -2.38578168]]
[[-3.31192461 -4.31573531  5.36904717]
 [-2.57958587  0.82137712 -1.81218543]]
[[-5.63240967 -4.21815524  5.45954588]
 [ 2.69418833 -5.24680372 -1.84462684]]
[[ 5.99401172 -5.00439739 -4.1155065 ]
 [ 4.91409687  0.90750952  0.6841462 ]]
[[ 5.18105477 -5.85848343 -5.73899935]
 [-0.43146963  2.15043236  0.09745782]]
[[-5.29804833  5.55469367 -5.00395823]
 [ 0.3094201  -0.5933951   0.94771974]]
[[ 4.17226961 -5.9918415  -5.8073078 ]
 [-2.00586808  1.38348893 -0.89146503]]
[[-4.39865121 -4.7008916   5.19873746]
 [-0.89611422  0.930073   -1.70479317]]
[[-5.58615856  3.73768861 -5.93757854]
 [-0.24879912  2.81034711  2.95336938]]
[[-5.67122273  4.31106514 -4.42692038]
 [ 2.73231728  1.83648167 -0.22186021]]
[[-5.14183275  3.1311755  -5.11280116]
 [ 2.13785398  3.33237566 -0.05389902]]
[[ 3.27354092 -5.52358179 -5.22982238]
 [ 0.01025594 -1.28064607  1.97890742]]
[[-2.28967277 -5.35758102  5.37252677]
 [-5.36265037  2.88877755 -2.07258703]]
[[ 4.02247783 -4.20973219 -3.95308708]
 [ 1.02817023  0.27953582  0.696296  ]]
[[-3.77674587 -5.77578248  3.53809793]
 [ 1.17019532  0.63775615  4.21718132]]
[[ 4.66993703 -4.71127596 -4.0993837 ]
 [-0.27010367  2.21544729 -2.0013389 ]]
[[ 5.59448697 -4.72839008 -5.15852089]
 [-1.51858182  1.36730476 -4.50959186]]
[[-3.95181513 -4.95475415  5.41077279]
 [ 0.09410192 -0.2365135  -0.68310325]]
[[-5.28490325 -4.89961692  5.44740725]
 [ 0.97389358  2.57781455  3.38473361]]
[[-5.20945777  5.66011874 -4.31769795]
 [ 1.54766153  0.81569073  0.15073433]]
[[ 5.53894254 -4.27867728 -4.19026419]
 [-1.90255046  0.55216872  0.38393832]]
[[ 3.73056893 -5.61226791 -4.56349184]
 [-1.35244968  1.12507921  0.0230841 ]]
[[-5.9080185   2.95677106 -4.88159942]
 [ 1.01578189  4.46936351  0.46591994]]
[[ 4.29658494 -5.51071798 -5.92208372]
 [ 0.59524749 -0.98049607  2.04638857]]
[[ 5.38104806 -3.9530386  -4.25187923]
 [-2.74940709  0.48404625 -1.80896292]]
[[-5.48984629  5.86347977 -3.58060259]
 [ 2.02026505 -0.2938113  -1.66238933]]
[[ 4.19751871 -4.42614776 -5.22881232]
 [ 4.37465132  1.64438828  0.2923781 ]]
[[ 5.79642169 -3.99892206 -5.67939903]
 [-3.0208107  -3.24781031  0.50682455]]
[[-3.5025162   4.56780329 -4.12522733]
 [ 0.15297382 -0.93786258 -0.69987549]]
[[-4.76437497  5.52250809 -5.54169193]
 [ 1.81699148  4.7526898   0.40797566]]
[[-5.67951666 -4.46598354  4.27937804]
 [ 1.72093196  0.40365468  1.05957861]]
[[-5.3117417   3.13584006 -5.70835835]
 [ 1.12627269  1.5769553   0.36801398]]
[[-4.2917255   3.98995961 -5.2019774 ]
 [-0.5964283   0.82920128  1.20901152]]
[[-5.10217207  4.77601914 -5.35404973]
 [ 1.22482771 -0.50259515  0.96947342]]
[[ 5.8291537  -4.51549202 -5.60494486]
 [-2.4951038   0.46414613 -0.64561242]]
[[ 4.51473432 -4.78054391 -5.17651663]
 [ 3.11498918  0.97529449  1.97821373]]
[[ 3.85315411 -5.93526007 -4.89202497]
 [ 0.84118992  2.59404436  0.65919061]]
[[-5.25230712 -4.74560226  4.92631597]
 [ 0.76898576 -1.77168728 -2.07788282]]
[[-5.81354914  4.38381495 -4.91386925]
 [ 1.10982835  1.11361352  0.96391331]]
[[ 5.99013778 -5.32888923 -4.5437505 ]
 [-2.03431376 -1.17004847  0.19907954]]
[[-4.69889859  4.48264544 -5.18725994]
 [ 0.38105267  1.96004215  1.224156  ]]
[[ 5.83460691 -4.19830686 -5.94925234]
 [-2.91325822 -5.50213197  1.91656148]]
[[-4.45230882 -5.62267197  5.02170767]
 [ 1.46197952  0.28897579  3.38608581]]
[[-3.78644579  5.99225956 -5.8338687 ]
 [ 0.77537452  0.74061805  0.058485  ]]
[[-5.0237149  -4.32375482  3.22340801]
 [ 0.54145331  0.95833089 -0.04909753]]
[[-4.54999937 -4.55232341  4.15526512]
 [-1.86259164  1.18524164 -0.49907347]]
[[ 3.58019587 -3.98676215 -4.71690546]
 [ 4.21500496  0.80686467  1.46115442]]
[[ 5.03893828 -5.89572559 -5.63220261]
 [-0.54871896 -2.85224583  2.22645211]]
[[-5.72794244 -3.03530117  4.47435002]
 [ 2.62014292 -4.38610524 -0.86853328]]
[[-5.6327522  -5.56018715  4.46899771]
 [ 0.64435828 -0.74389439 -1.00086616]]
[[ 5.05099124 -5.73913748 -4.20487883]
 [-1.70704701  1.94485409 -5.99193147]]
[[ 5.47599955 -4.73750927 -5.36435635]
 [-1.34005462  1.18346671 -4.91412672]]
[[-5.71266852 -3.9762835   4.21028433]
 [ 1.69870913 -1.47132526 -1.04061393]]
[[ 2.83729646 -3.91707833 -5.12772609]
 [ 3.65724001  0.42637878  1.66463456]]
[[ 5.7345956  -3.66071751 -5.65860678]
 [-2.66071568 -4.28603912  1.42828544]]
[[ 5.44248435 -5.02350803 -4.68035294]
 [-1.2457775   0.013985   -0.26369201]]
[[-4.71194217 -5.08120942  2.33593503]
 [ 1.55868855  2.24786371  2.95650135]]
[[-4.3359734   2.85492564 -5.0451834 ]
 [-0.19316201 -0.1118826   0.82884927]]
[[-4.52582177  5.92361337 -5.3234827 ]
 [ 1.74310493 -1.48094545 -4.69171255]]
[[-3.45354223 -4.57862587  5.68130287]
 [-0.01663365 -0.84262068 -2.37217962]]
[[-4.56511238  3.64226379 -4.47437209]
 [ 1.58218013  1.23498721 -0.37630616]]
[[ 4.99020649 -4.22023848 -5.72885637]
 [ 2.06451047  1.73646034  0.38863187]]
[[-4.62254187 -5.86494689  5.69900017]
 [ 1.34250434  2.4948706  -1.67538757]]
[[-3.82194738  4.05026207 -5.31823793]
 [-2.36152649 -0.84298937  1.3117633 ]]
[[-5.78423106 -2.62597538  4.32267384]
 [ 2.60160477 -2.0071197  -1.18660233]]
[[-4.53620214  5.9060477  -4.32682681]
 [-0.18678373 -2.0724826  -0.30064796]]
[[-4.93514941 -5.58336666  3.69604483]
 [ 2.04294525  0.82416667  0.55769725]]
[[-5.84054804  4.1758192  -4.78931065]
 [-0.48660239 -1.29544991  0.95491262]]
[[-5.96854793 -5.70769979  5.4714243 ]
 [-0.1262023   2.00971655  1.0469319 ]]
[[ 5.38616253 -4.96399937 -5.98605695]
 [ 0.76976008  0.71007764  2.03170001]]
[[ 5.87268253 -5.80285014 -5.5848175 ]
 [-3.24817494 -1.55919546  1.70561096]]
[[ 4.92903932 -5.39471703 -3.47698384]
 [-0.14101882  1.35502116 -0.67051236]]
[[-5.74474466  1.7851082  -5.70361128]
 [-0.42630582  4.5385554   3.38863481]]
[[ 4.29986275 -4.57083509 -4.95407174]
 [ 1.00942549  1.24235348  0.63443864]]
[[-4.51971052 -4.85759335  5.73623209]
 [ 0.90988777  0.74497682  4.74305893]]
[[-5.32224749 -3.55515317  5.54685077]
 [ 2.46670509 -0.14184254  5.21860185]]
[[-5.69861337  4.78913907 -4.82406592]
 [ 0.9066237  -0.5236799  -0.9673757 ]]
[[-3.98623254 -5.67109116  4.45422613]
 [-0.79922337  1.88084551  1.15277237]]
[[ 5.50131155 -3.88553374 -5.03392619]
 [-1.28483815 -4.22510407  2.41093739]]
[[-5.45116466 -4.76741988  2.17309378]
 [ 1.8681771  -0.00605136  2.19702593]]
[[-5.13303536 -4.8136645   4.29648174]
 [ 0.53086697  0.57900882  1.72209031]]
[[-4.85631982 -4.5751595   3.97257516]
 [ 1.18040797  0.57667616  4.30692241]]
[[-4.95818861 -5.74198605  4.74246549]
 [ 0.84927494  2.58189298  5.92910648]]
[[ 4.56395874 -5.36308843 -4.04253552]
 [ 2.43290569  2.46452507  0.21220297]]
[[-5.49808498 -4.70654562  5.77722385]
 [ 0.33861344  0.82851456 -1.85179957]]
[[-5.49645035  3.21015236 -5.37719998]
 [ 1.67494127  1.7217147   0.15736497]]
[[-4.43721503 -3.93255828  5.30416513]
 [-0.69903867  0.17295675 -0.9066677 ]]
[[ 4.30555331 -3.76379716 -4.87638684]
 [-1.83322966 -2.51507362  1.27858116]]
[[-5.18071543 -5.58864791  4.25341586]
 [ 0.13176577  0.94392724  0.60332931]]
[[-4.58964702  3.57625385 -4.39920787]
 [-0.13653916  1.03726606  1.08331618]]
[[-5.3094204  -4.77753299  5.3281414 ]
 [ 1.22800299  0.71087243  1.38849287]]
[[-4.4271054   2.69305221 -5.74117385]
 [ 1.10893274  4.85386881  0.51203534]]
[[ 5.39166745 -5.83796077 -3.40773997]
 [-1.28525192  1.54805455 -3.71081608]]
[[-5.79928716  5.25444058 -4.29840792]
 [ 2.33738444  0.71732138 -0.38328913]]
[[-5.36751718  5.60465659 -3.92336213]
 [-0.24728509 -1.48018288 -0.62111012]]
[[-4.56009078 -5.15274922  3.75954769]
 [ 0.13541527  1.50113011  5.54074355]]
[[ 4.49472693 -4.59560448 -5.50299852]
 [ 5.51627217  1.25742134  1.78702468]]
[[-5.67827981 -5.05594618  4.64198431]
 [-1.08051487  1.64693122 -1.68747085]]
[[ 4.69647242 -5.70320275 -3.32894693]
 [-1.42945209  2.01797719 -4.15122864]]
[[-5.60312819  3.81811835 -3.14598589]
 [ 0.07445554 -1.65179614 -0.75750913]]
[[ 5.75512331 -5.60340424 -4.9468923 ]
 [-2.11978283  0.17580114  1.88442775]]
[[-4.42774929 -5.3179606   5.2850842 ]
 [ 0.86195562 -0.44452302 -0.65265188]]
[[-3.47737845  3.10177093 -4.37540108]
 [-0.9832286  -0.34344336  1.10880921]]
[[ 5.89964179 -3.58717392 -5.45156778]
 [ 0.34723465 -0.74757168  1.54140168]]
[[ 2.76800602 -4.68447922 -4.60134601]
 [ 0.72857034  1.40820495 -0.23175956]]
[[-4.6014719   5.14078215 -5.97439441]
 [ 1.32343528  1.11046235  0.57967026]]
[[-5.8940527   5.61189693 -5.35107643]
 [ 2.59394303 -1.7467276  -1.51484543]]
[[-5.38708372 -5.48926527  4.3976846 ]
 [ 0.92871385  1.21309657  3.10365223]]
[[ 3.42566426 -5.88092256 -5.133118  ]
 [ 1.94496046  2.37517203  0.40317549]]
[[-5.97493638 -5.91369358  5.98130605]
 [ 0.45810479  0.85210452  1.37294391]]
[[-5.96560394 -4.62520719  2.95741992]
 [ 0.77358398  1.09212542  3.44201807]]
[[-5.32802683 -4.73200051  3.79541725]
 [-0.39093234  0.77075755  0.21504334]]
[[ 5.12201984 -5.4568473  -5.86982678]
 [ 1.32298433  1.3954524  -0.01856931]]
[[-5.78139962 -2.86647551  4.94998775]
 [ 2.30880429 -4.42087258 -1.01288798]]
[[-5.82512524  5.63827644 -5.80149119]
 [ 1.08350588 -0.62552484  0.10443698]]
[[ 3.13112132 -4.63082934 -5.71708069]
 [ 0.0453401   1.54365129  0.60189109]]
[[ 5.87352869 -4.83720266 -4.62024182]
 [ 1.84691017 -0.50130355  2.0563504 ]]
[[-5.5256511  -4.10983805  4.36696314]
 [ 1.60943517  0.50896507  4.85293723]]
[[-4.65739827  4.04901957 -5.34618115]
 [ 0.65670945  1.68453777  0.97195809]]
[[-3.14019854  5.9059713  -5.28332783]
 [-0.35893137  0.26282259  1.63538387]]
[[-5.6659537   4.92802535 -4.28359228]
 [-3.0336115  -1.24320786  1.09742962]]
[[ 5.38839831 -5.74540745 -4.24740449]
 [-1.81905802  1.25573057 -4.74729721]]
[[ 5.91425753 -4.14742447 -5.92376313]
 [-0.97015441 -2.09755023  1.21594284]]
[[ 5.52160821 -3.12070415 -5.84852245]
 [-3.5258606  -5.53888807  2.17517598]]
[[ 5.87014146 -3.67351787 -5.61994966]
 [ 4.53304055 -0.14241377  2.26838129]]
[[ 5.72270483 -4.37866245 -5.49287474]
 [ 2.61712245  0.58338571  2.58367672]]
[[-4.93843056 -5.29979832  4.65423695]
 [ 0.1663535   1.31917126  1.64674386]]
[[-4.40118355  3.89575816 -5.09220666]
 [-0.09434333 -0.38048739  0.91043383]]
[[-5.66664285 -2.80540477  5.41865105]
 [ 1.83492724 -1.28523056 -1.44798351]]
[[-5.74170945 -5.45878325  5.6392045 ]
 [-0.0402251   2.16279065  5.39588603]]
[[-4.9162389  -4.73976308  4.77844977]
 [ 1.12019153 -0.13100802 -1.20036704]]
[[-5.83348393  4.56470442 -2.90891271]
 [ 0.82700034 -1.66293087 -1.23879919]]
[[ 5.83640898 -5.94280562 -4.66657367]
 [-0.11460789  3.37063094 -0.97842864]]
[[-5.49816834  5.97842182 -4.81451021]
 [ 2.07329811 -0.69406266 -3.36978847]]
[[ 3.9597581  -4.77722517 -5.74037545]
 [ 4.38278338  1.55396399  1.15887211]]
[[ 5.48982616 -4.69396029 -5.56771431]
 [ 0.56776649  1.33247153  0.85759398]]
[[-5.18647682  4.04224087 -5.83558443]
 [-1.52561502 -1.6053961   2.18057477]]
[[-5.04840796  3.95861199 -5.77139182]
 [ 0.04147893 -0.67263773  0.50403764]]
[[-5.55139789  4.83009844 -5.88864618]
 [ 1.58697843  1.47990391  0.27228311]]
[[-3.72204335 -5.38132828  5.38481515]
 [-0.97834042  1.6934774  -0.05220471]]
[[-5.32087688 -3.01655245  4.81968205]
 [ 0.94533814 -0.40184756  0.45508676]]
[[-5.94975113  4.74509962 -4.76858827]
 [ 0.31643829  3.84591277  0.84964014]]
[[ 2.06115956 -3.99437522 -5.55411169]
 [-0.06618281  0.06239556  0.62741653]]
[[ 5.54855162 -5.59662251 -4.44121338]
 [-3.12227772  1.47710646 -2.55570892]]
[[ 4.65837414 -5.86803021 -5.35961616]
 [-1.14503637  1.01403546 -0.67129806]]
[[-4.54741729 -4.6757429   5.18844371]
 [ 1.66858835  0.32745157  5.92032914]]
[[ 4.03863957 -5.5725753  -2.72525121]
 [ 4.79369539  1.78741492 -0.07124424]]
[[ 2.16262029 -4.54830408 -5.25456162]
 [ 5.38874718  1.71546367  1.58753573]]
[[-3.83014088 -5.57087539  5.64198057]
 [-1.89979927  0.93319214 -2.07397198]]
[[-4.84209274 -5.20922854  5.56225659]
 [ 0.95950173  2.74274967  3.22781538]]
[[-3.80909478  5.96563839 -4.51746889]
 [-2.95428547 -3.00436998  0.52346492]]
