[[0.97820772 0.02060455 0.98753471 0.01970498]]
[[0.97859493 0.01641105 0.99180232 0.02187721]]
[[0.9780796  0.01950418 0.98042985 0.01937878]]
[[0.97751802 0.01796093 0.9801978  0.01770761]]
[[0.97727221 0.01356678 0.9919702  0.02084936]]
[[0.97602455 0.01574434 0.99140668 0.02224363]]
[[0.97847463 0.01807862 0.98145423 0.01844696]]
[[0.97727188 0.02240313 0.98702448 0.02190272]]
[[0.9761529  0.01647346 0.97876253 0.01731209]]
[[0.97639276 0.016487   0.99278413 0.01534358]]
[[0.97809443 0.01997528 0.98687126 0.02071232]]
[[0.97856621 0.01878934 0.99801302 0.0230656 ]]
[[0.98111612 0.01758084 0.9962066  0.02142791]]
[[0.97656077 0.01381004 0.98515248 0.01660728]]
[[0.97917905 0.02271005 0.97920023 0.02362885]]
[[0.97732336 0.0197638  0.97863116 0.02357268]]
[[0.98122049 0.01920764 0.98245883 0.01936286]]
[[0.97978312 0.01842442 0.99637885 0.02230413]]
[[0.97653887 0.01976661 0.98845523 0.02101823]]
[[0.97995306 0.02129399 0.98297093 0.02158458]]
[[0.97644633 0.0218859  0.98567598 0.02306975]]
[[0.97740111 0.01938998 0.98967428 0.02219849]]
[[0.9786299  0.01959674 0.98784461 0.01960923]]
[[0.979415   0.01912426 0.99257643 0.02137147]]
[[0.97902223 0.02074628 0.99706798 0.0220512 ]]
[[0.97701031 0.01941294 0.99830126 0.02376551]]
[[0.97746639 0.02292407 0.9891267  0.02351833]]
[[0.97619306 0.02213333 0.98673301 0.02091852]]
[[0.97658372 0.01859895 0.9862156  0.01749397]]
[[0.97935828 0.02304793 0.98178552 0.02347152]]
[[0.97839864 0.0186656  0.99539898 0.02263919]]
[[0.97619525 0.01427675 0.99111972 0.02315986]]
[[0.97708685 0.02012747 0.99199195 0.02260662]]
[[0.97962758 0.02063944 0.97995292 0.02054896]]
[[0.98097603 0.02166815 0.98199926 0.02142662]]
[[0.97652862 0.02280096 0.98888001 0.02269701]]
[[0.97728906 0.02190619 0.97896217 0.0224065 ]]
[[0.97818694 0.02036707 0.99225467 0.02351459]]
[[0.97647983 0.01852647 0.98298797 0.02024339]]
[[0.97643075 0.02086805 0.97884953 0.0221012 ]]
[[0.97942276 0.01998118 0.99129881 0.02138524]]
[[0.97692192 0.02022547 0.9947934  0.0214212 ]]
[[0.97804508 0.01788816 0.97938387 0.01937123]]
[[0.97635482 0.01259706 0.99921488 0.02074309]]
[[0.97604414 0.01579063 0.99013853 0.02112081]]
[[0.9808978  0.01918955 0.99730502 0.02054758]]
[[0.97621156 0.01557875 0.99350818 0.01988688]]
[[0.9791788  0.02019019 0.99315571 0.02349959]]
[[0.97624884 0.01379446 0.98797284 0.01490923]]
[[0.97605714 0.01524547 0.99985771 0.02250369]]
[[0.97658515 0.01944957 0.99254433 0.02302702]]
[[0.97634265 0.01552623 0.98922826 0.02192272]]
[[0.97871648 0.01937762 0.99335641 0.02110432]]
[[0.97720284 0.01832914 0.98095813 0.0195831 ]]
[[0.97760845 0.02233595 0.99658667 0.0231736 ]]
[[0.97708099 0.01922741 0.98854423 0.02340565]]
[[0.97618529 0.01637438 0.99697723 0.01764701]]
[[0.9785354  0.02080417 0.99483619 0.02092666]]
[[0.97890419 0.01889579 0.98836145 0.02328562]]
[[0.97615746 0.02184102 0.98346021 0.02245514]]
[[0.978409   0.01603199 0.99791824 0.02355151]]
[[0.97806983 0.02129163 0.99140846 0.02163056]]
[[0.97771621 0.01889249 0.99607121 0.02292239]]
[[0.97792839 0.02372009 0.99776538 0.01799966]]
[[0.97970668 0.01925341 0.99744922 0.01995439]]
[[0.97789641 0.02047416 0.99365333 0.02285753]]
[[0.97660969 0.01810956 0.97739893 0.01709597]]
[[0.9776923  0.01566254 0.99365057 0.01760699]]
[[0.97832436 0.02053788 0.98601328 0.0188651 ]]
[[0.97608792 0.02085518 0.99392578 0.02262115]]
[[0.97906839 0.01862527 0.98946176 0.01905288]]
[[0.97983887 0.01958068 0.98238699 0.02254492]]
[[0.97656329 0.02399435 0.98010663 0.01520522]]
[[0.97773426 0.02112229 0.98095276 0.02172484]]
[[0.97644803 0.0197286  0.99899803 0.02309424]]
[[0.97668331 0.02044731 0.99351058 0.02266069]]
[[0.97826838 0.01532037 0.99036346 0.01788707]]
[[0.97626682 0.02075212 0.99345368 0.02353451]]
[[0.98062676 0.02212245 0.98829757 0.02365567]]
[[0.98022041 0.02023244 0.99899946 0.02168673]]
[[0.97790569 0.0185584  0.98816995 0.02136423]]
[[0.9812997  0.0209117  0.99759674 0.02398231]]
[[0.97719746 0.01676339 0.98372798 0.01982136]]
[[0.97656786 0.02265474 0.98981224 0.02332214]]
[[0.97726061 0.0193977  0.98413671 0.02006536]]
[[0.97689961 0.01827818 0.99686091 0.01958091]]
[[0.97619786 0.02342758 0.98285086 0.01962017]]
[[0.9764134  0.0180882  0.99108023 0.01999549]]
[[0.97728565 0.01801225 0.9789637  0.02081891]]
[[0.97947995 0.01985512 0.98815408 0.02216348]]
[[0.97905024 0.01910733 0.99966324 0.02390677]]
[[0.97784274 0.01869959 0.98055244 0.02142537]]
[[0.97754186 0.01551805 0.99953189 0.02259389]]
[[0.97714228 0.01953678 0.98478615 0.02045176]]
[[0.9765345  0.0147076  0.99693494 0.01893164]]
[[0.97633259 0.02154603 0.9834765  0.02022676]]
[[0.97683874 0.01702742 0.98855866 0.01798469]]
[[0.97755776 0.01736174 0.99147377 0.02050647]]
[[0.97656021 0.0206458  0.9815737  0.02175502]]
[[0.97810613 0.02077368 0.98736675 0.02208126]]
[[0.97667402 0.01957329 0.99223472 0.02337624]]
[[0.97754714 0.01640981 0.99990523 0.02250763]]
[[0.97621184 0.01292461 0.97972076 0.01851446]]
[[0.97724743 0.01851597 0.99279951 0.02097318]]
[[0.97601591 0.01779568 0.995188   0.02095121]]
[[0.97819812 0.01696459 0.98508181 0.02362805]]
[[0.97782442 0.02071823 0.98739053 0.02235136]]
[[0.97687515 0.02133958 0.98912578 0.02201885]]
[[0.97756401 0.01838744 0.99386184 0.02395567]]
[[0.98247489 0.02213019 0.99308376 0.02255287]]
[[0.97639812 0.0182593  0.98658722 0.02077747]]
[[0.97672487 0.02056854 0.98054    0.02183714]]
[[0.97753948 0.01826677 0.98414137 0.02099839]]
[[0.97763443 0.0143343  0.9910482  0.02232391]]
[[0.98099588 0.02051628 0.98561755 0.02197567]]
[[0.97853185 0.0185043  0.98681837 0.01938056]]
[[0.98010303 0.02233581 0.98780592 0.02315713]]
[[0.97953912 0.01700888 0.9910985  0.02077614]]
[[0.97613896 0.01825326 0.98615661 0.02112728]]
[[0.97870384 0.02105743 0.99308812 0.02384967]]
[[0.9792165  0.02012246 0.99744911 0.02295184]]
[[0.97620774 0.01570748 0.98199518 0.02034756]]
[[0.97679146 0.01597902 0.97819387 0.01920791]]
[[0.97659834 0.02020597 0.9976082  0.02001659]]
[[0.97635801 0.02147961 0.98014647 0.02064501]]
[[0.97605596 0.01523026 0.9840798  0.02056445]]
[[0.97615061 0.01880358 0.98462987 0.02139922]]
[[0.98103415 0.02246513 0.98604373 0.02369909]]
[[0.97630013 0.01321713 0.99048057 0.01898603]]
[[0.97818614 0.01771766 0.99895582 0.02251823]]
[[0.97947665 0.01873483 0.98670126 0.02019708]]
[[0.9792015  0.02217357 0.98475337 0.02236534]]
[[0.97701658 0.01412554 0.99958878 0.01742919]]
[[0.97718154 0.014937   0.99927186 0.01739272]]
[[0.97797683 0.0205477  0.99141664 0.01971206]]
[[0.979026   0.01931747 0.97953453 0.02100905]]
[[0.97785004 0.01449637 0.99941954 0.02137836]]
[[0.9770388  0.01856623 0.97886043 0.02023323]]
[[0.97732767 0.0182903  0.98481061 0.02287794]]
[[0.97737843 0.01975188 0.98853123 0.02191986]]
[[0.97750913 0.0167382  0.99520528 0.02164546]]
[[0.97652753 0.01830338 0.99621166 0.0197212 ]]
[[0.97659517 0.0123368  0.99608756 0.01303784]]
[[0.97690769 0.0196367  0.99740272 0.0215578 ]]
[[0.9775814  0.0193718  0.99435084 0.02176199]]
[[0.97940208 0.01655739 0.9931497  0.01700958]]
[[0.97702479 0.01242131 0.98782202 0.01956635]]
[[0.97631448 0.01309815 0.98989469 0.0138978 ]]
[[0.9761445  0.01733696 0.98803446 0.01935346]]
[[0.97718949 0.01422614 0.98913412 0.01544909]]
[[0.97613949 0.01504129 0.9998486  0.02252219]]
[[0.97929236 0.02351635 0.97752563 0.0234066 ]]
[[0.97621338 0.02161429 0.98898939 0.02317673]]
[[0.97660224 0.01475532 0.99795629 0.01786234]]
[[0.97612093 0.01910754 0.99358307 0.02260755]]
[[0.97683652 0.01722952 0.99769562 0.02100509]]
[[0.9763749  0.01369827 0.99616296 0.02098393]]
[[0.97626139 0.01993521 0.97667815 0.02162331]]
[[0.97998296 0.02068623 0.97844342 0.02208726]]
[[0.97781262 0.0164469  0.99433077 0.02371093]]
[[0.97733251 0.01792155 0.98404097 0.02114078]]
[[0.97734463 0.01765061 0.99707898 0.02092783]]
[[0.97666451 0.02100564 0.97803908 0.02311713]]
[[0.97899011 0.02010594 0.99841575 0.02397165]]
[[0.97702813 0.01981334 0.98810732 0.02231837]]
