[[-4.65678844  3.94446863 -5.86938222]
 [-0.06514126 -0.88175287  0.49834307]]
[[ 5.57581085 -5.09260957 -5.63418227]
 [-2.97417448 -4.18765164  0.85369023]]
[[-5.87674188 -3.66031953  3.33540116]
 [ 0.409377    0.60059746  1.51984212]]
[[-5.92107481  3.64605125 -5.47548679]
 [ 1.37946783 -0.80730751  2.31096278]]
[[-3.22248828 -5.64562209  5.4614427 ]
 [-0.71605164  1.30597503 -1.71234253]]
[[ 4.48162665 -4.21144793 -5.9117638 ]
 [ 4.54296956  0.36104275  1.34670057]]
[[-5.6732219  -5.99495254  3.13267029]
 [ 0.93151021  0.79390743  4.16803272]]
[[-4.59482757 -5.48373222  5.92739834]
 [ 1.45082643  1.89906955  0.56099192]]
[[-4.62123974  2.41651564 -5.91461489]
 [ 2.02214456  2.13928922  0.42572311]]
[[ 5.5598349  -5.97946659 -4.85672526]
 [-0.78856862 -0.49580118  1.39196289]]
[[ 5.96942544 -4.04169988 -4.45935878]
 [-2.46577796 -4.06014619  1.05063617]]
[[-5.25421021  5.80335753 -5.70429712]
 [ 0.28562129 -0.44708193  0.30985409]]
[[-4.75238815  4.77830817 -5.35071531]
 [ 0.27740048  1.06943411  0.86423253]]
[[ 2.89991309 -5.84201182 -5.97340788]
 [ 0.64967146  1.10904864 -0.32694682]]
[[-3.78903401  5.8191796  -5.37273931]
 [-1.32734524 -0.78672064  1.17856137]]
[[-4.92021769  5.52961308 -5.31603019]
 [-2.18234088 -1.29867359  1.94982922]]
[[-5.88035652  3.36175146 -4.61892802]
 [ 1.98303408  5.92159721  0.04049139]]
[[-4.01622341  5.36770297 -5.39488411]
 [-1.24622463 -0.75549141  0.62020735]]
[[ 5.83193988 -5.55937717 -2.57247603]
 [-0.85121585  2.7676691  -4.38717989]]
[[-5.08821324 -3.07192906  5.0968856 ]
 [ 0.77878295 -0.12330114  0.31932574]]
[[-4.79517718 -5.77166421  5.0472183 ]
 [ 0.66583003  2.18615999  0.69120212]]
[[-4.76548291  5.28338754 -5.09119412]
 [-1.24047565 -0.81066093  2.05579595]]
[[-4.63619741  4.64193049 -5.91580493]
 [ 1.23364889  0.51963028  1.98037389]]
[[ 4.66434982 -4.6523322  -5.30161626]
 [-1.35672974  0.76305881 -0.06049591]]
[[-5.89841294 -4.282483    5.52630832]
 [ 2.25227475 -1.24844085  0.87509796]]
[[-3.93826104 -5.7967423   4.37151978]
 [ 0.85713079  0.53610017  4.78743935]]
[[ 5.7604946  -5.5165704  -5.94168233]
 [ 0.56136202  2.42925954  0.49867558]]
[[-5.93772279 -5.0839438   5.92967149]
 [ 0.20165674  0.53048867  0.67627476]]
[[-4.94085109 -5.57074042  4.48961807]
 [ 0.73175839  0.85207501  4.46566945]]
[[ 5.6267722  -4.90984079 -5.2996244 ]
 [-1.94877403 -0.21111115  1.0438744 ]]
[[-5.45837781  5.34282659 -5.57492774]
 [ 2.04928528 -0.07896355 -0.06716923]]
[[-5.25290975 -4.72371266  5.93090119]
 [-0.73292274 -0.40080081 -2.01733537]]
[[ 4.58274463 -5.63280691 -3.89469526]
 [-1.50788941  0.98565503 -2.49797265]]
[[-4.02169783 -4.97736044  5.81761519]
 [-2.38989293  1.84977316 -0.9804067 ]]
[[-5.9525296  -5.88899287  5.48276979]
 [ 2.69514626 -2.2891285   0.2749714 ]]
[[-5.79803158 -5.16939765  5.22586679]
 [ 2.81030482 -0.52590422  1.41979571]]
[[ 3.29288959 -5.14736012 -4.95938361]
 [ 1.71985518  1.85852488  0.14440225]]
[[ 4.15232748 -3.98896043 -5.20796622]
 [ 5.27659227  0.49724511  0.95070573]]
[[-3.89469821 -3.32839051  5.70422821]
 [ 1.05781641 -2.2841434  -1.57156344]]
[[-5.7663694  -5.06810302  3.57116399]
 [ 0.17105658  0.01296824 -0.86119618]]
[[-2.3506186  -5.17456151  5.89844948]
 [-4.88957385  2.24890282 -2.1240403 ]]
[[-4.56109523 -5.80659372  5.3695927 ]
 [ 1.54755842 -0.41515674  0.81874326]]
[[ 3.97201008 -5.46590702 -4.437881  ]
 [ 1.72543789  0.41874369  0.88221351]]
[[ 5.73469947 -5.70599384 -5.51270705]
 [-1.77378539  0.28139481  2.75889235]]
[[ 4.64737963 -4.26306936 -5.21835261]
 [ 0.95657049  1.304787   -0.17290727]]
[[ 4.85388429 -5.57453618 -5.78202874]
 [ 4.96075282  1.40599603  1.14737856]]
[[-5.99133602  5.75778806 -5.10952335]
 [ 2.2193978  -0.75617793 -2.59479983]]
[[-5.7526415   3.44455165 -4.67296945]
 [ 1.29458679  0.82992463  0.16390575]]
[[ 4.10310441 -5.16689694 -5.90516202]
 [-0.96766608 -5.52519999  2.33883883]]
[[-4.46464622 -5.46785027  4.82711014]
 [-0.22107847  1.33664979  1.30628876]]
[[-5.50596002  5.65084334 -5.12694446]
 [ 0.17386414  5.39483982  1.52757437]]
[[-4.92958125 -4.24853216  5.38799796]
 [ 0.8528559  -0.61480324 -0.71927264]]
[[ 2.51735157 -5.76279257 -5.79417719]
 [ 5.22610367  0.31481794  2.45314944]]
[[ 5.54111777 -5.76407207 -3.85525939]
 [-0.94541574  1.57015553 -3.78711273]]
[[-5.27938041  5.60099185 -3.37522643]
 [ 1.52575859 -2.69330496 -4.45664842]]
[[ 3.77905809 -5.68659742 -5.51806379]
 [-0.21274015 -0.1548622   0.58435952]]
[[-3.91064669  3.69804363 -5.61738323]
 [-0.02416313  0.09329912  0.41869213]]
[[ 5.72730142 -4.23214682 -5.13876475]
 [-3.12308585  1.10711978 -1.08686163]]
[[-4.39584954  2.81950209 -5.00074814]
 [-1.20562546 -0.19013166  1.00782312]]
[[-5.41916692 -4.4911002   5.83758897]
 [ 1.2666503   0.73759703  4.72903593]]
[[ 5.74840505 -5.74497247 -3.19281375]
 [-3.18923167  1.0901371  -1.57538785]]
[[-5.38756597  5.64598398 -5.89012015]
 [ 0.59692287 -2.44454228  0.35797182]]
[[-5.77422199 -5.43486586  4.87284476]
 [-3.07365831  2.43961764 -1.8141439 ]]
[[-3.79170365  3.77797676 -5.19520893]
 [ 0.45848602  1.58599051  0.78018213]]
[[-5.57598992  5.57708608 -5.27560143]
 [-0.02734229 -0.91078889  0.72855459]]
[[ 5.85029343 -4.79135999 -4.71412717]
 [ 0.15918446  0.89107285 -0.11199637]]
[[-3.97012156 -5.18379162  5.32314191]
 [-0.18312845  0.74086304 -0.52342805]]
[[-5.08525185 -3.65024094  5.64272683]
 [ 2.58370418 -5.69349775 -1.90978451]]
[[-4.94870177 -4.84036342  2.58077075]
 [ 1.85342862  0.92405386  4.03624401]]
[[ 5.19062454 -5.23595671 -5.33390862]
 [ 0.85409967  1.55904786  0.16780205]]
[[-4.6365392  -4.89534617  4.75230039]
 [-5.36485159  1.68788973 -0.99792742]]
[[-5.68312747  5.81265533 -5.73489139]
 [ 2.04596435  0.13118371  0.38601259]]
[[-4.90124481 -4.19070631  3.60707524]
 [ 0.74992528 -0.0662309   1.06014278]]
[[ 4.65714582 -2.93425286 -5.63452081]
 [-1.62970563 -3.95445092  1.15967568]]
[[ 5.13678121 -5.81162247 -4.9490825 ]
 [ 0.83724629  0.70318751 -0.04747353]]
[[-5.09337323  4.79611779 -5.5859676 ]
 [ 1.86200148 -0.15829427  0.19977843]]
[[-4.58969956  5.11650095 -4.21706057]
 [ 1.82778507 -1.44443526 -1.35152598]]
[[ 5.85596951 -5.5094575  -3.95780246]
 [-0.94545342  0.86272692 -1.66481937]]
[[ 4.21898094 -5.56088339 -5.82675129]
 [ 2.54172875  1.62154024  1.9159091 ]]
[[-5.83870036 -4.51329377  3.11946396]
 [ 2.24783338  0.89849094  2.76778715]]
[[-4.68583339 -5.73214907  3.82396212]
 [-1.61382897  2.24986583 -1.47987176]]
[[-4.92579134  4.35901144 -5.57972735]
 [-2.09281565 -2.40341818  1.15598697]]
[[ 2.22894398 -5.97647645 -5.23847558]
 [ 2.26319999  1.14065509  0.77794494]]
[[ 5.35144526 -5.92021557 -5.86756543]
 [-2.51415176 -0.5965795  -0.29455482]]
[[-3.03365683 -5.95170245  3.59790351]
 [ 0.54810576  1.4333716   5.26175902]]
[[-3.25149926 -4.67150433  5.64864586]
 [-1.52428299  0.63559165 -1.81573413]]
[[ 5.65453434 -3.58294342 -5.09625206]
 [-2.57991936 -5.24783878  1.03933169]]
[[-2.92480919  5.87103121 -5.82011769]
 [ 0.20265549 -1.2490362   0.16606254]]
[[-3.90194821 -4.87233657  5.86023665]
 [ 0.49056426  1.39176547 -1.70131227]]
[[ 4.59601378 -3.47054821 -5.38196888]
 [ 0.19576528  0.68463434  0.49682184]]
[[ 5.38455798 -4.61422286 -4.59142345]
 [-0.05279659 -1.67897872  2.07017514]]
[[-5.22096391  5.26771878 -5.57924669]
 [ 2.97687144 -0.60007305 -1.38544502]]
[[-4.46479184 -4.85428738  5.91887261]
 [ 0.6915391  -0.80407546 -1.52680034]]
[[-5.96840323 -5.83054674  2.83208054]
 [ 2.1522509   2.14800463  5.7510101 ]]
[[-5.53150753  5.07476384 -4.03654272]
 [ 1.54794917 -2.05409504 -5.7776164 ]]
[[-5.37197043 -4.52604792  5.99761766]
 [-0.94789138  1.20610236 -1.47899343]]
[[ 5.42939141 -2.24016282 -4.99195829]
 [-2.26694982 -4.731593    0.91330829]]
[[-5.04001919  5.91826453 -2.69114742]
 [ 1.39396837 -2.42034335 -1.35453527]]
[[-4.85515989 -5.52693889  3.82037981]
 [ 2.49809825  0.51776792  2.3819109 ]]
[[-3.75559417 -5.69186149  5.40766681]
 [ 0.81229199 -0.13861206  0.0679771 ]]
[[ 5.21708633 -5.36508226 -3.5055676 ]
 [-0.28009226  2.58066402 -1.78098635]]
[[ 3.65585792 -5.80634889 -5.65617684]
 [-0.59634286 -4.32444825  2.75039658]]
[[-2.3092726   4.55944    -5.73832761]
 [-1.21348645 -1.91967364  0.6580321 ]]
[[-5.34922504 -5.60969715  3.90328817]
 [ 0.72944994  1.58146692  3.81541832]]
[[-5.35217341  5.70811123 -3.6357097 ]
 [ 1.58564329 -1.84878931 -2.18361502]]
[[-4.96031537  5.2843777  -5.98331137]
 [ 1.59449962 -2.33908579  1.34708948]]
[[-5.93735993 -3.40400445  4.21161372]
 [ 1.54011987  0.28359107  4.11255327]]
[[-5.45756937  3.7440146  -5.49875233]
 [ 2.76412706  3.49877368 -0.09704554]]
[[-3.55964669 -4.79013179  3.41090318]
 [ 0.79358036  1.19260902  2.21711795]]
[[-3.53556838 -3.20260376  5.16378317]
 [-0.72622464  0.69294332 -1.24459269]]
[[ 5.63385757 -3.87032256 -4.9736995 ]
 [-0.65160058 -0.41715797  0.61649238]]
[[-5.71384573 -4.75391378  5.6638056 ]
 [ 0.54100525  1.42652223  5.26900159]]
[[-4.99706599 -5.50011316  3.76845203]
 [ 1.9001936   0.38593785  1.55128256]]
[[-4.90358721  5.49620333 -3.82289095]
 [-0.62665342 -0.88263124  0.02461952]]
[[ 5.77429763 -3.23632854 -3.70021939]
 [-0.64364822  0.11985424 -0.55843699]]
[[-3.93526764  5.85966948 -5.21679296]
 [-4.90557856 -2.65808942  2.19890688]]
[[-5.14590357 -5.48831728  3.90485023]
 [ 1.55274504  0.90287049  1.50259233]]
[[-4.87399913  5.92944673 -5.53869052]
 [-3.10505176 -2.23674981  2.2512811 ]]
[[ 5.76371583 -5.15145367 -5.64133332]
 [ 0.30321824  0.09487913  0.90026039]]
[[ 4.54901105 -5.59447654 -2.55923271]
 [ 1.25121096  1.30722175 -0.41820676]]
[[-5.50810903  5.65489016 -5.57203541]
 [ 2.42805303  4.1595951   1.33325073]]
[[-5.37833924 -4.51519156  3.55006704]
 [ 1.11118134  2.22220854  3.89697496]]
[[ 5.0188265  -4.07711366 -5.76307713]
 [-2.13020448  0.95936238  1.01123417]]
[[-5.28211731 -5.66251938  5.61249823]
 [-5.1264091   2.63517658 -1.46924245]]
[[-4.18060849 -5.382816    5.28219407]
 [-4.84153576  1.69601595 -1.38422291]]
[[-4.93947963  5.45992299 -3.13721679]
 [ 1.62944759 -1.43676916 -5.35077881]]
[[-5.10081875 -4.8710794   5.32959721]
 [-5.07882659  2.12992484 -1.80910269]]
[[ 4.59577697 -4.99710409 -4.80586254]
 [-2.27457626 -1.43869636  1.29700925]]
[[-4.44253315  4.9952897  -3.02469511]
 [ 0.68569534 -2.50378393 -4.11893282]]
[[-5.27544581  5.59734488 -5.46256872]
 [ 1.4883632  -0.21757504  1.30001073]]
[[-5.49863368  5.59476188 -2.63876987]
 [ 1.69464428 -0.73708756 -3.63726765]]
[[ 5.7783639  -5.61273832 -5.19460419]
 [ 5.17130378  1.68224791  0.02013937]]
[[-5.77846315  5.34364351 -5.96211456]
 [ 2.34096826  5.72850533  0.52628956]]
[[-5.49302874  5.86120025 -4.60033882]
 [ 2.4571578  -1.19071896 -0.96696868]]
[[-5.99705598 -5.43584055  5.73410622]
 [ 3.20321555 -1.98917502 -1.40083139]]
[[-4.96030752 -3.87914222  5.8320334 ]
 [ 0.61615915 -1.42093141 -1.5262373 ]]
[[-5.81836823 -5.48070662  3.36987831]
 [ 3.10077779  0.09692525  3.2110415 ]]
[[-5.73767336  5.25584699 -5.76848999]
 [ 1.87219369  5.00516351  2.58647199]]
[[-5.60140869  5.8102646  -3.21879626]
 [ 1.81532421 -0.76875675 -1.95747801]]
[[-5.41111682 -3.99020507  5.94712343]
 [ 2.01667705 -3.04088015 -0.76005192]]
[[ 5.33149935 -5.71116326 -5.99332358]
 [ 0.81928126  2.23969697  3.17459578]]
[[ 4.70294103 -5.97767853 -4.43513384]
 [ 0.35926623  0.43292019  0.72280518]]
[[-5.63884884  4.71202942 -5.72028224]
 [ 0.22763263  4.64478806  2.20549485]]
[[ 5.42369548 -4.55302029 -5.86547518]
 [-0.36366233 -0.97405556  1.86077547]]
[[-5.56299895 -5.84853675  5.6887417 ]
 [ 0.63331913  2.11043298 -0.18187662]]
[[-5.23409164  5.02711154 -5.26400182]
 [ 1.43854874  1.11886514  1.12109027]]
[[-5.77752123 -5.40224133  5.96365332]
 [ 1.76054341  0.54786475  4.59827491]]
[[-5.84712205 -5.93116878  5.97944279]
 [ 1.45416895 -1.96891165 -2.17465137]]
[[-5.7456847  -4.45936199  4.13458594]
 [ 0.91017573 -1.40729411 -0.8388432 ]]
[[ 5.42353883 -5.78114779 -5.2364089 ]
 [ 2.53360497  2.82651265 -0.15199947]]
[[ 4.63203402 -3.77914836 -5.99450268]
 [ 1.032103   -0.12446305  1.40745159]]
[[-5.1835977  -5.88448813  2.60782822]
 [ 0.03371104  0.44796979  0.33603503]]
[[-4.87122227  5.4405679  -5.58880752]
 [ 1.04836831  3.62212069  1.94007928]]
[[-4.48090207 -3.76588627  5.57516717]
 [ 1.52201488  0.14878096  4.2672422 ]]
[[-5.22719044  5.48175929 -5.27167458]
 [ 0.75721514  0.07136577 -0.13911956]]
[[-5.91563068  5.73796285 -5.24204091]
 [ 1.35349698  5.01740506  1.25751388]]
[[-5.63320763e+00  3.94536735e+00 -3.66786032e+00]
 [ 1.73437932e+00 -3.78862377e-03 -1.80597021e+00]]
[[-5.97933537  5.49561047 -3.86822958]
 [ 2.02735226  3.09390502  1.49493619]]
[[-5.85951596 -5.7470354   4.46277575]
 [ 0.22232546  2.15846403  3.43929461]]
[[-5.63566958  5.35011704 -4.21396413]
 [ 1.05059637 -0.95226197 -0.29745862]]
[[-4.50863635 -3.30734054  5.98937473]
 [ 0.88790805 -2.95650759 -2.3848381 ]]
[[ 5.64154833 -5.77115198 -5.0716394 ]
 [-0.57536315  2.88698853 -2.40753147]]
[[-5.88869173 -3.7468809   5.80654593]
 [ 1.47080944 -0.41123219  0.32906116]]
[[ 4.989087   -5.41940703 -4.8709815 ]
 [ 2.2967001   0.74675027  0.50750614]]
[[ 3.50617808 -5.60009277 -5.02771231]
 [ 5.59520874  1.57500157  0.05371984]]
[[ 5.60114415 -4.05667868 -5.47592957]
 [-1.17370531 -2.83432801  2.16769795]]
[[ 5.28164412 -5.4075314  -3.52395066]
 [ 1.36100293  1.417473   -0.15629675]]
[[-4.31470102  4.84978721 -5.9968792 ]
 [ 1.5355299   0.55412786  1.73499592]]
[[ 5.15721083 -5.08431789 -4.48857863]
 [-2.39142713 -0.36436542 -0.22648435]]
[[-4.97042064 -4.53532396  4.51168881]
 [ 1.54839587  1.15885418 -0.09341812]]
[[ 3.17826573 -5.91721855 -5.09329813]
 [ 0.34239301 -1.36928377  1.83475957]]
[[-5.85945382 -5.66390999  5.62421427]
 [ 1.64468668 -3.67522016 -1.13371933]]
[[-5.89177376  4.96622012 -2.7256148 ]
 [ 2.18068823 -2.10253161 -2.16281608]]
[[-5.44083461 -4.81929659  5.60029011]
 [ 0.95400671 -2.43744255 -2.57590617]]
[[ 5.32642429 -4.69895747 -4.56734792]
 [-2.22570986  0.41750806 -0.27220224]]
[[-5.96825516 -4.91791786  4.19271239]
 [ 1.58977393 -0.89800051  0.35943558]]
[[ 4.00115482 -4.65534394 -5.93790481]
 [ 0.81687238  1.53637641  1.3684126 ]]
[[-4.32716237  4.35058851 -5.11173776]
 [ 0.50759776  2.35650842  1.59298478]]
[[-5.19071513 -5.47536413  4.55718615]
 [ 0.766058    0.86868962  2.63200974]]
[[-5.0086844   4.9865572  -5.95044636]
 [-0.43649507  0.74413787  2.3602942 ]]
[[-5.47514895  5.71889607 -5.68728894]
 [ 1.24573389 -1.65066188 -3.02167903]]
[[-5.71719272  5.33213885 -4.79899897]
 [ 0.07434484 -1.46673149  0.06285132]]
