[[ 5.46015744  5.97609146 -4.00110427]]
[[ 5.78078538 -3.90664555  5.74079412]]
[[-4.19262377  5.87684695  5.81966607]]
[[ 5.95603894  5.96593053 -3.84608539]]
[[ 5.65865082  5.88538474 -4.00308957]]
[[ 5.86725075 -4.30149793  5.87957395]]
[[ 5.63074314  5.99186027 -4.076545  ]]
[[ 5.80771766 -4.25271655  5.93866274]]
[[ 5.98785369  5.61296301 -4.05068174]]
[[-4.19459833  5.89435105  5.79371621]]
[[-4.17366681  5.74863699  5.94524302]]
[[ 5.8524935  -4.14672573  5.73913018]]
[[ 5.98753422 -4.12502859  5.88532058]]
[[-4.23513325  5.95551747  5.98259277]]
[[ 5.74983811 -4.03034098  5.83961608]]
[[-4.10411578  5.78078198  5.94030446]]
[[ 5.99599946  5.71021083 -4.17383745]]
[[ 5.84248338 -4.11183906  5.76273782]]
[[ 5.66690922  5.98574431 -4.04666152]]
[[ 5.99940926 -4.12972642  5.75481996]]
[[ 5.73086275 -3.96089047  5.82583479]]
[[-4.09964264  5.74992181  5.77969395]]
[[ 5.92397196 -4.11236965  5.89655307]]
[[-3.88940943  5.76280508  5.59617382]]
[[ 5.91946619 -4.07820692  5.89942624]]
[[ 5.62958971  5.79611424 -3.99041746]]
[[ 5.81237414  5.94110726 -4.31477856]]
[[-4.1673768   5.87393914  5.99271886]]
[[-4.3866923   5.97761827  5.94463593]]
[[ 5.97096004  5.75876104 -4.23408638]]
[[ 5.8975879   5.98467685 -4.4211885 ]]
[[ 5.81931797  5.92931851 -4.22684522]]
[[-3.99872828  5.60035281  5.86217019]]
[[-3.96819328  5.98447225  5.74814635]]
[[ 5.69497976  5.94737646 -4.05456188]]
[[ 5.75133967 -3.98327144  5.6489843 ]]
[[ 5.95876077  5.90453381 -3.99397342]]
[[-4.27127815  5.85165537  5.85952859]]
[[-4.1864257   5.96401103  5.95323387]]
[[ 5.72962384 -4.0159632   5.96161935]]
[[ 5.81256204 -3.96154396  5.86979104]]
[[ 5.80001547  5.79615766 -4.14705641]]
[[ 5.82439914 -4.01983326  5.76758995]]
[[-4.27894915  5.93045658  5.89703804]]
[[ 5.99143066  5.70332354 -4.2752739 ]]
[[-4.05917369  5.83380321  5.75440966]]
[[ 5.85677631 -4.23913116  5.94923964]]
[[ 5.86853301  5.99235514 -4.10424527]]
[[-4.34868794  5.9833346   5.9030613 ]]
[[-4.09820365  5.97406611  5.99535754]]
[[ 5.96001438  5.6756368  -4.18717027]]
[[ 5.85059823 -4.35744542  5.99264937]]
[[-4.16973686  5.92107691  5.80823046]]
[[ 5.80027411 -4.36064191  5.98385522]]
[[ 5.70955175  5.83528949 -4.00767458]]
[[ 5.78945623  5.91192739 -3.94844929]]
[[ 5.91206046 -4.40805299  5.92234935]]
[[ 5.97516298 -4.31281754  5.792209  ]]
[[ 5.78111233 -4.2123905   5.86558295]]
[[ 5.96508281  5.77400055 -3.9217131 ]]
[[-4.12250125  5.99352454  5.89073428]]
[[-3.92306404  5.81367207  5.80393792]]
[[ 5.8498458  -4.06835769  5.77254498]]
[[ 5.89940022 -4.2642772   5.85057085]]
[[ 5.74315318  5.87520224 -4.08690158]]
[[ 5.87146687 -4.37390973  5.99677412]]
[[ 5.70430278 -4.01627315  5.79415836]]
[[-4.34936212  5.80427154  5.97903695]]
[[-4.19660444  5.97409995  5.78311237]]
[[ 5.85343023  5.95556019 -4.20894475]]
[[ 5.90616355 -3.91155391  5.46165916]]
[[ 5.77781415 -4.08707779  5.78104723]]
[[ 5.87175871 -4.28419974  5.91707414]]
[[ 5.85925437  5.88173437 -4.04802201]]
[[ 5.9933896  -4.32028164  5.9698073 ]]
[[ 5.94950781  5.89819558 -4.13863126]]
[[ 5.82605214 -4.16055796  5.88983494]]
[[ 5.65780351 -4.04992091  5.96111359]]
[[-4.18704311  5.94746505  5.67008766]]
[[-4.4307482   5.9404348   5.95356581]]
[[ 5.62939578  5.76285201 -3.86374564]]
[[ 5.78958288  5.94178739 -4.0380951 ]]
[[ 5.97820465  5.99979507 -4.53912624]]
[[ 5.93826576 -4.18575582  5.75199171]]
[[-4.03011195  5.94057905  5.61425385]]
[[-4.10154508  5.9373329   5.79488056]]
[[-4.37489814  5.99157241  5.81378248]]
[[-4.13813506  5.86129424  5.85519557]]
[[ 5.89461024 -4.13908769  5.93974143]]
[[ 5.98284107  5.69177147 -4.06072667]]
[[ 5.95517752  5.95822179 -4.40666269]]
[[ 5.77196285  5.94134582 -4.21221701]]
[[ 5.87353272 -4.12990283  5.77289269]]
[[ 5.7984498   5.97917158 -4.25628136]]
[[ 5.95417964 -4.13343621  5.88851073]]
[[ 5.8531775  -4.07102918  5.70126243]]
[[ 5.84578442 -4.16307452  5.84027749]]
[[ 5.75820638  5.78022463 -4.11885475]]
[[-4.15944331  5.99887924  5.81227628]]
[[ 5.97279034 -4.2205437   5.91827775]]
[[-3.98056628  5.87732235  5.66400706]]
[[ 5.62341079 -4.04667462  5.88157157]]
[[-4.0215873   5.98991614  5.83043515]]
[[ 5.95209616 -4.32338258  5.91363275]]
[[-4.36677244  5.89689598  5.99952305]]
[[-3.96166955  5.58268424  5.91164684]]
[[-4.23571963  5.95082118  5.75836406]]
[[ 5.96700782 -4.342205    5.89263467]]
[[ 5.81775076  5.90231083 -4.28981727]]
[[ 5.97385425  5.57930955 -3.93859713]]
[[ 5.91896215 -4.19127016  5.98127996]]
[[ 5.90273892  5.85999684 -4.20483223]]
[[ 5.96155536  5.89811011 -4.06984147]]
[[ 5.96755372 -4.27055067  5.79162146]]
[[ 5.95530262  5.74259069 -4.22792235]]
[[-4.40498627  5.99514297  5.96528968]]
[[ 5.92529357 -4.13400578  5.74756211]]
[[ 5.89094328 -4.37234346  5.97337536]]
[[ 5.98255231 -4.50200812  5.952015  ]]
[[-4.08185326  5.86615266  5.84137636]]
[[ 5.95745474 -4.13899812  5.7504346 ]]
[[ 5.94253987 -4.22794147  5.75520363]]
[[-4.00347289  5.74310369  5.91165256]]
[[-4.04887459  5.84929238  5.87388321]]
[[-4.06752515  5.84820188  5.75375913]]
[[-4.0391639   5.91321167  5.67246268]]
[[ 5.94782423  5.53878739 -4.02412236]]
[[-3.85191949  5.93328018  5.80387447]]
[[ 5.72431658  5.95496755 -4.07211079]]
[[ 5.84365003 -4.22057946  5.81124197]]
[[ 5.97595556 -4.29087033  5.93387502]]
[[ 5.76661988  5.96068542 -4.09552812]]
[[ 5.90707562  5.89327169 -4.35486371]]
[[-4.04404582  5.96986022  5.90577039]]
[[-4.11205984  5.739023    5.87307411]]
[[ 5.82817634  5.89094203 -4.22134225]]
[[ 5.81027533  5.83156617 -4.00153513]]
[[ 5.76466776  5.89978644 -4.17794819]]
[[ 5.85675843  5.9662539  -4.38256525]]
[[ 5.92665698  5.76887333 -4.19664116]]
[[ 5.97623811  5.99026014 -4.09497458]]
[[ 5.61414689 -4.11605287  5.92081197]]
[[ 5.96660431 -4.16143304  5.62957412]]
[[ 5.81166686  5.96010709 -4.16820286]]
[[-4.34950701  5.99348371  5.89807134]]
[[ 5.85728028  5.85413302 -4.2627344 ]]
[[ 5.86083649  5.71113681 -4.11971302]]
[[ 5.63645512 -4.02017561  5.96741413]]
[[ 5.59476923  5.91565831 -3.97151731]]
[[-4.44452408  5.9057182   5.98018219]]
[[ 5.84767629  5.99656509 -4.20983026]]
[[ 5.93848386 -4.17790907  5.75933586]]
[[-4.21885745  5.89241326  5.80868553]]
[[-4.03246905  5.90514773  5.99178509]]
[[ 5.85398565  5.71134447 -4.01894942]]
[[ 5.81156151 -4.10784012  5.8777782 ]]
[[ 5.97032491 -4.07724869  5.55485765]]
[[-4.14355257  5.85173714  5.85134109]]
[[ 5.7599418   5.92840512 -4.04078557]]
