[[ 5.91658571  5.8157695  -4.27283527]]
[[-4.09138095  5.92863543  5.64976169]]
[[-4.00935343  5.84037175  5.90033974]]
[[-4.18566601  5.97319994  5.88786734]]
[[ 5.58036664 -4.12315548  5.96791448]]
[[-4.28697908  5.87566106  5.91416631]]
[[-4.27624807  5.81937707  5.94394884]]
[[ 5.74152227  5.9797776  -4.30877437]]
[[-3.97455236  5.5657966   5.83571278]]
[[ 5.95613391 -4.31064799  5.93942551]]
[[ 5.78523577  5.92718087 -4.20917402]]
[[ 5.90857729 -3.93701101  5.9695436 ]]
[[ 5.84516554  5.92024368 -4.12725327]]
[[ 5.88162767  5.99564351 -4.39940539]]
[[ 5.77351467  5.98864533 -4.08994883]]
[[ 5.95306988  5.97446427 -4.11849311]]
[[-3.95768589  5.58192488  5.81293012]]
[[ 5.9105179  -4.12841795  5.81945688]]
[[-4.26779498  5.81598465  5.97649492]]
[[-3.95985719  5.85287209  5.68024151]]
[[ 5.99258969 -4.13183709  5.57531101]]
[[ 5.55472974 -3.92503234  5.95149837]]
[[ 5.80618404  5.90523984 -4.26883105]]
[[-4.29431507  5.90975681  5.88219475]]
[[ 5.98598674  5.98402121 -4.35617235]]
[[-3.98515895  5.95262482  5.497768  ]]
[[ 5.86741265 -4.30157665  5.98529674]]
[[ 5.90521711  5.85048652 -3.98853685]]
[[-4.06026269  5.89958932  5.71046333]]
[[ 5.87251304  5.71999921 -4.11852798]]
[[-4.23082975  5.9299353   5.87306925]]
[[ 5.9221498   5.68938963 -4.07106785]]
[[ 5.91982856  5.909986   -4.18614003]]
[[ 5.80821647 -3.89871959  5.66519252]]
[[ 5.93960125 -4.45745471  5.99264735]]
[[-4.33581631  5.91671459  5.84586422]]
[[ 5.80677456  5.83855372 -4.03610863]]
[[-4.03574249  5.65182257  5.97231084]]
[[ 5.977122    5.83950499 -4.10570028]]
[[ 5.73081581 -3.95652104  5.87076998]]
[[-3.96681738  5.94419335  5.72385007]]
[[ 5.82790277  5.86887569 -3.97629767]]
[[-4.34494402  5.9544731   5.85526707]]
[[ 5.8497638  -4.07486199  5.93047739]]
[[-4.13117167  5.90223588  5.71034542]]
[[ 5.88016661  5.93892993 -4.38450384]]
[[ 5.55921979 -3.99726125  5.99388818]]
[[ 5.64778081 -4.16870046  5.99600189]]
[[-4.0701308   5.75160959  5.84314694]]
[[ 5.62831913 -4.05302941  5.91895639]]
[[ 5.92505002  5.96367725 -3.98859175]]
[[ 5.8454552  -4.09083982  5.96844325]]
[[-4.11630341  5.92948742  5.63333829]]
[[ 5.91692872 -4.08493286  5.77541989]]
[[ 5.85440237 -4.06102863  5.9621748 ]]
[[ 5.92354296 -4.20015182  5.73466053]]
[[ 5.92890037  5.66638458 -4.08494521]]
[[ 5.84206826  5.97617488 -3.97795173]]
[[-4.25386366  5.98267538  5.86926742]]
[[ 5.94808671  5.66713587 -4.14600968]]
[[ 5.96770301  5.87591647 -4.2008599 ]]
[[ 5.99378519  5.79308945 -4.35062885]]
[[ 5.61765276 -4.07679042  5.93776875]]
[[ 5.95714485  5.99255913 -4.24377369]]
[[-4.41205956  5.88162915  5.9988063 ]]
[[ 5.79536221  5.99254004 -4.1661918 ]]
[[ 5.79294696  5.89851028 -4.27512181]]
[[ 5.81016061  5.97475885 -4.19847802]]
[[-4.42175639  5.99955894  5.96779233]]
[[ 5.95670569  5.87838185 -4.09875759]]
[[-4.30557157  5.99057607  5.92387044]]
[[ 5.8235568   5.83286962 -4.24140684]]
[[-4.52822358  5.97266277  5.98833821]]
[[ 5.65360065  5.84223825 -4.02817094]]
[[ 5.8614875  -4.32493739  5.94216473]]
[[-3.94739615  5.72973114  5.79802706]]
[[ 5.88982455 -4.04720746  5.57971922]]
[[ 5.84646846  5.97850858 -4.22692958]]
[[ 5.97889449 -3.99965351  5.82604334]]
[[ 5.84860804  5.905118   -4.0446998 ]]
[[ 5.93440036 -4.33865227  5.94807869]]
[[ 5.97632804 -4.11454135  5.73836393]]
[[-3.95493397  5.91696515  5.92761776]]
[[ 5.63653725 -4.18378202  5.98428059]]
[[-4.05828052  5.69799711  5.84019251]]
[[ 5.94865343  5.98438924 -4.29230311]]
[[-4.28532195  5.86653971  5.87451976]]
[[-4.02439928  5.85945044  5.68700923]]
[[ 5.75309645 -3.90769348  5.8056126 ]]
[[-4.31981445  5.94509645  5.99703626]]
[[ 5.90567125 -4.41123015  5.99618241]]
[[-3.98574179  5.52517011  5.90632806]]
[[ 5.99788054  5.91642359 -4.00988055]]
[[-3.99585499  5.9436428   5.62415881]]
[[ 5.89874252  5.94424746 -4.1417507 ]]
[[-4.14665776  5.95161245  5.61792154]]
[[-4.12102094  5.90003179  5.99289232]]
[[ 5.63183768  5.86370613 -4.0681993 ]]
[[-4.27759127  5.99783618  5.70911186]]
[[ 5.89222139 -4.19447463  5.86638709]]
[[-4.29234893  5.9935531   5.79665205]]
[[ 5.92221058  5.90840846 -4.36493171]]
[[ 5.70250839  5.90573555 -4.06718601]]
[[ 5.84681047 -4.07070787  5.86595167]]
[[ 5.87995488  5.93777687 -3.98371171]]
[[ 5.88760034  5.70880449 -4.16727513]]
[[ 5.90142146 -4.10708726  5.91521166]]
[[-4.0622567   5.7896349   5.96002664]]
[[ 5.99350045  5.95286871 -4.04861213]]
[[ 5.85407899 -4.37872372  5.93657109]]
[[ 5.77461058 -4.11229286  5.97127827]]
[[ 5.91915357  5.84409146 -4.34022142]]
[[ 5.92471743 -4.14686043  5.81749465]]
[[ 5.94616686  5.93431284 -4.0007039 ]]
[[ 5.79860346 -4.18128309  5.85181895]]
[[ 5.87858402 -4.2391357   5.84787092]]
[[ 5.86165687  5.93893524 -4.2291992 ]]
[[ 5.9009585   5.87160559 -4.14303776]]
[[-4.14922779  5.954614    5.80018167]]
[[ 5.96715801  5.82915361 -4.15815057]]
[[-4.12239041  5.88731491  5.84776059]]
[[ 5.98980553 -4.51656112  5.99369754]]
[[-4.33897622  5.90162951  5.91888837]]
[[-4.26423846  5.76064297  5.92959976]]
[[-4.07498371  5.95880012  5.61547645]]
[[ 5.95863703 -4.39793769  5.86774252]]
[[ 5.94412456  5.72671231 -4.14647218]]
[[ 5.95083892  5.84008838 -4.25314959]]
[[ 5.98582029  5.91082176 -4.13535972]]
[[ 5.88020948 -4.11510386  5.85166193]]
[[ 5.70886641 -4.16483766  5.91733469]]
[[-4.14690954  5.89595746  5.71118017]]
[[ 5.86034963  5.83507971 -4.20574248]]
[[-4.00757181  5.80266809  5.98255767]]
[[ 5.86911029  5.95097475 -4.16569536]]
[[-4.12457566  5.79715239  5.97595814]]
[[ 5.89921004  5.63667257 -4.01468447]]
[[ 5.69355075  5.80261064 -3.85062299]]
[[ 5.75929663  5.95649722 -4.01264675]]
[[ 5.9607365   5.75354971 -4.25563033]]
[[ 5.97978217  5.93815156 -4.37196911]]
[[-4.16299082  5.91899925  5.86420106]]
[[-4.01560515  5.94262412  5.52034957]]
[[-3.99145213  5.65911373  5.93515041]]
[[ 5.95163038 -4.26960171  5.76041146]]
[[ 5.75733213  5.93691305 -4.24234002]]
[[ 5.75465299 -4.04493482  5.87609279]]
[[ 5.9225987   5.83207861 -3.89072705]]
[[ 5.76915686  5.9462353  -4.29818128]]
[[ 5.97537711  5.87148073 -4.25411067]]
