[[0.97721798 0.02155741 0.99435264 0.02203439]]
[[0.97694702 0.0192843  0.98548172 0.01813683]]
[[0.97714552 0.01614039 0.98684338 0.02243108]]
[[0.97858113 0.01616165 0.99983854 0.02201802]]
[[0.97633491 0.01407178 0.99955323 0.02064552]]
[[0.97612484 0.01775847 0.9820779  0.02243   ]]
[[0.97729819 0.01812277 0.97720932 0.0206421 ]]
[[0.97801343 0.01958012 0.98123539 0.02380963]]
[[0.97726082 0.0233175  0.98442491 0.02166269]]
[[0.97735217 0.01821318 0.97664828 0.01866428]]
[[0.97729534 0.01669572 0.99665645 0.02006954]]
[[0.97917378 0.01589418 0.99990592 0.02179038]]
[[0.97670544 0.0178321  0.9817483  0.0189978 ]]
[[0.9768462  0.01624319 0.9971802  0.0206677 ]]
[[0.97841776 0.02029251 0.99216613 0.02213799]]
[[0.97750975 0.01486266 0.99752693 0.02132601]]
[[0.9764266  0.01467666 0.99711228 0.02369816]]
[[0.98152647 0.02300134 0.98968042 0.02300383]]
[[0.97668853 0.01844765 0.98577848 0.01953205]]
[[0.97616422 0.02029954 0.98068278 0.02173579]]
[[0.97804945 0.01345101 0.99512354 0.01680881]]
[[0.97697111 0.01744404 0.97864075 0.02065895]]
[[0.97899887 0.01559702 0.97900989 0.016932  ]]
[[0.97889738 0.01735286 0.99274717 0.02174675]]
[[0.97770545 0.01822814 0.9901699  0.02191751]]
[[0.9788153  0.02346169 0.98918236 0.02286888]]
[[0.97854217 0.01756515 0.98484936 0.01777698]]
[[0.97818485 0.01796565 0.99548831 0.02037088]]
[[0.97812374 0.01832375 0.99023472 0.02370846]]
[[0.97663657 0.01384569 0.99918856 0.02111463]]
[[0.97752329 0.0179853  0.99446434 0.02084902]]
[[0.97753829 0.01666896 0.98040541 0.02114729]]
[[0.97616564 0.0187073  0.98250989 0.01886734]]
[[0.97616837 0.01263147 0.99671683 0.0154682 ]]
[[0.97640766 0.01499705 0.99910171 0.01860624]]
[[0.97916085 0.01894987 0.98899269 0.02317202]]
[[0.97838142 0.01910728 0.99901135 0.0215746 ]]
[[0.97786066 0.01940419 0.9824281  0.02056122]]
[[0.97978354 0.02025622 0.99687716 0.02200113]]
[[0.9783699  0.01604232 0.99103863 0.02330094]]
[[0.97755252 0.0184567  0.99643899 0.02018316]]
[[0.97750823 0.01674899 0.99379944 0.01885727]]
[[0.97707066 0.01570221 0.98248909 0.02268934]]
[[0.97649434 0.02197008 0.98790804 0.02370756]]
[[0.97785407 0.01789063 0.98745783 0.01783492]]
[[0.97609944 0.02121749 0.99645267 0.02359517]]
[[0.97767221 0.0192566  0.98313478 0.01925235]]
[[0.97650896 0.01302932 0.99946452 0.02189104]]
[[0.97635858 0.01765104 0.99695331 0.0189212 ]]
[[0.97675728 0.01688071 0.998465   0.02376633]]
[[0.97608105 0.01221784 0.99825611 0.02249238]]
[[0.97884936 0.01797384 0.98637931 0.02242864]]
[[0.97615038 0.01732777 0.99151136 0.01706951]]
[[0.97707527 0.01691779 0.99446146 0.01975238]]
[[0.97609477 0.02212085 0.99149107 0.02288354]]
[[0.976668   0.01588197 0.99790977 0.02076798]]
[[0.9803394  0.02231762 0.98107867 0.02329425]]
[[0.97621428 0.02013816 0.98108064 0.01913628]]
[[0.97730523 0.01657862 0.99132889 0.01946431]]
[[0.97857107 0.02156066 0.97616673 0.02063719]]
[[0.97603866 0.01265528 0.99785376 0.01861417]]
[[0.97974698 0.02158198 0.98708697 0.02351836]]
[[0.97680783 0.02318741 0.97939276 0.02312039]]
[[0.9778229  0.0151408  0.99852901 0.02004639]]
[[0.97728039 0.02097192 0.99197253 0.01819601]]
[[0.97766289 0.0201925  0.99892998 0.02199859]]
[[0.97798547 0.01486262 0.9964664  0.01710374]]
[[0.98016445 0.01942152 0.98288108 0.02276332]]
[[0.98148791 0.01909163 0.98037538 0.02366304]]
[[0.97766008 0.02004774 0.97893388 0.02015633]]
[[0.97606459 0.01513163 0.99617596 0.01873357]]
[[0.97677103 0.01317762 0.99604358 0.01708561]]
[[0.9777086  0.02187804 0.99766046 0.0228822 ]]
[[0.97721163 0.01946604 0.99432124 0.02259075]]
[[0.97774602 0.02257794 0.98634628 0.02353001]]
[[0.97750027 0.02224937 0.99399694 0.01876453]]
[[0.97629607 0.01241932 0.99070195 0.0195565 ]]
[[0.97732046 0.0183341  0.98069944 0.02186802]]
[[0.97968892 0.01971934 0.97794977 0.02289232]]
[[0.97751169 0.01956328 0.99415099 0.02050942]]
[[0.97668193 0.01594656 0.98565537 0.01739524]]
[[0.97657063 0.01830331 0.99008323 0.02069877]]
[[0.97637009 0.01969213 0.99309934 0.02335133]]
[[0.97707725 0.01605111 0.98804259 0.01847552]]
[[0.97721381 0.01964292 0.97854862 0.02214285]]
[[0.97617723 0.01792255 0.97635166 0.02115728]]
[[0.97653673 0.01538033 0.99860262 0.02387715]]
[[0.97713573 0.01792094 0.98589582 0.0207343 ]]
[[0.97602268 0.01875119 0.99672784 0.02212196]]
[[0.97670489 0.01941918 0.98975717 0.02003259]]
[[0.97893001 0.01931346 0.99912295 0.02389533]]
[[0.97679062 0.01766463 0.99194228 0.02321816]]
[[0.97825405 0.01981541 0.99656136 0.02278184]]
[[0.97653683 0.02103236 0.99034702 0.02373599]]
[[0.97869281 0.01795682 0.98801593 0.02206668]]
[[0.97752664 0.01605435 0.9986366  0.02326975]]
[[0.97693689 0.01744437 0.99621093 0.01991905]]
[[0.97606348 0.0164517  0.98917511 0.02026769]]
[[0.97657286 0.02215056 0.9885779  0.02378515]]
[[0.97833403 0.02175679 0.98125132 0.02219734]]
[[0.97739796 0.01375155 0.98108664 0.01573924]]
[[0.97787037 0.01782256 0.98477979 0.01889669]]
[[0.97725387 0.02012166 0.99233528 0.02068802]]
[[0.9787154  0.02121571 0.99171403 0.02376649]]
[[0.97620966 0.01402985 0.9956199  0.01788474]]
[[0.98210958 0.02306982 0.98815422 0.02322177]]
[[0.97932861 0.02184937 0.98575541 0.02335372]]
[[0.97627214 0.02072737 0.99677321 0.02094369]]
[[0.97630825 0.01630158 0.99915792 0.0220561 ]]
[[0.97765808 0.01813407 0.98700334 0.01984438]]
[[0.97653736 0.01948412 0.99228853 0.01974463]]
[[0.97647286 0.01742593 0.99308747 0.02061773]]
[[0.97604008 0.02071765 0.98544511 0.0223804 ]]
[[0.97783891 0.0190809  0.98820815 0.02272755]]
[[0.97882378 0.01995697 0.98901326 0.02239811]]
[[0.98026957 0.01889344 0.98946134 0.0192417 ]]
[[0.98006118 0.01931969 0.97713339 0.02371862]]
[[0.98048921 0.01904101 0.99543285 0.01960557]]
[[0.97628294 0.01346434 0.99093453 0.01961963]]
[[0.97629589 0.01474435 0.99916442 0.02348084]]
[[0.97840675 0.02394793 0.98023758 0.02394836]]
[[0.98075261 0.02233297 0.9806923  0.02263126]]
[[0.97609536 0.01470112 0.99012873 0.02309272]]
[[0.97760588 0.01999111 0.99310598 0.02271886]]
[[0.97694284 0.01519914 0.98385607 0.02385264]]
[[0.97891619 0.01608047 0.9951473  0.01988453]]
[[0.9768464  0.01853786 0.98541798 0.01988519]]
[[0.9766289  0.01657906 0.98230799 0.01727216]]
[[0.97713832 0.02137181 0.9985438  0.02339105]]
[[0.97606552 0.0226232  0.99524069 0.02319172]]
[[0.9783083  0.02160253 0.99631746 0.02172031]]
[[0.97714715 0.01387784 0.9873862  0.01605234]]
[[0.97624465 0.01346762 0.98015507 0.013999  ]]
[[0.9769608  0.02176697 0.97872436 0.01867248]]
[[0.97855733 0.01631237 0.99934093 0.01985013]]
[[0.97788893 0.01634115 0.99226057 0.01746992]]
[[0.97666417 0.01525767 0.99133878 0.02010936]]
[[0.97659691 0.01342029 0.99539571 0.02267423]]
[[0.97835088 0.01724983 0.99784349 0.02314632]]
[[0.97698973 0.01610373 0.99935279 0.01919004]]
[[0.97719673 0.02103795 0.9812343  0.02145107]]
[[0.97771627 0.02364732 0.97682543 0.02299869]]
[[0.97866167 0.01924733 0.99924547 0.02285054]]
[[0.97751508 0.01349971 0.98583811 0.0143806 ]]
[[0.97788594 0.02311105 0.97804025 0.01930261]]
[[0.97808555 0.0226931  0.99013816 0.02340267]]
[[0.97606001 0.01669532 0.98811324 0.01707403]]
[[0.97777006 0.01457942 0.99426318 0.02267756]]
[[0.97711169 0.0170215  0.99219342 0.01920213]]
[[0.97716666 0.0186708  0.99614342 0.02310566]]
[[0.97789588 0.01872769 0.98766774 0.02228698]]
[[0.97845685 0.01807512 0.99431374 0.02133633]]
[[0.97869486 0.02358706 0.98132202 0.02344857]]
[[0.97775675 0.01837333 0.98705186 0.02191405]]
[[0.9771866  0.01361116 0.99472698 0.02243631]]
[[0.97766051 0.01719389 0.98376597 0.01981606]]
[[0.97715078 0.01796048 0.98225919 0.02043857]]
[[0.97601696 0.01894843 0.98025262 0.02351588]]
[[0.98011454 0.02377678 0.98759066 0.02267793]]
[[0.97740813 0.01564913 0.99877428 0.02338954]]
[[0.97948609 0.01842641 0.99312879 0.02036463]]
[[0.97607197 0.01903999 0.9797149  0.0169605 ]]
[[0.97604742 0.01944719 0.99342668 0.02314303]]
[[0.97908883 0.02012958 0.99869108 0.02299292]]
[[0.97730471 0.01638924 0.98538404 0.01975616]]
[[0.97600158 0.01493152 0.99477191 0.02176049]]
