[[ 5.99939176 -4.39296735  5.84210709]]
[[ 5.5744561   5.92200799 -4.08027587]]
[[ 5.82412956  5.92587606 -3.99337285]]
[[-4.36936896  5.88822203  5.92362249]]
[[ 5.92505685  5.72787416 -4.11290741]]
[[ 5.80845653 -4.0689597   5.81731822]]
[[ 5.79470831  5.96074231 -4.33803207]]
[[ 5.67588871 -4.13077261  5.87739516]]
[[-3.98611117  5.9222409   5.9640461 ]]
[[ 5.92399059  5.79941099 -4.04531035]]
[[ 5.91689758 -4.39635762  5.99057718]]
[[ 5.92563722 -4.34928791  5.98293654]]
[[ 5.85246145 -4.321246    5.96417794]]
[[ 5.70824488  5.95753726 -4.18124532]]
[[-4.32418822  5.86285805  5.9247056 ]]
[[ 5.8671119   5.9549294  -4.18675561]]
[[ 5.87281575  5.94507494 -4.32780976]]
[[-4.09283665  5.96864386  5.69413589]]
[[-4.36900798  5.97785927  5.90727162]]
[[ 5.71542599 -4.05256765  5.80679608]]
[[-4.14678797  5.82560891  5.79604861]]
[[-4.07678437  5.99455476  5.60667721]]
[[-3.93584268  5.52020403  5.86043068]]
[[ 5.73669596 -3.96761526  5.66839152]]
[[-4.26222322  5.97523552  5.89126827]]
[[-3.94410111  5.76131888  5.82762578]]
[[ 5.97566508  5.76693487 -4.04803834]]
[[ 5.89119379  5.85581234 -4.31163058]]
[[ 5.9974669   5.78903144 -4.18919027]]
[[-3.84021405  5.59403481  5.78401278]]
[[ 5.67308288  5.90491812 -4.08386486]]
[[ 5.76137531  5.91968237 -4.04781363]]
[[-4.40931444  5.98587457  5.84077899]]
[[-4.12137315  5.6380812   5.96505088]]
[[-4.25881459  5.93206703  5.99559358]]
[[-4.12718237  5.89544822  5.85364494]]
[[-4.20677592  5.97018199  5.87957601]]
[[-4.14981133  5.96813087  5.66031835]]
[[ 5.98871804 -4.27892599  5.7090566 ]]
[[-4.43939991  5.97129312  5.89233077]]
[[ 5.84675589 -4.23011308  5.83943999]]
[[-4.21366556  5.84092569  5.86285704]]
[[ 5.77268696 -4.1602579   5.81983672]]
[[ 5.92533027  5.81713375 -4.12063884]]
[[-4.08913764  5.96924103  5.83296374]]
[[ 5.94699107 -4.48279726  5.97066427]]
[[ 5.86975579 -4.22913844  5.93717736]]
[[ 5.81104077  5.96304948 -4.21494746]]
[[ 5.84825376  5.94634313 -4.09985728]]
[[ 5.90558793 -4.22189152  5.96593487]]
[[ 5.80805751 -4.23944406  5.90323268]]
[[ 5.9521292   5.8579851  -4.34347623]]
[[ 5.91255546  5.8831384  -4.18189291]]
[[-4.36823694  5.95805052  5.86524815]]
[[ 5.83212634 -4.00971474  5.62458228]]
[[-4.12718921  5.86158266  5.7337442 ]]
[[-4.12608782  5.77833142  5.98848966]]
[[ 5.97843679 -3.99724341  5.65896079]]
[[ 5.98068374 -4.46305778  5.98344415]]
[[ 5.9146542   5.81158179 -4.2007391 ]]
[[ 5.92636516 -4.21930637  5.94964694]]
[[ 5.94092091 -4.03712429  5.84585249]]
[[-4.27375381  5.94916626  5.79527628]]
[[ 5.80307066 -4.0861144   5.93864402]]
[[ 5.99372729  5.3907127  -3.93085697]]
[[ 5.96972478  5.93709902 -4.10251087]]
[[-4.12784397  5.77548923  5.96027357]]
[[ 5.82743903 -4.1114306   5.96635418]]
[[-4.38680154  5.96688422  5.93345514]]
[[ 5.94546896 -4.21866475  5.88670623]]
[[ 5.98149798  5.86706759 -4.13502466]]
[[-4.40889192  5.9508841   5.99330695]]
[[-4.09461591  5.59851964  5.97042451]]
[[ 5.95500353 -4.32212008  5.9559668 ]]
[[ 5.90995836  5.56355387 -4.06125279]]
[[-3.93730011  5.9727014   5.82150572]]
[[ 5.98021793  5.96104761 -4.45362178]]
[[ 5.87583838 -4.01542604  5.74585347]]
[[-4.45147787  5.9566588   5.95482099]]
[[ 5.90767887 -3.99817273  5.61329204]]
[[ 5.78346068 -4.00215498  5.81191767]]
[[ 5.90657533  5.88833894 -4.14752882]]
[[-4.28348772  5.97391519  5.9577831 ]]
[[-4.18084348  5.6787312   5.98028793]]
[[ 5.96908617 -4.20832266  5.83092649]]
[[-4.43132431  5.89188803  5.96352316]]
[[ 5.95599483  5.82395296 -4.32899136]]
[[ 5.96010118  5.83155183 -3.9687645 ]]
[[ 5.88788213 -4.01065884  5.78813056]]
[[ 5.86979657 -4.32395922  5.95857807]]
[[ 5.87037835 -4.34357777  5.99349921]]
[[ 5.84932153 -4.00729375  5.78026465]]
[[ 5.90005707 -4.13556927  5.99285373]]
[[-4.06936832  5.95869275  5.75829026]]
[[ 5.71481746  5.88334567 -3.89185103]]
[[-4.33387893  5.82600786  5.97149265]]
[[ 5.85304152  5.9502317  -4.28662628]]
[[ 5.97308934 -4.1554839   5.99258504]]
[[ 5.95651048 -4.18679121  5.70540928]]
[[-4.369136    5.9736973   5.98599534]]
[[-4.2039797   5.93784926  5.92335757]]
[[-4.06801658  5.9669323   5.69067903]]
[[ 5.96771316 -4.14845619  5.93226653]]
[[-3.98401113  5.75161312  5.97787233]]
[[ 5.85518289  5.89028891 -4.2655468 ]]
[[ 5.85310058 -4.08663381  5.7597426 ]]
[[ 5.80362189 -4.33564026  5.95626577]]
[[ 5.90558636 -4.16084718  5.7788126 ]]
[[ 5.62440797  5.97858406 -4.19078675]]
[[-3.99951352  5.5226119   5.96143772]]
[[ 5.95674472  5.97746858 -4.49319226]]
[[-4.22515888  5.96221616  5.97255588]]
[[-3.95143384  5.9484338   5.69256511]]
[[-4.29057428  5.96755912  5.81536786]]
[[ 5.80156049  5.99360261 -4.25195381]]
[[ 5.81260315  5.82431383 -4.08773241]]
[[ 5.83498331  5.75890861 -4.18125843]]
[[-3.91326272  5.9547611   5.73347134]]
[[ 5.92830735 -4.20493007  5.68771915]]
[[-3.9706457  5.9345319  5.8220639]]
[[-4.35905656  5.88230184  5.92134447]]
[[ 5.53507778 -3.89517658  5.83335266]]
[[ 5.79986414  5.94927469 -4.32971889]]
[[-4.01741701  5.63835753  5.94154538]]
[[-4.31324489  5.84471715  5.93628248]]
[[ 5.90833746  5.85731828 -4.21292666]]
[[-4.39697048  5.94036928  5.87801723]]
[[ 5.79518882 -4.03848388  5.71903986]]
[[ 5.96480994 -4.10050424  5.83691875]]
[[ 5.99978581 -4.15189414  5.94754051]]
[[ 5.73652449 -4.13872519  5.89093721]]
[[-4.33986767  5.86868856  5.95285952]]
[[-4.15407338  5.67793048  5.9001945 ]]
[[ 5.97098088  5.85845831 -4.1297443 ]]
[[ 5.93640705 -4.24726985  5.96368244]]
[[ 5.98558087  5.97165194 -4.47202585]]
[[-4.19909018  5.99672103  5.69278672]]
[[-4.19109058  5.92315666  5.93649566]]
[[ 5.77960377 -4.08063193  5.93833701]]
[[ 5.73979449  5.7875387  -3.9764669 ]]
[[-4.00030073  5.96254193  5.80727649]]
[[ 5.92493682 -4.36119407  5.85550449]]
