[[0.976917   0.98196949 0.01905849 0.02282676]]
[[0.9775763  0.9981311  0.01463469 0.01836047]]
[[0.97756368 0.98897439 0.01731532 0.02351442]]
[[0.9773998  0.97960347 0.01695318 0.02104334]]
[[0.97959581 0.97854027 0.01893567 0.02007252]]
[[0.97919383 0.99935982 0.01772272 0.02201175]]
[[0.97672783 0.99400494 0.0140015  0.01844331]]
[[0.97602594 0.99841378 0.01483817 0.01810804]]
[[0.97736073 0.99008705 0.02224673 0.02310234]]
[[0.9763129  0.97971399 0.01979662 0.0232517 ]]
[[0.97791669 0.97695597 0.01740216 0.01936389]]
[[0.97905982 0.98471739 0.01815296 0.02103086]]
[[0.97880718 0.99693278 0.01728067 0.02309758]]
[[0.97837706 0.97665208 0.02252061 0.02258627]]
[[0.9782689  0.98864888 0.0216969  0.0220973 ]]
[[0.97833286 0.98033084 0.0192299  0.02255251]]
[[0.97644266 0.98238533 0.02105345 0.02226281]]
[[0.97624205 0.98741151 0.02149577 0.0231652 ]]
[[0.98000189 0.99534495 0.01987699 0.02070866]]
[[0.97827807 0.98871074 0.02069356 0.02135623]]
[[0.97625996 0.99706958 0.01707965 0.01920709]]
[[0.97626071 0.97779017 0.01214736 0.01285775]]
[[0.97834505 0.99975591 0.01851027 0.02386537]]
[[0.97983567 0.98774836 0.02272797 0.02387002]]
[[0.9762769  0.99980325 0.01488349 0.02254482]]
[[0.97878845 0.9908511  0.01919948 0.02267932]]
[[0.97698792 0.98078448 0.02340251 0.02253445]]
[[0.97759603 0.99956144 0.01993408 0.02293335]]
[[0.97717638 0.99156406 0.02080241 0.02073746]]
[[0.97608171 0.99521272 0.01237608 0.0143077 ]]
[[0.97804059 0.99592189 0.02047426 0.02367683]]
[[0.97808782 0.99400737 0.0178706  0.0215146 ]]
[[0.97702589 0.99869846 0.01541519 0.0177815 ]]
[[0.97606691 0.99638692 0.01734035 0.01959396]]
[[0.97841645 0.97629826 0.02237872 0.02241883]]
[[0.97636726 0.99216378 0.01554265 0.02183395]]
[[0.97995917 0.9978714  0.01634874 0.02115741]]
[[0.97800281 0.99191834 0.01568206 0.02334378]]
[[0.97761281 0.99778266 0.01863142 0.02333276]]
[[0.97960834 0.9922831  0.01605616 0.02105292]]
[[0.97876064 0.98809544 0.01910985 0.02382918]]
[[0.98063259 0.98821672 0.02185648 0.02371737]]
[[0.9764909  0.97986794 0.01348921 0.01744764]]
[[0.97796906 0.97823827 0.01559488 0.01804972]]
[[0.98123768 0.99063818 0.0226918  0.02398592]]
[[0.97823103 0.98136636 0.02232357 0.02328484]]
[[0.97604289 0.98496689 0.01935943 0.01348355]]
[[0.97721073 0.99413521 0.01661019 0.01769578]]
[[0.97727267 0.99310291 0.01781708 0.02076593]]
[[0.97829313 0.98093452 0.01824436 0.01877616]]
[[0.97661205 0.99330739 0.01973836 0.02113986]]
[[0.97637542 0.98445224 0.01554876 0.01997354]]
[[0.97951166 0.99869467 0.02149602 0.02331315]]
[[0.97601665 0.98975036 0.02143159 0.02372505]]
[[0.97821646 0.97705518 0.02236972 0.02167591]]
[[0.97975667 0.98298422 0.01998406 0.02112768]]
[[0.9779495  0.99088441 0.02126874 0.02259564]]
[[0.9778131  0.98100293 0.01798022 0.02204023]]
[[0.97629844 0.99422798 0.01962476 0.02143936]]
[[0.97657575 0.98621163 0.01707368 0.01684728]]
[[0.97669416 0.9829836  0.01459806 0.01639035]]
[[0.97844028 0.9778865  0.02066334 0.02116448]]
[[0.9774415  0.98691709 0.01870637 0.02179609]]
[[0.97750136 0.98704212 0.01668961 0.01846393]]
[[0.97637953 0.99723656 0.01747576 0.01996689]]
[[0.9767551  0.99332578 0.01699629 0.01744711]]
[[0.97604045 0.99686055 0.0165339  0.01952348]]
[[0.9769032  0.99894624 0.01835725 0.0200353 ]]
[[0.97838611 0.99664743 0.02006036 0.02295638]]
[[0.97783373 0.9934495  0.01688097 0.02114618]]
[[0.97947879 0.99157306 0.02119642 0.02184891]]
[[0.9765204  0.99130473 0.02177322 0.02383304]]
[[0.97660497 0.99599251 0.0135669  0.02045785]]
[[0.9765429  0.99757986 0.02034078 0.02379085]]
[[0.97649657 0.99258451 0.01762685 0.02354166]]
[[0.97743644 0.98714708 0.0144962  0.01613731]]
[[0.97795028 0.99079538 0.01686292 0.02071012]]
[[0.9784123  0.99449041 0.01534834 0.01777715]]
[[0.97901781 0.98863362 0.01767816 0.02252492]]
[[0.97822062 0.99123817 0.01779791 0.01908721]]
[[0.97738176 0.97994056 0.01834604 0.01751856]]
[[0.97643803 0.97685772 0.01619937 0.02060682]]
[[0.97656305 0.98373674 0.01673755 0.01709898]]
[[0.9773623  0.98161004 0.02044562 0.02223635]]
[[0.97900597 0.99270749 0.01922991 0.02250023]]
[[0.97641933 0.99263413 0.01922228 0.02156617]]
[[0.97850393 0.98868534 0.02206761 0.02388968]]
[[0.97886181 0.99604942 0.02034396 0.02314624]]
[[0.97675876 0.98564685 0.02163411 0.02336076]]
[[0.97652135 0.97898479 0.02072927 0.02265692]]
[[0.98091226 0.98699804 0.01797364 0.02132833]]
[[0.97716742 0.9968031  0.01702289 0.01858778]]
[[0.97660313 0.98308271 0.01873787 0.01836282]]
[[0.97821119 0.9859922  0.02046662 0.01925554]]
[[0.97832923 0.98612661 0.02125044 0.02311121]]
[[0.976041   0.97667079 0.02101781 0.02045335]]
[[0.97967237 0.99603632 0.01909431 0.02021884]]
[[0.97627171 0.98338834 0.01326723 0.01506533]]
[[0.97633368 0.98768903 0.02183464 0.02337134]]
[[0.97858751 0.9850617  0.01725694 0.01933361]]
[[0.97680609 0.9956293  0.0134838  0.01417262]]
[[0.97649692 0.99390448 0.01745933 0.01924744]]
[[0.97645781 0.98125272 0.02166161 0.02385803]]
[[0.97680992 0.99311386 0.01867696 0.02038674]]
[[0.97671133 0.98971218 0.01695382 0.02302835]]
[[0.97929289 0.98514186 0.0212739  0.02267328]]
[[0.97942386 0.99072078 0.01997594 0.02132756]]
[[0.97937327 0.97613971 0.02092027 0.02353177]]
[[0.97891019 0.99080994 0.01990371 0.02253614]]
[[0.97858428 0.98897098 0.02086762 0.02357333]]
[[0.97606603 0.99957099 0.01619678 0.02392455]]
[[0.97710773 0.99688831 0.01467493 0.01941577]]
[[0.97767263 0.98548225 0.02101577 0.02254066]]
[[0.97634736 0.98541167 0.01732445 0.01998073]]
[[0.97600631 0.99858019 0.02166041 0.02382871]]
[[0.97682082 0.98820553 0.02207355 0.02189745]]
[[0.97901158 0.99950758 0.01923195 0.02252635]]
[[0.97793839 0.97868314 0.01665936 0.01662128]]
[[0.97849475 0.98096436 0.02091124 0.02092411]]
[[0.97715604 0.99626845 0.01849458 0.02166438]]
[[0.97769478 0.97932044 0.02299381 0.02346783]]
[[0.98022859 0.97820139 0.01917003 0.0196054 ]]
[[0.98139449 0.99514448 0.02176444 0.02237027]]
[[0.97722021 0.97715725 0.02134464 0.02160044]]
[[0.97767476 0.99694622 0.01831943 0.02388042]]
[[0.97610536 0.98025545 0.01554157 0.01565926]]
[[0.97943631 0.99164702 0.02178681 0.02367635]]
[[0.97663763 0.99769056 0.01361334 0.01665371]]
[[0.97712728 0.97856565 0.01507376 0.01664588]]
[[0.97981074 0.99119675 0.02010966 0.01926777]]
[[0.97937211 0.98348968 0.02032225 0.02277013]]
[[0.97655614 0.99349159 0.0142052  0.01660595]]
[[0.97600828 0.98178767 0.02363018 0.0226645 ]]
[[0.97936512 0.99093005 0.02096899 0.02212418]]
[[0.97796281 0.99852047 0.02294502 0.02298222]]
[[0.97923522 0.97895232 0.02252759 0.01855022]]
[[0.97601531 0.99930864 0.01405469 0.02223833]]
[[0.97958889 0.9899185  0.0224169  0.02269293]]
[[0.97914372 0.99825746 0.01920034 0.02175255]]
[[0.97950887 0.98540924 0.02276873 0.02231005]]
[[0.97793527 0.98314052 0.02094167 0.02233244]]
[[0.97673753 0.9992482  0.01843051 0.02390948]]
[[0.97864685 0.99371791 0.01725967 0.02140479]]
[[0.9768092  0.99408274 0.01305532 0.0160791 ]]
[[0.98052907 0.99203972 0.02100247 0.02281297]]
[[0.97633569 0.97715565 0.02004124 0.02223093]]
[[0.97695701 0.99822784 0.0153631  0.01676181]]
[[0.97616131 0.98861565 0.02398686 0.02109871]]
[[0.97674878 0.99588467 0.01579952 0.02088369]]
[[0.97701532 0.99107389 0.01855851 0.02067509]]
[[0.97641394 0.99307135 0.01471537 0.0169151 ]]
[[0.97948041 0.99512474 0.01824535 0.02119471]]
[[0.97630712 0.9940166  0.01751347 0.02229286]]
[[0.97620361 0.99508058 0.01410614 0.02234506]]
[[0.97899538 0.99804097 0.01963099 0.02144676]]
[[0.97627769 0.98521338 0.02236177 0.02252461]]
[[0.97923797 0.9947404  0.01755626 0.02256281]]
[[0.97818588 0.98584299 0.01765024 0.01856963]]
[[0.97620891 0.998079   0.01626568 0.02037763]]
[[0.97693385 0.98407948 0.01710782 0.01967264]]
[[0.97601044 0.99002029 0.0164742  0.02261288]]
