[[ 5.98143329 -3.9778533   5.50309086]]
[[ 5.53563065 -4.01166454  5.99807127]]
[[-4.28627466  5.91811646  5.95811406]]
[[ 5.99635569 -3.94355386  5.69907331]]
[[-4.32727383  5.78735218  5.98692233]]
[[-4.0966999   5.61499368  5.96879543]]
[[-4.1603295   5.72189526  5.91070773]]
[[-4.14088145  5.7342883   5.81952752]]
[[ 5.97085318  5.87211362 -3.99706876]]
[[ 5.88655403 -3.93367474  5.54369254]]
[[ 5.65046943  5.99018467 -4.164673  ]]
[[ 5.99806661  5.74432095 -4.19325551]]
[[ 5.86670361 -4.37480184  5.97575348]]
[[ 5.86278547 -4.28369498  5.99318143]]
[[ 5.93357638 -4.27253069  5.88758202]]
[[ 5.86114189 -4.11415554  5.81020392]]
[[-4.03590424  5.91923084  5.75295305]]
[[-4.25280554  5.73894624  5.94861979]]
[[-4.07329066  5.96853662  5.95767321]]
[[ 5.96924979  5.95469008 -4.37940266]]
[[ 5.88374612 -3.99467146  5.61439253]]
[[ 5.94721977  5.94672217 -4.3267027 ]]
[[-4.36293828  5.90958444  5.92952818]]
[[ 5.59916255  5.94842074 -4.08811626]]
[[-4.25235218  5.8502735   5.88322592]]
[[ 5.97172626 -4.12515375  5.90255146]]
[[ 5.93547819 -4.03664888  5.98948995]]
[[ 5.84351443  5.9453269  -4.22111389]]
[[ 5.74933247 -4.1164475   5.88636261]]
[[ 5.91264469  5.69846627 -3.97392568]]
[[-4.2524849   5.83506211  5.99588554]]
[[-4.03403656  5.95557967  5.886476  ]]
[[ 5.97280085 -4.20936496  5.9477821 ]]
[[-3.9636564   5.91298803  5.91616035]]
[[-4.08109041  5.85140444  5.66085004]]
[[-4.11685395  5.98886447  5.87552288]]
[[ 5.9811672  -4.05020536  5.90542241]]
[[ 5.98018481  5.90010856 -4.4457202 ]]
[[-4.13904351  5.88778584  5.73103866]]
[[-4.02152467  5.92256001  5.6355912 ]]
[[ 5.61750795 -3.97626925  5.8535894 ]]
[[ 5.91830191 -4.2726474   5.95446039]]
[[ 5.6782018  -4.06759734  5.80525822]]
[[-4.13542229  5.59451401  5.96306883]]
[[-4.10790032  5.57799608  5.9734899 ]]
[[ 5.83663827  5.86561854 -4.21517381]]
[[-3.95386841  5.69714508  5.79523806]]
[[ 5.62551088 -4.016177    5.91719908]]
[[ 5.84443373  5.82968229 -4.18768935]]
[[ 5.94320319 -3.92458598  5.98802632]]
[[ 5.80374896 -4.30818     5.97941814]]
[[ 5.67740421  5.91944403 -4.17099182]]
[[ 5.78781379  5.78674913 -4.08124338]]
[[ 5.64353105 -4.21057609  5.98526621]]
[[ 5.87410646  5.90237067 -4.06634835]]
[[ 5.94583952 -4.1143092   5.78251808]]
[[ 5.93255426 -4.26254454  5.74367685]]
[[-4.4000354   5.89672751  5.97476084]]
[[ 5.91292468 -4.01730954  5.54444412]]
[[-4.06780016  5.71599544  5.98901324]]
[[ 5.54575132  5.99587374 -4.04143404]]
[[-4.16530761  5.98975229  5.76594137]]
[[ 5.87406924  5.82924836 -4.2216258 ]]
[[ 5.98083683 -4.19852055  5.86330455]]
[[-4.4245021   5.95469947  5.88722143]]
[[ 5.79911176 -4.27363292  5.91070761]]
[[ 5.85193033 -4.36412739  5.94900756]]
[[-4.14071376  5.56923305  5.99678399]]
[[ 5.96253259  5.69655793 -4.23623305]]
[[-4.05395481  5.61889081  5.89074458]]
[[ 5.70399926  5.9242555  -3.93268666]]
[[ 5.9490297  -3.94525046  5.60518951]]
[[ 5.87396355 -4.22473945  5.99826371]]
[[ 5.61113242  5.98453418 -4.16241424]]
[[-4.15134653  5.84592221  5.87921134]]
[[ 5.97516372  5.4701721  -3.93797551]]
[[ 5.76566107 -3.97591862  5.89240082]]
[[-4.1600192   5.71435186  5.86916262]]
[[ 5.86793295 -4.19297597  5.97622075]]
[[ 5.60895158 -3.89930283  5.90899079]]
[[-4.22763276  5.83043111  5.93670652]]
[[-4.37358189  5.94003671  5.99070495]]
[[-3.97710171  5.75413218  5.68995947]]
[[-4.28247533  5.84912884  5.99893032]]
[[ 5.72597355  5.98781801 -4.17306822]]
[[ 5.96481665 -4.38442963  5.97793817]]
[[ 5.89662611  5.93836167 -4.37903023]]
[[ 5.87100175  5.91116866 -4.36491764]]
[[-4.06419475  5.83024446  5.91262391]]
[[-4.46751248  5.93334481  5.96695858]]
[[ 5.85055206  5.94899288 -4.20372074]]
[[-4.27011438  5.79324072  5.96992931]]
[[ 5.75281794  5.94906255 -4.09595911]]
[[-4.40206455  5.95806568  5.90115736]]
[[ 5.95959985 -4.306456    5.87530723]]
[[ 5.92860341  5.80715897 -4.04678032]]
[[ 5.87641174  5.94833605 -3.91847213]]
[[ 5.99645312  5.79537193 -4.34573452]]
[[-4.47950341  5.95316139  5.94712631]]
[[ 5.92351924 -3.91335943  5.77161633]]
[[-4.1788507   5.95240465  5.95791177]]
[[ 5.91182168 -4.22550246  5.91910268]]
[[ 5.92135565  5.90679975 -4.27113798]]
[[ 5.84318611 -4.14987691  5.73817981]]
[[ 5.8742504   5.97192962 -4.040597  ]]
[[ 5.84263633 -4.06079661  5.93912437]]
[[ 5.92093111  5.90201313 -4.25634285]]
[[ 5.74731949 -4.21956629  5.93055753]]
[[ 5.95247479 -4.40252558  5.95361555]]
[[-4.05088902  5.64535953  5.91521305]]
[[-4.49404665  5.97813611  5.95128746]]
[[ 5.74549737  5.96432645 -3.90810898]]
[[-3.979037    5.79150053  5.6327907 ]]
[[ 5.98131952  5.83852091 -4.32332384]]
[[ 5.96497271 -4.1203025   5.57869302]]
[[-4.19289297  5.95651482  5.78846603]]
[[-4.06234007  5.81733959  5.66274139]]
[[-4.09396542  5.83538025  5.83533903]]
[[-4.15162861  5.78070541  5.96857664]]
[[ 5.9766057  -4.09425396  5.90831311]]
[[ 5.72757532  5.60732431 -3.82725648]]
[[ 5.93283036  5.97762399 -4.32088583]]
[[-3.9994209   5.53071491  5.88412753]]
[[ 5.78062894 -4.14982447  5.86911071]]
[[ 5.69094439 -4.15240783  5.95616877]]
[[-4.44881175  5.92413527  5.95182878]]
[[ 5.89690825 -4.16240996  5.92991884]]
[[ 5.93010555 -4.24264162  5.90972642]]
[[ 5.989027   -4.10045792  5.78757164]]
[[-4.40269696  5.91825693  5.89832079]]
[[ 5.89423475 -4.04055931  5.80924053]]
[[-3.84519723  5.5731864   5.68313432]]
[[ 5.8389305  -4.09767428  5.94300559]]
[[ 5.69292694 -3.93559378  5.71884327]]
[[ 5.82891855 -4.27333236  5.92134882]]
[[ 5.62929322 -4.151874    5.99578069]]
[[ 5.90606746 -4.24333972  5.81724824]]
[[-4.49774223  5.96997896  5.96388692]]
[[ 5.84335143 -4.0773588   5.80702986]]
[[ 5.99095557  5.87274067 -4.37682587]]
[[ 5.96278337  5.97671568 -4.42937697]]
[[ 5.982237   -4.16222928  5.81724375]]
[[ 5.97592071 -4.0174122   5.52825157]]
[[ 5.92754366  5.91269806 -4.34832023]]
[[ 5.98086313  5.93929018 -4.3838297 ]]
[[ 5.71467063 -3.94137171  5.68914449]]
[[-4.2679326  5.7760405  5.9833334]]
[[ 5.97268434 -4.32054685  5.87487279]]
[[-4.36552506  5.86830569  5.92632065]]
[[-4.25706613  5.92435001  5.8940947 ]]
[[ 5.98978405  5.94838668 -4.40308586]]
[[-4.05664829  5.95689266  5.92595572]]
[[ 5.44943704  5.92366529 -3.96182207]]
[[ 5.8896438  -4.0015729   5.97002054]]
[[-4.14275799  5.99175073  5.99477961]]
[[ 5.58439984  5.94276671 -3.94871609]]
[[ 5.8527835   5.82056005 -3.97879622]]
[[-4.34672429  5.90606772  5.89133427]]
[[ 5.96745543  5.98718288 -4.51906525]]
[[-4.22121838  5.98030887  5.93216595]]
[[-4.01589834  5.63824189  5.87651564]]
[[ 5.83812212 -4.18140145  5.77831387]]
[[ 5.97197938  5.83489765 -4.34548439]]
[[-4.35546575  5.88362735  5.95506974]]
[[ 5.99856682  5.85938107 -4.34084605]]
[[ 5.684207   -4.16099023  5.97155878]]
[[ 5.84546391  5.99979386 -4.30390745]]
[[ 5.69825082  5.93733002 -4.05126351]]
[[ 5.85896792 -4.15635801  5.88882832]]
[[ 5.7989889  -4.25462161  5.90540415]]
[[-4.39869954  5.88747847  5.97311684]]
[[ 5.99834741 -4.1468605   5.90222988]]
[[ 5.87687557  5.91462839 -3.98980306]]
[[-3.97197857  5.69393834  5.94779926]]
[[-4.11631434  5.93529573  5.62317073]]
[[ 5.60432713 -3.8664423   5.83531634]]
[[ 5.79485372  5.97946255 -4.30484078]]
[[-3.88160959  5.8531107   5.79939443]]
[[ 5.83892809 -4.32347908  5.99764906]]
