[[-5.4372803  -3.55641155  5.09934624]
 [ 1.6184588  -5.9467683  -1.43317634]]
[[-3.28308209 -5.4590019   5.30157709]
 [-0.62925341  2.06280123  0.46971035]]
[[-4.60769954 -5.70334345  4.558759  ]
 [-0.18221342  2.72925111  0.65097565]]
[[-4.82491897  4.02282568 -5.31020708]
 [ 1.07502478  0.62496681  0.04373655]]
[[-3.64256888  5.86049458 -5.88092389]
 [ 0.39804987  0.88894789  1.03643581]]
[[-4.21608761  4.38840647 -3.92032107]
 [ 0.4497728  -1.7531008  -1.78033199]]
[[ 5.46916543 -5.27394837 -3.72853997]
 [-1.43345574  0.05804101  0.07826343]]
[[-4.60906525 -5.52198861  5.64443834]
 [ 0.10031793  0.20017371 -2.163258  ]]
[[ 3.27727017 -5.43597599 -4.06111853]
 [ 3.88647149  2.2233135   0.20915273]]
[[-5.76675298 -5.11973339  4.38771737]
 [ 0.84685111  1.43627944  4.5577537 ]]
[[-5.23279241  3.33592051 -5.0602268 ]
 [ 0.79101281 -0.69932806 -0.85307563]]
[[-5.37201784  3.88937051 -4.87216087]
 [ 0.67578388  1.36542573  0.21287299]]
[[-4.85956372 -4.50940239  5.99175342]
 [ 1.35582006  0.27639567  0.41447312]]
[[ 5.2636293  -4.62267041 -5.79689311]
 [-2.80201605  0.85977884 -1.99303058]]
[[ 5.30859032 -5.64681686 -3.81175148]
 [ 0.99945887  0.45008629  0.36284758]]
[[ 5.49179747 -5.06930452 -5.00674753]
 [-2.43232495 -3.25401882  0.96024123]]
[[-3.73080775 -5.80246585  5.97371999]
 [-0.5138139   0.62753239 -0.99478325]]
[[ 3.06649603 -4.23049742 -5.92609187]
 [ 3.72970388  0.63880712  1.32555759]]
[[-5.71408077 -4.00061553  4.89158349]
 [ 0.12091341  0.782101   -0.60070202]]
[[ 5.64220392 -5.64478018 -4.04279701]
 [-2.09673052  2.29289953 -5.7180913 ]]
[[-5.9119283   5.90901602 -4.13919461]
 [-1.64075855 -1.81485527  0.69281721]]
[[ 5.85213132 -5.8535078  -3.60101894]
 [ 5.4942144   1.98522687  0.60527942]]
[[-5.53684024  5.11862783 -5.45273057]
 [-0.39199593 -0.58248709  1.25982851]]
[[ 5.53739464 -5.81102508 -3.83650771]
 [-2.33370921  2.79065728 -0.85696266]]
[[-3.22553709  3.7122761  -5.40073368]
 [ 0.68503742  4.56800743  1.04593365]]
[[ 5.24586575 -5.11345621 -5.76571043]
 [ 1.93644373 -0.12239392  2.55359608]]
[[-5.73638474  3.66330252 -4.42176154]
 [ 0.48399796 -0.81643175  1.07612229]]
[[-5.71954175 -4.75736529  3.20752094]
 [ 1.78693106  0.37500107  0.36874269]]
[[-4.87423734  3.88204616 -5.60724922]
 [-0.44672377  0.67519018  1.51036979]]
[[ 5.16388695 -5.85033732 -4.84118009]
 [-1.93349053  1.33831294 -5.34139708]]
[[-5.88778415  5.91583076 -5.93078165]
 [ 3.20887132 -0.98360148  0.15684999]]
[[-5.33458382 -4.80288435  3.79350184]
 [ 2.11166036  0.69849823  1.61836164]]
[[-5.35335699  3.74401976 -4.24249297]
 [ 1.5542757   1.73675037 -0.0934736 ]]
[[ 3.44841899 -5.62823792 -5.25957187]
 [ 4.91752235  0.32880108  1.94727152]]
[[-5.84803032 -5.1703382   4.77372473]
 [ 1.23435842 -0.55307246 -1.60969851]]
[[-5.8069831   4.71377621 -4.05581314]
 [ 2.65894817 -0.70783879 -0.03758123]]
[[-3.36632074  5.7021693  -4.58376491]
 [-5.3912243  -2.14811871  1.41078977]]
[[ 4.76732343e+00 -5.80695623e+00 -5.53649793e+00]
 [ 5.11128193e-03 -1.93581816e+00  1.82892769e+00]]
[[ 4.01210039 -4.99725105 -3.25049184]
 [-1.69388967 -0.17996627 -0.77763262]]
[[-5.96918171 -5.10269954  4.37013481]
 [ 1.89935207  0.56136025  5.68961296]]
[[ 3.63739526 -5.20175473 -5.52527825]
 [ 3.086123    1.55430271  1.66238872]]
[[-5.94915881 -5.80775795  5.70236598]
 [ 2.33523746 -3.2629197  -0.79961141]]
[[-5.68307891  4.343991   -4.3508977 ]
 [ 1.9572121  -1.84706837 -4.40752428]]
[[-5.29336992 -5.51408013  5.33782126]
 [ 1.88921155  1.45233634  5.27985037]]
[[-5.51553552  3.47286281 -3.0267773 ]
 [ 0.25985045 -0.75846893 -0.49121199]]
[[ 2.83668902 -4.19066729 -5.08982406]
 [ 0.74854955  0.40171465  0.81346727]]
[[-5.57557033  5.42696339 -4.78671838]
 [ 2.01835041  5.59691604  0.36080319]]
[[-5.78362103  5.59404117 -4.28413206]
 [ 0.34205069  3.11119445  0.93360232]]
[[-5.96835853 -5.6767462   3.90074438]
 [ 2.52580418  0.64444094  4.502566  ]]
[[-4.68119345  4.09934006 -5.0122341 ]
 [ 0.94404957 -0.62327325  0.13103104]]
[[-2.73673893 -5.90224441  5.18418978]
 [-3.3759886   3.1583544  -0.12522015]]
[[ 3.64333476 -5.06401461 -5.04929104]
 [ 2.01362432  1.16088101  0.94919329]]
[[-4.87385674 -4.60158305  5.07337933]
 [ 1.25533472  0.57807608  0.68249175]]
[[ 4.43309919 -4.95063226 -3.41831863]
 [ 0.44040673  2.21327419 -0.33899139]]
[[-5.82418079  4.46301683 -5.24480797]
 [ 1.47133954  4.6363602   0.88062783]]
[[ 4.83640187 -5.77063991 -3.41798994]
 [-0.80525119  1.95589487 -0.62560675]]
[[-5.19407275 -5.76711395  5.25662092]
 [ 0.58560124  0.99823188 -0.59712877]]
[[ 5.82467619 -3.42273976 -5.94364913]
 [-0.74640639 -1.76684929  2.02546553]]
[[ 4.71059605 -4.99864921 -5.12111843]
 [-0.76517655 -0.84611233  0.30031792]]
[[-3.90083951 -5.66343075  3.94712854]
 [-4.86878067  1.63283972 -1.23347973]]
[[-4.84288076 -4.98241039  5.5920876 ]
 [ 0.80233381 -0.31762682 -1.70568877]]
[[-4.14868699  4.44735868 -4.59691765]
 [-1.33907542 -0.12500246  1.46833669]]
[[ 4.06138564 -4.95515193 -5.96770695]
 [-0.47876961 -0.82488759  0.87248466]]
[[-2.50492073  5.01723484 -5.50568672]
 [-5.44239703 -2.77656459  1.00351127]]
[[-5.53920781  3.09259952 -5.49391329]
 [ 2.04872582  4.44480906  0.31033014]]
[[ 4.95301803 -2.77435345 -5.59767716]
 [-2.04508424 -1.58569271  0.5210153 ]]
[[-5.46660065 -4.5232521   4.69750113]
 [ 1.33619014 -1.29082186 -0.00930837]]
[[-3.59403654 -4.03959011  5.11496782]
 [-2.55907765  0.95440703 -1.49023592]]
[[-5.60558357 -5.37266531  5.4553553 ]
 [-0.68173828  0.8100249  -0.24392774]]
[[ 3.4520915  -4.73857248 -5.90213457]
 [ 0.32601794 -0.91685845  1.09398633]]
[[-5.6392419  -5.23814129  3.97258523]
 [ 1.14214736  1.31280205  1.73502372]]
[[-5.9637996   4.28857425 -4.42138114]
 [ 1.665752   -0.59966219 -2.47043326]]
[[ 3.95547431 -5.20981766 -2.89150243]
 [-1.35096801  1.74124204 -2.61545363]]
[[-5.58622338  4.2349192  -4.32741339]
 [ 0.82252615  1.69497095  0.95621103]]
[[-4.41642121 -5.86219926  4.97867167]
 [-2.78989941  1.72850337 -1.11569432]]
[[ 4.9474163  -4.79550653 -4.78411148]
 [-0.11373966  1.79933842 -0.54938754]]
[[-5.89987833 -4.54805917  3.85548738]
 [ 1.71749686  0.15857096  5.3338045 ]]
[[-5.36478239  4.14145257 -5.78672828]
 [-1.2700141   0.35509583  1.88276725]]
[[-3.44398835 -5.3128333   5.51165468]
 [-2.43527388  1.03353145 -1.78389679]]
[[-5.53038735  2.63833029 -5.56471235]
 [ 0.26662991 -0.45117202  2.03132601]]
[[-5.61422869 -5.26800656  4.82220386]
 [ 1.50893921  0.61225355 -0.09812435]]
[[-4.11920372 -5.15017794  4.99429178]
 [ 1.16018241  0.68908282  4.20010879]]
[[-5.19577107  4.54812507 -3.93490187]
 [-0.22772455 -0.42597084  0.90733773]]
[[-5.48715163  5.15252083 -5.77973927]
 [ 0.31925171  5.48778879  1.93577544]]
[[-4.3148088   5.26511709 -5.72376525]
 [ 1.29399759 -1.10771933 -0.85139409]]
[[-5.88317676 -5.95256987  4.92603221]
 [ 1.83103686 -0.13895475  0.99035361]]
[[-4.91525559 -5.73410728  5.12800676]
 [-4.7112576   1.9603329  -2.06415873]]
[[ 5.33192696 -5.35044378 -5.81272705]
 [-1.28218193  1.23420727 -4.26135425]]
[[-5.82691876 -5.70720586  2.88600084]
 [ 1.22126829  0.53876436  0.56096091]]
[[ 4.9940987  -4.59437831 -5.85455603]
 [-1.03882597  1.23726864  0.95768734]]
[[-4.06354756  5.30592636 -5.29681469]
 [ 0.5399452   1.11085256  0.4417352 ]]
[[-3.43725153  5.16181307 -5.4218385 ]
 [-0.26646632 -0.8133695   0.76424429]]
[[-5.13508109  4.86183996 -5.37002808]
 [ 1.10060801 -1.43639102 -3.73245421]]
[[ 5.61796793 -4.34896289 -5.72505499]
 [ 5.63733865  0.17505082  2.62958304]]
[[ 2.71380533 -5.85190921 -4.36296288]
 [ 5.89968494  3.13069006  0.2286148 ]]
[[-5.40058083  3.19958774 -5.45209763]
 [ 1.86140441  1.1790946  -0.72988137]]
[[-4.53281794  5.59820843 -4.81260155]
 [ 1.40795907  2.74126845  1.04982867]]
[[-4.9206124   2.68060912 -5.32647415]
 [ 1.71271801  1.0119989   0.79823683]]
[[ 5.29917227 -5.70113513 -5.37107248]
 [-0.92080293 -1.31446554  1.13496203]]
[[-5.35524419  5.9105225  -5.08952559]
 [ 0.52701763  2.09055096  0.60524822]]
[[-3.85279143  5.24229558 -5.87366449]
 [-3.86465289 -2.89025318  0.93730011]]
[[-4.11658192  4.14290872 -5.15322538]
 [-0.90383686  0.11795324  1.50535831]]
[[-5.57276907  5.67593844 -5.20139104]
 [ 1.85014535 -1.34876192 -0.48526553]]
[[ 5.9048291  -3.40741308 -4.80796939]
 [-2.20424516 -3.32089349  1.80041797]]
[[ 5.37882421 -3.66107581 -5.18873095]
 [-1.12534854 -0.64163687  0.01640758]]
[[-5.86556029  5.90100935 -5.3570493 ]
 [-1.95786685 -0.49397284  1.43118398]]
[[-5.17489094  4.5996717  -5.3440489 ]
 [ 0.42970519 -0.86993234 -0.73425096]]
[[-2.78214891 -5.34295952  5.06001977]
 [ 0.22109161  1.35355313  3.76429055]]
[[-4.64022582 -5.87079777  2.97918089]
 [ 0.29454285  3.47601516  2.71299936]]
[[ 2.86547228 -5.94578511 -5.473309  ]
 [ 5.47691756 -0.27243695  2.42700787]]
[[-4.38895084  4.00711486 -4.4047684 ]
 [ 0.75169827  1.78815544  1.17590493]]
[[-3.81223785 -4.68459562  5.7348233 ]
 [-2.49595121  0.6544976  -2.12369717]]
[[-5.26550193 -5.3824112   5.00945132]
 [-5.04603563  2.88376596 -0.19754935]]
[[-5.81713374  5.13463146 -5.05622874]
 [-3.77008757 -3.20454972  0.90576767]]
[[ 2.99300571 -5.33404516 -4.41038657]
 [ 5.61049957  0.64865004  0.80621188]]
[[-4.36362473 -4.04984554  3.80355001]
 [ 0.74530013 -0.54700992 -1.35193212]]
[[ 3.12572616 -3.26511529 -5.58698266]
 [-0.67922013 -2.11516284  1.65797739]]
[[-5.5605294   2.97715192 -3.83171742]
 [ 1.19005589  0.05707563 -0.57441297]]
[[-3.45081629  5.96614154 -3.94305953]
 [-5.00360821 -2.87172945  0.99504708]]
[[-5.70262247  2.78753837 -4.81173169]
 [-0.51324558 -0.20800613  0.98264875]]
[[-5.79133529 -5.72864512  4.2908158 ]
 [ 0.9158754   0.2131811   1.12599496]]
[[ 5.55651643 -5.6479502  -5.6024156 ]
 [ 5.34526324 -0.1538682   2.19576052]]
[[-5.45358118 -3.43410586  3.40430832]
 [ 1.46332736 -0.30370799  0.445968  ]]
[[-4.34712345 -4.5752552   4.71229562]
 [ 0.47041813 -0.01340675  0.22019941]]
[[-5.78317452 -5.50629676  5.04967941]
 [ 2.64058065 -3.9972495  -0.78931572]]
[[ 3.5315797  -4.56225609 -5.26157109]
 [ 1.13515356 -0.13393741  1.24056344]]
[[-4.85316512  3.30019796 -5.16342121]
 [ 0.40816647 -1.08280629  0.07899007]]
[[ 4.86003649 -2.9762224  -5.91704039]
 [-2.05619748 -1.03494959  0.15455107]]
[[-4.95769033 -4.50594466  5.99678195]
 [ 1.2270489  -1.54100755 -0.8692186 ]]
[[ 5.3194057  -4.6972883  -5.21631796]
 [ 5.06822351  1.27177142  1.48937009]]
[[ 5.44709068 -4.55294381 -5.22584163]
 [-2.2187993   1.41158668 -0.78923529]]
[[-3.58626343 -5.78797891  4.01461676]
 [-0.4660117   0.92827934 -0.12313627]]
[[-5.74035282 -5.44417582  4.86209911]
 [ 1.55452961 -2.32467595 -1.17417115]]
[[ 4.84320127 -5.0384877  -4.84248943]
 [-1.62544176 -2.0406253   0.76296245]]
[[-5.46327955  4.30786918 -4.65142401]
 [ 2.32426596  0.06019753 -1.22157754]]
[[ 4.31201543 -5.15529819 -5.4592666 ]
 [-1.26028673 -0.94880151  0.79382783]]
[[ 3.82272525 -3.65111438 -5.19360696]
 [ 0.59319514 -0.06143768  0.68718674]]
[[ 5.54482303 -5.24840772 -3.56243774]
 [-1.87906094  0.92320273 -0.45024657]]
[[-2.84579176  4.8114607  -5.03186286]
 [-0.41820673  0.1937085   1.7378395 ]]
[[ 5.99040882 -5.95197917 -5.30158607]
 [-2.03432992 -3.31104008  2.53410693]]
[[-4.07289862 -5.60239015  5.3503935 ]
 [ 0.24413174  2.06743481  3.36237975]]
[[-5.6078624   3.30406163 -5.83834573]
 [ 1.64727209  1.21473893  0.9576144 ]]
[[-4.94204854 -4.91588243  4.90761551]
 [-0.69109066  2.14940239 -0.16985126]]
[[ 5.49524836 -3.39089148 -5.84341541]
 [-0.6740566  -3.44824378  1.64739444]]
[[-5.95249223  2.53716969 -5.62536045]
 [ 2.43818155  5.19739358  1.23433959]]
[[-4.02650269  5.55757325 -5.33154002]
 [-1.22315046 -2.79839089  0.98268917]]
[[-4.41317814  5.08307993 -4.61772581]
 [-0.79016966 -0.68778548  1.44778794]]
[[-5.34412268 -5.06241381  5.52550179]
 [ 0.00556054  1.5479561   1.70193001]]
[[-5.65267964 -4.60233495  3.92389451]
 [ 2.78310653 -3.87667153 -0.17630678]]
[[ 3.32452197 -5.83157667 -4.91687671]
 [ 3.58109623  0.6783971   0.57753355]]
[[ 2.78979138 -5.04181944 -5.28642413]
 [ 0.65116552 -1.17259521  2.29584338]]
[[-4.47422068 -5.4007442   5.32780976]
 [-1.17809648  0.52848985 -1.54237312]]
[[ 5.99825258 -5.29213042 -4.72472802]
 [-2.399684    1.30870669 -2.78777094]]
[[-3.90330123 -2.61396018  4.78033528]
 [ 1.4992437  -3.36219665 -1.83609512]]
[[-5.97991693 -5.30160156  3.76410866]
 [ 0.73473967  1.77078754  4.27185857]]
[[-5.64921752 -4.80293599  2.39862638]
 [ 1.16810704  1.53546131  1.98919562]]
[[-5.55165551  4.54093524 -5.84286788]
 [ 1.56001287  1.70625131  1.68984656]]
[[-5.92784366  5.8881502  -5.2293243 ]
 [ 0.34309502  1.42730356  2.21304265]]
[[-5.29614467 -3.83647351  5.21284696]
 [ 2.25005645  0.03210933 -1.21695358]]
[[-4.67735723 -4.65010486  3.41312901]
 [ 1.97771457  1.34633332  5.05508585]]
[[-5.93359597 -3.77964286  5.29195199]
 [ 1.09043869 -1.6794685  -0.86526266]]
[[ 4.64401041 -5.77469958 -5.60302147]
 [ 4.79661794  0.30328347  1.95547479]]
