[[ 5.80789737 -5.36197396 -5.87989673]
 [ 2.57741169 -0.35916373  2.65995543]]
[[-4.99778729 -5.99756947  4.54471647]
 [ 1.96075707  1.15449789  1.35927349]]
[[ 3.20225835 -4.69199363 -5.72010789]
 [ 4.51602144  2.37069517  0.25549766]]
[[-3.97716605  4.01721666 -4.76020077]
 [-0.01199689  4.45772267  1.99591328]]
[[-5.51629692 -4.98005866  5.52585007]
 [-1.69828792  0.94147126 -0.75459919]]
[[ 5.93794887 -4.09036824 -5.81808258]
 [-1.52266861  1.03670336  0.52290917]]
[[-5.98295694  5.17432105 -5.28855942]
 [ 2.35604139 -2.11802764 -3.58404316]]
[[-5.93050058 -4.30592089  5.92557679]
 [ 2.21108795 -1.05091062 -2.55683017]]
[[-5.42520552  4.2737255  -2.9593049 ]
 [ 2.25422205 -0.9901441  -2.45349567]]
[[-5.50853273 -2.91132084  5.57216708]
 [ 2.3541858  -0.14775216  4.82745399]]
[[-4.78365575  5.44557018 -5.51717066]
 [-3.94267063 -0.55028179  1.99015887]]
[[ 5.50102198 -5.15882029 -4.08452979]
 [-2.48218608  1.16992609 -5.24675162]]
[[-4.16534373  4.72859786 -5.7315173 ]
 [ 0.96524594  2.80174802  2.41892517]]
[[-3.22213573 -5.99414137  5.53635819]
 [-0.12420584  1.35235776  2.31604343]]
[[-5.37073249  3.88014782 -5.41660817]
 [ 1.35016205  5.45774581  0.66828276]]
[[-4.68621126 -5.89306066  4.21027233]
 [ 0.99298312 -1.84019471 -0.93083934]]
[[-3.30373545 -2.95526957  4.81126097]
 [ 0.73761167 -1.21156247 -0.78340269]]
[[-3.46556993  5.70775434 -2.77469518]
 [-0.10134932 -3.11483715 -0.85133972]]
[[-4.95134767  5.72267043 -5.63229428]
 [-0.02660134 -0.03004016  1.11969185]]
[[ 4.80856134 -5.8170526  -4.50210243]
 [ 0.46619833  1.66914079 -0.61728153]]
[[ 4.44671516 -5.72235447 -5.9510083 ]
 [ 2.59977896  1.23549483  2.22008594]]
[[-5.05498073  5.50222409 -5.61835263]
 [ 0.99759803  2.49537135  0.40162715]]
[[ 5.67393068 -4.53454416 -5.72894349]
 [-1.61059228  0.55636562  2.27935082]]
[[-5.46493873  5.03512656 -5.60697985]
 [ 0.65645562 -0.98095632 -0.9626739 ]]
[[ 4.70759786 -5.33474595 -5.84584187]
 [-0.45391696  1.29411854  3.07362278]]
[[-4.72811666 -5.51220918  5.56105666]
 [-5.15441199  1.93623815 -1.86909974]]
[[-2.86937423 -5.90559227  3.63149914]
 [-4.69397092  2.69916377 -0.41627812]]
[[ 5.58018034 -5.94058442 -5.37795612]
 [-0.30442354  1.72098014  1.30375289]]
[[-5.76660769  3.76264464 -2.99182233]
 [ 1.42712965 -0.95447873 -1.30834717]]
[[ 4.83454138 -5.37862112 -5.41396822]
 [ 3.49093217  1.32790622  1.63927953]]
[[ 5.9827674  -5.27531218 -5.24096864]
 [-0.54342588 -0.64733898  1.84297361]]
[[-5.49309164  3.83442909 -5.5398667 ]
 [ 0.588719    4.38835595  2.55457853]]
[[ 5.33475357 -5.10840193 -5.06303035]
 [-1.16709164  0.06416974  1.32638625]]
[[-4.93994688  5.17812808 -4.99488698]
 [ 0.04341309 -1.78379566  0.25707541]]
[[-5.64618175  3.82116143 -3.87078464]
 [ 1.8077164   5.53084959 -0.13350267]]
[[-5.82063115 -5.67375192  4.45621279]
 [ 1.36338673 -2.2042543  -2.08525518]]
[[ 5.40934798 -5.37514812 -5.60015778]
 [-1.25843405 -1.03179018  2.50026734]]
[[ 5.97122109 -5.51765127 -4.52327879]
 [-2.19023657 -5.90458996  1.91076737]]
[[-5.45405586 -5.58192946  4.12595605]
 [-0.53940311  1.63297724 -1.24382781]]
[[ 5.8005629  -4.89355903 -4.80741309]
 [ 1.18883309 -0.1106356   1.99105443]]
[[-5.39047616 -5.60198811  5.43528063]
 [-5.53135836  1.38206353 -2.51903878]]
[[-5.55329222  5.53456332 -4.96507661]
 [-0.19381636 -2.07911873 -0.50758811]]
[[-4.23848185  4.34979408 -5.28320687]
 [-4.82290957 -0.53264792  2.46775194]]
[[-5.48770097 -5.70887062  3.54870429]
 [-0.3316684   2.75261557  4.96077207]]
[[-5.90586272 -5.17209229  5.62129825]
 [ 1.71614846 -1.50882844 -0.63772721]]
[[-5.37041331 -5.43250123  5.97557879]
 [ 0.93916046  0.34694784  2.42973072]]
[[-5.76650012 -4.79936318  2.14064634]
 [ 1.46628687  0.56810907  4.77778714]]
[[-4.59148037 -5.19679728  5.14915753]
 [-0.49515296  0.64414649 -1.23214508]]
[[ 5.52201176 -5.99193795 -3.11243181]
 [-1.09343807  3.30432301 -2.59691074]]
[[-4.40040416 -5.3216925   4.82769044]
 [-0.94198081  0.2445989  -1.09435516]]
[[-4.31986071  4.17013902 -5.42681753]
 [-0.50846475  0.02264174  1.58914942]]
[[ 5.63387601 -4.81122053 -4.79671252]
 [ 1.86903417 -0.14055336  1.95629294]]
[[-5.51300605 -5.90350833  3.59277273]
 [ 1.75706167  1.17207558  0.89281995]]
[[-5.80628936  5.72652935 -4.84813826]
 [ 1.99567197  2.18371469  0.15459533]]
[[-2.72906058  4.49442649 -5.895515  ]
 [-1.88314679 -1.9624922   0.35759995]]
[[-5.89916656  5.42640589 -5.49418792]
 [-1.5818302  -0.43398413  1.25209591]]
[[-4.95259864 -5.65982962  5.88558976]
 [-0.12561029 -0.30939844 -2.05304417]]
[[-4.82094343 -4.6498998   4.33068613]
 [ 1.94606801 -0.89214628  0.90733298]]
[[-5.81314791  5.82763033 -3.98589324]
 [ 1.92796027 -2.11915084 -2.18959211]]
[[-4.28985156  3.47076495 -5.7219371 ]
 [-0.05832184  0.22133559  0.6142236 ]]
[[-5.49001394  5.56537385 -5.67507623]
 [ 0.80792035 -2.03996494 -2.46513976]]
[[ 5.05374579 -3.93937174 -5.57422171]
 [-0.95332197 -4.53910297  1.71581599]]
[[-5.37320479  4.30379941 -5.18806718]
 [ 2.18326589  2.77177711 -0.01005237]]
[[-5.56764423  5.72496013 -3.91192963]
 [-1.07161191 -1.88955782  0.32254486]]
[[ 3.04794351 -4.73616619 -5.89485571]
 [ 5.02163378  1.39856291  2.51979497]]
[[ 4.92164058 -4.27375499 -5.63642514]
 [-0.45671203 -0.28352376  0.87346508]]
[[-4.47897897e+00  5.68773198e+00 -3.01537224e+00]
 [ 1.65334692e-03 -2.18339443e+00  1.90085014e-01]]
[[ 5.90508664 -4.01129462 -5.96584371]
 [-1.43317764  0.05502367  1.47698957]]
[[-3.77004456 -5.70231565  5.411954  ]
 [ 0.62735808  0.11329227 -0.85978452]]
[[ 4.57254805 -4.91946149 -5.61684882]
 [-0.65968846  1.79568119 -1.15911883]]
[[ 5.89390545 -4.86525851 -5.98787254]
 [-0.3049416  -1.01480536  1.55230092]]
[[ 5.58766509 -4.77434218 -3.74745476]
 [-2.01277523  1.17269752 -1.94584411]]
[[-3.74428736  5.35107717 -5.99756009]
 [-2.99321344 -1.95020377  3.4674801 ]]
[[ 3.13011998 -4.92777407 -5.13868896]
 [ 0.09615443  0.22504904  1.80718751]]
[[-4.87654194 -4.51496432  5.88803679]
 [-2.58644532  1.55684096 -2.3839495 ]]
[[-5.76995043 -4.32669345  5.7625323 ]
 [ 1.53123133  0.5579483   5.55354895]]
[[ 3.70517243 -4.56104145 -4.34582964]
 [-0.32450545 -0.87731872  1.34150771]]
[[-5.43965832 -4.87974293  5.20318022]
 [ 0.7138514   1.44727167  1.71868611]]
[[-4.37960226 -4.02373391  4.41535891]
 [ 1.35759104  0.65491708  4.74468858]]
[[ 5.71342524 -5.06240247 -5.64947468]
 [ 0.39877533  1.15172029 -0.13648737]]
[[-2.78840125  5.39269737 -5.36073707]
 [-0.3470825   0.92251961  1.19261522]]
[[-5.83590455 -5.91276118  5.79995761]
 [-0.75692049 -0.59496426 -3.14871096]]
[[-5.04566734 -5.88168693  4.14434948]
 [ 0.28042992 -0.14758305 -0.17008894]]
[[-3.77662109 -5.2753421   4.88145492]
 [-0.1065235   1.66067423  2.31607764]]
[[-4.57433734  4.11645952 -3.83617741]
 [-0.23084539 -1.19026482  0.19944787]]
[[-4.31212838 -5.36239677  5.94122711]
 [ 0.23554566 -0.58626971 -2.46454029]]
[[ 3.81730188 -5.44934572 -5.29692059]
 [-0.67383185 -0.25298983  0.27948987]]
[[-4.94842274 -4.57698181  5.70719987]
 [ 0.15402682 -0.13733435 -2.43690731]]
[[ 4.60217788 -5.65857597 -4.95258326]
 [ 0.51350114 -0.42818074  1.29156317]]
[[-4.60136857 -2.76739503  5.19012914]
 [-0.99335519  0.19926018 -1.23675649]]
[[-5.67898108 -5.64905088  5.60358201]
 [-1.12311946  2.36659352  0.56339879]]
[[-4.09967534  5.12536212 -4.96698961]
 [ 0.2850038  -0.59189459  0.67585801]]
[[ 5.10329553 -2.63386474 -4.75012585]
 [-2.28741016 -0.9732242  -0.09647447]]
[[-3.00933697  5.95052849 -4.73087799]
 [-3.61127477 -2.37645454  1.11686461]]
[[-5.93006643  5.98885359 -3.73669785]
 [ 2.59879621  0.53161293 -1.08903024]]
[[ 3.09223558 -2.83411787 -5.66111841]
 [-0.81123674 -2.78068579  1.42563162]]
[[-5.84878228  4.99566018 -5.25530699]
 [ 1.18800998  1.1997216   0.82939525]]
[[-4.82813058 -5.72744527  4.51710532]
 [ 1.29562767 -1.35996473 -0.36776775]]
[[ 5.087217   -4.99225295 -5.35339589]
 [ 2.02487968  1.06208749  0.57589679]]
[[-4.77972203 -5.83094498  4.29626644]
 [ 1.49064341  0.3014791   3.40170951]]
[[-5.90737727 -5.06646199  3.41661568]
 [ 0.30922478  1.03416518  0.17444435]]
[[-5.37964236  4.59395518 -5.61511126]
 [ 1.71574373  1.95204401  0.67579107]]
[[-5.17778333 -4.76170287  5.27674431]
 [ 1.65936964 -0.45157109  1.1857948 ]]
[[-5.01932631 -2.93756746  5.99906429]
 [ 2.23405665 -3.7104985  -2.15882047]]
[[-5.92362084  4.48678985 -2.88066218]
 [ 3.02803811  4.46503192  0.19826503]]
[[-5.95858353 -3.90708183  5.82099496]
 [ 2.52093125 -4.39089905 -0.77709265]]
[[-4.88561511 -3.81362677  4.7444423 ]
 [ 0.40638372 -0.7515968  -1.45058221]]
[[ 4.91849091 -5.02135228 -4.63092407]
 [-0.85197383  1.53662705 -5.94377125]]
[[ 5.89251878 -3.01759759 -5.9555944 ]
 [ 1.02973706 -0.57019275  2.89749924]]
[[-4.0888967  -5.50999843  5.72564713]
 [-3.39250345  1.17176916 -2.64106105]]
[[-5.02053283 -5.1955536   4.94077108]
 [ 2.35751763  0.63410914 -0.77396721]]
[[-5.98687129  4.69773276 -5.33495123]
 [ 1.2680764   5.65447749  2.44445152]]
[[ 3.33462814 -5.319786   -5.85829535]
 [-0.11401769 -1.30043916  1.75579404]]
[[-3.57780544  5.52737521 -5.89195749]
 [-0.82296062 -2.76550814 -0.16989079]]
[[-5.38843252  5.21783585 -5.56414746]
 [ 1.06611793 -1.04638227  0.35007582]]
[[ 3.5664851  -5.49170564 -5.05431705]
 [ 5.81426028  1.02780304  0.98043064]]
[[-5.53086841 -4.93958335  5.49598976]
 [ 1.6996151   0.62738549 -0.90851445]]
[[-5.47735059  3.77141992 -5.08108393]
 [-0.36131171  0.39408091  0.69057641]]
[[-4.1607632   5.97271896 -5.18853855]
 [-0.98184357 -1.89016979 -0.03665604]]
[[ 4.27381288 -5.99961237 -4.21542098]
 [-1.12323907  2.1296686  -1.24816207]]
[[-5.74777774 -4.48445264  5.44091985]
 [ 1.5605579  -1.60661888  0.0612114 ]]
[[-5.53922202 -5.96997064  5.26948535]
 [ 0.11698701  1.31263455  4.88174075]]
[[ 4.21041015 -5.74456    -5.85253386]
 [ 3.29291373  1.04438278  1.35941478]]
[[-5.16285284  4.32577744 -3.96063842]
 [ 1.19475069 -0.37730608 -1.62526407]]
[[ 3.64066749 -5.42533967 -4.2528285 ]
 [-0.74122907  2.22310565 -0.78150322]]
[[ 4.80733356 -5.90101648 -5.60576409]
 [ 0.66007379 -0.19088316  0.80732049]]
[[-5.29511442  5.47430344 -3.87871615]
 [ 0.92446816 -2.24972047 -1.6754139 ]]
[[ 5.1934069  -5.93893533 -5.64542485]
 [ 2.83549508  1.4883096   2.26563137]]
[[-3.68438076  4.25634382 -4.85453926]
 [ 0.68412523  0.7962704  -0.0528947 ]]
[[ 3.13612354 -4.88270428 -5.59756053]
 [ 1.33806897  0.92626478  0.52614951]]
[[ 5.84052109 -4.34422437 -5.51869658]
 [ 3.0039166  -0.12990739  1.93052139]]
[[-4.89154249  4.35950183 -5.22973839]
 [ 1.6129521   0.05951084 -0.4421474 ]]
[[-2.64604428 -5.70552838  4.66523532]
 [-0.14399481  0.52167004  0.262837  ]]
[[-5.63187381 -5.13906667  3.62231316]
 [ 0.56478614  1.65309315  5.73350583]]
[[ 2.44452973 -5.62917648 -5.39176841]
 [ 2.5886108   2.04478564  2.01631837]]
[[-2.91390745  5.44921579 -5.73228204]
 [-5.49233272 -1.03661418  1.61978895]]
[[ 4.9269675  -5.87745619 -4.74035433]
 [-2.69202761  0.29834296  0.90197828]]
[[ 4.11175973 -3.63878101 -5.91292216]
 [-0.74149731 -1.6333156   1.62664137]]
[[ 3.57612409 -5.16846174 -5.46512499]
 [ 0.17599222  0.36978737  1.85854147]]
[[ 4.6541122  -4.9728413  -3.00445086]
 [-1.70732895  0.69463274 -1.76498078]]
[[-5.61229109  4.20708026 -5.20235071]
 [ 1.92766893  4.88855413  0.01962462]]
[[-4.11941787  5.42349553 -5.25120298]
 [-0.1972641  -2.04557865  1.88443157]]
[[ 3.16965987 -5.93617929 -5.726     ]
 [ 5.56918112  3.29630373  0.39799208]]
[[-5.0575545   5.89473627 -5.01508562]
 [ 1.57011182  3.94533443  1.16318536]]
[[-3.37934605 -5.67051834  5.51878309]
 [-4.43794313  1.73614976 -2.5645581 ]]
[[-3.82963865 -5.03078495  4.93049125]
 [ 0.2569503   1.30447381  5.83307708]]
[[ 5.08343169 -3.52172944 -5.75999815]
 [-1.12690681 -0.02805834  1.1095052 ]]
[[ 3.7861941  -2.36869822 -5.57373108]
 [-1.27545915 -2.42776863  1.75781094]]
[[-3.57626102 -4.00852316  5.034027  ]
 [ 0.70954642 -0.65596817 -2.01660351]]
[[ 4.87254617 -5.48693968 -4.78895367]
 [ 4.99531466  1.38946726  0.91658652]]
[[ 4.29609601 -3.62548861 -5.11414073]
 [-0.58783329  0.50820405 -0.0901815 ]]
[[-5.97019407 -4.8699187   4.86243424]
 [ 0.58477456  1.57203514  1.54850256]]
[[-5.64937996  3.86289755 -4.44079094]
 [ 2.69537826  5.5120307   0.63106567]]
[[-5.24370559  5.41059877 -3.73003093]
 [ 2.80598758 -2.22740484 -3.80535443]]
[[ 3.96026019 -5.451631   -5.32620648]
 [ 0.09636257  1.4593749   0.47643719]]
[[-5.92435073  4.27246351 -4.86276401]
 [ 0.4366608   1.01405987  0.56456058]]
[[ 4.959386   -4.90527523 -4.24034469]
 [-1.91454192  1.58941909 -1.83375205]]
[[ 5.26547507 -3.84830563 -5.23563064]
 [-1.23208106 -2.89543386  1.57636667]]
[[-5.80449937  5.40538633 -5.58520068]
 [ 1.82079944  2.80189225  2.14915487]]
[[ 5.95663681 -5.89191604 -5.58698155]
 [-0.79236807  2.39417474 -3.31404514]]
[[-4.29767184  3.71289016 -5.68086635]
 [-1.13406506 -1.58964667  0.70914991]]
