[[ 5.99417087  5.84091506 -4.04491574]]
[[ 5.95697756  5.72528549 -4.02661492]]
[[ 5.72163312  5.81525527 -4.0803532 ]]
[[ 5.99907545 -3.99623045  5.43012584]]
[[ 5.86840773 -4.17090896  5.76652806]]
[[ 5.85590057 -4.27951978  5.95077677]]
[[-4.30662969  5.77597898  5.96065841]]
[[ 5.87744918  5.79552767 -4.16538815]]
[[-4.2097466   5.97018975  5.86321258]]
[[ 5.85048887  5.74380911 -3.94550572]]
[[ 5.87441168 -4.22367515  5.85622466]]
[[ 5.90686232 -3.96537846  5.87849295]]
[[ 5.9999025   5.95609838 -4.5436294 ]]
[[-4.26039041  5.75567822  5.98024222]]
[[-3.99704547  5.62288559  5.80616411]]
[[-4.12807135  5.65917978  5.97222978]]
[[ 5.84493751  5.47927635 -3.87049065]]
[[-4.28018834  5.90688479  5.8072859 ]]
[[ 5.76552829  5.81550187 -4.05245611]]
[[-4.14711398  5.94164227  5.62687973]]
[[ 5.78898469 -4.14158823  5.89485953]]
[[-4.2988261   5.92835205  5.94767273]]
[[ 5.77776678 -3.90468077  5.82006262]]
[[-4.2319085   5.87362862  5.94775459]]
[[ 5.7592842  -4.29766895  5.97479812]]
[[-3.97231933  5.97377915  5.50068012]]
[[ 5.89253689 -4.3328669   5.95112611]]
[[ 5.81856897  5.87921091 -4.23126041]]
[[ 5.71187291 -4.15466317  5.97178904]]
[[-4.04721395  5.98192225  5.99465805]]
[[ 5.79027369 -4.28434131  5.98406958]]
[[ 5.86587353  5.85051648 -4.26928186]]
[[ 5.86949236 -4.07992837  5.81185824]]
[[-4.01444882  5.91208818  5.96015472]]
[[ 5.72975565  5.9709194  -4.07122621]]
[[ 5.97907559 -4.274644    5.7483465 ]]
[[ 5.95991092 -4.22869958  5.74938741]]
[[-4.1223739   5.65236111  5.90532087]]
[[-4.22884876  5.87420503  5.80703479]]
[[ 5.98838273  5.84632056 -4.07454558]]
[[-4.05859688  5.91862499  5.56004521]]
[[ 5.91109573  5.87306861 -3.99317166]]
[[ 5.93635409 -4.50824849  5.98810624]]
[[ 5.98524622  5.87615614 -4.07382882]]
[[ 5.96121023 -4.23008541  5.7731698 ]]
[[-4.08546615  5.72090197  5.90218277]]
[[ 5.89949323 -4.39777739  5.98323002]]
[[ 5.82659377 -4.04275983  5.9886721 ]]
[[ 5.92671424  5.92363434 -4.39534072]]
[[ 5.9911736  -4.07925589  5.9004037 ]]
[[ 5.96861139  5.86563426 -4.18707242]]
[[-3.99246976  5.95468562  5.83743532]]
[[ 5.95843399  5.85098487 -3.98733128]]
[[-4.40728719  5.92877351  5.90000414]]
[[ 5.7851221  -3.8786309   5.61654591]]
[[-4.0017862   5.87981636  5.60395924]]
[[ 5.50031264  5.92561267 -3.90918177]]
[[-3.95999806  5.56208977  5.85256461]]
[[-3.96493592  5.9005329   5.82369944]]
[[ 5.99190067  5.81970257 -4.09712919]]
[[ 5.7247312   5.99585478 -4.2334713 ]]
[[ 5.73309185 -4.21761983  5.90520592]]
[[-3.90719963  5.68040217  5.66268995]]
[[ 5.93594388 -4.22482867  5.99657424]]
[[ 5.88436202 -3.92855705  5.63065072]]
[[-4.15188957  5.98324021  5.73995304]]
[[ 5.86324227  5.79650542 -4.12576521]]
[[ 5.82900263  5.9827661  -4.28130637]]
[[ 5.89651203  5.46408542 -3.87347442]]
[[-4.09865764  5.61942879  5.99719073]]
[[ 5.97893211  5.3868166  -3.93211767]]
[[ 5.74053463 -4.16473462  5.93876022]]
[[-4.40935802  5.9632895   5.95141608]]
[[ 5.95488359 -4.47519331  5.96245711]]
[[ 5.98143823  5.5256295  -4.02370931]]
[[-4.48898264  5.98753501  5.94152437]]
[[ 5.5895428   5.98661126 -4.15094211]]
[[ 5.83426589 -4.12566683  5.82879649]]
[[ 5.95521433  5.93825229 -4.25212721]]
[[ 5.98937527 -4.39001485  5.86321652]]
[[ 5.89974709  5.87612461 -4.13186891]]
[[ 5.93269013  5.70908706 -4.09709138]]
[[ 5.96499888 -4.11627152  5.8849535 ]]
[[ 5.61444052 -4.12247122  5.92040532]]
[[ 5.95338145 -4.06402269  5.99359893]]
[[ 5.62169502  5.72058083 -3.87059239]]
[[ 5.68947008  5.95069173 -4.22146123]]
[[-3.97590657  5.90446776  5.49737134]]
[[ 5.98215012  5.73722827 -3.96552737]]
[[-4.1566649   5.78213935  5.93320048]]
[[ 5.84077327 -4.1767211   5.82820144]]
[[ 5.95991585 -4.11984375  5.60321733]]
[[ 5.94382594 -4.1295754   5.67840371]]
[[-4.14264087  5.90824106  5.96861794]]
[[-4.26438217  5.90650613  5.89528957]]
[[ 5.91361385 -3.98620111  5.55325452]]
[[ 5.90736526 -4.13640409  5.99268813]]
[[ 5.70864934 -4.24768587  5.99064452]]
[[-3.99831529  5.79888808  5.96673272]]
[[ 5.92962853 -3.86403161  5.63962163]]
[[ 5.71018418 -4.2494508   5.98633569]]
[[ 5.57697824 -3.95673303  5.8546013 ]]
[[ 5.82933911 -4.29482482  5.92062626]]
[[-4.22742123  5.89429617  5.79605522]]
[[-4.03795285  5.68087864  5.96702383]]
[[ 5.85907705 -4.18052329  5.75623441]]
[[ 5.64049214 -4.021582    5.81689599]]
[[ 5.97884003  5.85662117 -4.28877377]]
[[ 5.90040587  5.84948602 -4.29400749]]
[[-4.23596534  5.69192221  5.97545921]]
[[ 5.94839799 -4.21837605  5.86906697]]
[[ 5.89229234  5.71019369 -3.99004707]]
[[ 5.99074206  5.94527458 -4.32387605]]
[[ 5.9917222  -4.43072291  5.93021558]]
[[-4.04137428  5.86506727  5.96784083]]
[[ 5.82565271  5.96218255 -4.34269599]]
[[-4.28681384  5.98253417  5.75773347]]
[[ 5.95777852 -4.11223563  5.98811274]]
[[ 5.9563809  -4.23100859  5.85160963]]
[[ 5.79554531 -4.2134098   5.91637453]]
[[ 5.80025991  5.80550402 -4.04584811]]
[[-3.95370548  5.57369477  5.96241971]]
[[ 5.74800159  5.87998705 -4.14867289]]
[[ 5.7521253   5.88906268 -4.00995104]]
[[ 5.94729022  5.99023372 -4.17003616]]
[[-4.20216077  5.93926391  5.89830876]]
[[ 5.78804663 -4.33491293  5.98906012]]
[[-4.20763258  5.85654372  5.88534951]]
[[ 5.79846515  5.64048639 -4.02674593]]
[[-4.04669531  5.77394759  5.96344469]]
[[-4.32317205  5.99457221  5.84958062]]
[[ 5.57572169  5.9865144  -4.03269644]]
[[ 5.96999502  5.97565567 -4.35167996]]
[[-4.22744698  5.86870676  5.97617274]]
[[ 5.85671343 -4.09460679  5.74265195]]
[[-3.95308262  5.9534767   5.66589438]]
[[-4.2258      5.98028859  5.84192579]]
[[-3.99499479  5.66428617  5.88075413]]
[[ 5.91249379 -4.27065847  5.89704229]]
[[-4.13322311  5.76211455  5.8800779 ]]
[[ 5.90290804  5.66607162 -4.01107672]]
[[ 5.84809947 -4.09262384  5.99828084]]
[[ 5.85390284  5.88934379 -4.21304026]]
[[-3.95192646  5.97221395  5.99615824]]
[[ 5.93727659 -4.13658586  5.88380431]]
[[ 5.97131953 -4.31657458  5.82312159]]
[[ 5.96944884 -4.31102568  5.78565447]]
[[ 5.84031266  5.70546415 -4.01681109]]
[[ 5.95101251  5.84112176 -4.18448397]]
[[-3.93127792  5.68386934  5.8971363 ]]
[[-4.18824058  5.88114588  5.76126611]]
[[ 5.79679206  5.73068466 -4.0934354 ]]
[[-4.27010799  5.97163922  5.85537685]]
[[ 5.97376771  5.99946022 -4.4752289 ]]
[[ 5.84229632  5.88356511 -4.05752246]]
[[ 5.89135734  5.71547351 -4.1603404 ]]
[[ 5.92282955 -4.00128232  5.80020029]]
[[ 5.73057389 -4.07311659  5.86588796]]
[[ 5.96631226  5.81698301 -4.32197035]]
[[ 5.97110639  5.80205892 -4.34397869]]
[[ 5.91140443  5.80496467 -4.11222011]]
[[-3.92757402  5.78237653  5.70681681]]
