[[-2.62485861  5.06394188 -4.62805417]
 [-1.89859544 -2.32933709  0.95332732]]
[[ 5.82965327 -5.32958507 -5.85743007]
 [-0.440546   -3.35942423  2.06478984]]
[[-5.55743873  5.50253186 -5.89574633]
 [-0.98587651  0.22255704  1.52072204]]
[[ 5.73794437 -5.58113106 -4.50056165]
 [-1.33852943  0.34118412  1.4043594 ]]
[[-3.6930591   3.97924462 -4.6597658 ]
 [ 0.48975017  2.19599003  0.64166198]]
[[-5.04599661  4.23467661 -3.90368501]
 [ 0.89729756 -1.04329929 -0.5347581 ]]
[[-5.92867755 -5.90992324  3.98631802]
 [ 0.12452445  3.08731658  5.55794149]]
[[ 4.7474985  -5.82791793 -3.75166475]
 [ 3.48446842  1.15570798  0.82732013]]
[[-5.25886559 -4.06877889  3.2230168 ]
 [ 0.23521963  0.16439418 -0.09511077]]
[[-3.9431658   5.75991335 -5.23155593]
 [ 0.47415032  1.11968534  0.56059165]]
[[-5.18930767 -4.60787248  5.37650632]
 [ 2.08230211 -0.31578996  2.25292193]]
[[ 5.85966961 -5.85965668 -3.03254665]
 [ 4.71915288  3.0630118  -0.19264768]]
[[ 3.65225926 -4.78855667 -4.89127695]
 [-0.01373149 -0.44592114  0.75539007]]
[[-4.58144992  5.82460457 -5.09555942]
 [-2.28759964 -0.49671389  1.75008875]]
[[-3.8832957   4.41570065 -2.90095981]
 [ 0.52928919 -1.47554015 -1.77078752]]
[[-3.23450486  5.4035881  -4.93435189]
 [-1.10251685 -1.13044241  1.04775366]]
[[ 2.75860027 -3.57117636 -5.7966488 ]
 [ 1.16237739 -1.07468908  2.55868179]]
[[ 4.04053219 -5.62817459 -4.86541818]
 [ 3.41891996  1.54301302  0.42534783]]
[[-5.13524377  4.9667403  -5.1603584 ]
 [-1.21083984 -0.90455591  1.43567657]]
[[-3.96117767  4.61789805 -5.75358897]
 [-0.67838005  2.12847136  3.28553754]]
[[-5.88596607 -5.77915002  5.69446872]
 [-0.47151788  2.24676011  2.32162476]]
[[-5.49315956  5.04042218 -5.73737085]
 [-0.78571835 -1.51133591  2.25984895]]
[[-4.94667147 -4.48241294  5.99910424]
 [ 0.55896297 -3.84776188 -3.26835471]]
[[-3.60079961  5.50675962 -5.27327366]
 [-0.26995882  1.19810455  1.97825879]]
[[-5.07575586 -5.06953153  3.41184568]
 [ 2.02201425 -2.08873627 -0.05193663]]
[[ 3.75672665 -5.76607066 -5.83165773]
 [ 3.7904921   0.35037698  3.64909374]]
[[-5.16574153 -3.9691325   4.46078393]
 [ 1.83272141 -5.1717255  -1.87228456]]
[[-5.69554538 -4.38846634  5.33033787]
 [ 3.61869532 -5.73815402 -0.80494576]]
[[ 5.08379644 -4.50378612 -5.75446557]
 [-2.04978226  0.14765211 -1.4093382 ]]
[[ 5.79254799 -5.59870803 -4.34494392]
 [-1.24257611  2.46461419 -0.1622776 ]]
[[ 5.17167806 -3.50770357 -4.65598876]
 [-1.84337102  0.85024007 -0.9897081 ]]
[[-5.9954374   4.32532478 -5.04080616]
 [ 1.64590299 -1.12575913 -2.7642703 ]]
[[-5.87377819  4.00590123 -3.23790175]
 [ 2.31038485 -0.62072652 -3.98732319]]
[[-5.63166226  4.34875585 -4.87847707]
 [ 0.3809927   2.36910205  1.48196575]]
[[-3.69082266  3.68635643 -5.81010106]
 [ 0.15624956 -0.38668646  1.84288613]]
[[-2.45540754 -5.52220536  4.92231963]
 [-2.94723877  1.83916857 -1.11883564]]
[[-5.40656666  3.66133408 -5.57654238]
 [ 2.43805469  4.91651186  1.115724  ]]
[[-5.50330747e+00 -5.01368390e+00  4.10219843e+00]
 [ 1.17841495e+00 -7.37548541e-01  3.83821175e-03]]
[[-4.30588894  4.19086183 -5.54957509]
 [-0.36415518  0.88686692  2.34176361]]
[[-5.95962218 -5.07466265  5.92203234]
 [-0.85704445  1.27054318  0.15678387]]
[[-5.32599812 -3.3499651   3.24864354]
 [ 1.34721209 -1.61413645 -0.95434285]]
[[-5.46604873 -5.60261093  3.30939111]
 [ 1.47783225  3.10345653  3.13387426]]
[[-4.87640676  4.88484709 -5.66894487]
 [ 0.39776629 -1.37517394  0.00920222]]
[[ 5.84708674 -4.31486895 -5.56010913]
 [-1.41513582 -4.11271159  2.71496071]]
[[-4.75887762  5.84526894 -3.36599869]
 [ 1.85665485 -1.82943829 -1.72143406]]
[[ 3.68662056 -5.85034133 -4.70242442]
 [ 5.23318521  2.38805087  0.22175936]]
[[-5.21993481  5.85731691 -5.65504969]
 [ 0.69631886  3.87469037  1.38858981]]
[[-5.30663344 -3.7529816   3.78739081]
 [ 2.65856039 -1.51499153 -0.26327066]]
[[-5.27506027  4.5188132  -4.86258446]
 [ 1.29548485  2.3069437   0.28379898]]
[[-5.23273296 -4.00787695  3.06046293]
 [ 0.86839174  0.96351973  2.12506064]]
[[ 3.95874118 -5.37914874 -4.35542796]
 [ 1.85333545  1.59649416 -0.31297129]]
[[ 3.93221745 -5.40148657 -5.72574971]
 [ 1.54025264  1.50700569  1.36377531]]
[[ 4.27037529 -4.02888917 -4.98695804]
 [ 1.0536501   0.43654168  1.06955767]]
[[ 4.88417891 -4.55799415 -5.43955746]
 [ 5.62237894  0.31199211  2.05388863]]
[[-4.34621502 -3.42010538  5.82494264]
 [ 1.84016754  0.02307387  3.63962141]]
[[-5.74846152 -5.16426309  5.30515588]
 [ 0.61228724 -0.07765865 -0.05700135]]
[[-4.86781134  2.49638559 -4.57855296]
 [ 0.83074523  3.37455716  0.52992929]]
[[-4.23572596  4.95406523 -4.23072452]
 [ 0.72814303 -1.2130586  -0.17504451]]
[[-5.7975472   2.65671672 -4.16953693]
 [ 2.48207916  4.54646176  0.50988852]]
[[-5.82191338 -4.02342286  5.74544742]
 [-0.29103904  0.54610659  0.0558219 ]]
[[ 5.6407126  -5.76528051 -5.19322656]
 [-1.54940132  1.90625211 -4.02475103]]
[[-5.38081921  4.61253892 -5.34245354]
 [ 2.06252647  3.60725454  0.0695086 ]]
[[ 5.56652752 -5.39988376 -5.69550958]
 [-1.2735388  -0.89481998  1.68949519]]
[[-4.61598276  5.9978142  -3.79759576]
 [ 1.22295827 -0.69544858 -1.2450562 ]]
[[-5.38392987 -3.89514414  5.69827762]
 [ 2.06941102 -4.13884562 -1.12787286]]
[[-5.47588124  5.48902067 -5.69449179]
 [ 0.15738518 -0.18748219  0.8300027 ]]
[[ 5.1747694  -5.99433714 -5.47543056]
 [ 0.66043967  2.19800082 -0.2617922 ]]
[[-4.68944374 -5.91442428  5.59807381]
 [ 1.04894562  1.09765095 -2.62077659]]
[[-5.98557031  5.93786311 -2.52549453]
 [ 2.03927796 -0.31617838 -0.45427621]]
[[ 3.35182365 -5.50595291 -5.62402266]
 [ 0.94677088  1.38938758  0.55372578]]
[[-5.31196999 -4.24489938  5.99497757]
 [ 1.86016534 -0.65933793 -2.1358156 ]]
[[-5.54212576 -3.51621245  4.42071204]
 [ 2.36181687 -0.17977803  2.48030437]]
[[-5.43244484  5.82590304 -4.5870416 ]
 [-1.81209253 -1.86534546  0.52024265]]
[[-5.09538046 -5.63833421  4.83260854]
 [ 0.74663122  1.53855555 -0.94575534]]
[[-2.49719636 -4.53343642  5.5872972 ]
 [-3.19358715  1.00682658 -1.76830595]]
[[-5.81688868  5.62389463 -4.38711594]
 [ 2.35522823 -1.19236668 -0.68257638]]
[[ 3.15786588 -4.77737844 -5.68814624]
 [ 4.99309649  0.51199128  1.8199484 ]]
[[-4.4163825  -5.52074367  5.0193106 ]
 [ 1.12574831  0.08060519  1.78322925]]
[[-3.8326269  -5.29124016  3.74057405]
 [ 0.51680287  1.55962557  0.23167401]]
[[-5.41934233 -4.93871733  3.20606952]
 [ 0.80603809  0.81370233  4.50019305]]
[[ 5.4602692  -5.31116495 -5.20849684]
 [ 1.0594691   0.44115172  2.02618215]]
[[ 4.39337752 -5.73667844 -3.13265898]
 [ 0.39929407 -0.00594685  0.28404868]]
[[-5.13838781 -5.25661568  5.93134062]
 [ 0.97100815  1.22133996  4.54867414]]
[[-5.08007961  5.9030323  -5.01813114]
 [ 2.12297253 -0.80270543 -5.85455299]]
[[-4.51610825  5.5859226  -5.20435015]
 [-1.81658903 -2.36076071  0.66675307]]
[[-5.89369453 -4.4910095   5.29187912]
 [ 2.20312436  0.205891    5.86109897]]
[[-4.23666284 -2.73363631  5.29157708]
 [ 1.84217448 -2.19311896 -1.33623096]]
[[-3.27648586 -5.46539732  5.38184621]
 [ 0.15391037  1.45377319  3.99536655]]
[[-5.22982687 -5.28083518  5.70944556]
 [-1.66261535  0.78981694 -1.95576126]]
[[-5.73513488  5.28785746 -5.78200428]
 [-0.08531302 -2.2114301  -0.641133  ]]
[[ 4.33231684 -5.60063041 -5.73944483]
 [ 1.93418215  1.78722152 -0.33063468]]
[[-5.73977555  4.75093669 -5.18733037]
 [ 3.30814048  2.58580376 -0.50564462]]
[[-5.34768984  5.00404514 -3.78456743]
 [ 0.50372068  1.22475029  0.55354144]]
[[-5.81708065  4.89188743 -5.4133318 ]
 [ 0.62393597 -0.93649975  1.89579229]]
[[-4.61215576 -4.51198831  5.79925953]
 [ 0.9979073   0.42637409  3.64723142]]
[[-4.26503663 -5.49123742  5.09852569]
 [ 0.53339932  2.01093494  3.45717251]]
[[-5.42265677  3.73369469 -3.39769618]
 [ 0.81666667 -0.75243959  0.02990723]]
[[-4.59630738 -4.92600544  3.3581008 ]
 [ 0.91577795  1.79689934  1.95137597]]
[[-4.42676765  4.17111138 -5.09479772]
 [-0.68789664 -0.12831464  1.04473194]]
[[-4.18420022  5.91173906 -4.8702448 ]
 [-0.98044544 -3.67448463 -0.27883883]]
[[-5.73958139 -5.96818196  4.65034455]
 [ 1.13487623  0.97488779  2.16727599]]
[[ 5.77612731 -5.36832459 -4.74557066]
 [-1.21084907  2.64250686  0.52800375]]
[[-5.59656562 -5.18911369  1.74304608]
 [-0.3759015   2.20237939  0.97784711]]
[[-4.99071315  5.03701426 -4.81466307]
 [-1.53948374 -0.93162511  1.07904993]]
[[ 4.30675971 -5.98631789 -4.53317223]
 [-0.49249338  2.1409344  -2.59369843]]
[[ 3.92806639 -5.69195731 -4.69236598]
 [ 3.54873026  1.3114731   0.41387652]]
[[-5.30803163 -5.04691783  5.13561868]
 [ 1.63502333  0.13051097 -0.43225903]]
[[-5.58233212  4.71290443 -3.08355146]
 [-0.12121427 -1.9228238  -1.06146727]]
[[ 4.73069203 -5.42320145 -3.7803335 ]
 [ 2.67998217  2.33340207 -0.24642208]]
[[ 5.91385911 -5.81149987 -5.5192299 ]
 [-0.26568039  2.00997552  1.67015012]]
[[-4.2755094   2.64622527 -4.38041902]
 [ 1.85338843  5.56465932  0.56153759]]
[[-5.38338426  5.50488772 -4.8104751 ]
 [-1.15245779 -0.87126388  0.75463059]]
[[-5.34449196  4.68014518 -5.75406139]
 [-3.75468643 -1.40853286  1.54738449]]
[[-4.72043429 -4.55802985  3.27147409]
 [ 0.59495032  1.15209581  3.45316731]]
[[-5.00281852  4.68213811 -3.7136346 ]
 [ 0.83085025  0.83058622  0.10081627]]
[[-5.93602829  3.31250577 -2.97451848]
 [ 2.47534104 -0.43191515 -4.8227354 ]]
[[ 5.98618154 -5.35182152 -4.07084878]
 [-0.17586215  2.4146682  -2.74414754]]
[[-5.55588579 -2.94790264  4.12621973]
 [ 1.24747773  0.47321804  4.44244577]]
[[-5.05795169  5.74982948 -3.50024309]
 [ 0.48853605 -0.92002641 -0.65308804]]
[[-4.78549028  4.41614228 -5.12387912]
 [ 1.87302822  2.81453822  1.67388812]]
[[ 4.61527448 -4.27347976 -5.54938475]
 [-1.2089986  -0.59286679  0.96413648]]
[[ 3.761977   -4.83128168 -3.62911023]
 [-0.45629208 -0.56223648  0.2230176 ]]
[[-5.39561103  5.97003568 -4.80166396]
 [ 2.19544432 -0.57554592 -5.23387616]]
[[-5.75724413  3.8793811  -2.61651821]
 [ 1.36831934 -1.24434876 -2.71156695]]
[[-3.73594999 -4.77130828  5.64189902]
 [-1.25396312  0.80908281 -0.47549388]]
[[-5.01218632  5.12996513 -5.89547692]
 [-0.29273245 -0.79740466  1.77304711]]
[[-4.80358038  4.81117956 -4.58733833]
 [ 0.90871958  1.19289083  0.86825843]]
[[-5.97198602  3.94652719 -5.45613644]
 [ 1.20537688 -0.9208893  -1.96671679]]
[[ 2.8364062  -4.6378711  -5.90497321]
 [ 2.92538652  1.05895826  1.96893586]]
[[ 4.78986143 -5.42052257 -5.75175774]
 [ 1.51744513  1.08097623  0.68823932]]
[[-4.77810164  5.96276246 -5.87465424]
 [ 2.49581477 -0.89110578 -5.26277954]]
[[ 4.36031177 -5.37441799 -3.75316975]
 [-1.4341388   0.61382379  0.11624566]]
[[-5.85557351 -4.05576024  5.72626822]
 [ 2.5484504  -4.40973006 -1.64126045]]
[[-5.90721055  4.39197766 -5.55217665]
 [ 1.0025008   3.37272473  0.26583654]]
[[-5.23553106 -4.50040542  4.91646619]
 [ 0.5846957   1.27224718  3.91311546]]
[[-5.47165853 -4.56601007  5.05045984]
 [-2.15995508  0.70709705 -2.30158713]]
[[-5.84154979 -5.95340461  4.52563407]
 [ 1.38948404  1.33004384  4.20910544]]
[[-5.54923337  5.27110086 -5.86101648]
 [ 1.81948383  0.61844369  1.66288022]]
[[-5.89365087 -5.29160802  5.29553251]
 [ 1.39071471  2.08281127 -1.45847603]]
[[-5.04656915  4.94714885 -4.74929399]
 [ 0.91155758 -0.56380166 -0.10536304]]
[[ 5.40720257 -5.41693447 -3.72360434]
 [-1.1469865   0.70791687 -0.42897779]]
[[-4.0717167   5.91602391 -3.91850766]
 [-2.48922646 -1.93878368  1.04779252]]
[[ 3.56515274 -4.65591121 -5.82540768]
 [-0.14899632  0.41661071  2.31458978]]
[[ 4.46994809 -4.68646673 -5.9167436 ]
 [ 5.39370304  0.52878649  2.6102649 ]]
[[-4.62255034 -4.85210558  4.48232606]
 [-1.00573214  1.51009948 -1.06635742]]
[[-4.44946061  5.82530081 -5.29665393]
 [ 0.2671926   5.28389746  1.89377561]]
[[ 5.47232921 -5.95294249 -3.20081862]
 [-1.08021489  0.80421827 -1.09098401]]
[[-5.10658432  5.50737294 -4.51732189]
 [ 0.59174556  1.78089562  0.7725732 ]]
[[ 5.95961575 -5.14347643 -4.29856516]
 [-2.0782029   0.94349013 -5.62142477]]
[[-4.99848238 -4.46982504  2.63311519]
 [ 0.38848479  1.80230287  1.99699867]]
[[-5.79753997  4.52384141 -5.32554096]
 [ 0.30698101  5.76467502  2.30019375]]
[[-5.46514986  5.0246883  -5.67885469]
 [-0.63580223 -1.13558618  0.83531994]]
[[ 5.66644339 -5.60924982 -4.53386465]
 [-1.28261166  0.31737506 -1.03841699]]
[[ 4.14637074 -4.85419556 -4.63987297]
 [-1.93020794  0.02619776 -0.8707795 ]]
[[ 4.02393171 -5.3084428  -3.10967088]
 [-1.2828268   1.26575729 -1.05348535]]
[[ 5.63637643 -5.85079372 -3.54455993]
 [-2.17858847  2.12082719 -4.79022606]]
[[ 4.42518948 -4.93426444 -5.59962243]
 [ 0.8717748  -0.95473092  2.57857977]]
[[ 5.87132669 -5.7950373  -2.47161185]
 [-0.21789956  3.28949008 -3.63345411]]
[[ 5.71872774 -4.31291445 -5.25484465]
 [-2.46170379 -2.34803976  1.00312175]]
[[-5.57304288 -5.27506703  3.1713982 ]
 [-0.36586754  2.10216741  1.72106812]]
[[ 5.52792937 -3.87608642 -5.89654715]
 [-2.32681202 -0.11012954  0.19783153]]
[[-5.8404318   2.89687923 -4.61203543]
 [ 0.86332906 -0.37849353 -0.36716893]]
[[-5.17284827 -4.86209921  5.50014147]
 [ 1.49022369 -0.34310738 -0.55239171]]
[[ 5.06410198 -4.46372057 -5.54052993]
 [ 0.88624485 -0.81336782  2.10827821]]
[[ 4.05097268 -4.62913752 -5.85255794]
 [ 2.03297416 -0.15669435  1.68231856]]
[[ 5.05976516 -5.34453167 -5.19004964]
 [-2.42693569  2.30743228 -5.39964653]]
[[-5.88889229  2.90599997 -5.5602892 ]
 [ 0.9095865   4.3715196   3.14194235]]
[[-5.14770171 -3.22344633  4.87029412]
 [ 0.1558408  -0.33601212 -2.14941559]]
[[-5.7803144  -5.82134665  5.82821543]
 [-0.07231331  1.2874759   0.58950689]]
[[-5.84651485  4.68276413 -4.37921768]
 [ 1.55720044 -1.37793708 -3.72004095]]
[[-4.02864784  5.93028481 -5.7028231 ]
 [-5.71096578 -1.64859535  3.07497747]]
[[-4.9710967   5.78044567 -3.67949986]
 [ 1.83913415 -0.68693207 -4.49654903]]
[[-5.93592875  5.23756151 -5.6383344 ]
 [-4.74402411 -0.74157461  2.03122796]]
