[[ 5.98528486 -4.49535811  5.92229241]]
[[ 5.93309339  5.63614026 -3.90618603]]
[[ 5.50156737  5.82031848 -3.89833386]]
[[ 5.66094711 -4.01743441  5.8360792 ]]
[[ 5.95868201  5.62111241 -4.08817699]]
[[-4.47429412  5.95651058  5.98532312]]
[[-4.21930335  5.81080161  5.96855754]]
[[ 5.97228474 -3.95278632  5.8954272 ]]
[[-4.25036457  5.96012713  5.79569095]]
[[-4.22768546  5.97653823  5.88284745]]
[[ 5.94982406  5.99372159 -4.23887776]]
[[ 5.52327264  5.77360211 -3.85556046]]
[[ 5.98560039  5.95767115 -4.33410229]]
[[ 5.97041457 -4.07398292  5.6122468 ]]
[[ 5.83987141 -4.01724792  5.59852044]]
[[ 5.82683292  5.79762895 -4.08829148]]
[[-4.15661243  5.65263316  5.99003742]]
[[ 5.93922844 -4.37007786  5.88496628]]
[[ 5.86048004  5.90088377 -4.30723119]]
[[ 5.52664852  5.99300307 -4.10422525]]
[[ 5.94907223  5.90079622 -4.33581207]]
[[-4.01632721  5.71192003  5.95438077]]
[[-3.91366378  5.98630598  5.69273303]]
[[ 5.65542661 -3.9547415   5.95824874]]
[[-4.21349153  5.76201255  5.89604415]]
[[ 5.98261262  5.98314068 -4.1592256 ]]
[[ 5.72024169 -4.14990583  5.92457088]]
[[ 5.9263104  -4.36624413  5.96811721]]
[[ 5.98320995 -4.33932382  5.88186226]]
[[-4.32919438  5.9240329   5.88337862]]
[[ 5.83278026  5.9874734  -4.35237356]]
[[-4.09295647  5.80553926  5.95022473]]
[[ 5.89520417  5.99529981 -4.21695749]]
[[-4.52194464  5.96108694  5.97532886]]
[[-4.05786421  5.82797898  5.97298958]]
[[ 5.98978538  5.55481603 -3.92846632]]
[[ 5.91390629  5.99664621 -4.39020032]]
[[ 5.74058011 -4.11157849  5.86827928]]
[[-4.31129815  5.82586279  5.97331833]]
[[-4.21499025  5.87622503  5.94158945]]
[[ 5.99617221 -4.00678531  5.728722  ]]
[[-4.36059722  5.98702033  5.95796136]]
[[-4.30486353  5.96381404  5.87655785]]
[[ 5.85550163 -3.99861594  5.59084605]]
[[-4.19465599  5.85134407  5.78187405]]
[[-4.0041233   5.55800817  5.93844844]]
[[ 5.94981988 -4.34437211  5.81306894]]
[[ 5.94103333 -4.1693911   5.98244204]]
[[ 5.71617213  5.86758334 -4.16910366]]
[[ 5.97042855 -4.2686735   5.97761196]]
[[ 5.7276738  -4.19194464  5.99825683]]
[[ 5.85917163 -4.09644625  5.97819191]]
[[-4.1909284   5.77967119  5.98506782]]
[[-4.21908893  5.75296939  5.906603  ]]
[[-4.23603196  5.6842418   5.9837883 ]]
[[ 5.70068254  5.9200156  -4.20189372]]
[[ 5.76964025 -4.01502944  5.73096605]]
[[-4.16732958  5.84033485  5.77392729]]
[[ 5.93587499 -4.07436688  5.75228397]]
[[-4.12669203  5.99180539  5.62498051]]
[[ 5.96403741  5.872376   -4.3988255 ]]
[[ 5.89607115 -4.00598953  5.54072071]]
[[ 5.97330071  5.71492869 -4.19093855]]
[[ 5.79979877  5.93136501 -4.095903  ]]
[[-4.33558884  5.99835918  5.99838431]]
[[-4.24818454  5.81769092  5.94278626]]
[[ 5.98177     5.84997781 -4.24071619]]
[[ 5.69071511  5.84742992 -4.01042908]]
[[-4.17069475  5.83814613  5.92676133]]
[[-3.96364033  5.93704403  5.49659824]]
[[ 5.81845967  5.94732452 -4.32601073]]
[[-4.36971516  5.81785496  5.98124683]]
[[-4.05426965  5.64956557  5.95518247]]
[[-3.99105411  5.89905827  5.94788422]]
[[ 5.93630266  5.84473506 -4.34921773]]
[[ 5.83253869 -4.20849488  5.8597716 ]]
[[ 5.79874742 -4.22156689  5.83883756]]
[[ 5.72535056  5.99037786 -4.13936339]]
[[ 5.97643212 -4.22854588  5.99974227]]
[[-4.30813363  5.89475402  5.97530633]]
[[ 5.90904419  5.94878272 -4.28909058]]
[[ 5.82550541 -3.9909466   5.84344764]]
[[ 5.97748088  5.8637108  -4.26001857]]
[[ 5.95964909 -4.01509404  5.94574749]]
[[ 5.9707663   5.94685542 -4.34495876]]
[[ 5.86386133 -4.07566996  5.632132  ]]
[[ 5.88850575  5.64025902 -4.07657072]]
[[-3.95430681  5.68159163  5.95873181]]
[[-4.23474497  5.99566714  5.71805548]]
[[-3.94653859  5.97453661  5.53195493]]
[[ 5.9742818  -4.38949221  5.90844675]]
[[-4.07393752  5.60348063  5.93117066]]
[[ 5.85122328  5.99756927 -4.10454356]]
[[ 5.93985883  5.88225425 -4.37000135]]
[[ 5.92024132 -4.12594352  5.79666572]]
[[ 5.81218359  5.8729744  -4.10803314]]
[[-4.26521381  5.78858388  5.95096665]]
[[ 5.84260961  5.88223672 -4.21582309]]
[[ 5.9924816   5.73278116 -3.9335187 ]]
[[ 5.9777207   5.91616898 -4.29059956]]
[[ 5.69222436  5.84739252 -4.03976599]]
[[-4.2039296   5.76541376  5.85117446]]
[[ 5.57919097  5.85504623 -4.01920773]]
[[ 5.76154885 -4.02564396  5.97298235]]
[[ 5.96728914  5.87814677 -4.33362238]]
[[-4.28698341  5.84712365  5.9003306 ]]
[[ 5.56996802  5.95092993 -4.0593591 ]]
[[ 5.80213259 -4.16443694  5.98489352]]
[[ 5.65111055  5.90960456 -3.92932552]]
[[ 5.96923765 -4.20076986  5.7334733 ]]
[[-4.11326191  5.98500901  5.99580966]]
[[ 5.75827118 -3.95116535  5.83549654]]
[[ 5.952431   -4.25875362  5.85628702]]
[[ 5.86637491  5.98865769 -4.22244571]]
[[-4.05197881  5.90534221  5.62687141]]
[[ 5.94997977  5.93473965 -4.3550205 ]]
[[-4.03544352  5.98773097  5.89180582]]
[[ 5.92296654 -4.29739223  5.96970826]]
[[-4.10858875  5.79024699  5.79585265]]
[[ 5.99858432  5.80717122 -4.23727654]]
[[ 5.97073502 -4.4785064   5.98832735]]
[[-4.12730352  5.78272925  5.89317675]]
[[-4.13802303  5.89361177  5.88383058]]
[[ 5.99404434 -4.33605688  5.89880324]]
[[ 5.84955919 -4.11073779  5.94502436]]
[[ 5.8770608   5.87374929 -3.95211591]]
[[-4.18193904  5.99599325  5.88252566]]
[[ 5.9617165   5.67002382 -4.14315785]]
[[ 5.96890937  5.81071194 -4.25663534]]
[[ 5.65542803  5.73070213 -3.91081981]]
[[-3.90542617  5.76249946  5.80308786]]
[[ 5.9657572   5.94640007 -4.42885388]]
[[ 5.28075715 -3.80480377  5.93747735]]
[[-4.22140639  5.9936414   5.67463399]]
[[-4.29503588  5.92781233  5.91776926]]
[[ 5.61051965  5.93668397 -4.07624046]]
[[ 5.95312174 -4.41350073  5.94247193]]
[[ 5.93767209 -4.05513598  5.69850887]]
[[ 5.66705329 -4.19811838  5.98053049]]
[[-3.93107787  5.73181598  5.85497796]]
[[-4.15904768  5.79357913  5.80277429]]
[[-4.44412629  5.91772965  5.95520352]]
[[-4.02396538  5.91151642  5.55191885]]
[[-4.42370132  5.91848864  5.94677732]]
[[ 5.9293058   5.91640379 -3.96862222]]
[[ 5.93037246 -3.99078348  5.70220754]]
[[ 5.65348127  5.95259507 -4.12441426]]
[[ 5.76281621  5.7946388  -4.08692142]]
[[ 5.8652759   5.83421008 -4.10027713]]
[[ 5.8581255  -4.09811742  5.78354244]]
[[-4.26516633  5.94416291  5.98513368]]
[[ 5.98443506 -4.08135537  5.77901747]]
[[-4.08201166  5.90550751  5.65892465]]
[[-4.0826396   5.91290776  5.86778193]]
[[ 5.86914912 -4.19607677  5.75134979]]
[[ 5.97896733 -4.19178765  5.78319664]]
[[ 5.97804302 -4.15193904  5.75272145]]
[[ 5.73896573  5.96328676 -4.0501861 ]]
[[ 5.98000637  5.72325536 -4.28136453]]
[[ 5.94076782 -3.92315605  5.94331921]]
[[-4.4283568   5.90168393  5.98554342]]
[[-4.15050697  5.89355293  5.90594327]]
[[-3.94103095  5.9887225   5.74865245]]
[[ 5.87517084  5.95247228 -4.39320938]]
[[-4.24776385  5.98216292  5.88768818]]
[[-4.36033213  5.96437951  5.86820901]]
[[ 5.78451529  5.87620566 -3.95018368]]
[[ 5.94824049  5.85109177 -4.31466363]]
[[ 5.93287751 -4.10122592  5.99925917]]
