[[-1.66515599  0.95409344 -1.91564092]
 [ 5.43236841 -4.86989093 -3.20719804]]
[[-0.67901883  0.60508874  2.64905166]
 [-4.99491502  4.93972917 -5.40447713]]
[[ 3.6464037  -0.23489726  2.48471608]
 [ 3.10693275 -4.92217374 -5.85224974]]
[[ 0.31479658 -0.27389815 -0.44086586]
 [-5.32686536  5.14782004 -4.10798431]]
[[ 1.60276307 -5.98281645 -3.33870324]
 [-5.71467895 -5.31838764  5.61395602]]
[[-2.20419704 -4.40882692  2.11073745]
 [ 5.25849394 -5.75341063 -5.27189272]]
[[-4.15029543 -2.64411808  0.85492302]
 [-3.29519665  5.78676349 -4.7563132 ]]
[[ 1.31883019 -0.97281784 -0.2179974 ]
 [-5.32031724 -3.15632986  2.92479124]]
[[-0.43818149 -1.83971682  1.34500598]
 [ 4.22856472 -3.83634138 -4.91920005]]
[[ 1.89334714  0.63671229  1.52856383]
 [ 2.98727554 -5.52185188 -5.53780418]]
[[-0.07182252  1.39067662  1.49520915]
 [-4.03838444  3.56723413 -5.0322213 ]]
[[ 0.84540697 -0.1246098   0.76119321]
 [-4.21145127  3.4767777  -4.38326299]]
[[ 0.70472971 -2.54920318 -0.80252783]
 [-5.99606513  5.41864537 -5.42181545]]
[[-2.04363771 -2.37040041  0.89572533]
 [ 5.14175226 -5.26909906 -5.0849155 ]]
[[ 3.72153958e-04  3.18786104e+00  1.45215032e+00]
 [-4.50121589e+00  5.17295527e+00 -5.70441436e+00]]
[[-0.73301883  2.158711    2.80732551]
 [-3.93838251  5.0993226  -5.84281835]]
[[-0.41114474  0.88539782  1.11880109]
 [-5.35434203  3.98347551 -5.29083784]]
[[-1.74062055  2.2764642  -1.61593359]
 [-3.75055149 -5.88890818  4.55107347]]
[[ 1.18983014 -0.72529784 -0.09544978]
 [-5.31263142 -5.50814658  3.82075776]]
[[-2.11372153 -0.24193395 -0.76235052]
 [ 5.99776517 -3.22517372 -5.64617398]]
[[ 1.0718747  -0.26664993 -0.77418818]
 [-5.93764835  3.08210746 -4.86284339]]
[[-4.5503627   1.70264355 -2.1457592 ]
 [-3.38767446 -5.19387142  5.06527485]]
[[ 0.09472295  0.25544373  0.20178721]
 [ 2.95394458 -4.697713   -5.99090274]]
[[-0.21579802  1.42317339 -0.66354873]
 [ 4.11388087 -5.09702288 -5.63793704]]
[[ 1.29119546  0.70993863  1.8789404 ]
 [ 3.35688521 -4.31339362 -5.95592642]]
[[ 1.27928687  0.41438974 -0.36057376]
 [-5.07994371 -3.34931516  4.57654205]]
[[ 2.15759681 -1.66051019 -0.34452627]
 [-5.58636616 -3.34941333  4.46830341]]
[[-3.63157198  2.52962191 -1.04790556]
 [-2.82739498 -5.83294404  4.51521199]]
[[ 0.55313109  2.32803355  1.13345073]
 [-4.34021374  3.02933195 -5.30865196]]
[[-5.21765115 -2.20678332  1.16198446]
 [-3.47015931  5.20273696 -5.99512933]]
[[ 1.77687825 -1.09937661 -0.99262148]
 [-5.27191843 -5.27388499  4.49724395]]
[[-2.62651766 -2.58605234  1.21335978]
 [ 4.73203549 -3.51110766 -4.19034509]]
[[ 0.00748073  2.53682041 -1.05119232]
 [ 3.9195124  -5.71341999 -3.65953625]]
[[ 4.5455238   0.12472069  1.45885653]
 [ 4.02445651 -4.04971466 -5.88771065]]
[[ 1.10567782  0.78725855 -0.02538829]
 [ 4.32260392 -5.52054598 -3.51193865]]
[[ 1.78505539  3.69389936  0.49829082]
 [-5.66830936  2.80749637 -3.25493369]]
[[ 1.15348746 -3.68989283 -1.66526906]
 [-5.72336628 -4.37788725  5.73995443]]
[[-0.05058187  0.6609005   1.37567807]
 [-4.02188679  4.26859695 -4.53638865]]
[[-2.11913478 -0.98464725  1.42915582]
 [-4.83608514  5.67615904 -5.07249915]]
[[ 0.68479644  4.38348572  0.8082665 ]
 [-5.29394354  5.92929641 -5.11535616]]
[[ 0.58239386 -0.13907625  1.23518248]
 [ 5.08839351 -5.81881892 -5.14713595]]
[[-1.60817597  1.62177117 -1.87428604]
 [-3.1917515  -5.56607586  4.94701781]]
[[ 2.16229367  1.48002575 -0.07383647]
 [ 5.56553219 -5.27510149 -5.89756507]]
[[ 2.63579636 -0.86902439 -3.06830713]
 [-5.32888566 -3.99133476  5.99198089]]
[[ 1.13108496 -2.44729393 -2.78290486]
 [-4.46773794 -5.38607094  5.78790988]]
[[ 1.86728371  0.31927577  0.70239147]
 [-5.98502514 -5.74862445  4.7191035 ]]
[[ 1.80017284  3.75832425  0.93284555]
 [-5.97211674  5.8805464  -3.81325244]]
[[ 1.25660812 -1.60560747 -1.51800675]
 [-5.56735356  4.37223117 -3.89478487]]
[[ 0.58636911 -0.77815717 -0.93773743]
 [-4.72520889 -4.71334591  4.59326045]]
[[-1.53046923  1.98387037  1.16376475]
 [ 5.31120087 -5.65374511 -4.11160219]]
[[ 1.96137731 -1.56145033 -2.7181027 ]
 [-5.6409115   4.50020875 -3.78485334]]
[[ 2.47488353 -4.82411886 -1.27190927]
 [-5.89639861 -5.35539938  3.86828439]]
[[ 2.25841938 -0.987015   -0.08751658]
 [-5.68379605 -3.73752448  4.66147252]]
[[-0.00935566  2.15840403  4.78314331]
 [-5.94881576 -4.88643969  2.79124286]]
[[ 2.24459684 -1.01548053 -0.93960179]
 [-5.71257999 -3.07230752  5.02133165]]
[[-3.39437441 -1.99756391  1.73989319]
 [-4.6084956   5.50351269 -5.08039326]]
[[-0.38950531 -0.08745231  1.42520146]
 [ 5.31077875 -5.63581958 -5.59352334]]
[[ 1.3399229   1.12859858  0.81696634]
 [ 3.13158305 -4.85441302 -5.26144864]]
[[-1.88802696  0.96449237 -1.75842708]
 [-5.33773079 -3.9591072   5.66941507]]
[[ 0.73380355 -0.77262346 -1.13639591]
 [-5.17167136  3.2315408  -2.99233365]]
[[ 0.65305485  0.37591128  2.42478177]
 [ 5.3743433  -4.51734458 -5.01664705]]
[[ 0.0093161  -0.87843947  1.92493823]
 [ 4.57840207 -2.66163486 -4.91749507]]
[[-1.12785729 -1.57691407  1.5420578 ]
 [-3.66770366  5.53568536 -4.45177541]]
[[ 2.09148733  3.40707944  1.64505475]
 [-5.37234199  1.87577907 -5.66198323]]
[[ 0.46323255  0.95482749  2.12071436]
 [-5.82867631  3.37385248 -5.96741427]]
[[-0.09358748  0.11666993 -1.44267559]
 [-5.39646217 -5.89534318  4.68058205]]
[[-2.09179763  0.98399033 -4.55694033]
 [ 5.65987105 -5.7838227  -3.40718175]]
[[ 1.87473893  0.81703672 -0.05904348]
 [-5.52079809  5.90670189 -5.33921069]]
[[-1.01156633  1.54335739 -2.31981215]
 [ 5.58254235 -5.42968336 -3.20710049]]
[[ 3.05825947  1.46687765  1.07882483]
 [ 5.97287113 -5.73015498 -5.81635936]]
[[ 0.23825053  1.27315394  1.48603885]
 [-4.97609998 -5.22837726  3.84564437]]
[[ 2.36821662 -4.48998698 -0.55528166]
 [-5.51424226 -4.0547988   4.91676911]]
[[ 2.7118163  -4.05650701 -0.38751034]
 [-5.90178106 -1.99694824  5.16157155]]
[[ 1.0298582  -5.76307605 -2.26353465]
 [-4.33371239 -3.33906591  5.88006661]]
[[ 1.85726092  0.28350778  1.06349639]
 [-5.81133075  4.38178701 -4.8497745 ]]
[[ 1.49887841 -0.62427864 -0.35962119]
 [-5.21997939 -5.84542674  5.27251759]]
[[ 1.90125993 -3.0213799  -1.43500283]
 [-5.98371789 -5.50921794  4.90640819]]
[[ 1.25062497  0.4822659   1.3966182 ]
 [ 5.65331377 -5.04144964 -4.97810093]]
[[-1.22356359 -2.62918094  1.75313064]
 [ 5.87326839 -5.40954512 -5.99340191]]
[[ 2.19373474  2.10368489  2.38423223]
 [-5.91812726 -5.48274636  2.74767067]]
[[ 0.40301833 -1.02802844  2.28421805]
 [ 4.12028013 -3.98905406 -5.36702182]]
[[ 2.29078416  0.92584516  2.2221489 ]
 [ 4.72492868 -5.98091798 -5.76562555]]
[[ 1.96408111  0.62876542  0.755712  ]
 [ 4.92468327 -4.10879236 -3.99548344]]
[[ 0.30391876  0.19382689 -0.1480572 ]
 [-4.85696517 -5.44148887  4.19239077]]
[[ 0.06366463 -0.71756849 -1.46621073]
 [-3.78936158 -4.80830195  5.58241482]]
[[-0.65939691  0.63702906  0.34121665]
 [ 5.49625793 -4.60917715 -5.95069647]]
[[ 1.7169886  -0.09975243  1.85320346]
 [-5.95510158 -2.7895887   2.7406103 ]]
[[ 2.43730585 -0.89342878 -2.2204133 ]
 [-5.73011988  4.29428082 -3.39932112]]
[[ 2.20622321 -0.98551927  1.03006971]
 [-5.15123758 -3.47519103  5.68371579]]
[[ 1.07846631  1.05508511  0.06429091]
 [-4.46577716  5.00343091 -4.39734784]]
[[ 0.80389326 -1.0152675   1.74322038]
 [-4.48473676  4.68128626 -5.75345412]]
[[-1.13293939 -2.74268356 -0.10390881]
 [-5.37275889  5.84578018 -4.63483375]]
[[ 1.42361849  0.30694569  2.26188467]
 [-4.68514665  4.23890898 -5.33425164]]
[[-0.17603564 -1.6081389  -0.49671181]
 [-5.62338772  4.83745932 -3.36516396]]
[[-0.79568412 -2.88804116  0.94746243]
 [-5.06160681  5.60543662 -5.77010241]]
[[-1.10749792  0.71030528  2.57271713]
 [-2.73557426  4.75927342 -5.92852788]]
[[-0.04655552  1.16540493  1.60521509]
 [-5.11203234  4.48534837 -5.50570621]]
[[-3.45274829 -2.59149226  1.59052549]
 [-4.18586005  5.69304175 -5.52184553]]
[[ 5.24728792 -0.09907997  2.52574924]
 [ 3.65228008 -2.68835961 -5.82062591]]
[[-0.78696681  0.50713379 -1.01236559]
 [-3.93192186 -5.2788131   4.16324889]]
[[ 2.20076164  2.01459911  0.24966701]
 [-5.62726397  5.96145416 -3.96428444]]
[[ 2.24034471  2.32319463 -0.71297454]
 [-5.89828786 -5.94494797  4.35864264]]
[[-0.7037601   1.9983813  -3.8275628 ]
 [ 4.30008357 -4.68612748 -5.75569041]]
[[-1.37251248 -0.35651544  2.36491518]
 [-4.56387675  4.96738492 -5.86618759]]
[[ 1.06890486  2.15587957  5.51833884]
 [-5.23996874 -5.83095532  5.73119261]]
[[ 2.17320335  1.28170678 -0.58696417]
 [-4.75830433  4.78409573 -5.98499026]]
[[ 1.96425335  0.24285621  5.07426202]
 [-5.60889592 -4.88188245  4.15415693]]
[[-2.71415298  1.28054941 -4.18619218]
 [ 5.40815997 -4.27036622 -2.51808678]]
[[ 2.3069613   0.68577532  4.53094047]
 [-5.55149004 -4.13513291  5.86078693]]
[[-0.34525123  0.1093896   0.3013159 ]
 [ 5.69702226 -4.79383571 -5.50834352]]
[[ 2.54854619  0.35696224 -1.21525159]
 [-5.90642982  5.3422565  -4.54254944]]
[[-1.96832362  1.0327925  -1.03358652]
 [-5.4749395  -5.09875578  5.91749643]]
[[-2.57913753  1.55261076 -0.91208482]
 [-4.07384129 -5.20593838  3.94395619]]
[[ 1.94557227 -0.17950687  3.55477096]
 [ 4.94679831 -4.64040788 -5.94244979]]
[[-1.52214503 -1.3926626   0.6942528 ]
 [-5.64405595  5.91052224 -4.66364121]]
[[ 3.49467302  0.47224991  1.37155656]
 [ 5.88599339 -5.8116192  -5.85644348]]
[[ 2.46435838  1.11357461  0.43656287]
 [ 5.43448682 -5.62795872 -5.82908026]]
[[ 0.73875313  2.22379642 -0.55104222]
 [ 3.7528334  -5.17537442 -5.72655433]]
[[-5.27755428 -1.61424559  1.62757459]
 [-4.99659675  5.71114369 -5.1589462 ]]
[[-1.04037104  1.97204348 -1.71429593]
 [ 4.71538997 -5.97317766 -5.2501404 ]]
[[ 1.40746152  0.16381723 -0.07249537]
 [-4.93428509 -5.65157014  4.53368057]]
[[-0.09662384 -1.05468204 -2.50185047]
 [-5.60320513 -4.64363398  4.97553587]]
[[-0.71470206  1.60808254  0.85735729]
 [-3.28132872 -4.2059229   4.41120834]]
[[ 2.3391829   1.63871197  5.12089214]
 [-5.7958292  -5.66369608  2.73579978]]
[[-0.30482411 -0.61973655 -0.01016331]
 [-3.24527375  5.43575757 -3.91327927]]
[[-5.01513333  2.40225568 -0.71610161]
 [-5.26957957 -5.19811961  5.23107386]]
[[-2.07743317 -3.3018245   1.32348256]
 [ 5.92452839 -4.42511434 -4.77146904]]
[[ 1.11321505 -1.36556149 -2.03212796]
 [-5.36338295  5.5895324  -4.83378674]]
[[-4.57068699 -2.29563455  1.61498113]
 [-4.3826707   5.71349884 -4.2623298 ]]
[[ 1.75552606  0.67109843 -0.06634513]
 [-4.8139305  -5.17219135  5.25419349]]
[[ 0.43881547  1.41224456  4.4680995 ]
 [-4.38748164 -5.93856445  5.98876496]]
[[ 0.19348244  0.56754315 -0.19197342]
 [ 5.47957198 -5.10858345 -4.25889378]]
[[-1.18372767  1.17074581  0.96645412]
 [ 4.36015881 -5.31042107 -5.75907707]]
[[ 0.89618158 -1.56337718  0.5752383 ]
 [-4.66635752  5.5789162  -5.60731141]]
[[ 1.18008071e+00  5.76964898e-01 -1.46893396e-03]
 [-5.03261596e+00  2.57271262e+00 -5.34389978e+00]]
[[-0.16806063  5.22095746  2.02157134]
 [-4.69119551  5.80993518 -5.87405876]]
[[ 1.18871116  2.1402462   2.37995458]
 [ 4.87673782 -5.8415531  -5.232585  ]]
[[-2.22498945 -2.45701163  0.5638844 ]
 [-4.76363674  5.89123766 -5.50559163]]
[[ 1.64624134  0.29755661  4.06874559]
 [-4.73807282 -3.87133749  5.52243999]]
[[ 1.69638147 -3.37890841 -1.85138224]
 [-5.97111386 -3.49471022  4.57752674]]
[[ 2.83790423  0.15847916  1.39901526]
 [-5.86677651 -3.57964945  5.07762413]]
[[ 1.50007736  4.10453954  1.68455503]
 [-5.84229904  4.35518084 -5.88277498]]
[[-1.49529993  0.88175609 -0.58156867]
 [ 5.9230605  -5.85719837 -5.7248664 ]]
[[ 1.71365622  0.59405298  0.53991358]
 [-5.61191779  4.72202013 -5.54829718]]
[[-0.26886547 -2.05142911  0.1403729 ]
 [-5.46239273  5.59189292 -3.53027497]]
[[-0.36751499  0.20469958  0.29310755]
 [ 5.27984799 -5.67354042 -4.99872802]]
[[-1.09339745  2.14946237 -3.62216597]
 [ 5.81713865 -4.50707394 -5.84551074]]
[[ 2.06389323  0.2814005   2.36883426]
 [-5.94677707 -4.49482896  4.10815255]]
[[ 1.3496517  -4.43576197 -2.50724949]
 [-4.19725951 -2.86175733  5.49214741]]
[[ 0.42255263 -0.66092614  1.84091472]
 [ 5.62714366 -4.92582011 -5.63060104]]
[[ 1.54804432 -0.81881868  2.19732248]
 [-5.65770608  4.34090655 -5.1117517 ]]
[[ 0.19314057  1.75298197  0.72375184]
 [-5.15358267  4.04364726 -4.93419748]]
[[-0.37251803  0.85642172 -0.20597025]
 [-4.45150946 -4.61979737  3.74348971]]
[[ 1.22350491  1.65001007  1.25052734]
 [ 3.69865036 -4.95698007 -4.96643569]]
[[ 2.05834691  1.14047673  0.13457441]
 [-5.35377256  4.38734172 -3.31217378]]
[[ 1.27025292  2.37468988  0.78251074]
 [ 3.58841332 -5.73514119 -4.13706172]]
[[ 1.20889844 -3.45109552 -1.40067943]
 [-4.88845375  5.83040452 -5.22712137]]
[[-2.17898863 -0.01506119 -1.16013822]
 [ 5.50474127 -5.15293882 -4.6356492 ]]
[[-0.36157983 -3.14934449  2.04483734]
 [ 4.90342721 -4.73139274 -5.92163088]]
[[ 2.57724401 -3.00088129 -1.95206359]
 [-5.62052338 -4.64642543  4.87113661]]
[[-2.37079051 -5.60448495  1.28549547]
 [ 5.86025707 -5.51525435 -5.15931018]]
[[ 0.57769994  1.12893525  0.23642152]
 [-4.42560448 -4.53064245  5.12715741]]
[[-4.85881389 -0.9196255   1.65742899]
 [-2.84482224  5.42711903 -4.06881021]]
[[ 0.25113894 -1.05961802  0.90672933]
 [-3.95799087  4.72770804 -4.61149367]]
[[ 1.55026782  0.45854798  1.0069844 ]
 [ 5.04029859 -3.73957817 -4.99019298]]
