[[ 5.78353982 -4.23950703  5.97163219]]
[[-4.08643591  5.75842163  5.8390616 ]]
[[ 5.54232326 -3.81879194  5.74084007]]
[[-4.05661991  5.95282395  5.77435161]]
[[ 5.95838043 -4.21454508  5.94942907]]
[[ 5.8405979  -4.09292504  5.95453507]]
[[ 5.96393091  5.81494956 -4.16550957]]
[[-4.21902012  5.78232524  5.96214554]]
[[ 5.98551909  5.71472666 -4.09841701]]
[[ 5.7961893  -4.12549063  5.88045523]]
[[ 5.99843375  5.75408979 -4.29155406]]
[[-4.47803701  5.93137901  5.98941859]]
[[-4.20879258  5.92906099  5.94632789]]
[[ 5.82987079 -3.93427407  5.87631281]]
[[ 5.91993    -4.35224139  5.89774889]]
[[ 5.98607467 -4.01825264  5.94334738]]
[[-4.2542551   5.69202063  5.99179313]]
[[-4.08401837  5.74639154  5.94159024]]
[[ 5.87139628 -4.04265173  5.65738909]]
[[ 5.93819671 -4.24931802  5.80381381]]
[[ 5.83893698  5.67897161 -3.93180717]]
[[ 5.93284092 -4.01888946  5.98256653]]
[[ 5.99263159  5.58520164 -4.05008728]]
[[ 5.761099  -4.2844792  5.9427779]]
[[ 5.96039435  5.96940668 -4.49580661]]
[[-4.38140562  5.93446663  5.92605055]]
[[ 5.78474403  5.89320018 -4.25550529]]
[[ 5.90835364  5.99202905 -4.43216691]]
[[-4.15889234  5.84667081  5.85291832]]
[[-4.31944051  5.96970043  5.91552955]]
[[-4.29134049  5.87848793  5.96255782]]
[[ 5.74423763 -3.93936097  5.66161949]]
[[ 5.97516006 -4.29098845  5.90966722]]
[[ 5.55070027 -4.01993577  5.99124947]]
[[ 5.97339445 -4.15517951  5.70982162]]
[[ 5.77760422  5.914947   -4.246185  ]]
[[ 5.75476544 -4.06003242  5.88147584]]
[[ 5.81131658  5.68467915 -3.88893149]]
[[ 5.84842057 -4.03498751  5.80427555]]
[[ 5.50962537  5.85098386 -3.86175876]]
[[ 5.91255236  5.96029278 -4.26675172]]
[[ 5.8527925   5.96573179 -4.27243527]]
[[ 5.85861357 -4.04266827  5.98440665]]
[[-4.22589408  5.98648405  5.77241191]]
[[ 5.92151997 -4.34675316  5.87443092]]
[[-4.07996492  5.77866393  5.99517187]]
[[ 5.72285624 -3.86315191  5.78287686]]
[[ 5.86551912  5.83291122 -4.28289847]]
[[ 5.92533233 -3.9063472   5.89210176]]
[[ 5.76822013  5.85944538 -4.16791159]]
[[-4.30719965  5.99876492  5.96937929]]
[[-4.00676534  5.63686568  5.95458597]]
[[-4.32932921  5.90602986  5.94042349]]
[[-4.40915903  5.83681564  5.98323417]]
[[ 5.9193023   5.99258732 -4.46183533]]
[[ 5.83708828  5.90037478 -4.31421536]]
[[ 5.93195296 -4.22411366  5.94771342]]
[[ 5.92952279 -4.21186212  5.87751645]]
[[ 5.72159635 -4.2191493   5.97564709]]
[[ 5.99605298  5.8912719  -4.19022219]]
[[-4.00198747  5.72670103  5.85264755]]
[[ 5.75473013 -3.98731475  5.69035172]]
[[-3.93364941  5.85966881  5.6634101 ]]
[[ 5.72381501 -4.06029924  5.75133879]]
[[ 5.97373192  5.93935192 -4.30525595]]
[[ 5.78401116 -4.09414461  5.98445275]]
[[-4.1626537   5.89841405  5.6933186 ]]
[[ 5.85831514  5.94791386 -4.27568598]]
[[ 5.90066142 -4.32016634  5.95658616]]
[[-4.08002662  5.82350425  5.9643924 ]]
[[ 5.9317956   5.87809763 -4.10836575]]
[[ 5.85960959  5.86905075 -4.26804261]]
[[ 5.50573069 -3.9307558   5.90739197]]
[[ 5.89538008  5.89166406 -4.37371788]]
[[ 5.94381879  5.89691702 -4.32079423]]
[[ 5.78227001 -4.27758436  5.96345277]]
[[-4.10715406  5.85626013  5.92260829]]
[[ 5.76438657  5.99273684 -4.27475492]]
[[ 5.72557277  5.97069129 -4.26242533]]
[[ 5.93335205  5.90865499 -4.40275275]]
[[-4.03498065  5.9698859   5.78921305]]
[[-4.10173819  5.7983737   5.88414159]]
[[ 5.91097847  5.99286977 -4.34821828]]
[[ 5.89186886 -4.20010529  5.99094021]]
[[ 5.95713013 -4.31090909  5.80723902]]
[[ 5.95832771  5.97350481 -4.43678142]]
[[ 5.83621052  5.94746385 -4.36662069]]
[[ 5.97534473  5.84939784 -4.11419584]]
[[ 5.75556859  5.77194466 -4.09585767]]
[[ 5.98694157 -3.91009267  5.54691271]]
[[-3.96554988  5.74945107  5.89664428]]
[[ 5.88642133 -4.28452751  5.94857495]]
[[ 5.99611601 -4.26169408  5.6984114 ]]
[[ 5.85639755 -4.24939561  5.85698426]]
[[ 5.97780877  5.95362429 -3.96168265]]
[[ 5.55156061  5.94911228 -4.08930781]]
[[ 5.96040332 -4.29491469  5.75970941]]
[[ 5.9533738   5.60329361 -4.12828413]]
[[ 5.97072703 -4.13972009  5.72214296]]
[[ 5.93421029 -4.3046745   5.79790567]]
[[ 5.58395925  5.66761118 -3.8087289 ]]
[[-4.47136893  5.94979494  5.94441942]]
[[ 5.93269769  5.97524609 -4.4546407 ]]
[[ 5.71030716 -4.04037345  5.80363512]]
[[-4.04663471  5.78928579  5.91878775]]
[[-3.91303793  5.61230105  5.7129436 ]]
[[ 5.76794757  5.98601475 -3.94644586]]
[[ 5.97265435 -4.2460638   5.80681145]]
[[-4.1741326   5.97590768  5.68083078]]
[[-4.21002567  5.96336155  5.86851277]]
[[ 5.87053591 -4.34358222  5.93973777]]
[[ 5.97797482 -3.9290637   5.4650176 ]]
[[ 5.9625456  -3.97298346  5.85961241]]
[[ 5.78057691  5.78999597 -4.0783172 ]]
[[ 5.95220445 -4.01535344  5.79148629]]
[[ 5.81449316 -4.24433077  5.96278605]]
[[-4.20658455  5.94015029  5.69097951]]
[[ 5.79446475  5.95749509 -4.32477267]]
[[ 5.97906887 -4.13187661  5.68302571]]
[[ 5.77211255 -4.19872615  5.87198136]]
[[-4.09839178  5.81837679  5.84957786]]
[[-4.1986886   5.76839819  5.84782586]]
[[ 5.87371452 -3.95441087  5.8667386 ]]
[[ 5.98979535 -4.23160196  5.69129815]]
[[ 5.90502307  5.87794901 -4.32220875]]
[[ 5.86041879 -4.15760388  5.72508542]]
[[ 5.89922601 -3.99124288  5.65958255]]
[[ 5.58766968 -3.93912677  5.78481993]]
[[-4.31147592  5.9378863   5.92134593]]
[[-3.90292905  5.87670376  5.71402737]]
[[ 5.98190757 -4.31887941  5.97682613]]
[[-4.21404953  5.87793002  5.95415236]]
[[ 5.84797287  5.93174139 -4.1341147 ]]
[[ 5.9463837  -4.03684239  5.87767991]]
[[ 5.65332057  5.81561891 -3.9950477 ]]
[[ 5.91015652  5.9855415  -4.07972945]]
[[ 5.80210726  5.86635996 -3.95392292]]
[[ 5.92583997 -4.14826134  5.95362306]]
[[ 5.91280668  5.66065797 -4.11387558]]
[[ 5.6950701  -3.96826217  5.85387471]]
[[-4.29012523  5.7523175   5.98103341]]
[[ 5.86116811 -4.39721714  5.98669819]]
[[-4.25674865  5.90482494  5.89989484]]
[[-4.00377532  5.67283888  5.85100453]]
[[ 5.9748383   5.92864141 -4.14524203]]
[[ 5.95198895 -4.20502111  5.69549507]]
[[-4.28600277  5.85774914  5.97210483]]
[[ 5.88933168 -4.11936906  5.72767238]]
[[-4.0853105   5.96774291  5.71300819]]
[[ 5.88254817  5.75824126 -4.18516242]]
[[ 5.96728079 -4.10034584  5.96197564]]
[[ 5.98413383 -3.99182938  5.90432038]]
[[-4.11741834  5.79133507  5.76607828]]
[[-4.27207577  5.97849129  5.7936834 ]]
[[-4.1813699   5.78434104  5.94098032]]
[[-4.07939293  5.78034716  5.93240121]]
[[-4.27250655  5.85259813  5.85512651]]
[[-4.42976609  5.94738074  5.90334679]]
[[-4.14990505  5.8231546   5.88183646]]
[[ 5.99058036  5.96328459 -4.35690239]]
[[-4.25443713  5.85987658  5.91928299]]
[[ 5.84584847 -4.21971538  5.9077261 ]]
[[ 5.92495635  5.99473117 -4.05079603]]
[[-3.93696597  5.93419091  5.91143512]]
[[-4.33793563  5.80093911  5.95643009]]
[[-4.31813467  5.8777342   5.93565051]]
[[ 5.97163118 -4.34022521  5.97672554]]
[[ 5.96842434  5.75253401 -4.19019487]]
[[ 5.90519804  5.76016957 -3.90872092]]
[[ 5.99308077 -4.03716275  5.71689457]]
[[ 5.91937771 -4.46935295  5.99026404]]
[[ 5.90197612 -4.23981376  5.90894716]]
[[ 5.5813382  -4.08936105  5.99587255]]
