[[-5.59085748  5.87172489 -5.37165818]
 [ 1.04543857  3.74451011  1.2656494 ]]
[[-5.74056448 -4.66577102  5.33710225]
 [ 2.80497526  0.06013406  3.98606248]]
[[-4.38939949  4.28864564 -3.07182348]
 [ 0.46191533  0.46529717  0.45389374]]
[[-3.21365522  5.12824976 -5.93057755]
 [-3.26912273 -2.10184031  2.00784055]]
[[-5.60809422 -5.53831872  3.66215924]
 [ 1.01643148  1.91225981  0.56225846]]
[[-5.87616584  5.85557096 -5.8872518 ]
 [ 0.1595804   2.08532799  1.32730263]]
[[ 5.80384073 -5.77036069 -5.01389711]
 [ 1.9004787   2.11448915  0.9902757 ]]
[[ 5.67308205 -4.96567704 -5.40717671]
 [ 0.45931515  1.09115285 -0.51264332]]
[[ 5.74227017 -4.28542305 -5.78009898]
 [-0.99218829 -5.63187828  1.67312966]]
[[-5.25512204 -5.92691434  3.27922932]
 [ 1.22909253  1.79709994  5.07713997]]
[[-4.79449064  5.41138167 -4.12545522]
 [ 0.93379466 -0.31612212  1.07642618]]
[[ 4.18360599 -4.96521725 -4.0367575 ]
 [ 0.35981042  0.800729    0.46872947]]
[[-5.99412374 -5.43778611  4.1554305 ]
 [ 1.11687718  0.48475553  2.43717471]]
[[-5.70302083  2.65420881 -5.15418705]
 [-0.56870333  2.07662367  2.4946625 ]]
[[-5.76838225 -3.98046452  5.59759011]
 [ 2.95959555 -3.70268398 -0.73869604]]
[[ 4.35443532 -3.8738042  -5.85774807]
 [ 1.58775211 -0.01522812  1.62555539]]
[[-5.99132544 -5.49423537  4.77975253]
 [ 1.59082567 -0.5759625  -0.05384428]]
[[-5.19938856  5.58417861 -4.42022904]
 [-2.47520251 -1.22930916  1.25111898]]
[[-4.41817457 -5.28693122  2.60388723]
 [ 1.90345223  0.51929363  1.71849257]]
[[ 3.60583673 -5.29850034 -5.81060486]
 [ 3.28321744  1.58260004  0.58711822]]
[[-5.77711018 -4.33006819  4.58568977]
 [-0.54591765 -0.22463111 -1.8072045 ]]
[[-5.6648599  -5.51332598  5.63033945]
 [-0.69817255 -0.03610035 -2.1177271 ]]
[[-5.4937982   5.00596067 -4.36045065]
 [ 1.66323015  2.8371015   0.7638723 ]]
[[-5.59168326 -4.71285218  5.90111356]
 [-0.62482221  1.03805621 -2.31960142]]
[[-5.28093325 -5.594348    5.29602576]
 [ 0.67869232  0.46795505 -1.20521049]]
[[-5.36184491  4.28650816 -4.83487311]
 [ 1.40771154  2.13617035  1.66494502]]
[[-5.42031163 -4.78883894  3.86024033]
 [ 2.36803488  0.97921967  5.63168222]]
[[-5.15323905  5.45132666 -5.71988537]
 [ 0.65993942  1.33936552  1.60847161]]
[[-5.47355084 -4.53337634  5.22740691]
 [ 0.68670964 -0.21161359 -0.48054393]]
[[-5.08333803 -5.62283891  4.43815227]
 [-0.49518004  1.62270414  0.42885622]]
[[ 4.58343628 -5.37991956 -4.07764589]
 [-0.51462437  1.89229451 -3.01707379]]
[[ 5.68611403 -2.89041554 -4.46245858]
 [ 0.31939568 -1.18905255  1.58290044]]
[[-3.46843466 -5.82144119  4.91850087]
 [-0.63755471  2.12842808 -0.97922793]]
[[ 5.76449108 -3.63586777 -5.96686484]
 [-2.69071924 -1.5027866   2.79936555]]
[[-3.24008393  5.07262129 -4.70495059]
 [ 0.31453788 -0.86262147 -0.09503819]]
[[-5.63295703 -4.58159505  5.89756294]
 [ 3.19112206 -1.96083754 -0.01313084]]
[[-5.52817702  5.88660689 -5.54915247]
 [-2.33849055  0.14232502  2.68799958]]
[[ 5.26608435 -5.00876254 -5.6431301 ]
 [ 4.27057685  0.83499674  1.78166941]]
[[ 4.65474881 -5.11693342 -3.41302772]
 [-2.29455625  0.64213018 -0.60680678]]
[[-5.20803423 -5.98398047  3.25720187]
 [ 3.03184618  0.15776128  5.21760934]]
[[-5.01971615 -5.25353599  3.94237911]
 [-0.35046121  1.63926779 -0.40909623]]
[[ 4.11589878 -4.52170166 -5.68891102]
 [ 0.33677673  2.04246268  0.51279203]]
[[-5.57483496 -5.4318441   3.79622143]
 [ 3.03627508 -0.29710787  4.65717032]]
[[ 5.88656103 -5.93056781 -5.90563349]
 [ 0.69420279  1.22858371  0.77263846]]
[[-4.94307145 -5.14422341  4.89735935]
 [ 1.31152152 -5.09774127 -1.71716015]]
[[ 3.34307425 -5.77029484 -5.5247939 ]
 [ 2.54751306  3.13738049  1.91966715]]
[[-4.49038045 -5.75363676  4.47711763]
 [-1.23431665  1.98029054  0.48816321]]
[[-5.95848227 -4.88988348  5.35101234]
 [-0.60190831  1.73887137 -0.17661628]]
[[-5.55942737  5.2957945  -4.25929796]
 [ 1.38344615  1.10012447  1.00978064]]
[[-4.45396917 -5.06404814  5.85696385]
 [ 0.19747705 -0.01516634 -0.31350017]]
[[-5.28886752 -5.37824933  5.38817646]
 [-5.08751177  2.04927592 -1.1393007 ]]
[[-5.54795246 -5.7259631   5.85594654]
 [ 2.30008977  0.98003427  3.07874847]]
[[ 5.93957664 -5.66107449 -4.31283631]
 [ 2.00688558  2.58738266  0.64115383]]
[[-5.75412373 -5.60927488  5.78368244]
 [ 0.50462852  0.75234774 -1.34608319]]
[[-5.75314861  4.95846148 -4.68998092]
 [ 1.27874585 -0.45423647 -1.15540733]]
[[-5.9610454  -5.46992501  5.72334299]
 [ 0.93269158 -4.09634703 -2.56753983]]
[[ 5.39932006 -5.10331261 -4.67695963]
 [-0.73958392 -1.90142161  1.33719256]]
[[-5.74976726  5.65688708 -4.55679137]
 [-2.52492183 -1.55879333  1.10463407]]
[[-3.32999999 -5.24270592  4.11479662]
 [ 0.04104779  1.43255802  3.59627442]]
[[-4.50794673 -4.63604369  5.12331511]
 [-2.22695797  1.89916773 -1.39516996]]
[[-4.73985872  4.36448628 -5.91045183]
 [ 0.84987054  2.98520222  2.49339959]]
[[-5.07846927 -4.1497447   4.53044436]
 [ 2.22159802  0.10914623  5.72229955]]
[[-5.27269776 -2.84390772  5.22369457]
 [ 2.33942579 -5.27382019 -1.24933972]]
[[-5.43150184  5.80597807 -2.88472602]
 [ 2.99607751 -0.11691638 -1.54661914]]
[[ 3.78980113 -5.28490347 -5.31080175]
 [ 1.66921477  0.24973453  0.86496625]]
[[-4.64657055  5.79061153 -5.74667611]
 [-2.47018198 -1.11825927  2.36036145]]
[[-5.02055818 -4.47384667  5.57143104]
 [ 0.85875847  1.06752517 -0.79458664]]
[[-4.80605941  3.18984382 -5.31991827]
 [ 0.71384772 -0.64601695  0.30127098]]
[[-5.3583417  -4.74667855  5.58701204]
 [ 1.55014934 -0.05483814 -2.01689838]]
[[-5.35045416  4.28083076 -4.3253897 ]
 [-2.31367803 -1.86762088  0.81361955]]
[[-5.56503483  4.92190447 -4.32429428]
 [ 0.76325964 -1.63174627 -0.82343038]]
[[ 3.95893621 -3.16121094 -5.45792636]
 [-0.93027256 -2.7649863   1.54207148]]
[[ 2.72737945 -5.64580125 -4.72012853]
 [ 4.34798033  2.16502169 -0.08100732]]
[[-5.09696713 -5.11415553  3.60150505]
 [ 0.34229161  0.99792853  4.56924929]]
[[ 3.6302046  -4.62964136 -3.36812098]
 [-1.08032024  1.85415588 -4.33978273]]
[[-3.47197553 -5.37565984  4.80269945]
 [-5.89804576  2.39673183 -1.67168   ]]
[[ 3.43898337 -5.03114987 -4.8275722 ]
 [ 0.46734078 -0.16802511  1.24055261]]
[[ 3.66525178 -5.50935226 -4.65312348]
 [ 4.43517494  1.86765233  0.95842106]]
[[-5.97206886  3.76368526 -3.94990304]
 [ 2.45212269  0.40346037 -1.53842784]]
[[-5.89944792 -3.99165099  4.70012458]
 [ 1.10910842 -1.5195837  -1.18309393]]
[[-5.88739366 -5.65461124  5.55101783]
 [ 0.63828383  0.10627092 -1.43505579]]
[[-2.8988299   5.95727211 -5.92234365]
 [-3.00105777 -3.04588775  1.43576066]]
[[-5.49399921 -3.65027385  5.15105153]
 [ 0.48550056 -0.04679036 -1.27056736]]
[[-4.70713752 -5.05642446  5.95604291]
 [ 0.40147181  0.09202107 -0.43003238]]
[[ 5.3396334  -5.70918458 -5.85132129]
 [ 3.20276723  0.97530804  1.83595835]]
[[ 4.74886615 -4.66740314 -5.08760489]
 [-0.50808927  1.57788456 -1.55620084]]
[[ 5.38932921 -5.98528419 -5.63851147]
 [-0.61863108 -2.6264987   1.97711592]]
[[-2.62485365  3.45862753 -5.33250277]
 [ 0.0521829   0.91824206  0.71055715]]
[[-5.94959326  5.03358028 -5.51346098]
 [-3.16882213 -2.17813401  0.91186899]]
[[-5.95617112  5.71858181 -5.54776297]
 [ 2.31517425  4.61031103  2.856639  ]]
[[ 5.25336499 -5.95164364 -3.0556175 ]
 [-0.36295052  2.87181038 -5.56349454]]
[[-3.20435412  4.74769698 -5.8675655 ]
 [ 0.9626006   0.31732877  0.29827191]]
[[ 4.73365927 -5.57361204 -5.67758922]
 [ 0.27318247  1.85625947  1.58123818]]
[[-5.28461183  3.30647053 -2.88816727]
 [ 1.80553656  0.51984382 -0.98546596]]
[[-4.23477044  4.24259249 -5.76668333]
 [ 1.7319427   0.59705501  1.70639952]]
[[-5.67954186e+00 -5.96438971e+00  5.73797157e+00]
 [-6.80914710e-04  2.31842474e+00  1.98951090e-01]]
[[ 4.90585827 -5.14416465 -4.55641973]
 [-1.13739265  0.93658667  0.0583676 ]]
[[-5.13972341  5.82839265 -3.97410548]
 [ 1.37841971 -1.02306189 -1.47863245]]
[[ 4.73830093 -5.53551595 -5.79681996]
 [ 0.4860113   0.06661178  0.61875474]]
[[ 5.26214523 -5.53903042 -4.5991217 ]
 [-0.43306278  1.2881722   1.10122318]]
[[-4.1644524   2.93447282 -5.39043467]
 [ 0.35920984  5.27839972  1.288571  ]]
[[-5.62706624 -4.64729616  4.79293114]
 [ 1.86144181 -2.87081811 -1.25054214]]
[[-5.95669045  4.47618945 -5.54978276]
 [ 1.71271234  1.91835892  0.40867938]]
[[-5.48184855 -4.66458593  5.48703311]
 [ 1.31600045 -5.86568445 -1.31701364]]
[[-4.51958383 -3.04262858  5.72446069]
 [ 0.88178967 -4.82959763 -2.55225042]]
[[ 5.06354278 -3.54440985 -5.69300571]
 [ 0.00666642 -0.11477413  1.16830066]]
[[ 2.15115893 -4.81178422 -5.20810102]
 [ 5.06550914  1.06014312  2.69397536]]
[[ 3.61969892 -5.95589399 -5.78784464]
 [-0.72268693  1.33823498 -0.90680206]]
[[ 5.78711668 -5.97811054 -5.89053566]
 [-1.59809329 -1.21060633  0.33015112]]
[[ 5.2542037  -5.43690433 -5.74889914]
 [ 0.37485671 -0.80387838  2.07511433]]
[[ 4.67726318 -4.2977622  -4.62711357]
 [ 0.00637342 -0.11328085  0.19254418]]
[[-2.88902585  5.26698581 -4.98791804]
 [-1.15018458 -1.61240628  1.53368863]]
[[ 4.62615719 -4.8702069  -4.19802877]
 [ 0.26846513  0.14959143  0.38341102]]
[[ 5.1953795  -5.68921482 -5.81964094]
 [-0.82759766 -5.77912837  1.93603881]]
[[-5.88315674  2.84623384 -5.36013668]
 [ 2.15445383  2.41729913  0.24283186]]
[[-4.90031493  5.34357183 -5.85201351]
 [-5.79472016 -1.93364547  1.01193577]]
[[-5.8310592   4.62543128 -5.64739859]
 [ 0.09297018 -0.45171396 -0.17268214]]
[[ 4.88368308 -5.87384877 -5.87623621]
 [-2.02072075  1.5379277  -2.45501474]]
[[-5.60140245 -5.44935173  3.10875451]
 [ 0.33950765 -0.13857686  0.14758011]]
[[-4.79561694 -4.44979374  5.63275292]
 [ 0.67002897 -1.21274007 -2.48632117]]
[[-4.22062061 -5.86634242  4.09982749]
 [-5.81474306  1.85261384 -0.77014514]]
[[-5.6782792   4.18083189 -5.05687408]
 [ 1.69908155  4.35415454  0.51246555]]
[[-3.79681628 -4.73323199  5.79455554]
 [ 1.35329416 -3.19699053 -2.33955014]]
[[-3.89467746  4.46838652 -5.5449192 ]
 [-5.60519749 -0.98736968  1.89911589]]
[[-5.90306824 -5.22452788  5.65026028]
 [ 2.20381631 -0.46608968  2.47580129]]
[[-2.60863974 -5.84014137  5.85577497]
 [-0.77670028  1.73718087 -2.1676931 ]]
[[-5.3833748   5.49939685 -4.81674062]
 [-0.236533   -2.28904031 -0.48526128]]
[[ 3.34807798 -5.89996451 -4.18839569]
 [-1.30472    -0.51416838 -0.04393953]]
[[-5.71162835  3.79416886 -4.85104354]
 [ 3.0396741   1.89319586  1.4018936 ]]
[[ 4.77302281 -5.73066874 -5.49385814]
 [-0.89969929  2.59939564 -0.08890241]]
[[-4.78116703 -5.20149239  4.79817753]
 [-3.53428471  1.76737173 -1.38031983]]
[[-5.01151174  5.49001223 -5.93762876]
 [-0.01653499 -2.04432614  1.21045362]]
[[-4.25247324 -5.4416694   3.77369934]
 [-3.33201536  1.63089563 -1.30162702]]
[[-3.10984417 -5.31962701  5.89643729]
 [-0.55709395 -0.62468391 -3.16966843]]
[[ 5.50642797 -4.42233956 -4.23618558]
 [-2.41584402 -0.07996161 -0.7916932 ]]
[[-5.90351082  5.67726022 -3.61266639]
 [ 1.08566777 -1.08301117 -1.44859994]]
[[ 5.54997725 -3.73621961 -5.52104975]
 [-2.87522667 -3.30317924  0.83988522]]
[[ 2.41258762 -4.38224301 -4.72260616]
 [ 4.26246057  2.05774512 -0.10246914]]
[[-5.58005345  5.18350555 -3.72276316]
 [ 0.51804465 -1.48332776 -1.43588694]]
[[-5.03541411  5.25618012 -4.50579429]
 [ 0.0965955  -0.46104496  0.22007586]]
[[-4.89130568 -5.13361929  3.91306736]
 [ 1.9916551  -5.31056241 -0.88415668]]
[[-4.24893491  2.96886372 -5.91980963]
 [-0.49551339  0.1696479   2.20902717]]
[[ 5.88289725 -3.40252098 -4.763363  ]
 [-1.67834613 -3.63993563  1.09316722]]
[[-3.70596451  5.74883137 -4.43694204]
 [-1.59567237 -1.23060424  0.70107937]]
[[ 5.68241168 -5.82924856 -4.33338911]
 [-2.42982852  0.92413572 -1.0720185 ]]
[[-5.68455814  3.79702124 -4.81364577]
 [ 0.31705031  1.80368905  1.28707034]]
[[ 5.39655829 -5.81668273 -4.47443615]
 [-1.52970476  0.11739449  0.57057318]]
[[-5.0377398  -4.93718966  3.81979456]
 [-0.29419192  2.22220153  2.1744511 ]]
[[-5.65524532 -5.89090953  5.24504314]
 [ 2.42181364 -3.54054748 -1.04415979]]
[[-3.04678873  5.57110442 -5.47290568]
 [-1.2513019  -1.73309808  0.12024177]]
[[-5.83602846  5.57315599 -4.11220787]
 [-1.15841803 -2.38592911  0.2271353 ]]
[[-5.83044069 -2.18054742  5.87226059]
 [ 1.11187738 -4.10302046 -1.96401455]]
[[ 5.41466773 -5.4589653  -4.28492004]
 [-1.31505798  2.11401039 -3.62729909]]
