[[ 5.99808485  5.89194708 -4.35834163]]
[[ 5.80975458 -4.26019348  5.87590706]]
[[ 5.84263788  5.75315918 -4.0359427 ]]
[[ 5.95641242 -4.28543338  5.77050034]]
[[ 5.83418876  5.91229007 -4.30360977]]
[[-4.05639791  5.5926665   5.91524428]]
[[ 5.8791485  -4.13272938  5.71133484]]
[[ 5.98195519 -3.99568978  5.79289181]]
[[-3.94365466  5.72945489  5.92685964]]
[[ 5.97577856  5.84472162 -4.15152233]]
[[-4.16336448  5.99043559  5.84640924]]
[[ 5.74323749  5.68729048 -3.94200274]]
[[ 5.8085587   5.8239824  -4.13093036]]
[[-4.15339009  5.90162861  5.9292159 ]]
[[ 5.72276576 -4.00591393  5.75646349]]
[[ 5.61193239 -3.82592667  5.98471431]]
[[-4.1458904   5.62798887  5.9496629 ]]
[[ 5.93473852 -4.22085154  5.75408439]]
[[ 5.68042542  5.97373775 -4.20228814]]
[[-4.06925761  5.69608543  5.8979893 ]]
[[ 5.91555747 -4.27199914  5.83671125]]
[[ 5.72725109 -3.98564606  5.7942944 ]]
[[-4.02341556  5.58470989  5.88373101]]
[[ 5.80489527  5.6327326  -3.84033661]]
[[ 5.81433949 -4.0506702   5.79925955]]
[[-4.06206986  5.71175607  5.76778781]]
[[ 5.68598923  5.94280307 -4.0293397 ]]
[[-4.27881231  5.76216244  5.96611568]]
[[ 5.81894015 -4.11650596  5.7845455 ]]
[[ 5.9966101   5.87965964 -4.29496533]]
[[-4.19973105  5.74186285  5.99791419]]
[[ 5.99656306  5.85253949 -4.21997043]]
[[ 5.93108829  5.78020963 -4.274537  ]]
[[ 5.84395381 -4.22803024  5.89171322]]
[[-3.92510884  5.43577692  5.98758533]]
[[-4.40643542  5.97510281  5.86029124]]
[[-4.05804554  5.7534911   5.75527582]]
[[-4.04740186  5.87414511  5.91767914]]
[[ 5.97445329  5.88420518 -4.29384327]]
[[ 5.88346795 -4.28122913  5.82308723]]
[[ 5.70627184 -3.96929039  5.9514446 ]]
[[ 5.97138485  5.88660894 -4.19303486]]
[[ 5.49770961  5.94201672 -3.92792005]]
[[ 5.64748313  5.80412054 -3.98325142]]
[[ 5.93818035 -4.27595327  5.77125561]]
[[-4.17020232  5.83110231  5.91588863]]
[[ 5.96665519  5.87844414 -4.310285  ]]
[[ 5.76563665 -4.11681043  5.83124788]]
[[ 5.92909113  5.89668317 -4.37365869]]
[[ 5.87952995  5.80467432 -4.25811105]]
[[ 5.75737552 -4.06250095  5.83488938]]
[[-4.15795486  5.8103769   5.87286624]]
[[ 5.93461389 -4.17265668  5.82807223]]
[[ 5.8070886   5.97866012 -4.24820064]]
[[ 5.99676422  5.85678918 -3.98210297]]
[[ 5.96978177  5.58474067 -4.06452202]]
[[ 5.88120379 -4.18773851  5.86877907]]
[[ 5.89265346  5.93143745 -4.3342733 ]]
[[-4.12506319  5.76963714  5.81053272]]
[[ 5.90719033 -4.28586692  5.95209658]]
[[ 5.91038679 -3.99951708  5.55337081]]
[[-4.20248441  5.96923181  5.75995051]]
[[ 5.82254708 -4.07681121  5.91706896]]
[[ 5.48298638  5.98990141 -3.97900839]]
[[-4.33852741  5.95581058  5.81038168]]
[[-4.20318597  5.75219259  5.86688494]]
[[-4.22706962  5.87576122  5.80778164]]
[[ 5.94198821 -4.04799971  5.81885237]]
[[ 5.64250156 -3.88528703  5.91207811]]
[[-4.19188024  5.94979305  5.87632675]]
[[ 5.6859537   5.9077372  -3.99363243]]
[[-4.31181413  5.92004216  5.96838416]]
[[ 5.91112719 -4.23489534  5.90819512]]
[[ 5.89357508 -3.95031721  5.86532423]]
[[ 5.81567887  5.72301069 -4.06407721]]
[[ 5.97158901  5.96693554 -4.37442471]]
[[ 5.89671347 -3.99589503  5.99360714]]
[[-4.4382835   5.94426897  5.95006062]]
[[ 5.98766593  5.85552736 -4.39596476]]
[[ 5.96451724  5.9748917  -4.1092128 ]]
[[ 5.8148131  -3.9403355   5.63916169]]
[[ 5.67686432 -4.18973147  5.95813611]]
[[-4.15304287  5.72452258  5.99067768]]
[[ 5.9014507  -3.94521307  5.87441217]]
[[-4.19271412  5.97251799  5.70831772]]
[[ 5.81729896 -3.92906293  5.95535325]]
[[ 5.85666587  5.61340738 -3.8964071 ]]
[[ 5.94969553  5.77485822 -4.30511749]]
[[ 5.80095102  5.68123878 -3.89266921]]
[[ 5.89411848  5.93135298 -4.2501895 ]]
[[-4.13557558  5.84215945  5.74352818]]
[[-4.06861917  5.65573271  5.82678067]]
[[ 5.72111937 -3.87551103  5.60085796]]
[[ 5.98034759 -4.39865337  5.99260763]]
[[-4.22916125  5.99680607  5.94197627]]
[[-4.16670459  5.80115876  5.93003137]]
[[ 5.92573966 -4.17145714  5.97555043]]
[[ 5.84316495  5.79066641 -4.12191918]]
[[ 5.98129919 -4.27781517  5.99136046]]
[[ 5.9519515  -4.43647738  5.91743298]]
[[-4.08097699  5.7402996   5.78018599]]
[[ 5.8386355   5.85105123 -4.2555982 ]]
[[-3.96131466  5.54603273  5.85449721]]
[[-4.07563329  5.99153116  5.77434415]]
[[ 5.88411679  5.86524701 -4.11588591]]
[[ 5.99671158 -4.13030395  5.54635746]]
[[ 5.73481212  5.83558151 -4.11473346]]
[[ 5.98318211 -4.31215191  5.8562947 ]]
[[-4.15801954  5.99514531  5.73669976]]
[[ 5.47527057 -3.93838433  5.9947014 ]]
[[-4.00411144  5.86245507  5.87581321]]
[[-4.03128206  5.91809425  5.9360177 ]]
[[ 5.83562057  5.87388885 -4.2143218 ]]
[[ 5.95448025  5.73888078 -4.27392072]]
[[ 5.96099041  5.85238354 -4.19262333]]
[[ 5.93305242 -3.93827993  5.42072976]]
[[-4.40954023  5.89669892  5.93980664]]
[[-4.23887583  5.97416939  5.75978809]]
[[ 5.77814617  5.90912444 -4.0691149 ]]
[[-4.21854442  5.90539352  5.93853813]]
[[ 5.75347215  5.89387882 -3.88611903]]
[[-4.38049187  5.94324147  5.85238679]]
[[-4.00433247  5.99617059  5.46098877]]
[[ 5.95772543  5.55067402 -4.05951734]]
[[ 5.84808617 -4.15906742  5.90556377]]
[[ 5.90846594 -3.96393148  5.96737242]]
[[-3.82487291  5.89142735  5.38409089]]
[[ 5.98766286 -3.942719    5.77008623]]
[[ 5.86582079  5.99649301 -4.28289163]]
[[ 5.96430931 -4.09204543  5.81271705]]
[[-3.94355958  5.68814161  5.9768719 ]]
[[ 5.82972332  5.98746145 -4.28995994]]
[[-4.15933807  5.92519598  5.71480356]]
[[-4.14699924  5.96830921  5.71898499]]
[[ 5.77981934 -4.13079581  5.92666699]]
[[ 5.94886731 -4.44583176  5.9535744 ]]
[[-4.06456291  5.98513101  5.57074383]]
[[ 5.88698429 -3.98328093  5.80360973]]
[[ 5.64566622  5.78937341 -3.96292213]]
[[ 5.99464962 -4.09610542  5.68951312]]
[[-4.40163156  5.88786315  5.97510471]]
[[ 5.80160237  5.93001911 -4.25593003]]
[[ 5.82471882  5.87815456 -4.18905671]]
[[ 5.89057522  5.9813622  -4.16880023]]
[[ 5.82009436 -4.08462168  5.69005854]]
[[ 5.89090016  5.96796323 -4.38163087]]
[[ 5.99139977 -4.28813955  5.86294638]]
[[ 5.99726328  5.90400299 -4.37658279]]
[[ 5.66958574  5.99706925 -4.10134548]]
[[-3.95353585  5.9756932   5.9284266 ]]
[[-4.13011175  5.86288024  5.98765567]]
[[ 5.81602138 -4.16820382  5.9684154 ]]
[[ 5.96826702  5.78844529 -4.26249575]]
[[ 5.95728587  5.980589   -4.26837779]]
[[ 5.97991785 -4.05546864  5.7861901 ]]
[[ 5.84583647 -4.21933661  5.99352738]]
[[ 5.55997924 -3.90963911  5.98420303]]
[[ 5.96381045 -3.96329685  5.99607793]]
[[-4.32015913  5.94664818  5.97708363]]
[[-4.10618356  5.90978275  5.85713089]]
[[ 5.86259841 -4.01948418  5.83101891]]
[[ 5.92803265  5.92118005 -4.21837203]]
[[ 5.93034301 -3.93977762  5.78669308]]
[[ 5.64854418 -4.07738202  5.91621526]]
[[ 5.96759181  5.73271237 -4.08167186]]
[[-4.16564628  5.78692948  5.90575501]]
[[-4.27473215  5.93870129  5.93552073]]
[[-4.25885962  5.87066188  5.99184785]]
[[ 5.52434701 -4.04691786  5.98413007]]
[[ 5.89911732 -4.1413249   5.8117655 ]]
[[ 5.94672693  5.92607857 -4.45524929]]
[[ 5.8951256  -4.41170671  5.98873798]]
[[ 5.97549656 -4.05666492  5.99903703]]
[[-4.23207345  5.99392749  5.83434874]]
[[ 5.92301971  5.96120086 -4.21058824]]
[[ 5.92571906 -4.35942696  5.93162067]]
[[ 5.9719341  -4.06049684  5.90574666]]
[[ 5.97781388 -3.97509702  5.95764851]]
[[ 5.98289988  5.89408766 -4.42054138]]
[[ 5.84505097  5.97354765 -4.337721  ]]
