[[-5.99852744 -5.97695741  4.52211675]]
[[-5.52318696  3.87294731 -5.90158182]]
[[-5.73776827  4.2274435  -5.97386017]]
[[-5.91107199 -5.85007456  4.09640963]]
[[-5.86160724  4.28203329 -5.97556773]]
[[ 4.3409485  -5.81966827 -5.94297251]]
[[ 4.254086   -5.94672244 -5.86003408]]
[[-5.85419361  3.90900796 -5.51630378]]
[[-5.83305535  4.16600413 -5.94324756]]
[[-5.97590123 -5.3480405   3.82907191]]
[[-5.79410007  4.26721177 -5.95317974]]
[[-5.7529018  -5.7159809   3.88266737]]
[[ 4.5358116  -5.98905455 -5.97338362]]
[[ 3.97848451 -5.95870965 -5.45716613]]
[[-5.9867366  -5.72922514  4.05944986]]
[[-5.95846939  4.15575564 -5.84726625]]
[[-5.97520276  4.25602295 -5.87046595]]
[[ 4.2914934  -5.92936288 -5.97893708]]
[[-5.96739643  4.10850829 -5.75688322]]
[[-5.83285029 -5.98338694  4.02726889]]
[[ 4.3201387  -5.98399696 -5.78409623]]
[[-5.84014674  3.92848645 -5.65000047]]
[[-5.84138195  4.05030251 -5.89234424]]
[[-5.96620576 -5.52800601  4.04928534]]
[[-5.98331511  4.14347229 -5.71364371]]
[[-5.98397684  4.0458372  -5.68907951]]
[[-5.66210358 -5.89012748  4.03519305]]
[[ 4.25319189 -5.7046999  -5.98607909]]
[[-5.79234097 -5.95026893  4.26432571]]
[[-5.89383035 -5.66508172  4.0938183 ]]
[[-5.85181989 -5.85369725  4.2796246 ]]
[[-5.96261233 -5.97351404  4.40106865]]
[[ 4.05540158 -5.76519863 -5.98241197]]
[[-5.92617474 -5.67912639  3.990489  ]]
[[-5.89976177  4.17735275 -5.77769904]]
[[ 4.29605331 -5.98971322 -5.98748268]]
[[-5.83221314 -5.90122481  4.16677371]]
[[-5.85597027 -5.96100518  4.3374928 ]]
[[ 4.33682158 -5.83890498 -5.95265328]]
[[ 4.01513949 -5.99506769 -5.75246562]]
[[-5.98868724  4.15458215 -5.73111515]]
[[ 4.45084316 -5.9203981  -5.96155064]]
[[-5.85962389 -5.96120037  4.29172194]]
[[-5.52358003  3.90129496 -5.88947169]]
[[-5.75048085 -5.9923174   4.28659262]]
[[-5.78591152 -5.77650685  4.1076864 ]]
[[ 4.40091727 -5.99141673 -5.98170513]]
[[-5.72411516 -5.76009481  3.95274741]]
[[-5.83259717  3.90013252 -5.82741421]]
[[-5.80408372  4.24515792 -5.90547352]]
[[-5.86953516  4.31885808 -5.959952  ]]
[[-5.95754889 -5.78091829  4.07219442]]
[[-5.87637427  4.24677434 -5.98152351]]
[[ 3.92956173 -5.9631463  -5.74506081]]
[[-5.99711988 -5.95171684  4.13909226]]
[[-5.90425772 -5.72828389  4.13751714]]
[[-5.73223285 -5.87925731  4.18866371]]
[[-5.99697249  4.50770628 -5.93237881]]
[[-5.67854478 -5.8282348   4.04744985]]
[[-5.66131028  4.02070625 -5.78414947]]
[[-5.87372676  4.10764855 -5.96043579]]
[[-5.59241624 -5.93410931  3.89457524]]
[[-5.81596814  4.29289304 -5.96935261]]
[[ 4.22037134 -5.78230422 -5.95796198]]
[[ 4.09644195 -5.880695   -5.70670407]]
[[ 3.99343438 -5.84694819 -5.91718036]]
[[ 4.14037784 -5.97551342 -5.58918326]]
[[ 4.37285651 -5.93385022 -5.92666559]]
[[-5.88840499 -5.93708798  4.15743123]]
[[ 4.01904773 -5.76653648 -5.89260061]]
[[-5.90688344 -5.90291844  4.24304666]]
[[ 4.20726609 -5.97903588 -5.6755426 ]]
[[-5.6554604  -5.98882602  4.10774498]]
[[ 4.12307981 -5.94094394 -5.81711554]]
[[ 3.84519912 -5.70850866 -5.56402994]]
[[-5.74088271  3.87183878 -5.86000987]]
[[ 4.12066869 -5.92616726 -5.7964581 ]]
[[ 4.13881421 -5.93760724 -5.64701086]]
[[-5.91681547 -5.93863008  4.35726482]]
[[-5.82492084 -5.98960099  4.19517913]]
[[-5.84273749 -5.98760531  4.37642628]]
[[-5.82505505  3.99496701 -5.98679314]]
[[-5.99108452  4.32972549 -5.9350168 ]]
[[-5.91252329 -5.96294139  4.36422159]]
[[ 4.2513444  -5.88038777 -5.99058227]]
[[-5.89851253  4.28966011 -5.8688485 ]]
[[ 4.12007    -5.90320578 -5.74534571]]
[[ 4.0197456  -5.75743254 -5.76899025]]
[[-5.99562527 -5.86990991  4.33043816]]
[[-5.98283526 -5.92370613  4.44978717]]
[[-5.94791747  3.89436406 -5.99102864]]
[[-5.87559741 -5.70961809  3.99847466]]
[[-5.89661149  4.13024564 -5.92559818]]
[[-5.91248317 -5.62153595  4.05102434]]
[[ 4.56068104 -5.98850233 -5.99228771]]
[[-5.92930138 -5.89617924  4.40717035]]
[[ 4.11994057 -5.87956847 -5.92490556]]
[[-5.90799542 -5.69118223  3.95562279]]
[[ 3.97134696 -5.92744169 -5.79937658]]
[[-5.90566782  4.17896886 -5.94605378]]
[[-5.98221534 -5.93841745  4.24225544]]
[[ 4.02583283 -5.8998503  -5.63268611]]
[[-5.98018999  4.51085488 -5.96754793]]
[[-5.95187999 -5.915321    4.28542945]]
[[ 4.17223048 -5.95595127 -5.96921539]]
[[ 4.38265971 -5.80295887 -5.99855655]]
[[-5.89625742 -5.79939577  4.26728999]]
[[-5.93813951  3.97614961 -5.71545167]]
[[-5.72037338 -5.85226923  4.12836766]]
[[-5.99652415 -5.8679737   4.43933558]]
[[-5.79518628 -5.94633481  4.21378456]]
[[ 4.18447837 -5.95772957 -5.8509913 ]]
[[-5.80233358  3.89857852 -5.60958283]]
[[ 4.01655101 -5.95635816 -5.49029334]]
[[-5.55927552 -5.88875573  4.03201489]]
[[-5.98275623  4.07890993 -5.83103426]]
[[ 4.20890145 -5.85503887 -5.83083173]]
[[ 4.04114002 -5.92730287 -5.52991398]]
[[-5.92869149 -5.89416003  4.35798591]]
[[-5.95151878 -5.94355773  4.1346187 ]]
[[-5.92315977  4.29133915 -5.94462614]]
[[-5.70388813  3.86497471 -5.73217298]]
[[ 4.11098855 -5.82992478 -5.82969251]]
[[-5.92338662  4.33828243 -5.8952935 ]]
[[-5.70605969 -5.93473625  4.02249769]]
