[[ 4.09908387 -5.91127741 -5.90294993]]
[[-5.83054345 -5.95615816  4.15095486]]
[[ 4.09602316 -5.77697761 -5.90774483]]
[[ 4.08389262 -5.91277526 -5.83630334]]
[[-5.76950405  3.96530771 -5.98743255]]
[[-5.82897577  3.94920722 -5.77962573]]
[[-5.81198515 -5.8528615   4.11182015]]
[[ 4.19464829 -5.69858964 -5.99256235]]
[[ 4.33641818 -5.98058266 -5.96308977]]
[[-5.85958431 -5.97479456  4.39506547]]
[[-5.95654738  3.93969125 -5.79930214]]
[[-5.64237513  3.93312924 -5.97977485]]
[[-5.67199464  4.21065516 -5.99955229]]
[[ 3.87306951 -5.80460165 -5.49306275]]
[[ 4.07441526 -5.70878966 -5.99142273]]
[[-5.70877148 -5.97825527  4.00052935]]
[[ 3.97148268 -5.93177701 -5.71177152]]
[[-5.79415629  4.27344021 -5.90697203]]
[[ 4.20774659 -5.87552286 -5.99799134]]
[[ 4.35701364 -5.99605673 -5.83498392]]
[[-5.97353037  4.3634781  -5.93575667]]
[[-5.83817944 -5.7769532   3.99620088]]
[[-5.75727785 -5.84987341  4.0428454 ]]
[[ 4.21038315 -5.97793929 -5.82694895]]
[[ 4.24619832 -5.95056924 -5.73666115]]
[[ 4.26140896 -5.72654834 -5.96504466]]
[[-5.94463775  4.42077546 -5.99687209]]
[[ 4.33889887 -5.93333472 -5.82293908]]
[[-5.98497287  4.21668747 -5.69101518]]
[[-5.73814283 -5.81893283  3.91731087]]
[[-5.88256504 -5.96511059  4.21036895]]
[[ 3.94383148 -5.73785452 -5.77645833]]
[[-5.91159285  4.34176662 -5.96037927]]
[[-5.90766921  4.34640422 -5.89147664]]
[[-5.72612216  4.07154662 -5.82060472]]
[[ 4.50211852 -5.96470981 -5.96442991]]
[[ 4.29901987 -5.99734521 -5.83591725]]
[[-5.56332411  3.98240016 -5.85301553]]
[[-5.95713072 -5.73603067  4.25621223]]
[[ 4.06770429 -5.98366016 -5.80640151]]
[[-5.8776196  -5.40335704  3.84894919]]
[[-5.40187874  3.88573379 -5.90883846]]
[[-5.92951502 -5.58824827  4.04025763]]
[[-5.8819486  -5.93965109  4.18572944]]
[[ 4.26834143 -5.94001693 -5.85028988]]
[[-5.98436509  4.1889977  -5.8452542 ]]
[[ 4.10830278 -5.83109964 -5.76833099]]
[[ 4.27001249 -5.96817427 -5.80586813]]
[[ 4.16781927 -5.87139414 -5.71889652]]
[[ 3.95000753 -5.70901493 -5.98874986]]
[[ 4.32127445 -5.94005817 -5.90872035]]
[[-5.96537207  4.19800973 -5.66136205]]
[[ 4.18952224 -5.97793109 -5.93727223]]
[[-5.51472511  3.93668324 -5.98608902]]
[[ 4.21236434 -5.87024857 -5.79056954]]
[[-5.97995154  4.07539899 -5.61005033]]
[[ 4.50633951 -5.98388755 -5.94139644]]
[[ 4.1125078  -5.9450834  -5.92797862]]
[[-5.81763892  4.28153651 -5.98128284]]
[[-5.97046159 -5.80154674  4.31034226]]
[[-5.87854281  4.04266784 -5.75514164]]
[[ 4.33440352 -5.97395693 -5.87090843]]
[[ 3.98669363 -5.83858806 -5.79914687]]
[[-5.77366299 -5.85522317  3.97111459]]
[[ 4.14301556 -5.89369022 -5.70201329]]
[[ 4.33317439 -5.99192054 -5.79051239]]
[[-5.87878486  4.01523863 -5.67003463]]
[[-5.62620945 -5.85097453  4.03425234]]
[[-5.96418606  4.01333465 -5.54161866]]
[[-5.80930423  3.89908784 -5.9283904 ]]
[[ 4.37221577 -5.93667802 -5.85109965]]
[[-5.71482817 -5.94189735  4.09148443]]
[[ 4.33088239 -5.97809878 -5.83581677]]
[[-5.97355763  4.16701106 -5.61346498]]
[[ 4.28711235 -5.83397172 -5.92223115]]
[[ 4.29039592 -5.94300671 -5.85971058]]
[[-5.89575444 -5.93163912  4.25145347]]
[[-5.99562899  4.19050851 -5.73962365]]
[[-5.99810867  4.17982749 -5.74467885]]
[[-5.91744892  3.94711337 -5.9468429 ]]
[[-5.99179721 -5.54663691  3.93326501]]
[[ 4.05446458 -5.71921406 -5.78185467]]
[[-5.52560588 -5.96209471  4.05489415]]
[[ 4.05054716 -5.96446607 -5.91739931]]
[[ 3.98802076 -5.9303847  -5.99008051]]
[[-5.97495243 -5.8731625   4.29829841]]
[[ 4.05980142 -5.90622253 -5.98704268]]
[[-5.92782789 -5.95536442  4.42626738]]
[[-5.70174921 -5.79515421  4.07615465]]
[[-5.89586155 -5.99250593  4.16115837]]
[[-5.90062084 -5.81258367  4.18280604]]
[[-5.94760661  4.31902823 -5.7892933 ]]
[[-5.82657377 -5.85838795  4.18160286]]
[[-5.70563295  4.00506566 -5.71126791]]
[[-5.99430565  4.44208963 -5.98882266]]
[[-5.91820115  4.21422481 -5.79876793]]
[[ 3.91457878 -5.51399887 -5.93063853]]
[[-5.93316395 -5.54786188  3.98803432]]
[[ 3.92821844 -5.93821926 -5.54629487]]
[[ 4.11735766 -5.92769835 -5.85796547]]
[[-5.96380323  4.50960801 -5.97025133]]
[[-5.63600325 -5.91074089  4.01862232]]
[[-5.62912497  4.16935898 -5.95966988]]
[[-5.9144865  -5.708183    4.18650191]]
[[ 4.24637046 -5.86945205 -5.85135674]]
[[ 4.253551   -5.96712937 -5.7778736 ]]
[[ 4.24070871 -5.98988909 -5.93504571]]
[[ 4.16138444 -5.84708377 -5.88940832]]
[[-5.53043587  4.08261454 -5.96971062]]
[[ 4.08955799 -5.94520092 -5.92629114]]
[[-5.91181495 -5.95878758  4.21641738]]
[[ 4.14291196 -5.79557946 -5.9764021 ]]
[[-5.90049938 -5.9113835   4.37010688]]
[[ 4.17596485 -5.69618539 -5.97727589]]
[[ 4.08233455 -5.87398704 -5.95649397]]
[[-5.94404469 -5.93198911  4.17880534]]
[[-5.92098517  4.06456669 -5.88697184]]
[[-5.68211152  3.88855926 -5.93157916]]
[[-5.94257883  4.09041436 -5.60281303]]
[[ 4.00932649 -5.91820464 -5.77259064]]
[[-5.94547329  4.37429995 -5.96077483]]
[[ 4.25085956 -5.79649348 -5.90934279]]
[[ 4.26188877 -5.88847555 -5.80353497]]
[[-5.69034253  4.10373095 -5.99089275]]
[[ 4.16708272 -5.82374011 -5.96904932]]
[[-5.81759304 -5.85020297  4.03356536]]
[[-5.9980902  -5.83857231  4.35282184]]
[[-5.98245922  4.09206638 -5.94743259]]
[[-5.96349912  4.25906312 -5.83207314]]
[[ 4.13742953 -5.72646241 -5.89956122]]
[[ 4.30896115 -5.84134361 -5.88224623]]
[[-5.72385669  4.23544462 -5.92608934]]
[[-5.71904572 -5.97809052  4.19733154]]
[[-5.58397114 -5.83325267  3.9565504 ]]
[[ 4.30771114 -5.79908622 -5.93924789]]
[[-5.86293397 -5.94477064  4.28389824]]
[[ 4.31115069 -5.99852166 -5.94552113]]
[[-5.98212176 -5.99660359  4.47256266]]
[[ 4.36145693 -5.97576446 -5.91284708]]
[[-5.95465188  4.0384448  -5.74113449]]
[[ 4.16814612 -5.76874917 -5.82732763]]
[[ 4.13530973 -5.69730761 -5.85389795]]
