[[0.02353447 0.98110967 0.97835109 0.98409192]]
[[0.02312212 0.97961467 0.98630223 0.98715442]]
[[0.02344802 0.97880917 0.97679516 0.98283748]]
[[0.02285031 0.98083588 0.98140136 0.98389381]]
[[0.02362876 0.98563418 0.98642419 0.98755704]]
[[0.02316798 0.98352573 0.98442635 0.98547657]]
[[0.02330048 0.98132167 0.97905328 0.98436395]]
[[0.02298277 0.98167336 0.98268261 0.98763925]]
[[0.02227344 0.9846217  0.98230101 0.98615393]]
[[0.02323508 0.97682306 0.98391471 0.98515819]]
[[0.02230809 0.98175124 0.97763818 0.98479725]]
[[0.02126413 0.9810537  0.97927026 0.98490699]]
[[0.02369705 0.97870076 0.97782711 0.98200683]]
[[0.02384387 0.98005077 0.98152419 0.9845702 ]]
[[0.02324526 0.97946754 0.97855409 0.98784685]]
[[0.0218128  0.97908157 0.98126438 0.98344312]]
[[0.02105959 0.97804738 0.97822958 0.97977594]]
[[0.02395735 0.97720307 0.97952049 0.98744496]]
[[0.02296535 0.98171676 0.97678449 0.98375235]]
[[0.02373711 0.98020503 0.97951954 0.9829432 ]]
[[0.02370838 0.97685895 0.97853668 0.9834991 ]]
[[0.02224869 0.97998842 0.98194858 0.98365879]]
[[0.02207795 0.98241801 0.98161073 0.98552188]]
[[0.02306488 0.98194897 0.97975995 0.98481482]]
[[0.02264306 0.9781381  0.97794092 0.98206403]]
[[0.02386101 0.98174032 0.97836998 0.98347588]]
[[0.02391321 0.98242333 0.98095124 0.98571249]]
[[0.02390881 0.98304449 0.98022758 0.98758834]]
[[0.02352105 0.98422205 0.9788098  0.98696215]]
[[0.02208803 0.98478388 0.97922906 0.98708271]]
[[0.02338068 0.98104325 0.98111686 0.98610016]]
[[0.02362299 0.97708808 0.9832923  0.98798777]]
[[0.02392442 0.97672862 0.98051119 0.98269658]]
[[0.02390573 0.97985402 0.9804719  0.9867393 ]]
[[0.02398723 0.98265888 0.97721881 0.98409935]]
[[0.02231635 0.9782725  0.97847873 0.98027864]]
[[0.02394496 0.97985809 0.97646211 0.9814813 ]]
[[0.02368344 0.97916049 0.9783638  0.98225182]]
[[0.02230352 0.98080481 0.98451048 0.98635073]]
[[0.02043383 0.98045247 0.97731731 0.98226734]]
[[0.0237805  0.97671116 0.97681548 0.97854184]]
[[0.02392134 0.98016725 0.98004132 0.98593362]]
[[0.02143515 0.98298838 0.97998908 0.98518186]]
[[0.02344937 0.97687601 0.9823437  0.98457709]]
[[0.02081525 0.98043005 0.97975573 0.98475165]]
[[0.02338457 0.98466892 0.97819679 0.98670968]]
[[0.023966   0.9854213  0.98163645 0.98631056]]
[[0.02310623 0.97814939 0.98007917 0.98505188]]
[[0.02093374 0.97631724 0.97859204 0.9822705 ]]
[[0.02287202 0.97803815 0.97994722 0.98654403]]
[[0.01996366 0.98069677 0.97965438 0.98311705]]
[[0.02259464 0.97738119 0.97671122 0.98276576]]
[[0.02354693 0.98159498 0.97702747 0.98681869]]
[[0.02158381 0.97659374 0.97947406 0.98318589]]
[[0.02255109 0.9760291  0.98259376 0.98421814]]
[[0.01974283 0.97765936 0.9792946  0.98086437]]
[[0.02217126 0.98258642 0.97960164 0.98385449]]
[[0.02263643 0.97682897 0.97806454 0.9799974 ]]
[[0.020358   0.97823756 0.98121169 0.98350088]]
[[0.01845155 0.97965539 0.98041847 0.98173732]]
[[0.02392397 0.97721988 0.9760965  0.98096603]]
[[0.02241861 0.98253101 0.97886634 0.98394663]]
[[0.01913097 0.97728426 0.97826569 0.98348445]]
[[0.02387399 0.98349157 0.98246022 0.98485759]]
[[0.0225389  0.98149599 0.98127521 0.9833927 ]]
[[0.02157279 0.97730865 0.97752301 0.98408949]]
[[0.02237526 0.97831201 0.97601275 0.98049908]]
[[0.0236438  0.98458257 0.98341776 0.98774717]]
[[0.02282888 0.97777256 0.98539492 0.98700959]]
[[0.02398736 0.98641412 0.9782883  0.98836885]]
[[0.0235208  0.98074173 0.98327336 0.98628513]]
[[0.02300006 0.97713691 0.98272    0.98513777]]
[[0.021893   0.9842349  0.97791598 0.98567975]]
[[0.02281878 0.97696087 0.98300852 0.98708181]]
[[0.02392433 0.98177744 0.97943432 0.98887552]]
[[0.02370383 0.97974343 0.97900577 0.98665065]]
[[0.02353096 0.98192772 0.9802021  0.98642045]]
[[0.02383621 0.98281884 0.98111893 0.98544556]]
[[0.01989225 0.97750311 0.9761084  0.98183861]]
[[0.02138918 0.97794398 0.98020399 0.98391696]]
[[0.02382622 0.97828518 0.97975072 0.98426039]]
[[0.02103391 0.97642112 0.97819339 0.980176  ]]
[[0.02163584 0.97973932 0.98070219 0.98321498]]
[[0.02337135 0.98052969 0.98099458 0.98336224]]
[[0.02159843 0.98227341 0.98406069 0.98605648]]
[[0.02185534 0.97609995 0.98099656 0.98575472]]
[[0.02309488 0.98157089 0.98485682 0.9865946 ]]
[[0.0224639  0.98274945 0.97959258 0.984688  ]]
[[0.01977507 0.97899383 0.97706115 0.98225264]]
[[0.02349917 0.97815395 0.97876426 0.98355591]]
[[0.02142512 0.97881528 0.98176297 0.98371766]]
[[0.02173274 0.97792063 0.97989366 0.98271421]]
[[0.0231747  0.97974794 0.98620733 0.98691733]]
[[0.02311406 0.97693871 0.9809767  0.98434397]]
[[0.0229995  0.97912947 0.9826455  0.98437881]]
[[0.02270109 0.9788509  0.97679842 0.98659875]]
[[0.02160936 0.98055043 0.97809406 0.98515089]]
[[0.02387327 0.97867588 0.97826111 0.98214848]]
[[0.02390221 0.97794366 0.97686284 0.9804239 ]]
[[0.02367041 0.97714497 0.97701655 0.98178499]]
[[0.01878389 0.97901568 0.97768332 0.98045764]]
[[0.0238514  0.98687032 0.97847392 0.98881663]]
[[0.02350743 0.98001027 0.98133923 0.98380775]]
[[0.02258328 0.98212977 0.98335081 0.98686645]]
[[0.02231665 0.9775635  0.97817491 0.98382943]]
[[0.02257268 0.98267706 0.97601451 0.98434597]]
[[0.02398496 0.97614475 0.97614406 0.97968983]]
[[0.0234683  0.98307525 0.97902737 0.98787174]]
[[0.02299173 0.98648368 0.98153658 0.98796642]]
[[0.02352368 0.98222657 0.98312397 0.98568801]]
[[0.02327075 0.98240359 0.98448551 0.98736699]]
[[0.02309078 0.97801279 0.98209033 0.98633137]]
[[0.02231713 0.97701654 0.98524476 0.9867361 ]]
[[0.02376948 0.97856604 0.97736092 0.98185999]]
[[0.020474   0.98148188 0.97925006 0.98420615]]
[[0.0231483  0.97632517 0.98500359 0.98848157]]
[[0.0238197  0.98523094 0.98412113 0.98781871]]
[[0.02262551 0.97874142 0.98431099 0.98612198]]
[[0.02008518 0.97751598 0.97662729 0.98027518]]
[[0.02250627 0.97857895 0.98436753 0.98530564]]
[[0.02362353 0.97716003 0.98102819 0.98328941]]
[[0.02248077 0.9787087  0.97688673 0.98033753]]
[[0.02379446 0.98244835 0.98203562 0.98397121]]
[[0.02064755 0.98077264 0.98193289 0.98502073]]
[[0.02373422 0.97984313 0.97607967 0.98155805]]
[[0.02295156 0.98076669 0.98522501 0.98849069]]
[[0.02295299 0.97674024 0.97913453 0.98515908]]
[[0.02292145 0.98146477 0.98076881 0.98330378]]
[[0.02252193 0.97985799 0.97717061 0.98559197]]
[[0.02271045 0.97997009 0.97826408 0.98544375]]
