[[0.02345647 0.97698688 0.97819376 0.98544077]]
[[0.02207676 0.97875594 0.98145928 0.98553229]]
[[0.02383542 0.9830084  0.97827484 0.98413761]]
[[0.02156698 0.9774983  0.98005183 0.98476309]]
[[0.02347708 0.97920031 0.9847144  0.98863321]]
[[0.02392166 0.98030448 0.97762508 0.98243104]]
[[0.02357986 0.98135943 0.97654496 0.98664771]]
[[0.02245096 0.97771332 0.98070228 0.98355894]]
[[0.02226007 0.98214951 0.97624228 0.98447245]]
[[0.02362408 0.98714637 0.97920129 0.98826322]]
[[0.0226774  0.9800841  0.98086296 0.9826396 ]]
[[0.02336979 0.98149503 0.97933963 0.98639391]]
[[0.0214822  0.97894883 0.98089161 0.98298113]]
[[0.02158016 0.98500673 0.98438999 0.98633797]]
[[0.02356437 0.98538102 0.9761005  0.98908147]]
[[0.02334171 0.97611537 0.9844747  0.98756139]]
[[0.02374853 0.98207395 0.97750389 0.98708819]]
[[0.02299165 0.98241363 0.98501636 0.9884341 ]]
[[0.02282322 0.98018427 0.97650261 0.98427649]]
[[0.02269802 0.98021631 0.97776712 0.98464058]]
[[0.02033151 0.9823939  0.97604749 0.98538514]]
[[0.02292196 0.97629261 0.97623791 0.9804517 ]]
[[0.0225666  0.98479284 0.98288592 0.98798886]]
[[0.02238199 0.98099942 0.98372325 0.98490077]]
[[0.02192096 0.98066968 0.97745985 0.98537387]]
[[0.02271579 0.97742798 0.97844991 0.98229459]]
[[0.02374598 0.97819842 0.9837183  0.98476232]]
[[0.02272907 0.97941574 0.98202091 0.98437383]]
[[0.0229913  0.97693447 0.97710246 0.98363446]]
[[0.02263576 0.97896255 0.98169678 0.98296825]]
[[0.02327719 0.98050182 0.97842586 0.9823854 ]]
[[0.02392559 0.97754111 0.98010137 0.98331599]]
[[0.0221144  0.98140109 0.98321501 0.98667135]]
[[0.02301951 0.98198355 0.98610573 0.98798736]]
[[0.02144147 0.97721164 0.97849196 0.98076491]]
[[0.02351003 0.98024794 0.97965207 0.98486376]]
[[0.02184749 0.97628549 0.97666407 0.98225328]]
[[0.02101071 0.97652286 0.98068763 0.98380812]]
[[0.02332845 0.98057019 0.98003674 0.98819195]]
[[0.02254483 0.97814549 0.98126026 0.98588718]]
[[0.02311344 0.97841526 0.9805864  0.98741464]]
[[0.02169495 0.98256264 0.97642381 0.9847071 ]]
[[0.0232725  0.97667964 0.98001552 0.98294154]]
[[0.02265056 0.98070422 0.97958468 0.98241445]]
[[0.02377192 0.97823627 0.97650257 0.98137613]]
[[0.02381684 0.98103255 0.97856435 0.98618214]]
[[0.02364677 0.98675389 0.97841712 0.98794122]]
[[0.02341393 0.98468463 0.9775479  0.98573622]]
[[0.02364638 0.98034584 0.97866411 0.98445558]]
[[0.0220076  0.97745068 0.97601993 0.97859796]]
[[0.0204549  0.98126916 0.98355321 0.98531681]]
[[0.02121089 0.97846987 0.97630884 0.98260756]]
[[0.02200496 0.97859908 0.98321784 0.98704377]]
[[0.02220934 0.98223022 0.97839479 0.9835511 ]]
[[0.02377421 0.9763069  0.97762604 0.97984523]]
[[0.02392592 0.97983518 0.97843216 0.98699887]]
[[0.02383374 0.98547915 0.97822925 0.98759371]]
[[0.02356699 0.97625942 0.97633894 0.979716  ]]
[[0.0232103  0.98224895 0.98157854 0.98398199]]
[[0.02307703 0.98438489 0.98205907 0.98797766]]
[[0.02370675 0.97651196 0.98624747 0.98910724]]
[[0.02357669 0.98329552 0.97765988 0.98467054]]
[[0.02104184 0.97693214 0.98248989 0.98546606]]
[[0.02395482 0.98357065 0.98048625 0.9879797 ]]
[[0.02344529 0.98061257 0.98379841 0.9878715 ]]
[[0.02098753 0.97970266 0.98170182 0.98380398]]
[[0.02258089 0.98191545 0.98452547 0.98687581]]
[[0.02257916 0.97984038 0.97667099 0.98804461]]
[[0.02016431 0.98103682 0.9764421  0.98238581]]
[[0.02291445 0.98017552 0.97613017 0.98209715]]
[[0.02121619 0.97746443 0.98251217 0.98435246]]
[[0.02330678 0.98299608 0.98246861 0.98533566]]
[[0.02399445 0.98389342 0.98113834 0.98868184]]
[[0.02237766 0.97861339 0.97652931 0.98454752]]
[[0.02279396 0.97780283 0.98180093 0.98340636]]
[[0.02014023 0.9811984  0.98032549 0.98393559]]
[[0.02122506 0.98317976 0.97615243 0.9858036 ]]
[[0.02231987 0.97973794 0.97948017 0.98137557]]
[[0.02311939 0.97877967 0.98144249 0.98776873]]
[[0.0232983  0.98385357 0.97906722 0.98609293]]
[[0.02134553 0.98332353 0.98137085 0.98410591]]
[[0.02049969 0.97802211 0.97780926 0.98531232]]
[[0.02399753 0.98170357 0.97911918 0.98535524]]
[[0.02138445 0.97753624 0.97669589 0.98401773]]
[[0.0224937  0.97837802 0.97766795 0.98283757]]
[[0.02348378 0.97630373 0.9829589  0.98375669]]
[[0.02077723 0.9820541  0.97798086 0.98562847]]
[[0.02347001 0.98478543 0.9779144  0.98722933]]
[[0.02375803 0.97707421 0.98442591 0.98730394]]
[[0.02361873 0.97683198 0.98527092 0.98709404]]
[[0.02347404 0.98425198 0.97664902 0.98769951]]
[[0.02084012 0.98092588 0.97954542 0.98435802]]
[[0.02258874 0.97867113 0.9786297  0.98059195]]
[[0.02385899 0.98615199 0.98522543 0.98852938]]
[[0.02274603 0.98334542 0.97856102 0.98513049]]
[[0.02216773 0.97702559 0.97931125 0.98301673]]
[[0.02365443 0.98710858 0.98545225 0.98837683]]
[[0.02102163 0.97603862 0.97864145 0.98402761]]
[[0.02132836 0.97862101 0.97775829 0.98031904]]
[[0.02184013 0.98369488 0.98304812 0.98539995]]
[[0.0235299  0.98090337 0.97869724 0.98527664]]
[[0.02039787 0.98177178 0.98082652 0.98543664]]
[[0.0214931  0.9825177  0.97908637 0.98541115]]
[[0.0222738  0.98486738 0.98030359 0.98676572]]
[[0.02030186 0.97764762 0.97855868 0.98395471]]
[[0.02213651 0.98202697 0.98160062 0.9841992 ]]
[[0.02268126 0.98170383 0.98014376 0.98623966]]
[[0.02107147 0.98197095 0.98103628 0.98390983]]
[[0.02243226 0.97914126 0.97815682 0.9814942 ]]
[[0.02337359 0.9832829  0.97763728 0.9883365 ]]
[[0.0239713  0.9782088  0.97726049 0.97924755]]
[[0.02203394 0.97984649 0.98008632 0.98246005]]
[[0.0225194  0.98169159 0.98057354 0.98407751]]
[[0.02267693 0.97637968 0.97618485 0.98413516]]
[[0.02378978 0.98133467 0.98096129 0.98561845]]
[[0.02393026 0.98180406 0.98540702 0.98664176]]
[[0.02377394 0.97663943 0.9810908  0.98470494]]
[[0.02337007 0.98056315 0.98397612 0.98640006]]
[[0.0207059  0.97762768 0.9808367  0.98473302]]
[[0.02190942 0.98114973 0.97639475 0.98541834]]
[[0.02384533 0.97721017 0.97619007 0.97844135]]
[[0.02246684 0.9769637  0.97933502 0.98170023]]
[[0.02373756 0.97802752 0.9777322  0.98499113]]
[[0.02321448 0.98202428 0.97907277 0.98775534]]
[[0.0212829  0.9777732  0.97664568 0.98091535]]
[[0.0239724  0.98111719 0.9787379  0.98699964]]
[[0.02292189 0.97931543 0.97658269 0.98171278]]
[[0.02122515 0.98157382 0.97961895 0.98448762]]
[[0.02393601 0.98145075 0.97681118 0.98345496]]
[[0.01939682 0.98326198 0.98237616 0.98424271]]
[[0.02343071 0.97728992 0.9762058  0.98271489]]
[[0.02350467 0.97812453 0.97882557 0.98159122]]
[[0.01892101 0.97681951 0.97705259 0.98168113]]
[[0.02276982 0.97805437 0.97830909 0.98363636]]
[[0.02122825 0.98394001 0.98060858 0.98589006]]
[[0.02397017 0.98785304 0.98514242 0.98864356]]
