[[ 4.2276918  -5.75195052 -5.93348728]]
[[ 4.23984373 -5.90910229 -5.91255291]]
[[-5.82520413  4.129082   -5.72879472]]
[[ 4.1770307  -5.89136687 -5.91524206]]
[[-5.93433412 -5.99885083  4.47723736]]
[[-5.59230183  4.02604552 -5.85126032]]
[[-5.9085406  -5.84948884  4.31102942]]
[[-5.78835267 -5.85400381  4.09492636]]
[[-5.98728588 -5.73133665  4.15372446]]
[[-5.99990868 -5.88190619  4.43865217]]
[[-5.62842755  4.03689419 -5.93536296]]
[[-5.78954947 -5.97203401  4.29625591]]
[[ 4.05715795 -5.94202144 -5.75276502]]
[[ 4.28027161 -5.91967725 -5.98892336]]
[[ 4.51175196 -5.99161484 -5.96848287]]
[[-5.93721927  4.38209843 -5.91266888]]
[[-5.90558482 -5.87468528  4.34787117]]
[[ 4.45663511 -5.98115734 -5.97420578]]
[[-5.8448403  -5.81278887  4.143851  ]]
[[ 4.17306415 -5.89851847 -5.79958164]]
[[ 4.21836763 -5.97470557 -5.99374676]]
[[-5.94332477 -5.48029129  3.91867387]]
[[ 4.4121196  -5.95574629 -5.99329196]]
[[ 4.17918144 -5.93730489 -5.79560157]]
[[ 4.22755795 -5.82407506 -5.99977772]]
[[-5.94924903 -5.59339081  4.019205  ]]
[[-5.92315446 -5.68026477  4.17079987]]
[[ 4.14518403 -5.83794505 -5.82947726]]
[[ 4.10301555 -5.9232772  -5.67849747]]
[[-5.60064845 -5.98678559  4.05677724]]
[[-5.83665188 -5.65958229  4.02277576]]
[[-5.56128882 -5.93506701  4.07917573]]
[[-5.92896737  4.30996424 -5.95932444]]
[[-5.96473551  4.41237411 -5.9438875 ]]
[[-5.882188    3.93333744 -5.69265728]]
[[-5.97540542  4.17814901 -5.65581831]]
[[ 4.02356055 -5.92566078 -5.70105887]]
[[-5.82968738 -5.96424734  4.11095782]]
[[-5.97602389  4.44119898 -5.93412883]]
[[-5.90757391  4.25507038 -5.88639019]]
[[-5.98567608  4.38015913 -5.88239602]]
[[-5.89865394  4.16895889 -5.88778941]]
[[-5.5597496   4.05777975 -5.97190075]]
[[-5.85192147 -5.7015944   4.02419673]]
[[-5.86435752 -5.53421098  3.96818605]]
[[-5.93505131 -5.76914649  4.27768279]]
[[-5.85304437  4.40955378 -5.99770484]]
[[-5.84797812  4.23776363 -5.85124894]]
[[-5.96220515  4.15323999 -5.63226469]]
[[ 3.82300244 -5.70657777 -5.7046531 ]]
[[ 4.20857062 -5.96826644 -5.97803547]]
[[-5.75021719 -5.95009938  4.0367132 ]]
[[-5.93404877  4.3400687  -5.9944934 ]]
[[-5.86909059  4.09261768 -5.79309206]]
[[ 3.88528581 -5.66551462 -5.64995644]]
[[-5.98075847  4.33457301 -5.770967  ]]
[[-5.91408601 -5.89040228  4.37942667]]
[[-5.35180572  3.87959712 -5.97590965]]
[[-5.95955491 -5.63845137  4.11865624]]
[[ 4.41770427 -5.93381018 -5.97503394]]
[[-5.96133079  4.52140346 -5.99607907]]
[[-5.76982438 -5.84227332  4.16482241]]
[[-5.91516309 -5.98500264  4.22021324]]
[[-5.8511185   4.42059931 -5.98415943]]
[[-5.9024266   4.42053865 -5.97683459]]
[[-5.85032756 -5.94371222  4.10880831]]
[[ 4.3223513  -5.93335859 -5.92461574]]
[[-5.9698397  -5.99860297  4.43266238]]
[[-5.81768992  4.02253635 -5.97178778]]
[[-5.94612462 -5.56708411  4.007596  ]]
[[-5.87645125  4.14479636 -5.93143744]]
[[-5.81118372 -5.86907415  4.20940166]]
[[-5.97332279 -5.92591867  4.48794963]]
[[ 4.16199483 -5.90463576 -5.81147933]]
[[ 4.08340051 -5.95849921 -5.64130498]]
[[ 4.11813735 -5.93609955 -5.95141793]]
[[-5.90915285  4.24637434 -5.99946011]]
[[-5.75098793 -5.77333853  3.96491592]]
[[-5.99849048  4.43830095 -5.92719584]]
[[-5.91375183  4.26393863 -5.82178859]]
[[-5.90347503  4.12630013 -5.87349813]]
[[-5.97355428  4.21559467 -5.97530558]]
[[-5.91814857  4.21597014 -5.70884993]]
[[-5.92245543  4.13966374 -5.86415795]]
[[-5.71292655  4.05155885 -5.88217109]]
[[ 4.10491158 -5.68799182 -5.87228224]]
[[-5.96802615 -5.97572591  4.23794895]]
[[-5.94246288  4.35984306 -5.87394413]]
[[-5.87804898  4.36105983 -5.91459098]]
[[-5.93160903 -5.85945328  4.34743631]]
[[-5.94560768 -5.90695994  4.39635513]]
[[-5.94063684 -5.90402245  4.14502911]]
[[-5.77115956 -5.68681064  3.92305865]]
[[-5.9833837  -5.89763651  4.45812785]]
[[ 4.19562406 -5.76579768 -5.95053803]]
[[-5.64519089  4.06242646 -5.99063625]]
[[ 4.44438392 -5.9351095  -5.94980652]]
[[-5.88574984 -5.92040762  4.12424266]]
[[-5.85911024 -5.70213306  3.90892629]]
[[ 4.21335906 -5.94215976 -5.87504769]]
[[ 4.21088779 -5.8827804  -5.77945149]]
[[-5.97991439  4.2187005  -5.98221812]]
[[-5.97220319  4.21574784 -5.88013611]]
[[-5.96803837 -5.91123643  4.31563759]]
[[ 4.12394025 -5.93592555 -5.94107831]]
[[-5.8651416  -5.84422209  4.13307977]]
[[ 4.27702749 -5.9582864  -5.84528862]]
[[-5.84648415 -5.94487624  4.1142828 ]]
[[ 3.97200073 -5.80231687 -5.71881913]]
[[-5.97135599  4.45837958 -5.95201871]]
[[ 3.85441636 -5.68112777 -5.58655765]]
[[ 4.02640326 -5.63654069 -5.97564453]]
[[-5.69083262  4.12732333 -5.97769322]]
[[-5.6718472   4.13424405 -5.98933505]]
[[-5.89488703  4.2347248  -5.76868172]]
[[ 4.30378457 -5.96185498 -5.75870997]]
[[-5.94262995  4.16941882 -5.65699724]]
[[-5.98117554  4.28637541 -5.77050278]]
[[ 4.1714524  -5.89628887 -5.98799032]]
[[-5.84388735  4.22171491 -5.97519889]]
[[-5.40539937 -5.83428294  3.81561694]]
[[ 3.98432981 -5.53742764 -5.99288593]]
[[ 4.19681784 -5.86967334 -5.76049045]]
[[ 4.40639317 -5.92741298 -5.95796205]]
[[-5.69853523  3.94128202 -5.89942425]]
[[-5.96128849  4.33972683 -5.79161362]]
[[-5.95618006  3.98627662 -5.53504494]]
[[-5.99360233  4.15371259 -5.82233952]]
[[ 4.08785829 -5.78138465 -5.72276172]]
[[-5.998103   -5.98308074  4.13506669]]
[[-5.91498318 -5.58919855  4.04418554]]
[[ 3.97788332 -5.70026668 -5.7311583 ]]
[[-5.88676628  3.98820211 -5.99819552]]
[[ 4.10480078 -5.85364345 -5.76972991]]
[[ 4.25029134 -5.92120998 -5.99101249]]
[[-5.92119548 -5.95985437  4.46768371]]
