[[0.02350666 0.98072858 0.98732714 0.98917745]]
[[0.02240282 0.97654201 0.97662679 0.9796024 ]]
[[0.02315556 0.98336952 0.98364634 0.98560327]]
[[0.02119912 0.98232037 0.98153045 0.98362887]]
[[0.02236649 0.97929507 0.98159233 0.98632162]]
[[0.02387296 0.97797848 0.97684796 0.98697548]]
[[0.02239353 0.98226429 0.981745   0.98592901]]
[[0.02341363 0.97899005 0.97814963 0.98032549]]
[[0.02177133 0.98216802 0.981043   0.98467906]]
[[0.02303503 0.97699758 0.97643587 0.97871652]]
[[0.02320217 0.97751263 0.98233557 0.98596476]]
[[0.02202927 0.97757672 0.97635015 0.97979743]]
[[0.02381554 0.98544634 0.98343003 0.98927555]]
[[0.02369073 0.97739807 0.98037621 0.98161156]]
[[0.02128462 0.98093696 0.97724232 0.98299996]]
[[0.02135277 0.98076629 0.97663476 0.98450174]]
[[0.02199235 0.97737576 0.97934873 0.98565321]]
[[0.02170214 0.98368447 0.98155482 0.98644042]]
[[0.02171313 0.98018688 0.97994902 0.98380628]]
[[0.01994785 0.97940949 0.9778103  0.98244868]]
[[0.02356887 0.97609714 0.97815596 0.98678893]]
[[0.02229533 0.97903642 0.97958144 0.98070034]]
[[0.02100611 0.97932598 0.98078865 0.98285532]]
[[0.02360374 0.97887321 0.97917303 0.98280433]]
[[0.0223846  0.98069014 0.97864245 0.9843352 ]]
[[0.02159188 0.97855081 0.98169003 0.98278525]]
[[0.0227869  0.9762484  0.98055343 0.98258163]]
[[0.02368846 0.98048356 0.98407339 0.98593559]]
[[0.02322239 0.97626754 0.9796833  0.98607898]]
[[0.02337246 0.982517   0.98147635 0.98359134]]
[[0.02382407 0.97754188 0.9818657  0.9862731 ]]
[[0.02258713 0.9868316  0.98494918 0.98787049]]
[[0.02091597 0.9798709  0.98090529 0.98294754]]
[[0.02172332 0.97771597 0.97754804 0.98178498]]
[[0.02297616 0.97846377 0.98075269 0.98479352]]
[[0.02102958 0.9762111  0.97820864 0.98624524]]
[[0.02224086 0.97782755 0.98081902 0.98460676]]
[[0.0232088  0.97951325 0.98456743 0.98705351]]
[[0.02349096 0.97954056 0.98380511 0.98698958]]
[[0.02050844 0.97657105 0.9769751  0.98221861]]
[[0.02225657 0.97612139 0.98354423 0.98452635]]
[[0.02376353 0.98302526 0.9831592  0.98821481]]
[[0.02265296 0.98221794 0.98503222 0.98648581]]
[[0.02284577 0.97707152 0.97652304 0.98017015]]
[[0.02347412 0.98155756 0.97701834 0.98627162]]
[[0.02349101 0.97714295 0.98208736 0.9837865 ]]
[[0.0221807  0.98367756 0.98184417 0.98781807]]
[[0.02262685 0.97774422 0.9784775  0.98113557]]
[[0.0202342  0.97647595 0.97676359 0.98011353]]
[[0.02338039 0.98240736 0.98023137 0.98580511]]
[[0.02285836 0.98479649 0.98033994 0.98682545]]
[[0.02118319 0.98095601 0.97915156 0.98320149]]
[[0.02176255 0.98138652 0.98484881 0.98587531]]
[[0.02004901 0.97783725 0.97877452 0.98070771]]
[[0.01974578 0.97721596 0.98054188 0.98424732]]
[[0.02303328 0.98140582 0.97947805 0.98423104]]
[[0.02385975 0.98038919 0.97854171 0.98494882]]
[[0.02387351 0.98712001 0.98561762 0.98908025]]
[[0.02343834 0.97786208 0.97647699 0.98271699]]
[[0.02383732 0.97910134 0.97858895 0.98234142]]
[[0.02056758 0.97652868 0.97949592 0.98376474]]
[[0.02154196 0.97760123 0.9775286  0.98002594]]
[[0.02306252 0.98496371 0.9807161  0.98648132]]
[[0.02275511 0.98200832 0.98192447 0.98546545]]
[[0.02307909 0.98208885 0.97925746 0.98361695]]
[[0.02012727 0.97782004 0.97929634 0.98186397]]
[[0.02384238 0.98187767 0.97651428 0.98426283]]
[[0.0231163  0.98278192 0.97981492 0.98749091]]
[[0.02116465 0.97984363 0.97844004 0.98455087]]
[[0.02145635 0.98010335 0.97841465 0.98231356]]
[[0.02223987 0.98163458 0.98464284 0.98581019]]
[[0.02357626 0.97977516 0.98329085 0.98529943]]
[[0.02257076 0.98264065 0.98211114 0.98381319]]
[[0.02151006 0.97685613 0.98106039 0.98396679]]
[[0.02380725 0.97626479 0.97608403 0.97904096]]
[[0.02054202 0.97681278 0.97624901 0.97958717]]
[[0.02186034 0.97762174 0.98055086 0.98391137]]
[[0.02359363 0.98136728 0.97963417 0.98428931]]
[[0.0229978  0.98541284 0.97961148 0.98724369]]
[[0.02167523 0.98214935 0.98175558 0.98512831]]
[[0.02350037 0.9803175  0.979184   0.98738365]]
[[0.01967683 0.97889797 0.97797615 0.98189802]]
[[0.02192009 0.98076132 0.98219536 0.98692148]]
[[0.02285151 0.97662115 0.98333769 0.98724085]]
[[0.02167223 0.97642168 0.97863683 0.98563978]]
[[0.02322901 0.98124428 0.98129609 0.98639475]]
[[0.02265984 0.97646503 0.97620667 0.98389109]]
[[0.02290254 0.97819273 0.98101942 0.98234113]]
[[0.0225867  0.97673283 0.98340838 0.98687548]]
[[0.02346783 0.97933306 0.98367843 0.98823221]]
[[0.01759669 0.97660158 0.97817    0.98002976]]
[[0.02202361 0.97897985 0.97715102 0.98195834]]
[[0.02091848 0.9823675  0.98296951 0.98416675]]
[[0.02316902 0.97847877 0.97740854 0.98275849]]
[[0.02389142 0.98837722 0.97604486 0.98960067]]
[[0.0239124  0.98432279 0.98551707 0.98789474]]
[[0.02099471 0.98283692 0.97810602 0.98398544]]
[[0.02142    0.97672947 0.97649532 0.98117866]]
[[0.02027793 0.97724515 0.97889384 0.98147443]]
[[0.02111612 0.98342002 0.97706142 0.98488301]]
[[0.02105807 0.98333499 0.97649125 0.98573943]]
[[0.02290224 0.98037545 0.98057495 0.98245   ]]
[[0.02369661 0.98658787 0.97836263 0.98899574]]
[[0.02207719 0.9762934  0.98388304 0.98629391]]
[[0.02030313 0.98140984 0.97744234 0.98469552]]
[[0.02390604 0.98562708 0.98430766 0.98761519]]
[[0.02379536 0.98137697 0.97761808 0.98608529]]
[[0.02106771 0.97892253 0.97829035 0.98154709]]
[[0.02361125 0.97604063 0.98154327 0.98409417]]
[[0.02383257 0.98012271 0.98020669 0.9880519 ]]
[[0.02266809 0.98168369 0.97714808 0.98539361]]
[[0.02162334 0.98061288 0.97806619 0.98484676]]
[[0.02282813 0.97704688 0.97775741 0.98011014]]
[[0.02377519 0.97632717 0.97746192 0.98225285]]
[[0.02393919 0.97703281 0.98032458 0.98250886]]
[[0.02048348 0.97721549 0.98164021 0.98333155]]
[[0.02323731 0.97805388 0.97964812 0.98514004]]
[[0.02393848 0.97642642 0.97710921 0.98266567]]
[[0.02337507 0.9778873  0.97784374 0.98725111]]
[[0.02022846 0.97995395 0.97611405 0.98421157]]
[[0.02213474 0.97765809 0.98382973 0.98636335]]
[[0.02219283 0.97619247 0.97647084 0.97944523]]
[[0.02243781 0.97916762 0.97984878 0.98382925]]
[[0.02319843 0.98357887 0.98476282 0.98706854]]
[[0.02168631 0.97751088 0.97902347 0.98233108]]
