[[-5.70043682  4.12858673 -5.87909639]]
[[-5.8381298  -5.99253752  4.34352377]]
[[-5.62407177  4.05435958 -5.88877134]]
[[ 4.11330442 -5.91693481 -5.70771969]]
[[-5.82102943  4.37503642 -5.99676388]]
[[ 4.21801666 -5.78800163 -5.9131022 ]]
[[ 4.14519939 -5.69837142 -5.91823812]]
[[ 4.39258546 -5.98455859 -5.90754608]]
[[-5.89893001 -5.93226838  4.26752824]]
[[-5.76196817 -5.91260501  4.19740765]]
[[ 4.17701125 -5.78802868 -5.94947333]]
[[-5.91116098  4.18447023 -5.93178958]]
[[-5.67748913 -5.76126439  4.00190909]]
[[ 4.16117654 -5.97681463 -5.60855237]]
[[-5.95022057 -5.9435525   4.41750437]]
[[-5.72193879  4.08605478 -5.97052424]]
[[ 3.8808669  -5.70262243 -5.85647368]]
[[-5.89113515 -5.91855517  4.39522801]]
[[-5.69249504  4.10856341 -5.91713989]]
[[-5.84155823  4.05491484 -5.64674075]]
[[-5.91936391  4.09813048 -5.61463237]]
[[ 4.09987392 -5.69422318 -5.97159549]]
[[-5.92135084 -5.8834739   4.22312364]]
[[-5.87400998 -5.79299968  4.17479153]]
[[ 4.00529665 -5.99682947 -5.53846443]]
[[-5.51710163  4.08822859 -5.99384584]]
[[ 4.23803777 -5.97147377 -5.68480481]]
[[ 4.38586876 -5.83807088 -5.96641584]]
[[-5.81481978 -5.97153463  4.33423956]]
[[-5.98375977 -5.93677826  4.33977025]]
[[-5.83676897 -5.89768103  4.27007604]]
[[-5.9802834  -5.9041928   4.44121967]]
[[ 4.04241919 -5.46321991 -5.99647953]]
[[-5.9348196   4.32402797 -5.80809012]]
[[ 4.12768636 -5.88921893 -5.65037593]]
[[-5.73211839 -5.73435013  3.90673502]]
[[ 3.97177213 -5.87583117 -5.5114636 ]]
[[-5.59030472 -5.86446841  4.01675138]]
[[ 4.28403365 -5.86945516 -5.97548804]]
[[-5.85656645 -5.89942732  4.01615759]]
[[-5.31431251 -5.93575596  3.82042513]]
[[-5.73296006  4.26362662 -5.94821085]]
[[-5.96664893  4.20030761 -5.8757686 ]]
[[-5.6648535   4.16007425 -5.95358688]]
[[-5.95875241 -5.92084164  4.17752502]]
[[ 4.31087875 -5.79843473 -5.97647673]]
[[-5.91596678  4.27844089 -5.77619655]]
[[-5.925699    4.19740224 -5.7602545 ]]
[[ 4.01936498 -5.79479978 -5.9150399 ]]
[[-5.92118763  4.30640525 -5.89462467]]
[[-5.97793465  4.06628646 -5.87570351]]
[[-5.82662017 -5.76860068  4.06084317]]
[[ 4.32140828 -5.80214    -5.96913062]]
[[ 4.07121326 -5.79300395 -5.90619263]]
[[-5.7383531  -5.93574362  4.13577169]]
[[ 3.93815093 -5.90414002 -5.84406013]]
[[-5.7658921  -5.9185144   4.11133141]]
[[-5.65773426 -5.76581611  3.89295421]]
[[-5.839982   -5.99726461  4.08982034]]
[[ 3.98492368 -5.9463812  -5.9865085 ]]
[[-5.93019469  3.9449356  -5.4320597 ]]
[[-5.75198332 -5.91552413  4.11712761]]
[[ 4.09396754 -5.97706868 -5.99115967]]
[[-5.99126066 -5.60601178  4.17566802]]
[[-5.74525403 -5.87633466  4.08215712]]
[[ 4.13306762 -5.99300317 -5.76909117]]
[[ 3.91928146 -5.97284062 -5.500781  ]]
[[-5.88188849 -5.95262434  4.39305992]]
[[ 4.33683735 -5.89291502 -5.957193  ]]
[[-5.89560254  4.4465172  -5.96281159]]
[[ 4.28445912 -5.90503946 -5.83155616]]
[[-5.79458003  4.19914269 -5.90254233]]
[[ 4.23394463 -5.99455986 -5.83828898]]
[[-5.88333896 -5.97632897  4.34549129]]
[[-5.98110584 -5.93793553  4.50175324]]
[[ 4.31213565 -5.81925266 -5.92914139]]
[[-5.89186715 -5.84792953  4.28854444]]
[[ 4.21912698 -5.7593147  -5.88466178]]
[[-5.80385668 -5.98518518  3.99437762]]
[[ 4.12613572 -5.98699856 -5.78563516]]
[[-5.88471204 -5.68181731  4.1408212 ]]
[[ 3.90206634 -5.88859419 -5.69419425]]
[[-5.98195289  4.07282625 -5.71393517]]
[[-5.97214094  4.08113326 -5.5741837 ]]
[[-5.90812499 -5.97921007  4.26073605]]
[[-5.87687555 -5.96745785  4.24190881]]
[[-5.96026399  4.30202871 -5.83132179]]
[[ 4.16772042 -5.72072625 -5.99324545]]
[[-5.93488691 -5.88691145  4.01507882]]
[[ 4.09349336 -5.59113725 -5.95637696]]
[[-5.75602992  4.10350486 -5.99054177]]
[[ 4.04374795 -5.94762737 -5.71004659]]
[[-5.82609073 -5.98128021  4.32487758]]
[[-5.6510406   4.14568246 -5.9824992 ]]
[[-5.88925847  4.14590297 -5.75467429]]
[[-5.88828268 -5.94702094  4.31054436]]
[[ 4.20481956 -5.84894939 -5.98143483]]
[[-5.80114044 -5.62991376  4.00938839]]
[[-5.80902753 -5.52541097  3.91525509]]
[[-5.94814898  3.99033245 -5.48133208]]
[[-5.89942515 -5.92825787  3.9160969 ]]
[[-5.95362905 -5.95700411  4.487089  ]]
[[ 4.10945363 -5.5802415  -5.98251366]]
[[ 4.32304814 -5.98160627 -5.87684821]]
[[ 4.11363686 -5.83736482 -5.83597784]]
[[-5.69517779 -5.98585862  4.14466914]]
[[-5.62118303 -5.66906182  3.87814258]]
[[-5.96019073 -5.9124035   4.41588084]]
[[-5.91866333 -5.99017359  4.41011574]]
[[-5.92698865 -5.76210655  4.23720931]]
[[-5.90081832  4.36313951 -5.93634618]]
[[-5.99658837 -5.77796085  4.28462852]]
[[ 4.31487895 -5.94696226 -5.92757808]]
[[ 3.99255782 -5.5169997  -5.906151  ]]
[[-5.91173175  4.13921481 -5.96330862]]
[[ 4.46662502 -5.96981853 -5.98163338]]
[[-5.90467607  4.39993764 -5.92152989]]
[[ 4.26706119 -5.89996768 -5.89867746]]
[[-5.91433576  3.90721967 -5.7678507 ]]
[[ 4.20742324 -5.94283496 -5.8069843 ]]
[[-5.60837126  4.0778779  -5.91271626]]
[[ 3.91021177 -5.80131379 -5.65361348]]
[[ 4.11790261 -5.63867339 -5.90766958]]
[[-5.99607431 -5.91313838  4.19062322]]
[[-5.53375925  3.97707062 -5.87694561]]
[[-5.98867209 -5.98133051  4.46770229]]
[[-5.88465729  4.20926052 -5.82677678]]
[[-5.68276785 -5.89897704  4.07675746]]
[[-5.89259755 -5.88437593  4.23600037]]
[[ 4.23598445 -5.76255757 -5.99734293]]
