[[-5.81986436 -5.71475142  4.03366717]]
[[-5.86390912 -5.94086577  4.09948329]]
[[-5.80839106 -5.72708237  3.96371718]]
[[-5.74544628 -5.98263996  4.17649632]]
[[ 4.04241785 -5.89628894 -5.63566035]]
[[-5.96663501 -5.43487404  3.95088329]]
[[ 4.24108269 -5.8258866  -5.98534497]]
[[-5.92751353 -5.81651544  4.27676331]]
[[-5.94267146 -5.78481885  4.02483945]]
[[ 3.90174379 -5.71649985 -5.68730655]]
[[-5.73602665  3.97926698 -5.88952109]]
[[-5.97572313  4.36764126 -5.931124  ]]
[[ 4.11609095 -5.97733498 -5.9061629 ]]
[[-5.8252019  -5.81729321  3.91019344]]
[[-5.42422465  3.90611994 -5.99472851]]
[[-5.80357782  4.17300973 -5.8824218 ]]
[[-5.92904124  4.28370005 -5.98565504]]
[[ 4.33879093 -5.9925565  -5.91236772]]
[[ 4.23619479 -5.83091394 -5.92599289]]
[[-5.89216106  3.98999466 -5.52137771]]
[[-5.92352432  4.08507453 -5.63649662]]
[[ 4.26983101 -5.97280145 -5.74073318]]
[[-5.71031687  4.11594699 -5.98560523]]
[[-5.87924737  3.89326649 -5.97449272]]
[[-5.96131407 -5.83480043  4.19765965]]
[[ 3.85650685 -5.69865012 -5.98057975]]
[[-5.98401119  3.97335381 -5.9565386 ]]
[[-5.69722515  4.11481804 -5.99803307]]
[[ 3.9988278  -5.85416566 -5.98073442]]
[[-5.69186693  3.87609007 -5.83899183]]
[[-5.99735676 -5.67717854  4.10262815]]
[[ 4.30185362 -5.91892895 -5.84101578]]
[[-5.95183814 -5.65723387  3.95389263]]
[[-5.98637497 -5.84596816  4.35440481]]
[[ 4.23992428 -5.93432298 -5.95678809]]
[[ 3.98630602 -5.7361381  -5.67026892]]
[[ 4.22684842 -5.85298557 -5.97817492]]
[[-5.87205423 -5.83207209  4.23659495]]
[[-5.87504592 -5.88632977  4.2009626 ]]
[[ 4.12860323 -5.69744727 -5.91592695]]
[[ 4.15913179 -5.83237767 -5.90217515]]
[[-5.87964634 -5.69441053  3.97812406]]
[[ 4.08344636 -5.890498   -5.92568013]]
[[-5.90533844 -5.96281459  4.42689122]]
[[-5.73762778 -5.97979313  3.96013911]]
[[ 4.15022376 -5.94405053 -5.80146259]]
[[ 4.31217431 -5.98239042 -5.8277496 ]]
[[-5.77389103 -5.92242755  3.98308958]]
[[-5.93419861 -5.82234915  4.18815105]]
[[-5.85026754 -5.80536155  3.93141105]]
[[-5.92867024  4.43288593 -5.99792782]]
[[-5.76164013  4.0629831  -5.71641618]]
[[-5.86942036  4.3745476  -5.99640839]]
[[-5.83326289 -5.62935931  3.93658316]]
[[ 4.12177876 -5.983353   -5.81130899]]
[[-5.95009704  4.05400356 -5.86509311]]
[[-5.82922629  3.91527394 -5.78704478]]
[[-5.84887421  4.2825968  -5.94759674]]
[[-5.76971751  4.12161608 -5.95905453]]
[[-5.95005088  4.19505191 -5.65728943]]
[[-5.87177239  4.20113323 -5.86635567]]
[[ 4.05083675 -5.65756996 -5.9241634 ]]
[[-5.7626594  -5.95676763  4.1899222 ]]
[[-5.98411483 -5.98497122  4.25171015]]
[[-5.81000666  4.05004788 -5.75850607]]
[[-5.77080893 -5.80022002  4.05009732]]
[[ 3.96033813 -5.78346119 -5.63003471]]
[[-5.89465809 -5.95203146  4.04748063]]
[[-5.98986665  4.05339573 -5.8924859 ]]
[[-5.91519887  4.17326811 -5.97467936]]
[[-5.99671776 -5.89404479  4.36154701]]
[[-5.9088407  -5.85677017  4.04155858]]
[[-5.94830962 -5.888718    4.15614899]]
[[-5.87482261  4.24584081 -5.88501637]]
[[-5.98961905 -5.89685622  4.39528532]]
[[-5.84951303 -5.89946805  4.31692687]]
[[ 3.93283568 -5.90601648 -5.59986744]]
[[-5.84493944  4.30099986 -5.91193016]]
[[ 4.16049757 -5.66971966 -5.96674348]]
[[-5.84757859  4.20581286 -5.99191721]]
[[ 4.2632099  -5.73748828 -5.98549441]]
[[-5.95772533  4.18115248 -5.71314749]]
[[-5.9450594   4.43794549 -5.98907945]]
[[-5.69283207  4.10674027 -5.97032703]]
[[ 3.9956712  -5.82794884 -5.94932736]]
[[-5.94569276 -5.68190081  4.07800104]]
[[-5.77063393  3.83832779 -5.68562624]]
[[-5.78093176  4.08123514 -5.84653395]]
[[ 4.0048333  -5.61935861 -5.89599396]]
[[-5.69043975 -5.81063499  4.04687278]]
[[-5.91289108  4.15168821 -5.89384178]]
[[ 4.31243467 -5.87791131 -5.86951307]]
[[ 3.9003612  -5.80545178 -5.90033214]]
[[-5.99961992 -5.88333585  4.36076312]]
[[ 4.18706683 -5.72312741 -5.97556347]]
[[-5.94848975 -5.93356943  4.43590745]]
[[ 3.94758089 -5.80957907 -5.6624258 ]]
[[ 4.13584906 -5.96323728 -5.77141291]]
[[ 4.05188191 -5.7984831  -5.77153377]]
[[ 4.23743742 -5.7852655  -5.95170198]]
[[-5.73954918 -5.93918125  4.18113043]]
[[-5.96808897 -5.90841098  3.9171792 ]]
[[-5.93172354  4.02244043 -5.95451129]]
[[ 4.23575165 -5.94907737 -5.74972994]]
[[-5.84168199 -5.44190329  3.85318539]]
[[-5.96159163 -5.96761901  4.49189289]]
[[-5.88669937  4.42625896 -5.96840473]]
[[-5.73218504 -5.80965917  4.07116682]]
[[ 4.05209652 -5.81952893 -5.9410775 ]]
[[-5.98588815  4.33271728 -5.91690067]]
[[-5.83047638 -5.84238027  4.15935213]]
[[-5.67208646 -5.86079366  3.88571837]]
[[-5.97174507 -5.83733211  4.32941083]]
[[-5.86016301  4.04799649 -5.91995824]]
[[-5.9094702   3.84855397 -5.8859057 ]]
[[ 4.21934658 -5.92340556 -5.72348946]]
[[-5.74258737  4.1774026  -5.8779563 ]]
[[-5.97590111  4.22916045 -5.95414534]]
[[ 3.95316222 -5.95625838 -5.69224879]]
[[ 4.04216184 -5.84205143 -5.68021524]]
[[-5.73607482 -5.7740805   3.9631964 ]]
[[-5.93941973 -5.89635975  4.17370807]]
[[-5.73031269 -5.85761389  4.17687176]]
[[-5.9667926   4.02214055 -5.5503632 ]]
[[ 3.97307184 -5.99343474 -5.52298396]]
[[-5.96698246  4.12522947 -5.79140678]]
[[ 3.84009352 -5.96126393 -5.98746495]]
[[-5.50820562  3.95654021 -5.91697177]]
[[-5.9995827   4.07390874 -5.90184375]]
[[-5.89397267 -5.88982844  4.04644038]]
[[ 3.95441606 -5.77380031 -5.83703385]]
[[ 3.93777258 -5.5010232  -5.98492643]]
[[-5.67155024  4.12196186 -5.93867515]]
[[ 4.04352016 -5.82534403 -5.73320308]]
[[ 4.1777493  -5.8195348  -5.85058478]]
[[ 4.25399859 -5.91882343 -5.96751684]]
[[-5.87033443  4.18229046 -5.88638044]]
[[-5.97384644  3.93990938 -5.62793874]]
[[ 4.01319254 -5.97506598 -5.85484154]]
[[-5.97985425  4.26912892 -5.9357407 ]]
[[ 4.16654426 -5.70285555 -5.98216414]]
[[ 4.44915061 -5.92215668 -5.98210481]]
[[-5.75467211  4.07501681 -5.79590369]]
[[-5.75735155 -5.96672212  4.05391744]]
[[ 4.25387952 -5.9737334  -5.8723809 ]]
[[-5.46849319 -5.99974074  3.93831234]]
[[ 4.20211484 -5.95311061 -5.76518474]]
[[-5.97404486 -5.93824791  4.15087102]]
[[ 4.07052742 -5.94534463 -5.59181875]]
[[-5.91861966  4.31877986 -5.83207448]]
[[-5.92099878  4.03085766 -5.69408087]]
[[-5.81908496  4.22107861 -5.89161665]]
[[ 4.2084137  -5.84690515 -5.8615124 ]]
[[-5.99497864 -5.94662492  4.39959379]]
[[-5.97198772 -5.67661453  4.22136875]]
[[ 3.96858542 -5.92282107 -5.89212945]]
[[-5.87432731  4.23139131 -5.99440066]]
[[-5.84591256  4.21926374 -5.80739138]]
[[-5.6348072  -5.76109204  3.93843662]]
[[ 4.48338884 -5.97322732 -5.95110316]]
[[ 3.86039029 -5.94988369 -5.37874293]]
[[ 4.33743535 -5.90178785 -5.90896302]]
[[-5.99798958  4.42871786 -5.92886511]]
[[-5.80936487  4.18637114 -5.9903327 ]]
[[ 4.28123315 -5.88185556 -5.88819461]]
[[-5.89627143  4.38295195 -5.94931763]]
