[[-5.67230154 -5.81723205  4.03125234]]
[[-5.79956191  4.06177746 -5.84980286]]
[[ 3.88559571 -5.49060378 -5.9567558 ]]
[[ 4.06248357 -5.69936148 -5.86862049]]
[[-5.97451678  4.312283   -5.93982959]]
[[-5.81571749 -5.84655546  3.98863119]]
[[ 4.18584039 -5.92900283 -5.68760992]]
[[-5.9649956  -5.56132366  4.03450127]]
[[ 3.97395601 -5.71620463 -5.94279628]]
[[-5.73880808 -5.87020358  3.96092565]]
[[-5.84755335  3.99359713 -5.58976742]]
[[ 4.05133411 -5.70796259 -5.82035092]]
[[-5.71141194 -5.75587977  4.02682581]]
[[-5.86366776  4.03963065 -5.64004732]]
[[-5.69727759  4.01785591 -5.809425  ]]
[[-5.97953718 -5.72203522  4.17304305]]
[[-5.93581521 -5.91808061  4.21300187]]
[[-5.89154116 -5.95844393  4.01858901]]
[[-5.88691102  4.07147168 -5.85650634]]
[[-5.80819669 -5.99469496  4.26081723]]
[[-5.95109655 -5.87192917  4.29308493]]
[[ 4.25448178 -5.97656507 -5.89859257]]
[[-5.93574678 -5.7006837   4.01688779]]
[[ 4.33282751 -5.86870677 -5.95348443]]
[[-5.92084153  4.28060128 -5.92320479]]
[[-5.98505576  4.35030957 -5.80316384]]
[[ 4.25940099 -5.78022521 -5.92323095]]
[[-5.82406721  4.02399919 -5.67762238]]
[[ 4.21958414 -5.76578978 -5.88604712]]
[[-5.82243481 -5.89600547  4.23563254]]
[[-5.93764106 -5.99589863  4.45450821]]
[[-5.78352519  4.28231016 -5.92881358]]
[[-5.99468359 -5.9255739   4.28277767]]
[[ 4.14851505 -5.99171879 -5.96545933]]
[[ 4.01600924 -5.69481974 -5.90378596]]
[[-5.75952588 -5.94861999  4.08258223]]
[[ 4.29955275 -5.96055999 -5.7654866 ]]
[[ 3.9369794  -5.96177017 -5.7872595 ]]
[[-5.67928851  4.02388514 -5.87539586]]
[[-5.74695018 -5.93219268  4.05924369]]
[[ 4.31871992 -5.99034146 -5.74624539]]
[[-5.98703525 -5.98133908  4.42529755]]
[[-5.92328309  3.89690782 -5.88807966]]
[[-5.93679294  4.39997369 -5.89808383]]
[[-5.76545931 -5.96426     4.26747604]]
[[-5.92143362  4.29530343 -5.91292495]]
[[ 4.0250568  -5.88245547 -5.76783184]]
[[ 4.12754342 -5.87669473 -5.81101447]]
[[-5.80673501  4.20786819 -5.94357078]]
[[-5.96478084  4.21539796 -5.72585134]]
[[-5.92061487  4.20061716 -5.86186496]]
[[ 4.33458614 -5.93948345 -5.82213087]]
[[ 3.92465115 -5.64393917 -5.86567781]]
[[-5.8911063  -5.93021963  4.40981583]]
[[ 4.38631655 -5.89082927 -5.99527367]]
[[-5.98845751 -5.84365749  4.36674621]]
[[ 4.26282699 -5.84643469 -5.94015239]]
[[ 4.17896566 -5.98069736 -5.95035696]]
[[-5.82445923  4.04411475 -5.67805542]]
[[-5.96072888  4.16027817 -5.76271948]]
[[-5.88332754  4.00493443 -5.90971324]]
[[-5.69512294  3.90432775 -5.86470358]]
[[-5.94636418  4.20326303 -5.92034765]]
[[-5.80381728 -5.97104975  4.31291773]]
[[-5.97297409  4.19143027 -5.67770626]]
[[-5.94226551  4.18146817 -5.97148413]]
[[ 4.2172924  -5.77612602 -5.93851781]]
[[ 4.05947106 -5.58922273 -5.99351034]]
[[-5.86042682  4.16641935 -5.965164  ]]
[[ 4.14105959 -5.91762844 -5.67781725]]
[[ 4.02451083 -5.99923097 -5.5109979 ]]
[[-5.88282852 -5.98715641  4.44476158]]
[[ 4.099958   -5.97539659 -5.82811665]]
[[-5.77053022  4.06208717 -5.72110142]]
[[ 4.02330802 -5.93967819 -5.69316717]]
[[ 4.24762796 -5.73385759 -5.94662481]]
[[-5.70686212 -5.9335441   4.15851514]]
[[-5.94095738  4.21047092 -5.71867453]]
[[-5.95163025  4.2986483  -5.98356618]]
[[ 4.22685931 -5.95889546 -5.85521175]]
[[-5.79156758  4.17867492 -5.97628396]]
[[-5.58779124  3.98716618 -5.99410828]]
[[-5.88601623  4.19952862 -5.89509151]]
[[ 4.13277721 -5.97464242 -5.74596666]]
[[ 4.25841766 -5.90225421 -5.96564537]]
[[-5.96513065  3.83851856 -5.70850459]]
[[-5.89770035  4.27194361 -5.81056681]]
[[-5.89670349  4.34100166 -5.98110625]]
[[ 4.18404292 -5.97215865 -5.73521412]]
[[-5.66235634  4.17695862 -5.94086787]]
[[ 4.30261848 -5.92969965 -5.88760479]]
[[ 4.42253032 -5.85533556 -5.99472012]]
[[-5.91795956 -5.66432062  4.09920387]]
[[ 3.90431204 -5.83688133 -5.75286904]]
[[-5.68706679  4.04614635 -5.86647897]]
[[-5.97909847 -5.85164769  4.28361816]]
[[ 4.33217445 -5.95981679 -5.98931069]]
[[-5.79368999  4.1214698  -5.89831737]]
[[-5.84978725  4.1775225  -5.7970038 ]]
[[-5.81977056 -5.97341558  4.23578962]]
[[ 4.1211316  -5.95084779 -5.82428594]]
[[-5.97124162  4.20971709 -5.80869338]]
[[ 4.04706013 -5.90629911 -5.57705641]]
[[-5.96777312 -5.97783432  4.33215387]]
[[-5.92782109 -5.96925473  4.39391198]]
[[ 4.1582436  -5.97581061 -5.89878813]]
[[-5.8362524   4.16539411 -5.8097215 ]]
[[-5.62577648 -5.97742993  4.06760483]]
[[-5.95221986  4.40392663 -5.92832901]]
[[ 4.25563903 -5.79512141 -5.9296542 ]]
[[-5.88016446  3.98198955 -5.60992392]]
[[ 4.04426706 -5.96656151 -5.89869241]]
[[ 4.07522372 -5.8152003  -5.68509263]]
[[-5.97625237 -5.83049022  3.89549942]]
[[ 4.0554711  -5.64361366 -5.9017975 ]]
[[-5.72043473 -5.89309751  4.13845119]]
[[ 4.13549849 -5.85148138 -5.84420531]]
[[-5.90700004  4.30058541 -5.84616282]]
[[ 4.25527539 -5.96514447 -5.783614  ]]
[[-5.80404858  4.34435972 -5.99312023]]
[[ 4.15412425 -5.76686946 -5.98641969]]
[[ 4.10932256 -5.76831408 -5.94964862]]
[[-5.98423793  4.45343713 -5.98102282]]
[[ 4.39239177 -5.89334903 -5.9499309 ]]
[[-5.96198166 -5.94770281  4.35283159]]
[[-5.9249837   4.37845182 -5.98883588]]
[[-5.90028877 -5.92311525  4.41003096]]
[[-5.84923657  4.2022697  -5.87943853]]
[[ 4.24440324 -5.98776836 -5.75212727]]
[[ 4.20478728 -5.96968488 -5.668564  ]]
[[ 4.25623791 -5.8946519  -5.82305877]]
[[-5.95375667 -5.88128957  4.38129287]]
[[-5.98897571 -5.82322705  4.04193245]]
[[-5.92905794  3.90322961 -5.47261128]]
[[-5.75558225  4.13375095 -5.92814364]]
[[-5.87466509 -5.91231471  4.28928953]]
[[-5.95769922 -5.64025054  4.06964931]]
[[ 4.1734643  -5.73021965 -5.87685522]]
[[-5.92970894 -5.80345067  4.11522738]]
[[-5.57972664 -5.95316608  4.00409771]]
[[-5.55387504 -5.99511026  4.1234769 ]]
[[-5.75125746 -5.89227264  4.03205281]]
[[ 4.17416471 -5.87363194 -5.97573194]]
[[-5.9593941   4.28849893 -5.91603155]]
[[ 4.12171937 -5.9635976  -5.99690733]]
[[-5.96171698  4.10494098 -5.65021798]]
[[-5.58381765  4.07856785 -5.9232065 ]]
[[ 3.88346544 -5.8580723  -5.79679032]]
[[-5.93504306 -5.84706225  4.21325405]]
[[-5.76910402 -5.76084692  3.9882905 ]]
[[-5.96099179 -5.69310678  4.1686552 ]]
[[-5.76107192 -5.71860596  4.02688077]]
[[-5.9671033  -5.85871204  4.3538784 ]]
[[-5.961204   -5.70314383  4.23632159]]
[[-5.88023337 -5.83084966  4.06936849]]
[[-5.94827916 -5.98178532  4.29143362]]
[[-5.76550061  4.02965001 -5.98119945]]
[[ 4.09397674 -5.94640116 -5.81371786]]
[[-5.84407612  4.24276494 -5.87858407]]
[[ 4.13423685 -5.72578659 -5.87235097]]
[[-5.88284328  4.23894753 -5.99289174]]
[[-5.85270546  4.14481959 -5.72583961]]
[[-5.96765551  3.93052036 -5.6872296 ]]
[[ 4.41196867 -5.97404186 -5.98953295]]
