[[ 4.35727223 -5.29939739 -3.79857445]
 [-1.18435555 -1.9650199   0.7495771 ]]
[[-4.44083944  5.98808388 -5.9531798 ]
 [-5.58518775 -2.58562383  1.72930909]]
[[-4.79161288 -4.48964557  3.34719033]
 [ 1.27196062  0.14950749  2.71329002]]
[[-5.63174276 -4.44553422  4.21488494]
 [ 1.07862674  0.48394918  0.4266306 ]]
[[-5.62429818 -5.64517183  5.79894204]
 [-4.79028042  2.45967305 -0.37701406]]
[[ 5.33805616 -5.12406577 -5.99388316]
 [ 3.56520914  0.99211604  1.66022495]]
[[-5.17033597  5.58279193 -5.25138399]
 [ 2.02656772  4.52948959  0.37545472]]
[[-5.70024161 -5.32259327  3.1697178 ]
 [-0.08334341  1.15114243  1.1249882 ]]
[[-5.96128607 -5.42604151  3.98017026]
 [ 0.91858508 -0.88336184 -0.06676852]]
[[ 5.27817842 -5.48997562 -4.32229189]
 [ 0.14567063  2.21164429 -0.60985771]]
[[-5.94830127 -4.3987945   4.51287346]
 [ 3.32525888 -0.38625227  1.19456035]]
[[-5.25515824  4.51704442 -5.40417193]
 [ 0.94826944  2.80823966  2.38047886]]
[[-4.78516695  3.47927965 -5.58872826]
 [ 0.70517803  3.45494981  1.97951619]]
[[ 5.45036687 -5.94758992 -5.21090697]
 [-1.55094699  1.22340672 -3.20483352]]
[[-4.17240966 -4.96959095  4.76500195]
 [-1.9218379   0.68441175 -2.0019264 ]]
[[-3.70242466  4.18712626 -5.90178242]
 [ 0.55726482  0.24207897 -0.41417072]]
[[-3.70960427 -4.11422117  4.20043613]
 [-0.56656112 -0.05590771 -1.36770201]]
[[ 5.19653682 -4.66018486 -4.89865659]
 [ 0.5930509  -0.03189965  2.0382906 ]]
[[-5.94280166 -4.19291975  3.80594035]
 [ 1.48669166  0.29474019  5.51735628]]
[[-4.10456361 -5.68239163  4.56508526]
 [ 1.31344995  0.50004571 -0.80215567]]
[[-2.78997856 -4.69914886  5.98295344]
 [-1.02343969  1.38117819 -0.13510245]]
[[-2.39956835  4.627446   -5.83288996]
 [-0.75358065 -1.30130213  2.53916841]]
[[-3.6367107  -3.9554752   5.73138255]
 [ 0.06810878  0.81185345 -1.91542611]]
[[-5.8582941  -3.29431338  5.29525116]
 [ 1.37853703 -2.54239339 -2.60552243]]
[[ 2.82309261 -5.73922498 -5.24307882]
 [ 2.56259589  1.52248119  1.95383247]]
[[-5.85992457  4.77391943 -2.69101968]
 [ 2.75012775 -2.01984541 -3.87098009]]
[[ 3.29795983 -3.98138602 -5.16123731]
 [ 2.51977617 -0.24459827  2.44776477]]
[[ 5.33406204 -4.78855926 -5.99199201]
 [ 2.91510594  2.07652545  0.09806223]]
[[-5.01415793  4.60270117 -5.03026842]
 [ 1.07536004 -1.1689647  -2.06390275]]
[[-5.76094515  5.66454393 -4.42564473]
 [ 0.42980743 -1.38312746  1.54419402]]
[[ 2.58708991 -4.99396712 -5.83786005]
 [ 5.72133038  0.67876404  3.30804856]]
[[ 4.71588683 -4.77374016 -5.5772869 ]
 [ 0.55348959 -0.03227925  1.63774979]]
[[-4.52175773  4.22700672 -4.65669351]
 [-2.00616825 -1.11793458  1.30616581]]
[[-5.2563261  -5.11554634  5.37873084]
 [ 2.55229452 -4.82130101 -0.86749582]]
[[ 2.17307866 -5.56059267 -5.70399584]
 [ 0.83858197 -1.07748701  2.26302616]]
[[-4.66880066 -5.55593219  4.97908197]
 [-0.26858169  2.51608033  5.22992086]]
[[-5.79968986 -5.56014739  2.96609769]
 [ 1.19682118  0.98352892  0.52303938]]
[[-5.82152434 -4.61530414  2.30383194]
 [ 2.46809732  1.5062497   5.27578515]]
[[-4.84681107 -5.68017595  3.82083938]
 [-0.33501378  1.44163798 -0.54445761]]
[[-5.26047161 -5.57418921  5.22996725]
 [ 1.28356055  1.18678797  4.53688349]]
[[-5.79382687  4.80709847 -5.32345066]
 [-1.74187853 -1.26515179  2.40137907]]
[[-5.87786335  5.08761814 -2.51295953]
 [ 1.43457405 -2.06029162 -2.86132857]]
[[-5.66927439 -5.09090622  4.9486442 ]
 [ 0.618147    0.79956292  4.08759846]]
[[-5.79021759  3.06011182 -5.68112344]
 [ 3.25878838  5.18398948 -0.12070808]]
[[-4.88069842  2.67740036 -4.75318695]
 [ 0.54272593  1.1105851   1.17744908]]
[[ 5.07040274 -3.66325063 -5.33003704]
 [-1.1272107   0.61440189 -0.83177872]]
[[ 5.54967107 -5.98674741 -5.09809944]
 [-0.99932833  3.37919757 -4.18919454]]
[[-5.9834225   4.62407342 -5.72388518]
 [-0.82207749  1.54786306  2.64424168]]
[[ 4.63587911 -5.79631205 -4.65053017]
 [-0.91396688  1.08224433  0.20058773]]
[[-4.19091557 -5.77887528  4.16968931]
 [-5.48057087  1.96015997 -0.97542249]]
[[ 3.82900786 -5.49762853 -5.8098818 ]
 [-0.78895897 -3.32689525  2.47174237]]
[[-3.14264066  4.64449071 -5.47268582]
 [-0.50903779 -0.66230105  0.99520787]]
[[-5.2866075  -4.29694171  4.26889141]
 [ 2.03828845 -0.53338678  1.59743519]]
[[-5.21001739 -5.19200883  5.94180233]
 [-0.18173959  0.86009053 -0.28173908]]
[[-4.8381329  -5.71890033  1.99842533]
 [ 1.45457594  2.83142386  5.88175382]]
[[-4.60057225 -5.64286628  4.10089884]
 [-0.03069098  1.52912046  2.21527081]]
[[-5.01430146  5.60539262 -5.11620057]
 [ 1.07893764  1.03066277  2.58214499]]
[[-5.80131627 -5.98432312  5.36465433]
 [ 1.0443936   0.31778837  2.68064494]]
[[-5.4279811   4.69691015 -4.86952222]
 [ 1.11623089 -1.51615298 -2.46920928]]
[[-4.3699186   5.84483121 -5.54678074]
 [-0.35464817  0.10683214  1.33245918]]
[[-5.92333488 -5.13354882  4.84016169]
 [ 2.45555886 -2.874064   -0.84201866]]
[[ 3.90142811 -5.4535072  -4.5645522 ]
 [ 2.66793088  1.76127902  0.48702275]]
[[-2.72835341 -5.95227878  4.69258932]
 [-0.9911414   1.13540641 -0.22708726]]
[[-5.54908545 -4.42982845  5.57466494]
 [ 1.04617162  0.4036688   0.33922821]]
[[-3.84429552  4.49745427 -5.87563602]
 [-0.0745312   0.35991546  0.57857628]]
[[-5.76305575 -5.5882881   5.76707611]
 [ 0.78424382 -0.28667121  0.08208357]]
[[-5.92771536 -3.9221065   5.99114629]
 [ 2.20448244 -4.30932337 -1.85000552]]
[[-2.2058378  -5.38302121  4.8660216 ]
 [-4.6542502   0.82143984 -2.85800118]]
[[-4.95790115 -4.77910888  5.6635268 ]
 [-1.89124326  1.48480562 -0.79549436]]
[[-5.36652133  5.40306838 -5.80793498]
 [-1.95486495 -0.80801553  2.81290498]]
[[-5.13836221  4.24257248 -5.76124745]
 [ 1.62198041 -0.77109207  2.01987973]]
[[ 5.68005399 -4.56411077 -5.20665937]
 [ 0.66530637  0.98125354  0.35645407]]
[[-5.65340796 -5.61089386  5.88248484]
 [-0.52918263  0.95571311 -1.97151195]]
[[ 5.78915253 -3.33867984 -5.32983634]
 [-1.97472074 -1.89144433  1.05071206]]
[[ 3.89904873 -4.92731189 -5.71514715]
 [-0.50424884  1.53010401 -1.26985409]]
[[ 4.32375797 -5.92958302 -2.74198248]
 [-1.05708758  2.01198499 -5.51092052]]
[[ 3.31411346 -3.0226157  -4.63949539]
 [ 0.86371373  0.00711228  0.95646589]]
[[-4.84871651  2.2927291  -4.68838104]
 [ 0.06606273  3.09789861  1.45080452]]
[[-4.08951474 -2.30295295  5.54333545]
 [-0.27095867 -0.59047451 -2.58190417]]
[[ 5.96408681 -5.68446508 -4.83135949]
 [-3.22490762 -0.97891904  0.55854867]]
[[-5.1435119  -4.9780529   4.16950396]
 [ 1.45231339 -5.89923573 -1.2553144 ]]
[[ 4.00180285 -3.71289926 -5.14286336]
 [-0.59819479 -0.98898581  1.15887055]]
[[-4.29097851  5.71305189 -5.71533512]
 [ 1.53474599  4.87677866  1.30855591]]
[[-5.38152579  3.54596526 -4.86851165]
 [-1.67764926 -0.43023698  1.5638541 ]]
[[-4.7091447   5.88451558 -5.96621689]
 [ 0.45913121 -0.68793836  1.73151944]]
[[-5.21632437  4.52437228 -4.16310356]
 [ 2.1673423   4.68101325 -0.01661019]]
[[ 4.85929276 -5.97619879 -4.52561964]
 [ 4.6345279   0.15413408  1.55687756]]
[[-5.95074498 -3.72120947  3.93800916]
 [ 1.91199447 -1.95360049 -0.01746842]]
[[ 3.44637866 -5.28831308 -5.20616041]
 [ 1.60513508  2.31595303  1.48228362]]
[[-5.62163971 -5.28112077  3.51558672]
 [ 1.98197938 -0.80446476  0.23456784]]
[[-4.52990585 -5.05704404  4.48417358]
 [ 1.24914451  1.76469946  3.99223811]]
[[-5.16451392  5.60750447 -5.29192901]
 [ 2.03650479 -1.19940282 -3.42128149]]
[[-5.59260768  3.9425866  -5.40535257]
 [-0.54537192  0.03824102  2.05212259]]
[[ 4.03565083 -5.67193141 -4.60178544]
 [ 3.5435312   1.17576043  0.32788804]]
[[-4.65820591 -4.53265402  5.98658331]
 [-1.15166185  0.67831647 -1.39243486]]
[[-4.87963821  5.7544588  -5.6142114 ]
 [-0.06513119  1.39809265  1.72027915]]
[[ 4.9638959  -5.73273077 -5.79565207]
 [ 1.95664887  1.45676815  0.09582652]]
[[-4.60656865  5.70720391 -5.18511214]
 [-0.41365678 -0.51874194  0.75770993]]
[[-5.68502636  5.22811499 -5.2038803 ]
 [ 0.67325026 -0.67851927  0.35179098]]
[[-4.74781102 -5.31234359  5.82230504]
 [-4.52830927  0.99648378 -1.55992669]]
[[-5.22796684  4.28094133 -4.23243752]
 [-0.30817327 -0.91773325  0.1924828 ]]
[[-5.94253353 -4.76264602  3.61822763]
 [ 3.24880064 -0.06812583  5.25627393]]
[[-3.84598894 -5.94443043  5.93226532]
 [-0.65704073  2.28816503  0.24497161]]
[[ 4.60700498 -4.87539245 -5.59480717]
 [ 5.09259169 -0.06619883  2.41920049]]
[[ 3.83416992 -5.589502   -5.04610006]
 [ 4.09908904  1.34068833  2.24638054]]
[[ 4.71197458 -5.56925243 -4.68576881]
 [-0.50048387  0.45110822 -0.06389935]]
[[ 2.92231447 -5.53352619 -3.38518052]
 [-0.56833527  1.21695823 -1.42524536]]
[[ 5.27187115 -4.85637715 -4.29715305]
 [ 1.2120769   0.92829081  0.48975125]]
[[-4.5923582  -5.36271913  2.45899698]
 [ 1.52636573  1.38957593  1.85280381]]
[[-5.37704611 -3.36426957  4.23608941]
 [ 0.81042441 -1.96142837 -1.32348651]]
[[-5.50995113 -3.35085607  4.97170312]
 [-0.18682602 -0.03876191 -2.32481383]]
[[ 5.24613037 -4.95510245 -5.66226856]
 [-2.28740811 -0.40105788  1.87351646]]
[[ 5.2911246  -4.93894775 -5.88738757]
 [ 5.39601281  0.20365547  1.41780659]]
[[-2.88282709 -5.21228112  4.43087806]
 [-1.98575418  2.23019576  0.04357314]]
[[-5.5730315   5.67681573 -4.7666062 ]
 [ 2.11941497 -2.24905674 -3.41538542]]
[[-4.89688935 -4.11417934  4.45018018]
 [-0.14100537 -0.03698882 -0.15783872]]
[[-5.42035585  4.59116089 -4.84654705]
 [ 0.81644215 -0.65075379 -0.61508743]]
[[-5.65841816 -3.12298404  5.54899835]
 [ 2.75770057 -5.45858288 -1.55593685]]
[[-5.97378182  3.20235097 -5.20923038]
 [ 1.1298963   2.69657272  0.79256094]]
[[-5.68603971 -5.36154648  4.40065273]
 [ 0.89388722  0.43371061  3.82685155]]
[[ 5.99396847 -4.94242567 -5.46152264]
 [-1.01134776  0.48554689  0.09386722]]
[[ 4.49151959 -5.03656724 -5.96627221]
 [ 2.91301064  0.15726786  2.16079916]]
[[ 3.11732288 -5.80770832 -5.54948369]
 [ 4.9672983   1.22316842  1.94413365]]
[[-5.85095224  4.64220244 -5.08482933]
 [ 0.370404    0.80761532  0.37313552]]
[[ 5.93177297 -4.00518148 -5.72253391]
 [ 0.5092642   0.22809305  0.13964072]]
[[-2.62917809 -5.01765091  5.15584772]
 [ 0.11120492  0.47536701 -0.96461016]]
[[-5.73028381  5.70671798 -5.12415272]
 [-0.10770114  3.40080632  2.01330143]]
[[-3.46290193e+00 -5.94605083e+00  4.77610492e+00]
 [ 4.11594730e-03  1.63356792e+00  2.15225956e+00]]
[[-4.21279495 -5.64494053  5.01228185]
 [ 0.08766283 -0.17026436 -0.3043202 ]]
[[-5.20906018  3.45592377 -5.93976248]
 [-0.2553039   3.58187233  2.0444043 ]]
[[-4.94684638 -3.50192551  5.72360374]
 [ 1.27305175 -3.11980431 -1.29853852]]
[[ 3.64432386 -5.31578257 -3.08140473]
 [ 1.46730731  2.19312134 -0.57520017]]
[[-4.35083365  4.80425077 -5.64863109]
 [-1.09967848  0.29510964  2.34328159]]
[[-4.70637169  5.96860623 -2.71950685]
 [ 0.88227071 -2.84720313 -3.10050963]]
[[-4.94525569  4.60654807 -4.65047584]
 [-2.73084886 -2.04170153  1.50508463]]
[[-3.83597323 -5.33080829  5.58380059]
 [-0.36516945  1.2732165   0.97019146]]
[[-5.99115936  4.13254783 -5.21375667]
 [ 0.54225435  1.34083332  1.66896489]]
[[ 5.04221542 -5.43740065 -4.64260825]
 [ 0.64411498  1.56482021  0.76961505]]
[[-4.56588063 -4.685479    3.92315009]
 [ 0.917117    0.42115606  1.92498078]]
[[ 5.83053081 -5.76757444 -3.23598536]
 [-1.84624842  2.59890274 -1.64229782]]
[[-3.77090785  5.53008664 -5.4927538 ]
 [-1.23096012 -0.17782048  2.05450618]]
[[-5.88617064 -3.43241503  5.66904784]
 [ 2.38034512 -3.15886517 -2.99047103]]
[[-4.69435162 -5.8243949   3.61614475]
 [ 2.02814404  0.34506388  2.28549121]]
[[ 4.45897802 -5.47046552 -4.78280662]
 [ 1.325057    1.13499751  1.60054152]]
[[ 5.42891221 -3.7040167  -5.71981362]
 [-3.44225735 -2.04732248  1.03837432]]
[[ 5.42548794 -2.95169491 -4.53810041]
 [-2.47520847 -0.48437394  0.28057364]]
[[-5.26699511 -5.89460941  5.60335852]
 [ 1.09423711 -4.65855582 -2.88060797]]
[[-5.92304916  5.94581659 -5.58839167]
 [ 0.80386394 -1.2954811  -2.22918629]]
[[ 5.42566416 -5.77689714 -4.38434377]
 [ 3.14118202  0.37862377  1.04868501]]
[[-5.5939001   3.85178089 -5.32827692]
 [ 0.72372203 -0.10763037 -0.92974904]]
[[ 4.65461711 -5.16932725 -3.14263209]
 [-0.2932074   1.91804486 -0.71628894]]
[[-3.39314984 -5.81353043  4.06521962]
 [-0.3690069   2.38883729  3.63159188]]
[[ 5.59749689 -5.58273804 -4.20683115]
 [ 2.57451686  1.8176743   0.64656217]]
[[ 3.80319976 -5.9617022  -5.06147505]
 [-0.42943535  3.5489705  -3.81702841]]
[[ 5.07465503 -5.34568564 -5.7604251 ]
 [-0.70252307  1.18901945  1.44659567]]
[[-5.37147706 -4.46622555  4.09590802]
 [ 1.50984122  0.68835214 -0.93322869]]
[[-4.49640129 -5.4517366   4.60467588]
 [-1.86354182  1.34028562 -0.64937277]]
[[ 4.47268185 -5.75113593 -5.58982753]
 [ 0.50613015  3.35343756 -1.59266199]]
[[ 4.25909882 -3.23657815 -4.6030731 ]
 [-0.46721944 -0.69381799  0.40348472]]
[[-4.92694891  4.53514661 -4.7918215 ]
 [ 0.61263188  5.70775588  1.83966003]]
[[ 5.44491335 -5.9146722  -5.25250217]
 [ 0.47086703  2.91615811  2.07283323]]
