[[0.02130549 0.00748703 0.98177067 0.97902183]]
[[0.02301396 0.01780498 0.98744972 0.98536418]]
[[0.0222514  0.00786759 0.97964337 0.97662836]]
[[0.02362479 0.00270388 0.98335882 0.97652152]]
[[0.0201726  0.00304744 0.98208121 0.97835415]]
[[0.02311243 0.00859799 0.98010348 0.97898546]]
[[0.02300295 0.00922433 0.98556127 0.97916549]]
[[0.02349682 0.00619136 0.98513848 0.98358397]]
[[0.02079669 0.01959394 0.9785033  0.97847   ]]
[[0.02081076 0.0070368  0.97917482 0.97666833]]
[[0.02162146 0.01689849 0.98446663 0.97657985]]
[[0.02271391 0.01230169 0.98194095 0.97798731]]
[[0.0220391  0.01315279 0.98276847 0.97616469]]
[[0.02184969 0.01146722 0.98206415 0.97805885]]
[[0.02373652 0.0124383  0.98038194 0.97724254]]
[[0.02282488 0.00719733 0.98110208 0.97672653]]
[[0.02352655 0.00283885 0.98069009 0.97851921]]
[[0.02342557 0.01438638 0.97653216 0.98358696]]
[[0.02356272 0.02234373 0.98577247 0.98519037]]
[[0.02331248 0.01948526 0.97978907 0.97880874]]
[[0.02268474 0.01295022 0.98739623 0.98578363]]
[[0.02353725 0.01644469 0.98125237 0.98323066]]
[[0.02347615 0.00634995 0.9773442  0.97616251]]
[[0.02284357 0.01613373 0.98588526 0.97897035]]
[[0.02343325 0.01405081 0.97976436 0.97885544]]
[[0.02107866 0.00153555 0.98236282 0.98028666]]
[[0.02032319 0.01313218 0.97736497 0.97624051]]
[[0.02319862 0.01419974 0.98477803 0.98389428]]
[[0.02286866 0.02289112 0.98473601 0.97716586]]
[[0.02312211 0.01166008 0.98049819 0.97630275]]
[[0.02369996 0.0098734  0.98360327 0.98382265]]
[[0.02223971 0.00875195 0.9802118  0.97678278]]
[[0.02321966 0.00825612 0.98062281 0.98258828]]
[[0.02261204 0.01605407 0.9801669  0.97682768]]
[[0.02197467 0.00261127 0.98138882 0.97854467]]
[[0.02355628 0.02220746 0.98115739 0.97758582]]
[[0.02351557 0.0146162  0.98596208 0.97733315]]
[[0.02394361 0.00268165 0.98026592 0.97712906]]
[[0.02232241 0.00769281 0.97914017 0.97607702]]
[[0.02380864 0.00914244 0.97794593 0.98126697]]
[[0.02363962 0.001049   0.98160116 0.97882478]]
[[0.01796664 0.01850645 0.97685601 0.97613956]]
[[0.0231367  0.00282036 0.97735983 0.97772731]]
[[0.02258161 0.00484857 0.98102742 0.97892653]]
[[0.02296455 0.00276366 0.9812529  0.9784363 ]]
[[0.02323633 0.00560356 0.97801881 0.97858985]]
[[0.02151666 0.01517585 0.97858695 0.97765357]]
[[0.02174351 0.01421975 0.98463696 0.98134712]]
[[0.02289565 0.00630832 0.97713921 0.97634007]]
[[0.02007533 0.00618172 0.97995833 0.97890489]]
[[0.02287731 0.01017772 0.98370931 0.98246486]]
[[0.02352172 0.00816744 0.98275101 0.97728373]]
[[0.02353833 0.0054164  0.97835191 0.97916067]]
[[0.0233527  0.0125534  0.98575474 0.98006615]]
[[0.02327676 0.00482152 0.98388467 0.98175723]]
[[0.02353092 0.02399478 0.9837306  0.98209272]]
[[0.02046936 0.00393696 0.97863046 0.97682184]]
[[0.02170454 0.00356577 0.98142456 0.97944556]]
[[0.02382593 0.0039869  0.98576199 0.98002488]]
[[0.02125428 0.00632832 0.98044644 0.97870192]]
[[0.02215359 0.00672903 0.98188814 0.97868758]]
[[0.02281811 0.02249637 0.98054109 0.98003675]]
[[0.02219178 0.00699524 0.98430499 0.97999482]]
[[0.02389725 0.00205681 0.98384543 0.9761273 ]]
[[2.01542707e-02 4.55322275e-04 9.84562704e-01 9.82078886e-01]]
[[0.0223223  0.01133338 0.98185997 0.97699166]]
[[0.0228179  0.00330862 0.98114688 0.97898192]]
[[0.02191456 0.01433181 0.98023241 0.98054894]]
[[0.02379029 0.00259787 0.98020745 0.97818669]]
[[0.02289785 0.00370291 0.98103483 0.980565  ]]
[[0.02353468 0.01304356 0.97964557 0.97608612]]
[[0.02218039 0.00793241 0.98128249 0.97740206]]
[[0.02241331 0.00330619 0.9849577  0.97931209]]
[[0.02342809 0.00542019 0.98573482 0.98136469]]
[[0.02330113 0.00510414 0.98159401 0.98027497]]
[[0.01861134 0.00174419 0.98052559 0.97928692]]
[[0.0222921  0.01311012 0.98168615 0.98221255]]
[[0.02360325 0.01429785 0.98128428 0.98009987]]
[[0.02343188 0.02212136 0.98505583 0.98117454]]
[[0.02018211 0.00372356 0.97817815 0.97633639]]
[[0.02324144 0.01240759 0.9789147  0.9764799 ]]
[[0.02167876 0.01063443 0.97853839 0.97667152]]
[[0.02317597 0.00643989 0.97645533 0.97810885]]
[[0.02170703 0.01538375 0.98529062 0.98525366]]
[[0.01916229 0.0236081  0.97900189 0.97652584]]
[[0.02100138 0.00442924 0.98436883 0.97968852]]
[[0.02377389 0.00865892 0.98781968 0.98540359]]
[[2.38432580e-02 3.59597626e-04 9.85329290e-01 9.80059625e-01]]
[[0.02328134 0.01986322 0.97800196 0.97891862]]
[[0.02156866 0.02373925 0.98129825 0.97633158]]
[[0.02292821 0.0157644  0.9842764  0.98221788]]
[[0.02258468 0.02041154 0.97749786 0.97821157]]
[[0.0209947  0.02023113 0.98046979 0.97877513]]
[[0.02061596 0.00950383 0.98248456 0.97838988]]
[[0.02386813 0.01236015 0.97741864 0.97884044]]
[[0.02370814 0.00867062 0.98631345 0.98067121]]
[[0.02249769 0.01264796 0.98005382 0.97716057]]
[[0.02374169 0.02312602 0.97611253 0.97618746]]
[[0.02159905 0.00751385 0.97864677 0.9770111 ]]
[[0.02173731 0.01020536 0.98242413 0.98086741]]
[[0.02189683 0.00722401 0.98048543 0.97953576]]
[[0.02240297 0.00866477 0.98016523 0.97650027]]
[[0.02388698 0.01274279 0.98168934 0.9776402 ]]
[[0.02304417 0.016066   0.98317068 0.97937653]]
[[0.02161469 0.01726605 0.98375944 0.98130159]]
[[0.02357466 0.00516966 0.98436481 0.98349714]]
[[0.02235013 0.00480046 0.9815815  0.97617223]]
[[0.02120713 0.00893627 0.97815444 0.9785647 ]]
[[0.02055667 0.00356827 0.98116964 0.98023716]]
[[0.02389972 0.00203263 0.982647   0.98004701]]
[[0.02297452 0.01797369 0.98374961 0.98019881]]
[[0.02341856 0.00180351 0.98251378 0.97965979]]
[[0.0224227  0.00302251 0.98567709 0.98045216]]
[[0.02269102 0.00384577 0.97850587 0.97653981]]
[[0.02379635 0.00343294 0.97694289 0.97681327]]
[[0.02388332 0.00667753 0.98644873 0.97755501]]
[[0.02373233 0.00258332 0.98165653 0.97980808]]
[[0.02339784 0.00905333 0.97929624 0.97626205]]
[[0.02206238 0.00449387 0.98152561 0.97680935]]
[[0.02168491 0.00620103 0.98119111 0.97906949]]
[[0.01847175 0.01568919 0.98078951 0.97858833]]
[[0.02307645 0.0231814  0.97804788 0.97689342]]
[[0.02069572 0.01821901 0.98181229 0.98153471]]
[[2.36746666e-02 4.56269582e-04 9.84849855e-01 9.80325818e-01]]
[[0.02266517 0.01779217 0.98357357 0.9779675 ]]
[[0.02273602 0.02341562 0.98391099 0.98242178]]
[[0.0237688  0.00475377 0.98437651 0.98338663]]
[[0.02386846 0.00353155 0.9802592  0.97687866]]
[[0.02302988 0.00222924 0.98167181 0.97786396]]
[[0.02315778 0.01527526 0.98358739 0.98210225]]
[[0.02306819 0.00791333 0.98042652 0.98544744]]
[[0.02263638 0.01867863 0.98027715 0.97955862]]
[[0.02114033 0.01264092 0.97989387 0.97615638]]
[[0.02313603 0.00996362 0.98698827 0.9837347 ]]
[[0.02281442 0.0081307  0.98471793 0.97653627]]
[[0.02380352 0.01177599 0.97837727 0.98024305]]
[[0.02357078 0.0026866  0.98524704 0.98196274]]
[[0.02074054 0.0142175  0.98456518 0.9760755 ]]
[[0.02321355 0.0033801  0.98506326 0.98373531]]
[[0.02185048 0.0067544  0.98317124 0.98238695]]
[[2.22670413e-02 5.44079564e-04 9.83477078e-01 9.78821187e-01]]
[[0.02332679 0.01033076 0.98362119 0.98046559]]
[[0.02362734 0.01804166 0.98108388 0.980061  ]]
[[0.02274444 0.00448007 0.97997654 0.97896697]]
[[0.02391078 0.00120255 0.98568321 0.98162587]]
[[0.02274742 0.00228038 0.9838143  0.97920388]]
[[0.02111698 0.00950923 0.98071029 0.97815287]]
[[0.01954737 0.01501418 0.98107536 0.97700127]]
[[0.02341694 0.01148827 0.98119901 0.98118849]]
[[0.02316204 0.00324147 0.98082247 0.98016309]]
[[0.01784399 0.01382792 0.97651908 0.97663833]]
[[0.02005094 0.00170373 0.98284113 0.98149313]]
[[0.02290401 0.01178561 0.98446575 0.98402688]]
[[0.02224156 0.0082939  0.98163216 0.97907248]]
[[0.02294036 0.00938474 0.98393242 0.98392631]]
