[[-5.65682208  4.08204368 -5.97756364]]
[[ 4.27630675 -5.84830155 -5.9041393 ]]
[[-5.65515306 -5.98651423  4.0792223 ]]
[[-5.85891601  3.93951819 -5.83315007]]
[[-5.8557625   4.22992866 -5.85147276]]
[[-5.93268835 -5.97792963  4.29626117]]
[[ 4.21374813 -5.7803274  -5.91727163]]
[[-5.80899674 -5.91999433  3.97227953]]
[[ 3.92522784 -5.72485638 -5.96796069]]
[[ 4.21763019 -5.89130717 -5.86450315]]
[[-5.77964044  4.05200756 -5.84836034]]
[[ 4.1681836  -5.74849441 -5.96196935]]
[[ 4.00641738 -5.7587711  -5.84705923]]
[[-5.99945336  4.47501073 -5.91925092]]
[[-5.81341702 -5.85823328  4.10113785]]
[[ 4.10518599 -5.78736516 -5.78135596]]
[[-5.59265141  4.07496667 -5.93298931]]
[[-5.78146219 -5.88603051  4.1076146 ]]
[[-5.87449801  4.09201974 -5.91557622]]
[[-5.88193877 -5.94554652  4.26811572]]
[[-5.65792918 -5.95574727  4.19988326]]
[[-5.9729742   4.30075119 -5.97981001]]
[[ 3.91833897 -5.85923621 -5.89953161]]
[[ 4.15337175 -5.84820316 -5.85437133]]
[[-5.89154926  4.0915925  -5.85101463]]
[[-5.95018923  4.11421283 -5.9458669 ]]
[[ 4.31620885 -5.75431056 -5.99650494]]
[[ 3.96447675 -5.96726372 -5.95010626]]
[[-5.93014527  4.37407892 -5.89562843]]
[[ 4.37607695 -5.87021429 -5.98280596]]
[[-5.60014619  4.04906274 -5.9955538 ]]
[[ 4.16586238 -5.94371442 -5.76368911]]
[[-5.98993422  4.10689439 -5.73595288]]
[[ 3.88407056 -5.9160927  -5.56291208]]
[[-5.94078825  4.13938614 -5.6938103 ]]
[[ 4.09906224 -5.96244863 -5.66274457]]
[[ 4.49041961 -5.9548351  -5.97888526]]
[[-5.97138409  4.25900778 -5.97210157]]
[[ 4.1693614  -5.87653718 -5.7209962 ]]
[[ 4.09104245 -5.94087924 -5.72187527]]
[[-5.93576578  4.35761492 -5.99211294]]
[[ 3.97868957 -5.77439346 -5.95680671]]
[[-5.98614692 -5.92645933  4.33129033]]
[[-5.73277354  4.13089537 -5.93282496]]
[[ 4.09737223 -5.91714411 -5.68054429]]
[[ 4.23758284 -5.85460989 -5.94167353]]
[[ 3.86597253 -5.7701859  -5.70955156]]
[[-5.7473529   4.24374996 -5.91796152]]
[[-5.89057053 -5.90439937  4.18005168]]
[[-5.96778352  4.43269873 -5.91871753]]
[[ 4.29248967 -5.87164578 -5.89267577]]
[[ 4.19949659 -5.98265433 -5.71502915]]
[[-5.81300233 -5.77054518  4.10697953]]
[[-5.86428943 -5.91462012  4.31609725]]
[[-5.91299548 -5.95193569  4.07637884]]
[[-5.66112649  4.07491202 -5.93380538]]
[[-5.94991857  4.31809707 -5.85935426]]
[[ 4.0759029  -5.83519601 -5.81103909]]
[[-5.81255773  4.31852088 -5.97596639]]
[[ 4.00212647 -5.89410099 -5.9716372 ]]
[[-5.93458305 -5.94174059  4.36190942]]
[[-5.96181826  4.35339348 -5.91785961]]
[[-5.689445   -5.98472523  4.16838168]]
[[ 4.17026006 -5.97957811 -5.90590279]]
[[-5.85213857 -5.9117007   4.27022447]]
[[-5.97170287  4.38352041 -5.86082923]]
[[-5.97360209 -5.82591302  4.35551101]]
[[ 4.17807887 -5.96604918 -5.74231721]]
[[-5.75572067 -5.90702725  4.06987335]]
[[-5.7403672  -5.89070143  4.20651083]]
[[-5.86811275  4.07263179 -5.79861087]]
[[-5.99294287 -5.70802225  4.07361216]]
[[-5.89352386 -5.80129136  4.17764218]]
[[-5.85518899  4.08558983 -5.94039099]]
[[ 4.12953972 -5.89379759 -5.85327257]]
[[ 4.14785855 -5.92458925 -5.6590661 ]]
[[ 4.20614359 -5.95871184 -5.81630568]]
[[-5.88348653 -5.85804631  4.31284448]]
[[-5.9912765  -5.8340776   4.29467672]]
[[ 4.11525371 -5.81428593 -5.84149901]]
[[ 4.19741563 -5.94340287 -5.94894307]]
[[-5.73463079  4.06015426 -5.89156423]]
[[ 3.97535685 -5.98648607 -5.92113431]]
[[-5.99312413 -5.9293799   3.95345819]]
[[ 4.32030674 -5.84699434 -5.96352754]]
[[-5.99523987  4.38903926 -5.96881622]]
[[ 4.52517487 -5.97598616 -5.98250851]]
[[ 4.41703959 -5.91077457 -5.97347977]]
[[-5.89253085 -5.97939736  4.10533972]]
[[-5.85670741 -5.71229508  4.01878282]]
[[-5.84429246  4.01046809 -5.59366919]]
[[-5.97100923 -5.87481935  4.37032325]]
[[ 4.26850316 -5.76897549 -5.95264294]]
[[-5.99260211 -5.76809588  4.14230752]]
[[-5.80220545  3.95482207 -5.95666045]]
[[-5.94301247 -5.57331818  4.0871247 ]]
[[-5.63635572  3.86237523 -5.8371525 ]]
[[-5.88408549  4.26404611 -5.88884201]]
[[ 4.32912707 -5.9292418  -5.9205988 ]]
[[ 4.11023179 -5.78731557 -5.87000395]]
[[-5.57069142 -5.76286501  3.91370836]]
[[-5.8384867   4.05291358 -5.91453269]]
[[-5.94943498 -5.86176945  4.39973979]]
[[-5.98555914  4.288724   -5.84333171]]
[[-5.39927804  3.89134466 -5.90368753]]
[[ 4.47243449 -5.92063088 -5.99583651]]
[[-5.45754298 -5.9575329   3.87234699]]
[[-5.87416559 -5.91481711  4.09001576]]
[[-5.79382224  4.159215   -5.97535635]]
[[-5.87956236  4.15044955 -5.77658601]]
[[ 4.31627941 -5.91177993 -5.86825978]]
[[-5.79322367  4.1625801  -5.84687515]]
[[ 4.45438075 -5.95049451 -5.95542837]]
[[-5.89441234  4.14767816 -5.77580184]]
[[ 4.21280742 -5.94864683 -5.98242978]]
[[ 3.95071157 -5.55004819 -5.82453886]]
[[ 4.12574638 -5.75802573 -5.85209061]]
[[-5.79757378  4.22544177 -5.8737119 ]]
[[-5.94732924 -5.87999183  4.01260353]]
[[-5.92922337  4.33991235 -5.83351025]]
[[ 4.2080157  -5.95445867 -5.98627264]]
[[-5.7355978   4.19924837 -5.99466751]]
[[-5.97992357  4.12987589 -5.94538612]]
[[-5.8255598   4.18855376 -5.98767351]]
[[-5.9457257   4.17549335 -5.77533768]]
[[-5.90617418 -5.98199937  4.40405204]]
[[ 4.38261217 -5.87838843 -5.92085782]]
[[-5.9809618   3.93562236 -5.9424754 ]]
[[-5.6949527   4.02183502 -5.89329681]]
[[-5.9335922  -5.98893084  4.26800676]]
[[-5.93743282  4.39054728 -5.92853088]]
[[-5.85767743  4.18035812 -5.7912074 ]]
[[-5.93815876 -5.8377955   4.27377955]]
[[ 4.10579392 -5.88951117 -5.66076445]]
[[ 4.33045144 -5.94490246 -5.95771385]]
[[-5.9524889  -5.92120863  4.36606477]]
[[ 4.40005291 -5.92190665 -5.97718799]]
[[-5.8734947   4.2917427  -5.99223137]]
[[-5.7504317   4.03427112 -5.92480213]]
[[-5.96242819  4.08381701 -5.69573424]]
[[ 4.30826954 -5.90687833 -5.88710161]]
[[-5.55637238  3.99345467 -5.9233582 ]]
[[-5.95979771 -5.87615017  4.33475156]]
[[-5.91786879 -5.94566265  4.19812357]]
[[-5.89481165  3.84973819 -5.77833296]]
[[-5.94784569  4.2864274  -5.99590304]]
[[-5.96410062  3.92349429 -5.64044055]]
[[-5.97528853  4.00209602 -5.57479058]]
[[-5.83188383 -5.90040389  4.29296802]]
[[ 4.13544623 -5.86601658 -5.69957668]]
[[-5.80160875 -5.93923489  4.21527687]]
[[-5.9396689   4.24572331 -5.96309785]]
[[-5.93024906 -5.99193755  4.22208621]]
[[-5.96476812 -5.92284878  4.28299125]]
[[-5.84156528  4.22319528 -5.94319102]]
