[[-5.7734547   3.53361989 -5.69353823]
 [ 1.74487658  1.26161504  2.33241438]]
[[ 3.39301735 -5.38178931 -5.75454551]
 [ 4.75641218  3.07949487  0.09306055]]
[[-5.13701227 -5.3946122   2.84264661]
 [-0.3845033   2.0326892   2.42829229]]
[[-5.8112554   5.98473238 -5.91245225]
 [ 1.90188431 -1.65414507 -2.49094903]]
[[-5.96649954  2.97142295 -4.00048304]
 [ 0.25484398  0.82730164  0.80206406]]
[[-3.3496537  -4.14749391  3.65984159]
 [-0.00705694  1.36102923  1.56894817]]
[[ 3.57393155 -4.97383919 -5.84629367]
 [-1.07959165  0.96973047 -0.25561369]]
[[-5.65608658 -5.32073736  4.63244451]
 [ 0.2194387   1.31065945  0.58526917]]
[[ 3.82273862 -5.6749188  -5.34818651]
 [ 3.42717453  2.07548276  0.12469552]]
[[ 4.22796132 -2.6630525  -4.88062353]
 [-0.52123936 -0.51251871  0.29436634]]
[[-5.80061712  5.06577476 -5.52575042]
 [ 1.06316567 -0.37365189  0.73696051]]
[[ 3.7275625  -5.96268233 -5.78747335]
 [ 2.11723327  1.47296681  0.31813049]]
[[ 5.87732031 -4.45870741 -5.80121811]
 [-0.36327076  1.16803319  0.58447484]]
[[-5.80450917  5.96487875 -4.90545391]
 [-2.46313878 -3.39401622  1.38445247]]
[[-5.63331895 -4.38252857  5.82161955]
 [ 1.80439705 -0.06150516  2.9405248 ]]
[[ 5.82767738 -5.6284553  -4.69502654]
 [ 5.00781486  2.41571395 -0.05676633]]
[[-5.54616615  5.02147556 -5.81987359]
 [ 0.44881937 -0.98295967 -0.09603158]]
[[-5.07036054 -5.7509421   5.7227962 ]
 [ 1.53325682  0.58961484  1.16012714]]
[[-5.93567933  4.78818875 -4.4216198 ]
 [ 2.42998046  0.17256931 -1.33630164]]
[[-5.28840044 -5.93818278  2.66128914]
 [ 1.42087127  1.10646872  0.01481965]]
[[-5.90341621 -5.30509654  5.54038933]
 [ 0.89598566  2.20359707  0.49199089]]
[[-4.4865309   3.07967906 -4.96297549]
 [ 0.28419402 -0.11917258  0.58884688]]
[[ 5.45231958 -4.31224018 -5.86755939]
 [-0.05212337  0.76785987 -0.54387607]]
[[ 4.93475941 -5.84992968 -5.1530605 ]
 [ 0.04239216  1.57164307  0.40661146]]
[[-5.89020415  4.06599138 -4.62888696]
 [ 0.90399708  3.76869621  0.60825293]]
[[-5.81157314  5.3149208  -5.99174041]
 [ 2.60216093  4.42203079  1.35839234]]
[[ 4.3425037  -4.25564122 -5.24722152]
 [-2.10706637 -4.66213512  1.62128671]]
[[ 4.79404246 -3.67326887 -5.79845906]
 [ 5.93009567 -0.23240703  1.70989337]]
[[-4.28768077  4.85348608 -4.46027641]
 [ 1.69604073  5.33892279  1.02283389]]
[[ 4.63498052 -4.87847323 -5.97946957]
 [-2.33435844  0.99777573  2.32277392]]
[[-5.9100931   3.60483037 -5.77150361]
 [ 1.49427275  3.71223904  1.43143153]]
[[ 3.95757223 -4.89864334 -5.47061091]
 [ 1.25507287  0.45307928  0.73506777]]
[[-5.90133021  2.46652185 -5.2696924 ]
 [ 1.69018182  1.56434664  1.4038176 ]]
[[ 5.10673324 -5.10708323 -5.58326074]
 [-1.18897506  0.85111121 -1.71526085]]
[[-5.97279888  3.55097838 -5.02121199]
 [ 2.25901926  4.39208245  0.59887718]]
[[ 5.26251218 -5.67844214 -4.98916881]
 [-2.64200887  1.02342619 -3.43875425]]
[[ 2.34917939 -3.96487529 -5.3625504 ]
 [ 2.25872791  0.36297644  1.51533343]]
[[-5.28224934  4.95621089 -3.1448285 ]
 [ 2.31898256 -0.32263417 -1.79170748]]
[[ 5.68182689 -4.03043934 -5.66300148]
 [-1.82863966  0.72684983 -0.68834254]]
[[ 2.81738584 -4.55869344 -5.96725639]
 [ 2.8224437   0.77428293  0.78976436]]
[[-3.29377335  3.98666908 -4.29243847]
 [ 0.58690735 -0.7576009  -0.92375901]]
[[ 4.28039844 -4.88038231 -5.51295971]
 [ 0.78225943  0.88404618 -0.20363133]]
[[-4.18924425 -5.82713762  3.81393344]
 [-0.21629606  2.56177417  3.50055749]]
[[-5.03717358  3.85177776 -3.49838402]
 [ 0.50882601  1.69662549  0.65548974]]
[[ 4.93657837 -4.11742365 -5.86974854]
 [-1.72474831 -4.0631664   1.89498558]]
[[ 3.91019698 -5.33974816 -5.96954994]
 [ 5.06070496  2.15560106  1.39174929]]
[[ 4.78935666 -5.7149867  -5.88501629]
 [ 4.96369217  1.44851807  1.5063769 ]]
[[-4.20365864  5.6699018  -5.656746  ]
 [ 1.76342791  0.27932511 -0.60461884]]
[[-5.88883084 -4.89489434  5.00199016]
 [-2.08028598  1.81169369 -0.8955861 ]]
[[-5.24758737  4.936253   -4.21327848]
 [ 2.93066786  2.92088599 -0.10405018]]
[[ 4.3821581  -4.26553193 -3.4241913 ]
 [-0.08376638  0.48531585  0.42827666]]
[[ 3.95192883 -3.56698293 -5.70092938]
 [ 1.78587898  0.5395236   1.41915922]]
[[-2.82781853 -5.91444478  4.22213579]
 [-2.52249833  2.64535121 -0.19948842]]
[[-5.86638899 -5.65741871  5.04219753]
 [-0.26484792  2.09599922 -2.15805292]]
[[-5.23831472 -3.59794826  4.62368441]
 [ 1.60703479  0.00696722  1.90895999]]
[[-5.78871485  5.03922521 -5.19038394]
 [ 1.14340948 -0.8956428  -1.58185614]]
[[-5.92248049  5.08874467 -4.24075288]
 [-3.73734927 -2.34358372  1.38408924]]
[[ 5.5620424  -5.69061807 -5.22910771]
 [-0.21737722  0.8097737  -0.68278926]]
[[-5.44860277  5.29980797 -4.95503958]
 [ 1.22476124 -3.01764466 -1.7408923 ]]
[[ 4.1033964  -4.59802883 -5.01519602]
 [ 3.55652373  0.01950196  1.56934358]]
[[-5.87004534 -4.64022789  3.75263502]
 [ 1.95276784 -2.51606553 -0.87716817]]
[[-4.80598071  5.56672194 -3.82765146]
 [-2.76823173 -3.16286164  0.75381748]]
[[-4.74341475 -5.33724448  4.1995879 ]
 [ 1.74214244 -5.85906294 -1.05152403]]
[[ 5.33046954 -3.7596803  -4.6626063 ]
 [-1.46210762 -4.23752509  1.28926587]]
[[-5.74295503 -3.45730639  3.49118055]
 [ 1.6156915  -0.28711153 -0.44697258]]
[[-4.19984458  3.90756148 -5.20275851]
 [ 1.67534887  2.55745724  1.59714654]]
[[-4.31902188 -4.66827361  5.34078709]
 [-0.16449677  2.33321517  1.26818622]]
[[ 5.67845666 -5.84233373 -5.73250506]
 [-0.61968291 -3.61911463  1.96401212]]
[[-5.13715435 -4.49753817  5.98553427]
 [ 2.30665829 -3.66102253 -1.2696707 ]]
[[-3.8978821  -5.92552501  5.84793523]
 [-0.26966081  0.81231218 -0.92049648]]
[[-5.4104611   4.75037036 -5.56553314]
 [ 2.03364303 -1.6020378  -2.27719316]]
[[-5.39380572 -5.43036508  3.38793177]
 [ 2.35630245 -0.12461855  1.33314741]]
[[-5.30290032 -5.6313712   4.17360696]
 [-1.27946322  1.96731294 -0.53041743]]
[[-5.30938147  5.14632416 -4.27418607]
 [-0.4913232   1.01077275  1.39388399]]
[[ 5.92990198 -5.45435303 -4.60510003]
 [ 2.71483303  1.68583245 -0.20773275]]
[[ 3.76141865 -5.30960656 -4.57348173]
 [ 2.83159975  2.11124398 -0.21926631]]
[[ 5.40649188 -5.81119693 -3.69334399]
 [ 1.44074445  2.30469111  0.5318851 ]]
[[-3.18679573 -5.48844128  3.09096402]
 [-5.98557802  2.41423659 -0.44602883]]
[[-5.43213091 -3.8475981   5.34347194]
 [ 1.78607137  0.86573831  2.18862093]]
[[ 5.78834655 -3.83495529 -5.86763371]
 [-1.22493    -3.51068565  2.25066854]]
[[ 4.4658919  -5.86714943 -5.99113477]
 [ 3.95524122  3.39130828 -0.38713181]]
[[-4.62565133  5.62673223 -5.00037268]
 [ 0.29724503 -2.41052975 -0.97642935]]
[[ 3.92929663 -5.65635536 -5.93464361]
 [ 0.67100363  1.89899724  0.0593342 ]]
[[-5.32737498 -5.30248448  5.17814247]
 [ 1.51847367 -0.07333856  3.89686896]]
[[ 5.91537239 -4.71587526 -5.96892154]
 [ 1.99743109  1.56860726  3.21464093]]
[[-4.77937974  3.56424303 -4.46005961]
 [ 0.90212399  5.770263    1.50085887]]
[[ 4.39684556 -5.25495095 -5.53878025]
 [ 1.90421784  1.50043814  0.77312407]]
[[ 4.74597898 -4.04019507 -3.26819918]
 [-1.3024009   1.35099137 -3.78540931]]
[[-3.06698305 -5.23770205  5.61801054]
 [-0.51594735  0.54717373 -0.55954439]]
[[-5.30639024 -5.59721628  3.92016892]
 [ 2.18320952  0.30650653  4.76412008]]
[[-4.41685223  3.7336019  -5.97764404]
 [ 0.10829249  5.37958204  1.846126  ]]
[[-4.95268133 -4.37181618  3.28619783]
 [ 1.41876789 -0.47516712  0.84556564]]
[[ 5.09768617 -3.84910437 -5.23984301]
 [-1.83232157 -4.81150119  2.315578  ]]
[[-5.77265397 -5.89061799  4.34506918]
 [ 1.9626171   2.08271968  1.83942531]]
[[-5.29909798  4.7247446  -4.54348402]
 [ 0.91027942  3.80506692  0.76932397]]
[[-5.84737398 -5.48758455  4.93017176]
 [ 1.7518779  -2.32227439 -1.30787837]]
[[-5.34006319  5.88741194 -5.02688515]
 [ 1.40708228  2.21668538 -0.1244007 ]]
[[-5.2564085   4.42745394 -5.32002184]
 [ 1.12966985  1.69917742  2.80668746]]
[[ 4.68437237 -5.53859807 -5.40083058]
 [ 1.07273196  0.19326027  2.43828372]]
[[ 3.93089451 -4.38087245 -5.54766203]
 [-0.13967046  1.41647791 -0.93055469]]
[[-4.10344082 -5.56181637  3.90665287]
 [-1.0377517   1.36955506  0.15289102]]
[[-5.10295546  5.79510552 -5.22503157]
 [ 1.58094655  5.4322986   0.45328709]]
[[-4.34466474 -5.27191614  1.87810911]
 [ 1.6872376   0.37653154  3.61499713]]
[[-5.4403513   3.44477825 -3.92366714]
 [-0.77885304 -0.95702427  0.29836933]]
[[-5.28523926  3.54349634 -5.65977534]
 [ 1.17109818  4.69941675  0.57548759]]
[[ 5.95042089 -5.97538534 -5.85452859]
 [-1.95075054  2.58599225 -4.55251821]]
[[-4.50928517 -5.23486044  5.22454306]
 [-1.0476655   1.18973335 -0.57076566]]
[[-5.12202734 -3.78352632  3.02662439]
 [ 0.78618263 -0.03087973  0.96866309]]
[[-4.77971106  4.79775075 -5.76624499]
 [ 1.55852826 -1.89333026 -2.68849335]]
[[-4.6680623   5.68812127 -4.13619217]
 [ 1.58667662  1.80251964  0.35974795]]
[[ 4.19214238 -5.02594143 -5.55209539]
 [-0.24898514  0.52325411  0.06681336]]
[[-2.73402239  5.36401946 -5.68201911]
 [-5.14495516 -1.15988387  1.59270292]]
[[ 3.13438824 -2.86876458 -5.26831307]
 [ 1.00866822  0.57504428  0.59810388]]
[[-5.52810155  4.57124496 -5.56481445]
 [ 2.10758697  1.18428131  2.3386806 ]]
[[ 5.98751913 -5.97955423 -4.15421147]
 [-1.73020376  1.6841322  -0.93398739]]
[[ 4.62407582 -5.51837338 -5.52103589]
 [-0.81680508  0.7141517   0.54905972]]
[[ 5.38788162 -4.49244312 -5.94451286]
 [-1.90001481  1.40341277 -4.57796687]]
[[-5.49286832  4.8227545  -2.50792439]
 [ 1.36022633 -1.41138665 -5.66895916]]
[[-5.55663393 -5.96343311  5.79771396]
 [ 2.18535778  1.16843443  4.19680656]]
[[-4.20963161  3.58528994 -5.79704215]
 [ 0.51633212  5.5146289   3.40780619]]
[[ 4.91705435 -5.03625521 -5.57489679]
 [-0.47119852  1.64636455 -0.17605459]]
[[-4.89765177  3.13850985 -5.6155386 ]
 [ 0.53477813 -0.74072464  0.079011  ]]
[[-5.39348611  5.88120157 -4.43742514]
 [ 2.37046643  4.80721623 -0.23385011]]
[[-5.76982961  5.89436522 -5.55433054]
 [ 3.15529211 -0.90061113 -1.19519262]]
[[-4.65816446  4.52580125 -4.18833118]
 [ 1.11630722  4.39766957  0.43911617]]
[[-5.22690801 -4.64968535  4.60858592]
 [-1.35611404  0.8955129  -1.37755351]]
[[ 5.33617431 -5.8953606  -3.33249066]
 [ 4.98386231  3.39158856 -0.29294262]]
[[-5.7770397   5.97575449 -3.68771613]
 [ 0.998459   -2.14614766 -3.73569743]]
[[-4.84250983  3.1997797  -5.8104984 ]
 [ 1.15116048  0.5616523  -0.19882145]]
[[-3.37239313 -5.4943751   5.34979513]
 [-4.65935159  0.90191527 -2.64673205]]
[[-5.18511673  3.40812066 -4.89004173]
 [ 1.57511237  5.56843893  1.48749863]]
[[-4.92747352  5.88814846 -5.0276942 ]
 [ 0.16484225  0.04686003  0.35648378]]
[[-5.20861869 -4.10501042  5.06145087]
 [ 1.10293249 -0.68210881 -1.17595431]]
[[ 4.90743579 -5.79705261 -5.37147149]
 [ 1.35426444  2.3780813   1.74828938]]
[[ 5.51853733 -3.73287322 -5.65861151]
 [-2.82462015  0.47365863  1.27158751]]
[[-5.72491271 -2.763968    4.71110399]
 [ 3.08211549 -1.76992762 -1.59660277]]
[[ 5.9346549  -4.99002349 -3.49697808]
 [-2.40810214  0.96877337 -2.10387494]]
[[-3.74295231  5.89321502 -2.84818484]
 [ 0.19878713 -2.09678154 -1.13765229]]
[[-5.75117526  4.49077469 -4.76629346]
 [ 1.38298755 -1.40348123 -3.21192621]]
[[-5.59262652  3.53726292 -5.34216392]
 [-0.6153341   1.25340205  2.21689233]]
[[ 5.75360165 -2.39206974 -5.39398168]
 [-2.95078912 -1.25476055  1.01059658]]
[[-5.7140166   3.39840917 -4.33487259]
 [ 1.12252937  5.12856299  0.5583961 ]]
[[-5.14243865 -4.2684417   5.90531411]
 [ 0.3584617  -2.39998925 -3.34033971]]
[[-3.52445691 -5.1189568   5.83776198]
 [ 0.60241599 -1.61289343 -2.19534026]]
[[-5.29347177  5.39139948 -5.76929928]
 [-1.07026725 -1.54623737  0.55552879]]
[[-5.09221736  5.29013724 -3.89411951]
 [ 2.06109102 -1.57604132  0.26381179]]
[[-5.98021602  4.02354247 -5.88283389]
 [ 0.694407    4.29288937  2.0097238 ]]
[[-5.39747984  2.90524429 -4.65076001]
 [ 2.03798005  1.59992708 -0.33382915]]
[[-5.1948092  -5.49178579  2.92888439]
 [ 1.47444918  2.79994051  2.92013016]]
[[ 3.96890278 -5.93010292 -5.90997249]
 [ 1.09522867  0.52844295  0.47842725]]
[[-3.10880679 -5.57860609  4.94053118]
 [-0.81716698  1.92138085  0.83952792]]
[[-4.49325942  5.12038031 -4.52617575]
 [-0.24934564  1.70520465  1.41465941]]
[[-5.20373573 -3.20764537  4.84848185]
 [ 1.62020999  0.0069358   0.56086276]]
[[-5.78481603 -4.0278107   4.84226306]
 [ 3.34167942 -5.04036169 -0.39290675]]
[[-5.20720923  4.27454763 -5.91781945]
 [ 1.50869743  3.56622441  0.66005543]]
