[[-5.89092986  4.05910657 -5.95897141]]
[[-5.87421144 -5.75637091  4.06404775]]
[[ 4.32243595 -5.99044551 -5.83570402]]
[[-5.99674714 -5.6698137   4.04249386]]
[[ 3.95728851 -5.6806511  -5.71157268]]
[[-5.95172707 -5.95902218  4.47731231]]
[[-5.64105806  4.10845536 -5.93311434]]
[[-5.84147974  4.27776085 -5.96413465]]
[[-5.89925853  4.45517204 -5.97289141]]
[[-5.87513491 -5.69111885  4.04814281]]
[[ 4.20464828 -5.90427214 -5.74606029]]
[[-5.95521269 -5.95831139  4.41061128]]
[[-5.98782851  4.03099658 -5.58001672]]
[[ 4.13425024 -5.7896815  -5.99983475]]
[[-5.88648721  4.12832262 -5.93534056]]
[[-5.92159691  4.34045441 -5.87612432]]
[[-5.81483052  4.10144309 -5.6995264 ]]
[[-5.94940731  4.33482195 -5.85169736]]
[[-5.61709956  4.16242941 -5.99280933]]
[[ 3.91755632 -5.59030086 -5.87509692]]
[[-5.99853465 -5.73418639  4.15477099]]
[[-5.95212188 -5.97949943  4.41899592]]
[[-5.94734545 -5.88239338  4.11554822]]
[[ 4.20797043 -5.8762157  -5.86570314]]
[[-5.88559299  4.17666659 -5.75542998]]
[[-5.98699207 -5.93551481  4.3777048 ]]
[[ 4.18330356 -5.93793052 -5.96677831]]
[[-5.74644356  4.17478766 -5.94815867]]
[[ 3.97766324 -5.86373568 -5.57359327]]
[[-5.60355597 -5.94758326  4.00212856]]
[[-5.86787681  3.98354329 -5.61467804]]
[[-5.98114397 -5.54607439  3.9095762 ]]
[[ 4.07431394 -5.71678432 -5.9879766 ]]
[[ 4.18090314 -5.85576772 -5.74648439]]
[[ 4.12094338 -5.67691787 -5.99751257]]
[[ 4.23448175 -5.98862594 -5.93620302]]
[[-5.91885689  4.04863742 -5.83382998]]
[[-5.95519799  4.40562456 -5.97582034]]
[[ 3.9584392  -5.87686999 -5.95297511]]
[[ 4.14461528 -5.82016282 -5.85525071]]
[[-5.86293056 -5.86993158  4.23970047]]
[[ 3.94271664 -5.86398479 -5.57678606]]
[[-5.95798411  3.89203704 -5.86185516]]
[[-5.92411286 -5.58115375  3.87797343]]
[[-5.93921693 -5.95092531  4.3255502 ]]
[[-5.7882577   4.14960469 -5.94335719]]
[[-5.84505157  4.0280371  -5.6682316 ]]
[[-5.92749878 -5.95848223  4.26917768]]
[[-5.98234261 -5.96379299  4.36255655]]
[[-5.95466556 -5.85875556  4.27914249]]
[[-5.82541482 -5.50054327  3.85974268]]
[[ 4.34470875 -5.92774939 -5.83742523]]
[[ 4.23361204 -5.92824462 -5.89762163]]
[[ 4.30829997 -5.8999925  -5.87063101]]
[[ 3.98604444 -5.94035903 -5.71435576]]
[[-5.69313394  4.12206021 -5.89521811]]
[[-5.90388414 -5.92780097  3.91934987]]
[[ 3.93444193 -5.64104843 -5.991392  ]]
[[ 4.23727497 -5.89968007 -5.85307109]]
[[-5.72208395  3.95408225 -5.70997112]]
[[-5.95987265  4.15623181 -5.86844085]]
[[-5.59484682  4.05277263 -5.93708638]]
[[ 3.9797109  -5.92925444 -5.48874151]]
[[ 4.21911068 -5.77332967 -5.98489981]]
[[-5.96165588 -5.9776388   4.52816188]]
[[-5.99999618  4.10427671 -5.62677767]]
[[-5.68637274 -5.97656513  4.24720833]]
[[-5.80409314  3.89740639 -5.69309222]]
[[-5.90760842  4.10221975 -5.63157562]]
[[-5.96482759 -5.92765594  4.33759399]]
[[ 3.96402674 -5.904822   -5.88949045]]
[[ 4.17263206 -5.61250831 -5.97968127]]
[[ 4.18662272 -5.91135237 -5.99067057]]
[[ 4.27654848 -5.83859156 -5.97510657]]
[[-5.96433605 -5.72259625  4.24872234]]
[[-5.85772068 -5.9278452   4.32311504]]
[[-5.98804582 -5.8386556   4.35520875]]
[[-5.77981041 -5.97076056  4.32362651]]
[[-5.67874805  4.01620607 -5.7514974 ]]
[[ 4.04259537 -5.99642901 -5.91411558]]
[[ 4.27186584 -5.92872625 -5.77534537]]
[[-5.87916875 -5.57094323  3.8983484 ]]
[[ 4.15177306 -5.91609699 -5.98982255]]
[[-5.52345895  4.00843446 -5.93938808]]
[[ 4.17825641 -5.98783887 -5.88987276]]
[[ 4.10400925 -5.96318824 -5.97233373]]
[[-5.92826974  4.09214604 -5.99658901]]
[[-5.95480941  4.17328941 -5.95724286]]
[[-5.87306882 -5.9316247   4.05332015]]
[[-5.75220248 -5.61349197  3.92791435]]
[[-5.98537547  4.39971533 -5.96165918]]
[[ 4.34448575 -5.91591386 -5.99320516]]
[[ 4.1850341  -5.99852983 -5.92452016]]
[[-5.61247543 -5.98737587  4.09276078]]
[[-5.78031694  4.01118371 -5.78404929]]
[[ 4.16425939 -5.90455228 -5.72168142]]
[[-5.57561993  3.87736555 -5.87784191]]
[[-5.83210753 -5.86841926  4.16965387]]
[[-5.75487882 -5.97513951  4.21033076]]
[[-5.94716191 -5.91901424  4.29869006]]
[[ 4.14788309 -5.98516711 -5.88704342]]
[[ 4.25341443 -5.92127309 -5.89758671]]
[[-5.69293779  4.16162433 -5.96404534]]
[[-5.95665756 -5.84009977  4.35484169]]
[[-5.94438679 -5.8584507   4.37306986]]
[[-5.94145727 -5.88894995  4.34238132]]
[[-5.8231616  -5.67525084  3.99726749]]
[[-5.93980072 -5.83830619  4.15525446]]
[[-5.92236859 -5.73434044  4.14914513]]
[[ 4.40223876 -5.96352652 -5.95082098]]
[[-5.94947335 -5.91386674  4.32212061]]
[[-5.98317655 -5.76448242  4.12932045]]
[[-5.9198998  -5.86049245  4.32501054]]
[[-5.87848506 -5.97500653  4.36317937]]
[[ 4.35325719 -5.92245556 -5.95818466]]
[[ 4.27724863 -5.89233399 -5.90588583]]
[[-5.84499197  4.21468518 -5.80767794]]
[[-5.93660533 -5.85211126  4.3096207 ]]
[[-5.95830888 -5.88326314  4.14722662]]
[[-5.87376163 -5.96049699  4.40505377]]
[[ 4.34490146 -5.90425936 -5.90652268]]
[[-5.77473038  3.96788431 -5.86503794]]
[[-5.66386488  4.20914812 -5.97795589]]
[[-5.97101278  3.95548234 -5.72481903]]
[[-5.97808433  4.43388215 -5.91896619]]
[[-5.84697526  4.26303435 -5.84386591]]
[[-5.95516647  4.15243614 -5.80058876]]
[[-5.69257585 -5.78198242  4.05001931]]
[[-5.86475384 -5.97787737  4.2171033 ]]
[[-5.85603898 -5.98262489  4.18824304]]
[[-5.65332062  4.12724642 -5.91221961]]
[[ 4.08153453 -5.95040904 -5.75821399]]
[[ 4.22652447 -5.95968453 -5.98447892]]
[[ 4.20491489 -5.9478377  -5.9766508 ]]
[[ 4.27335541 -5.87790645 -5.8071396 ]]
[[ 4.19705551 -5.90076115 -5.89438779]]
[[-5.85338516 -5.81895316  4.25377604]]
[[-5.95479339  4.20028634 -5.88090533]]
[[-5.92901664  4.44243069 -5.95695981]]
[[-5.84858966  4.29663445 -5.86251891]]
[[-5.97280151 -5.40942078  3.96895655]]
[[-5.87772626  4.39895959 -5.99185055]]
[[ 4.2871478  -5.93165421 -5.95170962]]
[[-5.98328608  4.24414324 -5.78270687]]
[[ 4.10306894 -5.88661517 -5.87438879]]
[[ 4.10267416 -5.79238491 -5.75750256]]
[[ 3.98371176 -5.80997389 -5.87228602]]
[[-5.97605757 -5.7274237   4.28727146]]
[[ 3.97286423 -5.81683163 -5.93334715]]
[[-5.99894108  4.43539122 -5.86524627]]
[[ 4.14994539 -5.89102396 -5.68584834]]
[[ 4.35691129 -5.85733901 -5.96239807]]
[[-5.99868112  4.256168   -5.85447822]]
[[-5.94705844  4.35582098 -5.88753959]]
[[-5.78201396 -5.97405988  4.11847959]]
[[-5.95177068  4.23592688 -5.89898638]]
[[ 4.10669331 -5.67339645 -5.8721051 ]]
[[-5.75732664 -5.66835129  3.97097065]]
[[ 4.08548557 -5.96629651 -5.62831023]]
[[-5.96835251  4.30645214 -5.95344531]]
