[[-3.19280136 -5.31476253  5.75299386]
 [-2.95623828  1.4788154  -1.62750223]]
[[-5.85946556  3.89650273 -3.85151971]
 [ 0.46884466 -0.06825945  0.58312169]]
[[ 4.57666796 -5.87054146 -5.78302006]
 [ 1.32307572 -0.49757242  2.15549662]]
[[ 4.32863059 -5.60590883 -4.90444902]
 [ 5.55218837  1.09539079  1.85997564]]
[[-5.02018426  4.68731441 -5.63892189]
 [ 2.17395136 -0.34170996 -2.34337235]]
[[-5.62094235 -4.9742829   3.94860186]
 [ 1.89871869 -0.20581442  5.37633315]]
[[ 5.04954085 -4.60961187 -3.74669252]
 [-1.10546508  1.46501658 -0.80378419]]
[[-5.70417342 -4.98981604  5.43464056]
 [ 0.65413468  1.49136859  0.59069407]]
[[ 5.98447923 -5.29327518 -4.84587066]
 [-2.99091978 -1.43057048  0.07897785]]
[[-5.96206717 -4.72921733  3.98248304]
 [ 0.80316948  0.42480458 -0.01400897]]
[[-5.90533368  5.49301611 -5.76674423]
 [-3.73211293 -1.24602687  2.29556956]]
[[ 5.69426602 -4.73516956 -4.75581327]
 [-0.86390217  1.74856423 -2.68126832]]
[[-5.60266999 -4.93382124  5.9921933 ]
 [-1.13929507  0.04340948 -2.69329933]]
[[-5.48631229  4.10756259 -5.556883  ]
 [ 1.10407135  0.73508318 -0.38915923]]
[[-5.91073302  5.01236279 -4.12779735]
 [ 1.85566489 -0.45954403  0.64539644]]
[[-5.32578188 -4.3519083   3.85653291]
 [ 1.47508243 -0.03858419 -0.01957944]]
[[-5.49850611 -4.2802053   5.24676266]
 [ 1.74140144  0.63283027  5.0189883 ]]
[[-5.12688872 -5.60906343  3.04263825]
 [ 1.6459095   1.47748447  2.78543581]]
[[-5.94748366  4.35262773 -5.66035094]
 [ 1.2758658  -1.17588002 -3.58962095]]
[[-5.50622603 -5.11714998  2.66198342]
 [ 1.29745731  0.2066982   1.47363768]]
[[-3.64119022 -4.98513169  5.81734778]
 [-0.22042413  1.09304155 -1.51864986]]
[[ 4.06009747 -5.97544259 -3.27433865]
 [-0.4480541  -0.64494427  0.48765566]]
[[-5.95298998 -3.83291692  5.35083819]
 [ 1.45100219 -1.35162046 -0.72845038]]
[[ 4.75171468 -5.6912672  -3.81645248]
 [ 0.8734146   2.70572598 -0.02847583]]
[[-5.61759215  4.19236269 -4.60896958]
 [ 3.28355684  5.04385145 -0.22004706]]
[[-5.51862215  5.8865751  -4.52583533]
 [ 1.04262818 -0.92679438  1.62614223]]
[[ 5.67882149 -3.23119824 -5.96890567]
 [-1.88931454 -0.97396651  2.83140019]]
[[-4.8130362   4.87341136 -5.92017916]
 [-0.22741355 -0.93504926  1.169462  ]]
[[ 5.87665363 -5.84331348 -2.66729407]
 [-1.69598144  2.26993476 -5.71586138]]
[[-5.29588229 -5.6833297   4.68102038]
 [ 0.08769383  1.96753635  1.04113403]]
[[-5.48727238 -4.45556141  4.58374126]
 [ 0.57084999  1.50252592 -0.48503923]]
[[-5.54104408  5.37930932 -5.04177685]
 [ 1.36420478 -1.19237915 -1.35605655]]
[[-5.91345109 -4.29872998  2.97085619]
 [ 2.7546122  -0.82258165  0.40420298]]
[[ 3.72960677 -4.75167149 -5.2590593 ]
 [ 2.1158956   1.62653341  1.51130815]]
[[ 5.64266834 -5.65236853 -5.85114631]
 [-1.85010568  1.38288737  1.55497901]]
[[-5.95989882 -4.65164398  4.70134172]
 [ 2.18367935  0.77339589  0.07707149]]
[[ 4.69528601 -4.08557373 -3.1613771 ]
 [-0.07104416  0.37196604 -0.43583956]]
[[ 5.99194563 -5.93331295 -4.01108883]
 [ 0.22128846  1.51802316 -0.27775152]]
[[-5.92877902  3.58946138 -5.71024341]
 [ 1.74656222  3.4949814   2.46807879]]
[[-4.37110677 -5.22699542  5.73782356]
 [-0.94975198  1.63060579  0.37144881]]
[[ 4.83399664 -5.36851939 -4.8680791 ]
 [-0.81167958  2.64777914 -1.24879072]]
[[-3.6447972  -5.30893772  5.47893849]
 [-0.36628972 -0.25936801 -2.26954972]]
[[-5.84675017  5.5229297  -5.64015212]
 [ 1.02181955  3.17460096  0.78230849]]
[[-5.62793054  3.94384217 -5.26388316]
 [ 1.7461841   4.93670475  1.40622536]]
[[-3.41251325 -4.9349462   5.83538517]
 [ 0.84082443 -1.23213039 -0.92700177]]
[[-4.76261855  5.58302627 -5.23286794]
 [-0.9615133  -1.13646091  0.67307634]]
[[ 5.86465802 -5.37317635 -5.76074614]
 [-0.97681438  0.7218911   1.70407391]]
[[ 3.30714306 -4.94642479 -5.25456703]
 [ 1.97561903  1.01146345  2.18896006]]
[[-4.17309866  3.97413873 -4.58551417]
 [ 0.59004603  0.9595523   0.52471016]]
[[-4.74193176  3.65113594 -5.01069864]
 [ 0.38047258  2.0156457   1.84232392]]
[[-4.48230585  3.82026952 -2.90756833]
 [ 1.31053582 -0.82579336 -2.56160117]]
[[ 3.22505245 -5.88786364 -5.08402115]
 [-0.75316984  1.84783068 -2.19822461]]
[[ 4.93529546 -5.20557412 -5.06770181]
 [-0.7305095  -0.89199426  0.62019064]]
[[-3.15346306 -5.40546018  5.22045942]
 [-0.73347643 -0.12261554 -2.92883873]]
[[ 3.31599614 -5.76798038 -5.47373442]
 [ 2.21587567  1.5729826   0.04231341]]
[[-5.23976411 -4.74289723  5.06358233]
 [ 0.4491066   0.78220737  1.46108836]]
[[ 5.61722934 -5.5204252  -2.70347273]
 [-0.66901908  2.79661618 -5.83233578]]
[[ 5.82828222 -5.86290283 -5.35044602]
 [-1.0152379   2.84767176 -4.49315038]]
[[-5.331799    3.94491914 -3.82921988]
 [ 0.21440557  1.00408204  0.60021969]]
[[-4.58450979  5.4912983  -3.44424221]
 [ 0.78998879  1.28624932  0.4295679 ]]
[[-4.27903096  4.17657567 -5.75869123]
 [-1.00271003  0.65916165  1.69036808]]
[[-5.93657503  3.96777118 -4.55028223]
 [ 1.93005928  4.99802402  0.41652992]]
[[-4.39815686  5.55631154 -2.63625044]
 [ 0.62915866 -2.74678518 -3.45745399]]
[[-4.75211286 -5.73171681  4.52309244]
 [ 2.0042635   1.79371739  3.73952903]]
[[-5.89727404  4.86902858 -5.31306282]
 [ 1.50727326 -2.63143693 -3.12779703]]
[[-3.85781934  5.28643875 -3.68850318]
 [-1.8034994  -2.45123434  0.26986458]]
[[ 5.9842084  -3.8029211  -5.11927684]
 [-3.14979143 -3.18989756  1.24297542]]
[[ 5.40706703 -5.2533135  -5.65135598]
 [ 5.04848587  2.06293713  1.82599689]]
[[-5.63071738  4.01473532 -5.85590426]
 [ 0.88583631 -1.67179439 -1.13066461]]
[[ 2.88184721 -5.81004387 -5.6781683 ]
 [ 1.1802924   2.26645218 -0.16857475]]
[[ 3.82381627 -4.23951095 -5.5406056 ]
 [ 1.62053129  0.10947203  1.55701612]]
[[-5.8201789  -5.59436695  2.64635882]
 [-0.40710545  1.09589336 -0.67872941]]
[[ 5.157711   -5.39835751 -5.95689167]
 [ 4.32045059  1.32775599  2.05134358]]
[[-5.60430173  5.15232695 -4.37615727]
 [-1.245943   -1.86620585  0.39779237]]
[[ 5.43563964 -4.4962064  -5.39031684]
 [ 4.83972638  1.42331931  0.34770912]]
[[ 5.94414973 -5.99611353 -3.96838794]
 [ 2.77660119  1.96586212  0.10535691]]
[[-5.80927874 -5.96878526  5.63331997]
 [ 2.03248959  1.18744192  5.8412783 ]]
[[-5.89540007  2.13738112 -5.14668819]
 [ 3.02727506  3.82722655  1.0590485 ]]
[[-4.62601596  5.14270675 -5.84836543]
 [-1.00892743 -2.69146528  1.14828444]]
[[ 5.58045169 -5.35015943 -5.90686498]
 [-0.55179497  1.94813854  0.29219107]]
[[-3.20167289  5.05048219 -5.39653196]
 [-5.45610816 -1.94686553  1.95480306]]
[[-5.93709816  4.51175563 -5.54014789]
 [ 1.72181553  4.85691071  1.49703987]]
[[-5.74850625  4.08547936 -3.72699811]
 [ 0.05098715  0.35542594  0.82211042]]
[[ 5.3196653  -5.610771   -5.76733744]
 [-2.27744124  0.43978076 -1.11424571]]
[[ 5.03006523 -5.81526586 -4.90230107]
 [-1.15779912  1.96239416 -3.98528731]]
[[-5.91233824  4.52066956 -5.66662192]
 [ 1.9346661   5.69950031 -0.00692105]]
[[-5.67915234  5.4845276  -5.78091528]
 [ 2.18243958 -0.22524395 -1.57235426]]
[[-4.33648973  4.2264545  -5.4353387 ]
 [ 0.08142487  1.37034861  2.39074026]]
[[ 5.34753799 -5.96989227 -4.57561932]
 [-2.94026994  0.3431992  -2.0477454 ]]
[[-5.94757289  5.42516469 -3.53842543]
 [ 1.22600945  3.41445379  0.44587914]]
[[ 5.22691543 -4.62370855 -4.48398768]
 [ 1.14839914  1.02961939  1.6487377 ]]
[[ 5.76641848 -3.73083585 -5.68891714]
 [-1.42751432  0.42078198  3.07149651]]
[[-4.90021943 -4.94080311  4.40750448]
 [-0.5746424  -0.11198701 -1.36449179]]
[[ 5.0840169  -4.72188481 -5.98602708]
 [ 0.91120764  0.22861774  1.3645262 ]]
[[-4.08157557  3.94508364 -5.93226871]
 [ 0.58467472  5.76770325  1.89210752]]
[[-4.5713284  -4.36295818  4.35672679]
 [-0.60881784  0.76614711 -1.02865305]]
[[ 5.67210936 -4.8156867  -4.43747639]
 [-1.91888506 -1.02978084  1.41216577]]
[[-3.66189085  2.89889174 -5.63262639]
 [-0.89873079  0.33367285  1.1745988 ]]
[[-5.88828666  3.05689969 -4.63407259]
 [ 0.48427323  5.38336803  1.14749049]]
[[-3.47937222 -5.56636359  4.64634791]
 [-0.99248625  2.00863256  0.09829444]]
[[ 4.59749339 -4.43611596 -4.7097117 ]
 [-0.74904064  1.40602501 -0.16213187]]
[[-5.36201474  3.12755739 -4.32733317]
 [-0.03952876  0.1062382   0.57552066]]
[[ 5.02258222 -4.94852018 -5.1407793 ]
 [ 1.14855933  0.04050758  1.40870443]]
[[-5.33511444 -4.26485126  4.23230946]
 [ 2.56367591 -2.33341835 -0.55954708]]
[[-4.8651841  -5.699087    2.24121604]
 [ 1.00260479  3.07793123  4.44103297]]
[[ 4.49626378 -3.06512752 -5.42594601]
 [-0.77804286 -3.11343814  2.289037  ]]
[[-4.91782246  5.02638343 -4.34292793]
 [ 1.61878081 -1.18999589  0.7161691 ]]
[[-5.68000743 -3.28223732  5.87857766]
 [ 1.51315947 -2.29482171 -0.90022129]]
[[-3.84925343  4.6842609  -5.04366706]
 [-0.43247547  1.10617     2.27483101]]
[[ 5.20545785 -4.86216815 -3.80257969]
 [ 0.82493741  1.44802315  0.28833606]]
[[-3.63695367  5.58717016 -4.6242284 ]
 [-3.89057073 -1.63219202  1.14161081]]
[[ 3.90938956 -3.96993047 -4.02194183]
 [-0.26286397  0.3187346  -0.34663284]]
[[ 4.65260226 -5.6046389  -5.16111703]
 [ 3.04704122  0.66983905  0.9412637 ]]
[[-5.55492721 -5.00447085  3.81302167]
 [ 0.47252517  1.22707411  4.59186991]]
[[ 5.46292596 -5.8294303  -5.17789632]
 [-1.73471642 -0.46025754  0.69865964]]
[[-5.18502179 -5.22081014  4.82943867]
 [ 0.25210763  2.26318989  5.67247957]]
[[ 5.95456736 -4.11788237 -4.38360577]
 [-0.46825449  1.41725363 -0.7868496 ]]
[[-4.83846605  5.45725225 -4.84554827]
 [ 0.74151482  1.8664939   0.81236839]]
[[ 4.88789091 -4.69807078 -4.96156513]
 [ 1.2447612  -0.34994998  2.24333999]]
[[-3.16679349  5.5207041  -4.89357467]
 [-0.02515454 -0.7226882   2.08975442]]
[[ 5.06993914 -4.6148704  -5.99222795]
 [-1.98079624 -1.12952692 -0.01377128]]
[[ 3.76256505 -3.92758728 -5.06611704]
 [-0.87672215 -0.01793506  0.26420259]]
[[-3.97074825  3.1600132  -4.72797866]
 [ 0.44067521  5.55012914  2.01160969]]
[[ 5.98620556 -3.99086693 -3.65774349]
 [-3.32522578  0.94646819 -4.11766607]]
[[-4.91344689 -5.68179304  3.59076249]
 [-1.52096791  1.83036398 -1.40448483]]
[[-2.42855504  3.68232544 -5.69270457]
 [-2.23278769 -0.54305162  2.67243433]]
[[-3.67776619 -5.04537037  5.61773302]
 [-2.12743046  0.67149856 -3.18717663]]
[[-5.16865145  3.0567848  -4.93122582]
 [ 1.21007168  2.59917888  0.82309582]]
[[ 3.32382867 -5.42528657 -5.52271961]
 [-0.49732683 -1.31053469  1.11097519]]
[[ 4.19524562 -4.70309987 -5.73506698]
 [-0.33833482  0.33175781  2.90835985]]
[[ 5.8192405  -3.98622716 -5.83515588]
 [-2.44238284  0.65373845 -2.51373551]]
[[-5.85834574 -5.70048409  3.30138446]
 [ 1.86057429  0.71716203  1.66815113]]
[[-5.07856215 -5.49219859  5.47192641]
 [ 1.45619837  1.06398517  3.8300672 ]]
[[-5.14526664  3.70275372 -5.64022244]
 [-0.12575003  0.45119248  1.63898454]]
[[-4.88569562  2.94319209 -5.82085862]
 [ 1.75569879  1.70737617  1.37459577]]
[[-4.84105118 -5.83195498  2.50006543]
 [ 2.49051592  0.01945547  4.07826966]]
[[-5.3316569  -5.22761934  5.73539196]
 [ 1.41685305 -3.4047962  -1.06445746]]
[[ 3.40625286 -5.78651975 -4.23793445]
 [ 0.01834344  1.79653741  0.08878872]]
[[-5.58954289 -5.77690535  5.09949851]
 [ 1.14206512 -0.09744272 -0.09302423]]
[[-5.70802705 -5.11396396  5.38402607]
 [ 1.04271435  0.69521245  5.27335659]]
[[-5.81809989 -3.3626176   3.79413126]
 [ 2.38915409 -3.32211369 -0.89436416]]
[[-5.19739104e+00 -5.34014879e+00  3.35511901e+00]
 [ 4.74483576e-01  1.92374177e-01 -1.57388784e-03]]
[[ 5.30024676 -3.14706822 -4.14865652]
 [-1.81288535  0.18396006 -1.45098419]]
[[-5.78825516  5.74469396 -2.3410723 ]
 [ 0.99303484 -2.28419686 -2.04932418]]
[[ 5.65061326 -5.02236297 -3.92865303]
 [ 0.09586768  2.19252889 -1.68353504]]
[[-5.55918879  2.84723577 -5.26888587]
 [ 1.73791762  1.92019003 -0.12301936]]
[[-4.70766726  3.41936808 -4.62055709]
 [ 0.47609706  2.06944742  0.78190857]]
[[ 3.55234511 -5.04854402 -5.48327533]
 [ 0.7956274   0.02633449  1.14372109]]
[[-4.52329341 -3.4322899   4.7742358 ]
 [ 0.09838604 -0.37104752 -0.68239828]]
[[-4.94629574 -5.06312491  4.7702822 ]
 [ 0.72227183  1.16625473  0.69787595]]
[[-4.29085961 -4.79552117  4.54805621]
 [ 0.51472454  1.02279395  3.44809296]]
[[-5.22290983 -5.69241349  3.80399904]
 [ 1.06185157 -0.13921509  1.190804  ]]
[[-4.63330177 -5.74770587  4.69756845]
 [-5.88921104  3.53128874 -0.27744263]]
[[-5.83035732 -4.83679614  4.61125774]
 [-0.36754743  2.1473253  -0.73523826]]
[[-5.49049358 -3.9709137   4.93971642]
 [ 0.04363699  1.09489525  1.90540785]]
[[-5.46805967 -5.24247399  5.11983048]
 [ 1.50842155  0.98067186  0.83220038]]
[[-5.94150478  5.57119213 -5.77228567]
 [-4.87295155 -0.76222948  1.59037444]]
[[ 5.47069482 -5.33223482 -3.99927517]
 [ 0.20494367  1.03122375  0.37663904]]
[[-5.49205475  2.46604042 -5.23868062]
 [ 1.88186774  5.73389234  2.1848565 ]]
[[ 4.46590467 -5.73473398 -5.96877679]
 [ 2.57536319  2.97507272  0.02473522]]
[[-3.34251069  5.91517206 -5.66581774]
 [-3.26150742 -1.32221379  1.74598489]]
[[-3.61356722  5.49193721 -4.93360525]
 [-5.0343901  -2.24617114  1.03799758]]
[[-4.19233295  5.92069842 -5.27724886]
 [-0.37799635  0.90446277  1.14605748]]
[[ 3.86071627 -5.81431165 -4.59792842]
 [ 4.46959965  0.94621414  1.43195811]]
