[[ 4.28914978 -5.82774731 -5.94836936]]
[[ 4.04918899 -5.50385476 -5.96397637]]
[[-5.78579587  4.15856419 -5.99016395]]
[[-5.95919502 -5.86534023  4.29692759]]
[[ 4.25989779 -5.92378175 -5.79307648]]
[[-5.84788682  4.28019537 -5.90727511]]
[[-5.96651868 -5.86617251  4.37176064]]
[[ 4.23564167 -5.89854115 -5.79862437]]
[[ 4.30922578 -5.93801356 -5.93986792]]
[[-5.91161513  4.2763765  -5.85211688]]
[[ 4.14612814 -5.99248864 -5.74844276]]
[[-5.745112    4.17768045 -5.98333779]]
[[ 4.015351   -5.89677402 -5.99494813]]
[[-5.97825755 -5.88532712  4.10704261]]
[[-5.85789625 -5.99275647  4.43632965]]
[[-5.98888007  4.15307781 -5.72106035]]
[[-5.97933987 -5.81177896  3.92499546]]
[[-5.64339253  3.92374021 -5.92307492]]
[[-5.87571806  3.93238349 -5.46851378]]
[[-5.91268085 -5.9699507   4.24979194]]
[[ 4.19146764 -5.80445073 -5.90164906]]
[[-5.90593579 -5.88702687  4.33256669]]
[[ 4.02216866 -5.76529229 -5.73749914]]
[[ 4.17522652 -5.87785993 -5.93452091]]
[[-5.66638131 -5.98072478  4.13576715]]
[[-5.55931164 -5.96120167  4.01564784]]
[[ 4.27151203 -5.85023372 -5.83447653]]
[[ 4.10275799 -5.91765502 -5.61740342]]
[[ 4.49510486 -5.97080848 -5.98000883]]
[[ 4.07596348 -5.66473567 -5.99355683]]
[[ 4.0776007  -5.92227946 -5.80709306]]
[[-5.99140984 -5.90367846  4.47249585]]
[[-5.97263756 -5.9990143   4.18298331]]
[[-5.61830651  3.93781988 -5.81581736]]
[[ 4.16101129 -5.66868848 -5.93803707]]
[[ 4.22743822 -5.83325605 -5.86879152]]
[[-5.99298729  4.31863936 -5.84737345]]
[[ 4.08433833 -5.68515421 -5.92987657]]
[[-5.95862475  4.48145172 -5.95837514]]
[[ 4.26849987 -5.79744756 -5.93015078]]
[[ 4.05727766 -5.95597204 -5.9508243 ]]
[[-5.93975328  4.27604073 -5.95834433]]
[[-5.83237227  4.01116429 -5.94980121]]
[[-5.96470462 -5.95412566  4.27880917]]
[[ 4.17456905 -5.70977063 -5.95133972]]
[[-5.83612343 -5.98674954  4.31831556]]
[[ 4.2851555  -5.8219945  -5.94330739]]
[[-5.92851009  4.07804619 -5.81337733]]
[[-5.87388056  4.24921619 -5.85699168]]
[[-5.95833107 -5.93335674  4.32755894]]
[[-5.96242719  4.32692818 -5.79001675]]
[[-5.90980643 -5.8659715   4.27294065]]
[[-5.81058913  4.11669086 -5.95477183]]
[[ 4.23424369 -5.85472085 -5.80491075]]
[[ 4.29321126 -5.99850047 -5.97878346]]
[[-5.88550111  4.41320133 -5.99750587]]
[[-5.88246003 -5.79547352  4.04986415]]
[[ 3.89377586 -5.57613705 -5.88113371]]
[[ 4.12174256 -5.90074795 -5.80296118]]
[[-5.98741917  4.15251186 -5.89030463]]
[[-5.77591733 -5.93442597  4.28735923]]
[[-5.85137135  4.16453184 -5.76837106]]
[[ 4.38282348 -5.95860074 -5.9794895 ]]
[[-5.8811741   4.27292247 -5.96627942]]
[[-5.91900771  4.30752533 -5.95352329]]
[[ 3.99620408 -5.5523981  -5.98728124]]
[[ 4.09540885 -5.9515427  -5.59232434]]
[[ 4.01915089 -5.96620021 -5.78767189]]
[[ 3.95353912 -5.77249637 -5.76457665]]
[[ 3.93228156 -5.96150851 -5.88035289]]
[[-5.68024276  4.18155533 -5.99410843]]
[[ 4.03440486 -5.95315009 -5.7962754 ]]
[[-5.86777384 -5.80257248  4.22733738]]
[[ 3.90774961 -5.64876964 -5.75229219]]
[[ 4.09876619 -5.93961802 -5.76313301]]
[[-5.78041739 -5.80869428  4.05407287]]
[[-5.75075538  4.22027134 -5.95023928]]
[[ 4.1675064  -5.71709499 -5.9062793 ]]
[[-5.84769052 -5.86436395  4.27198082]]
[[ 4.29538578 -5.82833646 -5.88482957]]
[[-5.65333364 -5.99631703  4.12866772]]
[[ 4.05679508 -5.76342594 -5.93852464]]
[[-5.93776393  4.36487872 -5.85476223]]
[[-5.83130507 -5.91025806  4.29091341]]
[[ 3.94430578 -5.89611297 -5.46371167]]
[[-5.90201871  4.27164472 -5.97908211]]
[[-5.99365926  4.22982587 -5.99458306]]
[[-5.64256504  4.04449167 -5.91244262]]
[[-5.93979457  4.43467578 -5.98354185]]
[[ 4.14055373 -5.9095847  -5.69082055]]
[[-5.87352497  4.15955397 -5.82873688]]
[[ 4.15729925 -5.88143721 -5.82806947]]
[[ 3.95607685 -5.8048946  -5.64296832]]
[[ 4.2168958  -5.94530025 -5.8269988 ]]
[[-5.91936774  4.14146075 -5.87998223]]
[[-5.95707503 -5.97085989  4.29687406]]
[[ 4.16955343 -5.82967357 -5.95379041]]
[[-5.71429614 -5.90355151  3.85763934]]
[[-5.82851642  4.09982745 -5.8405643 ]]
[[-5.98586372  4.43921545 -5.91603265]]
[[ 4.21717264 -5.76680608 -5.90437474]]
[[-5.75678928 -5.91070205  3.98034688]]
[[-5.97098926  4.1455     -5.73296717]]
[[-5.86562032  4.34833512 -5.96147311]]
[[ 4.25626356 -5.98471346 -5.74914513]]
[[-5.51870521 -5.83060453  3.93642503]]
[[ 4.07619742 -5.8756057  -5.63691761]]
[[-5.93041996 -5.90542031  4.25181627]]
[[ 4.33821994 -5.9260013  -5.92024486]]
[[-5.75457365 -5.95519799  4.11755514]]
[[ 4.20748389 -5.93456482 -5.76487959]]
[[-5.88980512  4.16749275 -5.97759646]]
[[-5.92251912 -5.9181301   4.12856646]]
[[-5.78352721 -5.97943116  4.08153475]]
[[-5.49212974 -5.8698908   3.90309093]]
[[ 4.01345512 -5.66216337 -5.90118779]]
[[-5.8350698  -5.87660507  3.95290847]]
[[-5.97653849 -5.8267535   4.28638503]]
[[-5.99422807  4.38781211 -5.85888769]]
[[-5.92143078 -5.65433342  3.94923972]]
[[-5.9808593   4.27017911 -5.8033353 ]]
[[ 4.3701945  -5.83537255 -5.97336948]]
[[ 3.88696077 -5.82557481 -5.82862855]]
[[-5.87191306  4.18031997 -5.8532293 ]]
[[-5.59960905  3.97804282 -5.90994533]]
[[-5.89817464 -5.96942459  4.16223752]]
[[-5.96236398 -5.95314983  4.14278861]]
[[-5.94307732  4.44662803 -5.9675435 ]]
[[-5.96844245 -5.96528054  4.12877015]]
[[-5.91579255  4.21121733 -5.82805098]]
[[-5.91977549 -5.89782083  4.37553812]]
[[-5.90865208 -5.98425593  4.11958485]]
[[-5.948244    4.36206331 -5.90960583]]
[[-5.78169281  4.2193277  -5.91673027]]
[[ 4.04692428 -5.94801729 -5.60300186]]
[[-5.96906395  4.48036617 -5.97401672]]
[[-5.79169586  4.09502589 -5.79827167]]
[[-5.76750123  4.00777278 -5.89614939]]
[[-5.93027209 -5.93888763  4.32946639]]
[[-5.99287483  4.09441529 -5.57336926]]
[[-5.80964812 -5.71757441  4.07793916]]
[[-5.89313609 -5.94498514  4.41558628]]
[[ 4.2956244  -5.98425516 -5.77475436]]
[[ 4.44749656 -5.93649879 -5.96444893]]
[[ 4.16675969 -5.84972515 -5.75556759]]
[[ 4.21836105 -5.9691475  -5.93475864]]
[[-5.90918532  3.9520051  -5.68902116]]
[[ 4.15789332 -5.7058212  -5.98155389]]
[[ 4.08472064 -5.89500783 -5.84959656]]
[[ 4.10551523 -5.81834737 -5.89775722]]
[[ 4.02372193 -5.53897024 -5.90270436]]
