[[0.02290156 0.02362734 0.98114333 0.97645554]]
[[0.02279969 0.00873427 0.98113441 0.97870001]]
[[0.02229343 0.01967728 0.9778502  0.97773696]]
[[0.02174344 0.00416019 0.97850961 0.97719158]]
[[0.02359574 0.02320374 0.98667667 0.98377827]]
[[0.02284598 0.0057566  0.98088397 0.97894531]]
[[0.02375045 0.01260413 0.98642456 0.98338758]]
[[0.01830253 0.01218582 0.97780647 0.97880365]]
[[0.02343903 0.0194522  0.97679787 0.97649429]]
[[0.0233758  0.00684201 0.98308175 0.98049835]]
[[0.02285824 0.00852492 0.98418209 0.97826532]]
[[0.02240075 0.0034785  0.98257635 0.97774656]]
[[0.02209884 0.00609344 0.97889905 0.97753021]]
[[0.02262006 0.0184192  0.98203246 0.9807784 ]]
[[0.02194817 0.01661627 0.98025163 0.97670811]]
[[0.02102458 0.02205164 0.98222585 0.9806983 ]]
[[0.02252973 0.01573094 0.98164703 0.97958091]]
[[0.0230738  0.00476665 0.98455944 0.9800226 ]]
[[0.02081737 0.01451784 0.97611308 0.97619062]]
[[2.35370490e-02 9.34350401e-04 9.84357802e-01 9.78698279e-01]]
[[0.02329985 0.01384849 0.97732367 0.97853769]]
[[0.02319921 0.0015527  0.97982229 0.97874358]]
[[0.02384412 0.00149366 0.98194663 0.97764577]]
[[0.02251027 0.00810486 0.97910464 0.97699666]]
[[0.02277456 0.00233649 0.97849623 0.97774472]]
[[0.02325794 0.00590709 0.97919021 0.97732533]]
[[0.02358519 0.01793051 0.97968367 0.97613451]]
[[0.02207881 0.01274754 0.98417729 0.97870039]]
[[0.0229365  0.01685416 0.9868789  0.98500512]]
[[2.32560611e-02 5.77047136e-04 9.82805956e-01 9.77199324e-01]]
[[0.02275775 0.00487947 0.97937557 0.97605655]]
[[0.02045417 0.00533418 0.9804249  0.97899592]]
[[0.02257699 0.01318627 0.98426969 0.98060793]]
[[0.02394038 0.01353463 0.98556077 0.97992891]]
[[0.02196909 0.01989536 0.97920531 0.98094622]]
[[0.02176494 0.02119651 0.98488962 0.98146299]]
[[0.02268048 0.00220246 0.97884311 0.97888456]]
[[0.02399073 0.0027098  0.97745987 0.97768902]]
[[0.02213782 0.00343097 0.98345448 0.98149588]]
[[0.02205736 0.00683839 0.98363823 0.98184651]]
[[0.02288524 0.00466313 0.98336689 0.97673812]]
[[0.02267837 0.00974499 0.97886818 0.98247409]]
[[0.02343159 0.02285847 0.97902982 0.97839797]]
[[0.02155491 0.0136783  0.98295648 0.97868178]]
[[0.02230218 0.00638    0.978223   0.97897032]]
[[0.02311421 0.01071394 0.98168675 0.97867561]]
[[0.02172412 0.00912237 0.98462952 0.97757526]]
[[0.0222777  0.02266087 0.98406157 0.98069668]]
[[0.02337302 0.00154997 0.98739229 0.98594352]]
[[0.02283558 0.01616242 0.98375102 0.9815804 ]]
[[0.02357181 0.01400753 0.98202439 0.97682666]]
[[0.02007043 0.00565949 0.97697125 0.97735783]]
[[0.02379173 0.0232809  0.98257021 0.98067368]]
[[0.02058103 0.00625956 0.97964449 0.97879232]]
[[0.02129041 0.00200696 0.97600294 0.97746891]]
[[0.02351014 0.01857543 0.97825891 0.97795819]]
[[0.02359993 0.00127347 0.98625421 0.97843602]]
[[0.02141818 0.01927487 0.9808307  0.98045165]]
[[0.02368686 0.01464264 0.98110303 0.97832984]]
[[0.02217742 0.00726021 0.97765196 0.97672657]]
[[0.02353776 0.01115205 0.98479379 0.98194325]]
[[0.022264   0.00826383 0.98037845 0.97877395]]
[[0.02364667 0.01540121 0.97980326 0.9830111 ]]
[[0.02065784 0.00410771 0.97947402 0.97800718]]
[[0.02379417 0.0173413  0.97963735 0.97983071]]
[[0.02242079 0.01241381 0.98480057 0.9845673 ]]
[[0.02172468 0.00771718 0.97991571 0.97855061]]
[[0.02365381 0.01853809 0.97958072 0.98058424]]
[[0.02351342 0.01480581 0.98124935 0.97846288]]
[[0.0223644  0.00687024 0.9848541  0.98039894]]
[[2.39206113e-02 1.70194282e-04 9.84494273e-01 9.78770697e-01]]
[[0.02058323 0.00629782 0.9797686  0.97760103]]
[[0.02162499 0.0025373  0.98504978 0.98354526]]
[[0.0232029  0.01061259 0.97756635 0.97843378]]
[[0.02392211 0.01063012 0.98278675 0.97929283]]
[[0.02226699 0.0157834  0.97905785 0.98204352]]
[[0.02290159 0.01439944 0.97716346 0.97702358]]
[[0.02306148 0.02383811 0.97720145 0.98125721]]
[[0.02342874 0.01227086 0.97791667 0.97894356]]
[[0.0236574  0.00570063 0.98182252 0.97655853]]
[[0.02395123 0.02039908 0.9834331  0.97936948]]
[[0.02380496 0.01179797 0.97771785 0.97681448]]
[[0.0218318  0.00486716 0.98471229 0.97919485]]
[[0.02165806 0.01449266 0.98133395 0.97719633]]
[[1.97371607e-02 6.62661170e-04 9.81775860e-01 9.79679624e-01]]
[[0.02206135 0.0166719  0.98201679 0.97832373]]
[[0.01981251 0.01722132 0.98222483 0.97842789]]
[[0.02191433 0.0217341  0.97765952 0.97829993]]
[[0.02180375 0.00123787 0.98369798 0.97889145]]
[[0.02273331 0.00950909 0.98017578 0.97837732]]
[[0.02144034 0.00395582 0.98322714 0.97791843]]
[[0.02375241 0.01131682 0.98676677 0.98346584]]
[[0.02178671 0.00511227 0.98527259 0.9827183 ]]
[[0.02015016 0.01736849 0.97886038 0.9788629 ]]
[[0.02224765 0.01078599 0.98191407 0.98091342]]
[[0.02250892 0.01184916 0.98030658 0.97871664]]
[[0.01963225 0.0119077  0.97817225 0.97729775]]
[[0.02363205 0.00865432 0.98113958 0.98062284]]
[[0.02349494 0.00263268 0.987474   0.98676724]]
[[0.02119842 0.0234761  0.98060214 0.97973036]]
[[0.02251851 0.01126346 0.98082168 0.97905019]]
[[0.02222224 0.01259178 0.98309081 0.97837598]]
[[0.0238099  0.00766519 0.98266498 0.98146203]]
[[0.02169518 0.01663514 0.98549118 0.98280263]]
[[0.02360335 0.00327466 0.9865125  0.98235404]]
[[0.01958835 0.00693423 0.97867498 0.97799622]]
[[0.02354509 0.01594351 0.97885075 0.97752042]]
[[0.02177062 0.00933415 0.98167121 0.97974508]]
[[0.0226311  0.00277658 0.97771537 0.97752786]]
[[0.02120052 0.01946462 0.97986454 0.97950322]]
[[0.02304172 0.005649   0.98254287 0.97785866]]
[[2.20850715e-02 8.19711014e-04 9.84283913e-01 9.79245779e-01]]
[[0.02397299 0.02281369 0.98009021 0.97933922]]
[[0.02235372 0.02160714 0.97686711 0.97739471]]
[[0.02298651 0.00594309 0.98637045 0.98281252]]
[[0.01941125 0.02150898 0.97613709 0.97617053]]
[[0.02124444 0.009216   0.97741701 0.97638515]]
[[0.0226878  0.0081503  0.98125452 0.9793669 ]]
[[0.02119111 0.0091685  0.97697087 0.97860053]]
[[0.02115837 0.02205371 0.9776301  0.97771186]]
[[0.02232322 0.00392454 0.97988061 0.9789693 ]]
[[0.02113559 0.01066205 0.98465522 0.98345117]]
[[0.02355055 0.00433364 0.97759198 0.9776279 ]]
[[0.0230386  0.01744396 0.98143724 0.98140546]]
[[0.02328078 0.02273599 0.97993992 0.97946104]]
[[0.02249311 0.003692   0.9795178  0.97726144]]
[[0.02241923 0.01889461 0.98132852 0.9773306 ]]
[[0.0228222  0.0154414  0.97919309 0.97849258]]
[[0.02344729 0.01911421 0.9860323  0.98582778]]
[[0.0231733  0.02374166 0.98188751 0.98236504]]
[[0.02231679 0.01833235 0.97633782 0.97678374]]
[[0.02350121 0.01868776 0.97821857 0.97757161]]
[[0.02220698 0.01238453 0.98084443 0.97835555]]
[[0.02126525 0.01411167 0.97781369 0.98000236]]
[[0.02296068 0.0090249  0.98551309 0.97818007]]
[[0.02277451 0.018596   0.98089563 0.9804157 ]]
[[0.02192137 0.00448045 0.98147025 0.97958817]]
[[0.02223987 0.00212639 0.98494743 0.98261089]]
[[0.02360083 0.01688874 0.97864208 0.97760601]]
[[0.02212549 0.00271559 0.98192935 0.97990346]]
[[0.02395831 0.01097882 0.9812635  0.98002535]]
[[0.02149814 0.00452054 0.98160097 0.97694789]]
[[0.0235834  0.00886317 0.98365701 0.97946932]]
[[0.02090271 0.00217259 0.9815472  0.97748815]]
[[0.02390695 0.00775531 0.98503071 0.97743951]]
[[0.02379795 0.00549676 0.97973658 0.97761575]]
[[0.02385251 0.01584529 0.98180079 0.97614124]]
[[0.02331977 0.02375953 0.9871703  0.98678892]]
[[0.02299884 0.02238017 0.98422822 0.98222276]]
[[0.02103209 0.02367892 0.98092334 0.98062791]]
[[0.02386256 0.00596397 0.97848145 0.97693367]]
[[0.02073939 0.0214016  0.98032903 0.97945275]]
[[0.02030196 0.00553268 0.98000845 0.97630425]]
[[0.02296647 0.01544027 0.98563472 0.97689572]]
[[2.13860417e-02 3.91948146e-04 9.80525663e-01 9.77540490e-01]]
[[2.24391675e-02 5.61239417e-04 9.81411073e-01 9.76095812e-01]]
[[0.02144839 0.01772639 0.98189831 0.98097029]]
[[0.02354062 0.01786898 0.9846367  0.97647246]]
[[0.02380912 0.02233633 0.98049892 0.98139762]]
[[0.02063869 0.00799252 0.98329515 0.9788873 ]]
[[2.38340360e-02 2.83115274e-04 9.87741438e-01 9.80617802e-01]]
