[[0.02345034 0.01266525 0.97738633 0.97879705]]
[[0.0220145  0.00467851 0.97901438 0.97667166]]
[[0.02229421 0.01279321 0.97838021 0.97613838]]
[[0.02291573 0.00495509 0.98102644 0.97665014]]
[[0.0218592  0.01640819 0.98540939 0.98068195]]
[[0.02110693 0.02385916 0.97920548 0.97850601]]
[[0.0237674  0.00393566 0.98146919 0.97816071]]
[[0.02306939 0.00282073 0.98128554 0.97861664]]
[[0.02098945 0.01795351 0.97994551 0.97650835]]
[[0.02137256 0.00388692 0.97859118 0.97760796]]
[[0.02361761 0.01308701 0.9809956  0.97743184]]
[[0.02323719 0.01740272 0.98089329 0.97683419]]
[[0.0236552  0.01679154 0.9811953  0.9788295 ]]
[[0.02338398 0.01886494 0.9807041  0.98056265]]
[[2.31028962e-02 7.59198649e-04 9.79841035e-01 9.76005963e-01]]
[[0.02265931 0.00366209 0.98174558 0.97997241]]
[[0.02144791 0.00874468 0.98347074 0.98067998]]
[[0.01953732 0.0024594  0.97766653 0.97672254]]
[[0.02112446 0.02189446 0.98173024 0.9792303 ]]
[[0.02250981 0.01211434 0.98061298 0.98312367]]
[[0.02264368 0.00187844 0.98351054 0.98193477]]
[[0.0216611  0.01707842 0.98114844 0.97795304]]
[[0.02167311 0.00925479 0.97940213 0.97978565]]
[[0.02309706 0.00459191 0.9844465  0.98036104]]
[[0.02227589 0.0164514  0.9842807  0.97611062]]
[[2.36847301e-02 3.21944636e-04 9.85966871e-01 9.81107669e-01]]
[[0.02361378 0.00133359 0.98219113 0.97883364]]
[[0.02322913 0.0030784  0.98075987 0.9793869 ]]
[[0.02375023 0.01003904 0.97830903 0.98196644]]
[[0.02317114 0.0061741  0.98444509 0.98287688]]
[[2.32139162e-02 9.10310758e-04 9.86824687e-01 9.82728262e-01]]
[[0.02377603 0.00797146 0.98525492 0.98403008]]
[[0.02148376 0.00756783 0.98162766 0.97940064]]
[[0.01975625 0.00204118 0.9814599  0.97695591]]
[[2.20682873e-02 1.38918517e-04 9.81384700e-01 9.77458404e-01]]
[[2.16093736e-02 8.02502953e-04 9.81562577e-01 9.78096906e-01]]
[[0.02381708 0.02368116 0.98069159 0.9813321 ]]
[[0.01972348 0.00549145 0.9782988  0.97767688]]
[[0.02263419 0.00174888 0.97979251 0.97620406]]
[[0.02166934 0.01534444 0.98097522 0.97944641]]
[[0.02391758 0.00388411 0.98541407 0.97936903]]
[[0.02249878 0.00954866 0.98558577 0.98408222]]
[[0.01875747 0.00942143 0.97903059 0.97819794]]
[[0.02371952 0.00439206 0.98613891 0.98459399]]
[[0.02340502 0.01529548 0.98251037 0.97842613]]
[[0.02254305 0.01088334 0.98519176 0.98470837]]
[[2.16128956e-02 4.35732831e-04 9.81447003e-01 9.78982930e-01]]
[[0.02231163 0.0027045  0.98035423 0.97668689]]
[[0.02250581 0.01180301 0.98169564 0.98054636]]
[[0.02325701 0.00844335 0.98235045 0.98005334]]
[[0.02207621 0.0217987  0.97681469 0.97674007]]
[[0.02381087 0.0130606  0.98396141 0.97997245]]
[[0.02204273 0.01508174 0.97873385 0.97782578]]
[[0.02399189 0.01130616 0.9839887  0.97942827]]
[[0.02297977 0.01825507 0.98506902 0.98601152]]
[[0.02336932 0.015974   0.98603656 0.98525176]]
[[0.02271218 0.01656608 0.97918846 0.97959949]]
[[0.02031156 0.0098797  0.98404094 0.97947603]]
[[0.02344898 0.01926772 0.97851259 0.97734991]]
[[0.02227889 0.01298077 0.98025005 0.97713257]]
[[0.01995628 0.01928402 0.97906941 0.97904569]]
[[0.02129518 0.00966499 0.97714659 0.97609711]]
[[0.02121249 0.02174616 0.97631889 0.97848001]]
[[0.02340838 0.00242075 0.98519145 0.97912758]]
[[0.02343925 0.00779293 0.9839408  0.97617447]]
[[0.02050957 0.019942   0.98000053 0.97678804]]
[[0.02300712 0.00934174 0.98279782 0.97931357]]
[[0.0227177  0.00226579 0.98185923 0.97611858]]
[[0.02125694 0.00706142 0.98295302 0.97691667]]
[[0.02349498 0.00821125 0.97985221 0.97993214]]
[[0.02313823 0.01267495 0.97878676 0.97836374]]
[[0.02383186 0.00476222 0.98387093 0.97858812]]
[[0.02080011 0.00289637 0.98261387 0.97985342]]
[[0.02378164 0.01526171 0.98104422 0.97821337]]
[[0.02177944 0.01580729 0.98043969 0.9764288 ]]
[[0.02374325 0.01535814 0.98388823 0.98244127]]
[[0.02318152 0.00429448 0.98388077 0.9816822 ]]
[[0.023555   0.00304308 0.97626562 0.97781662]]
[[0.02149356 0.002843   0.98520774 0.97981563]]
[[2.20181510e-02 8.90278171e-04 9.84736920e-01 9.81765469e-01]]
[[0.02199739 0.00868212 0.98013333 0.97839094]]
[[0.0219377  0.00339501 0.98027051 0.97816501]]
[[0.02207927 0.00952555 0.98152787 0.97864549]]
[[0.02201186 0.00929308 0.98325804 0.98025439]]
[[0.02178003 0.0138454  0.9847711  0.98284467]]
[[0.01950172 0.01433255 0.97727762 0.97608784]]
[[0.02370308 0.01210048 0.98546179 0.9832539 ]]
[[0.02256782 0.00614441 0.98487861 0.98148695]]
[[0.02271695 0.01909763 0.98354501 0.9783173 ]]
[[0.02381974 0.01878662 0.98158728 0.97953715]]
[[0.0228131  0.00237429 0.98457583 0.97833641]]
[[2.38050939e-02 2.22990802e-04 9.85956202e-01 9.77056066e-01]]
[[0.0231681  0.0185064  0.98140176 0.97920313]]
[[0.02098541 0.00638127 0.97842415 0.97755548]]
[[0.02289446 0.00886871 0.97935484 0.97762681]]
[[0.02245428 0.00687216 0.9836101  0.98102991]]
[[0.02170059 0.00293012 0.98521758 0.98089426]]
[[0.02219879 0.02229243 0.97680115 0.97890761]]
[[0.02332486 0.02060509 0.9805052  0.98162598]]
[[0.02234185 0.00976968 0.98199134 0.9814393 ]]
[[0.02131078 0.00216552 0.98126372 0.97626116]]
[[0.02220226 0.01179947 0.98072341 0.97996571]]
[[0.02370341 0.0118707  0.98104439 0.97946556]]
[[0.02173776 0.01105234 0.98461239 0.97947266]]
[[0.02294188 0.00333372 0.98028248 0.97940225]]
[[0.02067016 0.01336806 0.97854705 0.97815875]]
[[2.31963687e-02 4.08655182e-04 9.82386279e-01 9.76318549e-01]]
[[0.02258113 0.0183037  0.97855986 0.98076089]]
[[0.02324125 0.0120226  0.98524782 0.98128277]]
[[0.02332636 0.00592446 0.98301882 0.97995241]]
[[0.02288664 0.02368936 0.97728512 0.97672291]]
[[0.01963727 0.01567195 0.97703158 0.976263  ]]
[[0.02383365 0.01719602 0.98171071 0.98109959]]
[[0.01878705 0.0129504  0.97701053 0.97650849]]
[[0.02309056 0.00400122 0.98181317 0.9798391 ]]
[[0.02325875 0.01174565 0.98274282 0.97825586]]
[[0.02231139 0.00706196 0.98127569 0.9762734 ]]
[[0.02351574 0.01305332 0.98508408 0.98368761]]
[[0.02305063 0.01223655 0.98416169 0.97916266]]
[[0.02351308 0.00113603 0.98283843 0.9767387 ]]
[[0.02189021 0.02028207 0.98298868 0.98092409]]
[[0.021789   0.00658554 0.97951518 0.97666505]]
[[0.02284503 0.01120573 0.98384096 0.98038077]]
[[0.02353514 0.0149433  0.98409098 0.97885731]]
[[0.02234779 0.00478777 0.98481779 0.97768504]]
[[0.02258371 0.01028575 0.97748519 0.97941909]]
[[0.02397009 0.01245102 0.98538083 0.98132923]]
[[0.02268284 0.00919546 0.98088988 0.98171051]]
[[0.02302802 0.01809121 0.98283746 0.98075444]]
[[2.37362168e-02 8.23894685e-04 9.83217244e-01 9.76487350e-01]]
[[0.02341382 0.01846075 0.98400253 0.98037408]]
[[0.02350224 0.00441565 0.98506638 0.98528014]]
[[0.02013145 0.00532504 0.98136778 0.97848007]]
[[0.02299489 0.00685053 0.9771478  0.97620658]]
[[0.02242305 0.00215074 0.97949046 0.97779219]]
[[0.02300331 0.01488855 0.98017148 0.97712294]]
[[0.02266184 0.01921548 0.98197435 0.98043764]]
[[0.02373449 0.00279288 0.98089142 0.9790918 ]]
[[0.02169019 0.00499878 0.98288063 0.98206624]]
[[0.02265636 0.01609004 0.98076816 0.97978832]]
[[0.02382854 0.01631201 0.97844852 0.97648873]]
[[0.02175879 0.00849677 0.97888241 0.97835565]]
[[0.02109085 0.02286347 0.978512   0.97679163]]
[[0.02202161 0.00968731 0.97673632 0.98264848]]
[[0.01946667 0.01560514 0.98115642 0.97712118]]
[[0.022899   0.01565217 0.97871147 0.98048684]]
[[0.02379428 0.02009959 0.97899135 0.97930631]]
[[0.02012034 0.00912282 0.97619867 0.9763602 ]]
[[0.0222171  0.01652577 0.98075797 0.98103953]]
[[0.02251436 0.00363815 0.97972379 0.97754756]]
[[0.02314133 0.02026702 0.98197456 0.98027215]]
[[0.02351322 0.02077172 0.97994467 0.98005485]]
[[0.02329449 0.02121249 0.98577537 0.97648046]]
[[0.02379927 0.00208091 0.98420731 0.9775875 ]]
[[0.0214393  0.02122899 0.98032198 0.97654002]]
[[0.02147167 0.00196468 0.98536337 0.98346884]]
[[0.02066312 0.02342866 0.9816697  0.98029493]]
[[0.02118455 0.00377607 0.98098962 0.97914748]]
[[0.02320413 0.00217901 0.97927881 0.97860253]]
[[0.02338608 0.01016664 0.98294035 0.97756267]]
[[0.02149104 0.01180096 0.98211973 0.98324062]]
[[0.02373316 0.02044016 0.98079622 0.9796548 ]]
[[0.02058924 0.01900397 0.97816732 0.97758124]]
[[0.02240518 0.00835759 0.98584587 0.98406151]]
