[[0.01993001 0.01654214 0.98123784 0.98009347]]
[[0.02224227 0.00340376 0.98090813 0.97858739]]
[[0.02293572 0.00206195 0.98246705 0.97639466]]
[[0.0216252  0.01727887 0.98012062 0.97727107]]
[[0.02371915 0.01363661 0.97994149 0.97947517]]
[[0.0237365  0.01969711 0.98544278 0.97751046]]
[[2.33653490e-02 5.14355367e-04 9.82306338e-01 9.78149975e-01]]
[[0.02266679 0.01003465 0.976031   0.98077353]]
[[0.02392796 0.00755709 0.98753441 0.98557408]]
[[0.02277496 0.00452154 0.98190868 0.97940809]]
[[2.35950129e-02 7.41476047e-04 9.83606363e-01 9.80591998e-01]]
[[0.0229447  0.00114858 0.98145295 0.97874382]]
[[0.02256737 0.01571557 0.97788647 0.97762249]]
[[0.0212976  0.01604748 0.98092268 0.97893435]]
[[0.0209027  0.00253261 0.9829142  0.97945082]]
[[0.02346196 0.00248997 0.98396553 0.98092863]]
[[0.02397546 0.00376854 0.98083057 0.97755783]]
[[0.0233589  0.005082   0.98631688 0.98277431]]
[[0.02357434 0.01393274 0.98306238 0.97990397]]
[[0.02244645 0.00285365 0.97880608 0.97622133]]
[[0.02211848 0.01251292 0.97713244 0.98065958]]
[[0.02283608 0.00536312 0.98513117 0.9831882 ]]
[[0.02069208 0.02114075 0.98144039 0.97833643]]
[[0.02259938 0.00811545 0.98312972 0.97622473]]
[[0.02338088 0.0097887  0.97796299 0.97877603]]
[[0.02247982 0.02025128 0.97629025 0.98066352]]
[[0.0206191  0.01605001 0.97613317 0.97685783]]
[[0.02275601 0.02265591 0.98358533 0.98133538]]
[[0.02343449 0.01109117 0.97929824 0.97796526]]
[[0.02243362 0.0133252  0.98001642 0.97901054]]
[[0.02298847 0.01082101 0.98015993 0.97897939]]
[[0.02169327 0.02219447 0.978321   0.97669571]]
[[0.02155781 0.01717679 0.98010528 0.97800739]]
[[0.02387696 0.00771467 0.98323584 0.98159486]]
[[0.02238459 0.00120723 0.9829159  0.97750215]]
[[0.02093504 0.01623461 0.98391478 0.97700869]]
[[0.02079508 0.01363511 0.98202839 0.97990485]]
[[0.02269405 0.0014245  0.98467553 0.97797725]]
[[0.01915778 0.02073145 0.97990788 0.97886843]]
[[0.0226342  0.00993248 0.98305572 0.97915053]]
[[0.02305425 0.01826466 0.98324698 0.98341563]]
[[0.02299922 0.02094627 0.97947011 0.97708474]]
[[0.01863503 0.00615731 0.97826623 0.97642558]]
[[0.0215911  0.00272181 0.97835076 0.97650163]]
[[0.0222634  0.00281203 0.98461796 0.97850902]]
[[0.02207461 0.00876176 0.982886   0.98211208]]
[[0.02314356 0.01284858 0.97675811 0.97664632]]
[[2.17021749e-02 5.60741664e-04 9.84248354e-01 9.79141964e-01]]
[[0.02205769 0.01645389 0.98390715 0.97739461]]
[[0.02259573 0.01591279 0.98437932 0.98405268]]
[[0.02335966 0.02164181 0.97677506 0.97723821]]
[[0.02388726 0.00918049 0.98488638 0.97787796]]
[[0.02196431 0.00469358 0.98308372 0.97731627]]
[[0.0234041  0.00877008 0.98563064 0.98122823]]
[[0.02115835 0.0152077  0.97654509 0.97690045]]
[[0.02335879 0.00625859 0.9793444  0.97764152]]
[[0.01877699 0.01015015 0.97797218 0.97616918]]
[[0.02085677 0.01711264 0.97984278 0.97769498]]
[[0.02280429 0.01792731 0.98385501 0.97689693]]
[[0.02322592 0.01867982 0.97962527 0.97797962]]
[[0.02112305 0.00477868 0.98248965 0.97728938]]
[[0.02321245 0.01101568 0.98111681 0.98066517]]
[[0.02368039 0.01131483 0.97875526 0.97750985]]
[[0.02254235 0.00499131 0.98109772 0.97807026]]
[[0.02399631 0.01180111 0.98776351 0.97901427]]
[[0.0227262  0.01252114 0.98066378 0.98017936]]
[[0.02394254 0.02035486 0.98219123 0.98010347]]
[[0.02188364 0.01932549 0.97714147 0.97662304]]
[[0.02369567 0.00101168 0.98131408 0.97666927]]
[[0.02236925 0.00826995 0.9813927  0.97664042]]
[[0.01954796 0.00619174 0.9792962  0.97768156]]
[[0.02389785 0.00929371 0.98301441 0.9809213 ]]
[[0.02067982 0.01036953 0.9829495  0.97602515]]
[[0.02256405 0.01148599 0.98426675 0.97882439]]
[[0.02368126 0.01052044 0.98329492 0.97914991]]
[[0.02340264 0.01374289 0.98548688 0.9783144 ]]
[[0.02329954 0.01813487 0.98113582 0.97738108]]
[[0.02381184 0.00611598 0.98470564 0.97665565]]
[[0.02396229 0.00501103 0.98006925 0.97609421]]
[[0.01919028 0.02386632 0.9773067  0.98007137]]
[[0.02375077 0.00506714 0.98355518 0.98015307]]
[[0.02240346 0.01488049 0.97682559 0.9768965 ]]
[[0.0202911  0.00610593 0.98282824 0.978439  ]]
[[0.02349468 0.02084188 0.98019442 0.97698048]]
[[0.0208419  0.01731222 0.98284588 0.98006401]]
[[0.0195362  0.01986899 0.98226811 0.98127064]]
[[0.01952471 0.02023188 0.98009112 0.97745323]]
[[0.02044457 0.01389614 0.98405635 0.97760994]]
[[0.02031868 0.00890398 0.98083569 0.97606797]]
[[0.02368623 0.00942899 0.97928924 0.97775022]]
[[0.02245218 0.01141579 0.98394533 0.98068567]]
[[0.02226296 0.01719111 0.98308871 0.98281695]]
[[0.02045205 0.02237598 0.9819973  0.98009081]]
[[0.02289792 0.0057743  0.98230469 0.97922967]]
[[0.02238792 0.01402498 0.97883344 0.97785323]]
[[0.02340809 0.01129587 0.98129885 0.97638725]]
[[0.02213854 0.01729596 0.9783298  0.97728832]]
[[0.02263337 0.01553901 0.9837894  0.98004735]]
[[0.02275742 0.01026994 0.97866095 0.97998791]]
[[0.02223193 0.02229692 0.97744703 0.97903644]]
[[0.02058962 0.01148053 0.97963806 0.97936654]]
[[0.02225412 0.00839709 0.97649101 0.97708177]]
[[0.02302952 0.02255094 0.9765293  0.97643521]]
[[0.02363846 0.00670717 0.98523636 0.98188724]]
[[0.02377905 0.00181458 0.98630011 0.98263779]]
[[0.02311216 0.00375578 0.98550874 0.98193561]]
[[0.02296452 0.01005215 0.98040346 0.97830057]]
[[0.02163805 0.00397767 0.98233567 0.98065631]]
[[0.02289262 0.00264929 0.98349918 0.98010242]]
[[0.02284184 0.00708149 0.98543157 0.98268405]]
[[2.25192138e-02 8.51761901e-05 9.85847715e-01 9.79940418e-01]]
[[0.02168588 0.0177895  0.98104924 0.97851356]]
[[0.02348356 0.00654966 0.98600856 0.9820546 ]]
[[0.02308636 0.0168283  0.98252791 0.97728446]]
[[0.022672   0.00976451 0.98572202 0.97714895]]
[[0.02274315 0.00125661 0.98190638 0.97927702]]
[[0.02368387 0.00551473 0.98223469 0.97798341]]
[[0.02321319 0.0019625  0.98451089 0.97793789]]
[[0.02089411 0.011081   0.98225704 0.98148188]]
[[0.02378559 0.00757802 0.98699231 0.98165304]]
[[0.02336348 0.01462882 0.98255652 0.98434786]]
[[0.0211251  0.01510867 0.97654036 0.97755075]]
[[0.02374536 0.00357268 0.98129012 0.9803197 ]]
[[0.02042869 0.00450284 0.97944956 0.97672727]]
[[0.02339445 0.00142108 0.9809901  0.98109476]]
[[0.02380182 0.01045591 0.98542936 0.97962874]]
[[0.02184578 0.01991795 0.97720505 0.9779627 ]]
[[0.02383982 0.01047873 0.9803511  0.97744602]]
[[0.02160975 0.00665804 0.98415343 0.97626976]]
[[0.02134816 0.01058612 0.98158039 0.97697087]]
[[0.02368029 0.01397876 0.98190163 0.98006795]]
[[0.02159326 0.02235155 0.97837348 0.97676175]]
[[0.02065717 0.01945988 0.98393209 0.98175335]]
[[0.02063761 0.01679654 0.98129471 0.97645128]]
[[0.02398978 0.01646479 0.981805   0.98148361]]
[[0.02190168 0.00813026 0.98285284 0.98151826]]
[[0.02390946 0.02368679 0.98305753 0.98114133]]
[[0.02150551 0.01008007 0.98002417 0.97951951]]
[[0.02361966 0.00853569 0.98531038 0.98034304]]
[[0.02395721 0.01285174 0.97775988 0.97682365]]
[[0.02397134 0.01497876 0.98002557 0.97873514]]
[[2.33095046e-02 8.75824677e-04 9.84012444e-01 9.78236361e-01]]
[[2.19218008e-02 1.33633272e-04 9.85582321e-01 9.80732723e-01]]
[[0.02273339 0.01348633 0.98478481 0.98377848]]
[[0.02126981 0.00507138 0.97654428 0.9804329 ]]
[[0.0235774  0.01435035 0.9824785  0.9790765 ]]
[[0.02085116 0.02352373 0.97623866 0.97659325]]
[[0.02393693 0.00470822 0.98398388 0.98235764]]
[[0.02006209 0.01608652 0.97852637 0.97782757]]
[[0.02379033 0.01037333 0.98720423 0.98293016]]
[[0.02381205 0.01985952 0.98107197 0.9770632 ]]
[[0.02339836 0.01450864 0.98132538 0.97924798]]
[[0.02191349 0.0056685  0.98426808 0.98013097]]
[[0.0232168  0.0165835  0.98495493 0.98112984]]
[[0.02148256 0.02260787 0.98108251 0.9794847 ]]
[[0.02172313 0.00830433 0.98485683 0.98108757]]
[[0.02367435 0.02254775 0.97939365 0.97711003]]
[[0.0234913  0.01126405 0.98016669 0.97856205]]
[[0.02287521 0.00304731 0.98249838 0.97757917]]
[[0.02171765 0.01564893 0.9850688  0.97818044]]
