[[ 3.9114559  -5.98528147 -5.45958869]]
[[ 4.15656966 -5.78434459 -5.99916754]]
[[-5.96404531  4.36223394 -5.91709056]]
[[ 4.10062248 -5.58078353 -5.95389535]]
[[-5.70093905 -5.96986247  4.07274714]]
[[ 3.99716291 -5.87894239 -5.76438012]]
[[-5.90653091  4.42289654 -5.98589509]]
[[-5.94992584  4.17692909 -5.96348639]]
[[ 4.33914749 -5.93042174 -5.99212299]]
[[ 4.25335684 -5.79904787 -5.95555663]]
[[-5.95951593 -5.97445288  4.47164037]]
[[-5.62312625  3.93840259 -5.75127062]]
[[-5.87354865  4.34962982 -5.96449407]]
[[-5.96551577  4.23784493 -5.87060343]]
[[-5.94283992 -5.99574774  4.307683  ]]
[[-5.67337332  4.16140648 -5.93252874]]
[[ 4.26560815 -5.97922747 -5.77145943]]
[[-5.97074893 -5.9099437   4.37415432]]
[[ 4.36200464 -5.80202497 -5.9723569 ]]
[[-5.90799777 -5.96815184  4.29484838]]
[[-5.94741829  4.47122452 -5.96550766]]
[[-5.8464156   4.21072902 -5.9580363 ]]
[[-5.92788577 -5.61704466  4.03489428]]
[[ 4.34934647 -5.97036248 -5.8099218 ]]
[[-5.5705152  -5.8744559   3.89038016]]
[[-5.73024093 -5.94541602  4.23982161]]
[[-5.97396962  4.29289417 -5.82141355]]
[[-5.8678841   3.97986661 -5.81092813]]
[[-5.89074762 -5.84212951  3.87712311]]
[[-5.82378384  4.15147613 -5.83208979]]
[[-5.8324641   4.22988645 -5.90980511]]
[[ 4.17666426 -5.91246813 -5.71226838]]
[[-5.97974049  4.1854255  -5.8538265 ]]
[[-5.92802454  4.15732642 -5.86541879]]
[[ 4.23663444 -5.96149413 -5.75996325]]
[[-5.86212059  4.11824186 -5.70790634]]
[[ 4.20035242 -5.94069516 -5.87514928]]
[[ 4.15676186 -5.71725164 -5.92312   ]]
[[-5.81048758 -5.79018365  4.13758127]]
[[-5.9479363   4.01928884 -5.62941669]]
[[-5.83656795 -5.70783654  4.07306749]]
[[-5.60776332 -5.88488375  4.00571483]]
[[-5.93660121 -5.97791596  4.31639437]]
[[-5.69678154 -5.71290953  3.82576869]]
[[-5.72408315 -5.82748636  3.95334971]]
[[ 3.94205187 -5.99937063 -5.50519961]]
[[-5.88066445  4.3504698  -5.97562722]]
[[-5.83517276 -5.91122305  4.22710166]]
[[-5.95612012  4.18365034 -5.69734872]]
[[-5.99897232  4.44272246 -5.95922993]]
[[ 4.21597419 -5.68350442 -5.96650921]]
[[ 4.43403575 -5.97272354 -5.91662526]]
[[-5.84357143 -5.97692488  4.39634479]]
[[ 4.14473911 -5.87372591 -5.7003595 ]]
[[ 4.0457465  -5.94046265 -5.83976106]]
[[ 4.44564942 -5.95137158 -5.98918785]]
[[ 4.02708878 -5.81998617 -5.82636509]]
[[-5.82991254  4.30909511 -5.95592723]]
[[ 4.2555572  -5.98086506 -5.82134024]]
[[ 4.13281036 -5.95134377 -5.94390273]]
[[ 4.11605011 -5.91760006 -5.68330025]]
[[-5.93046965 -5.92669889  4.11946389]]
[[-5.97171555 -5.77625294  4.18561995]]
[[ 4.39919186 -5.98887546 -5.86620007]]
[[-5.96844404  4.36593359 -5.92111969]]
[[-5.86777078  3.99934836 -5.93512137]]
[[-5.95151626 -5.75723864  4.18864193]]
[[-5.89712023 -5.74674295  4.13225328]]
[[ 4.05532554 -5.64557294 -5.97953574]]
[[-5.81217438  3.98664758 -5.80508349]]
[[-5.7172266   4.25068802 -5.96207534]]
[[ 4.17925605 -5.90109996 -5.80612123]]
[[-5.70538948 -5.9441797   4.16169532]]
[[-5.7394073  -5.85313292  4.09994532]]
[[-5.93754428  4.14945253 -5.7769513 ]]
[[-5.92895655  4.30209172 -5.94516635]]
[[-5.91441017  4.32040618 -5.88537938]]
[[-5.99325412  4.29067811 -5.99585452]]
[[-5.96726894  3.97190609 -5.77771734]]
[[-5.93487093  4.08361763 -5.77611529]]
[[-5.97397233  4.54503922 -5.9844132 ]]
[[-5.98284729  4.3452925  -5.92741058]]
[[-5.87798942  4.38936628 -5.97331439]]
[[-5.99642201  4.00443173 -5.42713979]]
[[ 3.95938126 -5.60887819 -5.80740617]]
[[-5.70625372  4.11669146 -5.93591166]]
[[-5.91523315 -5.91179837  4.27237503]]
[[ 4.42914384 -5.89630937 -5.9513398 ]]
[[-5.6063372   3.98049636 -5.85998185]]
[[ 4.40816215 -5.99971646 -5.85930521]]
[[-5.77919844 -5.9225864   4.25834944]]
[[-5.9845026   4.28565155 -5.95168794]]
[[-5.97306075 -5.82060862  4.18127837]]
[[-5.78467761 -5.93857375  4.30825112]]
[[ 4.24339401 -5.9922682  -5.79610826]]
[[-5.84630766  4.07631918 -5.89990493]]
[[-5.89189814  4.19626042 -5.81252089]]
[[-5.81001954  4.38420657 -5.99135778]]
[[-5.85383794 -5.88797421  4.19839583]]
[[-5.90411144  4.14841411 -5.9672413 ]]
[[-5.89498851 -5.80701174  4.14078683]]
[[-5.88806897 -5.99979685  4.11026497]]
[[-5.96086202 -5.50691644  3.99095925]]
[[-5.70182065  4.01907753 -5.78565815]]
[[-5.61718489  4.05154495 -5.91528979]]
[[-5.92665568 -5.63264424  4.07476999]]
[[-5.52648973  3.85579157 -5.74234644]]
[[-5.92933129  4.51024932 -5.99895129]]
[[ 4.22759367 -5.90586404 -5.74309399]]
[[ 4.08701417 -5.95180314 -5.65970716]]
[[ 3.97659068 -5.96209877 -5.92741667]]
[[ 4.13788314 -5.90676641 -5.94716137]]
[[-5.8679231   4.29987776 -5.96918418]]
[[-5.5513052  -5.95513319  3.94800502]]
[[-5.71806708  4.0767636  -5.89147781]]
[[ 4.30115976 -5.89631397 -5.90120848]]
[[ 4.28110346 -5.78903509 -5.9179822 ]]
[[ 4.01029909 -5.95790538 -5.50784466]]
[[-5.91784549  4.3226919  -5.9820343 ]]
[[-5.76800874  3.93378688 -5.70614332]]
[[-5.789327   -5.94362073  4.2246857 ]]
[[-5.89422306  3.98993906 -5.86732723]]
[[-5.99646185 -5.60363925  3.96049823]]
[[ 4.0797104  -5.94185349 -5.68374638]]
[[ 3.89444545 -5.87145836 -5.44250028]]
[[-5.86523185  3.96799417 -5.55250371]]
[[-5.75797205 -5.97660293  4.09987928]]
[[-5.90754985  4.14056152 -5.65754571]]
[[-5.92447004 -5.85639121  4.04074735]]
[[-5.89388054  4.26192692 -5.96149141]]
[[-5.81508997  4.21569434 -5.91930932]]
[[-5.90715599  4.00895083 -5.92726922]]
[[-5.85443076  4.29314645 -5.98271224]]
[[-5.72601361 -5.71606802  3.98759163]]
[[-5.94735212 -5.95253854  4.23716158]]
[[-5.86206398  4.13483742 -5.79570823]]
[[-5.98365548  4.39950867 -5.96850843]]
[[-5.70287588 -5.94727087  4.06364877]]
[[-5.92910766  4.24482062 -5.98363148]]
[[-5.7910547  -5.96415236  4.19723224]]
[[-5.85632758 -5.97173053  4.30453495]]
[[-5.93510406  4.33645376 -5.9898401 ]]
[[-5.88253753  4.37800293 -5.936249  ]]
[[ 4.10741744 -5.93149864 -5.82858208]]
[[-5.86362465 -5.96009123  4.37798759]]
[[-5.77109826  4.07961369 -5.75944564]]
[[ 4.03417192 -5.77597905 -5.76469264]]
[[ 4.43518189 -5.92144992 -5.97536006]]
[[-5.79016441  3.98716881 -5.64861391]]
[[-5.78066387  4.20822032 -5.87858146]]
[[-5.59088147 -5.90143195  4.07760268]]
[[-5.95388635 -5.89509711  4.35363893]]
[[ 4.11228639 -5.54939019 -5.97738276]]
[[-5.71111865 -5.93318505  4.12239292]]
[[-5.86834705  4.34368974 -5.91131878]]
[[ 4.239439   -5.72118445 -5.9304275 ]]
[[ 4.42640671 -5.97881355 -5.96869945]]
[[-5.85981505  4.17893878 -5.79643019]]
[[-5.90830447 -5.87320466  4.32290845]]
[[-5.90265648  4.10808964 -5.68813057]]
