[[ 5.74190557 -4.12064104 -4.25638136]
 [ 1.42294735  5.57592517  5.65593149]]
[[ 3.06266133 -5.38992376 -3.41451909]
 [-5.46225006 -4.4230193   4.65998211]]
[[-4.4358905   4.34239671 -3.13298848]
 [-2.31151881 -4.83633343  5.94371912]]
[[ 4.4129005  -4.45899    -3.50487659]
 [-0.46403952  5.12625838  5.91421684]]
[[-5.38597757 -3.23864258  5.50205807]
 [ 5.88590137  4.39190227 -4.21593387]]
[[ 3.21364992 -5.84235676 -4.0214379 ]
 [-4.88831412  0.0849329   5.58685311]]
[[-5.36769706  2.62855021 -2.73563088]
 [ 3.39904258 -3.52204718  5.44691132]]
[[-3.36232533  3.16831693 -4.72097236]
 [ 4.05351376 -4.48475492  4.3344215 ]]
[[ 4.78989494 -2.51030946 -4.81045747]
 [-5.68614866  2.82806991  5.56676156]]
[[ 5.28710812 -3.49473735 -3.67029987]
 [-3.46240162  5.81094203  5.62494883]]
[[-4.36095503 -3.30746878  3.02009934]
 [ 3.64403043  5.64165984 -4.82657514]]
[[-4.88635406  5.63590834 -3.48300245]
 [ 5.12568525 -4.80922841  3.90579722]]
[[-4.10708684  4.35485558 -5.33929059]
 [ 5.70357973 -5.19414764  4.41420958]]
[[-4.17858985  3.26701129 -3.83533287]
 [-0.34576193 -5.95417859  5.90699026]]
[[-4.6182248  -4.2349657   4.16884449]
 [ 1.67903668  5.79450928 -4.90899822]]
[[-5.36080323  2.89053667 -4.2389223 ]
 [ 4.7858837  -3.53110002  4.34952922]]
[[ 4.36161309 -3.68006844 -4.60171057]
 [-5.38983693  3.5012919   4.79371119]]
[[-5.73464063 -2.75675638  3.75332028]
 [ 2.35442589  5.46034671 -4.64127069]]
[[ 5.64574265 -3.17943689 -3.23431239]
 [-3.8261685   3.4820849   5.66370957]]
[[-3.21861094 -5.80885782  3.53530662]
 [ 5.06097539 -4.58143195 -5.61716049]]
[[-2.3004507   4.76167412 -3.92612119]
 [ 1.68593535 -5.27014394  4.86803533]]
[[-3.58760726  3.64866707 -3.26526275]
 [ 4.06973929 -3.98535151  3.03679201]]
[[-3.35814383 -4.32539909  4.49232798]
 [ 4.33811874  5.12905922 -1.38564366]]
[[ 4.52653971 -3.24849121 -3.89099562]
 [-3.06514507  2.86674066  5.69843407]]
[[-4.4875621  -4.7007621   5.87907439]
 [ 5.74753327  5.72467818 -3.62694843]]
[[-3.14570274 -3.18703432  5.82551974]
 [ 4.52870038  4.01462298 -5.66238971]]
[[-5.15564139  2.85580346 -4.46351748]
 [ 2.73261546 -4.22203071  5.84503372]]
[[-5.42583366  5.01222858 -3.31744924]
 [ 5.77272924 -0.50572653  5.6593212 ]]
[[-4.3543239  -5.37516831  4.66465257]
 [ 5.08160701  5.85909585 -3.07497233]]
[[-5.34659059  3.40103998 -3.26764252]
 [ 4.47481982 -4.61548269  3.87063618]]
[[-3.09952496  3.86366768 -4.43857846]
 [ 3.71628297 -5.63825747  2.33536608]]
[[ 5.00810243 -3.54445621 -4.03888062]
 [-4.83753416  4.79584437  3.47596012]]
[[-3.25643189  5.66807737 -3.62765391]
 [ 3.05796739 -2.9377805   5.5615313 ]]
[[-3.75329818  4.32843251 -4.51377233]
 [ 5.43091417  5.71421338  5.02163763]]
[[ 2.83705627 -3.8218962  -4.19873065]
 [ 1.93936976  5.72693164  5.31428463]]
[[-3.24598426  4.6807441  -4.70929397]
 [ 5.23265785 -4.71534968  4.98016979]]
[[ 4.19917067 -3.80834971 -4.11253465]
 [-5.29996133  5.38853067  3.65436796]]
[[ 5.25912585 -4.69558495 -3.57316026]
 [-5.60910222  2.85537885  5.25079584]]
[[-3.43246142 -4.25989507  4.80378433]
 [ 4.21021581  5.43356208 -4.22528761]]
[[-3.83876221  3.47807971 -5.51463043]
 [ 5.39945611 -5.692934   -5.95951823]]
[[-4.48727844 -5.28753144  3.21581668]
 [ 3.99391938  5.39848936 -5.04218972]]
[[-4.46465332 -3.67372325  4.21406767]
 [ 5.02234297  4.93980671 -4.95252663]]
[[-3.59392077 -4.22799387  5.03737077]
 [ 5.95099508  5.07279999  3.69727863]]
[[-5.54133238 -5.08612572  4.80574686]
 [ 5.74279407  5.98596696 -3.02848737]]
[[-4.31300192 -5.99216437  4.28617325]
 [ 5.48947723  4.97820913 -5.83936288]]
[[ 4.6655767  -4.81331937 -3.67721306]
 [-5.11525289  5.41173473  3.80181061]]
[[-2.6116944   5.04021254 -5.31811084]
 [ 5.21968784 -4.40607694  4.53181904]]
[[-5.47441464 -3.16408584  4.9868178 ]
 [ 5.23540467  4.44530372 -5.16618095]]
[[-4.27704661  4.95776209 -3.96849742]
 [ 5.68822809  2.64880047  4.30415951]]
[[-2.17267666  4.83919535 -5.21765653]
 [ 3.51553653  0.24084016  5.76343369]]
[[ 5.025154   -3.52719458 -3.83155688]
 [ 1.86352403  5.31372766  5.5801935 ]]
[[ 5.04422267 -4.21327508 -2.43512482]
 [ 3.44805654  4.40267372  4.12506046]]
[[-5.45687356 -4.70182509  3.76455132]
 [ 4.45090203  5.84297877 -4.0327791 ]]
[[ 5.30928011 -3.10688275 -4.71088738]
 [ 3.55072244  5.22868249  5.0319531 ]]
[[ 4.9969722  -3.21904926 -4.54605806]
 [-5.52151069  5.16839894 -0.72541042]]
[[ 3.4311639  -4.140464   -5.46075765]
 [-4.99367598  5.97631084 -0.93242655]]
[[ 3.75551229 -4.27916295 -4.76228368]
 [-4.56410028  4.78176493  5.05913224]]
[[-3.79330278  5.98141381 -3.32821585]
 [ 5.21981783 -5.95163977  2.35822309]]
[[ 4.5053494  -4.12377479 -3.40482956]
 [-4.46559199  3.41287833  5.90027833]]
[[ 3.28734414 -4.3503669  -3.38786912]
 [-5.51820408  5.88075061 -1.58269242]]
[[ 4.79964386 -3.35585557 -4.22826715]
 [-2.2285398   3.95100719  5.75477373]]
[[-4.67822153 -3.86234853  4.06941328]
 [ 5.35848379  5.88707287 -5.76009925]]
[[-2.89918804 -5.2411262   3.57765379]
 [ 5.82274344  5.2030267   1.73154086]]
[[ 4.01594268 -4.44998814 -2.68264128]
 [ 4.65925717  5.06484774  5.55626137]]
[[-3.76244408  5.63537879 -2.99892034]
 [ 4.25617104 -1.6660048   4.82941201]]
[[-3.66880095  4.44507291 -4.12891752]
 [ 5.2816266  -5.41671942 -5.76695389]]
[[-3.8133747  -3.28949381  4.08459836]
 [-2.61025202  4.77572016 -5.83469606]]
[[-4.5384533  -5.38540226  2.52942522]
 [ 5.64312269 -0.70346581 -4.27362644]]
[[ 5.13960124 -4.14395609 -4.15988097]
 [-5.4672055   5.88293922  5.98116015]]
[[-3.7318948   5.25526643 -4.47802902]
 [ 3.32178761 -5.8064479   5.91744646]]
[[-4.39752554  3.81050216 -3.09235157]
 [ 3.96567281 -3.94704538  3.62981369]]
[[ 5.96202652 -3.70763753 -4.06391935]
 [-3.23087318  4.3520748   5.09708507]]
[[-3.37813861 -3.95039013  5.26954624]
 [ 4.64498374  5.5516867  -4.31801978]]
[[-3.82307395 -3.59506808  5.51865393]
 [ 5.36247226  3.91769141 -3.22597883]]
[[-5.11490027  5.1075413  -2.70519117]
 [-5.26099861 -5.99702414  5.58796649]]
[[-3.55148695  4.06558724 -3.07599095]
 [ 4.7433289  -5.02085183  5.22494637]]
[[-3.68425721  5.97016204 -3.77555118]
 [ 5.6530818  -5.84056049  4.63796612]]
[[-3.6358177   2.44415843 -4.62646562]
 [ 5.01994089 -5.47601273 -5.32262188]]
[[-3.72659962  4.21627668 -5.6482782 ]
 [ 4.13446024 -2.82519387  5.94434581]]
[[-3.87169932  4.48070934 -3.29575536]
 [ 5.0619424   0.51344967  4.74728733]]
[[-3.98595985  2.61908208 -3.98762549]
 [ 4.58410165 -5.34509996  3.37444221]]
[[-3.94765693  4.04630755 -3.41611433]
 [ 5.24667592 -5.64748502 -1.44607804]]
[[-5.07939718  5.09903438 -2.78873635]
 [ 4.99555185  5.59297275  4.96112417]]
[[-3.29286477  5.54254329 -4.37329316]
 [ 5.90038129  5.13180537  4.48797868]]
[[ 5.77269783 -4.07998565 -4.64591632]
 [ 4.53694523  4.75047507  5.86783754]]
[[-3.31707875  3.57919851 -4.68435803]
 [-1.35525064 -5.10205318  5.89331429]]
[[-3.95032977 -2.91007374  5.11230138]
 [ 1.21506859  5.11025699 -5.71441917]]
[[ 3.51665029 -5.58933574 -3.22529153]
 [-5.48529589 -0.61642197  4.50161059]]
[[-5.41790926  5.13318461 -3.76460725]
 [ 5.82183205 -1.45006297  5.72335826]]
[[ 4.34538166 -2.65509362 -4.59035238]
 [-5.88508617  5.61690485  0.14256097]]
[[-2.45444197 -5.08742503  5.5075013 ]
 [ 3.96423071  5.77926527 -3.82303298]]
[[-2.70873772  5.7823766  -3.46925094]
 [ 2.78250598  0.83595931  5.45398257]]
[[-3.36443233 -4.50351598  4.74841269]
 [ 4.93000819  4.53074219  1.66383765]]
[[-4.00910657 -3.61379841  4.29340225]
 [ 5.80436822  4.33646329 -5.32782051]]
[[ 5.32099707 -3.23971857 -5.59823577]
 [ 0.47387349  5.61522006  5.57503266]]
[[-4.42420283  4.21722072 -5.9639921 ]
 [ 5.95617371 -4.66082093  3.98579915]]
[[-4.77086295  4.21358532 -4.19928505]
 [ 5.68526874 -5.22485826  5.29746268]]
[[-3.06954224  3.22980567 -5.07051045]
 [ 5.16596352 -3.62231464  4.74099149]]
[[-4.39620515 -3.67102421  5.19650455]
 [ 4.78696671  5.94821691  1.61229382]]
[[-4.66275922  4.21030163 -4.46868787]
 [ 5.49333715 -5.72049465  4.73871488]]
[[-5.42883264 -4.10158412  3.22395962]
 [ 3.83131176  4.83836666 -4.18191107]]
[[-4.6755988  -4.22465087  2.84047381]
 [ 5.98163838  5.39643623 -4.92197216]]
[[-4.94845115 -4.36218205  3.20852836]
 [-2.53361157  5.85694403 -5.14926602]]
[[-3.32327339  4.11322128 -5.77345113]
 [ 5.11891329 -5.97457848  1.29834586]]
[[-3.34762008  5.57330178 -4.26565673]
 [ 4.37475915  1.43736343  4.79686367]]
[[-4.55077258 -4.51098194  2.86824027]
 [ 5.76383931  5.29498062 -4.80918537]]
[[-4.65204803  4.2961299  -5.10049629]
 [ 5.32543841 -5.68097502  4.38776786]]
[[-3.64673534  5.31214427 -2.50369701]
 [ 5.65053173 -3.89123885  3.68872372]]
[[ 2.62660671 -4.77030969 -3.74526458]
 [-3.60141604  4.60457614  4.76461247]]
[[ 3.09860212 -4.90302012 -4.03394769]
 [-5.89552886 -1.72796382  5.4163986 ]]
[[ 4.03973337 -4.5856762  -3.83407583]
 [ 4.71966401  5.6828287   5.98599055]]
[[ 3.20480016 -4.72518402 -4.42154457]
 [-4.14995607  3.46347299  5.41402886]]
[[-3.69667249  4.71957908 -5.64245389]
 [ 4.82881284 -4.57622547  5.34043819]]
[[-4.13108282 -5.0358111   5.88087394]
 [ 5.56783536  5.25132257  3.61576596]]
[[-3.61387725  4.27753427 -5.29865829]
 [ 5.68421536  4.30790187  5.17897877]]
[[ 3.09443185 -3.59782151 -3.35688889]
 [-2.67368697  2.96261659  5.82144675]]
[[ 2.5357835  -5.698364   -4.50543709]
 [-4.7441628  -5.96142847  5.66637948]]
[[ 4.95361584 -3.82559302 -5.77716465]
 [-5.67823959  5.79469183  1.41091845]]
[[-4.87626104  2.899048   -4.0967711 ]
 [-5.43778132 -4.15117504  5.63868017]]
[[-4.25275489  5.86567371 -4.6050085 ]
 [ 5.85099214 -0.50894367  5.28105417]]
[[-4.53342637 -4.56699113  4.54793102]
 [ 4.942947    5.19427398 -4.51052416]]
[[-3.63311353  5.8938345  -5.83724568]
 [ 5.41305048 -5.51909269  4.42058206]]
[[-4.39043023 -4.73181114  4.48497396]
 [ 5.64473267  5.15090981  0.77001992]]
[[ 3.96115488 -3.77216369 -5.88164672]
 [-5.73376085  4.94905423 -2.81012216]]
[[ 4.30435533 -4.71605698 -5.11507637]
 [-5.06212024  5.31491438  5.38743489]]
[[-5.87205467  4.01887441 -3.45163543]
 [ 4.7557853  -5.45706983  5.88164735]]
[[-4.57390448 -4.31860933  5.0861032 ]
 [ 3.87257724  5.22238996 -5.86274511]]
[[-3.52627308  4.28863449 -3.66131221]
 [ 3.33916127 -5.46766512  4.44813825]]
[[-3.25104318 -5.56922164  5.32257058]
 [ 5.1939866  -0.91920563 -5.87387191]]
[[-4.5723114   4.45892814 -3.73833177]
 [ 4.43021177 -3.32363397  4.89360323]]
[[-4.85951363  2.87478781 -4.24605277]
 [ 5.36272101 -4.87427391  2.53566053]]
[[-5.05007219  3.53796448 -4.19326726]
 [ 5.89496905  2.73027721  5.15150369]]
[[-3.33296604  4.44293832 -2.83258696]
 [ 5.31773036  0.72853362  3.65571743]]
[[-3.59392989 -4.84183339  4.23638834]
 [ 5.14428134  0.06327212 -5.43332547]]
[[-4.02767986 -3.11525951  3.20938499]
 [ 5.41516696  4.04030229 -1.22179672]]
[[-4.5326671   4.94461245 -3.49028863]
 [ 4.59415106  2.97665821  5.64203097]]
[[-3.19172147  4.66933009 -2.89042136]
 [ 3.72935126 -0.73812323  4.66978474]]
[[-4.27336964 -4.2119239   5.52982719]
 [ 4.84150231  5.78265986  4.40229257]]
[[-4.52898311  4.56562002 -4.2218981 ]
 [ 3.88268652 -5.5236846   5.1797349 ]]
[[-2.97675504 -4.69198915  4.05633316]
 [ 4.70842221  5.02224109  1.36185363]]
[[-2.77897526 -5.34904479  4.66460939]
 [ 2.55293843  4.97345318 -5.51126664]]
[[-5.96238579  2.85291444 -3.38036789]
 [ 5.49636619 -5.34476001  3.25104065]]
[[-4.62663198  3.08393365 -4.28339241]
 [ 5.98790049 -5.48292589  3.90774529]]
[[ 3.0749173  -4.31646989 -4.92903195]
 [ 5.42935651  5.12329746  5.90679117]]
[[-3.63975954 -5.4377123   3.23292449]
 [ 3.30234543  5.89687284 -3.06373137]]
[[-3.68043327  4.62454212 -3.43263476]
 [ 4.78675245 -5.84308331  2.93894544]]
[[ 4.2216529  -3.76617761 -5.16847655]
 [-4.94115678  5.56521439  1.67568444]]
[[ 5.29217696 -4.53643502 -3.43763655]
 [-5.7864313   0.01051746  5.95370729]]
[[-5.98759503  5.02763104 -3.94740503]
 [ 0.67899199 -5.95559517  5.93054738]]
[[-5.62342041  4.72142518 -3.88876964]
 [ 5.59559689 -4.11805988  4.67469332]]
[[-5.66602942 -3.68451202  4.92795088]
 [ 5.46662268  5.07503516 -4.46515974]]
[[-3.18627221 -4.81806969  4.25288667]
 [ 4.6777931   0.10799715 -5.56006059]]
[[ 4.48011533 -5.84903846 -3.98408074]
 [-5.47236897  4.37076506  5.29936987]]
[[-5.49005043 -5.1518399   2.81441848]
 [ 4.06523452  5.55710633 -5.97179759]]
[[-5.29369658  3.05796191 -3.30275402]
 [-0.31393493 -5.42466681  4.61172745]]
[[ 5.13238537 -4.47504459 -2.91369189]
 [-3.00921542  4.99204383  4.87011985]]
[[ 3.5479991  -4.66976546 -4.60023786]
 [-4.61873919  4.88323619  5.3023051 ]]
[[-4.9519094   3.88183517 -4.56962134]
 [ 4.6567752  -5.86857149  4.01646648]]
[[-3.67216324 -2.77386542  4.69133936]
 [ 4.5207363   5.31645935 -2.02324727]]
[[-3.4433213   3.8076295  -4.06390995]
 [ 1.3461943  -4.09505344  5.98422067]]
