[[ 3.95448538 -5.89992096 -5.58797251]]
[[-5.99898959 -5.88407696  4.30303061]]
[[-5.96705841  4.2199555  -5.9249975 ]]
[[ 4.55668978 -5.9822731  -5.98673991]]
[[-5.81657574 -5.97868769  4.11182108]]
[[ 4.2282773  -5.89908283 -5.81903351]]
[[-5.50567536 -5.79674512  3.82412955]]
[[-5.84106509 -5.95635235  4.3405168 ]]
[[ 4.20202725 -5.70268122 -5.95907788]]
[[-5.51989876 -5.88659598  3.96317056]]
[[ 4.25098908 -5.95703409 -5.94373613]]
[[-5.79985448  4.24194996 -5.97674265]]
[[-5.91874951 -5.42286714  3.8877124 ]]
[[-5.97527891  4.39182568 -5.86611298]]
[[ 4.31700037 -5.91003941 -5.94144598]]
[[-5.73847203 -5.95809233  4.08585096]]
[[-5.99714517  4.30630391 -5.81892659]]
[[-5.67767814 -5.89210247  4.03619766]]
[[-5.91049812  4.23768624 -5.77674019]]
[[ 4.11277792 -5.87089861 -5.77350867]]
[[-5.79800512 -5.95356861  4.2030966 ]]
[[ 4.38941919 -5.99570808 -5.99358281]]
[[-5.91455915 -5.83036118  4.31298705]]
[[-5.96946132  4.49132233 -5.99826769]]
[[-5.64615368 -5.94426727  4.0925699 ]]
[[ 4.38205388 -5.94623144 -5.96395396]]
[[-5.94176    -5.97028037  4.08527706]]
[[ 4.12068033 -5.99803479 -5.9616152 ]]
[[-5.95425327  4.38459928 -5.85215753]]
[[ 3.91795991 -5.90889768 -5.54832556]]
[[ 4.32250853 -5.86912133 -5.99763343]]
[[ 4.38127355 -5.88948806 -5.90759632]]
[[-5.99545126 -5.8726839   4.42559164]]
[[ 4.35149529 -5.97261498 -5.89404597]]
[[ 3.96192309 -5.56716697 -5.82793025]]
[[ 4.12570693 -5.86097294 -5.85171834]]
[[-5.89751453 -5.93996262  4.30064199]]
[[ 4.13874369 -5.64804399 -5.91305235]]
[[-5.73349798 -5.89379741  4.06680617]]
[[-5.82206765 -5.82006116  4.17370904]]
[[-5.94136894  4.35590737 -5.84196163]]
[[-5.97316984  4.4649134  -5.96074496]]
[[ 4.36383672 -5.98963803 -5.81531473]]
[[-5.91207704 -5.89036865  4.34932973]]
[[ 4.25720468 -5.92337781 -5.91603915]]
[[ 4.35140417 -5.81819297 -5.97697241]]
[[-5.86112613  4.05684152 -5.94222604]]
[[-5.87095051  3.94081811 -5.72378099]]
[[ 4.02466523 -5.67042998 -5.87942063]]
[[ 4.36073454 -5.93001449 -5.88119068]]
[[-5.83138489 -5.96925703  3.99173559]]
[[-5.99509611  4.23051081 -5.75457035]]
[[-5.68889336 -5.95899257  3.92756668]]
[[ 4.17705124 -5.86395472 -5.78617715]]
[[ 4.02561827 -5.56981681 -5.99784752]]
[[-5.81983485  4.17521312 -5.81081365]]
[[-5.91828848 -5.91381092  4.29161291]]
[[-5.8141867   4.26622403 -5.98348486]]
[[ 4.0340941  -5.92478421 -5.88376997]]
[[-5.98605436 -5.92180196  4.46573595]]
[[ 4.11613519 -5.79135845 -5.79991641]]
[[-5.9588952   4.40329853 -5.92190801]]
[[ 3.97768776 -5.59335789 -5.86557165]]
[[-5.81271787  4.29747869 -5.99208492]]
[[-5.96076662  4.21103446 -5.93689597]]
[[-5.82424412 -5.7572316   4.05893835]]
[[ 3.94156447 -5.94643094 -5.57684056]]
[[-5.7081171  -5.85327081  4.12001589]]
[[-5.8941184  -5.92646125  4.32720377]]
[[ 4.14873569 -5.73855191 -5.82503577]]
[[-5.8952407   4.07993484 -5.84668764]]
[[-5.80812026 -5.74982221  4.02224538]]
[[-5.93210362 -5.87361599  4.27481338]]
[[-5.81036998  4.24620633 -5.95757315]]
[[ 4.14928143 -5.71841268 -5.90033644]]
[[-5.95426004 -5.72919991  4.11582974]]
[[-5.90178614 -5.84249458  4.01307856]]
[[ 4.15391519 -5.88613659 -5.86234855]]
[[-5.84238675  3.99498181 -5.79077835]]
[[-5.93141254  4.13788319 -5.81682112]]
[[-5.81322439 -5.94617446  4.07215331]]
[[-5.99925076  4.42609065 -5.98681632]]
[[ 4.20941136 -5.92448214 -5.86482912]]
[[-5.90366795 -5.56392281  3.96288322]]
[[ 4.06592478 -5.9169218  -5.97496564]]
[[ 4.21873995 -5.86183468 -5.97584286]]
[[-5.9376886  -5.69394837  4.19086639]]
[[ 4.02558568 -5.80826264 -5.86143536]]
[[-5.85659209  4.07235264 -5.8719711 ]]
[[ 4.40981434 -5.95251195 -5.99366038]]
[[ 3.86532017 -5.4622905  -5.94389657]]
[[-5.91850706 -5.83094656  4.24297536]]
[[ 4.04707655 -5.84658204 -5.81692444]]
[[ 4.11085153 -5.96908184 -5.7731791 ]]
[[ 4.08956014 -5.62678236 -5.8969059 ]]
[[-5.59225183 -5.97649854  4.08003544]]
[[-5.88842913  4.1428977  -5.97422673]]
[[ 4.35085007 -5.91698249 -5.92209136]]
[[ 4.35050226 -5.89590274 -5.86908987]]
[[ 4.22944285 -5.6796913  -5.99508502]]
[[-5.94202168  4.13344798 -5.92264705]]
[[ 4.28591459 -5.9058428  -5.80355753]]
[[ 4.26675114 -5.99345747 -5.84661458]]
[[-5.94245868  4.14605421 -5.93275688]]
[[-5.73239242 -5.89221426  4.18589933]]
[[ 4.10428738 -5.95326005 -5.81066132]]
[[-5.95772201  4.14008823 -5.88682682]]
[[ 3.8792798  -5.50795603 -5.78954528]]
[[-5.98898206  4.17353775 -5.94233087]]
[[ 4.28302531 -5.80165314 -5.92187913]]
[[ 4.29477031 -5.75654578 -5.9823899 ]]
[[ 3.96715787 -5.58002805 -5.82753011]]
[[-5.78080659 -5.87675468  4.05774252]]
[[-5.51673257 -5.97658823  4.05647467]]
[[-5.79709373  4.08313668 -5.92578772]]
[[-5.99212723 -5.69348148  3.97489874]]
[[-5.5580549  -5.85879161  3.98368289]]
[[-5.97073784  4.32262181 -5.94035255]]
[[-5.87151657 -5.84226116  4.14500547]]
[[-5.82959617  4.06248742 -5.66829928]]
[[ 4.28749478 -5.91550617 -5.81181361]]
[[ 4.15722519 -5.68165715 -5.9801771 ]]
[[-5.8414738  -5.93989727  4.23065262]]
[[ 4.20416084 -5.84549316 -5.84464259]]
[[-5.7763126  -5.89360579  4.15610905]]
[[-5.64274852  4.05039094 -5.94677476]]
[[-5.82756344  3.98919064 -5.84888881]]
[[-5.92099033  4.12290461 -5.99278248]]
[[ 4.40722473 -5.871436   -5.99235427]]
[[ 4.03156443 -5.9146636  -5.97272371]]
[[-5.85277928  4.15365221 -5.74108566]]
[[ 4.28775154 -5.77557111 -5.99190244]]
[[-5.92704739  4.22036986 -5.99971429]]
[[-5.95917435  4.41851073 -5.89808379]]
[[-5.8141006   4.22093404 -5.89071153]]
[[-5.96664345 -5.87769959  4.2290269 ]]
[[-5.87170872  4.27456181 -5.92000336]]
[[-5.9756822   4.29334017 -5.99612302]]
[[ 4.46265341 -5.92451362 -5.9895355 ]]
[[-5.84836492  4.09680329 -5.73096848]]
[[ 4.17340223 -5.81987963 -5.87624764]]
[[ 4.32559829 -5.8735022  -5.98161393]]
[[-5.91313436  4.11270964 -5.7527292 ]]
[[-5.847656   -5.98004703  4.31858016]]
[[ 4.38828973 -5.98353985 -5.81812794]]
[[-5.94702966  4.04461149 -5.89498901]]
[[ 4.12555475 -5.56084662 -5.97730097]]
[[-5.83923749 -5.77044027  4.07330643]]
[[ 4.12461347 -5.79636138 -5.9328372 ]]
[[-5.83537082  4.25959335 -5.97592036]]
[[-5.87120189  3.8701917  -5.69660914]]
[[ 4.08487955 -5.81753343 -5.93388986]]
[[ 3.8991825  -5.96947778 -5.68475807]]
[[ 4.26105081 -5.76323978 -5.93911965]]
[[ 4.42383234 -5.97000411 -5.94706244]]
[[ 4.20205199 -5.91716724 -5.79039261]]
[[-5.96092081 -5.90040585  4.28736366]]
[[-5.96211398  4.05626292 -5.6885699 ]]
[[-5.88126082 -5.70674629  4.10133976]]
[[ 4.02401154 -5.66579474 -5.88073918]]
[[-5.88010871 -5.96586426  4.23077682]]
[[ 3.99897559 -5.98449123 -5.77041234]]
[[-5.84590289  4.17086641 -5.93644666]]
[[-5.9595062   4.07919472 -5.60922137]]
[[-5.88243379  4.14835453 -5.93812447]]
[[-5.93802628 -5.81633097  4.21748661]]
[[ 4.19848645 -5.9617286  -5.88630276]]
[[-5.65080464  4.06136126 -5.89151822]]
[[ 4.48197354 -5.98731139 -5.94848379]]
