[[-4.21484339 -3.90368167  5.4272925 ]
 [ 4.85956526  5.70137963  4.54495617]]
[[ 2.65701967 -5.01771136 -5.96871456]
 [-5.4896416   5.57768144  4.99027779]]
[[ 3.98229609 -5.55300353 -4.48373667]
 [-4.50978495  5.83939716  5.4006502 ]]
[[-2.77892138  3.8394911  -4.28875063]
 [ 2.16424443 -4.7933571   5.63196286]]
[[-5.14360234 -2.69486285  4.80601382]
 [ 5.35649411  3.81129405 -2.98890248]]
[[-5.64932889  5.73015916 -2.80596235]
 [ 5.82852227  4.65413061  4.43213974]]
[[-4.70987135  2.95022607 -4.2433827 ]
 [ 5.86096019 -5.38869408  1.25548141]]
[[-4.52605161  3.64093263 -3.90748996]
 [ 4.75582566 -4.05679537  3.93345411]]
[[-3.42585309  5.68779622 -4.70702386]
 [ 5.09211126 -1.82102337  4.75723224]]
[[-5.25294925  4.86088503 -4.59789876]
 [ 5.30889085 -2.10040897  5.88982785]]
[[-4.27525431 -5.13680321  3.47111971]
 [ 5.8911174   1.30263753 -4.48021874]]
[[-3.71815706 -4.42980889  4.06426064]
 [ 4.06894707  4.9069842  -5.3285754 ]]
[[-4.31569413  3.27606782 -5.97850419]
 [ 5.4310877  -4.96505183 -4.22435595]]
[[-5.48119528 -4.85188536  3.66610671]
 [-3.97147128  5.92090363 -5.22920336]]
[[-5.16005689  5.27837319 -5.19326327]
 [ 4.82041431 -5.78706758  5.2238295 ]]
[[ 4.34228935 -3.88613839 -5.12100693]
 [-5.61306128  5.28557021 -3.27974674]]
[[-5.86564614  5.28649115 -3.96779938]
 [ 5.92152325  3.07281599  5.71219124]]
[[-5.09596747  3.64702885 -4.35266033]
 [ 4.38845783 -5.43715246  4.89895215]]
[[ 4.6363449  -3.2802179  -4.00260533]
 [-2.79631479  4.71410726  5.66906297]]
[[-4.529835    1.9543396  -5.4086834 ]
 [ 5.51083406 -5.60039653  2.92887512]]
[[-4.41049785  3.69795689 -3.88107702]
 [ 5.87673278  4.48104569  4.73966314]]
[[-4.76052598  5.30994907 -4.17195286]
 [ 5.29589689 -0.73458633  4.95858014]]
[[ 5.13201432 -3.63451366 -3.70351183]
 [-3.22194424  3.9603645   4.61528617]]
[[ 4.97183249 -5.49372142 -2.46939664]
 [-5.88470319 -2.10716224  5.48402906]]
[[ 3.95095642 -5.06025709 -3.70609364]
 [ 5.77222363  5.8788692   5.21029399]]
[[-3.88597921 -3.24751856  3.96729096]
 [ 5.8211425   4.06187367  4.95561269]]
[[ 4.25483163 -3.0506389  -4.74618927]
 [-4.1273879   2.48723965  5.38248846]]
[[ 3.76912862 -3.77964715 -4.2527203 ]
 [-5.71502904  2.94465589  4.90362951]]
[[ 5.69621967 -3.79813189 -3.40632981]
 [-4.30727488  4.79782753  5.23608326]]
[[-3.16577517  4.5242571  -5.70202775]
 [ 5.89756681 -5.85248106  0.01851641]]
[[-5.29148051 -3.32481846  5.0499719 ]
 [ 5.92269627  5.97349958 -5.4014784 ]]
[[-5.01532672  2.83846928 -2.86475828]
 [ 0.81410991 -5.41518229  5.38501085]]
[[-2.6422023  -4.2669884   4.74056666]
 [ 3.14085322  5.49899849 -4.07381286]]
[[-5.05957208  4.53450684 -3.1409852 ]
 [ 5.89900219 -2.6024854   4.48671355]]
[[-4.34277293 -3.27004161  5.44761055]
 [ 5.18675604  5.89163495  0.66505341]]
[[-2.67731249  3.39342664 -4.34521975]
 [ 5.90961976 -4.06688854 -2.66396165]]
[[-4.33709741  4.30775245 -3.64718473]
 [ 5.64124083 -5.85945442 -5.57377667]]
[[ 3.64425758 -4.73359631 -4.99656846]
 [-0.30215227  5.86039199  5.33196045]]
[[-3.47470595 -4.87457358  3.15753272]
 [ 5.10037942  4.99126736 -5.43416525]]
[[-4.12544565 -3.55451818  3.13752508]
 [ 5.48651895 -5.5430327  -5.7534177 ]]
[[ 5.36934647 -5.12379687 -4.24781484]
 [-2.17749835  5.74175524  5.6752153 ]]
[[-4.49263635 -5.41025048  4.66510721]
 [ 4.62228556  5.58610256 -5.27803665]]
[[-3.20149559  5.92218833 -5.22280989]
 [ 5.73841766 -4.65668745  5.31977639]]
[[-4.26202822  3.7442178  -4.02284887]
 [ 3.27754439 -5.51904981  4.55579648]]
[[-4.3673569   2.95861473 -3.23095749]
 [-5.84075491 -5.9745348   5.02848746]]
[[-3.66190571  4.2799112  -3.43648041]
 [ 5.64467412 -4.60824185  3.58546191]]
[[-4.57898234 -3.15087143  5.59911345]
 [ 5.03086675  4.67315485  0.97031853]]
[[-4.72663427 -2.58468168  3.42708327]
 [ 4.9308079   4.00665532  0.86733077]]
[[-3.89883188  3.82999562 -4.30184843]
 [ 5.36880327  4.21469524  5.55437756]]
[[-3.24890829  5.03989138 -4.44254259]
 [ 5.31330186 -4.97363095  5.37192832]]
[[-5.26598421  5.88045781 -3.00264372]
 [ 5.94567051  2.50111113  4.26614591]]
[[ 4.43542067 -5.37320437 -3.06406618]
 [-4.93905086  4.51967994  5.25633718]]
[[-4.06805107  5.6309645  -2.60689499]
 [ 4.86786565 -4.30069248  5.69671859]]
[[ 4.81217551 -4.67345199 -4.87084679]
 [-5.37441247  5.97201853  4.11675942]]
[[ 4.28359889 -3.94349044 -4.17631117]
 [-2.21032704  5.96069417  4.82146546]]
[[ 5.85995869 -4.08690455 -4.09596807]
 [-5.02281943  5.60134458  4.04387885]]
[[ 3.42132671 -4.34319524 -4.46295633]
 [-1.04707496  5.82521762  4.7096892 ]]
[[ 5.25093801 -2.78740383 -5.37934165]
 [-5.6986266   5.77460984  2.05996129]]
[[-5.72243501 -3.42163305  4.78800363]
 [ 4.53148061  5.53606639 -4.45308188]]
[[ 4.59925051 -3.89635686 -5.85599446]
 [-5.65202223  4.00903512  5.57007353]]
[[-5.62054473 -3.17987166  4.34543292]
 [ 0.38310215  5.58795143 -5.64560471]]
[[-4.3447027  -3.22439014  4.95335031]
 [ 1.02188193  5.97185029 -5.89496845]]
[[-3.92293458 -4.08239633  4.89769614]
 [ 5.25794024  5.33323289 -1.9600525 ]]
[[ 4.6385953  -3.91366985 -5.30363247]
 [-0.58601837  5.48113019  5.68312003]]
[[-2.85406024 -4.56469617  3.67551374]
 [ 2.15800108  5.91514485 -3.73916432]]
[[-5.34992177  3.80757333 -5.26633195]
 [ 5.26129629 -4.3173181   5.05429119]]
[[ 3.84751818 -3.50450037 -3.49991128]
 [-5.93491005  3.24222911  3.44175363]]
[[ 4.80755801 -5.07596314 -4.69540181]
 [-4.38248595  5.14453449  5.44627377]]
[[-2.77060828 -5.41159048  5.14999396]
 [ 4.94365121  1.99373199 -5.61809854]]
[[-3.91502804  4.18830805 -5.00593748]
 [ 5.11039947  2.81958129  5.71565055]]
[[-5.87519146  4.52853621 -3.12027259]
 [ 5.41266313 -4.63921986  4.62585752]]
[[ 3.96763675 -3.96682114 -5.42511268]
 [-5.71269655  5.24139285  0.58325312]]
[[-2.45561898  3.46514513 -4.95170921]
 [ 4.22723416 -5.80257497 -4.74829686]]
[[ 4.09671801 -4.00757044 -4.58798624]
 [-5.25053751  4.09120455  4.2978379 ]]
[[-4.5551938  -5.42390684  2.98022176]
 [ 5.37865179  5.94366356  3.93115318]]
[[ 2.56559715 -4.51632659 -3.75018798]
 [-5.15688256 -0.32542411  5.91433056]]
[[-3.53769124  5.48123629 -4.07086671]
 [ 3.99371951 -1.64270284  5.52415812]]
[[-3.18879594  4.9002857  -5.87146157]
 [ 4.65471423  1.85159889  5.9896083 ]]
[[-5.70604665 -2.90927075  4.9921616 ]
 [ 5.39202225  5.32881263 -4.53854069]]
[[-5.40514689  4.64111927 -3.60464478]
 [ 5.81794044  2.58351561  5.4692036 ]]
[[ 3.9159357  -5.89842992 -3.46792667]
 [-4.58985052  2.23269209  5.54752121]]
[[-5.17999433 -4.58567914  5.44249962]
 [ 5.03132545  5.87382189 -4.35067684]]
[[-4.09950069  3.88063045 -2.84934002]
 [ 5.49894269 -5.97147142 -0.80592137]]
[[ 5.50953207 -3.73791454 -4.02056621]
 [-0.71114454  5.72044626  4.33202906]]
[[-4.13884909 -3.58584398  2.6389791 ]
 [ 4.63912899  3.70959071 -3.19010042]]
[[ 4.23010159 -5.38472344 -3.1409608 ]
 [-5.33946236 -4.43975917  5.59100318]]
[[-3.53899443  2.70225348 -4.33084016]
 [ 3.88036063  2.86774843  5.9087761 ]]
[[-5.54303524  3.60481062 -3.55150376]
 [ 3.62401528 -5.44254565  5.88735507]]
[[ 4.76845684 -2.56478387 -4.05414593]
 [-5.36467715  5.10653086  1.34981514]]
[[-4.80520145  2.71301069 -4.79071181]
 [ 3.3761237  -4.02177418  5.80788477]]
[[ 5.72271088 -3.2486397  -3.415243  ]
 [ 1.10867444  5.24039242  5.46851235]]
[[-5.03823796  3.40942627 -3.7518632 ]
 [ 5.94917239 -0.73675806  4.39168444]]
[[ 4.8344085  -4.01978283 -3.31243797]
 [-5.62695054  0.37677378  5.96735712]]
[[ 3.58410184 -3.61911937 -3.60033962]
 [-3.91354293  2.70234724  5.32925818]]
[[ 4.81124467 -5.62386693 -3.72887435]
 [-5.22725335  3.34218501  5.99169743]]
[[ 3.94508712 -5.52854859 -2.93646448]
 [-3.53634449  5.72683761  3.6701841 ]]
[[ 3.09498438 -4.25599104 -3.95935937]
 [ 0.49779061  5.13775404  5.53569096]]
[[-2.92470252 -5.9210638   2.78432901]
 [ 5.60233176 -4.62847331 -3.33781788]]
[[-4.58528215 -3.42321528  4.37997814]
 [ 4.66149742  5.61282631  2.29050934]]
[[ 5.932906   -3.33308744 -3.87267405]
 [ 5.288836    5.67655069  3.81129277]]
[[-4.04168087  3.5501109  -4.44337977]
 [ 4.77953129 -2.74171727  5.44182759]]
[[-3.09523919 -3.40538982  3.43786853]
 [ 5.36458108  3.78254883 -1.4644178 ]]
[[-4.04128106 -4.2626355   4.79510713]
 [ 2.61836013  5.03903124 -5.58731226]]
[[ 2.96834507 -5.75116109 -4.11516591]
 [-5.97757524  1.3624586   5.86485842]]
[[-5.61287132  3.114163   -3.43182276]
 [ 1.35208445 -4.97748972  4.73096859]]
[[ 2.84689203 -3.89497024 -3.72930444]
 [-4.1445796   3.61107293  5.21745739]]
[[ 5.56914665 -3.95832381 -2.68429865]
 [ 3.78956553  4.07617419  4.79438116]]
[[-4.01026472 -4.89163424  5.97727686]
 [ 5.33242259  5.57819786  3.92447261]]
[[ 4.2780074  -3.22833241 -5.74758014]
 [-5.76262393  4.89544243  1.05989544]]
[[ 4.09123721 -4.5419892  -2.88569247]
 [-2.86799201  4.38548972  5.86380562]]
[[ 5.77752937 -4.49328117 -4.93391656]
 [ 2.16070266  5.87136357  5.34091293]]
[[ 3.8119285  -4.0326443  -4.49676603]
 [-2.94798622  4.07324762  5.22247232]]
[[-4.1382629   2.36082452 -4.19173413]
 [-3.19398662 -4.17483217  5.94431862]]
[[-4.89799269  3.87517317 -3.46045197]
 [ 5.71594126  4.1905815   4.73455579]]
[[-5.11217326  2.93985913 -2.74671024]
 [ 4.64232651 -2.15883014  3.921849  ]]
[[-5.50412928 -4.08605039  2.88258714]
 [-3.69424782  5.79807083 -5.70790472]]
[[ 4.75244718 -5.91669326 -3.46001538]
 [-5.62509546  5.27048096  4.94196759]]
[[-4.47809606 -4.64915657  4.67864609]
 [ 4.79713592  4.56428834 -4.88451906]]
[[-5.67448602 -3.30594592  2.84778318]
 [ 4.22628281  5.88352002 -2.64036155]]
[[ 3.25231333 -3.66064904 -3.37534553]
 [ 1.31882022  3.85553676  4.69259727]]
[[-4.89498975 -3.89966975  5.00163274]
 [ 5.40863702  4.92976271  2.52254899]]
[[-5.53513952 -3.36201179  3.01010864]
 [ 2.15441751  5.75590529 -4.19588279]]
[[-5.25758394  3.57588107 -4.72502396]
 [ 4.11575875 -4.3593559   5.24226057]]
[[-4.49442949 -4.25243609  4.1791111 ]
 [ 3.44305981  5.52599796 -4.70137478]]
[[ 3.94456661 -4.98590537 -2.83823935]
 [-4.59602631  5.30646548  3.89254445]]
[[-2.75617235  4.32540205 -4.47151388]
 [ 4.92338195 -1.38063889  5.3864566 ]]
[[-3.83872827 -4.91721494  3.56616195]
 [ 5.05769426 -2.65053018 -5.17925896]]
[[-3.68335464  5.50875316 -5.60798801]
 [ 5.56760161 -2.75751056  5.79378653]]
[[-4.80149018 -2.99973807  5.9998658 ]
 [ 5.47142119  4.80374748  1.18117313]]
[[-3.74564082  4.27179877 -4.825011  ]
 [ 4.38205032  1.99634055  5.63681372]]
[[ 5.07019313 -3.32158846 -5.6352834 ]
 [-3.69659669  4.4872494   5.46746321]]
[[-3.73350647 -4.30352789  3.83155645]
 [ 5.09171248  4.95139891 -4.80666893]]
[[ 4.44524417 -4.07501734 -3.35642106]
 [-0.81516891  5.07948087  4.02886746]]
[[ 4.78134281 -4.15693955 -3.81447166]
 [-5.67366712  4.44545497  3.71714013]]
[[-5.64868314 -3.13842938  5.32889121]
 [ 5.8093309   3.95355006 -5.53678584]]
[[ 4.47194368 -4.58805126 -4.14037085]
 [-1.87051602  4.41724862  5.78691224]]
[[-4.43494045 -3.65672991  4.40276643]
 [ 3.96498635  5.31306824 -3.16302616]]
[[-4.58144247 -5.14908886  5.8209547 ]
 [ 5.8874847   5.92198089  3.6375594 ]]
[[-4.91133973  2.86138112 -5.53025705]
 [ 5.84473777 -1.17180475  5.97285823]]
[[ 4.58570982 -2.89779887 -5.59771775]
 [-5.08270616  5.4658532  -3.00230017]]
[[ 4.65619958 -3.48116375 -5.3132255 ]
 [-1.34087007  5.79717688  5.66670809]]
[[-4.28701626 -4.42268776  4.13424306]
 [ 5.78494577 -0.57710031 -5.53443454]]
[[-2.9154248   4.58439623 -5.84947349]
 [ 3.92335519 -5.53789917  4.36299571]]
[[-4.5700117  -4.51114109  5.21282746]
 [ 5.37725783  5.10967283 -5.95166462]]
[[-4.92234884 -3.60618031  5.1104344 ]
 [ 4.86965278  5.38150256 -5.30870134]]
[[-4.16254525 -4.2711352   3.43723486]
 [ 5.7913974  -3.28311849 -5.83083262]]
[[-3.69896634 -3.74797066  4.16189917]
 [ 5.24458775  5.96245251 -2.63943676]]
[[-4.42888464 -3.39565413  3.79078602]
 [ 4.60120157  5.58312517  3.12254796]]
[[-3.59767022  4.6979621  -4.5299982 ]
 [ 5.48769375 -5.70667457 -2.59434208]]
[[-4.65297453  5.97674691 -4.73137179]
 [ 5.60024207  5.78230552  5.93404356]]
[[-4.47773228  3.38855629 -4.33484827]
 [ 5.42334224 -0.57121921  4.6578491 ]]
[[-4.27305569 -4.83366272  2.88570339]
 [ 4.04303456  5.94382075 -2.50908805]]
[[-4.34026107  2.31795811 -3.59525361]
 [ 3.68095253 -4.27856725  5.88657032]]
[[-4.51916244  2.48746548 -4.91566185]
 [ 1.61943649 -5.51499898  5.87187091]]
[[-4.18239053  3.22468586 -2.6643302 ]
 [ 3.14109078 -5.63230568  2.81223655]]
[[-4.3071931   3.95639158 -5.24932053]
 [ 5.44860544 -5.89299793 -2.90869233]]
[[-3.42202025 -4.48489528  3.60200788]
 [ 5.38395021  5.81138178 -0.01208129]]
[[ 3.00564655 -3.4499129  -4.71038036]
 [-4.32081808  4.06800878  3.99148017]]
[[ 3.22101982 -5.29041473 -3.79890884]
 [-4.32333019 -0.1227605   5.94494137]]
[[ 4.13993129 -3.80003211 -3.63040103]
 [ 1.38303588  5.51835739  5.51516942]]
[[-3.57031526  2.81569334 -4.14750189]
 [ 4.82294804 -3.71846903  4.2525431 ]]
[[-4.296071    3.92810225 -2.76188156]
 [-3.91704518 -5.33243034  5.21402095]]
[[-5.38925377 -3.78782075  4.16060615]
 [ 5.28131622  5.47968375 -2.03544766]]
[[-4.39079976 -3.98729261  2.3549441 ]
 [-3.40338446  5.88799974 -5.22695258]]
