[[ 4.97589305 -3.92097381 -5.21889173]
 [ 1.70238355  4.98817923  5.73830745]]
[[-4.07633966 -2.52503453  5.8449228 ]
 [ 5.64685581  3.25009803 -0.98839552]]
[[-3.28507923  3.69447197 -4.03706699]
 [ 4.16553973 -0.74013365  5.18708167]]
[[ 4.38958115 -2.23116466 -4.57220665]
 [-4.41980075  2.458933    5.50982857]]
[[-3.71725892 -5.20025364  5.64576525]
 [ 4.83787838  5.95293717 -2.71428902]]
[[ 5.7644193  -5.72016569 -4.21154993]
 [-1.85446888  5.9346171   5.57697183]]
[[-4.7962166  -4.71351057  5.62539744]
 [ 5.41269174  5.31104945 -4.98311957]]
[[-3.21792903 -5.57162057  3.83966325]
 [ 4.90693377  2.44297028 -5.75668522]]
[[ 3.58966116 -3.22388564 -4.10609928]
 [-3.57090382  4.23023036  5.01285212]]
[[-4.92839383 -4.25658788  3.84560562]
 [ 4.98211815  5.27073657 -4.56817261]]
[[ 2.76591499 -3.87989486 -5.28109234]
 [-5.57228072  5.22128709 -5.60790032]]
[[-3.49598847  3.92169332 -3.438744  ]
 [ 5.84877396  4.55626968  4.44238386]]
[[-4.9252559  -4.67114074  4.45564117]
 [ 4.63440778  5.97166938 -3.9267523 ]]
[[-2.98517498  5.09075701 -5.8071683 ]
 [ 5.54684292 -3.95069544  5.44188239]]
[[ 4.38416795 -5.22631533 -2.83234838]
 [-4.33351962  3.35951725  5.50659   ]]
[[-4.37530573 -4.39440302  4.04170813]
 [ 5.80078047  3.9160182  -4.99856203]]
[[-2.80837515  5.94168712 -3.21982422]
 [ 5.50981459 -1.05996447  5.20539708]]
[[-5.83085149 -4.59396655  2.7578954 ]
 [ 5.22120564  3.89964436 -5.98505321]]
[[-4.57879181  5.91760802 -4.1888143 ]
 [ 5.08800413  1.16600216  5.94591248]]
[[ 2.59633315 -5.85013338 -4.47855583]
 [-4.49036177 -3.1079809   5.5708801 ]]
[[-3.0879051  -3.70250439  4.67171643]
 [ 4.56558924  1.10778802 -5.71911169]]
[[ 2.5900588  -2.91083923 -5.12564501]
 [-3.17903205  2.98787451  5.28508797]]
[[-3.32404317 -3.74789874  5.50816743]
 [ 5.66866248  4.07175974  0.96921377]]
[[-3.20581383  5.56741307 -2.42252012]
 [ 4.1865123   5.00324779  3.88326025]]
[[-4.05487048 -3.19727184  5.39653027]
 [ 5.05712151  3.91775231 -0.91795259]]
[[ 5.72515014 -2.98013994 -2.72133305]
 [-5.18603226  4.27711904  5.64469486]]
[[-4.77783874 -4.4109924   4.37181517]
 [ 5.62539594  3.93893776 -3.93567097]]
[[ 5.35681329 -3.37271238 -5.88468641]
 [-5.98445412  5.86184632 -2.11284037]]
[[-3.32235146  5.38760031 -3.02159243]
 [ 5.9377991   4.03883618  3.4235607 ]]
[[ 4.33548328 -3.86933846 -5.02791964]
 [-2.06499629  5.37163908  4.80074571]]
[[ 2.25284785 -3.601993   -5.01417149]
 [-5.8104354   4.71061378  5.61580611]]
[[ 3.27190462 -4.89363058 -2.9473719 ]
 [-3.86931262 -0.30364291  5.05940681]]
[[-5.44369299 -3.34273086  2.90461556]
 [ 3.18608586  4.60109663 -5.47842815]]
[[ 3.60574275 -4.75396377 -2.84425393]
 [-5.74563809  3.55617915  4.45211637]]
[[ 4.97591053 -4.87410458 -3.47190644]
 [ 2.95340179  5.4618696   5.95125943]]
[[ 3.33857583 -4.98361661 -3.6067097 ]
 [-5.487011   -5.99444998  5.85295461]]
[[-4.89496285 -3.86876163  2.83884899]
 [ 2.99437381  5.3692767  -3.98783593]]
[[ 3.0275338  -3.82813855 -3.87196749]
 [-4.44914741  3.58908278  3.44818893]]
[[-4.5069647  -3.38545414  3.95430514]
 [ 3.36375283  3.9083188  -4.87981486]]
[[-2.92259645 -4.10260825  4.17131713]
 [ 4.88037909  1.35296112 -4.8185234 ]]
[[-3.75900175  4.26668023 -5.33980388]
 [ 5.95473986 -5.31608884  5.30671381]]
[[-2.60199052  2.87014144 -5.92486033]
 [ 5.68662975 -2.31207801  5.88000038]]
[[ 4.42986308 -3.56399659 -4.10360567]
 [ 5.3846907   4.46295141  5.99631465]]
[[-4.06671154 -2.54015922  3.89156771]
 [ 4.20183269  5.86692789 -4.84163288]]
[[ 2.64459897 -4.60003826 -4.27670537]
 [-5.93445009  4.35050536  5.78267872]]
[[ 3.07269584 -4.36949335 -3.91038892]
 [-4.29452797  5.4500751   3.14403905]]
[[-3.78757742  3.50317053 -5.32923026]
 [ 5.59180909 -4.70808616 -1.82584045]]
[[-5.5631243   3.61645143 -4.50982028]
 [ 5.06479186 -5.27922079  4.84660366]]
[[ 5.12948274 -4.0176815  -3.50824562]
 [-1.69498177  5.39469851  5.59586422]]
[[ 5.1641373  -3.6857122  -3.26163026]
 [-0.11094026  4.63230811  4.34504555]]
[[-5.37832193 -5.58322304  3.88023097]
 [ 5.33835648  4.92534583 -4.76463045]]
[[-2.9291761   4.11964067 -4.52895846]
 [ 4.68613406  2.04403446  4.73434007]]
[[-5.07254798 -4.55439847  3.90461492]
 [ 2.40863689  5.60465133 -5.84149446]]
[[ 3.51521562 -4.07617113 -3.27766315]
 [-4.59408157  5.53497117  2.88093501]]
[[ 4.93510686 -4.94629715 -4.04837087]
 [-4.2207531   5.71118148  5.87849532]]
[[-4.96004645  4.46142097 -2.97851792]
 [ 5.2514221  -4.61083318  3.12072979]]
[[-4.15803197 -4.95579723  4.25637013]
 [ 3.15496856  5.99891351 -4.63573954]]
[[-3.21008286  4.96753256 -3.86246859]
 [ 0.98160734 -5.56227856  5.15327435]]
[[ 3.26825164 -3.90954551 -4.64118798]
 [-5.85809033 -3.66442722  5.47377084]]
[[-5.78599249 -4.18462773  3.56513835]
 [ 1.11816077  5.64635989 -4.81714583]]
[[ 3.18034379 -5.0051535  -3.52183775]
 [-5.8518267   5.56459877  3.88533047]]
[[-4.57219256  4.69569815 -3.29964065]
 [ 2.16106998 -4.77556692  5.63085025]]
[[ 3.38134685 -4.71117595 -4.94211391]
 [-2.81088157  5.48877443  5.08771258]]
[[-4.55526094  3.45617166 -3.42205137]
 [ 1.63998162 -5.4923262   4.71661389]]
[[-5.74595146  3.56143253 -3.43844533]
 [ 5.06853714 -4.16593546  4.53535001]]
[[-5.27376804 -4.46475256  5.83965886]
 [ 5.99645354  5.69210854 -1.99442112]]
[[ 5.95256393 -4.15504347 -4.02862721]
 [ 5.84752535  4.99578999  5.75376582]]
[[-4.2509447  -5.16395227  3.55947315]
 [ 5.55910974  0.13120306 -5.35258841]]
[[-3.93229059 -3.19901743  4.83752212]
 [ 4.64089208  3.50637064 -5.50736378]]
[[ 4.60674558 -3.19734542 -4.93303718]
 [-5.90846921  5.11904086 -0.21867413]]
[[-3.9330608   4.50745653 -5.45284642]
 [ 5.83097842 -4.64953928  3.60638423]]
[[-5.15934329 -3.10113014  5.70627996]
 [ 5.79465967  4.49752625 -3.93332464]]
[[-3.51200556 -3.79239381  3.40372928]
 [ 5.77786799 -2.261225   -5.12472662]]
[[-4.23535867  3.70573335 -3.81400695]
 [ 4.54400151 -1.9763718   5.59604609]]
[[ 4.6109723  -3.18322977 -4.52071887]
 [-3.62134362  5.43356536  3.85082307]]
[[-5.7956389  -3.62698782  5.17440694]
 [ 2.76680053  5.34073882 -5.83659241]]
[[-4.19621874 -3.98089242  4.14852113]
 [ 4.98834531  3.54365179 -4.11625641]]
[[ 3.88169914 -3.18368471 -4.29250785]
 [-5.90617726 -5.30120356  5.46453542]]
[[-4.10628616  5.61638671 -4.47043388]
 [ 5.40876559 -4.96002443  4.79136395]]
[[-3.01900755  5.38497563 -4.12661633]
 [ 3.47366147 -5.16639836  3.91025003]]
[[-3.65882801 -4.00695944  5.17904627]
 [ 5.79832438  3.67836122 -2.58166963]]
[[-4.34560783  2.81247038 -2.8110589 ]
 [ 4.42443694 -4.13026039  5.58798505]]
[[ 5.66776177 -5.62432579 -4.59004942]
 [-5.77676457  5.72942419  5.4863987 ]]
[[-4.4276879  -5.47497157  4.72779693]
 [ 4.10682764  5.72199396 -5.28353047]]
[[ 4.43499208 -4.47124293 -4.11557319]
 [ 3.7194156   4.90823138  4.99115318]]
[[ 3.62327696 -2.82776629 -4.8821238 ]
 [-5.31844623  3.79158244  4.11504702]]
[[-3.56250754 -4.24649243  3.86955015]
 [ 5.95913095  5.64218631  3.55073846]]
[[ 5.22363486 -5.84804623 -3.05502569]
 [-3.30200621  5.73510368  4.25214921]]
[[-4.95607606  3.97912559 -4.09987722]
 [-4.08123349 -5.30793718  5.48964521]]
[[ 2.37785382 -4.62256263 -4.81623386]
 [-0.11506541  5.77248749  5.98814029]]
[[ 5.77255951 -4.89967797 -4.9347217 ]
 [ 0.3294104   5.78019985  5.78424884]]
[[-2.91833087 -5.10221875  4.76643983]
 [ 5.48299246  1.90180634 -5.82431857]]
[[ 4.81607348 -4.66905366 -3.62325963]
 [ 0.55123891  5.93669462  5.15130979]]
[[ 3.61618263 -3.77882671 -4.42794832]
 [-2.83267259  4.39229731  5.35746699]]
[[ 4.46772321 -4.95168316 -3.8028134 ]
 [-3.78749821  4.61048651  5.39588512]]
[[-3.0923455  -5.66571723  4.42099937]
 [ 4.77637646  5.95027727  3.01196424]]
[[-3.64633277  3.39528662 -3.74699752]
 [-1.45541952 -3.95479876  5.79539407]]
[[ 4.46203863 -4.79816154 -3.121088  ]
 [-5.46888164 -1.95340375  5.25513694]]
[[ 2.6802224  -2.92607386 -5.05040968]
 [-5.37258449  4.2417179  -4.39976993]]
[[ 3.81873756 -3.72035726 -2.97441463]
 [ 0.4922179   5.70624918  4.88195017]]
[[-2.76975842  5.6601008  -5.07951885]
 [ 5.15850987 -1.72890864  4.79604125]]
[[ 3.25950942 -3.82719985 -3.03962199]
 [-3.6393422   4.96086839  5.61077331]]
[[ 3.85132331 -3.5970554  -4.56233626]
 [-5.81229174  4.83326797 -4.73076332]]
[[-5.30830787  2.7821039  -4.10366448]
 [ 3.95580721 -5.8028853   4.43400712]]
[[-4.00734969 -3.25138934  4.02246582]
 [-5.62244585  4.93373057 -5.95961389]]
[[ 2.9416714  -4.58365286 -3.80986278]
 [-5.77965794 -3.0316733   5.22282933]]
[[-3.20768671  3.99177426 -5.24467102]
 [ 5.64878101 -0.65391331  5.24991882]]
[[ 5.72479673 -4.28819308 -4.97704432]
 [-4.11981835  5.42455682  5.47464436]]
[[-4.39916302  5.37264722 -3.15881378]
 [ 5.54255067 -1.09031194  5.97352369]]
[[ 3.48148157 -3.59269855 -3.33093779]
 [ 0.2760921   5.62849716  5.33235977]]
[[ 2.50890161 -4.86582469 -4.47066298]
 [-5.61760471  5.85336285  5.94103116]]
[[ 4.17216211 -5.98809848 -4.25306677]
 [-5.68340784  4.82021192  4.47213121]]
[[-4.50042095 -4.33844183  4.1946883 ]
 [ 5.41197954  3.33418428 -4.70697517]]
[[-3.05865625 -4.89904474  5.10369177]
 [ 4.65262841  5.15247559  4.4543141 ]]
[[-4.96747599  4.31465248 -4.20569846]
 [ 5.42579024 -3.9965918   4.08588283]]
[[-5.40923453 -3.37325939  4.63357752]
 [ 5.1871848   5.86690721  5.23799004]]
[[-4.756641   -3.59509782  5.62901012]
 [ 5.22867229  5.84105054  2.47227011]]
[[-3.27656493  4.6817726  -3.39585391]
 [ 4.63859695 -2.3367774   4.58990114]]
[[-4.64071057 -4.71459864  4.32139324]
 [ 4.12770347  5.85717659 -4.64121853]]
[[-3.29213165  4.24141248 -4.87251599]
 [ 4.36102892 -4.24290855  5.95693557]]
[[ 4.21733223 -3.582904   -4.2327886 ]
 [-4.87798748  2.34790756  4.90340565]]
[[ 3.98376477 -5.85291347 -3.99523433]
 [-5.19951639  5.89717406  4.72324671]]
[[-4.64481005 -3.51416685  2.84938307]
 [-4.63704459  4.3581405  -5.709138  ]]
[[ 4.32103925 -3.00501813 -5.62911541]
 [-5.04789074  5.00088025  0.01252675]]
[[-3.27044059 -4.96225447  4.66409791]
 [ 5.64978515 -5.54092311 -5.5348986 ]]
[[-3.81457352  4.26430941 -4.31158937]
 [ 5.46636808 -5.38399253 -1.19157324]]
[[-4.36341129  4.27772472 -3.79582795]
 [ 5.89375426  0.19623629  5.82180035]]
[[-4.44194306  5.23034075 -3.97967572]
 [ 5.90107266 -5.60974237  4.18050618]]
[[ 3.93580249 -5.38388073 -2.57488995]
 [-5.55604449  0.99875241  3.8273293 ]]
[[ 4.6526262  -5.77777661 -4.41460627]
 [-5.91935708 -2.25025498  5.69470232]]
[[-3.22933892  5.43861202 -3.52862331]
 [ 5.50385714 -4.62086442  2.74249127]]
[[ 5.05648375 -2.81862538 -5.25070295]
 [ 4.31778306  4.58599863  5.96103112]]
[[-2.91634911  5.08381628 -5.58168477]
 [ 5.02150081  3.15833266  5.98756166]]
[[-2.3243593   4.06617299 -4.24951627]
 [ 3.81152012 -1.97425318  4.61165288]]
[[-3.03381084  3.95267569 -5.04530857]
 [ 4.64749477 -5.26853483  3.21188551]]
[[-4.83625411 -3.8341425   3.52403686]
 [ 3.54418116  4.67997196 -4.80453863]]
[[-3.14065344  5.33627534 -4.18229973]
 [ 4.5255418   4.90882494  4.49476121]]
[[-3.19461451  5.12931546 -4.19955556]
 [ 4.47185839  5.14019693  4.47491741]]
[[ 3.32065301 -3.77526608 -3.965427  ]
 [-5.82614761  5.7211471   3.55883737]]
[[-4.03495816  4.04261755 -4.61199458]
 [ 2.34384205 -5.55224649  5.77024813]]
[[ 2.65851748 -4.01672598 -4.17190713]
 [-5.41469214 -2.2739855   5.45504886]]
[[ 4.6526734  -4.49818366 -3.13777799]
 [-0.61204105  4.76968617  5.40215619]]
[[-3.85968617  5.96941729 -4.45551733]
 [ 5.42624182 -0.94289253  4.76535202]]
[[-3.28021121 -5.24979415  4.0914763 ]
 [ 4.7602853  -2.35289878 -5.37631455]]
[[ 4.10543243 -4.36616927 -3.576637  ]
 [ 5.44403263  4.50312218  5.5213586 ]]
[[-3.79692802  5.31730268 -3.86661545]
 [ 4.35888638  4.31041683  4.65256437]]
[[ 5.48171798 -3.87670381 -3.42521322]
 [ 0.14735482  5.94931702  3.40561459]]
[[-3.33665431 -4.63615096  4.57173158]
 [ 4.47909117  5.25586008  5.92280441]]
[[ 4.36422911 -4.92735019 -2.96041544]
 [-5.71266392 -2.74866499  5.63875763]]
[[-3.56545175  4.07323834 -3.15742324]
 [ 0.6314361  -5.91909958  5.32852681]]
[[-5.50139057  4.64721842 -5.7063404 ]
 [ 5.5183628  -5.58029538  5.28817802]]
[[ 3.86872399 -4.78513695 -3.74233114]
 [-5.78436185  5.98928821  4.18049548]]
[[ 3.76197776 -4.92558347 -4.8134529 ]
 [-4.05617476  4.68564799  5.34033692]]
[[ 4.58039718 -5.33930699 -3.09768245]
 [-4.87754209  4.16587978  5.16149767]]
[[ 3.99409277 -4.80819659 -2.21641678]
 [-5.60525835 -3.41638312  3.74590229]]
[[ 3.54990319 -3.76967602 -4.30874549]
 [ 2.84409774  4.76104384  4.91580419]]
[[-4.82786578 -2.39789926  5.34852886]
 [ 5.62719158  2.53434862 -5.92889305]]
[[-4.23635213  3.33303389 -5.55542531]
 [ 5.40608196 -5.43475996 -2.84765694]]
[[-4.88094429 -5.69211129  3.41387386]
 [ 5.90320075 -0.08633339 -5.73315421]]
[[ 5.70295105 -3.96349211 -3.72285296]
 [-1.91800508  4.25728739  5.15125643]]
[[-3.10360335 -4.8605498   3.87320253]
 [ 4.57003704  5.31974155 -2.86326366]]
[[ 4.29577225 -4.19114856 -4.93333192]
 [-5.02306271  3.6946791   5.5949497 ]]
[[-4.34065204  4.50531818 -3.93521072]
 [-2.26871253 -5.0584098   5.99545664]]
[[-3.37819149  5.82615308 -4.88549532]
 [ 5.16197965 -1.89632792  5.50266622]]
[[-4.1369927   5.73484215 -4.20230776]
 [ 5.28531933 -3.00383976  5.95075199]]
[[-5.93809201 -3.03241028  3.39029302]
 [-4.06454512  5.69126763 -5.94170756]]
[[ 4.39805672 -3.20051126 -5.28506414]
 [-5.71596042  4.78949514 -0.09478595]]
[[-4.01313065  5.77488825 -4.46146033]
 [ 4.03677881 -4.96365515  5.82697072]]
[[ 4.60478187 -3.82777562 -2.25426031]
 [-4.30454907  4.86542027  5.91552791]]
