[[ 4.10491127 -5.88534934 -3.10109736]
 [-5.40519714  2.77792124  5.91479994]]
[[-5.26479299 -3.90373848  5.10117649]
 [ 4.57353185  4.82485783 -5.35812763]]
[[-3.86182894  3.93267532 -4.1770419 ]
 [ 5.96665812 -5.80543183 -2.99723634]]
[[-5.65095218  4.41030331 -3.54847426]
 [ 4.61549739 -4.16063352  5.51985644]]
[[ 5.29130512 -4.40756743 -2.69162203]
 [ 3.50763     5.24653226  3.69638941]]
[[-5.28408256  3.79935266 -3.61886534]
 [ 4.92296175 -5.56997405  3.00255305]]
[[-3.34597802 -5.32022549  5.59398591]
 [ 5.45302613  5.3114009   1.29654806]]
[[-4.00063211  3.69244465 -3.76783444]
 [ 5.7750116  -4.53797795 -2.59642898]]
[[-2.68505828  4.6343722  -5.6734805 ]
 [ 4.60695111  2.94728797  5.83215431]]
[[-3.81573163  3.67523458 -4.48323285]
 [ 5.66185008  0.73977414  4.68688285]]
[[ 5.90123212 -3.35775171 -4.26125871]
 [-5.71796102  5.35312648  2.67761841]]
[[ 3.73215929 -2.49492536 -4.75804508]
 [-4.97487891 -0.96191677  5.8804697 ]]
[[-4.11313821  5.21642188 -4.35815644]
 [ 4.85198859 -0.69888585  5.51966343]]
[[-3.71787323 -5.40572208  4.22718334]
 [ 5.70962411 -5.33971185 -5.59804322]]
[[-3.70938253  4.25970455 -5.01266493]
 [ 4.27928836 -5.99181432  2.9933372 ]]
[[-4.48611316 -5.35507237  5.07598282]
 [ 4.89122626  5.95612616 -3.53362467]]
[[-3.69726878 -4.53089201  3.72081793]
 [ 5.81408889 -4.43663674 -5.85060399]]
[[-3.9707317  -5.47660483  5.79538513]
 [ 5.43489885  4.98072935 -4.93084704]]
[[-2.65743827  5.70804037 -4.36268909]
 [ 5.33082182  3.3897178   5.69599213]]
[[-5.19377138 -3.7565834   5.67195544]
 [ 5.62594335  4.76013021 -3.66168315]]
[[-4.07799861 -5.47502881  4.2188517 ]
 [ 3.65853739  5.69333016 -4.89325041]]
[[-4.94849544  5.34873812 -3.87896025]
 [ 5.46022639 -0.57136482  5.61732974]]
[[ 3.8302265  -3.76632993 -5.36649343]
 [-2.96873651  4.27711605  5.76078208]]
[[-4.55967093  2.76025272 -3.11760468]
 [ 0.35746896 -5.37001054  4.06884255]]
[[-4.93443005  3.90937419 -3.86612818]
 [ 5.82908338 -0.36474909  4.54048528]]
[[ 2.9854854  -4.02465119 -5.14204765]
 [-5.65471093  4.79624081  2.78253042]]
[[-4.04225664  5.71649082 -3.01227612]
 [ 5.22323602  0.39797975  4.23287894]]
[[ 3.36830532 -3.46512924 -4.34743437]
 [ 4.79543989  4.82928822  5.89121081]]
[[-5.2453136  -3.24684127  4.60317824]
 [ 3.70817029  5.54223418 -4.70388077]]
[[-3.74262699 -4.80812735  3.12731718]
 [ 5.77883414  1.86551132 -5.37375719]]
[[-4.14645703 -3.32040944  3.00538326]
 [ 5.79614319  1.92353012 -4.82257819]]
[[-3.15334804  3.22099649 -4.83289859]
 [ 3.55650213 -5.00760262  3.05544201]]
[[ 2.75795255 -2.96689606 -5.13228323]
 [-3.99584852  5.71114689 -2.31795318]]
[[ 3.87942345 -4.1340151  -2.64866321]
 [-5.80714721  5.07735185  2.31406874]]
[[-4.49011819  4.42023108 -2.74375362]
 [-5.59622348 -4.83075881  5.60324836]]
[[-3.79415528 -3.49817907  2.95083792]
 [ 5.56822847  5.82651911 -1.91504645]]
[[ 3.25507302 -4.24539566 -5.10591488]
 [-4.97663035  3.16248939  5.34135651]]
[[ 2.86305122 -4.62971588 -3.85704807]
 [-2.53716701  5.19569195  5.43401489]]
[[-3.62544814  5.58842281 -3.1451642 ]
 [ 4.33934978 -5.18690682  4.00486009]]
[[ 2.16106747 -3.81427281 -5.16980557]
 [-0.81073543  5.59461629  5.084715  ]]
[[-4.3036244  -5.83653513  3.94010104]
 [ 5.67269057 -1.61314968 -5.21376194]]
[[ 5.25687239 -2.8669454  -5.60695489]
 [ 4.49081753  5.48649135  5.85300248]]
[[-3.37880183 -4.87133876  5.52749883]
 [ 5.95466226  3.94651005 -4.648262  ]]
[[ 5.18536505 -3.29500514 -4.81642805]
 [-4.53381181  5.11196831  5.56292579]]
[[-4.86659364  5.77853725 -3.33848602]
 [ 5.87317808 -4.29705381  4.92648459]]
[[ 3.90760293 -5.50005325 -2.75511086]
 [-4.58522375 -4.33810789  5.75800503]]
[[-3.38177503 -4.58569937  5.44147447]
 [ 4.50138967  5.78952096 -2.35261779]]
[[-4.48246166  2.67189371 -4.2863786 ]
 [ 5.72549354 -1.4563074   3.97289089]]
[[ 3.8646207  -3.44909711 -3.89949651]
 [ 2.74625796  5.02713274  5.77253092]]
[[-3.61764481 -5.70364888  2.48233736]
 [ 4.4312225   4.48429327 -3.41685348]]
[[-3.28757749 -4.03301021  4.56269438]
 [ 3.97466477  5.24579374 -1.1331803 ]]
[[ 5.14882031 -5.39814233 -4.11043491]
 [-3.48547982  5.31831309  5.63908601]]
[[ 2.60887386 -4.58562285 -4.47665397]
 [-5.07550178  5.17556565  3.35295922]]
[[-4.25665018  3.55835084 -3.42154038]
 [-3.22641039 -5.05103286  4.99651093]]
[[-4.39591892  3.79547043 -2.55212161]
 [ 5.63747884 -3.64410124  4.02523805]]
[[ 3.56649336 -4.7460641  -3.7517487 ]
 [-5.49724893  1.32704707  5.2656645 ]]
[[-3.18519282  4.21129272 -5.50388472]
 [ 5.33353208  2.57275435  5.57543253]]
[[ 2.43090212 -4.69543492 -5.62773045]
 [-3.7913237   5.11817674  4.22679223]]
[[-3.55458234  3.25773235 -5.89293602]
 [ 5.81029329 -5.84188167  4.63945127]]
[[ 3.62867206 -5.51483543 -4.08276112]
 [-5.64183217  1.59051497  5.20782103]]
[[-2.71833547 -5.12224982  4.7811489 ]
 [ 5.92944727  5.81909364  4.67101627]]
[[-3.46607483  3.81065847 -4.8001024 ]
 [ 5.77230674 -5.09930654 -1.72908371]]
[[-3.78959407 -5.56909682  4.51203479]
 [ 5.94797221  5.82132232  4.85070586]]
[[-5.16474741 -4.38017833  4.10464317]
 [ 5.19880305  4.25881986 -5.84522366]]
[[-3.90555469 -3.92768797  4.80453009]
 [ 5.98106005  5.25356571 -2.77965236]]
[[ 5.45010228 -3.24751448 -3.75159508]
 [-2.08625424  5.21162917  4.81257777]]
[[-4.63758809 -4.58906296  5.30027259]
 [ 5.61904824  5.18685972 -5.02805318]]
[[-4.19114034 -4.09605773  2.88355468]
 [ 5.26126925  5.49821459 -0.0219614 ]]
[[ 3.98794037 -2.52930178 -5.08431445]
 [-5.94292615  4.80265936  3.60018754]]
[[ 4.36269285 -4.11720517 -3.79030234]
 [-5.41608718  4.07065134  5.80172455]]
[[-3.33882021  4.23336073 -4.41038836]
 [ 5.84846504 -2.64003108  3.94031845]]
[[-3.75605291  4.78199186 -3.7883659 ]
 [ 4.65692308 -2.6741805   5.75282704]]
[[-3.45474667 -4.93554848  5.80734616]
 [ 5.69590565  5.076107   -5.01179646]]
[[-3.46828821  3.60524813 -4.53464118]
 [ 5.15886103 -5.21425512 -1.96042524]]
[[-5.20752518  4.75977705 -3.85963065]
 [ 5.56063789  3.78935772  5.07218987]]
[[ 4.30172813 -2.90798132 -5.64885741]
 [-5.01578968  5.33039718 -2.83300083]]
[[ 4.27558936 -3.99650156 -5.3750359 ]
 [-5.58859473  5.405668    1.62800542]]
[[-3.92354324  3.25309224 -4.29022289]
 [ 5.55271344 -4.4546584  -4.8188357 ]]
[[-2.78940299 -4.21371477  4.28392563]
 [ 5.33088408  4.67240906  5.67965072]]
[[-5.18875824 -4.19954671  3.48548603]
 [ 5.87352214  3.3634476  -4.42437094]]
[[ 4.38205398 -2.98914431 -4.47971931]
 [-5.75288597  3.13133354  3.63336196]]
[[-4.92161148  4.39008034 -3.45123358]
 [-5.91364433 -5.90874888  4.70938551]]
[[-2.68463607  3.33880673 -5.48465241]
 [ 5.20106857 -4.80424771  0.21644253]]
[[-5.68052641  2.51457691 -5.15190688]
 [ 5.885263   -5.73606158  3.48298047]]
[[-3.73066942 -4.48995702  4.72759891]
 [ 4.45702777  5.72490179  3.66329792]]
[[-3.2997228   3.65653573 -4.2778905 ]
 [ 4.76498712 -5.4870028   4.08101495]]
[[-5.08615945  2.76305468 -4.32467751]
 [ 3.59967452 -5.01402     5.26030756]]
[[ 5.26333274 -4.69044215 -3.04384026]
 [-5.56058493 -1.5932335   5.65079221]]
[[ 3.2040714  -3.34202233 -4.8373651 ]
 [-4.77130476  5.01462538 -4.79967482]]
[[-3.91392186 -2.4350249   4.99504625]
 [ 4.13574291  2.2319077  -5.81591873]]
[[-2.88137724  4.00802995 -5.04267729]
 [ 4.38468804  3.36287052  5.31907996]]
[[-3.23468993  5.38850202 -4.15679655]
 [ 3.40722006  4.01131536  5.62776934]]
[[-4.94001645  3.41628723 -3.39698527]
 [ 4.58278159 -5.61326979  2.58627229]]
[[ 4.63585383 -4.36479512 -2.62427981]
 [ 3.77580209  4.84666897  5.47381746]]
[[-5.27511345 -3.58409066  4.08390072]
 [-2.83145538  4.715547   -5.80451463]]
[[-2.83911156 -5.94087381  5.49103717]
 [ 5.31579486  5.98680473 -4.26328941]]
[[ 5.07126166 -2.61632674 -5.1817928 ]
 [-5.70886441  5.23363139  1.87452265]]
[[-3.43538676 -4.41904994  3.09058698]
 [ 5.30724915  5.7766785   3.63705884]]
[[ 5.17940683 -4.67975534 -2.66394287]
 [-3.92904625  5.10092406  4.96438726]]
[[-5.26270955 -4.62313053  5.06281328]
 [ 4.6897318   5.56829135 -4.77323225]]
[[ 1.9740616  -3.88423894 -5.26314615]
 [-5.45908757  5.3382622   0.22136424]]
[[ 5.48813932 -3.8842824  -4.12091253]
 [-2.56846954  4.40857706  5.7531988 ]]
[[-5.81139596 -3.0819631   4.28281477]
 [ 5.81421616  5.534677   -4.75800138]]
[[-2.86315984 -3.96447142  3.46770434]
 [ 5.48814816  4.14112872  3.99092695]]
[[-4.43883388 -5.4613984   3.20546569]
 [ 4.53516905  4.64782329 -4.70742447]]
[[ 3.6557242  -5.51981432 -4.09484939]
 [-2.09639458  5.93025243  5.64160575]]
[[-2.37535006 -4.96209746  3.28137302]
 [ 4.59735094  4.98287634  3.76445383]]
[[-3.60125241 -5.31783313  3.77253858]
 [ 5.19308147  4.72457608 -4.37770352]]
[[ 3.70004245 -2.67946956 -5.9482119 ]
 [-4.58550226  3.932655    4.50685913]]
[[-4.32649558 -4.4248237   4.18745977]
 [-1.64772846  5.56876952 -5.75706306]]
[[-3.26009572  5.33587184 -4.91550127]
 [ 4.37038457 -5.41953825  5.14133381]]
[[ 4.51326705 -3.87953781 -3.60436575]
 [ 1.56823691  4.18331763  5.53983339]]
[[-4.96387428  5.28022271 -3.9131216 ]
 [ 4.57475858 -4.67072729  4.92131804]]
[[ 4.22076191 -5.73878461 -3.82887872]
 [-5.04043109  5.05982738  4.15790124]]
[[-3.43381667 -5.60970539  3.58730322]
 [ 4.78996798  5.94141173  4.19380755]]
[[-3.90421359  3.56467254 -3.46845867]
 [ 5.57000546 -4.18970021  1.84436561]]
[[ 4.77573287 -4.75413357 -2.42598374]
 [-5.48078814 -0.54926105  5.9025859 ]]
[[-3.83593463 -4.62175391  3.80633217]
 [ 5.57428615 -1.34383172 -5.46055924]]
[[-5.72781937  2.71350065 -3.31622411]
 [ 4.76874514 -4.19205941  5.53542999]]
[[ 4.97544433 -2.96828092 -3.33872764]
 [-0.32065503  5.17873553  5.33779627]]
[[-5.6647635  -4.75545858  3.49037548]
 [ 5.34832412  4.98602848 -3.98177552]]
[[-3.18369709  4.18847801 -4.45603427]
 [ 5.25019746 -5.0746303   0.5245475 ]]
[[-3.5987611   5.46296494 -5.51535792]
 [ 5.68237215 -5.9979999   2.83683388]]
[[ 5.36894095 -4.68048611 -5.77485466]
 [-5.4990273   5.08248403  5.97093531]]
[[-4.34689073  3.0515373  -4.84086133]
 [ 1.37299584 -4.97801755  5.79196464]]
[[ 5.36278079 -3.17205895 -5.29497672]
 [ 5.39642717  5.33714527  5.58971636]]
[[ 2.90397327 -3.45718343 -5.9562235 ]
 [-5.62173696  5.81895511 -1.78820097]]
[[ 3.55885546 -5.68229224 -3.64553463]
 [-4.01027228  4.24195217  4.70590724]]
[[ 3.04439354 -3.69400707 -3.78605937]
 [-3.50793911  4.22238987  3.69431396]]
[[-3.54302891  3.73816107 -3.8470046 ]
 [ 5.17921697 -4.83590792  4.69413135]]
[[-3.34220036 -3.62111862  5.39110768]
 [ 5.57499557  4.76029309 -0.66236695]]
[[-3.30856176 -4.39144083  5.29864289]
 [ 5.49580371  5.70363281  5.77259275]]
[[-3.27889965 -4.69141049  4.81593884]
 [ 2.34713164  5.00607165 -5.9809539 ]]
[[ 2.63524402 -4.75324169 -5.79732733]
 [-4.81235851  5.95698049 -5.7862326 ]]
[[-3.58514957 -3.52181993  3.47496683]
 [ 2.67518702  4.00675773 -4.10329702]]
[[-4.05343778 -5.59061139  4.83843961]
 [ 5.49688406  5.71774949  2.31677871]]
[[-4.68026155  4.35677962 -4.82019061]
 [ 5.51614106  0.37847087  5.28581152]]
[[ 5.63057847 -3.91416218 -4.90785833]
 [ 2.89160759  4.75565169  5.53150189]]
[[-5.17582478  3.25241507 -2.93220392]
 [ 4.43508102 -4.72115218  5.07952256]]
[[-4.45521234 -2.87427813  5.40721743]
 [ 5.15785769  5.42760603  2.32914019]]
[[ 5.87718955 -2.7299704  -5.44135942]
 [ 5.55393868  4.76132724  5.61014026]]
[[ 4.41059222 -4.2514374  -2.61833384]
 [-5.86669855 -0.05550004  4.96645838]]
[[ 3.45645473 -3.56272729 -4.32035469]
 [-5.99659669  1.92547089  4.89648905]]
[[ 4.05088837 -3.571825   -4.4753627 ]
 [-2.00540197  5.06786409  4.58467156]]
[[-4.89772681  5.78562596 -3.73452258]
 [ 4.658445   -5.23680341  4.96932052]]
[[-4.3724215   5.07765188 -5.37537881]
 [ 5.85376918  2.97756462  5.77730688]]
[[ 2.56085898 -4.74071625 -5.08609421]
 [-5.2583542   4.90139871  5.60365631]]
[[-4.77660362 -4.0500623   3.15833695]
 [ 1.08643166  5.56788784 -5.01061573]]
