[[-5.64600401  4.08948935 -5.91290827]]
[[ 4.30274715 -5.89165941 -5.89552029]]
[[-5.81088095  4.2734001  -5.93990699]]
[[-5.8997145   4.10704034 -5.92075001]]
[[-5.99616248  4.23096415 -5.81347797]]
[[ 4.04411739 -5.75109516 -5.92201663]]
[[-5.81158257 -5.82559219  4.04657206]]
[[-5.77248141 -5.90692901  4.22370612]]
[[ 4.27392506 -5.77355928 -5.97460474]]
[[-5.80852652 -5.70197338  4.05682692]]
[[ 4.10176256 -5.87286084 -5.97433837]]
[[-5.94794208 -5.67584134  4.08802743]]
[[-5.78379392  4.24423372 -5.95141052]]
[[-5.76859625 -5.98297008  4.3019877 ]]
[[-5.92279808 -5.81133795  4.3142456 ]]
[[-5.86140956 -5.77382317  4.0643323 ]]
[[ 4.36055802 -5.91040297 -5.93059644]]
[[ 4.29650057 -5.93618496 -5.91214135]]
[[-5.9028029   4.18402843 -5.96589511]]
[[-5.96657721  4.15161678 -5.98569242]]
[[ 4.15407993 -5.96816612 -5.92902555]]
[[-5.67681587 -5.90450165  4.03318186]]
[[-5.96790441  4.49667022 -5.9982104 ]]
[[ 4.3203061  -5.85903978 -5.95395222]]
[[ 4.08581427 -5.95922608 -5.67877615]]
[[-5.97421688 -5.93360794  4.26889415]]
[[ 4.11723852 -5.99295965 -5.84558723]]
[[-5.72530536 -5.90612541  4.11491999]]
[[-5.97628757  4.52098817 -5.98165626]]
[[-5.8845092   4.32428872 -5.86667124]]
[[-5.8956063  -5.76169753  4.14600198]]
[[ 4.23144916 -5.99669338 -5.70447218]]
[[-5.9884424  -5.94019009  4.51760956]]
[[ 4.22244961 -5.85288083 -5.94096747]]
[[-5.81652562  4.2387495  -5.85432696]]
[[ 4.0260227  -5.95529783 -5.85698928]]
[[ 3.93344427 -5.94811937 -5.92959891]]
[[ 4.43885    -5.96578202 -5.89913059]]
[[-5.94215346 -5.94883067  4.43970224]]
[[ 4.40339638 -5.9393417  -5.9034731 ]]
[[-5.90222052  4.14451052 -5.94595963]]
[[-5.71937058 -5.68136672  3.98048274]]
[[ 4.36345334 -5.97088315 -5.98629739]]
[[ 4.11104466 -5.71588956 -5.82706232]]
[[-5.8443957   3.82993944 -5.59597002]]
[[ 4.20745971 -5.89983662 -5.8758552 ]]
[[ 4.43424868 -5.98855052 -5.93908421]]
[[-5.92189692  4.35828313 -5.87128953]]
[[ 4.12930386 -5.69359445 -5.87726971]]
[[-5.80928775 -5.91261575  4.29189718]]
[[-5.66654242  4.0636018  -5.86410828]]
[[ 4.24738611 -5.887237   -5.83410331]]
[[ 4.35713066 -5.91556652 -5.98365034]]
[[ 4.29043648 -5.97183971 -5.86230201]]
[[ 4.17505362 -5.96083593 -5.83179938]]
[[-5.67828448 -5.87160552  4.04377486]]
[[-5.97118419 -5.96497162  4.52444109]]
[[-5.73682503 -5.91440977  3.97528573]]
[[-5.91862076  4.38029489 -5.95843102]]
[[-5.93421291 -5.95309959  4.39589533]]
[[ 4.12078928 -5.93027615 -5.77446573]]
[[-5.80470739 -5.9825012   4.25422194]]
[[-5.97900043 -5.88727624  4.07771334]]
[[ 4.18326904 -5.78755505 -5.9789031 ]]
[[-5.92819781 -5.83707369  4.13781575]]
[[-5.99754447 -5.88922448  3.84020922]]
[[-5.8774573   3.81136741 -5.60324292]]
[[-5.84246538  3.97324777 -5.87832742]]
[[-5.98868255 -5.89505126  4.31147308]]
[[-5.99789464 -5.68445825  4.11475963]]
[[-5.83703265 -5.93934717  4.33475344]]
[[-5.86253949  4.18487964 -5.95854596]]
[[ 3.89063937 -5.73367169 -5.90078112]]
[[-5.92403892  4.11164833 -5.60559891]]
[[-5.88543889  4.11784792 -5.98608456]]
[[-5.97782562 -5.81687403  4.13525369]]
[[ 4.33351895 -5.75396692 -5.99758767]]
[[-5.9663499   4.23401202 -5.70333681]]
[[-5.8838824   4.10141299 -5.93042728]]
[[-5.79341101 -5.99415401  4.31857562]]
[[ 4.22127948 -5.92053226 -5.84153156]]
[[-5.98968759 -5.48862112  4.00284637]]
[[-5.814706   -5.85873039  4.096665  ]]
[[ 4.02700129 -5.95172399 -5.84887954]]
[[-5.89747711  4.28817443 -5.98436668]]
[[-5.94377702 -5.92042235  4.45038758]]
[[-5.91657073 -5.83751665  4.32631178]]
[[ 4.1334849  -5.85502444 -5.91475379]]
[[-5.80755476  4.20761732 -5.95888457]]
[[-5.81083671 -5.82545787  4.00168804]]
[[-5.92370863  4.11289882 -5.67778244]]
[[ 3.95595537 -5.85160899 -5.73135378]]
[[ 4.26968628 -5.9448217  -5.91595863]]
[[ 4.1030079  -5.66431754 -5.94125411]]
[[-5.95748845 -5.85208417  4.35847675]]
[[-5.96600538  3.98766696 -5.55297946]]
[[ 3.96319788 -5.92778442 -5.60237714]]
[[-5.80471604  4.20711269 -5.82960616]]
[[-5.87912178 -5.88372777  4.32582262]]
[[ 4.16551656 -5.80222693 -5.90011002]]
[[ 4.09278757 -5.72542539 -5.92704464]]
[[-5.98764977  4.02125043 -5.9952443 ]]
[[ 3.88142929 -5.69235031 -5.92255266]]
[[-5.5982186  -5.85785874  4.0101422 ]]
[[-5.73158661 -5.95300735  4.146337  ]]
[[-5.96817615 -5.69688892  4.15110001]]
[[-5.91108705  4.31864869 -5.9327377 ]]
[[ 4.05094502 -5.94948142 -5.86564765]]
[[-5.99987223 -5.8144014   4.39973282]]
[[ 4.32724354 -5.88559739 -5.9346415 ]]
[[-5.72385633 -5.74305404  4.01761209]]
[[-5.9470065   4.3488963  -5.90422297]]
[[ 4.11250525 -5.97011233 -5.80158657]]
[[-5.92271041 -5.94557844  4.11484623]]
[[ 4.10386595 -5.96002338 -5.78360982]]
[[-5.98711862  4.4256727  -5.98508156]]
[[ 4.44267031 -5.96432971 -5.96132757]]
[[ 4.0666076  -5.92212081 -5.8026083 ]]
[[ 4.15304773 -5.69420494 -5.9632765 ]]
[[-5.90370246 -5.83311439  4.25481726]]
[[ 4.32215192 -5.82239506 -5.95013425]]
[[-5.9236582  -5.80227246  4.28684812]]
[[ 4.12028697 -5.94841444 -5.90663597]]
[[ 4.18722954 -5.72483757 -5.92691459]]
[[-5.78595018  4.10236504 -5.93405117]]
[[ 4.23229483 -5.81112025 -5.86098548]]
[[ 4.1300048  -5.90564117 -5.77958854]]
