[[ 2.19299177 -5.10044359 -4.39537052]
 [-4.90630809 -3.27618465  5.64876375]]
[[ 3.06179672 -3.65628592 -4.90353423]
 [-5.68555767  3.35299452  4.09984644]]
[[-4.77349687  3.69370242 -3.99857694]
 [ 5.39421093 -4.70820984  4.01260609]]
[[-3.31162366 -3.56734313  5.34472683]
 [ 5.24031328  5.22241651  4.18761587]]
[[ 3.45198028 -5.43018948 -5.07740889]
 [-5.57375273  5.82970315  4.38473309]]
[[-2.13273138  5.70036833 -5.93584615]
 [ 3.7948751  -5.37407084  5.49084663]]
[[-3.03666027 -2.8024596   4.65710739]
 [ 4.43638223  5.46238794  2.2705578 ]]
[[-5.54040367 -4.27847946  3.76977188]
 [-5.58873573  5.71843319 -5.37329343]]
[[ 3.97314644 -3.64200406 -3.55127448]
 [-5.19837369  4.67364146  2.30924836]]
[[-5.91844525 -4.74834745  2.4899388 ]
 [ 5.98929969  5.31000992 -2.51220527]]
[[-4.3921616  -3.7580713   3.59668194]
 [ 4.65444403  5.42859466 -5.42953742]]
[[-5.58245658 -4.80088948  2.62485827]
 [-4.09411497  5.8276102  -5.30411633]]
[[-3.79493189 -5.72847899  4.45092548]
 [ 5.96045368  4.96774101 -2.6689717 ]]
[[ 4.55065923 -3.76234703 -5.4946002 ]
 [ 0.09707231  5.53732709  5.5067072 ]]
[[ 4.02556863 -5.66352486 -3.43271343]
 [-5.26622239 -3.10265369  5.7478212 ]]
[[ 4.2324196  -5.2741271  -2.75814258]
 [-3.03388741  4.96381619  4.97563545]]
[[ 5.22767949 -3.20057136 -4.66116652]
 [ 1.24827483  4.88500085  5.89309972]]
[[-4.25559687  3.59626726 -4.69039057]
 [ 5.61801299  4.23578506  5.27017792]]
[[-4.42982309  3.8505719  -2.57242492]
 [ 5.04315894 -1.75910338  3.34855195]]
[[-4.28568213  4.10743637 -3.2955817 ]
 [ 5.43671784 -0.73390348  3.87532432]]
[[-3.87170599 -4.42397784  5.16081131]
 [ 5.25416456  5.2723888   5.91741252]]
[[ 4.71735903 -4.44399279 -3.35100889]
 [-4.83544843  1.72991477  5.74699143]]
[[-3.8993267  -4.28678634  5.42103893]
 [ 5.67677499  5.86664965 -0.35137563]]
[[-3.99346846  3.99546297 -4.16245007]
 [ 5.67669351 -5.50646318  4.99857865]]
[[-4.15875467  2.72775886 -4.35192859]
 [ 3.81380757 -2.76591629  4.85816777]]
[[-3.15845609 -4.05510062  5.9453719 ]
 [ 5.92237149  4.86017198  5.56973238]]
[[-5.37577542 -2.46128086  5.98832214]
 [ 5.69862781  5.37822109  3.44077309]]
[[ 3.80600294 -3.94871331 -5.49158433]
 [-5.24099995  5.54891695 -5.92905163]]
[[-3.37012117  2.95548796 -4.59396124]
 [ 1.83232459 -3.80326057  5.76743507]]
[[-2.9697425  -4.85016577  3.40547573]
 [ 5.35364144  3.00937929 -4.91834037]]
[[-4.45126725 -4.04129698  3.98840523]
 [ 5.82956349  4.44192049 -1.57608701]]
[[-3.87903665 -3.59501788  5.61717874]
 [ 4.22470767  4.75123379  4.50113805]]
[[ 4.11021754 -5.58702352 -5.87212109]
 [-4.77178107  5.94230448  5.05480258]]
[[ 4.21896247 -4.3730266  -3.86986163]
 [-0.79819952  5.83201464  4.38356395]]
[[ 4.03812479 -3.78269687 -3.45764443]
 [ 1.53433006  3.85737813  5.39537757]]
[[ 4.83528186 -3.59037482 -4.73482019]
 [-3.58500903  3.97281369  5.6560799 ]]
[[-4.7562382  -5.05931627  3.57038028]
 [ 5.94084221 -5.08881722 -5.98914495]]
[[-3.95352173 -5.17873406  3.19620064]
 [ 5.25253252 -0.44205055 -4.54535018]]
[[-5.286206    3.78930208 -3.8911596 ]
 [ 5.95659999 -3.42682951  5.2458365 ]]
[[ 3.60896234 -3.87808535 -4.92341987]
 [-3.80026325  5.13652932  5.36182576]]
[[ 5.60214235 -4.13353721 -3.58383442]
 [-2.93944256  4.79011433  5.77643734]]
[[-5.87060913  4.51433662 -3.69779337]
 [ 4.84315713 -5.73128314  5.2343314 ]]
[[-5.25398724 -3.3966433   5.18847847]
 [ 1.06960808  5.8591745  -5.92859076]]
[[-4.58795177  4.99946545 -3.08146252]
 [ 5.13659813 -5.20009758  2.81314573]]
[[-4.7000233   4.81406314 -4.95240054]
 [ 5.20702133 -2.5516839   5.92992434]]
[[-4.71670076 -3.31345637  3.51886872]
 [-4.56033164  5.04853631 -5.98667382]]
[[-4.29723183 -3.62626895  3.95838476]
 [ 5.28359075  3.91669959 -4.23233297]]
[[-5.80504318 -4.5961587   3.98399226]
 [ 5.34358444  5.36285599 -3.72299569]]
[[-3.79625269  2.85679658 -3.98334289]
 [ 3.5169706  -2.41412126  5.2930105 ]]
[[ 5.99897759 -4.5746868  -3.61500953]
 [-1.85220237  4.76050768  5.52947756]]
[[-3.86986843 -4.7533375   5.68361256]
 [ 5.30211071  5.74663581 -0.0781347 ]]
[[-5.22967925 -5.60039393  2.86229105]
 [ 5.21623998  5.7443598  -3.01414934]]
[[-4.32620503 -5.7077626   2.67131306]
 [ 4.61550465  3.73862762 -5.99006087]]
[[-3.24870526 -5.13320367  3.0723015 ]
 [ 2.95479888  5.1535736  -3.61681491]]
[[-3.83468088  5.6914867  -3.82802723]
 [ 5.44769436  0.14337486  5.13892612]]
[[-3.32534305 -4.80356509  3.25854807]
 [ 5.47710018  5.1270434   2.39532572]]
[[ 3.54279759 -4.2185575  -4.75514434]
 [ 3.71871402  5.58014312  5.17529959]]
[[ 5.87272572 -2.83208624 -4.66367436]
 [-2.33071201  5.51595074  4.59451462]]
[[-4.867944   -3.59364937  5.74431142]
 [ 4.81710732  5.01753203 -3.2342797 ]]
[[-3.90977894 -3.334149    5.85289428]
 [ 5.84598362  2.93673198 -5.43044643]]
[[-3.56677212  3.68268152 -5.57183504]
 [ 5.59479764 -5.4444425  -1.55575089]]
[[-4.93787692  2.62225849 -4.36716066]
 [-0.59291728 -5.27948451  5.57503364]]
[[-4.02228953 -2.7096085   3.64396452]
 [ 4.10631922  5.76425506 -1.08218345]]
[[-4.73600279  4.11089536 -3.59360339]
 [ 5.35583199  2.95638345  5.0223867 ]]
[[-4.47131433 -2.83019151  3.63108545]
 [ 5.25154266  4.40814766  1.3814144 ]]
[[-4.84076792 -4.39166164  3.66360226]
 [ 5.4257915   4.46051991 -5.40010025]]
[[-3.74784264  4.38429193 -3.76668029]
 [ 5.47386182  0.21515419  5.21198223]]
[[-2.06345726  4.45392044 -5.13339999]
 [ 0.3168077  -5.94918881  5.81555017]]
[[-5.32272535  4.4716249  -5.30922427]
 [ 5.47151626 -5.09027653  4.79358126]]
[[-5.41190469  3.6588252  -3.90198938]
 [-4.09772429 -5.86386601  5.31270635]]
[[-3.60934199 -5.37977908  3.5762259 ]
 [ 5.44932565  0.59321292 -5.90770761]]
[[ 5.9251968  -4.23121249 -4.58267569]
 [-0.87354427  4.37282663  5.98136988]]
[[-5.10348064  3.01926544 -3.58824321]
 [ 2.82752026 -5.18603389  5.93431054]]
[[-3.07557514  3.48679846 -5.28025122]
 [ 5.79479506 -4.60375577  0.093883  ]]
[[ 4.14327169 -3.50935707 -2.9959495 ]
 [-5.44727236 -1.82614073  5.8864474 ]]
[[-3.85576335 -5.81601314  3.06625435]
 [ 5.91343544  4.03461357 -4.6766771 ]]
[[-4.23180147 -4.17122746  4.73255395]
 [ 4.12952465  5.55627369 -4.73514409]]
[[-3.90476966 -5.48085665  2.26951242]
 [ 5.15416556  2.99185683 -4.67581295]]
[[-3.4324016   3.27243928 -4.95414794]
 [ 5.29261581 -4.90642964  2.1279544 ]]
[[ 3.75000285 -3.20151009 -3.74288213]
 [-1.36569911  5.16763942  5.27469502]]
[[-3.92136733 -5.90549138  3.11531327]
 [ 4.48198683  4.78493565 -4.64492243]]
[[ 4.10880781 -5.23895971 -3.6616525 ]
 [-5.09123115  5.94714602  2.42528318]]
[[ 4.66810542 -3.67806369 -4.86202637]
 [-3.39847282  4.86441281  5.6726528 ]]
[[-5.33804409 -5.1563226   3.95281437]
 [ 5.79001454  3.95597765 -5.87081538]]
[[ 4.37866618 -5.19733622 -3.51353969]
 [-5.33690181 -2.39806416  5.45266953]]
[[-4.87957224  5.70342881 -2.72616626]
 [ 5.80598227  3.22448946  3.57058774]]
[[ 5.33639839 -3.71406405 -4.72042964]
 [-0.09476361  4.88606589  5.62724399]]
[[-3.18874993 -5.25451538  2.66036229]
 [ 5.80420223  5.56801454  2.79322971]]
[[-2.8998547  -3.24872577  5.89061597]
 [ 5.03321049  4.09386628 -2.26434272]]
[[-5.49075445 -3.53772247  4.03211182]
 [ 3.44809613  4.96235881 -4.79156524]]
[[ 3.4368696  -5.97524602 -5.56573318]
 [-4.84721261  5.10724863  5.99151956]]
[[-5.88776585 -5.81168113  3.24087288]
 [ 5.65907164  5.59514178 -5.10540332]]
[[-3.18324599  3.06469996 -5.87874778]
 [ 3.96708184 -3.21755594  5.30065597]]
[[-3.6468201   3.05238193 -3.98449129]
 [ 4.36710521 -0.68433625  4.59761254]]
[[-3.62288631  3.98687784 -3.02945496]
 [ 4.25777917 -1.8200456   5.03527953]]
[[-5.37783245 -3.97551469  4.50518607]
 [ 5.23391728  4.44210484 -5.05481965]]
[[-3.30391501  3.28663725 -4.27237006]
 [ 4.38037493 -5.50450747 -5.08312025]]
[[ 4.83405832 -4.40154474 -4.02236036]
 [-5.9451129   1.78461337  5.52564069]]
[[-4.03151674  3.30661606 -3.83755405]
 [ 5.92551245 -4.9039969  -0.14905843]]
[[-3.19233792  3.82661296 -3.9559758 ]
 [ 2.42451059 -4.65406611  4.15780935]]
[[-3.48125615 -3.94259769  5.40856958]
 [ 3.13996778  4.94547371 -5.15530689]]
[[ 3.36107261 -5.6313882  -2.63549066]
 [ 3.95660103  5.95171568  5.20322693]]
[[-3.11461653 -4.94070928  3.83682604]
 [ 5.54264625  5.94656442  3.7689873 ]]
[[-4.85945994 -3.87009731  5.2504068 ]
 [ 5.0849986   5.80755448 -0.01472157]]
[[-3.42330246  4.19115229 -2.83335872]
 [ 5.39604557 -1.90414285  4.21687167]]
[[-5.86567762 -5.4065856   2.94817193]
 [ 5.59441157  5.0047574  -5.69886066]]
[[ 4.88393315 -5.33291094 -3.13556591]
 [ 2.50188974  5.61405588  5.17506815]]
[[-5.73003247  2.67595039 -4.26583356]
 [ 4.22567115 -5.21608273  5.07580918]]
[[-4.68068391  4.15074878 -3.11090327]
 [ 3.40783461 -5.50424885  5.39221072]]
[[-4.38254177  3.89622911 -5.03776572]
 [ 5.86511996 -5.67408489 -4.21610423]]
[[-3.41709152 -4.36545656  3.11132273]
 [-1.21304137  5.53488668 -5.52458768]]
[[-4.88987688  4.74349333 -4.85698584]
 [ 4.50003575 -4.93420053  5.43124853]]
[[-3.25279049 -2.7941262   4.0222204 ]
 [ 5.80292688  5.16019066  5.34614393]]
[[-4.12582017 -3.35533241  4.5311292 ]
 [-5.40134919  5.26166511 -5.5318389 ]]
[[ 3.66643922 -3.32930362 -3.67026479]
 [-1.57178067  5.88375102  3.19579787]]
[[ 5.57584935 -4.23509828 -5.26988736]
 [-5.23007711  4.18757939  5.77668409]]
[[-3.76552377  4.12781537 -4.65939835]
 [ 5.39213082 -5.2620301   1.90164336]]
[[-4.47654459 -4.10754402  2.69814071]
 [ 5.67268346 -4.34873251 -5.03408777]]
[[-3.92554942 -4.33605951  2.47772575]
 [ 3.95148849  5.97019271 -5.98285708]]
[[ 5.02222897 -2.82516774 -4.41204321]
 [-4.25144912  4.92769069  5.47266177]]
[[-3.91888912  5.14598856 -4.27055365]
 [ 4.20789348 -5.35755081  4.48045753]]
[[-5.88476403  2.86696571 -5.4082594 ]
 [ 5.27847846 -5.58635495  5.31113357]]
[[-4.88866356  2.39785346 -5.15892345]
 [ 5.78518224 -4.54612398  2.06209564]]
[[-5.28604148  4.23473952 -2.98631887]
 [ 5.31913486  4.79130375  5.28945805]]
[[-3.89954471  4.68136974 -4.57843421]
 [ 2.48669103 -5.13518374  5.56105631]]
[[-2.8771334   4.42285721 -4.27445891]
 [ 3.4435994   2.18506346  5.72577129]]
[[ 4.79965041 -4.6417184  -5.90175405]
 [-5.96080577  5.66250543  4.23487365]]
[[ 5.22592208 -4.91332438 -3.47274608]
 [-5.93161335  0.53155355  5.72788471]]
[[-3.28692231  4.38731882 -3.1872967 ]
 [-0.58529689 -5.06137491  5.22645331]]
[[-3.05839875 -4.18262468  4.2679961 ]
 [ 0.7321954   5.51454638 -5.45253293]]
[[-2.7651979   3.33846959 -4.73092697]
 [ 3.84143323 -5.61106935 -0.69800378]]
[[ 5.20634926 -2.67801144 -2.6969473 ]
 [ 3.13774919  5.45025253  3.40006638]]
[[ 4.72947092 -4.29572465 -4.45555187]
 [-5.20523348  5.98929257  3.75508398]]
[[-4.45626101  5.34424495 -3.40937833]
 [ 5.79280682 -5.09472963  3.35093895]]
[[ 4.70703872 -5.44006573 -3.08079643]
 [-3.40227962  5.98042151  3.41323888]]
[[-4.68922496 -3.16483942  4.73221277]
 [-4.31942293  4.9536491  -5.45136488]]
[[ 5.67196123 -5.638095   -2.87127959]
 [ 0.360688    5.64694398  5.41355284]]
[[-4.26523921  3.46786541 -4.02109757]
 [ 5.71229681 -5.26393583  2.1669742 ]]
[[-4.66238971  4.50361482 -3.79376616]
 [ 5.99212108 -4.59704769  3.10479852]]
[[-3.37999226  3.71585777 -5.4916263 ]
 [ 5.40971065 -4.76458123  0.7954314 ]]
[[-5.65079094 -3.28424437  5.48603078]
 [ 5.98464731  4.99645041  4.01435292]]
[[-3.87374282 -4.65740864  3.82981769]
 [ 0.87643839  5.46900979 -5.39621835]]
[[-4.70926691 -3.51037774  3.24602257]
 [-4.93075444  5.41887555 -5.62623296]]
[[-4.64215732 -4.42994162  4.18867981]
 [ 5.79966667  5.30528172 -0.84673127]]
[[-5.92940612  5.18376075 -2.70761783]
 [ 5.37509713 -5.74779113  5.38566872]]
[[ 5.20991885 -5.79857797 -3.24373685]
 [ 0.60843202  5.69136504  5.25682104]]
[[-5.13285814  2.63344013 -4.49620389]
 [ 5.57820809 -3.81690214  4.58966051]]
[[-3.72056455 -4.43702693  3.35135899]
 [ 4.81019269  2.02710149 -4.68716325]]
[[-5.16311718 -4.79689538  5.1629166 ]
 [ 5.625905    5.43735078 -4.77526023]]
[[-3.62952728  4.548806   -4.07204308]
 [ 5.94100668 -5.27861817 -4.15576377]]
[[-3.36295973 -4.72106369  5.25297335]
 [ 4.28553452  5.33289828 -3.35655552]]
[[-4.08628484 -3.89398982  4.15386981]
 [-3.10708814  5.53282041 -5.94140311]]
[[-4.29445827 -3.52139806  5.98453797]
 [ 5.1636749   5.66643893 -2.90705814]]
[[-4.08331296  2.78761987 -3.72071556]
 [ 1.94178915 -3.95219035  5.11123546]]
[[-3.96228684  3.7146701  -4.50360524]
 [ 1.61976707 -4.51116103  5.7048835 ]]
[[-3.60991539  5.47128232 -4.92238885]
 [ 4.56690079 -5.99581877  3.48234627]]
[[ 3.58036871 -4.24598107 -5.60616359]
 [-5.93944415  5.56599726  2.32395951]]
[[-4.38936113 -3.34246896  3.94644376]
 [ 4.28212723  5.12672186 -2.54766926]]
[[-4.30363875 -4.93427754  3.77591974]
 [ 4.84755592  5.6760457   2.01776437]]
[[ 5.1475746  -3.60037466 -4.38905445]
 [-0.70823533  5.25203282  4.55688123]]
