[[2.33231032e-02 1.00929613e-05 9.78424632e-01 1.91167235e-04]]
[[2.31527602e-02 4.96022009e-04 9.78909144e-01 3.82297825e-03]]
[[2.32325584e-02 9.26221655e-06 9.83995742e-01 2.11925107e-02]]
[[2.06998428e-02 4.33907002e-04 9.80459316e-01 9.61290367e-03]]
[[2.21106279e-02 1.02383380e-05 9.76988608e-01 1.21122472e-02]]
[[2.15731360e-02 1.12613198e-05 9.76833773e-01 5.75276871e-03]]
[[2.19820599e-02 4.21867813e-05 9.76306490e-01 9.41455275e-03]]
[[2.34798645e-02 1.00857805e-04 9.81313963e-01 1.72494374e-02]]
[[2.32683136e-02 6.44816584e-04 9.78322988e-01 9.59435990e-03]]
[[2.35031632e-02 5.81490986e-04 9.76797200e-01 2.01663337e-02]]
[[2.03778516e-02 8.11523054e-06 9.76761493e-01 6.46013872e-04]]
[[2.25794238e-02 5.47577351e-04 9.77908013e-01 1.40786557e-02]]
[[2.30789394e-02 5.70932556e-04 9.81126173e-01 1.31040347e-02]]
[[2.35501934e-02 9.44885141e-06 9.83770160e-01 8.03473578e-03]]
[[2.38939672e-02 9.44903056e-06 9.79597570e-01 1.55445750e-03]]
[[2.21948483e-02 1.15607784e-05 9.76673214e-01 1.95122727e-02]]
[[2.31979366e-02 7.85064275e-06 9.85754469e-01 6.35346833e-03]]
[[2.24027759e-02 9.14265663e-06 9.78533617e-01 2.38238623e-03]]
[[2.09933074e-02 3.13586128e-05 9.79559975e-01 1.94529287e-02]]
[[1.98339589e-02 1.01562566e-04 9.76774923e-01 1.98961181e-02]]
[[2.04010703e-02 1.40223878e-05 9.77705168e-01 1.47798398e-02]]
[[2.24432197e-02 1.27858333e-05 9.76566058e-01 5.28514656e-03]]
[[2.33228566e-02 8.41317202e-06 9.84693001e-01 9.13831969e-03]]
[[0.02305961 0.00222756 0.97857596 0.01033087]]
[[2.23988099e-02 1.02068556e-05 9.76829258e-01 7.52393301e-03]]
[[2.14685189e-02 9.40792297e-06 9.79861195e-01 4.99940360e-03]]
[[2.06200821e-02 1.02526213e-05 9.79010805e-01 5.39679933e-03]]
[[2.27927693e-02 1.42872360e-04 9.76633003e-01 3.54973205e-03]]
[[2.36957669e-02 1.76591734e-05 9.80513855e-01 1.67951134e-02]]
[[2.38124573e-02 9.11366851e-06 9.77468491e-01 4.88063361e-04]]
[[2.28508514e-02 5.19718731e-04 9.79553930e-01 7.95998444e-03]]
[[2.33197609e-02 1.28090522e-05 9.81006428e-01 2.58821171e-03]]
[[2.39975943e-02 7.23389752e-06 9.81204111e-01 5.55817441e-03]]
[[2.21894423e-02 8.71864200e-06 9.81459707e-01 5.65478720e-03]]
[[2.37519622e-02 3.17022804e-05 9.80824849e-01 1.49212506e-02]]
[[1.99743028e-02 9.57635498e-06 9.77294058e-01 5.97797872e-03]]
[[1.84850127e-02 8.04195657e-06 9.76361943e-01 3.77364785e-03]]
[[2.38220959e-02 1.45440884e-05 9.79826894e-01 2.09954040e-02]]
[[2.35306176e-02 1.23305660e-05 9.82671628e-01 1.46725154e-02]]
[[2.36672965e-02 9.27177961e-05 9.82248199e-01 1.34627349e-02]]
[[0.02079894 0.0024956  0.98053505 0.02069575]]
[[2.38897213e-02 1.32899364e-05 9.76887282e-01 1.18774085e-02]]
[[2.19484984e-02 3.96847334e-04 9.84182194e-01 5.21237980e-03]]
[[2.37542332e-02 1.09750429e-05 9.76899928e-01 6.53632675e-04]]
[[2.17699744e-02 6.75926112e-05 9.76117056e-01 1.42754830e-02]]
[[2.22238210e-02 1.27323994e-05 9.80240251e-01 2.11433102e-02]]
[[2.30517267e-02 7.28868879e-06 9.84643663e-01 5.62764519e-04]]
[[2.37195182e-02 8.30911512e-06 9.80743566e-01 2.96768453e-04]]
[[2.36425628e-02 1.11260136e-05 9.79297792e-01 4.80881216e-03]]
[[2.37762841e-02 1.03965634e-04 9.77278158e-01 1.02475118e-02]]
[[2.33501577e-02 1.03675669e-05 9.81377485e-01 4.50971981e-03]]
[[2.32715496e-02 1.02836268e-05 9.81261941e-01 7.77948286e-03]]
[[2.25096766e-02 1.29771147e-05 9.78242632e-01 6.82666852e-03]]
[[2.24918717e-02 3.61463646e-05 9.78183612e-01 1.15085278e-02]]
[[2.16939138e-02 8.86660581e-06 9.77220760e-01 5.00806999e-04]]
[[2.29088292e-02 4.55438586e-04 9.77680674e-01 1.79684479e-02]]
[[2.39894941e-02 5.78146618e-04 9.79370558e-01 2.24406226e-02]]
[[2.10831093e-02 9.94790149e-06 9.78400268e-01 1.79229486e-02]]
[[2.30138010e-02 9.37408632e-06 9.82756864e-01 7.41902926e-03]]
[[2.30739072e-02 5.31857740e-04 9.82985890e-01 4.37296356e-03]]
[[2.20536583e-02 8.91317983e-06 9.76431804e-01 7.33364618e-04]]
[[2.26100031e-02 2.04758131e-05 9.79929403e-01 7.64538598e-03]]
[[1.99518142e-02 8.52594201e-06 9.81031830e-01 1.98943939e-02]]
[[0.02206189 0.00272737 0.97639831 0.01864503]]
[[2.15893808e-02 4.11025868e-05 9.80602465e-01 1.62836886e-02]]
[[1.75796055e-02 4.96643505e-05 9.77255127e-01 1.80657526e-02]]
[[2.11514928e-02 1.15186177e-05 9.76052143e-01 1.18672689e-02]]
[[2.03568180e-02 2.12199783e-05 9.76392188e-01 5.13487682e-03]]
[[2.21800923e-02 7.62917338e-06 9.85488061e-01 1.98017398e-02]]
[[2.22307631e-02 1.77279770e-05 9.76163426e-01 1.28375025e-02]]
[[2.36418001e-02 9.78110934e-06 9.78488051e-01 2.19952703e-03]]
[[2.14971591e-02 1.10932454e-05 9.76214543e-01 6.81841503e-03]]
[[2.03940597e-02 9.48258033e-06 9.76173998e-01 1.13378804e-03]]
[[2.39161449e-02 1.21308635e-05 9.80119175e-01 2.44914097e-03]]
[[2.02957792e-02 1.00531577e-05 9.80223738e-01 7.60008515e-03]]
[[2.12540846e-02 7.61118168e-05 9.76378951e-01 7.57177510e-03]]
[[0.02391561 0.00319005 0.98028205 0.00790952]]
[[2.37105886e-02 1.11997054e-05 9.80273959e-01 5.71621968e-03]]
[[2.07051898e-02 8.19250926e-06 9.77276850e-01 1.65633531e-03]]
[[2.33280414e-02 1.34230019e-05 9.76697080e-01 1.44205691e-03]]
[[2.25240036e-02 1.18949209e-05 9.80610971e-01 1.18949104e-02]]
[[2.32544158e-02 1.36193933e-05 9.77757385e-01 3.41170780e-03]]
[[2.21312310e-02 1.07486995e-05 9.80425960e-01 2.23247601e-02]]
[[2.00986133e-02 8.97513341e-06 9.78658588e-01 1.24636106e-02]]
[[2.19491192e-02 7.57525979e-06 9.76195358e-01 1.42307053e-04]]
[[2.39649560e-02 5.65278405e-04 9.85491927e-01 8.87009982e-03]]
[[2.38021866e-02 6.26458111e-04 9.77082680e-01 3.89769606e-03]]
[[2.14962385e-02 1.01352842e-05 9.79369249e-01 9.01828366e-03]]
[[2.23262916e-02 3.42377950e-05 9.78458203e-01 1.24801674e-02]]
[[2.15139857e-02 4.95814762e-04 9.77502666e-01 1.61459742e-02]]
[[2.31057674e-02 1.03563395e-05 9.79899679e-01 6.10430691e-03]]
[[2.15941167e-02 5.40979003e-04 9.76804461e-01 2.35821309e-02]]
[[2.19767788e-02 5.70426054e-04 9.77106864e-01 1.36764815e-02]]
[[2.29486102e-02 3.52693963e-05 9.79404972e-01 1.70034085e-02]]
[[2.35327548e-02 2.37772165e-04 9.78902280e-01 1.75736595e-03]]
[[2.26284494e-02 1.17848395e-05 9.76118406e-01 2.32959734e-02]]
[[2.22376066e-02 4.49959377e-05 9.76456881e-01 1.56410409e-02]]
[[2.38087640e-02 9.77560875e-06 9.77223542e-01 1.04524421e-03]]
[[2.36949426e-02 9.11820586e-06 9.78998418e-01 2.13347999e-03]]
[[2.25676813e-02 9.14516289e-06 9.78744784e-01 1.33863590e-03]]
[[2.23169026e-02 9.77558634e-06 9.80073917e-01 4.27297053e-03]]
[[1.83280985e-02 1.26337564e-04 9.76770635e-01 2.25158782e-02]]
[[2.04976007e-02 1.02561634e-05 9.76882074e-01 1.79862724e-02]]
[[2.35921218e-02 2.91822939e-05 9.76250292e-01 1.89585946e-02]]
[[2.25518427e-02 9.81640438e-06 9.76491617e-01 1.40937258e-03]]
[[2.28211372e-02 1.16397138e-05 9.79514118e-01 1.22529002e-02]]
[[2.26964665e-02 5.63095700e-04 9.83497679e-01 1.37416909e-02]]
[[2.01915672e-02 1.41760301e-04 9.76648652e-01 3.40662777e-03]]
[[0.02395643 0.00259362 0.98215198 0.01661668]]
[[2.30561266e-02 8.75447169e-06 9.81502078e-01 9.91796599e-04]]
[[0.02355342 0.00156548 0.97810534 0.02071818]]
[[2.29511954e-02 2.68888320e-04 9.80355128e-01 2.18573061e-02]]
[[0.02125671 0.00255591 0.97941543 0.01119598]]
[[0.02029809 0.00275825 0.97677036 0.01705048]]
[[2.14597334e-02 2.50860814e-04 9.78885035e-01 5.05664832e-03]]
[[2.24608678e-02 9.69934254e-06 9.77535407e-01 2.39704448e-02]]
[[0.02316911 0.00202805 0.98019192 0.01432228]]
[[2.12678648e-02 9.72315650e-06 9.76256431e-01 1.40135032e-03]]
[[2.29276554e-02 4.91057149e-04 9.80599732e-01 1.04593174e-02]]
[[2.31802891e-02 9.64807307e-06 9.81529969e-01 9.62033998e-03]]
[[2.35410112e-02 9.59861080e-06 9.83121673e-01 5.34170836e-03]]
[[0.02367118 0.00320059 0.97667191 0.01882086]]
[[2.04846572e-02 7.80854797e-06 9.77104095e-01 2.44248047e-03]]
[[0.02337898 0.00295766 0.97894486 0.02251148]]
[[2.16933341e-02 9.50428084e-06 9.81233376e-01 1.58065502e-02]]
[[2.36627625e-02 1.06426547e-05 9.77553586e-01 1.16901769e-02]]
[[2.23655837e-02 9.55786587e-06 9.77453023e-01 2.35677592e-03]]
