[[2.26052789e-02 2.60822871e-04 9.76501324e-01 4.85104248e-03]]
[[0.0215948  0.00248767 0.97710257 0.0132175 ]]
[[0.02276616 0.00165043 0.98182342 0.01916788]]
[[2.37293262e-02 5.00348918e-05 9.78415675e-01 5.89265988e-03]]
[[2.19021011e-02 9.90178024e-06 9.78223900e-01 7.42633118e-03]]
[[2.13927187e-02 1.54185799e-04 9.76434436e-01 1.54338934e-02]]
[[2.33218899e-02 9.64646012e-06 9.76641209e-01 6.35399904e-03]]
[[2.04674115e-02 8.39285405e-06 9.77164801e-01 4.09660631e-03]]
[[2.20596480e-02 9.59765962e-06 9.78318207e-01 1.92141948e-03]]
[[2.29633695e-02 9.28983485e-06 9.80414600e-01 1.07705655e-03]]
[[2.34040431e-02 8.08533572e-06 9.81611648e-01 1.14514569e-03]]
[[2.37068899e-02 1.37306556e-05 9.76127959e-01 2.02073445e-02]]
[[2.31077919e-02 8.10362367e-06 9.84796264e-01 5.14144594e-03]]
[[2.18997461e-02 2.44541626e-04 9.79530257e-01 6.64204201e-03]]
[[2.15529847e-02 1.74791938e-05 9.83671701e-01 2.06012603e-02]]
[[2.36087080e-02 1.15946032e-05 9.78783811e-01 2.32720218e-02]]
[[2.31454540e-02 1.00406066e-05 9.82144748e-01 8.48178483e-03]]
[[2.29040936e-02 1.24207375e-05 9.80196171e-01 1.14260341e-02]]
[[2.39817393e-02 1.02559188e-05 9.79935924e-01 6.23105309e-03]]
[[0.02208227 0.00268946 0.980698   0.00971858]]
[[2.36409338e-02 1.81851796e-05 9.77604052e-01 9.00755780e-03]]
[[2.19485449e-02 1.16918818e-05 9.76509469e-01 1.09817093e-02]]
[[2.28649864e-02 2.42265784e-05 9.76282527e-01 1.30204648e-02]]
[[2.37654761e-02 1.30632085e-05 9.81354469e-01 2.01802289e-02]]
[[2.23725159e-02 1.22821978e-05 9.77349425e-01 5.81522919e-03]]
[[2.37087294e-02 1.01871665e-05 9.77137641e-01 1.61659512e-03]]
[[2.29494483e-02 1.17498811e-05 9.81272838e-01 1.38337897e-02]]
[[2.08471030e-02 3.93402533e-05 9.76445146e-01 8.14160207e-03]]
[[1.93053855e-02 1.00420823e-05 9.76780384e-01 1.25457758e-02]]
[[2.29280610e-02 1.08590535e-05 9.77596846e-01 1.05969928e-02]]
[[2.28387868e-02 1.56142747e-05 9.78592861e-01 2.15044844e-02]]
[[2.35675198e-02 1.15128083e-05 9.79847317e-01 1.20806052e-02]]
[[2.13719831e-02 1.19804887e-05 9.78067990e-01 2.02475014e-02]]
[[2.14980940e-02 5.07494016e-04 9.80234796e-01 1.09917691e-02]]
[[2.31483460e-02 3.45600410e-04 9.77887118e-01 4.83897524e-03]]
[[2.35248374e-02 1.05078984e-05 9.78326863e-01 1.70967779e-03]]
[[2.17160995e-02 8.98664014e-06 9.80443690e-01 2.12049016e-03]]
[[2.31620664e-02 1.25816397e-05 9.80579151e-01 1.70261854e-02]]
[[2.33953420e-02 1.08548949e-05 9.78988455e-01 3.16362078e-03]]
[[0.02233456 0.00267221 0.97704633 0.01077012]]
[[2.33013128e-02 1.13423698e-05 9.78591120e-01 9.37833545e-03]]
[[2.31245097e-02 1.13529436e-05 9.76748823e-01 1.04625194e-03]]
[[2.19013683e-02 4.75860645e-04 9.82771481e-01 5.02262884e-03]]
[[2.20539843e-02 1.36660545e-05 9.76737306e-01 1.93913477e-02]]
[[2.19003295e-02 1.03688216e-05 9.78321692e-01 5.29359113e-03]]
[[2.22859854e-02 1.19575885e-05 9.76365989e-01 5.16827815e-03]]
[[2.29121118e-02 8.22284556e-06 9.79987196e-01 1.09375938e-02]]
[[2.27617925e-02 8.95803691e-06 9.80818376e-01 5.10447538e-03]]
[[2.33185983e-02 4.75747039e-04 9.81425158e-01 1.92804264e-02]]
[[2.28042539e-02 9.33777432e-05 9.77300134e-01 1.60668259e-02]]
[[2.37295227e-02 3.52555972e-04 9.80152187e-01 3.20955736e-03]]
[[2.34843503e-02 5.95421602e-04 9.79000959e-01 2.12460981e-02]]
[[2.38443266e-02 8.63871957e-06 9.85487874e-01 1.49281604e-02]]
[[2.37839451e-02 5.65791772e-04 9.78584176e-01 1.20693074e-02]]
[[2.04875290e-02 4.11348188e-04 9.76542839e-01 2.35269104e-02]]
[[2.30345730e-02 5.01249586e-04 9.85046731e-01 1.24632112e-02]]
[[2.16760849e-02 9.93256795e-06 9.78250044e-01 3.24441632e-03]]
[[2.32398573e-02 1.32882068e-05 9.81360695e-01 1.54960618e-02]]
[[2.24595436e-02 9.66325608e-06 9.80671813e-01 5.60812925e-03]]
[[2.02088647e-02 9.75895978e-04 9.76199548e-01 1.06403903e-02]]
[[2.31480379e-02 1.55547809e-05 9.78147296e-01 9.38470213e-03]]
[[2.04551704e-02 7.50421597e-06 9.79640339e-01 1.97268446e-04]]
[[2.22878357e-02 2.90792314e-04 9.76563419e-01 1.29293088e-02]]
[[2.34778081e-02 5.88696108e-04 9.79701335e-01 6.42478788e-03]]
[[2.27136182e-02 1.56473256e-05 9.80806824e-01 1.07266506e-02]]
[[0.01980588 0.00290354 0.97617638 0.02199209]]
[[0.02275269 0.00222792 0.97777156 0.01655018]]
[[2.28474124e-02 4.42796359e-04 9.76765680e-01 2.12954914e-02]]
[[2.22069753e-02 9.37643798e-06 9.79197422e-01 2.61158084e-04]]
[[2.15560889e-02 1.13387797e-05 9.77353280e-01 3.85877010e-03]]
[[2.37924489e-02 1.19069322e-05 9.78756278e-01 1.74004691e-02]]
[[2.26655543e-02 1.07779371e-05 9.80718354e-01 1.43689664e-02]]
[[2.31138766e-02 9.95372261e-06 9.78957509e-01 1.66583397e-03]]
[[2.30606369e-02 1.24347387e-05 9.78211808e-01 1.21710547e-02]]
[[0.0222585  0.00309219 0.97650095 0.01389133]]
[[2.21825817e-02 7.78807325e-06 9.78161440e-01 1.70431363e-04]]
[[2.32099270e-02 8.20967487e-06 9.82580627e-01 8.85734412e-04]]
[[0.02085236 0.00256006 0.97670466 0.00999719]]
[[2.01037546e-02 1.10451522e-05 9.77103080e-01 2.37383579e-02]]
[[2.15903013e-02 1.15146964e-04 9.76119442e-01 5.62638852e-03]]
[[2.39704004e-02 8.47568926e-06 9.82336699e-01 3.40941502e-03]]
[[2.22593417e-02 8.52876347e-04 9.81455537e-01 1.76915869e-02]]
[[2.34085109e-02 6.12618327e-04 9.81662807e-01 2.21160523e-02]]
[[2.39028357e-02 6.32040780e-04 9.76024487e-01 1.15506658e-02]]
[[2.34661250e-02 5.90250372e-04 9.78089148e-01 1.42407446e-02]]
[[2.26931633e-02 8.54150342e-04 9.77044209e-01 2.00920775e-02]]
[[2.23717990e-02 2.97072796e-05 9.78745458e-01 1.52058335e-02]]
[[2.39101249e-02 3.57869533e-04 9.82908797e-01 1.59527532e-02]]
[[2.31370453e-02 2.31288428e-05 9.78111391e-01 9.80958507e-03]]
[[2.35354706e-02 1.11220503e-04 9.80136908e-01 6.73256552e-03]]
[[2.36209304e-02 1.02854289e-05 9.76968418e-01 6.13184426e-03]]
[[2.13469253e-02 1.89232691e-04 9.76315282e-01 1.70356355e-02]]
[[2.17490640e-02 2.81989243e-04 9.79806107e-01 2.37503172e-02]]
[[2.39510606e-02 9.08966571e-06 9.81858440e-01 3.97930002e-04]]
[[2.24778356e-02 1.08404199e-04 9.81575267e-01 1.60403177e-02]]
[[2.11456902e-02 9.30165802e-06 9.80786770e-01 1.92477102e-02]]
[[2.28859698e-02 8.86777532e-06 9.82007628e-01 5.83503620e-04]]
[[2.39257033e-02 9.14355460e-06 9.80585019e-01 2.69585889e-03]]
[[2.24950481e-02 2.80754057e-04 9.81254632e-01 9.58363760e-03]]
[[2.06036268e-02 7.64196615e-06 9.81383317e-01 1.17465213e-03]]
[[2.23002069e-02 1.04489740e-05 9.79407596e-01 2.25032301e-02]]
[[2.00592754e-02 7.38361793e-06 9.76855781e-01 1.57203259e-04]]
[[0.02323901 0.00271426 0.97644553 0.01798219]]
[[2.33347423e-02 3.70694426e-05 9.76755193e-01 1.19572900e-02]]
[[2.31924045e-02 2.91447853e-04 9.77323002e-01 2.15916140e-02]]
[[2.31516592e-02 1.03379473e-05 9.76629303e-01 3.61824457e-04]]
[[2.39739302e-02 1.42537461e-05 9.76269119e-01 8.34973060e-03]]
[[2.39156343e-02 8.53850874e-06 9.79844467e-01 2.05324195e-03]]
[[2.38767849e-02 1.08687219e-05 9.77251405e-01 3.10682334e-03]]
[[0.02270401 0.00146963 0.97742943 0.01342453]]
[[1.87715592e-02 3.65825926e-04 9.76389675e-01 3.00629254e-03]]
[[2.06732993e-02 9.31429659e-06 9.79245679e-01 1.11578204e-02]]
[[2.25631694e-02 8.14359600e-06 9.83677434e-01 9.27573052e-03]]
[[2.23305334e-02 4.95387414e-04 9.78348125e-01 2.11517106e-02]]
[[2.26122724e-02 5.34012832e-04 9.78992037e-01 2.25053131e-02]]
[[2.30182332e-02 1.35013568e-05 9.77221708e-01 7.50760726e-03]]
[[0.02382383 0.00279949 0.97982472 0.01658088]]
[[2.34827690e-02 3.18648437e-05 9.78918302e-01 1.81931524e-02]]
[[0.02212672 0.00267949 0.98119092 0.01858253]]
[[2.25286183e-02 4.76386440e-05 9.77801047e-01 9.33417174e-03]]
[[2.28848136e-02 9.04570557e-06 9.83006190e-01 5.47611066e-03]]
[[2.01182288e-02 8.72135180e-06 9.78334131e-01 2.13654620e-02]]
[[2.14614594e-02 1.44861116e-04 9.77989405e-01 1.62053305e-02]]
[[0.02246787 0.00200603 0.97924637 0.01888377]]
[[2.38983666e-02 1.31912720e-05 9.77200622e-01 3.55399727e-03]]
[[2.35483220e-02 1.19423316e-05 9.76127961e-01 3.05154277e-03]]
[[2.15130474e-02 9.41184943e-06 9.80872868e-01 7.60789819e-03]]
[[2.38398754e-02 1.26237618e-05 9.77554338e-01 3.71429732e-03]]
[[2.04310475e-02 5.25720995e-04 9.77641910e-01 2.38057475e-02]]
[[2.19515273e-02 9.22613194e-06 9.82265091e-01 1.71919291e-02]]
[[2.27683465e-02 1.31267397e-05 9.79411127e-01 1.75049760e-02]]
[[1.95941188e-02 3.28541591e-04 9.77465685e-01 1.19534814e-02]]
[[2.24886696e-02 1.56515073e-04 9.76082628e-01 6.46015913e-03]]
[[2.34937895e-02 1.79728048e-04 9.76633216e-01 2.09137028e-02]]
[[2.12199631e-02 2.02734449e-05 9.76240398e-01 4.99202137e-03]]
[[2.27213370e-02 4.78543049e-04 9.79602740e-01 1.66304446e-02]]
[[2.23936944e-02 3.25214733e-05 9.78295418e-01 1.02602899e-02]]
[[2.20262266e-02 5.14019472e-04 9.79814097e-01 1.09809129e-02]]
[[2.11661386e-02 7.94690252e-06 9.82897794e-01 5.56360061e-03]]
[[2.23355396e-02 2.42771415e-04 9.77921563e-01 1.46061863e-02]]
[[2.27148055e-02 1.18082630e-05 9.80036412e-01 2.32409986e-02]]
[[2.20047774e-02 8.66039386e-06 9.79916980e-01 8.50621492e-03]]
[[2.36515291e-02 8.55442119e-06 9.82851670e-01 1.18723899e-03]]
[[2.13247471e-02 4.90466720e-04 9.78248403e-01 1.43427238e-02]]
[[2.35945045e-02 1.11518372e-05 9.82639100e-01 2.36482583e-02]]
[[2.35346582e-02 1.39287889e-05 9.76289640e-01 3.72602740e-03]]
[[2.29045250e-02 2.53905010e-05 9.78385935e-01 2.17759045e-02]]
[[2.34120482e-02 1.33321740e-04 9.84695033e-01 1.96135927e-02]]
[[2.35268541e-02 7.74970471e-05 9.78953109e-01 2.05522627e-02]]
[[2.35335690e-02 9.96793469e-06 9.82576486e-01 1.52449331e-02]]
[[2.39544448e-02 1.13559420e-05 9.79855015e-01 8.65906399e-03]]
[[2.30296842e-02 1.24772364e-04 9.82172715e-01 1.82414171e-02]]
[[2.39570657e-02 1.10774927e-05 9.80942488e-01 9.65317317e-03]]
[[2.27327089e-02 9.98254590e-06 9.78785906e-01 1.09993563e-02]]
[[2.37071004e-02 2.45624133e-04 9.80347867e-01 1.33444112e-02]]
[[2.39841302e-02 1.15529151e-05 9.79057922e-01 6.73592927e-03]]
[[2.27416470e-02 7.28445588e-06 9.85045218e-01 2.09035744e-03]]
[[2.32334816e-02 1.02650595e-05 9.81906704e-01 1.60931633e-02]]
[[2.34466825e-02 1.38894003e-05 9.77948305e-01 3.91169248e-03]]
[[2.31723900e-02 3.39583514e-05 9.76796823e-01 2.09226985e-02]]
