[[ 4.26854228 -5.93605983 -5.78399094]]
[[ 4.13408613 -5.92903125 -5.81395281]]
[[-5.654772    4.2097468  -5.97446928]]
[[-5.67325057 -5.98596045  4.12770246]]
[[ 3.92756854 -5.58919643 -5.9747057 ]]
[[-5.95039209  4.44188684 -5.90992802]]
[[-5.96988428 -5.94177551  4.37113999]]
[[-5.91705899 -5.95666756  3.97841648]]
[[ 4.13335925 -5.73083656 -5.93180165]]
[[-5.84926128 -5.86679311  4.23430232]]
[[-5.81081144 -5.89449045  4.1161437 ]]
[[-5.9816612  -5.62060529  4.09125909]]
[[-5.94424757 -5.4313465   3.91098267]]
[[ 4.06307011 -5.85216134 -5.7737024 ]]
[[ 4.09393301 -5.67268835 -5.83267449]]
[[ 4.17528658 -5.87533696 -5.93008928]]
[[ 4.05093469 -5.89803474 -5.60180158]]
[[-5.79239443  3.951471   -5.57645699]]
[[-5.9428063   4.34582356 -5.88325576]]
[[-5.92494856  4.07921742 -5.72750716]]
[[-5.89481705 -5.81213318  4.02664194]]
[[ 4.16758103 -5.67246737 -5.9097823 ]]
[[-5.80196276 -5.89468825  4.22553785]]
[[-5.63999831  4.18222793 -5.99986772]]
[[-5.85495001  4.25286486 -5.87346555]]
[[-5.7068499  -5.95094623  4.13986731]]
[[-5.82911688 -5.82987441  4.24308721]]
[[ 3.95089294 -5.55180874 -5.94755833]]
[[-5.67601953  4.16512109 -5.93772666]]
[[-5.9448655  -5.81294641  4.29417752]]
[[-5.69677356 -5.96603527  4.15556035]]
[[-5.93439793 -5.81354721  4.18216229]]
[[ 4.29891333 -5.87864283 -5.95137889]]
[[ 4.42218289 -5.99962684 -5.99328341]]
[[ 4.13647582 -5.85047297 -5.93002222]]
[[ 4.09960434 -5.87061706 -5.75588357]]
[[-5.82614987 -5.91579337  4.27035572]]
[[-5.90515182 -5.99200666  4.27191757]]
[[-5.91918906  4.17976701 -5.71986008]]
[[ 4.29359028 -5.90458    -5.8019618 ]]
[[ 4.14101525 -5.92074577 -5.98923201]]
[[-5.9815198   4.19335243 -5.78390038]]
[[-5.75117243 -5.97802888  4.0485081 ]]
[[-5.96005225  4.20573678 -5.87104646]]
[[-5.7246081   3.99953212 -5.90706301]]
[[-5.98875122 -5.67612088  4.24081842]]
[[-5.89600227 -5.97099344  4.33410148]]
[[-5.73975523 -5.69425378  4.01620299]]
[[-5.96887636  4.35578993 -5.98897881]]
[[ 4.25845452 -5.8905807  -5.85906612]]
[[-5.99003286 -5.54732682  4.04138578]]
[[-5.87901631 -5.87326317  4.32104388]]
[[-5.83322772 -5.971072    4.11361994]]
[[-5.95885202 -5.86684519  4.34580752]]
[[-5.90252716  3.99495218 -5.69333974]]
[[-5.80831619 -5.94620953  4.16280752]]
[[ 4.03849523 -5.88967833 -5.93358733]]
[[ 4.12925606 -5.8691822  -5.95031375]]
[[-5.82819735 -5.94937505  4.23275082]]
[[-5.74928224 -5.85481935  4.12573992]]
[[-5.95114495  4.06122267 -5.63517044]]
[[-5.94221193  4.14761053 -5.98858104]]
[[-5.96409829 -5.97734107  4.38665941]]
[[-5.6793751   3.98491017 -5.99407794]]
[[-5.9175349  -5.81505573  4.24883233]]
[[-5.72887205 -5.62996257  3.93701689]]
[[-5.64319374  4.08216005 -5.91986469]]
[[-5.97446022  4.48991261 -5.926706  ]]
[[-5.95529697  3.98143483 -5.53316824]]
[[-5.96867549  3.98060684 -5.8894433 ]]
[[-5.90033399 -5.91668019  4.00273166]]
[[ 4.19481937 -5.8007852  -5.95307564]]
[[-5.75433553  4.09457981 -5.78310402]]
[[-5.67763792  4.13566593 -5.96959083]]
[[ 4.26878845 -5.78449043 -5.99218245]]
[[-5.86893686 -5.90345575  4.34293541]]
[[-5.97866701 -5.99475836  4.27716309]]
[[-5.94043498 -5.97510806  4.35342496]]
[[-5.94045839  4.16417504 -5.83684667]]
[[ 4.25946018 -5.85772019 -5.8680694 ]]
[[-5.76191995 -5.77822853  4.051155  ]]
[[ 3.94720417 -5.73022968 -5.88652735]]
[[ 4.02596097 -5.789757   -5.76696117]]
[[-5.56638316 -5.93588862  3.84831086]]
[[ 4.07497235 -5.9645328  -5.84804221]]
[[-5.98054773  4.35044508 -5.80779365]]
[[ 3.98758639 -5.68440794 -5.90724102]]
[[-5.76994398 -5.96472945  4.27890513]]
[[-5.96443159 -5.90098814  4.33648332]]
[[-5.77999174 -5.86882943  4.17813061]]
[[ 4.03705691 -5.64850495 -5.94434984]]
[[-5.98581544 -5.83443721  4.28122267]]
[[-5.96287272  4.17374511 -5.75844944]]
[[-5.80890444  4.26847082 -5.98710334]]
[[-5.95527536  4.49150059 -5.99681323]]
[[-5.71502867 -5.89419046  3.97904656]]
[[-5.91107804  4.21416839 -5.926574  ]]
[[ 4.25529741 -5.7890804  -5.97740501]]
[[-5.81878039  4.09883479 -5.87648462]]
[[-5.9805033   4.23062469 -5.73737454]]
[[-5.92730215 -5.84703206  4.15856648]]
[[ 4.32364366 -5.81197069 -5.97914523]]
[[-5.82594776 -5.91553365  4.13142617]]
[[-5.99906477 -5.91937068  4.48335905]]
[[-5.84907312  4.33280249 -5.91178247]]
[[-5.54825196 -5.90642141  3.99252824]]
[[ 4.06794262 -5.73670805 -5.96300075]]
[[-5.98177426  4.43888227 -5.92472206]]
[[-5.77562741  4.15872662 -5.96079934]]
[[-5.99641178  3.94699697 -5.595308  ]]
[[-5.97864647 -5.83177183  4.15361443]]
[[-5.9763297   3.9090362  -5.39476065]]
[[-5.9739247  -5.97306247  4.37029777]]
[[-5.86857367 -5.93009616  4.14201695]]
[[ 4.18651206 -5.84344752 -5.96328874]]
[[ 3.87464329 -5.85956379 -5.6519774 ]]
[[-5.7779768   4.13459469 -5.79609809]]
[[-5.75264473 -5.93792131  4.26533492]]
[[-5.82027326 -5.98307417  4.29401386]]
[[ 4.15829683 -5.62740051 -5.95125213]]
[[-5.69694462  3.98909771 -5.78897916]]
[[-5.80004616  3.97475072 -5.75775035]]
[[-5.73516847  4.25883569 -5.94563052]]
[[-5.98411263  4.25550869 -5.95263131]]
[[-5.83234162  4.27956852 -5.95433166]]
[[-5.8524753   4.27417354 -5.89096913]]
[[ 4.0437699  -5.72126192 -5.73990055]]
[[ 4.07606829 -5.70441525 -5.80457321]]
[[-5.99731423  4.32695703 -5.93747838]]
[[-5.90934616 -5.90159977  4.29575243]]
[[-5.86397134  4.32829362 -5.90211953]]
[[ 4.50400813 -5.98887224 -5.94314611]]
[[ 4.20313462 -5.72898559 -5.98993408]]
[[-5.97307204  4.23707426 -5.98439732]]
[[ 4.17076408 -5.9265359  -5.75733236]]
[[-5.75082287 -5.97101395  4.18033456]]
[[ 4.05417242 -5.80950465 -5.81480846]]
[[-5.98263248  4.06639616 -5.9387268 ]]
[[-5.88261532  4.09678691 -5.8817022 ]]
[[-5.7446471   4.03055324 -5.72256564]]
[[-5.81138146 -5.93359843  3.99701942]]
[[-5.96173285 -5.94889548  3.97461191]]
[[-5.93608537 -5.78420676  4.28509231]]
[[-5.6693771  -5.88048285  4.00469935]]
[[-5.87392871  4.15698088 -5.87209766]]
[[ 4.0578775  -5.56686718 -5.98810976]]
[[-5.87764034  4.19397892 -5.89905716]]
[[-5.8581301  -5.76704944  4.10067966]]
[[-5.97134571 -5.83781394  4.38267697]]
[[-5.57103991  4.09642193 -5.97128413]]
[[-5.68086039 -5.82021753  3.97748278]]
[[-5.62897167 -5.9762173   4.18467949]]
[[-5.86153375 -5.94961422  4.31551677]]
[[-5.97915099  4.4287672  -5.95214102]]
[[-5.76027628  4.06205774 -5.91229546]]
[[-5.82484307  4.03147318 -5.89111589]]
[[ 4.22108668 -5.83597677 -5.99561488]]
[[-5.82775044 -5.93232035  4.34302134]]
[[-5.80197856 -5.88855957  3.9322134 ]]
[[ 4.4207634  -5.94797427 -5.90302451]]
