[[-5.28453186 -3.71551293  2.17925418]
 [ 5.43177504  3.9583216  -4.28394697]]
[[ 4.99710667 -4.93504262 -3.78253216]
 [-5.73228599  5.58969319  3.02583719]]
[[-3.78057962  5.73838327 -3.2283825 ]
 [ 5.78903924 -1.64389561  5.1873834 ]]
[[-4.54312012  3.19861247 -4.18432549]
 [-1.56833243 -5.7574858   5.33954942]]
[[ 5.97014666 -2.80255912 -3.93400239]
 [-5.85131455  5.56234675  4.07524841]]
[[ 4.43461499 -3.8172184  -3.54502117]
 [-3.81386379  5.41610032  2.68999658]]
[[ 5.00601346 -5.05357418 -3.03159205]
 [ 1.87101904  5.45910797  5.05548962]]
[[-3.19494882  4.61062083 -4.38032825]
 [ 5.76495999  0.62723124  5.8975522 ]]
[[-4.82735779 -5.26585064  3.27814748]
 [ 4.95915648  5.20473113 -5.53122453]]
[[ 4.36100224 -4.47171259 -3.87210375]
 [-5.23915833  3.98652542  4.29548332]]
[[-3.04035397 -5.44083497  5.04497124]
 [ 5.2693784   4.8607239  -5.54188574]]
[[-2.78035716 -4.76804708  5.10222583]
 [ 2.99686432  5.65342672 -5.42756256]]
[[ 3.3879265  -3.31436527 -5.36251251]
 [-3.88521243  3.2942026   5.11750047]]
[[-4.32995511 -4.05780831  3.3713317 ]
 [-3.77984084  5.98809164 -4.25575265]]
[[ 4.98023049 -4.41075018 -5.91064035]
 [-5.3198716   5.44245829  5.65037238]]
[[ 4.76837717 -4.57470241 -5.35610572]
 [-5.88580417  5.0088086   4.49836082]]
[[ 3.51470214 -3.29483202 -5.53179179]
 [-4.84985184  5.63063729  1.83958923]]
[[ 2.88302394 -5.23557073 -5.11451262]
 [-5.79648355  0.34576624  5.93008571]]
[[-3.90288432 -4.61191765  2.35797904]
 [ 4.82459259  5.84682    -4.78403981]]
[[-3.84855994  4.14200166 -2.64259652]
 [ 4.7569736  -4.92766138  2.33604749]]
[[ 5.53265679 -4.07287034 -5.38283831]
 [-4.75834749  5.17018796  5.13238444]]
[[-5.10299687 -3.02933501  2.91193527]
 [-2.50136312  4.60938308 -5.23600779]]
[[-3.60325875 -5.03264428  5.23106731]
 [ 4.82922821  5.30818576  0.0155045 ]]
[[ 4.47820665 -3.32470465 -4.56174756]
 [ 0.1185193   3.7575344   5.77704356]]
[[-3.9140194   4.47765129 -4.37418883]
 [ 5.09044952  4.21430899  5.48044459]]
[[-3.43619439  2.94820919 -4.82644298]
 [ 5.76216108  5.69137034  4.98610285]]
[[-5.87164808 -3.30689417  5.40957436]
 [ 1.75902346  5.8877689  -5.97315057]]
[[-4.41233763  4.03893936 -5.66517572]
 [ 5.99978887  0.67319052  5.71001574]]
[[ 3.29744783 -4.79837252 -4.14198014]
 [-4.83737727  3.59708976  4.4425349 ]]
[[ 4.2370772  -4.63241903 -3.67449235]
 [-3.33048373  5.02884961  5.26235309]]
[[ 4.06003129 -4.67337586 -3.69816109]
 [-5.51177053 -5.47018091  5.81906636]]
[[ 3.61996247 -3.81901935 -4.15124671]
 [-4.72974501  4.96215479  4.59644365]]
[[ 5.34838434 -4.66525667 -3.15218397]
 [-4.32102115  3.45506737  5.83393869]]
[[ 2.95729079 -4.61589233 -4.88367386]
 [-3.43629178  4.60235684  4.6174714 ]]
[[ 3.83999339 -3.82175614 -5.89510665]
 [-4.58250155  5.18767321  4.46006218]]
[[-2.09960729  5.09259084 -5.51499294]
 [ 3.89891932  1.66114178  5.98207268]]
[[ 3.43448428 -2.96489199 -5.56402035]
 [-4.84607882  5.19663399 -5.80438468]]
[[-4.69974954 -4.35496106  3.86614556]
 [ 4.34646764  5.27344082 -4.8807945 ]]
[[-4.29140116 -2.74409976  3.40469714]
 [ 4.06635014  5.27139367 -0.69334385]]
[[-3.89577537  4.12636966 -2.75492125]
 [ 5.82965402  4.79077649  5.64443119]]
[[-3.51834789 -4.4260994   4.76205468]
 [ 5.18788005  3.6288913  -4.36762132]]
[[-3.45821901  4.34155742 -5.89215695]
 [ 5.15056348 -4.06498148  4.5463227 ]]
[[ 5.80149403 -3.00176682 -3.76202602]
 [ 2.44832496  4.46744619  4.94794682]]
[[ 2.57847984 -4.78225483 -3.87836339]
 [-5.85605878 -3.04823654  5.43116872]]
[[ 3.64032186 -4.04849514 -3.61622697]
 [-5.32485292  3.81804885  3.77901053]]
[[ 3.99898618 -4.92814377 -3.26623683]
 [-5.79983577  4.97066156  5.24822869]]
[[-3.77667379 -3.58713577  4.44584597]
 [ 5.19043781  5.21202257  3.59716369]]
[[ 3.46199413 -3.49301013 -5.1925357 ]
 [ 1.12209415  4.62007718  5.59880467]]
[[-4.69047007 -3.8869812   2.10398211]
 [ 5.18833923  5.38901679  1.92082669]]
[[-4.65482497 -4.73695316  3.37241178]
 [ 5.8765228   5.35667036  0.78064129]]
[[ 5.97321406 -3.58100991 -4.69017225]
 [-5.8082198   5.61155553  3.20976075]]
[[ 4.00349472 -4.48773669 -3.30439494]
 [ 4.78509451  4.97153481  5.52696935]]
[[-5.80408649 -3.06602141  3.70980482]
 [-5.68060671  4.99992064 -4.69505369]]
[[-4.15822195  4.9137663  -3.1692237 ]
 [ 4.77801473 -5.90139442  1.66031457]]
[[ 3.68701794 -4.27522033 -4.07331135]
 [-5.15691935  5.78294479  0.0524056 ]]
[[-2.43341107 -4.51707805  4.88499805]
 [ 5.22322046  5.6830089  -0.23463454]]
[[-3.92336748  3.2242378  -5.59998712]
 [ 4.84261027 -5.92688668  0.37859248]]
[[-5.3310392  -3.42730537  3.20224903]
 [ 5.01144865  5.94400954  0.81556676]]
[[ 5.8230051  -3.61349851 -4.1129349 ]
 [ 4.45920425  5.02041571  4.56849881]]
[[-3.90295949  5.38874567 -3.23227197]
 [ 4.36929518 -5.75468074  2.37255342]]
[[ 3.17696647 -2.93341514 -5.91329279]
 [-5.2580046   4.77461884  5.08677397]]
[[-3.18111636  4.33554524 -5.36052416]
 [ 5.11987873 -5.19786866 -4.05510714]]
[[-4.06240623  4.05390108 -3.05334265]
 [ 5.75820914 -2.59199394  5.00855455]]
[[-3.44279902  2.27627418 -5.63029399]
 [ 5.17929119 -2.60674379  3.93677084]]
[[-3.47820193  3.10692264 -4.90932443]
 [ 5.44023515  5.6902592   5.15779974]]
[[ 3.7416346  -4.0659453  -4.58891584]
 [ 1.44328573  5.5030045   5.86944515]]
[[-3.93935765 -4.04301006  5.23016644]
 [ 5.57816815  3.9452824   1.99435462]]
[[ 2.84900947 -4.9372405  -3.58251088]
 [ 3.59326749  5.84575727  5.82208018]]
[[-4.87387426 -3.47617576  3.49820833]
 [ 4.50896652  5.22587722 -5.64141822]]
[[-4.09686823 -3.66200078  2.34785165]
 [-5.57300977  5.78524208 -2.99324711]]
[[-5.58660011  3.20418692 -4.02853738]
 [ 5.39826382 -1.86552564  5.37234982]]
[[ 4.64733594 -5.61502482 -4.50938437]
 [-2.05000491  5.57949569  5.9990607 ]]
[[ 3.19696048 -4.94609654 -3.47087007]
 [ 0.59731952  5.31073387  5.6731804 ]]
[[-4.49092411  2.6791901  -4.69161512]
 [ 5.61430526 -5.01260388  5.01904168]]
[[-4.07320152  5.90143465 -3.43004873]
 [ 5.55623689  4.89742408  4.78311064]]
[[-5.27214993 -3.25397424  2.95652154]
 [ 5.7478996   4.7129167   1.71450542]]
[[-4.52500136  3.86242753 -3.61676269]
 [ 1.07486903 -5.93421882  4.78137629]]
[[-5.57778642 -4.03722502  3.6925474 ]
 [ 2.13539644  5.42721675 -5.57126849]]
[[-3.24690724  3.51925602 -5.36095226]
 [ 5.00573182 -5.07400442  0.31915661]]
[[-4.08334339  3.15333037 -4.04905247]
 [ 4.99449413 -2.04806698  5.26494044]]
[[-3.81079235 -3.51501038  5.94041044]
 [ 4.11004665  5.46333296  2.71682101]]
[[-4.56826637 -3.50191919  4.00553704]
 [ 2.81693253  5.95579415 -5.4378461 ]]
[[ 3.18374263 -3.51507228 -5.77100664]
 [-5.60714266  5.59675407  5.17688108]]
[[ 3.27178246 -5.41365718 -4.22238095]
 [-4.30339313  3.56359976  5.43474109]]
[[-2.64377552  4.53850392 -3.60697543]
 [ 3.88256055  0.43448005  4.6033918 ]]
[[-4.27350374  4.04081113 -2.53591738]
 [ 0.6810259  -4.85217971  5.61959954]]
[[ 3.48741869 -3.56007014 -2.94210907]
 [ 0.18896897  3.24872256  5.34176171]]
[[ 4.82835302 -4.26117412 -5.68384447]
 [-5.58974952  4.3326203   5.1048919 ]]
[[-2.36436469  4.19813547 -4.56811413]
 [ 4.88302074 -3.87550377  2.89548033]]
[[-5.24189455 -3.1357015   4.85881124]
 [ 5.04428911  5.40956198 -5.84727133]]
[[ 4.95963767 -3.72952771 -4.44088271]
 [-4.8465073   2.93968205  5.79351156]]
[[ 5.85863224 -3.53741427 -3.74826676]
 [-5.54107086  4.50597369  5.74470547]]
[[-4.26935703  3.22606726 -4.16200988]
 [ 4.32578851 -5.95851874  4.67004772]]
[[-4.23801918 -4.11648276  2.64584539]
 [ 0.89522071  5.77285475 -4.05287176]]
[[-4.94828078  3.66455643 -4.39240852]
 [ 5.34645299 -5.6477252   4.12489023]]
[[ 5.16804682 -5.3414288  -4.11775176]
 [-3.28385297  5.77820799  5.18804822]]
[[ 3.63627309 -5.71408709 -5.41941989]
 [-3.5361054   5.98332014  5.7252184 ]]
[[ 2.76472765 -3.39036866 -5.00668372]
 [-2.46331223  5.87006672  4.43456354]]
[[-3.59494512  5.86804911 -5.28598325]
 [ 5.19444159 -3.12729021  5.50901531]]
[[ 3.7336061  -4.13320087 -5.16918817]
 [-5.71312779  5.50743688 -4.75945653]]
[[-2.82876612  5.24819873 -4.88099591]
 [ 5.55287188  3.29925111  5.72454241]]
[[-3.80183611 -3.51453922  2.61993393]
 [ 4.91599836 -2.91078076 -5.38596289]]
[[ 3.49289768 -3.90895421 -3.11370183]
 [-2.74347749  4.85618698  3.75490587]]
[[-4.54421086 -5.63035369  3.92809426]
 [ 5.71848044  3.96859113 -4.4085805 ]]
[[-3.36870764  3.449661   -5.42172419]
 [ 5.55049323 -2.30011561  5.49795197]]
[[ 3.01101771 -4.22638476 -2.89703146]
 [-1.81456185  5.42212951  3.46943103]]
[[ 3.92770524 -4.76168296 -3.27325611]
 [-0.38665584  5.92080693  5.94372432]]
[[ 4.08744213 -2.67998266 -3.69109501]
 [-3.2188128   3.46652204  4.01179598]]
[[ 4.21607843 -2.56668439 -3.36150072]
 [-0.0521743   3.36339694  5.68125468]]
[[ 5.44351714 -5.16979372 -5.37301968]
 [-5.71389619  5.67536478  5.12983032]]
[[ 5.6132997  -3.61237368 -3.35679071]
 [ 2.56118853  4.50633676  4.74059389]]
[[-4.74759776 -5.66611317  4.69521749]
 [ 5.8930908   4.50518316 -5.76349572]]
[[ 3.09414338 -2.94683078 -5.12770161]
 [ 0.27426611  4.11081086  5.74166146]]
[[ 3.53614777 -3.21538887 -4.75142711]
 [-4.72913711  5.02931909  4.80252336]]
[[ 5.15412439 -4.37642431 -5.3490514 ]
 [-5.23355195  5.72329435  4.26836378]]
[[ 4.52512445 -3.08300651 -3.59312653]
 [-4.98787236  4.78635377  4.03840858]]
[[-4.77596476  2.27656854 -4.91404289]
 [ 5.89726335 -2.45375564  5.93614547]]
[[-5.12431481  2.74018293 -3.44060137]
 [-2.90771827 -5.27395539  5.30874588]]
[[-5.59650827  5.30148125 -3.40716915]
 [ 5.49112569 -5.79354327  4.29904426]]
[[ 4.691539   -3.66400425 -4.24998964]
 [-4.13957758  5.19828066  5.69697999]]
[[-2.97620888  3.94365631 -4.09496869]
 [ 5.92335455 -4.91372334 -2.49197897]]
[[-4.57416255 -2.84075278  4.65912874]
 [ 5.825278    5.25734309  5.89287074]]
[[-4.11127906 -2.99382648  5.61975936]
 [ 5.12405794  4.67430878  0.02276829]]
[[-3.57475602 -5.48901263  4.07665042]
 [ 5.90065347  5.61053906 -3.71065981]]
[[-3.15733784  4.56055408 -3.40004101]
 [ 4.43337284  2.97027142  5.32351348]]
[[-4.92469282  4.93349279 -3.70798976]
 [ 5.69766805 -4.62919056  5.12344088]]
[[-3.17227213  3.77271344 -4.80038321]
 [ 5.87654424 -5.37092226  1.99828385]]
[[-3.38382262 -4.35487741  5.54814831]
 [ 5.34256521  5.77512099  2.35595763]]
[[ 2.72453189 -4.31110706 -4.34409961]
 [ 0.61020105  5.90204146  5.98769619]]
[[-5.54744073 -5.17500699  4.48324545]
 [ 5.94133775  4.63241339 -5.41650155]]
[[-3.56757211  5.63964089 -2.57947088]
 [ 4.60487969  5.44707001  4.75174944]]
[[-4.6656551   4.57690396 -3.24730434]
 [ 1.86227768 -5.73875815  5.56501142]]
[[-5.21032806 -4.08482906  5.67803673]
 [ 5.30440475  5.44976661 -2.92472192]]
[[-4.28547731 -4.73007338  2.0764234 ]
 [-1.28787841  5.93599072 -4.1835434 ]]
[[ 5.27299677 -2.58144606 -4.31243392]
 [-5.73597654  3.77556684  5.78027832]]
[[-3.91534277 -3.13744444  3.06163147]
 [-5.47349366  5.96365119 -5.39532661]]
[[ 3.79143467 -4.22264509 -4.53995137]
 [-5.73517071  5.04818197  1.49426936]]
[[-3.4565994  -3.13052564  5.37873205]
 [ 5.05313503  4.82495626  5.23405859]]
[[-3.66815681  3.75929311 -3.77053734]
 [ 5.49953178 -1.34540489  4.98111331]]
[[ 4.53724411 -3.39758366 -4.41397936]
 [-2.74924982  5.22614318  5.65270353]]
[[ 3.38416211 -4.02438512 -3.68812605]
 [-0.4859991   5.47647959  5.78215784]]
[[ 5.35162773 -4.39005238 -3.99944089]
 [ 1.85467195  5.90297531  3.96583784]]
[[ 3.90826337 -5.04800577 -3.60783747]
 [ 2.61084349  5.19360251  5.17610624]]
[[-4.55504845 -4.42280996  3.32502825]
 [ 4.87068453  4.23291696 -5.52340973]]
[[-4.2625916  -3.31087152  4.4420329 ]
 [ 5.69853913  4.28041861 -2.06946526]]
[[ 3.90509344 -4.47046744 -5.03425405]
 [ 2.77845851  5.98246338  5.87962953]]
[[ 4.81837707 -2.63796959 -5.2048597 ]
 [-4.12913589  4.92493947  5.97609075]]
[[-3.4275001  -5.00282098  4.32775784]
 [ 4.59516119  2.38741829 -5.61058344]]
[[ 5.15013224 -4.20726442 -3.08020742]
 [ 4.80974264  5.80009583  4.29991816]]
[[-3.78899808 -4.11988483  5.89927624]
 [ 4.96158683  4.97253914  0.639359  ]]
[[-3.68922821 -4.37215654  4.35435936]
 [ 5.08753051 -1.76254753 -5.5671168 ]]
[[ 3.78130923 -3.04505536 -3.42631858]
 [-5.53070567  2.2933896   3.31973532]]
[[ 2.67569937 -4.24906781 -3.15006608]
 [-5.64760716 -1.82700133  5.08524222]]
