[[ 4.28517868 -5.89065789 -5.90666284]]
[[-5.39056096 -5.99938114  3.92166201]]
[[-5.78719731  4.08397338 -5.79916291]]
[[-5.78664001  3.95777961 -5.60482054]]
[[ 4.17170403 -5.88287715 -5.75933142]]
[[-5.84386286  4.35675652 -5.96684425]]
[[-5.8518666  -5.72183767  4.14796358]]
[[-5.90221613  4.34013359 -5.85194172]]
[[-5.89330905  4.17929035 -5.83768068]]
[[-5.6678282   4.04996456 -5.92724321]]
[[ 4.03014844 -5.69137923 -5.88328494]]
[[ 4.41571136 -5.85780213 -5.99857654]]
[[-5.86725382  4.03120773 -5.95825371]]
[[-5.98359364 -5.90744604  4.0987897 ]]
[[-5.99945444  3.96339503 -5.68077652]]
[[-5.74673235 -5.97429928  4.11862868]]
[[-5.98430955 -5.84556103  4.07033997]]
[[-5.77255656 -5.68407766  3.94158743]]
[[-5.95838929  4.33188105 -5.93866047]]
[[-5.98238795 -5.95683113  3.93621553]]
[[-5.96929104 -5.69888932  4.09964171]]
[[-5.91406422  4.07837871 -5.79635847]]
[[ 3.95869264 -5.83407015 -5.6305179 ]]
[[-5.92900154  4.30702602 -5.82180491]]
[[-5.50828164  4.03706796 -5.99149962]]
[[ 4.2261238  -5.86958403 -5.82532722]]
[[-5.91682274  4.10560249 -5.66476528]]
[[ 4.16781832 -5.94666314 -5.64961058]]
[[-5.96422674 -5.81856453  4.1793042 ]]
[[-5.6857106  -5.92129341  4.07256226]]
[[-5.95893305 -5.79498387  4.22019987]]
[[-5.96880916  4.39816495 -5.91746252]]
[[ 4.31526016 -5.92994735 -5.97667805]]
[[ 4.51180839 -5.96641188 -5.9803713 ]]
[[-5.93633035  4.42297602 -5.9278481 ]]
[[-5.80017326 -5.99258149  4.34904303]]
[[ 4.2559596  -5.84805776 -5.89784266]]
[[ 4.19795866 -5.93153559 -5.71720414]]
[[-5.98684069  4.15370495 -5.90766515]]
[[ 4.38842258 -5.96836314 -5.95561247]]
[[-5.8058365  -5.85488153  3.91578003]]
[[ 4.12178536 -5.62178361 -5.92796548]]
[[-5.89458792 -5.76972446  4.22975374]]
[[ 4.26325843 -5.80530979 -5.95178748]]
[[-5.76195594  4.15833947 -5.81848086]]
[[ 4.24957606 -5.81022429 -5.9221738 ]]
[[-5.93100631 -5.96994586  4.41333964]]
[[-5.92790452  4.22896167 -5.98980847]]
[[ 4.26693654 -5.98925848 -5.73974552]]
[[-5.94611645 -5.95109785  4.44131617]]
[[-5.90937004 -5.78824326  4.12779357]]
[[ 3.90050353 -5.76867711 -5.71688875]]
[[ 4.45870048 -5.938813   -5.94054816]]
[[-5.83748175  4.25099606 -5.87019779]]
[[-5.89957988  4.46294676 -5.99573468]]
[[ 4.04171739 -5.84460908 -5.75503069]]
[[-5.72445227  4.2503952  -5.97507842]]
[[ 4.14851511 -5.94064572 -5.76111751]]
[[-5.77241102  4.14545087 -5.88295734]]
[[ 4.00997458 -5.91847036 -5.75655066]]
[[-5.85038045 -5.96284177  4.31093385]]
[[-5.98529338  4.43872571 -5.91486387]]
[[-5.88522517 -5.71894475  3.97855604]]
[[-5.56457806 -5.94477158  3.90517663]]
[[-5.67801401 -5.88482405  4.02995842]]
[[ 4.08613109 -5.93974847 -5.84877817]]
[[-5.97412541 -5.55562974  3.99127548]]
[[-5.86513049 -5.99359344  4.13221213]]
[[ 4.26060368 -5.73234788 -5.94201998]]
[[ 4.13449808 -5.88498056 -5.77732885]]
[[-5.98350801  4.04977193 -5.82160008]]
[[-5.98481661  4.19629426 -5.67977527]]
[[-5.95588785 -5.75213294  3.98076951]]
[[-5.88755156  4.36114194 -5.94032085]]
[[-5.55205693  3.9068846  -5.77982442]]
[[ 4.33871637 -5.92329339 -5.91355469]]
[[ 4.23660964 -5.68950613 -5.99447813]]
[[-5.85562449  4.25304615 -5.90179937]]
[[-5.91697931 -5.80204357  4.2401269 ]]
[[-5.70173311 -5.9329899   3.99923325]]
[[ 4.17098055 -5.88563367 -5.73340862]]
[[-5.88181424  4.1960345  -5.74292196]]
[[-5.91328495  4.4087642  -5.91771841]]
[[-5.78111886  4.22195627 -5.88140054]]
[[-5.84888161 -5.93953505  4.33123014]]
[[-5.93342232  4.13562617 -5.70892337]]
[[-5.94664223  4.24074048 -5.714596  ]]
[[ 4.19007326 -5.91059446 -5.99052065]]
[[ 4.30505652 -5.92365976 -5.81453818]]
[[-5.99748933 -5.88723408  4.35622313]]
[[-5.97165676  4.19987478 -5.89594821]]
[[-5.97089531  4.10703582 -5.99092874]]
[[-5.97601031  4.20403603 -5.96613951]]
[[ 4.28957458 -5.93719197 -5.89253466]]
[[-5.8183054  -5.83528763  4.13116283]]
[[-5.97372891 -5.90041335  4.22043458]]
[[ 4.18841616 -5.88404051 -5.80327015]]
[[-5.75910776 -5.950191    4.18784605]]
[[ 4.38424228 -5.91273568 -5.9822707 ]]
[[-5.92036202 -5.7142036   4.17460406]]
[[ 4.45715817 -5.98658636 -5.90316   ]]
[[ 4.10191545 -5.89302889 -5.63128848]]
[[-5.84123799 -5.99019486  4.27186779]]
[[-5.9750987  -5.91851652  4.3010658 ]]
[[-5.99019156 -5.64030483  3.96278502]]
[[ 4.05212466 -5.79914423 -5.82765582]]
[[-5.93978821 -5.96137626  4.47419906]]
[[-5.94381446 -5.86595908  4.22906608]]
[[ 4.24525512 -5.96356172 -5.94974968]]
[[-5.53375337 -5.8198184   3.93502634]]
[[-5.6508047   4.11316768 -5.93707256]]
[[ 4.29081878 -5.88652179 -5.92409324]]
[[-5.80341     3.9565     -5.71932167]]
[[ 4.01482329 -5.79888792 -5.96235914]]
[[-5.53010752 -5.97828043  4.01227743]]
[[-5.84652956  4.25124473 -5.93746192]]
[[ 4.27179385 -5.99703352 -5.731441  ]]
[[-5.9438758  -5.89685413  4.02984602]]
[[-5.98748477  4.19975585 -5.89641683]]
[[ 4.27104556 -5.83090662 -5.86866834]]
[[-5.86327194 -5.74731091  4.18218001]]
[[-5.99817953  4.08676262 -5.76719081]]
[[-5.7833023   4.24925758 -5.97727301]]
[[ 4.06812767 -5.88805932 -5.88629374]]
[[-5.87804349  4.00886819 -5.76173129]]
[[ 4.15841638 -5.99419454 -5.722012  ]]
[[ 4.33249495 -5.95597898 -5.92667882]]
[[ 4.02991112 -5.6967049  -5.83848331]]
[[ 4.38937898 -5.90599403 -5.97873144]]
[[-5.85243659  4.23132458 -5.91647267]]
[[-5.7358872  -5.92809964  4.17107469]]
[[-5.76859887 -5.9332207   4.23447264]]
[[-5.70408852 -5.82868176  4.06997393]]
[[ 4.41243569 -5.91439852 -5.95909824]]
[[-5.81106274 -5.9686698   4.29165604]]
[[-5.77363075 -5.87569071  3.92885471]]
[[-5.89652314  3.94867501 -5.8899053 ]]
[[ 4.04613806 -5.68235521 -5.96135847]]
[[-5.84601102  4.28019797 -5.91040898]]
[[-5.93291427 -5.95988398  4.27082628]]
[[ 4.13848286 -5.88993861 -5.69298101]]
[[ 4.32171742 -5.93641818 -5.94910109]]
[[ 4.21165438 -5.68360344 -5.94149409]]
[[ 4.04770873 -5.88029813 -5.90555017]]
[[-5.73173452  4.02925905 -5.9456788 ]]
[[-5.98159489  4.16143842 -5.72874049]]
[[ 4.37305415 -5.97454718 -5.83031865]]
[[-5.76367639 -5.77745574  4.08971684]]
