[[2.28414729e-02 1.10013872e-05 9.81015652e-01 7.34023173e-03]]
[[2.33361233e-02 1.27660160e-05 9.77058584e-01 1.23703820e-02]]
[[0.02295059 0.00238564 0.97809022 0.00976727]]
[[2.37336757e-02 1.29863313e-05 9.76643965e-01 1.46104959e-02]]
[[2.33107873e-02 5.97820130e-04 9.76210716e-01 1.54826935e-02]]
[[2.34999779e-02 1.04421327e-05 9.83309175e-01 2.06666917e-02]]
[[2.38258391e-02 2.57703180e-04 9.80268584e-01 1.94171179e-02]]
[[0.02396247 0.00193837 0.98195032 0.02291428]]
[[2.24041596e-02 4.59557121e-04 9.76859313e-01 1.60828113e-02]]
[[2.24764689e-02 1.53799694e-04 9.77279944e-01 1.53991626e-02]]
[[2.24829637e-02 1.42846033e-05 9.76929373e-01 2.16094354e-02]]
[[2.36528718e-02 5.14800285e-04 9.78436877e-01 2.37613703e-02]]
[[1.98958066e-02 2.98993933e-05 9.78952758e-01 1.07632413e-02]]
[[0.0199158  0.00253025 0.9795989  0.01171231]]
[[2.06652906e-02 1.21612015e-05 9.76505439e-01 1.98004264e-02]]
[[2.18555712e-02 9.67551607e-06 9.82030826e-01 1.95817399e-02]]
[[0.02023765 0.00241607 0.97740228 0.00732223]]
[[2.28090788e-02 1.15995583e-05 9.78099498e-01 1.68494669e-02]]
[[2.22571291e-02 4.72082893e-04 9.79211641e-01 2.61967705e-03]]
[[1.79597037e-02 7.74410305e-06 9.77105483e-01 1.08210648e-02]]
[[2.22204907e-02 1.04533512e-05 9.80486949e-01 1.56232736e-02]]
[[2.15409747e-02 3.74519982e-05 9.80160175e-01 1.01217263e-02]]
[[2.29112885e-02 1.40395740e-05 9.76258233e-01 1.43920701e-02]]
[[2.36169520e-02 1.01761444e-04 9.76854524e-01 1.81287927e-02]]
[[2.33996453e-02 5.73687414e-05 9.78021625e-01 1.87886263e-02]]
[[2.33303422e-02 1.24646263e-05 9.79885710e-01 1.41626008e-02]]
[[2.32484748e-02 1.21817514e-04 9.76443342e-01 8.12448414e-03]]
[[2.37942898e-02 6.10934792e-04 9.77611101e-01 5.35236180e-03]]
[[2.18439861e-02 9.35300437e-06 9.79939015e-01 1.26547567e-02]]
[[2.25939307e-02 2.08766159e-05 9.76385704e-01 7.13003077e-03]]
[[2.26019341e-02 1.73222953e-05 9.76481248e-01 3.84168283e-03]]
[[2.31112476e-02 1.09161455e-05 9.80887566e-01 2.18245630e-02]]
[[0.02197386 0.00171222 0.97662859 0.0099017 ]]
[[2.37186908e-02 1.16725139e-05 9.80758782e-01 1.99323239e-03]]
[[0.02364669 0.00275106 0.9810394  0.02097901]]
[[2.36177443e-02 1.37480481e-05 9.78737105e-01 7.38903592e-04]]
[[2.30905525e-02 1.06366745e-05 9.81652112e-01 1.58552005e-02]]
[[2.35363720e-02 1.25782963e-05 9.78024366e-01 2.27473891e-03]]
[[2.04241741e-02 8.38904539e-06 9.76774562e-01 3.39799217e-03]]
[[2.25816636e-02 2.71322541e-05 9.77525367e-01 1.12804549e-02]]
[[0.02038283 0.00118415 0.97694618 0.02240362]]
[[2.38000009e-02 5.90766191e-04 9.77603670e-01 1.15967594e-02]]
[[2.37235094e-02 1.01344051e-05 9.81563474e-01 1.58714487e-02]]
[[2.30466288e-02 8.68172222e-06 9.81733131e-01 1.96750335e-03]]
[[2.38682449e-02 1.04745907e-05 9.80199850e-01 3.46055735e-03]]
[[0.02317098 0.00263685 0.97786267 0.01461236]]
[[2.31168272e-02 1.08174896e-05 9.84312639e-01 7.82527835e-03]]
[[2.09514031e-02 1.68964771e-05 9.78289518e-01 2.04695445e-02]]
[[2.34070259e-02 4.69894910e-04 9.79785126e-01 3.40631031e-03]]
[[2.34776424e-02 8.98660260e-06 9.80614166e-01 1.44209399e-02]]
[[2.22065781e-02 2.61174382e-05 9.77503588e-01 1.21896843e-02]]
[[2.20416946e-02 1.21130082e-05 9.77240579e-01 1.49443641e-02]]
[[2.38849865e-02 9.00688831e-06 9.82471233e-01 7.17955137e-03]]
[[0.02346864 0.00240781 0.97948818 0.01651964]]
[[2.37488932e-02 8.67145409e-06 9.79359029e-01 8.62530672e-04]]
[[2.23361121e-02 3.26950276e-05 9.76984881e-01 1.22437865e-02]]
[[2.35552891e-02 4.52403330e-04 9.80860108e-01 1.84312715e-02]]
[[2.23872055e-02 1.02117312e-05 9.76767309e-01 2.02181085e-02]]
[[2.28663119e-02 9.44685896e-06 9.78441947e-01 1.94494636e-03]]
[[2.11959110e-02 2.42408243e-05 9.77840305e-01 1.82004646e-02]]
[[2.29516977e-02 5.47775683e-04 9.79719359e-01 5.00048306e-03]]
[[0.0234143  0.00107839 0.98390498 0.01106903]]
[[2.16088426e-02 4.88213301e-04 9.77763634e-01 1.08168021e-02]]
[[2.18366591e-02 1.13686976e-05 9.76721200e-01 6.43786278e-03]]
[[2.26111856e-02 1.25920204e-05 9.77501240e-01 2.16136684e-03]]
[[2.08119213e-02 1.29048749e-05 9.76159240e-01 3.66781549e-03]]
[[2.25493881e-02 1.06355345e-05 9.79332028e-01 3.45595800e-03]]
[[2.05676060e-02 5.76772148e-05 9.76519329e-01 5.12444670e-03]]
[[2.39655128e-02 1.05588313e-05 9.76414841e-01 3.11947543e-03]]
[[2.26672580e-02 9.85169555e-06 9.79377237e-01 1.00627776e-03]]
[[2.02792759e-02 1.11157691e-05 9.76269454e-01 1.20457566e-02]]
[[2.33359234e-02 1.21325464e-05 9.80140572e-01 4.08820761e-03]]
[[2.05601590e-02 8.93030477e-06 9.76918776e-01 3.27399691e-03]]
[[0.02335379 0.00140899 0.98209667 0.01402624]]
[[2.38344920e-02 5.78727782e-04 9.76435412e-01 2.16724204e-02]]
[[0.02299835 0.00203594 0.98117175 0.01771016]]
[[2.35755481e-02 2.34869287e-05 9.82845585e-01 2.16190225e-02]]
[[0.02292828 0.00292532 0.98018818 0.01958922]]
[[2.32154526e-02 6.04151216e-04 9.77141271e-01 8.16220818e-03]]
[[2.15046913e-02 1.15031801e-05 9.77268671e-01 1.14289316e-02]]
[[2.35676406e-02 1.35106889e-05 9.77537461e-01 1.74935313e-02]]
[[0.02379143 0.00334771 0.9806514  0.02369932]]
[[2.38665927e-02 1.09129276e-04 9.79274976e-01 9.24330082e-03]]
[[2.36540746e-02 1.05682957e-05 9.79213983e-01 1.87790847e-02]]
[[2.34628778e-02 5.64433807e-04 9.83542548e-01 1.45832997e-02]]
[[2.29020660e-02 1.03312520e-05 9.76849123e-01 1.08743799e-03]]
[[2.38868859e-02 1.06972986e-05 9.79724184e-01 8.18548943e-03]]
[[2.07240030e-02 9.55846093e-04 9.79004622e-01 2.17937501e-02]]
[[0.02373993 0.00274313 0.9799453  0.01413951]]
[[2.26596280e-02 1.35815232e-05 9.76692200e-01 9.52275371e-03]]
[[2.11680895e-02 4.49887846e-04 9.77469981e-01 1.72795621e-02]]
[[1.93145300e-02 4.45939106e-04 9.77463308e-01 1.78540609e-02]]
[[2.04510718e-02 1.06645120e-05 9.78849094e-01 2.03240717e-02]]
[[2.25309651e-02 5.17815505e-04 9.77588823e-01 7.02050332e-03]]
[[0.02272694 0.00224936 0.97967748 0.02216598]]
[[2.13138515e-02 7.72091552e-06 9.79318089e-01 5.14550642e-03]]
[[2.29897821e-02 1.90143139e-05 9.76551151e-01 1.41971995e-02]]
[[2.27377977e-02 5.09227068e-04 9.77137676e-01 3.90705648e-03]]
[[2.28568558e-02 8.02302643e-06 9.80462027e-01 3.68749209e-03]]
[[2.34311075e-02 9.89038560e-06 9.83081073e-01 2.05891020e-02]]
[[2.37463387e-02 9.94250508e-05 9.77302770e-01 8.50829793e-03]]
[[2.38646969e-02 1.44673729e-05 9.79694576e-01 1.07690667e-02]]
[[2.23181833e-02 7.85663638e-06 9.80801845e-01 1.10978500e-03]]
[[2.19611436e-02 5.24084324e-04 9.76753132e-01 1.10646225e-02]]
[[2.11682845e-02 1.03559191e-05 9.76214810e-01 1.55228595e-02]]
[[2.21539227e-02 1.44134641e-05 9.78781075e-01 7.08343382e-03]]
[[2.38116009e-02 5.93737654e-04 9.77366374e-01 1.98349953e-02]]
[[2.20886801e-02 8.52153647e-06 9.81062510e-01 3.93998326e-03]]
[[2.11647115e-02 8.36927855e-06 9.76899000e-01 1.05884622e-02]]
[[0.02390966 0.00125603 0.9766863  0.02297938]]
[[2.32629663e-02 1.04945849e-05 9.78986531e-01 3.75033226e-03]]
[[2.27562089e-02 2.89159765e-04 9.81444142e-01 1.36179206e-02]]
[[2.22455661e-02 1.13598272e-05 9.77777464e-01 1.84982314e-02]]
[[2.03680012e-02 9.10165136e-06 9.78358750e-01 1.49105624e-02]]
[[2.30210687e-02 5.55832335e-04 9.76097471e-01 2.04928562e-02]]
[[2.26126541e-02 1.86868199e-05 9.78943259e-01 1.19805896e-02]]
[[2.34686737e-02 3.73122729e-04 9.76325121e-01 1.51182681e-02]]
[[1.97347540e-02 8.04652739e-04 9.77228543e-01 1.18526826e-02]]
[[2.09986910e-02 7.90673260e-06 9.76170263e-01 2.03020251e-03]]
[[2.37934305e-02 5.31263105e-05 9.77149014e-01 2.04060089e-03]]
[[2.37949004e-02 1.04672855e-05 9.81821276e-01 1.65008287e-02]]
[[2.10556912e-02 7.01722841e-05 9.76359871e-01 1.41748471e-02]]
[[2.28506740e-02 1.12011554e-05 9.82932253e-01 1.87485740e-02]]
[[2.07729333e-02 8.24010380e-06 9.81601866e-01 7.71564866e-03]]
[[2.15529643e-02 3.02297169e-05 9.76050585e-01 1.92228452e-02]]
[[2.23375559e-02 5.38295624e-04 9.79553784e-01 1.10033531e-02]]
[[0.02242099 0.00114412 0.98035504 0.00561209]]
[[2.29182106e-02 1.20027640e-05 9.77033065e-01 2.06384012e-02]]
[[2.30296623e-02 9.86361563e-06 9.80428003e-01 7.59312521e-03]]
[[2.25592535e-02 8.72627994e-06 9.79057362e-01 3.41650365e-04]]
[[2.30570636e-02 3.81878078e-05 9.78157303e-01 3.92456307e-03]]
[[2.33467597e-02 5.88590900e-04 9.80872820e-01 3.58718806e-03]]
[[2.33986964e-02 1.69401866e-05 9.77625788e-01 1.77540784e-02]]
[[0.02341853 0.00278202 0.98285275 0.01630165]]
[[2.31115891e-02 1.32857205e-05 9.78848601e-01 2.04544959e-02]]
[[2.06285818e-02 3.25367387e-04 9.77634139e-01 2.04450546e-02]]
[[1.94765246e-02 8.35830494e-05 9.78062476e-01 2.15091540e-02]]
[[2.19072299e-02 4.35622409e-04 9.79702911e-01 2.17425936e-02]]
[[2.32457898e-02 9.04217343e-06 9.77881515e-01 1.69453985e-03]]
[[2.16473746e-02 3.55743891e-04 9.79470105e-01 5.33361673e-03]]
[[2.36093861e-02 6.17212520e-04 9.76836095e-01 1.54480778e-02]]
[[2.22720067e-02 1.53509771e-04 9.77733002e-01 9.08414202e-03]]
[[2.39692677e-02 1.94562235e-05 9.79126266e-01 1.18760442e-02]]
[[2.04508136e-02 1.35490408e-05 9.77050153e-01 1.29465907e-02]]
[[2.13718494e-02 9.52821042e-06 9.78871183e-01 1.01861667e-02]]
[[2.24348699e-02 4.45566732e-04 9.82616660e-01 1.55821878e-02]]
[[2.37553410e-02 8.15619339e-06 9.81511811e-01 1.35327507e-03]]
[[2.35290851e-02 4.37074947e-05 9.77597498e-01 1.30660548e-02]]
