[[-3.83358872  3.70767633 -4.62123642]
 [ 5.95460224 -5.81185704  5.33212554]]
[[ 3.2550376  -4.61204267 -3.12815975]
 [ 3.18805687  5.85672916  5.28583052]]
[[-4.93049933  5.66705429 -4.08539637]
 [ 3.88270327 -4.9942881   5.96522693]]
[[-4.15611415  4.48785223 -4.67256585]
 [ 5.92475798  3.95038887  5.18383223]]
[[-3.64278471  2.65202128 -4.73052394]
 [ 4.17006485 -4.34748489  3.472616  ]]
[[ 3.02794268 -4.53845388 -4.6713638 ]
 [-2.92760659  5.53797352  4.74628447]]
[[-3.40951983 -4.38602423  4.03398589]
 [ 5.39147721  4.77725884 -0.54114091]]
[[-5.69211181 -4.02498447  3.37666659]
 [ 0.32678426  5.58305928 -4.73489462]]
[[ 4.28713514 -3.29701022 -3.36070266]
 [ 5.75023355  5.24092318  3.96255691]]
[[-3.01141234 -5.31664175  5.50253534]
 [ 5.87707385  5.02946951  4.40506185]]
[[ 3.31509141 -4.5274519  -3.61406288]
 [-5.08852599  4.22526432  5.94110869]]
[[-3.92472354 -4.30658901  3.61498798]
 [ 4.70117181  5.40971843  4.34157979]]
[[-4.75582238  3.40167686 -3.99911193]
 [ 5.22790895  5.00820262  5.6618978 ]]
[[-3.98866633 -4.45305832  5.19697008]
 [ 5.36471293  3.74092628 -5.56591249]]
[[-4.40446083 -4.71938004  2.5247735 ]
 [ 4.24520372  5.88313048 -4.18464082]]
[[-4.3962662  -5.46975707  2.79442803]
 [ 3.24349589  5.44177527 -5.20051919]]
[[ 4.46034684 -5.1631149  -4.98893305]
 [-5.2001282   5.06858935  5.45597073]]
[[ 5.31389142 -3.04076525 -3.43210996]
 [-3.28756734  5.33714434  4.53594642]]
[[-3.70201396  3.62120108 -4.53568322]
 [ 5.96237548 -0.68855603  4.241526  ]]
[[-3.13034341  4.86221673 -3.80061133]
 [ 2.96492544  0.36191593  5.82831624]]
[[ 4.51729397 -4.93594653 -2.98294602]
 [-5.31825469  2.08879907  4.88560254]]
[[-4.07255094 -3.7911103   3.92711812]
 [ 5.61051284  3.11741752 -4.52705088]]
[[-4.45942009  4.89287694 -3.21786909]
 [ 3.71176663 -5.98680112  3.83522542]]
[[ 2.81183186 -4.37407038 -3.46297208]
 [-5.09805903 -3.27187576  5.06811456]]
[[ 2.71276986 -4.75205256 -4.97028435]
 [-4.96836101  4.26869906  5.08107649]]
[[-3.74926108 -4.90755628  2.99599374]
 [ 3.46036226  5.99560655 -3.40532511]]
[[ 4.37983345 -3.56184413 -4.59711793]
 [-5.60823851  5.53626061  2.87556086]]
[[-4.18957588 -3.44924016  3.55074404]
 [ 5.29238113  5.80546173  0.68043548]]
[[-3.31252156  2.50782465 -4.73451015]
 [ 1.67371053 -4.95004927  5.05055029]]
[[-4.64529323  3.17441075 -2.83731152]
 [ 5.06885005 -3.97563915  5.30430901]]
[[-3.33881962 -4.88094673  4.87895503]
 [ 5.48123698  5.46140573  3.70834402]]
[[ 4.31423217 -4.34315724 -3.58345364]
 [-2.27612027  5.49140223  5.80283837]]
[[-2.33084052 -5.72485037  5.8822885 ]
 [ 5.6863697   5.78933347 -4.42334853]]
[[ 3.60801765 -5.30844715 -3.94216182]
 [-4.69889646  4.41066217  5.11501874]]
[[-4.52955347  3.04680989 -4.76129961]
 [ 5.5434482  -0.85952425  5.32642801]]
[[ 4.21725163 -4.08257872 -3.98775217]
 [-3.42985602  3.93418257  5.93158095]]
[[ 5.58299422 -4.03051426 -4.12947016]
 [-5.3613882   5.71811591  3.97754465]]
[[ 3.66339737 -2.62049196 -4.98262339]
 [-3.27085276  2.29748064  5.71704043]]
[[-4.37759169 -3.6531376   3.17651478]
 [ 5.95343834  3.06915217 -2.59613205]]
[[ 3.57098584 -3.89392064 -3.63992768]
 [-4.73281785  0.32104581  5.61088998]]
[[-4.50723838  4.04878268 -4.18007214]
 [-4.19341823 -5.23641214  5.63907567]]
[[-4.18169976 -5.30182227  3.45154089]
 [ 5.05887095  3.98441826 -4.80341175]]
[[ 5.43348912 -4.70879272 -3.5920632 ]
 [ 2.68096702  5.66564641  5.6357686 ]]
[[ 4.8552884  -2.96980324 -4.63987777]
 [-5.80627111  4.17210209  5.49038469]]
[[-5.59071009  4.64955544 -4.49972047]
 [ 5.99544867 -0.11066397  5.93347255]]
[[ 3.97608033 -3.82571983 -4.05681467]
 [-4.11534989  5.16528895  2.60788735]]
[[ 3.82472579 -4.42172169 -3.99166468]
 [-5.06228129  4.99997931  5.26720056]]
[[-5.15806301  2.84330754 -3.61352658]
 [ 5.69402314 -4.39801216  5.57359209]]
[[ 3.16633502 -4.94177546 -4.48878717]
 [-4.76920862  5.68029505  3.954518  ]]
[[-4.48635604 -4.82040946  2.22530505]
 [ 5.45007445  5.84516517  0.3413055 ]]
[[-5.65228328  5.91863372 -4.44095661]
 [ 5.93381429 -5.97302695  5.32029029]]
[[ 4.98994784 -3.2859492  -4.78952584]
 [-4.41770709  3.52766981  5.79038954]]
[[ 2.65024793 -3.53405055 -4.11508877]
 [-4.59964191  2.25086181  5.00312649]]
[[ 4.66287498 -4.38109889 -2.68758578]
 [-0.72398854  5.68706211  3.42288689]]
[[ 3.96758355 -3.63465807 -3.41631094]
 [-3.92384397  5.64781677  4.60823043]]
[[-3.75500854 -3.84804045  5.84830938]
 [ 4.16349886  5.16698008  2.4958576 ]]
[[-3.88070639 -4.47131662  2.14044241]
 [ 4.76029982  5.23065168  3.55410913]]
[[-4.62124149 -5.7958903   3.78558982]
 [ 5.11347035  4.25417284 -5.51389335]]
[[-3.33714394  4.78530241 -4.09154485]
 [ 3.36760593 -5.69677956  4.20477265]]
[[-3.66559377 -3.93970167  4.01799656]
 [ 5.74242938  5.11486623  3.74298413]]
[[ 2.54952471 -4.57028718 -5.03254605]
 [-5.62014892  4.87051494  5.83956937]]
[[-4.21411455 -3.33113588  4.02152361]
 [ 4.74168964  5.23428444 -1.30288768]]
[[-5.70478571 -4.60030988  4.3212415 ]
 [ 5.89188664  5.0520948  -3.33667011]]
[[ 4.86873758 -5.56251125 -2.6175038 ]
 [-5.97276527 -5.81865405  4.25421761]]
[[-4.08930989 -4.25582039  4.74954875]
 [ 5.73691642  4.45664326 -0.48185454]]
[[-4.89935691 -5.50847719  5.79292569]
 [ 5.91407477  5.83593465  0.02414947]]
[[-5.39455665  5.10423128 -4.62943022]
 [ 5.71918945 -4.05805565  5.40031809]]
[[-5.00759176  3.55207673 -4.04222739]
 [ 5.96052364 -1.2012227   5.4020868 ]]
[[-4.58176369 -5.79281315  5.67762084]
 [ 5.85328885  4.40929711 -5.86268301]]
[[-4.12778874 -3.287882    3.66596778]
 [ 2.09623053  5.9778839  -4.04106012]]
[[-3.97236156 -2.64897694  5.52709685]
 [ 5.22857467  3.42660225 -5.22193741]]
[[-3.66436001  3.05348261 -3.76271837]
 [ 4.75372217 -2.93834377  3.64717109]]
[[ 5.02844543 -4.94973976 -3.9440559 ]
 [-5.10200717  5.6099329   5.50228104]]
[[-4.87278307  4.06975082 -4.01152232]
 [ 5.81228096 -3.12522864  5.6723094 ]]
[[-3.57027909  4.91464731 -5.53952669]
 [ 5.3990464  -2.46786614  5.94436267]]
[[-2.86190725 -5.4453509   4.13198946]
 [ 5.24810245  0.44763048 -5.83413115]]
[[ 3.84662632 -3.21299181 -3.94325385]
 [-5.83257819  5.80813154 -5.6779383 ]]
[[-4.59347339  5.71099357 -3.06429683]
 [ 5.75349571 -5.47823213  3.15337256]]
[[-4.25622928  2.86566476 -5.07578802]
 [ 4.94652707 -5.35501994  4.96209263]]
[[-4.82337614 -2.51211357  3.88288479]
 [ 5.98297033  2.31032069 -5.77499889]]
[[ 3.57585163 -5.45208766 -3.58538253]
 [-2.36390438  5.33053038  5.22503794]]
[[-4.43068166 -3.86431247  4.69251408]
 [ 5.92556575  3.05201117 -5.92658997]]
[[-4.67107334 -3.89576377  5.81138896]
 [ 5.62127344  4.16325743 -3.48366657]]
[[ 3.88089711 -4.14892581 -5.35167518]
 [-4.03549986  4.22458674  5.50086   ]]
[[-3.8110326   2.46879693 -3.9601066 ]
 [ 5.55337941 -5.9743749   4.63388267]]
[[-4.28097208 -3.74259599  5.76919151]
 [ 5.30156953  5.19413843  3.53605792]]
[[-3.18280439 -3.56742893  3.14991577]
 [ 5.91613351  4.60777396  5.34335169]]
[[ 3.22031603 -4.16209562 -5.46992043]
 [-5.11436177  3.19731314  5.92897911]]
[[-3.81366449  2.85723862 -5.05566311]
 [ 5.2649811  -4.97306441  1.1569453 ]]
[[-3.46718056 -4.88891217  5.92072744]
 [ 4.324038    5.69909045  4.03392989]]
[[-5.69097622  3.31673344 -4.50142561]
 [ 4.14166201 -5.84001261  5.69818613]]
[[ 5.85810732 -3.70648462 -4.48250395]
 [ 5.30339504  4.01611476  5.58634022]]
[[ 3.1864221  -3.42565195 -3.5878069 ]
 [ 4.56557287  5.96687182  3.64017869]]
[[ 5.30224628 -3.75860065 -4.15540859]
 [-0.82264352  5.77639189  4.25240081]]
[[-2.62819842 -4.20095324  4.8569516 ]
 [ 5.79603378  5.93611626  1.30969774]]
[[-5.9749237   4.08668638 -3.306984  ]
 [ 4.63206763 -4.18082015  4.64706679]]
[[ 4.65607359 -3.42588183 -5.98317252]
 [-5.60621402  5.40520102  1.02416598]]
[[-3.47319176  2.79022713 -5.26130933]
 [ 5.56448862 -5.45912236  4.58778814]]
[[-4.10374011 -2.69009007  5.70009819]
 [ 5.14880977  5.69921474 -3.7031806 ]]
[[ 2.80935089 -5.42452257 -4.3701519 ]
 [-4.40837555  5.30141424  5.6261787 ]]
[[ 5.48217614 -4.09288096 -4.21551394]
 [-5.20646317  5.32690339  4.47331887]]
[[-4.780233    5.39320358 -3.29460591]
 [ 4.93917824  0.94326812  4.44478735]]
[[ 3.98349472 -5.38474448 -4.9725858 ]
 [-4.39586949  5.57907261  4.60585238]]
[[-3.97865351 -4.73041789  3.31985211]
 [ 1.56358764  5.49354966 -5.25021894]]
[[-2.86673705 -4.60454802  4.36102374]
 [ 4.34171747  4.53036827 -5.55071828]]
[[-3.46046694 -4.43801806  4.75436491]
 [ 4.82307598  4.68360782 -2.96165205]]
[[-5.11312626  5.97272586 -3.43784801]
 [ 5.53112422  5.74524797  5.15257346]]
[[ 4.74963116 -3.70568508 -3.71133123]
 [ 0.91080775  5.85159238  4.80068258]]
[[-3.9750012  -5.03936519  2.83568166]
 [ 5.10099597 -5.787327   -5.00778528]]
[[ 4.06275728 -3.67278487 -3.74658022]
 [-4.82340527  5.51055749  3.91447395]]
[[-5.4206798  -3.91921816  3.88099858]
 [-1.87337991  5.40250105 -5.2280311 ]]
[[-3.81146028  3.02944665 -3.96804289]
 [-0.37409858 -3.89243059  5.68128277]]
[[ 3.32036716 -4.21709033 -5.67065474]
 [-5.51611808  5.73018721 -5.18005828]]
[[-3.49537641 -5.37539069  3.11866194]
 [ 4.48137343 -4.85029233 -5.81783992]]
[[ 5.25715397 -3.39928307 -4.67290876]
 [ 1.57238792  5.06827131  5.79816473]]
[[-2.23846456  5.30749775 -4.7007204 ]
 [ 3.48425528 -3.05551328  4.74694738]]
[[ 2.37055911 -3.96822496 -4.75796679]
 [-5.11818879 -3.00907935  5.87681084]]
[[ 3.9641034  -3.56229313 -3.93692894]
 [-3.72133433  5.20681529  4.64235437]]
[[ 3.69657018 -4.25421298 -4.77526558]
 [ 3.24368857  5.69936263  5.55669671]]
[[-3.39667227 -4.76761201  4.62252666]
 [ 5.64486304  3.98511012 -4.23359765]]
[[ 5.11373748 -3.56220429 -4.41713189]
 [-5.43061459  3.49988565  5.31517612]]
[[-3.53426376 -2.93686464  3.81766785]
 [-5.30046176  4.40165629 -5.35242511]]
[[ 2.4650998  -5.61158235 -5.58001032]
 [-4.22076993  5.99317715  5.66887924]]
[[ 2.61930908 -4.95735972 -5.52253135]
 [-5.42884876  5.8054226  -3.78941765]]
[[-4.68417538  3.96436135 -5.89782369]
 [ 5.52314935 -5.71593882  3.88254379]]
[[ 2.36467619 -4.52273136 -5.19345804]
 [-3.98069351  3.90057538  5.31543463]]
[[ 3.28146835 -3.42833882 -5.41764073]
 [-4.69947786  5.50637087  4.46149656]]
