[[0.02190145 0.98090004 0.01021028 0.97726039]]
[[0.02152471 0.9765876  0.01242823 0.97615316]]
[[0.02257059 0.98143182 0.00739736 0.97921441]]
[[0.02071892 0.98065804 0.01102863 0.97805237]]
[[0.02350478 0.98483506 0.0054688  0.97617676]]
[[0.02211034 0.97921596 0.00486138 0.97609824]]
[[0.02362248 0.98085598 0.01114477 0.97755113]]
[[0.02261547 0.98470747 0.01586609 0.97717848]]
[[0.02266798 0.98516082 0.00163863 0.98069136]]
[[0.02151277 0.98093151 0.02263937 0.97628807]]
[[0.02159692 0.97938946 0.00955249 0.97812744]]
[[0.02101069 0.97815975 0.0220316  0.97650974]]
[[0.02315347 0.98711056 0.0018367  0.9802486 ]]
[[0.02076988 0.97945878 0.00225964 0.97625958]]
[[0.02353186 0.97697485 0.01444684 0.97659194]]
[[0.0234236  0.9776208  0.00872037 0.97725749]]
[[0.02253062 0.9817669  0.0162955  0.9815942 ]]
[[0.02301883 0.9818202  0.00616636 0.98102906]]
[[0.02197536 0.98413283 0.00749358 0.97688454]]
[[0.0237551  0.98598638 0.00467446 0.98102013]]
[[0.02086384 0.97681908 0.01335384 0.97731428]]
[[0.02370965 0.98424916 0.00162023 0.98041212]]
[[0.02262359 0.97909669 0.00460335 0.97789317]]
[[0.02324992 0.9817548  0.00805319 0.97660266]]
[[0.02361541 0.98612757 0.01100758 0.98039507]]
[[0.02166493 0.97743306 0.01518746 0.97811971]]
[[0.02292169 0.98418725 0.00746035 0.98097842]]
[[0.02377826 0.97957332 0.00313753 0.97618342]]
[[0.02196596 0.9790866  0.00197131 0.97793135]]
[[2.34571180e-02 9.85343999e-01 4.91843198e-04 9.79866632e-01]]
[[0.02363635 0.98090367 0.01816045 0.98144553]]
[[0.02189752 0.98026544 0.0109837  0.97927836]]
[[0.02223686 0.97924429 0.00820777 0.97820408]]
[[0.02297281 0.98496481 0.01923667 0.98013735]]
[[0.02235308 0.97843822 0.02045638 0.97680992]]
[[0.02329534 0.98393823 0.01146553 0.98036289]]
[[0.02323315 0.98498839 0.0130398  0.97910799]]
[[0.02220999 0.98426569 0.00939843 0.97997833]]
[[2.39815208e-02 9.85869232e-01 8.64555479e-04 9.79912302e-01]]
[[0.02279277 0.98270124 0.02106729 0.98353955]]
[[0.02269336 0.97734472 0.00765023 0.97628927]]
[[0.02389913 0.98364064 0.02268967 0.97853658]]
[[0.02397678 0.98643485 0.01762616 0.97725402]]
[[0.02181395 0.98625739 0.00170603 0.97744488]]
[[0.02077058 0.97903655 0.01811397 0.98053261]]
[[0.02341745 0.98338514 0.00283963 0.97667416]]
[[0.02324603 0.98545253 0.02036102 0.98254238]]
[[0.02352884 0.98535608 0.00916693 0.97642939]]
[[0.02223794 0.98216983 0.0183837  0.97645943]]
[[0.02328185 0.98396685 0.0013027  0.97843118]]
[[0.02391585 0.98355599 0.00240945 0.97916734]]
[[0.02089621 0.98466156 0.01934019 0.97922007]]
[[0.02161338 0.97920378 0.01541924 0.97623977]]
[[0.02362781 0.98645789 0.01553328 0.98136215]]
[[0.01783496 0.97906412 0.01113836 0.97869329]]
[[0.02381877 0.97920039 0.01206658 0.97610439]]
[[0.0237172  0.98137637 0.00840503 0.97963503]]
[[0.02366375 0.9825151  0.00373835 0.97702914]]
[[0.02379869 0.97813953 0.00714709 0.97795326]]
[[0.02392631 0.98418622 0.01896776 0.97675003]]
[[0.02160474 0.97822383 0.00324994 0.9767897 ]]
[[0.02331502 0.98203991 0.02124696 0.97856174]]
[[2.04794678e-02 9.83973917e-01 8.21700461e-04 9.77187004e-01]]
[[0.01959713 0.97945718 0.02312868 0.97761229]]
[[0.02110573 0.97896551 0.02148764 0.97788816]]
[[0.02141478 0.97684563 0.01173305 0.97739746]]
[[0.02288703 0.97994552 0.02020516 0.97736164]]
[[0.02113872 0.98109553 0.00535034 0.98001672]]
[[0.02395911 0.98095683 0.02183283 0.97707037]]
[[0.02142182 0.98247538 0.00228971 0.98072734]]
[[0.02228078 0.97954788 0.01509638 0.97892041]]
[[0.01957312 0.9761969  0.01304988 0.97650353]]
[[0.02279687 0.9806363  0.01038731 0.97726807]]
[[0.02375909 0.97961931 0.01460783 0.97647296]]
[[0.02268439 0.98215793 0.01277749 0.97616587]]
[[0.01996643 0.97864042 0.02145068 0.97663938]]
[[0.02226577 0.98367316 0.01966961 0.9832793 ]]
[[0.02321889 0.98446781 0.01087506 0.97958282]]
[[0.02383833 0.97720026 0.00788738 0.97635543]]
[[0.02379256 0.98476142 0.00099475 0.98016986]]
[[0.02291374 0.98543298 0.01053799 0.98245674]]
[[0.02289696 0.98025435 0.00334434 0.97648784]]
[[0.02219095 0.98287723 0.00724138 0.98078618]]
[[0.02198657 0.97978446 0.0078489  0.97878124]]
[[0.02359807 0.97788003 0.02249959 0.97742163]]
[[0.02395857 0.98076606 0.00162637 0.97624529]]
[[0.02277491 0.97933554 0.00804194 0.97743697]]
[[0.02077806 0.9797153  0.0118892  0.9780949 ]]
[[0.02388314 0.98243311 0.02129648 0.97898267]]
[[0.02151305 0.9817492  0.00421815 0.97607515]]
[[0.02302289 0.98516359 0.00426378 0.98347415]]
[[0.01907096 0.97984182 0.01223907 0.97833175]]
[[2.18494650e-02 9.80836508e-01 6.98028424e-04 9.78890886e-01]]
[[0.02360986 0.98282527 0.00433472 0.98210112]]
[[0.02352968 0.97799412 0.00343847 0.97822427]]
[[0.02333271 0.9828885  0.0048584  0.98202725]]
[[0.02355697 0.98555975 0.02258236 0.97934884]]
[[0.02296052 0.98328291 0.0074606  0.97871507]]
[[0.02287443 0.97809555 0.02082844 0.98056222]]
[[0.0234563  0.98198883 0.00932182 0.97704309]]
[[0.02053427 0.97915229 0.01276903 0.98069334]]
[[0.02242825 0.98127761 0.00914109 0.97868078]]
[[0.02142003 0.98092266 0.00259013 0.97706078]]
[[0.02314745 0.9793159  0.00597359 0.97830426]]
[[0.02393114 0.98387179 0.00553618 0.98231768]]
[[0.02125037 0.98077779 0.01132682 0.97899777]]
[[0.02208306 0.97764528 0.02378974 0.97735102]]
[[0.02169386 0.98515479 0.01478342 0.98109489]]
[[0.02217825 0.98301817 0.0025895  0.97634994]]
[[0.02288359 0.98162103 0.00775676 0.9789669 ]]
[[0.02394564 0.98186278 0.01077883 0.98063721]]
[[0.02361308 0.98284353 0.01180064 0.9816352 ]]
[[0.02362816 0.98457772 0.01145567 0.97610351]]
[[0.0237208  0.98259581 0.01032016 0.97918566]]
[[0.02231196 0.9789548  0.00654121 0.97687492]]
[[0.01935936 0.97963912 0.00622435 0.97942155]]
[[0.0235638  0.98282476 0.00189952 0.97803849]]
[[0.01956719 0.97774151 0.01056598 0.97679399]]
[[0.02369674 0.98276612 0.01559586 0.98128087]]
[[2.26470579e-02 9.84281275e-01 2.65089398e-04 9.78627403e-01]]
[[0.0237867  0.97909256 0.0128062  0.98128382]]
[[0.02188352 0.98047676 0.00621598 0.97790953]]
[[0.02227056 0.97844734 0.01983666 0.97902461]]
[[0.02060338 0.98273282 0.00255855 0.97740433]]
[[0.02338657 0.97769671 0.01498871 0.97648362]]
[[0.02297353 0.97699988 0.02214362 0.98202576]]
[[0.02149202 0.98193602 0.0181147  0.97739793]]
[[0.02004184 0.98057201 0.02261676 0.97695663]]
[[0.02396811 0.97991587 0.00886125 0.97867975]]
[[0.02381544 0.97963849 0.00633533 0.976078  ]]
[[0.02378749 0.98235788 0.00769974 0.98031619]]
[[0.02290013 0.98710737 0.0031268  0.98432881]]
[[0.02263171 0.97810151 0.02363868 0.97691325]]
[[0.02056413 0.98332682 0.00849129 0.98187885]]
[[0.02294691 0.98734264 0.00250218 0.9842247 ]]
[[0.02240311 0.98580086 0.00304903 0.98182106]]
[[0.02346158 0.97670395 0.00897206 0.97812946]]
[[0.02358829 0.98077547 0.00658782 0.97689665]]
[[0.02049041 0.9835176  0.00734196 0.97707347]]
[[0.02325361 0.98020072 0.00760997 0.97632811]]
[[0.02276999 0.97980912 0.0023015  0.97727346]]
[[0.02157172 0.97748589 0.00542953 0.97826458]]
[[0.021754   0.9791148  0.01896417 0.97768732]]
[[0.02384817 0.98407061 0.00283426 0.97998131]]
[[0.02180958 0.97995257 0.0104757  0.97663293]]
[[0.02007422 0.98116629 0.02366956 0.9784327 ]]
[[0.02289495 0.9843926  0.01941171 0.97710112]]
[[0.02220943 0.98544287 0.01990364 0.98156648]]
