[[0.02306034 0.98194987 0.0106579  0.97809357]]
[[0.02154711 0.97856598 0.00984294 0.97863643]]
[[0.0214212  0.97971516 0.01725267 0.97820683]]
[[0.02246721 0.98444251 0.0016238  0.97706531]]
[[0.02359301 0.98441782 0.00660725 0.98017141]]
[[0.02324939 0.97661371 0.01779774 0.97849327]]
[[0.02350925 0.97924501 0.00218832 0.9767711 ]]
[[2.31366514e-02 9.85252603e-01 2.98790462e-04 9.78424672e-01]]
[[0.02384486 0.98186896 0.01709239 0.97800224]]
[[0.02257271 0.98279612 0.01497712 0.9824567 ]]
[[2.29743970e-02 9.85362552e-01 3.76945129e-04 9.77514165e-01]]
[[0.02232637 0.98134234 0.00462513 0.97909411]]
[[0.02275127 0.98126072 0.00564533 0.97810243]]
[[0.0210856  0.98028795 0.00422933 0.9777363 ]]
[[0.02357411 0.97901715 0.01659496 0.98269914]]
[[0.02325355 0.97865195 0.00758643 0.97662886]]
[[0.02352004 0.98142049 0.00953145 0.97996866]]
[[0.02076141 0.98029485 0.01963128 0.9790256 ]]
[[0.02093422 0.98122525 0.00652496 0.98005955]]
[[2.10789086e-02 9.84287184e-01 3.44295923e-04 9.79036260e-01]]
[[0.02364805 0.98631678 0.00855661 0.98606056]]
[[0.02063821 0.97891034 0.02221882 0.97794547]]
[[0.0227165  0.98345602 0.01463795 0.97704984]]
[[0.02305968 0.9851855  0.00228522 0.98145082]]
[[0.02168034 0.97895887 0.00306609 0.97732678]]
[[0.02212427 0.9802627  0.00252003 0.97830519]]
[[0.01945867 0.98173117 0.02097994 0.97690383]]
[[0.02394234 0.98179378 0.00255178 0.97976082]]
[[2.38309050e-02 9.82512962e-01 3.11981886e-04 9.76487862e-01]]
[[0.02137004 0.98425816 0.00649066 0.98004503]]
[[0.02387243 0.98206836 0.01265611 0.97853857]]
[[0.02312459 0.98390322 0.0018928  0.98017182]]
[[0.02380365 0.97867142 0.01658536 0.97786327]]
[[0.02391184 0.97903288 0.02169041 0.98144097]]
[[0.02001992 0.97677594 0.01638862 0.97601567]]
[[0.0219234  0.9841548  0.02264834 0.98504067]]
[[0.02245865 0.98005202 0.00219021 0.97811118]]
[[0.0214598  0.98055547 0.00914827 0.97836691]]
[[0.02297319 0.98341376 0.00961162 0.9811717 ]]
[[0.02145097 0.98217468 0.00990718 0.97885352]]
[[0.02390963 0.98538781 0.02287148 0.97653391]]
[[0.02223697 0.98096598 0.0121152  0.98318526]]
[[0.02215983 0.98201896 0.00711985 0.98042638]]
[[0.01943182 0.98016551 0.0053161  0.97762971]]
[[0.0209684  0.97660893 0.01895826 0.97957087]]
[[0.02383257 0.98207045 0.01555683 0.98210397]]
[[0.02243613 0.9778549  0.02280173 0.97710165]]
[[0.02260623 0.98502453 0.01389201 0.9828954 ]]
[[0.02380615 0.98431584 0.00300651 0.97910286]]
[[0.02005435 0.97968364 0.01399481 0.97698316]]
[[0.02339277 0.98177497 0.00811708 0.97600555]]
[[0.02115336 0.98087794 0.00843017 0.97622321]]
[[0.02070715 0.98215423 0.00200945 0.97980167]]
[[0.02304381 0.98153007 0.01588501 0.97843272]]
[[0.02385357 0.97705665 0.0123869  0.97672445]]
[[0.02333876 0.9821335  0.00317304 0.97850906]]
[[2.26299429e-02 9.87694055e-01 1.52717589e-04 9.82506957e-01]]
[[0.02380949 0.98235426 0.00413554 0.97869699]]
[[0.02287853 0.97859814 0.01027772 0.97663573]]
[[0.0237943  0.98116361 0.02395812 0.97806739]]
[[0.02159329 0.9790888  0.00771761 0.97673641]]
[[0.02016162 0.97678681 0.01317044 0.97738553]]
[[0.02277972 0.98257039 0.00511308 0.98148324]]
[[0.02165973 0.98215776 0.02037559 0.9809274 ]]
[[0.02365089 0.97984995 0.00552712 0.97806907]]
[[2.12875654e-02 9.82011450e-01 2.47890975e-04 9.77678128e-01]]
[[0.02368057 0.9805236  0.00871779 0.97729344]]
[[0.02121777 0.98198975 0.00362522 0.98058173]]
[[2.28155131e-02 9.86729876e-01 5.19983111e-04 9.80098059e-01]]
[[0.0228506  0.97894741 0.00308425 0.97684444]]
[[0.02038837 0.97797137 0.01419562 0.97814822]]
[[0.02329946 0.97694536 0.0213797  0.97921253]]
[[0.02237403 0.9760138  0.01358732 0.98215805]]
[[0.02395093 0.98316805 0.02053407 0.98102402]]
[[0.02169274 0.97699334 0.01051238 0.97760559]]
[[0.02377383 0.98038092 0.01114401 0.97720385]]
[[0.01868793 0.98129798 0.0026093  0.97800474]]
[[0.02314934 0.98353731 0.00284125 0.97783618]]
[[0.02161382 0.98178249 0.01915312 0.98081529]]
[[0.02229839 0.98161664 0.0013068  0.9790234 ]]
[[0.02277705 0.97756006 0.01994002 0.97815673]]
[[0.02165802 0.98052318 0.0207835  0.9777852 ]]
[[0.02314036 0.98320078 0.00783109 0.97920837]]
[[0.02272818 0.97771918 0.01534872 0.97696265]]
[[0.01929925 0.97762555 0.01059095 0.97823552]]
[[0.02291703 0.98244039 0.01562161 0.98417655]]
[[0.02240178 0.97920658 0.00394145 0.97613523]]
[[0.0225522  0.98105106 0.00141523 0.97652062]]
[[0.02388068 0.98411664 0.01577485 0.98002794]]
[[0.02223207 0.98089728 0.01291616 0.97843002]]
[[0.02142401 0.98060702 0.02161976 0.97722646]]
[[0.02364351 0.97794707 0.00343557 0.97891822]]
[[0.02363179 0.98394326 0.01903692 0.98177519]]
[[0.02038727 0.97878683 0.00650616 0.97723983]]
[[0.02125464 0.98000724 0.00261208 0.97729568]]
[[0.02394308 0.98126113 0.00501719 0.97817557]]
[[2.28588051e-02 9.81934355e-01 7.80699798e-04 9.78736559e-01]]
[[0.020181   0.98295302 0.01491795 0.9771025 ]]
[[0.02388914 0.98626966 0.00109833 0.98223809]]
[[0.02253983 0.98043236 0.00839238 0.97772907]]
[[0.02372923 0.98627627 0.0015871  0.98158073]]
[[0.02027911 0.97942678 0.01468869 0.9762398 ]]
[[0.02260934 0.98482407 0.0065568  0.98355723]]
[[0.0237258  0.98111988 0.0012338  0.97946308]]
[[0.02094498 0.98012387 0.01193503 0.9804253 ]]
[[0.02251394 0.98292387 0.01229601 0.97939364]]
[[0.02206206 0.98283375 0.01215087 0.98048159]]
[[0.02370742 0.98449994 0.01013802 0.97765729]]
[[0.02139273 0.98228068 0.00195719 0.97624784]]
[[0.02339135 0.98516358 0.01718421 0.98046052]]
[[0.02384334 0.9866568  0.01596801 0.98136105]]
[[0.02098013 0.97904473 0.02029598 0.97728908]]
[[0.02274074 0.9871949  0.0162842  0.98514294]]
[[0.02353219 0.98462013 0.00386159 0.97984263]]
[[0.02276603 0.98084871 0.01788096 0.98069535]]
[[0.02145248 0.9822255  0.02377871 0.9791092 ]]
[[0.02343291 0.98353771 0.00999171 0.97840372]]
[[0.02193027 0.97860587 0.0068694  0.977903  ]]
[[0.02367894 0.98433536 0.00284417 0.98167012]]
[[0.0236531  0.98394113 0.00779868 0.97975772]]
[[0.02333747 0.98209949 0.00802705 0.97693318]]
[[2.29958637e-02 9.81012341e-01 8.62548811e-04 9.76451875e-01]]
[[0.02380946 0.98305358 0.00172333 0.97730402]]
[[0.02353649 0.98426403 0.02102713 0.97718409]]
[[0.02225552 0.98161997 0.01091093 0.98107266]]
[[0.02196811 0.98061528 0.00732383 0.97652831]]
[[0.02333316 0.98332618 0.00438837 0.98176322]]
[[0.02231927 0.98286557 0.01446883 0.97794544]]
[[0.02335629 0.98559115 0.02012856 0.98194881]]
[[0.02002708 0.98168696 0.01262101 0.98089757]]
[[0.02359815 0.98281025 0.01596863 0.97960218]]
[[0.01946606 0.97942016 0.02023034 0.97950744]]
[[0.02339117 0.97773007 0.00489073 0.97601291]]
[[0.02337078 0.98088612 0.01290069 0.98111493]]
[[0.02376576 0.98664637 0.00462228 0.97799667]]
[[0.02316347 0.97965053 0.01684885 0.97795824]]
[[0.01941531 0.98080233 0.00325348 0.97621161]]
[[0.01890601 0.97727014 0.00289334 0.97657108]]
[[0.02177497 0.97933846 0.01803202 0.98041485]]
[[0.01976311 0.97933367 0.01633893 0.97655961]]
[[0.02278933 0.97897771 0.00401808 0.97663717]]
[[0.02310848 0.98304446 0.00959063 0.98180463]]
[[0.02379835 0.98620447 0.00500509 0.98248108]]
[[0.02277332 0.98258617 0.0021361  0.97915439]]
[[0.02109784 0.97940321 0.00748838 0.97636635]]
[[0.02383426 0.9827288  0.01664825 0.97743721]]
[[0.02297103 0.98369062 0.01467279 0.97708523]]
[[0.02277272 0.97851601 0.00741192 0.97948119]]
[[2.13110733e-02 9.84159045e-01 4.85750546e-04 9.76387007e-01]]
