[[0.0226415  0.98215935 0.00410414 0.97660971]]
[[0.02156881 0.97681911 0.01068001 0.97604174]]
[[0.02252605 0.97792901 0.00907426 0.97792352]]
[[0.023038   0.98331047 0.00408308 0.9817327 ]]
[[0.02315227 0.98138517 0.01119667 0.97788196]]
[[0.01976783 0.97600953 0.01758324 0.97709651]]
[[0.02343529 0.98140156 0.01184242 0.9789462 ]]
[[0.02398984 0.98150708 0.00571092 0.97699588]]
[[0.02314012 0.97799617 0.00808595 0.98176044]]
[[0.01930535 0.97772762 0.01356162 0.97606081]]
[[0.02389309 0.97883391 0.00601044 0.98169449]]
[[0.02336854 0.97851428 0.02160746 0.97860911]]
[[2.39033756e-02 9.85938949e-01 7.35352558e-04 9.79541180e-01]]
[[0.0230704  0.97652588 0.00471491 0.97879255]]
[[0.01956832 0.97948733 0.0051632  0.97918326]]
[[2.05988177e-02 9.83203042e-01 1.98352373e-04 9.76718127e-01]]
[[0.02206472 0.97649832 0.0167219  0.97709317]]
[[0.02036725 0.98212369 0.0107043  0.98035596]]
[[0.01925258 0.97801689 0.01380787 0.97675202]]
[[0.02384806 0.98552787 0.00261778 0.98278361]]
[[0.02365993 0.98191554 0.01351157 0.98016746]]
[[0.02183382 0.98176589 0.00656667 0.97898801]]
[[2.27584130e-02 9.79175388e-01 7.99797954e-04 9.76620910e-01]]
[[0.02350663 0.97708772 0.00832915 0.9760733 ]]
[[0.0228688  0.98539196 0.01132579 0.97937348]]
[[0.02197479 0.97725532 0.00544021 0.97640591]]
[[0.02304005 0.98134358 0.00944524 0.97830368]]
[[0.02218903 0.98334014 0.00549869 0.97690218]]
[[1.91068910e-02 9.79360111e-01 7.66318731e-04 9.76743919e-01]]
[[0.02266987 0.98186992 0.00841118 0.98020391]]
[[0.02261057 0.9834396  0.0084532  0.98110642]]
[[0.02144968 0.98108856 0.01468463 0.97690996]]
[[0.02182659 0.98445064 0.01729817 0.97866551]]
[[0.02370703 0.98250004 0.00597371 0.98232666]]
[[0.02223292 0.97809334 0.01518683 0.97749524]]
[[0.02390797 0.97650826 0.02174353 0.97766272]]
[[0.02394154 0.980996   0.01941214 0.97651514]]
[[0.0225093  0.98515979 0.00116907 0.97740469]]
[[0.02366783 0.97760187 0.0092088  0.98038195]]
[[0.02238328 0.9819255  0.00214885 0.97724876]]
[[0.02349046 0.97978856 0.00122947 0.97702032]]
[[0.02347949 0.97972982 0.0121112  0.97874642]]
[[0.02328683 0.98560394 0.02283818 0.98396161]]
[[0.02170205 0.98132636 0.01242629 0.97665638]]
[[0.02233443 0.98259481 0.01612079 0.98274374]]
[[0.02270588 0.98679129 0.00273721 0.98377714]]
[[0.02099669 0.97761865 0.02204165 0.97938087]]
[[0.02311651 0.98411714 0.00788296 0.97787534]]
[[0.02390491 0.98505145 0.02234323 0.98473172]]
[[0.02375532 0.98654688 0.00244404 0.98080476]]
[[0.02032121 0.98011435 0.00199066 0.97604336]]
[[0.02283154 0.97905751 0.01651262 0.97885669]]
[[0.02184121 0.98495147 0.00724007 0.97749437]]
[[0.02393144 0.98235363 0.00240024 0.97743573]]
[[0.02051936 0.98324767 0.00964828 0.98188474]]
[[0.02298761 0.9811167  0.00190824 0.97861025]]
[[0.02095456 0.97846188 0.00736116 0.97813363]]
[[0.02337341 0.98514573 0.00959945 0.97865508]]
[[0.02244436 0.98088005 0.00447348 0.98138521]]
[[0.02349926 0.98436129 0.0168417  0.98209587]]
[[0.02288605 0.98525749 0.01302313 0.98340377]]
[[0.0235389  0.98049985 0.01762494 0.97614928]]
[[0.02297042 0.98457755 0.01418329 0.98255911]]
[[0.01975034 0.98230108 0.00215303 0.98070157]]
[[0.0205489  0.98133989 0.00211507 0.97965522]]
[[0.02328758 0.9845181  0.01662575 0.98314047]]
[[0.02324934 0.98211526 0.00844084 0.97699621]]
[[0.02238074 0.97620457 0.01992793 0.97797287]]
[[0.02352161 0.9805356  0.01388015 0.97703713]]
[[0.02346628 0.98532059 0.00760365 0.98289119]]
[[0.0235739  0.98103072 0.02132902 0.97673121]]
[[0.02340853 0.98040877 0.00905778 0.97701871]]
[[0.02247754 0.9821392  0.00123196 0.97605183]]
[[0.02223557 0.98223165 0.00605538 0.9817433 ]]
[[2.06642074e-02 9.84311817e-01 7.25865895e-04 9.80466980e-01]]
[[0.02222004 0.97926932 0.00865779 0.9787172 ]]
[[0.02335472 0.98383888 0.00188792 0.9817032 ]]
[[2.18198227e-02 9.85335857e-01 3.11264294e-04 9.76742552e-01]]
[[2.09926177e-02 9.85270748e-01 3.12347799e-04 9.76152702e-01]]
[[0.02318557 0.98206263 0.01276021 0.97690345]]
[[2.27528758e-02 9.87320622e-01 2.81822290e-04 9.76614659e-01]]
[[0.02383154 0.98404118 0.02100999 0.97670877]]
[[0.02333791 0.98489308 0.00138347 0.98359178]]
[[0.02216274 0.98207975 0.004969   0.97609772]]
[[0.02395882 0.98709363 0.01111631 0.97822253]]
[[0.02077265 0.98055229 0.00410412 0.98179539]]
[[2.39881421e-02 9.86217516e-01 1.76695334e-04 9.76424534e-01]]
[[2.38422248e-02 9.84139467e-01 7.90123982e-04 9.77908586e-01]]
[[0.02198705 0.97884637 0.01389608 0.97800969]]
[[0.0232339  0.97929858 0.02342336 0.9820033 ]]
[[0.0233176  0.98212243 0.00616008 0.97626076]]
[[0.02357737 0.98064152 0.01222471 0.97732763]]
[[0.02031725 0.97833244 0.01447777 0.97806469]]
[[2.31201625e-02 9.82728922e-01 4.30803930e-04 9.76724353e-01]]
[[0.02241687 0.98248838 0.01286489 0.98026878]]
[[0.02311263 0.98155189 0.01019149 0.98018392]]
[[0.02001172 0.9787469  0.01792181 0.97677549]]
[[0.02058542 0.98266993 0.02117429 0.98227069]]
[[0.02258411 0.97653987 0.01478399 0.97684258]]
[[0.02317285 0.97973872 0.01756344 0.97728233]]
[[0.02146949 0.98040579 0.00359044 0.97918799]]
[[0.02182282 0.98097538 0.00705946 0.97998386]]
[[0.0214987  0.98175007 0.0110566  0.97671181]]
[[0.02250989 0.97900587 0.01289933 0.97803421]]
[[0.02143901 0.98050536 0.0070888  0.97873866]]
[[0.02328187 0.98328327 0.01855546 0.97911985]]
[[0.02344725 0.9836818  0.00370556 0.97650958]]
[[0.02217226 0.98348667 0.01419249 0.98003627]]
[[0.01836016 0.97880811 0.02358741 0.97786895]]
[[0.02315572 0.9825158  0.0155408  0.98181045]]
[[0.02237323 0.98230711 0.01521476 0.9784962 ]]
[[0.02010473 0.97902914 0.0103276  0.97969183]]
[[0.02133314 0.98088881 0.02158244 0.97958627]]
[[0.02205871 0.97754124 0.02110064 0.98256567]]
[[0.0233315  0.98576748 0.01621179 0.98298837]]
[[0.02361039 0.98690177 0.01383724 0.97939403]]
[[0.02263302 0.98213134 0.00228761 0.97625757]]
[[0.02002937 0.98077856 0.01213153 0.97785404]]
[[0.02183515 0.9800703  0.02112088 0.97717986]]
[[0.02314738 0.98525072 0.00893907 0.98112192]]
[[0.02212706 0.98023904 0.01195784 0.97685535]]
[[0.02035413 0.98162725 0.00310185 0.97861583]]
[[0.02281104 0.97909444 0.00396169 0.98024061]]
[[0.02252754 0.98538258 0.00693274 0.97675724]]
[[0.02314977 0.98208497 0.0083065  0.97673519]]
[[0.02389972 0.98486393 0.02164101 0.98046228]]
[[0.02234217 0.97690963 0.0148639  0.97605122]]
[[0.02116947 0.97653499 0.02255594 0.97775008]]
[[0.0229908  0.97827373 0.01590901 0.97829477]]
[[0.02010931 0.97681153 0.01049175 0.97687792]]
[[2.38386386e-02 9.81578767e-01 9.47313936e-04 9.76380554e-01]]
[[0.02247422 0.97965407 0.0086378  0.97764686]]
[[0.02216574 0.9811991  0.01387524 0.97890917]]
[[0.02283522 0.98302654 0.00528884 0.9765999 ]]
[[0.02107699 0.97891927 0.01145038 0.98007682]]
[[0.02237    0.98127331 0.02332092 0.97887362]]
[[0.02353073 0.97863111 0.01814392 0.97880061]]
[[0.02305998 0.97878605 0.00790367 0.97726941]]
[[0.02329721 0.97755163 0.01015208 0.97797866]]
[[0.01795099 0.97669402 0.01442651 0.97636947]]
[[0.02075155 0.98206608 0.00279013 0.98080753]]
[[0.02326811 0.98207122 0.00149038 0.9768693 ]]
[[0.02304653 0.98534433 0.0097988  0.98307936]]
[[0.02295132 0.98164075 0.01478353 0.97821297]]
[[0.02129443 0.98285752 0.01745239 0.9823092 ]]
[[0.02377705 0.98213053 0.00509647 0.97904364]]
[[0.02241062 0.98485015 0.00178054 0.97654537]]
[[0.02188254 0.9785051  0.00466801 0.97955416]]
[[0.01928022 0.97769588 0.01733869 0.97711559]]
