[[-0.46438443 -2.33751152  1.81530366]
 [ 5.30395776 -4.79930886 -5.36851704]]
[[-0.05737443  0.90883436 -0.8534692 ]
 [ 3.23531569 -4.94383121 -4.64280398]]
[[ 1.54394246 -5.10343548 -1.87272488]
 [-5.67262693 -5.80614612  5.62993322]]
[[-0.97602044  0.64696299  0.29964036]
 [ 5.86880838 -5.30738892 -5.20716874]]
[[ 4.34395583 -0.2504402   2.49660258]
 [ 4.88976567 -2.92396183 -5.05945327]]
[[ 0.92975017  0.17710917  1.28885914]
 [ 3.71878593 -5.5200834  -4.633667  ]]
[[-0.4696785  -4.61261174  2.21323412]
 [ 3.72735774 -3.98899359 -5.93388197]]
[[ 2.41350985 -0.77685949  1.1680356 ]
 [-5.95095201  5.22935079 -5.80890267]]
[[ 0.68396978 -1.04731323  3.3294494 ]
 [ 4.13850166 -4.23789506 -5.86390996]]
[[-0.28945013 -2.14401633  1.10800122]
 [-3.93214155  5.91659489 -4.90528427]]
[[-2.51755207 -1.52151475  1.57625946]
 [ 5.48380171 -5.78629564 -5.92256172]]
[[ 0.79104092  1.04768312  4.03038468]
 [-5.37007056 -5.58472011  5.57251394]]
[[-0.58519023 -1.75715724  1.28053697]
 [ 5.65347615 -2.68718146 -5.97912312]]
[[ 0.59612775 -0.77079823 -1.53820241]
 [-5.45316656 -4.68237002  5.61877613]]
[[ 2.70632877 -0.02489123 -0.49925403]
 [-5.61054416 -3.71632399  5.83530401]]
[[ 0.05484123  1.73983028  1.71752697]
 [-3.81748583  5.22372086 -5.20930641]]
[[-0.5624905   0.8225198   1.4128986 ]
 [ 5.50448859 -5.27412158 -5.210591  ]]
[[ 1.98399548 -2.17546576 -4.58383119]
 [-4.36500114  5.20126128 -4.90498987]]
[[ 1.39388234 -0.38228408 -1.96126673]
 [-4.27807801  4.43211064 -3.7131902 ]]
[[-0.06083332 -0.57083396  0.79733766]
 [-5.66363819  5.07897793 -4.43355548]]
[[ 0.11767752  1.53246197  1.73545256]
 [-4.68011112  3.83371535 -5.72238099]]
[[ 0.9356841   0.05386166 -0.10349613]
 [-5.28099363 -5.59025794  4.22249368]]
[[ 1.59869523  0.40872252 -0.80488915]
 [-5.97799113  5.33164343 -4.87707445]]
[[ 2.14084021 -1.33759984 -0.80304836]
 [-5.81660408  5.88960093 -5.63535204]]
[[-0.40183996  0.97697652  3.71554871]
 [-5.17983632  3.6303655  -5.83679232]]
[[-0.73036227 -2.22653541  1.57838575]
 [-3.55081903  5.9123237  -5.56747116]]
[[ 0.03943021 -1.80966686  0.77077885]
 [-5.5598301   4.65168869 -4.47425622]]
[[-0.25664206  0.37878481 -0.57072057]
 [ 3.98657303 -3.95393349 -4.8669033 ]]
[[ 0.3080218   1.18566219  0.02957268]
 [ 3.97107017 -4.57723057 -5.75512646]]
[[ 1.06939436  5.81011788  0.69850166]
 [-4.61955198  4.35257924 -5.80809084]]
[[ 2.43877781  1.54268204 -0.07315017]
 [-5.17092033 -5.80899533  4.4883373 ]]
[[ 1.61135385  0.25952049  0.0907866 ]
 [-4.43533517  3.80580891 -3.3385265 ]]
[[-0.2283614   1.94101727  0.87089172]
 [ 5.29941633 -5.29836243 -4.42397081]]
[[ 0.53529091  1.46099788  0.93014861]
 [-5.54338071  4.31350981 -5.0503984 ]]
[[-0.65108489  0.21411412  0.59780064]
 [ 4.52931781 -5.57140759 -4.56516529]]
[[ 2.55037208 -0.50897906  1.31162898]
 [-5.85420945  3.14350074 -5.52392868]]
[[-2.76891736 -1.35685548  0.23623235]
 [ 5.48411493 -3.5613577  -4.59396644]]
[[-4.5554275   0.91756529 -2.81049232]
 [-2.8907728  -5.61569779  5.23398094]]
[[-2.45608308 -0.28909901 -0.72234189]
 [ 5.88785423 -5.41051507 -4.17975717]]
[[ 0.52117281 -1.62246031 -1.76443777]
 [-4.19091067 -3.60267992  5.36410378]]
[[ 1.39250984 -1.59662019 -5.86274801]
 [-4.75725516  5.98144386 -4.64790612]]
[[ 0.24837874 -0.95877763 -0.6356474 ]
 [-4.8993922   4.81933142 -5.63087168]]
[[-0.19811648  0.76814564  0.36132642]
 [-4.70145044 -4.49150058  5.13729437]]
[[-3.11435212  0.06630647  2.02148701]
 [ 5.86846463 -5.23764628 -5.99481392]]
[[-0.22280324  2.1183311  -0.36303635]
 [ 4.03724696 -5.6156291  -3.85531861]]
[[ 2.40775452 -5.39722033 -2.01662854]
 [-5.96757574 -3.54021765  5.40724873]]
[[-0.90894912  1.89633711 -1.31570699]
 [-4.16740618 -5.98615314  5.30443476]]
[[ 3.22908269 -4.96906325 -0.27792951]
 [-5.67518376 -4.93372571  5.51930934]]
[[ 4.04228459  1.74638367  0.39449874]
 [ 2.93752267 -5.22140456 -4.35460096]]
[[ 0.4428229  -0.56664162  1.29867237]
 [ 5.47245592 -2.79987912 -4.9166395 ]]
[[-0.82474801 -0.85509446  1.40981263]
 [-3.49010497  4.85329573 -5.05896687]]
[[ 1.61226795 -2.06673198 -4.27715225]
 [-5.90387041  4.22734869 -5.19589186]]
[[ 0.6288488   2.48862398  5.20611986]
 [-5.58242555 -5.54967164  4.16285849]]
[[ 0.5448069   0.91847454 -1.83901829]
 [-3.40460675 -5.68230638  5.88283533]]
[[-0.79673269  2.82942458 -4.29106159]
 [ 5.30039992 -5.98692541 -3.71380003]]
[[-1.45486918 -0.57915103  0.88010872]
 [-5.2883623   5.80505174 -4.72878155]]
[[-1.39712214 -0.81704214  1.01097106]
 [-3.8848657   5.45881628 -4.40666313]]
[[ 1.70797049 -0.52442588 -1.5245352 ]
 [-5.73888786  3.52008814 -3.36493739]]
[[ 0.21724062  1.39617921  4.54754826]
 [-3.54185611 -5.58288122  3.47014251]]
[[ 0.94986217 -4.37300654 -2.16197722]
 [-4.48882844 -4.48268317  5.631326  ]]
[[ 1.52598158 -1.50280041 -0.55599106]
 [-5.84536988 -5.46896811  4.6138608 ]]
[[-0.4554743   1.61609132  1.18029413]
 [ 4.96465504 -4.80615366 -5.65993949]]
[[ 0.33496576  1.00246277 -1.23787431]
 [-4.16471767 -5.14486782  5.0646114 ]]
[[-1.80613943  1.00456347 -5.92164673]
 [ 4.81043376 -4.19676313 -5.90999519]]
[[ 1.9997408   0.18240614  1.44030999]
 [ 5.05549508 -4.31595915 -4.60580487]]
[[ 1.31244523 -4.42861611 -1.50213315]
 [-5.05823957 -4.34550697  5.92661373]]
[[-2.74995584  2.55651025 -1.30292435]
 [-5.21530875 -5.96602856  5.07223825]]
[[-0.64363509  0.60432416  2.62979172]
 [-4.7838075   3.52585092 -5.31631967]]
[[-1.29896493 -2.11290481  2.34369083]
 [-2.18507821  4.68211344 -5.60332935]]
[[-0.03672573 -0.15125091 -0.04550851]
 [-4.41713971  5.05243147 -5.65669185]]
[[-0.01726275  4.41887607  2.07662735]
 [-4.93380472  5.48611952 -5.21554978]]
[[ 1.49303052  0.21906732  0.26457498]
 [-4.61344063 -4.26840888  3.87494108]]
[[ 1.15764282 -0.10509104  1.65387951]
 [-5.75360263 -3.28245203  5.20146204]]
[[ 0.97297929 -2.58965779 -3.85435638]
 [-5.30090114  5.7507117  -3.97832046]]
[[ 0.47585919  1.17440977  0.24635704]
 [ 3.61217909 -5.66650434 -4.35817511]]
[[-2.38733569 -1.4461787   2.75683518]
 [-4.46946142  5.44555219 -5.92342144]]
[[-1.44063599 -0.67028056 -0.17017348]
 [ 5.41954086 -3.78073112 -4.07399357]]
[[ 0.11969775  0.98006217  0.84092094]
 [-3.67969586 -5.93683763  5.18436873]]
[[ 4.95788315  0.98553372  1.67840498]
 [ 4.52232582 -5.10457502 -4.529307  ]]
[[-2.57985078 -0.82212162  1.32462238]
 [-4.03953353  4.8143291  -5.95866141]]
[[ 0.29391001 -1.9085679   0.13649269]
 [-4.56777481  5.42048045 -4.82482118]]
[[ 0.19930989 -0.21742376  0.02205133]
 [-5.10171686  4.79848372 -5.3882695 ]]
[[ 1.57416996  0.35558324  1.7464053 ]
 [-5.26750354  5.45793677 -5.72251041]]
[[ 0.70410776  1.27480358 -0.51685691]
 [-5.10808288 -5.79092489  5.45136318]]
[[-0.98962319  0.86272701 -1.34335688]
 [ 4.05807814 -5.84901726 -5.35067658]]
[[ 0.94479888  0.40619111  2.66567161]
 [-5.94697441  2.70570598 -5.96830186]]
[[-0.71216695 -2.08638313  2.0917523 ]
 [ 4.54593276 -5.97306488 -4.76905156]]
[[-2.73573281 -0.55732206  0.21715437]
 [ 4.78003297 -4.32010032 -4.85659487]]
[[-1.78013717  0.68754406  0.70989441]
 [ 5.77556156 -3.88248479 -4.30992357]]
[[-1.53383252  1.83849258 -0.30888196]
 [-5.19110782 -5.77589584  3.49908299]]
[[ 2.53851438  2.36129818  0.72266534]
 [-5.4287051   4.173815   -4.89225585]]
[[ 4.79992886  0.69283263  1.26316285]
 [ 5.42059746 -5.35612505 -4.37775029]]
[[-2.51090517  0.87307971 -2.5586683 ]
 [-3.83552433 -4.86806785  5.36010006]]
[[ 1.4877599  -1.45043194  0.58114185]
 [-5.78946075  5.20331201 -5.59116126]]
[[-0.47108518  1.67091752 -0.21504514]
 [ 3.69491942 -5.72396854 -4.40156581]]
[[ 0.7612578   1.38048787  0.29330773]
 [-5.36596442  5.68528991 -5.26826434]]
[[-0.51981495  2.15938684 -0.32678423]
 [-5.18566048 -4.88529647  5.64357454]]
[[ 0.16299253  1.16288579  0.4661654 ]
 [-5.3278143  -5.59714728  5.46398558]]
[[ 0.65866076  3.94231513  1.46660193]
 [-5.97465548  3.5649864  -4.96365251]]
[[-0.96865763 -1.03884713  0.79107831]
 [ 5.78244819 -5.69582684 -5.92824762]]
[[ 2.45788074  0.40224518  1.0057747 ]
 [-5.81168627  4.05343716 -4.19766827]]
[[ 1.28573575  5.28656339  1.61554491]
 [-5.80695775  4.84737177 -5.83618411]]
[[-0.9678601   0.54637453 -1.390239  ]
 [ 5.03417645 -4.15118957 -5.98417904]]
[[ 0.74003068  0.75678963  0.35349287]
 [-3.95235247  5.70691018 -5.38541592]]
[[ 1.23950644 -0.29443213 -0.6143873 ]
 [-5.21465691  3.13772666 -4.03292813]]
[[ 1.77977459  0.98588136  1.86137483]
 [-5.08587305 -5.38346768  5.0745375 ]]
[[-0.01591986 -0.63176119 -0.11586257]
 [-5.47615764  5.90445652 -4.66756415]]
[[-2.81552571 -4.1703219   1.00926874]
 [ 5.97454638 -3.85286849 -4.77174394]]
[[ 0.13919174 -1.57080621  2.82628924]
 [ 5.45030025 -5.31613604 -5.88450224]]
[[-1.31406564 -3.42721755  2.82131238]
 [ 4.96239449 -4.11373718 -5.86843022]]
[[ 3.45941478  1.93681716  1.45920835]
 [ 2.97037765 -5.08596358 -4.74979458]]
[[-2.82508556  0.0825737   0.32606351]
 [ 5.04284683 -5.29396913 -5.42520138]]
[[ 0.54605152  1.2228928   2.57922886]
 [-4.95655596 -4.76573538  4.21649942]]
[[-3.10362406  2.29949179 -1.82421361]
 [-5.89680175 -5.56742297  5.77004608]]
[[-0.16522031  0.70651411 -1.15266719]
 [-3.27919616 -5.77685476  4.35571215]]
[[-1.74597882 -1.16368107  1.87954715]
 [ 5.49040564 -5.88777416 -5.54370503]]
[[ 2.8016546   0.88883429 -0.54779944]
 [-5.4240704   4.80414169 -3.90401223]]
[[ 0.22256061  3.03223543  0.90554894]
 [-5.10331823  4.28152943 -5.89437907]]
[[-1.23966718 -1.61516275  0.26141316]
 [-3.21873176  5.36900188 -5.36017277]]
[[-1.09195468  1.50000877 -0.7722653 ]
 [-4.69781374 -4.62605776  5.44545224]]
[[ 2.27628838 -2.28709035 -0.66309603]
 [-5.47951859 -3.66151941  4.39640697]]
[[ 1.75460826 -3.24434092 -1.17941767]
 [-5.71107956 -4.80308955  5.45350236]]
[[ 0.38032964  0.68783436  1.55154671]
 [-4.88251288 -4.03815127  4.36232523]]
[[ 0.18056515  3.61094458  2.19892219]
 [-4.77217437  3.92845084 -5.89338049]]
[[ 5.296786    0.59997521  1.74755247]
 [ 2.18647833 -5.74822475 -5.88928864]]
[[-0.01447199  2.03159541 -0.01287628]
 [-5.63158513 -5.14013939  4.66330145]]
[[ 0.94964137  3.11412013  0.50177573]
 [-4.99787137  5.73187769 -4.46605925]]
[[ 1.44569577  1.06892256  0.36722338]
 [-5.35939214  3.29720826 -3.8544215 ]]
[[-3.15491036  0.68736721 -5.19519023]
 [ 5.58971448 -5.2669411  -5.92753274]]
[[-2.61824134 -0.24541208  2.25249011]
 [-3.64464126  4.81964784 -5.42312178]]
[[ 0.5288298  -0.69506315 -0.06279793]
 [-3.42692688  4.31758967 -4.74085408]]
[[ 1.49070244  2.2309347  -0.34227855]
 [ 3.0578285  -5.75822161 -3.7511651 ]]
[[-2.07999021 -1.24310487  1.50397311]
 [-5.79301208  5.89723206 -5.74824323]]
[[ 1.16506575  3.45536811  0.31798044]
 [-5.41351315  4.66746233 -5.72169603]]
[[ 0.10341744  0.10101159 -2.15603892]
 [-5.2706992  -4.52668608  5.42593247]]
[[ 1.70811385  0.24883397  2.83475872]
 [ 4.17031747 -5.86050621 -5.59233016]]
[[ 1.76161524  0.75065026  2.51286103]
 [-4.42317289 -5.48012149  3.56834319]]
[[ 0.90065583  0.21459433  2.08948212]
 [-5.69666448  5.60304368 -5.63781956]]
[[-1.97369897  0.40892872 -0.20325535]
 [ 5.9754343  -5.19277272 -4.67576022]]
[[-1.88140517 -4.00257494  1.3364948 ]
 [ 5.0659232  -3.34240353 -4.2834915 ]]
[[ 1.29970475 -1.69655914 -0.81290755]
 [-5.11713295 -4.7866284   3.97716791]]
[[ 0.48710668 -0.64634857  0.53479728]
 [-4.59707931  2.66703726 -4.69239362]]
[[-0.69870586  1.64339245  1.33496397]
 [ 5.77178839 -5.82622198 -5.83381724]]
[[ 1.8587915   0.34835187  4.71885017]
 [-5.82708782 -5.95094546  3.2663011 ]]
[[ 1.22822026 -1.48935374 -3.33798537]
 [-5.11201433  3.6013833  -4.60483901]]
[[-0.92295385 -0.13110255  0.91381985]
 [-4.57109526  4.83924556 -5.78977683]]
[[-4.60581193  2.26923493 -1.54927885]
 [-3.3913972  -5.49026047  5.71725505]]
[[ 2.65500828 -0.52223257 -1.00165143]
 [-5.43875751 -4.80703565  4.09215662]]
[[ 0.5633509   1.10800942  0.60260823]
 [ 4.23323258 -5.93571392 -4.447321  ]]
[[-1.29289441  1.49993571 -3.31228286]
 [ 3.59081892 -5.27458347 -3.6061951 ]]
[[-0.1330645   2.01582014  3.89717146]
 [-4.04697941 -5.31535042  4.86427905]]
[[-1.56757137 -1.67984768  0.64795208]
 [ 4.22098885 -3.90573054 -5.02861287]]
[[-1.75138282  0.07289806  0.01081536]
 [ 5.22523193 -5.66769183 -5.98101226]]
[[-0.77255986 -3.22897982  2.56595729]
 [ 3.92329579 -3.94978023 -5.9424676 ]]
[[-0.58170497  0.34415433  1.65193441]
 [-5.68397328  4.28341958 -4.84846071]]
[[ 0.83461228 -3.96315659 -2.19326498]
 [-4.73407029 -3.44675328  5.30405047]]
[[ 0.13915463  2.23189137 -0.93327774]
 [ 3.82901945 -5.89091951 -5.38696011]]
[[-1.42175957  2.55228084 -1.21596199]
 [ 5.54762295 -5.81412941 -5.27008528]]
[[ 1.13230883  2.82444306  1.85483496]
 [-5.11592164  4.11727721 -4.26681357]]
