[[ 1.45744472  0.88745857  1.49184123]
 [-4.63330902 -3.93879876  4.03799454]]
[[ 1.39659248 -0.1890432   0.76388919]
 [-5.87437511 -4.85885504  5.89784627]]
[[ 0.35309475  1.7949572   2.61575944]
 [-5.08067552 -5.98754643  3.69618193]]
[[ 0.41051875  0.17202429  0.96367063]
 [-3.60437706  3.47223116 -5.57746999]]
[[ 1.28131078 -0.32107518  2.27898944]
 [ 2.79153802 -4.99249007 -4.88705223]]
[[-3.55518833 -1.89279722  1.10115702]
 [-3.13131514  4.94888444 -5.58950833]]
[[ 1.6212572   1.98932624  0.23265038]
 [-5.21397778  4.39222474 -3.43550034]]
[[ 0.92323534  2.11030484  1.4855948 ]
 [-4.96649345  5.79131766 -4.67390877]]
[[ 0.59607076  2.18111556  5.4601144 ]
 [-4.19427269 -5.83899235  2.29349741]]
[[ 5.88716358  0.31491535  1.47496384]
 [ 4.58707163 -5.46849936 -5.21287807]]
[[ 1.48071107  1.11845772  2.90296043]
 [-4.48723229 -5.88524124  2.23743794]]
[[ 0.23461633 -0.15151978  0.04170622]
 [-4.54837878 -3.94566782  3.38049937]]
[[ 0.57866803 -1.87987504  0.7670116 ]
 [-5.97229749  4.12442167 -5.72232207]]
[[ 1.16530641  0.31293651  2.00387975]
 [ 2.19266306 -4.35421877 -5.48328334]]
[[ 0.12321591  0.04744839  1.02787412]
 [ 3.52635889 -5.02021112 -5.99749521]]
[[ 0.31362709  2.60220413  2.31494474]
 [ 5.06687574 -5.83022417 -5.99450121]]
[[-1.8923422   1.13073513 -0.90967328]
 [-2.78039518 -5.0834905   3.41868022]]
[[-1.87654581  1.0477544  -1.65813038]
 [-5.03769539 -5.78926463  5.17339013]]
[[-1.14281085  1.97901786 -4.82761079]
 [ 4.95227788 -5.74231903 -3.90839514]]
[[ 1.8805083  -0.27689084 -0.43635658]
 [-5.70495265 -5.60586472  3.38085542]]
[[ 0.50443399  2.68498215  1.34350618]
 [-4.62929628  3.90954548 -4.74788458]]
[[-1.38966474  1.77716588 -0.85001185]
 [-4.55041215 -5.5154118   4.25460989]]
[[-1.23199931  0.61318878  1.08821117]
 [ 5.64764404 -4.40886415 -5.96448301]]
[[-0.43022399 -2.21151101 -0.07739754]
 [-4.55354668  5.77571965 -2.10068921]]
[[-2.05351111  0.86741437 -2.32036771]
 [-4.26010788 -4.18967108  4.80013768]]
[[ 0.56712531  0.01118358 -0.70178236]
 [-5.53843138 -5.9130777   5.1952717 ]]
[[ 2.22714721  2.25805333  0.16603261]
 [ 3.47357461 -5.25156196 -3.97496585]]
[[-4.98094814 -2.48487445  2.71235427]
 [-4.17871292  5.34768963 -5.90328523]]
[[-0.70630028  1.57269231  0.44271567]
 [ 5.04823668 -5.64753175 -5.12401354]]
[[ 0.61058173 -0.2812831   1.77537183]
 [ 5.62455391 -5.26362362 -5.56798107]]
[[ 3.1997541   2.05835786  0.48169211]
 [ 5.64470531 -5.60703279 -5.89140692]]
[[-5.58308652 -2.46362946  1.11736028]
 [-5.09200827  5.76342207 -4.7049462 ]]
[[ 5.72242686  0.20200394  1.69852089]
 [ 4.82420369 -5.56972039 -4.24417891]]
[[ 0.57823779  1.44143034  1.56198784]
 [-5.84488024  3.66435581 -5.61886836]]
[[-0.75301492  0.07197237  1.26333292]
 [-5.45229281  5.95203775 -5.79407474]]
[[-1.56483018 -2.05624107  0.71137111]
 [ 4.19235945 -2.60314684 -4.32293282]]
[[-4.01078117  3.23539112 -0.39527465]
 [-3.62274833 -5.91308237  4.90452008]]
[[ 2.6952589   4.27950296  2.42808484]
 [-5.61941332  5.27053563 -5.853727  ]]
[[ 1.12443287  1.30613679  0.22321243]
 [ 2.58307423 -5.92197081 -4.59046079]]
[[ 2.04837997  1.04356146  1.49535953]
 [-5.50528196 -4.66881801  5.17457965]]
[[ 1.4383439  -0.25414574 -2.02007257]
 [-5.09928238 -3.34860063  5.99299585]]
[[-0.70784186 -2.32879721  1.9882923 ]
 [ 5.9329433  -4.3481929  -5.89525083]]
[[-1.58770844  0.74797253 -0.90256671]
 [-5.89764148 -4.61363098  4.64072705]]
[[ 1.24562097 -3.36243238 -2.76803925]
 [-5.59125341 -5.08681272  5.58899356]]
[[ 1.28252005  0.45408438  3.53457397]
 [-5.64224517 -5.62539136  3.98975215]]
[[-0.68436273  1.38159907 -1.38150491]
 [-5.0063676  -4.55111021  5.5741093 ]]
[[ 0.19235694  1.21600735 -1.02159408]
 [ 5.73662865 -5.43760459 -3.26227097]]
[[-4.86393472 -1.32193418  3.18911243]
 [-2.93140852  5.95924718 -5.31417386]]
[[-0.72110459 -0.73557786  0.22271969]
 [ 4.98558039 -5.24438527 -5.38755046]]
[[-2.28896052 -0.10372715  0.43078878]
 [ 4.77133749 -5.98401001 -3.9901219 ]]
[[ 1.54230389  2.25344075  3.94236526]
 [-4.99200867 -5.64029009  3.44276396]]
[[-0.32576435 -0.06086879  0.05162988]
 [ 4.3845963  -3.08618677 -4.25753085]]
[[ 0.09493631  2.62311087 -0.99856356]
 [ 4.60525085 -5.09877673 -5.61351169]]
[[ 2.29034989  0.14201848  0.12613658]
 [-5.26153466  5.13469105 -4.30825166]]
[[-0.48079594 -1.17638495  0.23989555]
 [-5.96269545  5.03611546 -4.10573933]]
[[-0.55798272 -1.67006912  1.49670539]
 [-4.58955794  5.15028361 -5.94085504]]
[[ 0.89404722  4.54848634  1.42262222]
 [-5.05111597  3.62694017 -5.63165304]]
[[ 1.69163255 -2.20956946 -4.4172428 ]
 [-4.77593625  4.99477925 -4.51103203]]
[[ 0.09881636  1.69509791  0.53092739]
 [-5.9517645  -5.55071613  2.49631357]]
[[-0.40104831 -0.43013471 -1.76502776]
 [-4.30380064 -3.86863432  4.57148453]]
[[ 0.11327756  1.30429115  1.27093198]
 [-5.95123767  3.65520729 -4.27613638]]
[[-1.98535056 -0.95382358  1.2734183 ]
 [-3.92104844  3.57870805 -4.64782735]]
[[-4.06372416  1.47178286 -1.70112824]
 [-4.46342509 -5.13329947  5.48351958]]
[[ 0.09005534 -0.14744154  1.54951865]
 [-4.74298396  4.1329502  -5.69824575]]
[[-0.84468747  0.17580971  0.88995666]
 [ 4.91496089 -4.95420399 -5.28946789]]
[[-2.45982038 -2.00869418  0.85703688]
 [-5.53232723  5.961831   -5.30070818]]
[[ 1.21549068 -0.25670416  2.73672076]
 [ 2.81421837 -3.62026727 -5.12548428]]
[[-0.50445998  1.45920506  0.99777674]
 [-3.90971742 -5.85379931  3.31940908]]
[[ 0.49305231 -1.1259582   2.61941431]
 [ 4.9670989  -5.01480023 -5.83309596]]
[[-1.76596196 -0.65333115  2.43333014]
 [-5.29934051  4.86749828 -5.99877569]]
[[ 2.39201748 -0.63570162 -5.42882033]
 [-5.60270784  4.6181214  -5.4514957 ]]
[[ 1.2832591  -0.72127069 -1.02303577]
 [-5.00276752  3.14179708 -3.53284507]]
[[ 2.02318357  0.00506869 -0.67980268]
 [-4.96617234 -4.09423853  4.4122344 ]]
[[ 2.22409863  0.20158665  1.46756235]
 [-5.62590887 -4.71206403  3.01882175]]
[[ 1.05034777  2.62262397  0.62689063]
 [-5.46321926 -5.98947158  5.71887361]]
[[ 0.6097968  -1.5891345  -0.86633833]
 [-4.53733023  5.86123139 -3.92044825]]
[[ 1.50112954  0.88092202  0.49988965]
 [-5.28421753 -5.55802364  5.8993614 ]]
[[ 1.86981687  0.12623899 -2.82875426]
 [-4.8931502  -5.86874651  5.60286723]]
[[-3.25592009  0.29927913  1.40879619]
 [ 5.39713773 -5.77610234 -5.78182066]]
[[-4.20112237 -0.9231785   2.85233215]
 [-5.36935216  5.01523563 -5.89821089]]
[[ 2.9709885   0.54525832 -0.88043568]
 [-5.13649619 -5.10999094  5.9390627 ]]
[[-1.41084295  1.4083207  -0.17286012]
 [-5.88873637 -3.70191601  4.68538058]]
[[ 1.28458603  0.58230337 -0.34222514]
 [-5.9938588  -4.78041398  5.349316  ]]
[[ 3.36328915  2.01554988  0.89795229]
 [ 4.42095554 -5.75789514 -3.55356311]]
[[-3.21862784 -4.54312954  1.26494157]
 [ 5.60136981 -5.94551329 -4.31788918]]
[[ 3.92500406  1.89272385  1.07031353]
 [ 3.04452669 -5.98244926 -5.77476088]]
[[ 0.74273254  1.99944323 -1.99356788]
 [-5.88899081 -4.43478791  5.32589484]]
[[ 0.73815528  0.90248905 -1.16641071]
 [-4.7440165  -3.95840241  4.26980657]]
[[ 0.39521489  0.25181879  0.47408512]
 [-5.84685301 -3.75101215  5.75023578]]
[[ 1.21828701  0.16311862  2.59857978]
 [-5.23896281 -3.39687054  2.71384006]]
[[-0.26767539  2.59283246  0.81194576]
 [-4.43101411 -5.3459566   4.8099695 ]]
[[ 0.29993327  0.89177234  0.79638784]
 [-4.12405326  5.25652305 -3.84694059]]
[[ 0.32465507 -0.13182286 -0.16648365]
 [-5.64884587  3.783186   -4.82317867]]
[[ 1.18659945  1.00452239 -1.15212236]
 [-4.99915671 -4.08771501  5.02387876]]
[[-1.86667714  1.70158859 -0.67518713]
 [-5.99734332 -5.46064964  5.0291886 ]]
[[ 2.23646098  0.28910393  2.93526692]
 [-5.51682338 -3.50349756  3.13135552]]
[[-3.2678482   1.08028954 -1.65439822]
 [-5.35053063 -5.3716423   5.52150575]]
[[-0.67811764  0.39673744 -0.35266977]
 [-5.74851232 -4.98442424  4.87796027]]
[[-4.0470237  -1.10189437  1.86816622]
 [-2.75323803  3.84293803 -5.27129075]]
[[-0.42013627  2.17629276  2.95859306]
 [-5.46212614  2.76092026 -5.64047763]]
[[ 0.18871963  1.79725901 -0.09605847]
 [ 3.6578829  -5.84894552 -4.44423411]]
[[ 1.42504846 -0.79685082 -0.4477648 ]
 [-5.73010088 -5.01818094  5.10872879]]
[[-4.74785214 -1.07249173  2.51658079]
 [-5.62264791  4.51920196 -5.84514083]]
[[ 1.37932713  0.5742002   5.94473972]
 [-5.67324979 -5.18092306  4.67549869]]
[[ 2.10561251  2.83019277  0.44877485]
 [-5.74689691  4.303337   -5.78139694]]
[[ 1.59338671 -1.32819004 -4.9676013 ]
 [-5.03115728  4.21776371 -4.30372294]]
[[ 1.86725932  1.41817889  4.23881026]
 [-4.85011304 -4.39446053  3.94977114]]
[[ 5.46300306  0.37344114  1.66390358]
 [ 5.60548388 -4.67791849 -4.86262893]]
[[ 0.34308932 -2.08360097 -2.06360772]
 [-4.98163448  5.88838923 -4.68999455]]
[[ 0.88188557  0.25499625  0.6282003 ]
 [ 5.8361107  -4.49976996 -5.15637589]]
[[ 0.77510877 -2.20264265 -2.21805112]
 [-4.16342972  5.03695272 -3.83923374]]
[[ 0.2437975   2.46185441  1.69450193]
 [-5.20531796  3.43431606 -5.85495738]]
[[-0.96587793 -2.96072316  1.37849805]
 [ 4.28249045 -3.83822088 -5.15252107]]
[[ 1.92471239 -4.51202736 -0.73072107]
 [-5.20222655 -2.47758159  5.79132078]]
[[-2.06948633  1.16144045 -1.12122504]
 [-4.039767   -5.34430418  3.68620907]]
[[-0.01950939  5.10780511  3.2647703 ]
 [-4.90418364  4.88898259 -5.61951994]]
[[-0.8152318   1.63258279 -1.86739901]
 [-4.44323505 -4.51028162  5.56739173]]
[[ 0.99362991  3.65883977  0.76185854]
 [-4.79904393  5.7400848  -4.44194578]]
[[-0.69097576 -5.901031    2.06970414]
 [ 5.28534454 -5.99385966 -5.67714195]]
[[-1.35555244 -5.49311143  2.807244  ]
 [ 4.70770923 -3.98159667 -5.85728592]]
[[ 0.57664975  2.37600913 -0.83958975]
 [ 4.91811681 -5.25485554 -3.45923512]]
[[ 0.47416038  0.71176826  1.51872761]
 [-4.38646396  4.18540881 -4.96843721]]
[[ 0.87668103 -1.99518455 -0.78914145]
 [-4.8032647   5.95418921 -2.69994562]]
[[ 2.70062382  3.62718331  0.42610953]
 [-5.03866029  4.94022638 -5.46548447]]
[[ 1.73859365 -2.85763255 -5.8747778 ]
 [-5.80332908  5.55581423 -4.59257775]]
[[ 2.47112571 -0.51300152 -5.28757868]
 [-5.69021755  3.53205643 -5.4574675 ]]
[[ 0.12010283  0.09776343 -0.09287742]
 [-5.52090545 -5.6429246   2.33411583]]
[[-0.69923549 -1.67734122 -0.30692819]
 [-3.19499341  5.48665385 -5.14635004]]
[[-0.5243646   0.58241984 -0.68133847]
 [ 5.18684294 -5.44936772 -4.36861809]]
[[ 2.15037751  0.54670097  1.0482532 ]
 [ 4.32643753 -5.78755011 -5.93645728]]
[[ 1.62293053 -0.94742317  0.25531957]
 [-4.91345977  4.40946611 -5.22022163]]
[[-1.73908508 -3.04407811  1.78202604]
 [ 5.11950257 -3.99327752 -5.82985486]]
[[ 1.2286744   1.56864385  0.17047456]
 [-4.71375247  4.65419925 -3.66512989]]
[[-1.41842436 -0.600464    2.88602707]
 [-4.68809449  4.71212387 -5.62320276]]
[[ 0.36916607  0.78962427  0.59957041]
 [-3.90084431  2.85630663 -5.92082113]]
[[-2.44553396 -3.0017905   0.58409883]
 [ 5.91355523 -5.72603008 -5.04241909]]
[[-0.37404657  0.377447   -0.22565317]
 [-3.82170437 -5.63701402  3.94800478]]
[[ 0.85651984  1.58529351  0.92241014]
 [-4.88725476  4.9033466  -5.46096841]]
[[ 0.63943281 -0.73498237 -0.99546886]
 [-5.34482738 -3.02532054  4.29925638]]
[[ 0.8147649   0.45505324  2.40826082]
 [-5.8884953  -5.82363436  5.34886094]]
[[-0.93984578  1.14078478 -0.28889428]
 [ 5.76771942 -4.94281681 -3.60922664]]
[[ 0.40881674 -0.93255881  0.92684489]
 [-5.95632732  3.96108553 -4.12664967]]
[[-1.50490476 -3.41449336  2.10856009]
 [ 5.83550304 -5.30869265 -5.74443049]]
[[ 2.32907822  0.35992383  1.25921028]
 [ 4.51398954 -5.46538117 -4.21450074]]
[[ 0.2226944   0.43410569  0.22192336]
 [-4.81039385  4.57641183 -3.68188082]]
[[-2.07198446 -2.69810327  1.74327088]
 [-3.24294428  5.81215454 -4.91526939]]
[[-1.27890656  3.31271785 -1.70919752]
 [-4.0682132  -5.72615143  5.90725335]]
[[ 0.38066465  1.71113537  1.03806969]
 [-5.16606488 -5.98375664  2.93249431]]
[[ 1.12384568 -0.22788378 -1.23959993]
 [-4.73840022  5.54659832 -3.91389016]]
