[[ 4.20427869 -5.9684158  -5.91851016]]
[[ 4.23872902 -5.71670745 -5.93468568]]
[[-5.91921971 -5.92913225  4.25072444]]
[[ 4.23134762 -5.83873709 -5.84421481]]
[[ 4.38573826 -5.8476648  -5.97965569]]
[[ 4.08884873 -5.70797635 -5.89969664]]
[[ 4.11841398 -5.89593069 -5.96154297]]
[[-5.97818689  4.13455326 -5.78535259]]
[[ 4.34457635 -5.97626179 -5.89588312]]
[[-5.810875    4.0099642  -5.93581048]]
[[ 4.02734715 -5.7129567  -5.99036438]]
[[-5.83897209 -5.75732053  4.11382321]]
[[ 4.17466301 -5.79521773 -5.88369204]]
[[-5.94280449 -5.6749055   4.01339296]]
[[-5.99795846 -5.87510864  4.3782955 ]]
[[-5.83164482  4.20141702 -5.86285208]]
[[ 4.14713952 -5.86274525 -5.77579442]]
[[-5.99560939  4.45073333 -5.9871086 ]]
[[-5.91452346  4.16072989 -5.6902572 ]]
[[-5.99701844  4.04982276 -5.82645079]]
[[-5.98276714  4.2575913  -5.81540748]]
[[-5.94621841 -5.88382278  4.3357654 ]]
[[-5.47233085  3.83456751 -5.83860774]]
[[-5.98948318  4.09221665 -5.79557825]]
[[-5.94997823  4.4023012  -5.88146851]]
[[-5.8247067   4.15260274 -5.77501704]]
[[-5.82383711  4.11365986 -5.91555811]]
[[ 4.07757761 -5.8306951  -5.9963897 ]]
[[ 4.05464235 -5.78494096 -5.72546487]]
[[-5.83449288  4.15850784 -5.95639362]]
[[-5.99869406 -5.9486824   4.53061395]]
[[-5.88945563  4.38291944 -5.95190618]]
[[ 4.2583571 -5.9927213 -5.8193026]]
[[-5.74541855  3.96052644 -5.64656409]]
[[ 4.08992416 -5.65721243 -5.99332512]]
[[-5.87202088  4.36267323 -5.92586283]]
[[ 4.11585343 -5.7533641  -5.96457143]]
[[-5.98313452 -5.93821855  4.42829313]]
[[ 4.08966856 -5.96430326 -5.81155671]]
[[-5.83292805 -5.9766283   4.2885162 ]]
[[-5.75185084  4.295821   -5.96682075]]
[[-5.82710185  4.19214904 -5.9183444 ]]
[[-5.97596524 -5.87588536  4.15583358]]
[[ 4.3666832  -5.90302832 -5.98134394]]
[[ 4.06244661 -5.9911996  -5.59955639]]
[[-5.58196042 -5.92779431  4.01353827]]
[[-5.93202422 -5.81418192  4.03033964]]
[[-5.93574299 -5.85706175  4.2436181 ]]
[[ 4.03332911 -5.6872963  -5.99572189]]
[[ 4.27739746 -5.81148724 -5.89037338]]
[[-5.64136066  4.13100543 -5.95184284]]
[[-5.87086953  4.34777878 -5.91506627]]
[[-5.89136103 -5.85473167  4.11585566]]
[[-5.94917099 -5.88832195  4.15301222]]
[[ 4.23731305 -5.72363651 -5.93861902]]
[[-5.78354952  4.05598702 -5.89254619]]
[[-5.67342779  4.05417252 -5.9940607 ]]
[[-5.65885212  4.08392011 -5.8438086 ]]
[[-5.55427751 -5.90239384  4.04458506]]
[[-5.67665947 -5.96036292  4.00079451]]
[[-5.81086475 -5.84182103  3.95124331]]
[[ 4.11882207 -5.94796774 -5.95505498]]
[[-5.892562   -5.99973756  4.15702132]]
[[ 4.24757404 -5.8867569  -5.86749435]]
[[ 4.29669442 -5.98970223 -5.80395098]]
[[-5.81323436 -5.92385248  4.06287093]]
[[-5.89597743 -5.8907816   4.30167108]]
[[-5.8668615   4.17035482 -5.77935759]]
[[-5.98652408  4.42734755 -5.92746027]]
[[-5.66779469  4.02831826 -5.91823952]]
[[-5.94987323  4.01082332 -5.47301964]]
[[-5.94613901 -5.96297695  4.26230152]]
[[-5.87136262 -5.9887719   4.07898703]]
[[-5.99756083  4.28870965 -5.88082678]]
[[ 4.20772293 -5.92609485 -5.84324373]]
[[-5.71273213  4.04178635 -5.97471953]]
[[ 4.02383286 -5.88647235 -5.75030578]]
[[-5.78659187 -5.79401611  4.1022461 ]]
[[ 4.25839546 -5.99593493 -5.72339797]]
[[-5.50628589  3.98187027 -5.95614427]]
[[-5.76395083  4.1996677  -5.90535552]]
[[-5.89735705  4.19944755 -5.97151863]]
[[-5.86402006  4.00838972 -5.85593702]]
[[-5.9975492  -5.91879814  4.339008  ]]
[[ 4.4921836  -5.97084651 -5.97306076]]
[[-5.83105917  4.37839503 -5.9854513 ]]
[[ 4.18541151 -5.91570496 -5.76548499]]
[[ 4.34792511 -5.88759422 -5.99793044]]
[[ 4.17459804 -5.60703041 -5.98272794]]
[[-5.82393439 -5.9671011   4.35595636]]
[[-5.88662818  4.39895559 -5.92791161]]
[[ 4.07416825 -5.55767774 -5.95019458]]
[[-5.82443059 -5.92751865  4.16530759]]
[[-5.85834949  4.03602974 -5.98107812]]
[[ 4.03280006 -5.52960114 -5.97855079]]
[[-5.76514274  4.10282152 -5.815737  ]]
[[-5.82598711 -5.93500857  4.30406927]]
[[-5.97618802 -5.2975091   3.8584635 ]]
[[-5.85853909  3.9792725  -5.5384803 ]]
[[ 4.00460737 -5.51641764 -5.93629932]]
[[-5.72042167  4.29828351 -5.98969626]]
[[-5.8980278   4.10519325 -5.7861222 ]]
[[ 4.15986189 -5.99244279 -5.85276407]]
[[-5.61018082  4.00972265 -5.84846811]]
[[-5.793734    4.22858598 -5.85730585]]
[[-5.99280513 -5.79563942  4.20596818]]
[[-5.861752    3.81320593 -5.499058  ]]
[[ 4.05637992 -5.728729   -5.93842574]]
[[ 4.13676935 -5.852471   -5.87595476]]
[[ 4.18338459 -5.82181633 -5.88160713]]
[[ 4.26455825 -5.84041502 -5.84886359]]
[[ 4.27471932 -5.94358708 -5.77346656]]
[[-5.62550083 -5.87809291  4.01200908]]
[[-5.90637746 -5.84875008  4.1650921 ]]
[[-5.94822343 -5.64512651  4.16190888]]
[[ 3.97115322 -5.71368919 -5.99263261]]
[[-5.99031969  4.38135407 -5.97137742]]
[[-5.74832525  3.87058684 -5.93305208]]
[[-5.88784258  4.21895365 -5.94068205]]
[[-5.86392493 -5.78917035  4.01090542]]
[[-5.76823758 -5.98017147  4.26797578]]
[[-5.8750407  -5.94862288  3.92985986]]
[[-5.79173765 -5.80103694  4.10858267]]
[[-5.94698577  4.16913013 -5.87355557]]
[[ 4.30854118 -5.74363919 -5.98070621]]
[[-5.80919411 -5.89910803  4.04101796]]
[[-5.54181942  3.97734235 -5.89326937]]
[[-5.88316344  4.24185919 -5.78884288]]
[[ 4.31370354 -5.85011996 -5.9890561 ]]
[[-5.70768742  4.16160029 -5.90214283]]
[[-5.86013503  4.26806842 -5.93069645]]
[[ 4.28945376 -5.94134242 -5.86019898]]
[[-5.83052578  3.8672921  -5.73310414]]
[[-5.44576088  3.88562304 -5.93409296]]
[[-5.90899279 -5.93135956  4.31468397]]
[[ 4.09522687 -5.75774955 -5.86858532]]
[[-5.9431809  -5.8038756   4.22906303]]
[[-5.93514069  3.98034847 -5.89997233]]
[[ 4.11662297 -5.92206763 -5.78624358]]
[[ 4.1860176  -5.79329337 -5.9750432 ]]
[[-5.88406862 -5.86851444  4.18897282]]
[[-5.97260151  4.43205067 -5.8942829 ]]
[[ 4.18976298 -5.79089465 -5.92936675]]
[[-5.69356336 -5.92540949  4.03158863]]
[[-5.90176154  4.30168681 -5.91103075]]
[[-5.93077994  3.86521882 -5.79999732]]
[[-5.88232672 -5.95722351  4.2526485 ]]
[[-5.84917711 -5.97424335  4.36862983]]
[[ 3.97365874 -5.70632066 -5.68529809]]
[[ 4.27210385 -5.79280245 -5.91240633]]
[[-5.93482709 -5.83132538  4.04708686]]
[[ 4.2607723  -5.68353996 -5.99219356]]
[[ 3.881581   -5.97030207 -5.82603266]]
[[ 4.08721973 -5.95181227 -5.73770973]]
[[-5.90381093  4.03114534 -5.73406011]]
[[-5.91749101 -5.67461302  4.1633465 ]]
[[ 4.044152   -5.94312252 -5.64966661]]
[[ 4.29040295 -5.91743032 -5.90651874]]
[[-5.93490944  4.40940996 -5.90510584]]
