[[-5.94361179  4.41529639 -5.89088787]]
[[ 4.09593444 -5.95085636 -5.63631478]]
[[-5.5648887  -5.83677895  3.97434706]]
[[-5.88745045  4.36810059 -5.99697618]]
[[-5.88208289  4.29008369 -5.82133821]]
[[-5.87326061  4.24339232 -5.78460584]]
[[-5.87135259 -5.9555872   4.06734806]]
[[-5.78884737  4.20770634 -5.95504707]]
[[-5.87810865 -5.95560828  4.271672  ]]
[[ 3.95721508 -5.71632721 -5.7467939 ]]
[[-5.63192099  3.89895609 -5.75886936]]
[[ 4.33557345 -5.93949084 -5.81291905]]
[[-5.74167956 -5.96889471  4.15884394]]
[[-5.96898734 -5.86159664  4.26648284]]
[[ 4.00909854 -5.93597951 -5.98118355]]
[[-5.73693543  4.07930437 -5.76418785]]
[[-5.97881607  4.22163917 -5.74806499]]
[[-5.97054383  4.33091768 -5.99852961]]
[[-5.84015986 -5.99612097  4.12753778]]
[[-5.96862139  4.1554007  -5.79082635]]
[[ 3.9690823  -5.90950705 -5.86572191]]
[[-5.91660548  4.08202179 -5.76600777]]
[[-5.95804996  4.37325896 -5.87186165]]
[[ 4.1412069  -5.79747894 -5.86844737]]
[[ 4.11712917 -5.94551567 -5.94616909]]
[[-5.72018116 -5.91407605  3.99166195]]
[[-5.81427126 -5.84372332  4.07788553]]
[[-5.92449398 -5.78188443  4.28184684]]
[[ 4.19853549 -5.95792792 -5.80723957]]
[[ 4.25355835 -5.97818142 -5.82230432]]
[[ 4.38163568 -5.98143842 -5.98910767]]
[[-5.8914165  -5.71702533  4.14450269]]
[[ 4.02559909 -5.91695148 -5.93510075]]
[[-5.85231356  4.06973181 -5.67287282]]
[[-5.98021661 -5.76498282  4.32400511]]
[[-5.94011213  4.27160808 -5.95011829]]
[[-5.75656415  4.04218889 -5.93305315]]
[[-5.90946993 -5.92162912  4.3957678 ]]
[[-5.91719386 -5.79858651  4.18320045]]
[[-5.81328117  4.19509008 -5.96160658]]
[[-5.83417378 -5.75655569  4.108048  ]]
[[ 4.13988316 -5.96305432 -5.77325684]]
[[-5.96170877  4.04335299 -5.61400703]]
[[ 4.12094219 -5.98734678 -5.69233146]]
[[-5.82813349 -5.91782388  4.17226185]]
[[ 4.26006795 -5.92679959 -5.98191764]]
[[ 4.24919793 -5.90759993 -5.99730731]]
[[-5.98263867  4.0562222  -5.9653746 ]]
[[-5.72982105  3.9833777  -5.92799577]]
[[ 4.23408385 -5.91717343 -5.73214216]]
[[ 4.37019199 -5.94040662 -5.90313108]]
[[ 4.08084643 -5.99598285 -5.91122245]]
[[-5.98695595  4.23353997 -5.68431124]]
[[ 4.24503808 -5.67525943 -5.99168481]]
[[-5.8503304  -5.89081441  4.30263095]]
[[-5.8564325   3.93103828 -5.55620721]]
[[-5.84956381 -5.89548211  4.30222866]]
[[-5.81275937 -5.56922316  3.91593203]]
[[-5.89778587 -5.55652192  3.94758507]]
[[-5.66218303  4.04012228 -5.93235684]]
[[-5.9154721   4.08521647 -5.86092752]]
[[-5.95341639 -5.92421884  4.45201066]]
[[ 4.04271714 -5.68095501 -5.91028788]]
[[-5.94694283 -5.73581232  4.16832833]]
[[-5.70691356 -5.9006092   4.05606329]]
[[-5.9505043  -5.87468416  4.21585047]]
[[-5.80550892  3.95221317 -5.86514408]]
[[-5.73830886  4.18979631 -5.97760303]]
[[-5.64769681 -5.97766609  4.02764819]]
[[-5.89255628  4.3409512  -5.87780512]]
[[-5.86223174  4.22081352 -5.80608722]]
[[ 4.0818055  -5.73368295 -5.83800704]]
[[-5.9263347   4.37064446 -5.96541001]]
[[-5.74154427  3.97298524 -5.88518791]]
[[-5.65603249 -5.84995598  3.92926752]]
[[ 4.23897648 -5.85197335 -5.8323207 ]]
[[ 3.99472713 -5.88289191 -5.75065506]]
[[ 4.12245271 -5.77615717 -5.85178626]]
[[-5.99222143 -5.96466659  4.37762476]]
[[-5.92936099 -5.9636127   4.42192186]]
[[ 4.27092198 -5.8536361  -5.97536595]]
[[-5.7217191   3.96605582 -5.71543831]]
[[-5.87896248 -5.61838428  3.97100159]]
[[-5.95926509 -5.98347878  4.44021214]]
[[-5.91551605 -5.71221479  4.15406712]]
[[ 3.99620258 -5.98934334 -5.67847063]]
[[-5.73973224  4.23424191 -5.92900518]]
[[ 4.21101707 -5.99720646 -5.93093362]]
[[-5.88503432  4.25353248 -5.89860282]]
[[ 3.97376461 -5.49857523 -5.981652  ]]
[[ 4.18862358 -5.94172361 -5.85824976]]
[[-5.88276488  4.33208188 -5.89612882]]
[[-5.83365842  4.04691666 -5.81457683]]
[[-5.86136213 -5.96791142  4.11639718]]
[[ 4.02189215 -5.49014594 -5.98812844]]
[[ 4.14888902 -5.96180478 -5.60880425]]
[[-5.80117846  4.1553562  -5.96763824]]
[[ 4.14104012 -5.85007553 -5.88125105]]
[[-5.86485555 -5.90779575  4.07074765]]
[[ 4.21504242 -5.65720277 -5.99428107]]
[[-5.87138087  4.35151092 -5.91663608]]
[[-5.83843872  4.11051786 -5.71708653]]
[[-5.69850481 -5.68923621  3.96541306]]
[[ 4.04054825 -5.90544987 -5.98888708]]
[[-5.89061537  4.02678419 -5.8585045 ]]
[[-5.95515521  4.15852795 -5.9705761 ]]
[[ 3.95560091 -5.9622872  -5.75201818]]
[[ 4.19688437 -5.8906837  -5.79266568]]
[[ 4.11715054 -5.96501658 -5.72804806]]
[[-5.97146308 -5.86315956  4.41214479]]
[[-5.86403193  4.07592491 -5.8542547 ]]
[[-5.85795777  4.21378909 -5.99078508]]
[[-5.88162565 -5.71097379  4.05194357]]
[[ 4.05887867 -5.66346041 -5.9929809 ]]
[[ 4.04921845 -5.9827912  -5.91681544]]
[[-5.75646825 -5.99949544  4.10219513]]
[[ 4.22162042 -5.79668257 -5.87375661]]
[[-5.5903207   4.08674424 -5.98167018]]
[[-5.80167752  4.18484551 -5.80482002]]
[[-5.6988351  -5.81606197  4.04241367]]
[[-5.83172839 -5.97723876  4.39441738]]
[[ 4.33575103 -5.99547859 -5.81780046]]
[[-5.8944744   4.01093733 -5.89395845]]
[[ 3.99704228 -5.87426826 -5.90621813]]
[[ 4.32172188 -5.92005549 -5.98959696]]
[[ 4.22511133 -5.91626139 -5.90652479]]
[[-5.6732934  -5.91001664  3.96828554]]
[[-5.99896286 -5.45303068  3.986888  ]]
[[-5.97922713  4.08360283 -5.72457184]]
[[-5.85660626  4.26829248 -5.97681523]]
[[-5.98333772  4.44060407 -5.9764949 ]]
[[ 4.00530392 -5.69289221 -5.9949187 ]]
[[-5.72483628 -5.96527471  4.22999725]]
[[-5.74324227 -5.8051468   4.12380144]]
[[-5.75682552 -5.98750669  4.27930429]]
[[ 4.32666524 -5.98326152 -5.86888459]]
[[-5.89843628 -5.93630169  3.8509291 ]]
[[-5.85347814 -5.83814395  4.21055821]]
[[ 4.23221775 -5.98717672 -5.73571676]]
[[-5.95067625  4.16304693 -5.68746535]]
[[-5.72711286  3.98905127 -5.77135521]]
[[-5.85399829  4.20381218 -5.92874898]]
[[ 4.19825327 -5.85388318 -5.95968041]]
[[-5.91427127  4.1631525  -5.66202341]]
[[ 4.28923217 -5.79689907 -5.98274007]]
[[-5.73505654  4.06079058 -5.9369254 ]]
[[-5.95711086 -5.91108944  4.4324994 ]]
[[ 4.15110233 -5.78951631 -5.90816766]]
[[-5.9244159   4.22929618 -5.95157919]]
[[-5.85236107  4.19440234 -5.88723619]]
[[-5.92967291 -5.84271494  4.0017814 ]]
[[ 4.31740167 -5.94698626 -5.85784274]]
[[ 4.26940413 -5.96637167 -5.8729506 ]]
[[-5.88245824  4.29408123 -5.90546431]]
[[-5.92720656 -5.99901028  3.99169491]]
[[-5.91222804 -5.88124849  4.04494888]]
[[-5.91790046 -5.99908397  4.3538591 ]]
[[-5.84991725  4.14229846 -5.77694286]]
[[ 3.86987208 -5.55479939 -5.83675219]]
[[ 4.17193235 -5.93077228 -5.9131122 ]]
[[ 4.01704274 -5.97951834 -5.54974636]]
[[-5.98776391 -5.84358613  4.38530974]]
[[ 4.20641568 -5.90466151 -5.97723345]]
[[-5.98014763 -5.90197381  4.2499437 ]]
[[ 4.33274055 -5.98134861 -5.77112311]]
[[-5.90967206  4.39768708 -5.92365278]]
[[-5.92468898 -5.98705222  4.37410598]]
[[-5.99919911 -5.75049328  4.08356302]]
[[-5.86381687  4.26569911 -5.97791476]]
[[-5.8809779   4.02897058 -5.75284762]]
[[ 3.92766571 -5.82181011 -5.67318001]]
