[[ 4.15090849 -5.90342517 -5.84559842]]
[[ 3.88729885 -5.7185449  -5.80234159]]
[[ 4.07648884 -5.69914224 -5.91390295]]
[[-5.9226043  -5.83920033  4.05026175]]
[[-5.9050091   4.27947992 -5.82800329]]
[[ 3.96455578 -5.81930928 -5.72394927]]
[[ 4.10332492 -5.90615893 -5.64046696]]
[[ 4.36192901 -5.98860242 -5.90581861]]
[[ 4.30451752 -5.95232968 -5.87993416]]
[[-5.72630217  4.07541882 -5.98383839]]
[[-5.87159871 -5.76458033  4.00943672]]
[[-5.98925614 -5.83188812  4.1381659 ]]
[[-5.92678366  4.39024473 -5.94783107]]
[[-5.88695222 -5.82091439  4.00134136]]
[[-5.91445937  4.41122876 -5.94794281]]
[[ 3.86306736 -5.81225317 -5.51143161]]
[[-5.73968995 -5.99528171  4.19478789]]
[[ 4.1956067  -5.87881018 -5.81310647]]
[[-5.95586642  4.23799676 -5.87335645]]
[[-5.98304671 -5.92137391  4.47258781]]
[[-5.75065824  3.88010725 -5.826755  ]]
[[-5.82101577 -5.93936696  4.32462717]]
[[-5.64625098 -5.88507869  3.99957225]]
[[ 4.06167166 -5.91656403 -5.62096608]]
[[ 4.44399811 -5.9016417  -5.98627097]]
[[-5.94475097  4.14617789 -5.82174167]]
[[ 4.25936799 -5.97087675 -5.79345762]]
[[-5.76113384 -5.90554761  4.2368452 ]]
[[ 4.17057439 -5.9425101  -5.82016483]]
[[-5.87635883  4.28089928 -5.86222981]]
[[ 4.17115116 -5.90492533 -5.70832436]]
[[-5.85293466  4.12597567 -5.87152297]]
[[-5.87768623  3.90763751 -5.59698359]]
[[ 4.26629466 -5.78487385 -5.981827  ]]
[[-5.83450303  4.07665242 -5.79851837]]
[[ 4.3731177  -5.96798684 -5.87699281]]
[[-5.96729435  4.35286593 -5.86290684]]
[[-5.9060639  -5.96340332  4.29996188]]
[[ 4.45396135 -5.8722264  -5.99413086]]
[[ 4.3470378  -5.88293103 -5.98061717]]
[[ 4.03793605 -5.80598351 -5.7574089 ]]
[[-5.77926888 -5.99475948  4.3545805 ]]
[[-5.96804915 -5.79134806  4.34659628]]
[[-5.95499276 -5.99455449  4.34324637]]
[[-5.91745936 -5.89355787  4.10456051]]
[[-5.81705448  4.17978207 -5.82388326]]
[[-5.89174891  4.38772455 -5.97217619]]
[[ 4.34398514 -5.87760126 -5.91782038]]
[[ 4.25757008 -5.96302516 -5.86147768]]
[[ 4.17654841 -5.67632313 -5.97327303]]
[[ 4.16547777 -5.87881614 -5.7046767 ]]
[[-5.95240035  4.21803961 -5.95977904]]
[[-5.95010416 -5.70467003  4.02958948]]
[[-5.94641618  4.4243161  -5.92073898]]
[[ 3.89554099 -5.91582861 -5.99691042]]
[[ 4.18497731 -5.73242713 -5.87889906]]
[[-5.61654233 -5.91023885  4.09167771]]
[[ 4.25296154 -5.71094719 -5.98173933]]
[[-5.98754748  4.1255807  -5.56610953]]
[[-5.99771411  4.29145258 -5.7108573 ]]
[[-5.92674495  3.90981279 -5.60906955]]
[[ 4.07538572 -5.633844   -5.91167464]]
[[-5.9918801  -5.95956977  4.2161691 ]]
[[-5.85807622 -5.98457889  4.0174938 ]]
[[-5.95522906 -5.73217039  4.01364174]]
[[ 4.01963675 -5.81364026 -5.85004943]]
[[-5.94082371 -5.93751142  4.37027094]]
[[ 4.0353983  -5.74543562 -5.96052975]]
[[-5.69309889 -5.8963714   4.1751587 ]]
[[ 4.25885431 -5.98429622 -5.91793972]]
[[ 4.00271782 -5.65386914 -5.911845  ]]
[[-5.71255818 -5.98001781  3.86491399]]
[[-5.93280436 -5.86224976  4.27891157]]
[[-5.47232474  3.93976199 -5.89892554]]
[[ 4.11060133 -5.93529304 -5.70157382]]
[[ 3.93411339 -5.81152218 -5.90966059]]
[[ 4.1945335  -5.93979546 -5.81911285]]
[[-5.99882981  4.24360069 -5.72336393]]
[[-5.34665839 -5.95102793  3.87301921]]
[[ 4.37065983 -5.94341633 -5.8558478 ]]
[[ 4.41302236 -5.97351978 -5.94517874]]
[[ 4.06229726 -5.86335926 -5.70611428]]
[[-5.96029805 -5.82649751  4.21553626]]
[[-5.8139131 -5.9426114  4.1663412]]
[[ 3.91672245 -5.6188155  -5.74332563]]
[[-5.87761673  4.07484156 -5.61158287]]
[[-5.90542298  3.96576733 -5.57845972]]
[[-5.9183425  -5.96152392  4.1741451 ]]
[[ 4.24552261 -5.93046046 -5.73588158]]
[[ 4.23649567 -5.94706923 -5.92412202]]
[[-5.9634313   4.40861075 -5.94112793]]
[[ 4.0268004  -5.97751174 -5.92995535]]
[[ 4.34849265 -5.99646318 -5.95500376]]
[[-5.87095097  4.36715506 -5.94060001]]
[[ 4.36655409 -5.97525905 -5.84265829]]
[[ 4.45336276 -5.95499697 -5.9669458 ]]
[[ 4.27639861 -5.864369   -5.86101914]]
[[-5.91177973 -5.80067896  4.21095709]]
[[-5.92979645  4.0945608  -5.67395508]]
[[-5.70889465 -5.88409301  4.13522716]]
[[-5.97610257  4.20893011 -5.96265205]]
[[-5.7017478   4.05442985 -5.90218296]]
[[-5.94006033 -5.73578371  4.03229213]]
[[-5.88641102  4.14055091 -5.73904218]]
[[ 4.19650445 -5.70141514 -5.91179422]]
[[-5.97290573  4.1536093  -5.84050714]]
[[ 4.21900741 -5.80384105 -5.99639429]]
[[-5.98707398  4.29040403 -5.92091695]]
[[-5.94622594  4.1150195  -5.74122391]]
[[ 4.21977916 -5.76762068 -5.96053022]]
[[-5.53226128  4.10072905 -5.98393197]]
[[-5.88158898 -5.89909939  4.33657181]]
[[ 4.42362473 -5.95426641 -5.9121671 ]]
[[-5.90071327  4.39752725 -5.93160685]]
[[ 4.04715399 -5.80613591 -5.80115368]]
[[-5.89973692  4.01452485 -5.9648481 ]]
[[-5.88954305 -5.71972606  4.16087333]]
[[-5.93992005 -5.89748225  4.00912237]]
[[-5.64487402 -5.90662707  4.11462933]]
[[-5.89596508 -5.8307393   4.1970686 ]]
[[-5.98633814 -5.97215045  4.52937936]]
[[-5.9917741   4.01416941 -5.62218497]]
[[ 4.32290893 -5.99972166 -5.88712189]]
[[-5.98528212  4.16107002 -5.89875094]]
[[-5.33466648 -5.95754931  3.82835815]]
[[-5.96551158 -5.83390397  4.2990736 ]]
[[-5.88172165  4.19705702 -5.9520303 ]]
[[-5.96536611 -5.9985402   4.1845308 ]]
[[-5.74559294 -5.76501707  4.09706789]]
[[-5.71564173  4.15257163 -5.8635652 ]]
[[-5.84450868 -5.77535107  4.1908185 ]]
[[-5.92748863 -5.97672965  4.39732542]]
[[-5.79708951 -5.63306955  3.89913629]]
[[ 4.2000623  -5.9818414  -5.94507769]]
[[-5.97672869 -5.9573527   4.43136619]]
[[-5.90526535  4.30665401 -5.95318419]]
[[ 4.04923166 -5.80208449 -5.70444731]]
[[-5.7187727   4.20417546 -5.93167064]]
[[-5.98795145  4.18758884 -5.93382731]]
[[-5.92958118 -5.59245059  4.04649841]]
[[ 4.02508135 -5.94125823 -5.60238006]]
[[-5.85909447  4.07267797 -5.84271167]]
[[-5.84911421  4.10161584 -5.86442881]]
[[-5.95828728  4.49148171 -5.957016  ]]
[[-5.95137968  4.17081718 -5.82614712]]
[[-5.90325299  4.02214712 -5.8949746 ]]
[[-5.96468406 -5.95159953  4.40892789]]
[[ 4.27898419 -5.87671803 -5.97182346]]
