[[ 0.71699414 -1.34174794  0.83155838]
 [-3.92803181  5.63181056 -5.21419148]]
[[ 1.49415731  0.34805174  2.56991167]
 [ 2.59841864 -4.57633396 -5.85610702]]
[[-0.60245341  0.64529018 -2.05618704]
 [-5.262755   -5.91865818  4.90786985]]
[[ 2.14923826 -0.44851674 -2.9006219 ]
 [-4.32814383  5.0493355  -4.05041125]]
[[ 0.62647123  2.65486273  0.90686784]
 [-4.90301422  4.26860071 -4.50131316]]
[[ 2.77693246 -2.18008204 -5.93339165]
 [-5.80966304  5.15077286 -2.63789228]]
[[ 2.7349954  -4.15466137 -0.2395274 ]
 [-5.74374911 -3.98849908  4.7403287 ]]
[[-4.44259061 -1.81665181  1.1236994 ]
 [-4.10974407  4.83650492 -4.42757066]]
[[ 1.87827214 -3.85298167 -1.53096002]
 [-5.70895549 -5.91485312  5.26483505]]
[[ 0.75464878 -0.28999592  0.91397746]
 [ 5.50014874 -4.06709519 -5.87218427]]
[[ 1.13723838  2.25642716  0.89450907]
 [-5.98412026  4.67849291 -4.65304914]]
[[ 1.99020936  0.92922646  1.39024682]
 [ 2.27139388 -5.31696534 -4.39549748]]
[[ 1.2801      1.6186154  -0.27367946]
 [-5.91432191 -5.009644    3.57778515]]
[[-1.17621129  1.44497347 -1.99507772]
 [-3.40241974 -5.75274679  5.76068927]]
[[-0.44778236  0.54285046 -0.99173244]
 [ 4.09695264 -5.22899316 -4.11454047]]
[[ 0.49047183  0.74592957  0.51635871]
 [-4.03958597  4.69720212 -4.00982692]]
[[ 3.53080815e-03 -1.00284614e+00  1.19030757e-01]
 [-4.22368593e+00  5.50197271e+00 -4.93188165e+00]]
[[ 0.60026457  5.87351132  1.54479915]
 [-4.29873735  4.00231315 -5.86576049]]
[[-0.46290721  2.55063909  0.16519291]
 [-4.63667067 -5.93314971  3.13240381]]
[[-5.40705919 -3.08110253  0.94117071]
 [-2.78907697  5.72184493 -5.40801959]]
[[ 3.41310688  2.52259086 -0.32177501]
 [ 4.63183384 -5.75326226 -5.91592233]]
[[ 1.50570364  2.72498528  1.20652251]
 [-5.65087609  4.08924082 -5.92911027]]
[[ 0.36651768  4.43073892  1.80171322]
 [-4.95856169  3.33249931 -3.99803262]]
[[ 5.97366281  0.83355873  0.83070892]
 [ 5.07746457 -4.34688906 -4.49881817]]
[[-1.4457541  -5.48071622  1.79508367]
 [ 5.74326152 -5.86790811 -5.20725638]]
[[ 1.20614547 -0.91305008 -2.30762692]
 [-5.41788715 -3.28658676  5.95604328]]
[[-5.65346763  1.74303781 -2.92495642]
 [-5.32156001 -5.6306923   5.78287857]]
[[ 2.40210098  0.43450145  4.46767547]
 [-5.79972546 -3.12020923  3.24729143]]
[[ 5.07227233  1.48433729  1.13189316]
 [ 4.44909946 -5.0359688  -5.09361927]]
[[-0.31118737 -1.43892514  1.2875568 ]
 [ 4.84446156 -5.83878411 -3.84346053]]
[[-0.91983558 -1.02993918  2.51729324]
 [ 4.64963991 -4.55197762 -5.96780951]]
[[ 0.8205754   1.82477154  5.07135272]
 [-5.17579688 -5.26447775  3.72423157]]
[[ 3.05594912  0.57761247  0.67276422]
 [ 4.40113517 -3.68785803 -5.92616315]]
[[ 2.41505727 -0.17446406 -2.11771516]
 [-5.45424432  5.81687338 -4.38954307]]
[[ 2.20616796  0.85311436  0.29408909]
 [-5.92817016 -4.53684346  5.51344471]]
[[ 2.16873173e+00 -1.91118472e-03 -1.40378527e+00]
 [-5.74462680e+00  5.25583633e+00 -3.63639730e+00]]
[[-0.23615873  4.13803491  2.19047742]
 [-4.09240425  5.74183648 -5.81832601]]
[[ 1.80622075 -5.92050271 -2.72601471]
 [-4.90485159 -2.24725918  5.43475244]]
[[ 0.4852881   0.76660601 -0.17678189]
 [-5.15829943 -5.00555287  3.29925938]]
[[-2.60880645 -1.65585242  2.41154255]
 [-5.79321489  5.39669689 -5.88085642]]
[[ 1.30950534  0.02195631  1.15507525]
 [-5.60091016 -3.32820537  4.08136595]]
[[-2.19822003  0.86530643 -5.93687651]
 [ 4.835546   -4.63573194 -5.74539401]]
[[ 0.32502595 -0.92917465 -0.35320958]
 [-3.63411444  5.69744991 -4.28711632]]
[[-1.5909263  -1.50161271  1.26904255]
 [ 5.39730529 -4.04031191 -4.66158074]]
[[-5.38759897  1.82184311 -1.64237301]
 [-4.89877019 -5.58288031  5.32636709]]
[[-0.97838176  1.86657565 -3.47533629]
 [ 4.07619456 -5.94547941 -5.1511813 ]]
[[ 3.37851493  0.33161838  1.25851064]
 [ 3.64678561 -3.49392643 -4.76420138]]
[[ 2.05238956 -0.63250593 -1.32188357]
 [-5.3607038   4.48567625 -5.44870782]]
[[ 1.15644664  3.69131116  1.69479784]
 [-4.98062608  5.24725982 -5.66673343]]
[[ 1.38842094  2.67009491 -0.38761793]
 [ 3.31606766 -5.70639971 -3.90053694]]
[[-2.07103391 -0.24809149  2.03903687]
 [ 5.99296614 -4.33831478 -4.97545108]]
[[ 0.72028676  2.18882893  0.38257068]
 [ 2.80386424 -5.51599468 -5.14317671]]
[[ 2.83363447  0.61595326 -1.12900627]
 [-5.49421588  5.512287   -5.56479181]]
[[ 2.86384495 -0.06563282  2.08021912]
 [ 3.96719313 -3.12160694 -5.09506325]]
[[ 1.50033124  0.85672791  3.12078955]
 [-5.73186935 -5.36708328  2.95860586]]
[[-3.72985387 -1.73546418  1.57449181]
 [-4.27217641  5.33332478 -5.4979649 ]]
[[-4.18232106  0.79529102 -2.33891093]
 [-5.61412515 -5.72816369  5.96910322]]
[[-3.44695504  1.9719162  -1.59842208]
 [-4.38728604 -5.87391714  5.8037114 ]]
[[ 0.5417943   0.29760768  0.58064592]
 [-5.43655394 -4.34576289  5.48834213]]
[[ 1.6764461  -1.46475738 -0.29435962]
 [-4.77311524  5.93286314 -4.92556971]]
[[ 1.92047289  2.85162702  1.48954043]
 [-5.93974308  5.37088904 -5.47869031]]
[[ 2.102114    0.100827    5.72884892]
 [-5.16551481 -4.73355278  5.34651474]]
[[-0.94154139 -1.76030189  1.4368373 ]
 [ 5.79607516 -3.62549283 -4.89844257]]
[[-5.48479107  1.82876581 -1.95536336]
 [-2.88353296 -4.68688716  5.92309174]]
[[ 0.07334363 -0.80681641 -1.23387518]
 [-5.36116622 -5.54537736  5.13995469]]
[[-0.40425081  1.2274859   1.04035598]
 [-2.98861612 -4.87504539  3.78160141]]
[[ 1.58085429 -0.24050931  0.05204492]
 [-5.348578    5.44215933 -5.14203551]]
[[-1.66543271 -0.78522347  1.87076977]
 [-3.96538803  4.06789627 -5.62115466]]
[[ 1.38833513  1.44216799  4.51375203]
 [-5.27212823 -5.55868393  5.06368854]]
[[ 0.80966054 -1.44356426 -1.17352907]
 [-5.67247585  5.71835511 -2.72774593]]
[[ 1.74016177  1.86471856  0.07009741]
 [-5.12694065  4.34561206 -5.60465945]]
[[-0.71026876  0.4499247   0.02500473]
 [ 3.42253214 -5.32263385 -5.49425284]]
[[ 1.16892768 -2.18560293 -0.76939915]
 [-5.54226291  5.14971783 -5.06756171]]
[[ 0.28312908 -0.55041321  1.16505947]
 [-4.01816583  5.22687408 -5.82981288]]
[[ 1.54887395 -0.96342504 -0.02867584]
 [-5.79961848 -4.09642587  4.70483789]]
[[-1.00544265  0.55062914 -1.24227679]
 [ 3.89568734 -5.79948829 -4.36910595]]
[[ 2.73124421  2.3006971  -0.30580164]
 [ 5.02477607 -5.64018861 -4.72746685]]
[[-1.9557239  -0.87913806  1.45164855]
 [ 5.18252765 -3.25574432 -5.84571653]]
[[-0.18813264 -0.34089153 -2.0285183 ]
 [-5.02417074 -2.66287163  5.54535922]]
[[-0.12530115  2.90104314  1.15580595]
 [-2.93768776 -5.42262382  5.53644218]]
[[ 3.48905114  1.12700362  0.72639051]
 [ 4.72432165 -4.941125   -4.28216565]]
[[ 1.18119205  3.56813178  1.23566366]
 [-4.62261399  4.69782712 -5.81040596]]
[[ 1.21206167 -4.6783574  -1.48258625]
 [-4.84299341 -5.42177299  5.57503582]]
[[ 1.45554215  0.86077391  2.78148145]
 [-5.63186747 -4.13500024  3.12564785]]
[[ 0.83180439  0.96864002  0.02347206]
 [-5.20722033 -4.43962434  4.27426213]]
[[ 5.241113    1.40731339  1.56199504]
 [ 4.19314984 -5.86794465 -5.19236613]]
[[ 1.06863386 -0.09051749 -0.481019  ]
 [-4.14428781  5.7571684  -5.23909957]]
[[-1.01656282  0.91532606 -1.17973518]
 [ 5.95118867 -4.79230152 -3.44538689]]
[[-0.65037794  0.56684829  1.74654112]
 [-4.6746186   3.46119032 -5.04336236]]
[[ 1.07267086  0.87019843  0.90843037]
 [ 5.77387992 -4.8273894  -5.14206904]]
[[-2.9507227  -0.11415224  0.68430769]
 [ 5.52742194 -4.90559949 -4.70653396]]
[[-1.87992484 -0.91735753  1.63807967]
 [-4.88875804  5.74292162 -5.88185339]]
[[ 2.51760435 -0.40786552 -3.8930334 ]
 [-5.57590649  5.66451741 -3.22119816]]
[[ 0.90520213 -2.84853142 -1.58761459]
 [-5.07123288 -3.9677046   4.24343135]]
[[-1.0710659   0.76281084 -0.61705473]
 [ 5.2870264  -5.37927114 -3.59287446]]
[[-1.91110995 -0.75058389  0.91775518]
 [ 4.99984303 -3.55384743 -5.3464649 ]]
[[ 1.68717839  2.17323717  1.23068514]
 [-5.26470874  5.19536152 -4.96618419]]
[[ 1.24605236 -0.27293157  1.68849072]
 [ 4.71548247 -5.68897364 -4.85218255]]
[[-1.18151341  1.60789672 -1.48605876]
 [-4.18191846 -5.672075    4.3670068 ]]
[[-2.01822009  1.24186516  0.41606125]
 [ 5.21640839 -4.69820898 -4.44952505]]
[[ 0.90341129  5.7287342   1.37171149]
 [-4.90965547  4.63571502 -5.00933241]]
[[ 0.60485666  4.96318324  1.86441159]
 [-4.15960526  3.2800924  -5.20446867]]
[[-1.13110602  1.96814139 -0.60673833]
 [-3.79201228 -5.44677939  5.80902825]]
[[ 3.89411011  0.89757131  0.91592249]
 [ 4.40540512 -5.97822985 -4.25968755]]
[[ 2.49966265 -0.17106662 -3.78835391]
 [-5.65742978  4.68383267 -3.93974267]]
[[ 1.3836454  -0.60234228 -1.19741661]
 [-5.60215739  5.22339181 -5.3219686 ]]
[[ 1.11035821  1.15790007  0.48477501]
 [ 3.88617408 -5.92940432 -4.46981275]]
[[ 1.28165094  1.05060376  0.05342119]
 [ 2.90469658 -5.689744   -3.18728044]]
[[ 0.03119326  0.83808692 -0.70892314]
 [ 5.98112346 -4.47671998 -4.67158097]]
[[ 0.80722133 -2.89302773 -1.96985797]
 [-4.29582136 -5.76527229  4.45016252]]
[[ 1.64290364  3.81879098  1.63809021]
 [-5.6285522   3.91919707 -4.93712848]]
[[-1.1303173  -2.65833201  1.01524884]
 [-5.94482496  5.67015339 -5.7792963 ]]
[[ 1.0028518   1.55987865  0.95340984]
 [-4.54972068 -5.89373779  5.93233629]]
[[-1.43686499 -1.87762719  0.62402181]
 [ 5.44878191 -2.96171249 -5.08551422]]
[[ 1.40632404  1.100485    0.05855783]
 [ 4.87323412 -5.45093041 -4.74640489]]
[[ 1.02883738  1.26333559  3.19765727]
 [-5.92289639 -5.02090281  5.15291049]]
[[-0.64064594  0.59655372 -0.80950494]
 [ 5.64357476 -4.5345949  -5.12796248]]
[[-0.31112272 -0.97194126  0.32947748]
 [-5.27383845  5.73689323 -4.52449776]]
[[ 1.21078293  4.67418329  0.7063773 ]
 [-5.7055536   4.05094156 -4.67456371]]
[[ 0.0618918   2.40684031  5.34787496]
 [-5.01967023 -5.90310108  3.59900555]]
[[ 1.54499159  2.97460769  4.9148006 ]
 [-5.49235592 -5.8731543   3.05809131]]
[[-2.46601893  1.56009483 -4.78412498]
 [ 5.8473911  -4.24262704 -5.93622829]]
[[-0.62914052 -0.20122679  0.91259428]
 [-3.68288369  4.20553104 -4.67536563]]
[[ 4.27626887  1.33740147  0.5653104 ]
 [ 3.84260034 -4.50764219 -5.58193896]]
[[-2.58962296  0.39329832 -0.03786322]
 [ 5.17858443 -4.47689275 -4.2580281 ]]
[[ 0.41434726  0.33485852  1.48298581]
 [ 4.07070333 -4.25028796 -5.85056995]]
[[-1.04546351  2.51278467  0.61818677]
 [-5.53227518 -5.98345661  5.12756671]]
[[ 1.22824707 -5.48820783 -1.32494487]
 [-5.03046004 -3.39204095  5.01180273]]
[[ 0.90701844 -2.87416979 -0.10588863]
 [-5.47316871  5.8232728  -4.89029109]]
[[ 2.05803707  0.35425827  1.13943582]
 [-5.05442844  5.60671351 -4.32801822]]
[[-0.21436783  0.09583162  1.20334075]
 [-3.40465168  3.90365614 -4.42458518]]
[[-0.7018799  -1.94916831  2.12855626]
 [ 5.04844477 -3.88093591 -5.48388586]]
[[-0.72857997 -0.44152215 -3.15974478]
 [-5.35200461 -5.27827384  5.27523406]]
[[ 1.05938324  1.06523531  3.20755852]
 [-5.11731638 -5.79814408  5.45213379]]
[[ 1.19793434 -2.34180682 -0.93089916]
 [-4.66938798 -5.22760043  5.88506525]]
[[-3.26338858 -1.23463338 -0.07740254]
 [ 5.54184144 -4.28140414 -4.75548623]]
[[ 1.24396277 -0.89413537  0.02177136]
 [-5.5649221  -4.62536601  4.44104276]]
[[ 1.51542857  1.11813163 -1.0697562 ]
 [-5.42852163 -4.86160609  5.24673541]]
[[ 3.50797178  0.86505619  2.01245062]
 [ 2.44785228 -4.46912554 -5.49910621]]
[[-0.70102513  0.23898258  1.47893534]
 [-5.89506663  5.68805621 -3.99727391]]
[[ 1.0032302   3.28744966  0.9528709 ]
 [-5.79188771  4.5278995  -5.5114887 ]]
[[ 1.09899974 -1.44193055 -3.27687378]
 [-4.72895951  4.99863235 -5.23103637]]
[[-1.32449444 -0.25514039  0.56298413]
 [ 4.70855828 -5.59594342 -4.05840804]]
[[-2.91101577 -1.68286806  0.9791884 ]
 [-5.10208905  5.79733108 -4.37253311]]
[[-2.30950517  1.12033965 -1.87570118]
 [ 5.48309717 -5.29950311 -4.43591972]]
[[ 1.0790865   4.67523937  1.43519592]
 [-5.41653256  3.21809383 -5.31862691]]
[[ 0.59856613  0.80934736 -0.20678953]
 [-4.28453234 -3.48818713  5.71904113]]
[[-1.12512952  1.50300745 -5.66343739]
 [ 4.04788149 -5.81814056 -5.21870373]]
[[ 1.57836427  2.63917329  2.39275114]
 [-5.92826564  2.33256024 -5.58979584]]
[[ 2.66188951  0.25504318  0.79138132]
 [-5.68196273  4.01006429 -5.12079564]]
[[-2.49024056  1.5356264  -1.03540558]
 [-4.92674044 -4.673794    5.957537  ]]
[[ 0.08982679  2.8940091  -2.4210572 ]
 [ 4.03703043 -5.46039108 -5.23467235]]
[[-0.46000117 -4.55663396  3.39414935]
 [ 5.03245154 -4.82969265 -5.99539383]]
[[ 2.23744612  1.5449439   0.52208121]
 [-5.47741548  3.20555546 -3.86608677]]
[[ 0.53698243  2.53631389  2.28469332]
 [-5.62793729 -5.87818351  3.78553983]]
[[ 1.6052273  -0.57839779 -0.54202977]
 [-4.78813628 -5.53717802  5.1389265 ]]
[[ 0.26565175 -0.8930654  -1.60198273]
 [-5.97564921 -4.53478412  5.10948024]]
[[ 1.73856574 -0.78217164 -3.84656645]
 [-5.81040578  4.9621144  -4.81605559]]
[[-0.59509079  1.60584465 -0.43851665]
 [ 4.8247857  -5.90854565 -5.23977046]]
[[ 4.45688594  3.07752056  1.18343565]
 [ 5.46382912 -5.92136557 -4.94047873]]
[[ 3.97723544  1.97000025  1.53583762]
 [ 3.00195698 -5.5356788  -5.66330063]]
[[ 0.26220674  1.47225213 -1.98560021]
 [-5.47920719 -4.06108075  5.62101986]]
[[ 0.44753905  0.73109279  0.37718766]
 [ 5.04360587 -4.77900813 -4.51263405]]
[[ 0.1417157   2.53258478  4.21431794]
 [-4.09829547 -5.41773123  5.69865587]]
[[-1.24659653  0.68885881 -1.75928273]
 [ 3.57675102 -4.50464162 -5.57507407]]
[[ 1.60735651  5.33057813  0.94636734]
 [-4.65981542  2.90823791 -3.72091001]]
[[-2.509576    1.16241164 -1.73543985]
 [-2.47801649 -5.97598752  4.37825656]]
[[ 0.86812127  0.60102599  3.17753616]
 [-5.91066107 -4.59986979  2.81398569]]
[[ 2.1493339  -0.81083639 -2.75458356]
 [-5.87427349  4.22638519 -5.37428644]]
[[ 0.69041314  3.32719674  0.78946711]
 [-4.42279346  3.61391875 -4.74405436]]
[[ 5.93040255  0.55479602  1.60942056]
 [ 5.1675107  -5.55657472 -5.35794129]]
