[[2.25451280e-02 9.77509079e-01 8.71370106e-04 7.53544328e-03]]
[[0.02311027 0.97610619 0.00245068 0.0168851 ]]
[[0.0205254  0.97986007 0.00248726 0.01537554]]
[[0.02085128 0.97642886 0.0028073  0.01812956]]
[[2.17487461e-02 9.76810025e-01 6.48082035e-04 9.81532103e-03]]
[[2.35906877e-02 9.81399497e-01 1.48519441e-04 9.87318906e-03]]
[[0.0231455  0.97849777 0.00165689 0.02206094]]
[[2.34521050e-02 9.77538253e-01 1.61846811e-05 4.83920725e-03]]
[[2.28608097e-02 9.77807938e-01 1.22271188e-05 1.45635959e-02]]
[[2.09489304e-02 9.79007379e-01 8.49862902e-06 2.69702939e-03]]
[[0.02094899 0.98244622 0.001722   0.02168024]]
[[2.10578791e-02 9.81235331e-01 9.30827344e-06 1.59645216e-02]]
[[2.08449898e-02 9.76697539e-01 9.40616025e-06 1.41479744e-03]]
[[2.26019637e-02 9.76336654e-01 1.12456360e-05 1.68750709e-03]]
[[2.35595407e-02 9.76113899e-01 2.04018719e-05 1.00064704e-02]]
[[2.37127299e-02 9.81130197e-01 1.27918171e-05 5.56995527e-03]]
[[2.39023064e-02 9.77130563e-01 3.82627074e-04 9.12397490e-03]]
[[2.31934856e-02 9.76321296e-01 4.77510355e-04 2.46385109e-03]]
[[2.15894617e-02 9.77228330e-01 1.05378028e-05 3.62929589e-03]]
[[2.01983480e-02 9.77449866e-01 9.70497093e-06 1.89303353e-02]]
[[0.02299381 0.97767168 0.00144286 0.02383926]]
[[2.27913323e-02 9.82842754e-01 5.05625387e-04 2.32408071e-02]]
[[2.36347520e-02 9.76154319e-01 9.15720094e-06 1.57948248e-03]]
[[2.30122782e-02 9.79967206e-01 5.61256449e-05 1.08344058e-02]]
[[2.01900436e-02 9.76596664e-01 8.18209409e-06 2.66592680e-03]]
[[1.88559185e-02 9.76547952e-01 8.26082689e-06 2.12342567e-03]]
[[2.20265406e-02 9.76324264e-01 1.62859250e-05 7.41844728e-03]]
[[2.29720696e-02 9.79227881e-01 1.13323627e-05 9.35911163e-03]]
[[2.11023965e-02 9.78348521e-01 3.53417585e-04 3.33013047e-03]]
[[2.10171060e-02 9.76215764e-01 1.02836984e-05 3.20766492e-03]]
[[2.34141033e-02 9.78532655e-01 3.10307729e-04 2.27100045e-02]]
[[2.32070323e-02 9.78266147e-01 5.26010907e-05 1.38377342e-02]]
[[2.23555226e-02 9.77977729e-01 8.81416283e-05 1.28702795e-02]]
[[2.37008884e-02 9.79994922e-01 1.55350492e-04 9.77069790e-03]]
[[2.37404963e-02 9.78756336e-01 1.18152833e-05 4.11656840e-03]]
[[2.22265037e-02 9.76902253e-01 5.89709493e-04 1.76216428e-02]]
[[0.02161478 0.97640028 0.00150618 0.01442164]]
[[2.34815704e-02 9.85400211e-01 7.81723257e-06 5.73985726e-03]]
[[2.30131893e-02 9.78418539e-01 1.38191425e-05 9.48397545e-03]]
[[2.22307224e-02 9.78830281e-01 9.31523269e-06 8.61560230e-04]]
[[2.38091870e-02 9.78975093e-01 8.34721319e-05 1.30457829e-02]]
[[2.15456847e-02 9.76132896e-01 1.11411268e-05 3.92637574e-03]]
[[2.18723736e-02 9.78269176e-01 1.10995564e-05 6.37198637e-03]]
[[0.02291018 0.98061246 0.00204943 0.01797443]]
[[2.28358558e-02 9.79870500e-01 1.04455656e-05 1.15716704e-02]]
[[2.32009734e-02 9.78592946e-01 4.86671355e-04 1.97253770e-02]]
[[2.30572735e-02 9.78159128e-01 5.97470567e-04 1.69700006e-02]]
[[1.87951135e-02 9.76010671e-01 4.04053262e-04 1.63527943e-02]]
[[2.39043246e-02 9.84249473e-01 9.60343106e-05 7.19369869e-03]]
[[2.29317952e-02 9.76106048e-01 5.53217716e-04 3.72318495e-03]]
[[2.09860897e-02 9.77466043e-01 4.38482628e-05 3.63892459e-03]]
[[2.34497018e-02 9.82697310e-01 1.11961107e-05 2.16329733e-02]]
[[2.20993199e-02 9.77464303e-01 9.19228207e-06 4.92359719e-03]]
[[2.28657538e-02 9.83691985e-01 8.40533430e-06 1.01552418e-02]]
[[1.92197441e-02 9.76085472e-01 7.85964163e-06 9.18134422e-03]]
[[2.34764407e-02 9.81511857e-01 9.81057004e-06 1.27677238e-02]]
[[2.21509110e-02 9.78076004e-01 1.05381523e-05 1.18070887e-02]]
[[1.95857654e-02 9.78022941e-01 9.02404931e-06 1.67425496e-02]]
[[2.19516939e-02 9.81224675e-01 5.37733656e-04 1.23290589e-02]]
[[2.14499753e-02 9.78099848e-01 8.79775686e-06 1.42662219e-03]]
[[2.22984883e-02 9.76918348e-01 1.09157929e-05 3.93550672e-03]]
[[2.38627780e-02 9.84584562e-01 1.88059634e-04 1.58603794e-02]]
[[2.06682690e-02 9.76198073e-01 5.05360150e-04 1.44338868e-02]]
[[2.17480618e-02 9.78321941e-01 4.68582961e-05 1.72570424e-02]]
[[2.21748639e-02 9.78808401e-01 7.85752687e-05 2.28617378e-02]]
[[2.20937282e-02 9.76440278e-01 5.10087819e-04 1.72903193e-02]]
[[2.06534527e-02 9.76978736e-01 1.57525510e-04 6.03897828e-03]]
[[2.14233865e-02 9.79160952e-01 4.39550692e-05 1.77777020e-02]]
[[2.06178113e-02 9.77810485e-01 1.67058741e-05 9.66517802e-03]]
[[2.38435279e-02 9.76856460e-01 1.00867216e-04 8.28656707e-03]]
[[2.37918591e-02 9.81137542e-01 1.06337826e-04 6.52837530e-03]]
[[2.38568809e-02 9.79461999e-01 1.28933157e-05 2.08155073e-02]]
[[2.17820801e-02 9.76474056e-01 6.21834771e-04 1.97586819e-02]]
[[2.03085432e-02 9.76316567e-01 4.65955654e-04 1.65769717e-02]]
[[2.12948669e-02 9.81466365e-01 1.00036552e-05 6.61410521e-03]]
[[2.36357336e-02 9.77037574e-01 1.14905859e-04 2.38433317e-03]]
[[0.0226229  0.97741342 0.00191475 0.01840018]]
[[2.31915311e-02 9.77175775e-01 1.31204404e-05 1.42866552e-02]]
[[0.0208517  0.98164222 0.0027005  0.02322853]]
[[1.88204259e-02 9.76249555e-01 1.34557720e-05 2.09479562e-02]]
[[0.02304383 0.9771496  0.00269254 0.02328122]]
[[2.35792327e-02 9.78336441e-01 7.28188869e-04 1.80916922e-02]]
[[2.38269971e-02 9.80594582e-01 4.25136459e-04 6.64358362e-03]]
[[2.00930909e-02 9.76187768e-01 9.51379536e-06 1.29856158e-02]]
[[2.39760998e-02 9.77219705e-01 1.30985806e-05 1.00451164e-02]]
[[2.14024657e-02 9.77318274e-01 1.87278024e-05 2.16980634e-02]]
[[2.38098061e-02 9.80770328e-01 8.72264500e-06 2.09143285e-03]]
[[2.30716290e-02 9.77996906e-01 5.55814266e-04 5.97040948e-03]]
[[2.17196623e-02 9.76756066e-01 1.09571828e-05 2.92013617e-03]]
[[2.29867614e-02 9.79587022e-01 1.20965435e-05 2.53161804e-03]]
[[2.28500652e-02 9.81455895e-01 1.13509199e-05 1.64007976e-02]]
[[2.15685944e-02 9.82041033e-01 4.10245795e-04 3.28168785e-03]]
[[2.30028457e-02 9.78257623e-01 1.02838064e-05 2.08778332e-03]]
[[2.34454411e-02 9.79612110e-01 1.26664793e-05 4.07634632e-03]]
[[2.34823768e-02 9.76247902e-01 1.04946884e-04 9.26383887e-03]]
[[1.98538918e-02 9.80347690e-01 2.30449671e-04 1.82762951e-02]]
[[2.24526746e-02 9.76595695e-01 5.97903443e-04 2.18726480e-02]]
[[2.30144055e-02 9.78397188e-01 1.01941158e-04 1.61878173e-02]]
[[2.05282292e-02 9.76065853e-01 1.57609467e-05 1.64633219e-03]]
[[0.02024397 0.97894101 0.00218645 0.01850143]]
[[2.28068961e-02 9.77249479e-01 1.04248852e-05 1.02088747e-02]]
[[2.12504860e-02 9.79662738e-01 4.62273828e-04 1.08152602e-02]]
[[2.21422903e-02 9.76217684e-01 6.11016034e-04 2.08385732e-02]]
[[0.0205331  0.9782875  0.00266687 0.01201611]]
[[2.17167749e-02 9.76335182e-01 5.25585043e-05 1.40439054e-02]]
[[2.15463170e-02 9.80886628e-01 1.31220715e-04 8.79522593e-03]]
[[2.32618551e-02 9.82094009e-01 1.06066809e-05 2.39924675e-02]]
[[2.38774776e-02 9.79207654e-01 1.22356520e-05 3.11663044e-03]]
[[2.23732846e-02 9.79216781e-01 8.68997613e-05 1.01838355e-02]]
[[1.97383383e-02 9.79875468e-01 3.90843924e-04 1.13808000e-02]]
[[2.28281186e-02 9.81039796e-01 1.31829043e-05 1.06233973e-02]]
[[2.37300439e-02 9.76090576e-01 1.60053020e-05 2.23474733e-02]]
[[2.04598484e-02 9.78797564e-01 1.12486813e-05 1.41913464e-02]]
[[2.25814565e-02 9.77237020e-01 1.10186014e-05 1.86074443e-03]]
[[2.38477004e-02 9.76988753e-01 6.03131957e-04 2.03609161e-02]]
[[2.36528860e-02 9.77494862e-01 5.84597906e-04 2.19266382e-02]]
[[2.35282281e-02 9.81713589e-01 7.76655515e-06 1.07928719e-04]]
[[2.36440175e-02 9.82763450e-01 2.68643114e-04 2.37536984e-02]]
[[0.02312296 0.97955178 0.00306751 0.01605463]]
[[2.33218411e-02 9.77872941e-01 1.23627361e-05 5.07911692e-03]]
[[2.05945048e-02 9.77558627e-01 3.11403033e-05 3.86472849e-03]]
[[2.22261497e-02 9.79605047e-01 1.06269947e-05 7.13134136e-03]]
[[2.27078589e-02 9.79542350e-01 1.28984554e-04 1.33261036e-02]]
[[1.91624146e-02 9.76641184e-01 2.05444484e-04 1.27994947e-02]]
[[2.17383666e-02 9.78056843e-01 1.09864135e-05 2.15638287e-02]]
[[2.03510229e-02 9.81021037e-01 3.29513584e-04 8.95317211e-03]]
[[2.02729209e-02 9.77472791e-01 3.04914582e-05 1.78990623e-02]]
[[2.37416749e-02 9.77079479e-01 1.01605344e-05 3.54201265e-03]]
[[2.29524287e-02 9.80886533e-01 8.51250615e-06 4.76870126e-03]]
[[2.08294821e-02 9.78009288e-01 1.59564668e-04 2.06645380e-02]]
[[2.37793550e-02 9.84723513e-01 8.19376393e-06 1.22504281e-02]]
[[2.29813247e-02 9.79626816e-01 1.06659493e-05 5.97671601e-03]]
[[2.37509421e-02 9.77015017e-01 1.25749398e-05 4.30903171e-03]]
[[2.31861707e-02 9.79727891e-01 1.49334284e-05 1.62955782e-02]]
[[2.31798572e-02 9.76892796e-01 1.23840358e-05 5.65420130e-03]]
[[2.27924799e-02 9.81804527e-01 3.80423454e-04 9.53607567e-03]]
[[2.35031860e-02 9.77719015e-01 6.23828657e-04 1.01671432e-02]]
[[2.11387881e-02 9.76194593e-01 1.48093112e-05 5.63863205e-03]]
[[2.28770135e-02 9.77686085e-01 2.07667066e-05 8.83665680e-03]]
[[2.17092399e-02 9.78612014e-01 6.00153206e-05 1.25531445e-02]]
[[2.05794904e-02 9.76233258e-01 8.77138853e-04 1.54297654e-02]]
[[2.08223611e-02 9.76013980e-01 1.46492444e-05 1.13169594e-02]]
[[2.31813717e-02 9.76853108e-01 1.30729796e-05 1.20698452e-02]]
[[2.15576930e-02 9.82818825e-01 1.14190626e-05 2.01242300e-02]]
[[2.19865535e-02 9.76475607e-01 1.60267761e-05 7.58180575e-03]]
