[[ 3.95792991 -5.58933159 -5.88875238]]
[[-5.77427241 -5.6926503   3.98922591]]
[[-5.99306522  4.4403324  -5.97431019]]
[[-5.88940614  4.27961197 -5.82605351]]
[[-5.98473554 -5.86241877  4.33408718]]
[[-5.97065976  4.47464906 -5.97874279]]
[[ 4.34567608 -5.98391643 -5.91488783]]
[[-5.86908965  4.2733704  -5.97277468]]
[[ 4.14642648 -5.66784164 -5.91228176]]
[[ 3.91063911 -5.99894291 -5.91422214]]
[[-5.92454653 -5.73871484  4.21502762]]
[[-5.84818104 -5.97444901  4.36189156]]
[[ 3.9247905  -5.98294644 -5.63323431]]
[[ 4.06106954 -5.92028652 -5.59317012]]
[[-5.87657465  4.13660323 -5.91662462]]
[[-5.98956056 -5.86866733  4.23395114]]
[[-5.9579548  -5.89190225  4.20209494]]
[[ 4.23706058 -5.81937297 -5.93116608]]
[[ 4.19947765 -5.75090898 -5.95405417]]
[[-5.66351738  4.23756532 -5.99633873]]
[[-5.60073198  4.06240829 -5.91273196]]
[[-5.76936846 -5.82313277  4.01633075]]
[[-5.96276144 -5.99056528  4.14972571]]
[[-5.9119493  -5.85076744  3.95106488]]
[[-5.90250917  4.04903376 -5.64048562]]
[[ 4.43721008 -5.90951217 -5.98113855]]
[[-5.99755057 -5.84696535  4.42128702]]
[[ 4.14211647 -5.84149425 -5.92859179]]
[[-5.94054108 -5.95119855  4.09701182]]
[[-5.95372943 -5.94488815  4.017352  ]]
[[-5.9035696   4.3349817  -5.87302161]]
[[-5.95851726 -5.74809278  3.97710805]]
[[ 4.05222531 -5.84002973 -5.80782788]]
[[-5.79754588  4.17484501 -5.97407307]]
[[-5.71801569  4.26165058 -5.99314898]]
[[-5.8323364   4.06763554 -5.92440698]]
[[-5.72687811 -5.95520622  3.96099805]]
[[ 3.97115997 -5.84069883 -5.74737361]]
[[-5.68302722  3.96239711 -5.74175889]]
[[-5.96387692  4.04710501 -5.87527585]]
[[-5.97735195 -5.71429049  4.26416689]]
[[ 4.14505472 -5.76721845 -5.95501925]]
[[ 4.24301775 -5.90068777 -5.86520771]]
[[-5.69750062 -5.91384028  4.10320722]]
[[ 4.02906735 -5.97483894 -5.9937664 ]]
[[-5.85140408 -5.83615827  4.0619226 ]]
[[ 4.38558591 -5.977686   -5.82844178]]
[[-5.72092447 -5.85831637  4.14278491]]
[[-5.90274569 -5.96021653  4.44521392]]
[[-5.74557715 -5.66651485  3.96812968]]
[[-5.91525347  3.98631502 -5.83045909]]
[[-5.7733155  -5.97832834  4.19819147]]
[[ 4.15942011 -5.65897955 -5.92300002]]
[[-5.5928468   4.1589569  -5.99820074]]
[[-5.88823376  4.13157297 -5.79836033]]
[[-5.96111832  4.42435748 -5.97456818]]
[[-5.94831856 -5.91510304  4.33870353]]
[[-5.87193285  4.3653339  -5.933574  ]]
[[-5.98635753  4.17124431 -5.84218712]]
[[ 4.03355363 -5.88300452 -5.98573978]]
[[-5.88395098 -5.75408475  4.09097522]]
[[ 4.24176991 -5.94080634 -5.83133211]]
[[ 4.32062436 -5.99100093 -5.88482215]]
[[-5.80918083 -5.90794418  4.18934714]]
[[ 4.28909862 -5.88702448 -5.95155929]]
[[-5.67710701  4.14166336 -5.93512822]]
[[-5.96058235 -5.96575188  4.45361085]]
[[-5.76061931  4.27199841 -5.99974286]]
[[ 4.13816173 -5.99849815 -5.55236345]]
[[ 4.31166621 -5.8303843  -5.99025213]]
[[ 4.12226042 -5.77154451 -5.95646869]]
[[-5.86335856 -5.44342304  3.88780544]]
[[-5.67498627 -5.7336481   3.93058953]]
[[-5.57083492  3.99425212 -5.98922219]]
[[-5.71824551 -5.92286477  4.16879476]]
[[-5.94443687  4.09322823 -5.9037781 ]]
[[-5.86005516  4.32794717 -5.90198713]]
[[-5.89778571 -5.95058374  4.28639652]]
[[-5.94456337  4.00820334 -5.56922115]]
[[-5.77278581  4.07753316 -5.7714202 ]]
[[-5.86851042  4.13515133 -5.79915304]]
[[ 4.35453768 -5.93863394 -5.89978074]]
[[-5.81065223  4.05862264 -5.85285895]]
[[-5.95284314 -5.77393944  4.12358466]]
[[-5.79245031  4.20723801 -5.99348919]]
[[-5.93372644  4.22750758 -5.74795502]]
[[ 4.1245723  -5.94278578 -5.80744891]]
[[-5.81409678 -5.86753637  4.26307932]]
[[-5.9757331  -5.69142626  4.21797537]]
[[ 4.22728545 -5.85635587 -5.92318326]]
[[ 4.27380462 -5.87403594 -5.83294523]]
[[ 4.19154693 -5.96376073 -5.66720568]]
[[-5.89906582 -5.94486183  4.40113919]]
[[-5.79914558  4.32486126 -5.96953885]]
[[-5.99082538  4.09350813 -5.74430637]]
[[ 4.00180011 -5.93474306 -5.76122841]]
[[ 4.46434019 -5.98132528 -5.91587672]]
[[-5.65648736  4.01415512 -5.77266108]]
[[-5.75477677  4.19362637 -5.97200234]]
[[-5.94827936  4.19483369 -5.69396287]]
[[-5.8672731   4.06438061 -5.891094  ]]
[[-5.93387185  4.40261792 -5.9387318 ]]
[[-5.96458598  4.34429473 -5.96977627]]
[[ 4.1877362  -5.79021036 -5.85565951]]
[[ 4.40923388 -5.90583156 -5.984617  ]]
[[-5.97595908  4.24454163 -5.86462178]]
[[-5.61084995  4.16368022 -5.99266464]]
[[ 4.28588653 -5.82499215 -5.95610524]]
[[ 3.97937933 -5.63003882 -5.78819445]]
[[-5.96465385  4.26275538 -5.77226154]]
[[ 3.9593078  -5.91570122 -5.82112735]]
[[-5.87500329  4.11266303 -5.83551168]]
[[ 4.08144637 -5.9548792  -5.73717674]]
[[ 4.3210999  -5.90380497 -5.85494421]]
[[-5.54166516  3.92394622 -5.95701317]]
[[-5.95926648  4.10067651 -5.79772674]]
[[ 4.18480151 -5.9364709  -5.97131539]]
[[-5.90620172 -5.68565333  4.01383681]]
[[-5.600136   -5.95687283  4.12901589]]
[[ 4.30648522 -5.95405563 -5.93367144]]
[[-5.85062397  4.17658293 -5.8386903 ]]
[[-5.85327107  3.98616547 -5.92289601]]
[[ 4.04190701 -5.90267642 -5.74794019]]
[[ 4.31583297 -5.96790993 -5.86515515]]
[[-5.9616507   4.09176452 -5.60353155]]
[[ 4.22453503 -5.91092429 -5.92056288]]
[[-5.9737512  -5.75004746  4.02705375]]
[[-5.98225769  4.05269725 -5.7934295 ]]
[[-5.96058751 -5.79860919  4.30610217]]
[[ 4.12064545 -5.74672632 -5.98963787]]
[[-5.7744822  -5.79878862  4.09757784]]
[[-5.93514636  4.47426087 -5.98893497]]
[[-5.9356974  -5.95952862  4.45316037]]
[[-5.98546888 -5.7382648   4.25828603]]
[[-5.93385163 -5.73511879  4.24328159]]
[[ 4.25074235 -5.95115077 -5.94712646]]
[[-5.8398911   3.91626533 -5.84747938]]
[[-5.99472966 -5.93447185  4.31049995]]
[[-5.77226452 -5.92711039  4.12148126]]
[[ 4.10255786 -5.75883027 -5.86667954]]
[[-5.90835441 -5.61609841  3.90467307]]
[[-5.81105971 -5.90578013  4.14707105]]
[[-5.9867225   4.1090607  -5.83404222]]
[[-5.98952199 -5.92877625  4.25259567]]
[[ 4.36385188 -5.94518066 -5.89555631]]
[[-5.99751195 -5.94505451  4.28424895]]
[[-5.77384818 -5.9101105   3.98353103]]
[[ 3.98450186 -5.61270706 -5.84127963]]
[[-5.87072632  4.05549937 -5.85022322]]
[[-5.98089181 -5.99002826  4.37986239]]
[[-5.70297643  4.01316579 -5.85110312]]
