[[-4.3838248   5.28711073  5.93343013]
 [ 4.29714192 -5.60508591 -4.32777139]]
[[ 4.43442136  5.63014325 -4.77600807]
 [-4.95557148 -3.32087032  4.49060068]]
[[ 0.5421179  -5.94497901  5.882926  ]
 [-3.98356317  5.49963871 -3.47264382]]
[[ 5.35343021 -5.25253048  5.69933243]
 [-5.72880928  2.94027834 -4.70441312]]
[[-5.57239568  3.93310097  4.98474549]
 [ 5.0622458  -3.32084885 -5.98027417]]
[[ 5.46077906  3.47953711  5.61579884]
 [-5.4978742   5.97649712 -3.43690993]]
[[-1.79871247  5.34941985 -4.66814585]
 [-4.58680306 -3.41394347  4.05711538]]
[[-2.08681209  4.59927607  4.57655998]
 [ 2.91235436 -3.78735151 -4.32381047]]
[[-5.04997336  5.50422931  4.97844318]
 [ 4.41460239 -3.53020913 -5.99066604]]
[[-4.32417724  4.79089695  5.7568201 ]
 [ 4.5994853  -3.92341972 -4.73944128]]
[[ 4.28598033 -5.50552682  2.96099458]
 [-2.96728311  4.03687297 -5.93085366]]
[[ 5.42925021 -3.5816098   1.756258  ]
 [-3.35757118  2.28608061 -4.95847317]]
[[ 5.22465182  2.37213734  4.49637737]
 [-3.73302993  5.32167005 -4.3115768 ]]
[[-5.5317056  -1.10026271  4.04931801]
 [ 3.40126428 -5.38485596 -3.02170414]]
[[ 5.72194446  5.80395434 -1.13992899]
 [-4.64087248 -4.7945221   3.43793174]]
[[-3.50169794  3.35057238  4.72389078]
 [ 4.79633195 -3.05672293 -4.11732509]]
[[ 5.81858268  5.90162326  5.81487059]
 [-5.05202645 -4.56349104  4.45623293]]
[[ 5.44998035  5.12802262 -5.73213775]
 [-5.05008651 -3.27395826  5.41367399]]
[[-2.1050524   5.82911486 -5.801723  ]
 [-5.33495798 -3.75361599  4.42366019]]
[[-5.60308575  4.53923197 -2.66332817]
 [ 3.61003621 -3.48603331 -5.29276562]]
[[ 1.01517762  4.79138516 -4.16598042]
 [-3.9800508  -3.36765797  3.24754513]]
[[ 5.66538021  5.87027475  3.60295712]
 [-4.38406631  3.93719831 -3.24036384]]
[[ 0.64216514  5.16243438  5.53581913]
 [ 4.96023287 -3.72423185 -3.06945935]]
[[ 4.28152874 -4.00857093  3.95038569]
 [-2.94153028  4.59843875 -4.54775694]]
[[ 4.17479422 -4.07216907  5.62271794]
 [-2.80485868  5.00382763 -2.59568113]]
[[ 5.60169816  2.12853452  4.21533736]
 [-3.05864577  3.58947608 -3.7102758 ]]
[[-5.24027027  3.37475433  5.8953515 ]
 [ 4.20687223 -3.96634502 -4.61421262]]
[[ 5.86843293  3.38087061 -4.43727537]
 [-3.2630856  -5.98919547  4.40009788]]
[[ 5.84573877  5.26451398 -5.37520237]
 [-4.18151217 -4.08928473  5.43171446]]
[[ 5.71727782 -4.92208852  3.03393567]
 [-3.49200973  5.80199041 -3.82127701]]
[[ 5.70574276 -0.20460462 -5.35050032]
 [-4.09745929 -5.61700758  3.57315123]]
[[-4.18217411  2.84248042  5.52209993]
 [ 3.27244335 -4.90127683 -3.17551094]]
[[ 5.32698372  2.49129497 -5.61642922]
 [-3.84590039 -5.83311392  3.32045286]]
[[-2.28794339  5.64494043  5.31430576]
 [ 5.42301303 -3.76412699 -5.13998548]]
[[ 4.36549282  4.86726117 -3.6932495 ]
 [-3.31837094 -4.58129512  5.94430231]]
[[-3.52623835  2.71684661  5.94502762]
 [ 2.71577644 -3.96699146 -5.08105257]]
[[-5.82585785  5.7943474  -5.34701009]
 [ 4.88381928 -4.01378919 -5.77003122]]
[[ 0.56949148  5.72604277 -4.65510053]
 [-4.47269244 -2.63450909  3.10253807]]
[[-1.40405445  5.97388781 -5.58801057]
 [-5.72529945 -3.07705416  5.24266854]]
[[-5.34990351  5.30222302 -4.47535058]
 [ 3.49538344 -3.86507468 -3.22861262]]
[[-5.38563961  2.51624228  4.92961659]
 [ 3.95290923 -3.04368119 -4.91269404]]
[[-1.65811161  5.0055095   5.20108992]
 [ 5.37038833 -4.79645212 -3.87528786]]
[[ 5.80983338  4.97105701 -5.7965719 ]
 [-4.917618   -3.70329643  3.84560027]]
[[ 2.7934626  -5.93460577  5.51211328]
 [-4.30377902  4.9212618  -3.3397077 ]]
[[ 3.06950516 -4.49834955  5.98503371]
 [-4.74541862  2.79783918 -4.5648802 ]]
[[ 5.14970339 -4.52201408  5.45012216]
 [-4.92204586  4.21129967 -4.46035759]]
[[-5.90532623  3.53899351  4.90064686]
 [ 4.55533724 -4.68345331 -4.34233013]]
[[ 5.61362972  4.88822675 -5.08264339]
 [-4.70206823 -2.78501659  5.58961662]]
[[ 4.90735922  0.76451388  4.91534746]
 [-4.459513    3.72602247 -2.8945978 ]]
[[-5.1927365   5.84953058  1.62181152]
 [ 4.18245618 -3.84737887 -4.42118556]]
[[-3.65812581  5.35729931  5.74870563]
 [ 4.97158875 -4.64398232 -4.22326923]]
[[ 4.54851357  5.77290104  4.94415346]
 [ 5.61638175 -3.95407426 -4.41639921]]
[[ 5.96360978  4.99156295 -1.9834741 ]
 [-3.55343032 -4.55505944  5.56524776]]
[[ 4.44650514  5.93047358  3.79741164]
 [ 4.37926265 -3.56317336 -3.98189708]]
[[ 5.01981373  1.73279083  5.5019418 ]
 [-3.15295267  5.03562753 -5.26196434]]
[[ 4.86254692  5.60644384 -5.13961262]
 [-4.11478642 -5.61003551  3.87869727]]
[[-4.06798237  5.18017038  4.86007259]
 [ 4.03526906 -3.92496969 -4.26842684]]
[[ 3.72168221  5.33784068 -4.2838155 ]
 [-4.49928537 -3.9246846   2.77084898]]
[[-5.18686162  4.91753616  0.82326366]
 [ 3.66875388 -3.13154385 -4.47842916]]
[[ 4.33955817  4.26627401 -3.4627777 ]
 [-3.45736803 -4.64111733  3.82525072]]
[[ 5.81277352 -3.83192774  5.93720954]
 [-5.46317642  2.91263442 -3.93043392]]
[[-5.3058232   5.49894946  5.06986212]
 [ 3.95987352 -4.3472867  -5.32591924]]
[[ 4.90239069  5.59093125 -2.87562463]
 [-3.68134073 -3.80775524  4.70569047]]
[[ 4.95013555 -3.03601736  4.4538175 ]
 [-2.3579725   3.8571033  -4.09422641]]
[[ 5.16530577 -5.16606495  3.80089226]
 [-4.01595109  3.08209895 -4.71778899]]
[[ 5.37897628 -2.31235544  5.68220574]
 [-4.65783398  5.50681016 -4.71678712]]
[[ 5.46780405  4.88904856  5.26658962]
 [ 2.44250666 -3.43562012 -4.44952622]]
[[-5.35045789  4.08487904  5.43525211]
 [ 4.79700707 -4.46727355 -4.15607442]]
[[ 5.84235296 -0.52894656  5.89381771]
 [-4.26413637  5.27644331 -5.0534866 ]]
[[ 5.7553401   4.33690845  5.43924512]
 [-3.918787    5.00797831 -5.18975123]]
[[ 4.84918897 -5.82499694  5.69654694]
 [-5.68854187  3.55796721 -3.64912088]]
[[ 5.63179299 -4.54071516  2.49210635]
 [-4.38952248  2.84889662 -5.6197115 ]]
[[ 4.6565102  -5.76146849  3.25596218]
 [-3.29447298  3.64792958 -3.27288057]]
[[ 5.59672371  5.67515509  5.52601597]
 [-5.4605756  -3.70989813  5.00639197]]
[[-4.30811262  4.14415755  4.38171134]
 [ 2.8366653  -5.04931295 -4.35102648]]
[[-3.80020895  5.25410778  3.62076181]
 [ 3.74162659 -5.92697248 -3.03092211]]
[[ 4.94614823  4.93470964 -4.42213828]
 [-4.44683727 -3.16469231  3.98492763]]
[[ 5.06765539 -5.65793805  5.8484731 ]
 [-4.14683516  5.38884197 -3.56260487]]
[[ 5.13317939 -4.35907237  5.9866095 ]
 [-5.35334082  2.40080469 -4.44988082]]
[[ 4.91180513  2.341552    5.59716549]
 [-4.85925718  4.6249162  -3.62749526]]
[[ 4.27331796  4.22481299  0.27026097]
 [-3.46259142 -3.11748932  5.9748962 ]]
[[ 5.4585962   5.67774148 -3.25378671]
 [-4.89376816 -5.95975526  2.97248548]]
[[ 5.30385918 -5.85277982 -4.10868786]
 [-4.42126814  3.70630881 -4.62296642]]
[[-5.91124873  4.79441154  4.19769623]
 [ 5.45679991 -2.45301078 -4.53936041]]
[[ 5.89970575  5.70477468  3.64624183]
 [-3.52664581 -2.54304456  4.87352615]]
[[ 5.01081852  0.60351978  5.77335383]
 [-5.06427795  5.00375229 -3.83133476]]
[[ 4.29550519  5.52669713 -4.8086489 ]
 [-4.70961216 -4.97295995  4.93596206]]
[[-5.83612516  3.6530811   5.0201119 ]
 [ 3.12017178 -5.472577   -4.41399877]]
[[ 5.36627001  2.95342791 -4.48141345]
 [-5.42536062 -2.17125858  4.03037929]]
[[-4.67730666  4.11880734  5.13948617]
 [ 3.86474684 -4.6356856  -3.86782613]]
[[ 5.66267187  4.79893729  4.1862515 ]
 [-4.91291834 -3.13239147  5.31410308]]
[[ 5.55328441 -3.44154832  5.43601396]
 [-4.21545155  4.54087649 -5.05340434]]
[[ 5.51003451 -3.87948878  5.94651462]
 [-5.84351812  4.16672808 -4.88776897]]
[[ 5.13443648  3.98272748  4.33574961]
 [-2.73038217  4.55032125 -3.71612038]]
[[-4.51192324  3.4593756   5.6033583 ]
 [ 5.29620972 -3.08052612 -5.09244996]]
[[ 5.65365291  4.47982877  4.31261048]
 [-3.0140334  -4.70147601  3.78041481]]
[[ 3.99652203  5.72760618 -5.81851157]
 [-5.06030013 -5.3132491   3.43877967]]
[[ 3.78585339  5.429336   -5.74384679]
 [-3.22278525 -4.96078066  4.05026574]]
[[-5.36260015  5.52585491 -2.16464481]
 [ 4.10548591 -3.198655   -3.54109956]]
[[ 4.46616055  3.83260647 -1.01267907]
 [-2.48955528 -3.80175103  4.58231564]]
[[ 5.50754684  1.68223339  5.75771432]
 [-3.38904346  3.56866992 -4.67537496]]
[[ 0.69126568 -5.47607341  5.40321775]
 [-5.84263814  3.99614501 -3.28159405]]
[[-4.74459162 -5.41675584  5.899801  ]
 [-3.52257868  4.13856396 -2.5907808 ]]
[[ 5.87682206  4.53600907  3.15382621]
 [-4.93000693 -2.66925124  3.26585771]]
[[ 5.708798   -4.61983811  2.54009329]
 [-3.20054726  4.91731605 -4.17542474]]
[[ 5.72663235 -5.30184746  4.06754073]
 [-4.51815159  3.36377457 -5.82495647]]
[[-4.38377272  5.12176253  4.40937725]
 [ 4.47934078 -5.27435855 -4.0935046 ]]
[[ 5.43916006  1.44060362  5.91981466]
 [-3.29466126  5.14079362 -5.51457262]]
[[ 5.99271238  2.85098265 -4.17108948]
 [-4.38756719 -4.86716342  3.93834786]]
[[-5.8942022  -4.83068167  5.93247087]
 [ 4.55810105 -5.01954433 -4.46191513]]
[[-2.27948606  5.72245927 -4.73637599]
 [-5.22541404 -4.39044967  3.34067745]]
[[ 5.76302763  2.45850826 -4.91008646]
 [-2.85180734 -5.24020292  4.33877076]]
[[ 3.31689238  5.27800132 -5.9958948 ]
 [-5.1430409  -4.76732853  2.23461621]]
[[ 5.38747415  5.26015935 -0.49711196]
 [-3.78286067 -3.29678697  3.43294767]]
[[ 4.41887517  5.86912127 -5.8280192 ]
 [-3.70926415 -2.6428451   4.62537578]]
[[ 4.49828214  4.61447789 -5.92177087]
 [-2.76472102 -4.62668835  3.45830862]]
[[ 5.46153123 -1.70708695  5.5524336 ]
 [-4.05692991  2.82395389 -5.84682508]]
[[-4.8219066   3.97290344  4.64286225]
 [ 4.83417418 -4.12257967 -4.27743855]]
[[ 5.04295002  5.62235475  1.43817889]
 [-4.27282906 -3.03763041  5.88096374]]
[[ 4.39185715  3.52999644 -5.30460097]
 [-2.59734457 -4.41736933  3.97342611]]
[[-5.84454947  5.09101861 -5.26933178]
 [-3.94138731 -3.70913028  2.54145234]]
[[-5.68452142  4.9834876  -1.64519202]
 [ 3.53927861 -3.89682881 -5.50292596]]
[[-4.87713449  3.9180012   5.59732561]
 [ 5.79769082 -4.21632361 -3.04162451]]
[[-4.33480398  0.16131339  5.42577209]
 [ 2.52974239 -5.62546784 -4.07732613]]
[[ 5.6329035  -4.24748877 -5.93910322]
 [-4.59577336 -5.94532864  3.14859479]]
[[ 5.63841455  5.49508229 -2.23541838]
 [-5.95746302 -3.34182088  4.08130444]]
[[ 5.81898384  4.3540774  -3.32227612]
 [-4.69178198 -4.33886472  3.65452681]]
[[ 4.84933714 -2.60309668  5.49225242]
 [-3.05746955  5.75591106 -3.92855917]]
[[ 5.76589764  5.32364445  2.53455142]
 [-3.20660177 -5.55655498  5.62954229]]
[[ 4.85533418 -4.80712887  4.81298469]
 [-2.53379626  4.43589059 -5.03971295]]
[[-5.27628372  3.62161649  5.04562471]
 [ 5.2877937  -4.82915503 -3.89115035]]
[[ 5.55019501  4.26989265 -4.13037836]
 [-3.58511757 -3.76465266  4.2973258 ]]
[[ 5.99260528 -4.78191707  4.55707966]
 [-4.18027081  3.75468221 -3.01349473]]
[[ 5.38655135 -5.53773888  2.83192608]
 [-4.1536857   4.85760356 -4.51791151]]
[[ 5.95495444  5.38648021  5.61905219]
 [-5.14813415 -4.28643496  3.95291839]]
[[ 4.93573222  5.02915797 -5.7496314 ]
 [-2.64799684 -4.19816222  5.04236525]]
[[ 5.51414659 -3.71165628  5.18492463]
 [-5.84476171  3.96470213 -4.44985159]]
[[ 5.25780072  5.53947549  5.92063536]
 [ 4.49663112 -5.45427441 -4.56847943]]
[[ 3.84201722  5.72668613 -5.09964   ]
 [-5.93355876 -2.95803469  4.50274829]]
[[-1.04699566  5.11367067  4.56893715]
 [ 5.74270338 -3.87194102 -4.13329157]]
[[ 3.24684577  5.99328158  5.70683751]
 [ 4.40315602 -4.14941653 -3.82830289]]
[[ 4.15526245  5.72611358 -5.44512703]
 [-3.71494477 -5.66343194  3.56578534]]
[[-2.20088758  4.69976641  5.94679195]
 [ 5.09171948 -3.58365038 -4.74703496]]
[[ 4.03136868  5.71991527 -5.69277792]
 [-3.79287659 -2.63833612  5.74712057]]
[[ 5.63039628 -5.87290272  5.9950183 ]
 [-5.99584309  3.25458583 -4.28446533]]
[[ 4.36654599  3.39908031  5.52746225]
 [-3.35375916  4.2036566  -4.01458505]]
[[-5.31340127  4.92558207  2.90112837]
 [ 4.15696412 -4.42441229 -4.13740649]]
[[-3.28582458  5.72386947  5.26766392]
 [ 5.1321145  -5.20274204 -3.4210899 ]]
[[ 5.64448722 -4.97330948  2.92408232]
 [-3.78837476  4.12806362 -4.90613697]]
[[ 3.04787533 -4.64097673  4.41568001]
 [-3.44224048  3.15660739 -4.90848852]]
[[ 1.42918407 -5.30161125  5.72404997]
 [-2.85326265  3.84660144 -4.6471172 ]]
[[ 5.43996059  3.70953928 -4.24478449]
 [-5.05074906 -3.9595675   3.24314622]]
[[ 5.53168843 -3.2121981   5.79412652]
 [-4.27372249  5.62697934 -4.89689869]]
[[ 1.10613868  5.42631758  4.68837398]
 [ 5.07918568 -3.59078426 -3.31708715]]
[[ 3.95949011  5.11141605 -5.26561796]
 [-3.18913373 -5.37501691  5.26013803]]
[[-4.83212386 -5.42725447  5.13793475]
 [ 3.80686391 -5.91685404 -3.53359794]]
[[ 5.9297247  -4.36702996  4.04076678]
 [-4.22989126  4.14454926 -5.24591577]]
[[ 4.60267138  0.06378009  5.05924366]
 [-3.4250679   5.89835334 -3.97399747]]
[[-5.60295602  0.08449886  4.89533908]
 [ 3.55828933 -2.77213966 -3.65138894]]
[[ 5.59710432 -4.59389988  5.09157592]
 [-5.58963973  3.76328175 -4.71715782]]
[[ 1.30485783  5.3563307   5.44553557]
 [ 5.56401426 -4.23637067 -4.93336988]]
[[-0.95158848 -5.80368376  5.68202058]
 [-4.73781538  4.26352146 -3.01412386]]
[[ 3.41025636  5.80144434 -4.91053027]
 [-5.01708044 -5.27916156  2.53620893]]
[[-5.25681567  3.64168535  5.76796957]
 [ 5.3330848  -3.80914464 -5.46632258]]
[[ 4.48450614 -4.61018451  4.41899551]
 [-5.30001052  3.3136721  -3.1022155 ]]
