[[-5.93836408 -5.90565223  4.30515005]]
[[-5.95022433  4.13714337 -5.67511233]]
[[ 4.10801401 -5.99256146 -5.846159  ]]
[[-5.97658205 -5.89690754  4.17495341]]
[[ 4.31882324 -5.98057364 -5.95067048]]
[[ 4.21040359 -5.84855131 -5.80791194]]
[[ 4.22735498 -5.96315428 -5.74927578]]
[[-5.7113147  -5.96119578  4.2143834 ]]
[[-5.74105919  3.92544892 -5.69479979]]
[[ 4.09256007 -5.92273665 -5.85881585]]
[[-5.9706082  -5.98679371  4.26841574]]
[[-5.89309186  4.13026268 -5.91556628]]
[[-5.96938313 -5.70477548  3.97500593]]
[[-5.71088709  4.00948625 -5.83231353]]
[[ 4.23336799 -5.7269922  -5.95514161]]
[[ 4.3938087  -5.83176395 -5.99753445]]
[[-5.64387111  4.08686379 -5.86216812]]
[[ 4.32777842 -5.82286028 -5.98575244]]
[[-5.95284445 -5.65407042  3.97946677]]
[[ 4.11511518 -5.97244339 -5.90617046]]
[[-5.87083072  4.34641154 -5.97411671]]
[[ 4.27630949 -5.95638348 -5.83656583]]
[[ 4.24741885 -5.96880035 -5.72085566]]
[[ 4.12147363 -5.65450385 -5.96386213]]
[[ 4.0572608  -5.85834616 -5.96325271]]
[[-5.96817166 -5.93832244  4.00270914]]
[[-5.88979934 -5.75533694  4.05866745]]
[[ 4.12450115 -5.86151541 -5.76345799]]
[[-5.90073138 -5.94780357  4.17445409]]
[[ 3.91553854 -5.92828079 -5.66961274]]
[[ 4.08333313 -5.74703001 -5.79775144]]
[[-5.71065295 -5.86381193  4.09482612]]
[[-5.80725325 -5.95597839  4.20708625]]
[[-5.99424586 -5.68086684  4.23859975]]
[[-5.71879963 -5.75659955  4.04230689]]
[[-5.99808375 -5.99437852  4.42447706]]
[[ 4.05239943 -5.7658253  -5.91162615]]
[[-5.84051809  4.38374006 -5.99877747]]
[[-5.85033731 -5.95118226  4.30470826]]
[[ 4.08624342 -5.6740356  -5.97980483]]
[[-5.78106741 -5.83793426  4.19182856]]
[[-5.58079741  3.86262844 -5.91342812]]
[[ 4.27974508 -5.96850307 -5.91207361]]
[[ 4.40087949 -5.92076948 -5.98610475]]
[[-5.73328849  4.18255176 -5.96190871]]
[[-5.54197694 -5.9116789   3.97348246]]
[[-5.86485245  4.11429989 -5.74234094]]
[[ 4.03828194 -5.9586832  -5.98996749]]
[[-5.94877032 -5.89276465  4.42253252]]
[[-5.89284924 -5.52893432  3.91771941]]
[[ 4.14871834 -5.94798765 -5.88610274]]
[[ 4.34772987 -5.8985091  -5.90755772]]
[[-5.97202875 -5.75565924  4.14796544]]
[[ 4.38239801 -5.90869816 -5.98366729]]
[[-5.9605246   4.02280908 -5.92710518]]
[[-5.78427739 -5.87906785  4.20734227]]
[[-5.93909268  4.02851504 -5.66437582]]
[[ 3.87040822 -5.93882459 -5.75792788]]
[[-5.95904818 -5.91179036  4.27740904]]
[[-5.96156027  4.08377189 -5.76290845]]
[[ 3.96050801 -5.95453552 -5.56734355]]
[[-5.85687959 -5.93171846  4.36603139]]
[[-5.8464604  -5.93086821  4.060787  ]]
[[ 3.98683572 -5.68341834 -5.91590258]]
[[ 4.11906724 -5.77125948 -5.92055069]]
[[-5.691227   -5.8458884   3.95687529]]
[[-5.95663363  4.15144443 -5.91281692]]
[[ 4.09372496 -5.77658751 -5.96036931]]
[[-5.95049939 -5.74425797  3.97322411]]
[[-5.43617675  3.96599214 -5.95403555]]
[[-5.62987633 -5.96307862  4.16429024]]
[[-5.8282217  -5.90304705  4.3081957 ]]
[[-5.69646229 -5.8820438   3.96921639]]
[[-5.94799205 -5.96384176  4.15944175]]
[[-5.96259454  4.21259153 -5.90552569]]
[[ 4.19657847 -5.64408259 -5.99464795]]
[[-5.59373701  3.9232246  -5.86130773]]
[[ 4.13087376 -5.6792048  -5.9326758 ]]
[[ 4.1602389  -5.93410201 -5.924632  ]]
[[-5.83952381  3.87770616 -5.94580781]]
[[-5.95866068  4.26962778 -5.80505423]]
[[-5.89033629  4.2521996  -5.80891782]]
[[ 4.38308707 -5.97188771 -5.83684047]]
[[-5.91932038  4.10606888 -5.96091161]]
[[-5.74666074 -5.66707752  4.0008791 ]]
[[ 4.22722584 -5.97311065 -5.89934385]]
[[ 4.48692558 -5.91849543 -5.99554999]]
[[-5.80667659 -5.78198221  4.0970395 ]]
[[-5.86523133 -5.91197181  4.16204649]]
[[ 4.1562336  -5.76350663 -5.89189046]]
[[-5.93600727 -5.92477768  4.34941268]]
[[ 4.18997856 -5.84200842 -5.97739491]]
[[-5.88008884  4.17248448 -5.79012725]]
[[ 4.20156122 -5.86680702 -5.79346331]]
[[-5.98445007  4.44986035 -5.92089545]]
[[-5.95260453  4.12383473 -5.96983341]]
[[ 4.1455252  -5.97577074 -5.71702838]]
[[ 4.3585756  -5.91820606 -5.93707266]]
[[-5.96070298 -5.84881509  4.07909318]]
[[ 4.11388141 -5.90774419 -5.96503093]]
[[ 4.27589091 -5.93167017 -5.8594634 ]]
[[-5.99123122  4.17737047 -5.84593121]]
[[ 4.06967153 -5.91992628 -5.72549484]]
[[ 4.15511181 -5.95265775 -5.93239407]]
[[-5.83129749 -5.82217094  4.03803998]]
[[-5.88401092 -5.99818516  4.25065896]]
[[-5.81281666 -5.95715901  4.29516827]]
[[-5.89217712 -5.65828448  4.12915669]]
[[ 4.41214103 -5.98304012 -5.98362156]]
[[-5.97742899 -5.98507892  4.15199454]]
[[ 4.12620408 -5.79534847 -5.84419464]]
[[-5.36175752 -5.97799057  3.90575365]]
[[-5.95465167 -5.8794086   4.09682252]]
[[-5.76249101 -5.75037845  3.97729766]]
[[-5.75321744  4.05985115 -5.73049535]]
[[-5.90392855  4.1712225  -5.70796002]]
[[-5.91156257 -5.92052433  4.38059702]]
[[-5.88747945  4.1577968  -5.71175161]]
[[-5.79127709  4.0686053  -5.76439768]]
[[-5.57788921  3.9536085  -5.84525303]]
[[-5.94869399  4.15316546 -5.9283144 ]]
[[ 4.06878524 -5.86710403 -5.76969901]]
[[ 4.04622926 -5.79451963 -5.77585873]]
[[-5.92636455  3.91791757 -5.86246521]]
[[ 4.29295843 -5.94304037 -5.96331487]]
[[-5.89464891 -5.96143319  4.10795581]]
[[ 4.1502243  -5.99608824 -5.91011204]]
[[-5.85809691  4.16925084 -5.74414451]]
[[-5.88877726 -5.99550926  4.38206335]]
[[ 4.05588542 -5.7619348  -5.99462344]]
[[ 4.48944298 -5.9370037  -5.982181  ]]
[[-5.83133479  4.09644991 -5.76476282]]
[[-5.97479775 -5.47321973  4.01582641]]
[[ 3.99413418 -5.73480733 -5.740807  ]]
[[-5.85544573  4.02560142 -5.65219343]]
[[ 4.31077535 -5.86921175 -5.95810037]]
[[-5.94635159 -5.69051208  4.18319267]]
[[ 4.07642518 -5.87894684 -5.86803877]]
[[-5.76568012 -5.83925061  4.09597094]]
[[ 4.19096493 -5.86043295 -5.94666989]]
[[ 4.045139   -5.78748713 -5.98298409]]
[[-5.77834167 -5.9154811   3.99245155]]
[[ 3.89309124 -5.37756023 -5.99743497]]
[[-5.86359383  4.16979919 -5.93666354]]
[[-5.97617151 -5.90531112  4.29129792]]
