[[-2.67030047  5.11207443  4.81178954]
 [ 4.91873335 -5.19769071 -3.4008427 ]]
[[ 4.3201499   5.93043349 -0.36928765]
 [-4.07742025 -4.72079901  3.94626064]]
[[ 5.87771391 -5.03707419  4.87676322]
 [-4.60660233  4.26981791 -3.29928275]]
[[ 3.93953541  0.40710801  4.7391127 ]
 [-3.37100712  4.1582593  -2.96554715]]
[[ 4.9602589   4.82444702 -0.24292376]
 [-4.1532499  -4.09353046  5.92272704]]
[[ 5.15064122 -4.44996425  4.2732275 ]
 [-4.83612052  3.64889944 -2.20481782]]
[[-5.04618103  4.93938463 -1.32081045]
 [ 4.0255641  -2.42836386 -4.62476961]]
[[ 5.65277005 -5.09366811  4.7923133 ]
 [-3.32547677  4.09450568 -5.95693236]]
[[-5.36579356  2.59610434  5.32087368]
 [ 3.97587456 -4.6388309  -4.22385988]]
[[-4.99500214  5.56736776  5.69182804]
 [ 5.94252793 -5.11074268 -4.50962833]]
[[ 5.48141847  5.52387401 -2.63146174]
 [-4.70474666 -4.46543801  5.42061127]]
[[-1.59996819  5.86182505 -4.66446856]
 [-3.89332933 -4.84134251  2.85228747]]
[[ 4.82411424  4.77887098  5.95760547]
 [ 4.58774248 -3.85038744 -5.02786808]]
[[-0.03645191  5.37196516  5.36807997]
 [ 3.45973465 -3.41407402 -5.07470617]]
[[ 5.17423254 -1.16804172  5.6296437 ]
 [-4.77049226  4.18083535 -3.60895952]]
[[ 5.59539996 -4.50715928 -5.86263811]
 [-4.35076443 -5.0932086   3.15698976]]
[[ 5.69095035 -3.66627548 -5.45489108]
 [-3.65036856 -4.24400016  4.70110883]]
[[-4.61057908  4.95415152  4.54069104]
 [ 3.61053498 -3.963688   -3.85236438]]
[[ 5.67706447  5.99613629  4.47157381]
 [ 5.92272293 -3.1515862  -3.8383437 ]]
[[ 5.09687791  0.17947218  4.67252537]
 [-2.83710455  5.31039373 -3.54243961]]
[[ 3.75300797 -5.65929707  5.45480445]
 [-4.31318742  4.07266756 -4.22791258]]
[[ 5.15710012  5.43708434  3.37295728]
 [-3.71878071 -5.06991576  4.44319032]]
[[ 5.87285803  5.39604251  1.35820023]
 [-2.79278823 -4.41455878  5.27756384]]
[[ 5.42744676  5.90282379 -4.72521903]
 [-4.66367871 -5.94451078  4.2641674 ]]
[[ 4.34434262 -5.51300739  4.53442586]
 [-3.91473699  4.58093926 -3.39106319]]
[[-5.4015642   4.31068252  5.87699192]
 [ 3.00172188 -5.14702399 -4.45437859]]
[[ 5.72344078  2.42671875 -4.69287632]
 [-2.83452751 -5.01832825  2.97471267]]
[[-4.79359879  4.5265665   4.96619592]
 [ 3.58647683 -5.23197625 -4.4741745 ]]
[[ 3.58591132  5.15482618 -5.34743342]
 [-3.27637782 -4.06159014  4.11634517]]
[[ 3.53756259  4.44867334 -5.98187098]
 [-4.32691257 -4.148727    3.46145903]]
[[ 5.03935778 -5.71735659 -5.73449973]
 [-3.50614044  2.27044798 -5.46635521]]
[[-2.47814018  5.61245973 -5.57759073]
 [-5.3195266  -4.26081842  3.67893682]]
[[-5.6708509   5.50879657  5.76234921]
 [ 3.9813116  -4.39427431 -5.18498944]]
[[ 5.36678803 -1.34573174  5.55673717]
 [-3.36943595  3.58578036 -5.0033639 ]]
[[ 5.68969532 -5.56685002  0.41874812]
 [-3.35081804  3.52264657 -4.34400189]]
[[ 3.73804748 -5.77243931  5.39822031]
 [-3.12072167  4.77044548 -5.79759521]]
[[ 5.27127395  5.91480909  4.25680775]
 [-3.86193385 -5.66569183  4.61911862]]
[[-5.60942555  5.69774567  4.43198982]
 [ 4.34775457 -5.12967712 -4.12854363]]
[[ 0.63990644 -5.73009069  5.08748621]
 [-4.56659823  3.5654487  -4.21656602]]
[[ 5.2223355   2.18713212  4.91169329]
 [-3.4466377   4.50298126 -4.48696343]]
[[ 5.97808877  4.71703888 -2.44283809]
 [-3.24487574 -3.9001285   5.81888735]]
[[-3.35128412  4.44906249  5.71770652]
 [ 5.22035374 -3.14752997 -5.25989814]]
[[-4.29122609  5.68132552  4.74660766]
 [ 5.56385015 -2.60859769 -4.30088607]]
[[ 5.43466179  5.80394102 -2.55943533]
 [-5.27791246 -5.0680737   2.64912144]]
[[-5.99799394  3.85715061  5.1787199 ]
 [ 5.07726085 -3.66065713 -5.99992545]]
[[ 4.08107966  5.7432619   3.93186643]
 [-3.14909919 -4.73712659  5.8974734 ]]
[[-5.09720924 -1.80322393  5.65561045]
 [ 3.43033306 -3.05438781 -3.19458363]]
[[ 3.53502373  4.86079652 -5.52017107]
 [-3.95522327 -3.96928627  5.02367437]]
[[ 5.53080234  5.58174394 -2.43323103]
 [-3.31864481 -3.47305559  4.38673658]]
[[ 5.43177568 -0.24235511 -5.83780691]
 [-3.47820244 -4.96689312  4.87253335]]
[[ 5.10229282  0.07403974  5.22431261]
 [-4.59680513  5.79729735 -3.29809182]]
[[ 5.20584727  5.92541742  3.65321618]
 [-5.21327851 -3.13923879  3.20843407]]
[[-5.92378738  5.95228907  5.70459971]
 [ 5.90887006 -5.01999821 -5.98627018]]
[[ 5.97246332 -5.16489133 -5.19997726]
 [-3.35796     4.45169311 -5.53214322]]
[[ 1.0809999  -5.52262177  5.03270572]
 [-4.32670385  3.91990892 -3.40936991]]
[[ 3.9417353  -2.13021147  4.11932214]
 [-3.29843091  2.33346556 -4.47457881]]
[[ 5.49468275  4.71268168  0.49350511]
 [-3.12506934 -3.80441005  5.18724174]]
[[-2.10107344 -5.92930151  4.31697293]
 [-4.75936668  4.7228393  -2.532919  ]]
[[ 5.62753288  1.38961108  5.27094813]
 [-5.82861765  5.31732348 -2.88112419]]
[[-2.03095832  5.91947066  5.81928926]
 [ 3.42848377 -4.69597024 -3.74648486]]
[[ 4.65769947  4.7285641   4.12544378]
 [-3.24622641 -3.97767886  5.59625292]]
[[-3.04622574  4.60749967  5.59688694]
 [ 2.79509299 -3.47081974 -5.97716882]]
[[-3.03658329  4.67643756  5.72818711]
 [ 5.11746452 -2.74863136 -4.93588549]]
[[ 5.77949208  1.63329602 -5.42048986]
 [-4.446958   -3.36282529  4.17084669]]
[[-5.21465333  5.68485074  0.82497341]
 [ 3.53974067 -4.25521836 -4.04770574]]
[[ 5.6166288  -4.85599357  5.04984666]
 [-4.00721651  3.20509593 -3.96114474]]
[[-3.91515736  5.55868204 -5.83529974]
 [-4.77039689 -3.05085144  3.31644189]]
[[ 2.99115349 -5.79739211  4.18928921]
 [-4.02061336  3.83183683 -2.71623006]]
[[-4.97064491  5.83550775 -5.29106406]
 [ 3.06911048 -3.39212284 -5.07375407]]
[[-5.9925077   2.60329552  4.29338164]
 [ 3.82676463 -3.87919712 -3.6451196 ]]
[[ 3.17276302  5.75600977  3.98490446]
 [ 3.24564937 -4.29348317 -3.75980409]]
[[ 5.92896537  5.66359754 -3.55836409]
 [-4.61758797 -4.05763248  5.67346844]]
[[ 4.85789447  5.73336953 -5.12010867]
 [-4.35538187 -5.52046819  5.9938122 ]]
[[ 5.91612034 -5.43270158 -5.82208236]
 [-3.66014814  4.23032513 -4.35114965]]
[[ 4.68051363  4.0019907  -4.35029645]
 [-4.98387116 -2.94370908  4.82082936]]
[[ 5.27288742 -0.55480768  5.868064  ]
 [-3.61762957  3.30474971 -5.77600731]]
[[-1.27008674 -5.33468032  4.78843799]
 [-5.7188897   4.13105103 -2.98958874]]
[[-1.74235933  5.4810085  -4.40514628]
 [-3.66262969 -3.29572416  3.36849599]]
[[ 5.22330242 -5.89737938  1.9293393 ]
 [-4.6821154   3.5072572  -4.26038071]]
[[ 5.32761628 -3.81919401  5.94633508]
 [-3.93245865  4.12175714 -5.66086844]]
[[ 4.93743146  1.92900795  4.60196451]
 [-3.89369797  4.600021   -4.09896692]]
[[-4.88829219  5.30919925 -0.05609505]
 [ 3.15779523 -3.83699361 -5.84541979]]
[[ 5.48441086 -3.49513912  5.22133176]
 [-3.42713858  5.40731465 -5.61204501]]
[[ 3.95111748  5.65621693 -1.45828203]
 [-3.86068456 -3.36636535  5.17785343]]
[[-4.3306674  -5.99864069  4.09891184]
 [-4.22348071  3.77289894 -2.92358243]]
[[ 5.21952164 -5.00504167  5.99771695]
 [-5.58863222  4.78948502 -2.44173758]]
[[-1.83646517  5.24174281  4.22853174]
 [ 5.93415654 -3.89282915 -3.32187351]]
[[ 4.97929346  3.58601799 -5.39565699]
 [-4.23011671 -4.25217802  3.4468055 ]]
[[-0.58440095  4.87050622 -5.9131737 ]
 [-4.8638327  -3.65959627  3.13636313]]
[[-5.47635122  5.55477699 -3.49096736]
 [ 4.36051427 -3.95746958 -3.42538386]]
[[-4.04994797  5.42836336  5.37415271]
 [ 4.56621306 -5.24433932 -2.68654698]]
[[ 3.16108575  5.44887775  4.65203356]
 [ 3.64906291 -4.08405709 -3.60000667]]
[[ 2.41788549  5.63825373 -4.30285636]
 [-4.51279706 -4.71708825  3.08936724]]
[[ 5.17720058  0.32244113  5.75487192]
 [-4.99493256  2.43708421 -3.9881624 ]]
[[-1.07106207 -4.9831956   5.82176655]
 [-3.49485065  4.08405847 -3.93518696]]
[[-5.60492981 -1.24859135  5.59279629]
 [ 3.7480848  -4.52200115 -4.01319764]]
[[-2.74161517  5.99074824  4.29413583]
 [ 3.31837175 -2.73003133 -5.18506195]]
[[ 5.25897808 -4.42377348  5.29674698]
 [-4.85619671  4.14331574 -4.90268694]]
[[ 5.91306837 -5.98767768  2.05802951]
 [-3.64625347  3.43316097 -4.22945048]]
[[ 5.34870149 -4.01271982  0.70169012]
 [-4.04910499  2.53629656 -5.80480224]]
[[ 5.19458683 -5.5237582   4.10248031]
 [-5.03849959  3.27556443 -4.01765119]]
[[ 5.67000329 -5.78240788  4.49287689]
 [-3.07908318  5.82837581 -5.42285902]]
[[ 5.08172    -5.98789285  0.31358112]
 [-4.10286565  4.20489461 -4.88153995]]
[[-3.66481103  5.34997431  4.6938161 ]
 [ 3.13963515 -3.94937664 -4.17097493]]
[[-4.66261695  5.54055475  3.99401433]
 [ 3.89567695 -3.80713294 -5.79946506]]
[[ 5.01166293  0.57042388  5.99840082]
 [-3.79470951  2.82964964 -3.75919869]]
[[ 5.87476015 -5.80668591  3.04452203]
 [-3.96966161  5.27582948 -4.78779353]]
[[-2.50371382  4.02386402  5.1704531 ]
 [ 4.91638717 -2.92424863 -4.873338  ]]
[[-5.17104555  4.70220397  3.83775123]
 [ 4.53620739 -3.92034304 -4.42102339]]
[[-1.87436971 -5.07379751  5.1311664 ]
 [-5.09554775  4.42811802 -2.57519809]]
[[-3.67885861  5.68325157  5.53595311]
 [ 2.98749119 -5.60034253 -5.22442686]]
[[ 5.65350866 -5.6295794   4.97681843]
 [-5.0514491   4.46084589 -5.47270213]]
[[-5.75549077  4.49424166  4.16548206]
 [ 5.7243853  -3.54139869 -5.11244053]]
[[-5.74179062  4.47179979  3.65760061]
 [ 2.07992602 -4.54461443 -4.65737393]]
[[ 5.85219572 -4.61806018  4.80899612]
 [-4.33849137  3.80375595 -5.50310658]]
[[ 4.63891118 -2.13825482  5.19225308]
 [-3.49228538  3.68688282 -5.38466518]]
[[-4.85573602 -5.70580185  5.91609438]
 [ 4.18181659 -5.82917801 -3.0595117 ]]
[[ 5.6567835   3.6850558  -5.8789763 ]
 [-5.96388675 -4.26698492  4.18332602]]
[[ 5.63206067  3.70867039  2.38634366]
 [-4.13405566 -3.51252631  4.6919091 ]]
[[-4.60190986  5.32372045  4.76784395]
 [ 5.03789455 -3.87982344 -2.99586852]]
[[-3.16915858 -5.11837819  5.72411889]
 [-3.99472974  3.37612585 -3.67121848]]
[[ 5.92139955 -5.3272131   4.33844091]
 [-4.84873457  5.18271059 -3.49717371]]
[[-2.70212736  5.99671053  3.83353746]
 [ 3.99731324 -3.93134229 -4.04901516]]
[[-5.61900367  5.70585658  0.52596115]
 [ 5.24569313 -3.49542676 -3.04641204]]
[[ 5.3005     -3.18807187  5.90024038]
 [-4.03588002  4.76808542 -4.84589029]]
[[-5.67827817  5.73296135  4.69331332]
 [ 4.4348522  -5.34186061 -2.64716485]]
[[ 4.7126573   5.8478354  -5.22139725]
 [-4.10483278 -3.81821842  5.34852236]]
[[ 4.60572757 -5.37840057  1.48110788]
 [-3.43143514  4.04045758 -5.96044055]]
[[ 4.17175123  4.79730218 -2.64837833]
 [-4.2307599  -3.74092966  3.22985528]]
[[-1.49494072  5.0204297   4.99648179]
 [ 5.1943598  -4.19469456 -3.46261637]]
[[ 5.47564459  4.49380404 -5.94933241]
 [-4.21124693 -5.25489992  3.15005783]]
[[ 3.16109451e+00 -2.19687616e-04  5.42636758e+00]
 [-2.17686203e+00  5.62206379e+00 -4.75153875e+00]]
[[ 4.69709326  5.77221838 -1.45297322]
 [-2.67088236 -3.39325088  4.94272467]]
[[ 4.54600006  5.31051046  1.36619112]
 [-3.14398668 -4.08011883  4.52994695]]
[[ 3.56812127  5.09554635 -4.30802777]
 [-4.40132676 -3.42139832  2.85426533]]
[[-3.32271077  5.3704971   3.70941836]
 [ 5.83643062 -4.62901923 -2.98022126]]
[[ 4.68345703  2.16357605  5.70916323]
 [-4.53236231  5.05729464 -3.85700917]]
[[ 4.62010335  5.92378881 -4.85481903]
 [-2.94455696 -4.14146806  5.42645121]]
[[ 5.40171077  3.55277846 -4.14445992]
 [-5.42761556 -4.03172237  3.11166582]]
[[-5.5314639   5.57809902 -4.11989618]
 [ 4.59307343 -3.46738634 -5.63227366]]
[[ 5.46485824  5.80567116 -3.51745861]
 [-4.81153026 -4.64950531  3.69443966]]
[[ 5.49795649  1.47892406 -4.8751221 ]
 [-3.33359902 -5.63770589  3.03044741]]
[[ 5.91866698  4.83219893  5.40247967]
 [-3.90079812  4.44248971 -3.34079132]]
[[ 4.72302474  4.42905591 -0.11497642]
 [-3.48687852 -3.24788363  4.09852137]]
[[-3.99962961  4.58946436  5.68939218]
 [ 3.40962901 -5.60773548 -3.95197721]]
[[ 4.98899913  4.40477017  1.72162158]
 [-4.01974636 -2.77576793  4.721506  ]]
[[ 5.19948437  5.35853802 -5.55262653]
 [-5.99496509 -4.19366338  3.33752491]]
[[-4.08399845  2.33184802  5.74594314]
 [ 3.74051407 -4.78527555 -3.78631273]]
[[ 5.82892832 -3.84654315  4.37946133]
 [-4.55465139  4.86742905 -4.10342385]]
[[ 4.40984095  5.5042916  -2.20070881]
 [-3.87203955 -4.79420682  2.54828851]]
[[ 4.53933042 -5.70009891  2.28722801]
 [-3.68391714  3.38979402 -5.83539364]]
