[[2.24360929e-02 9.77901333e-01 1.37664041e-05 1.24286676e-03]]
[[1.98657060e-02 9.76657724e-01 9.79207362e-06 2.09550426e-02]]
[[2.28889714e-02 9.76634347e-01 9.60146474e-06 9.64328576e-03]]
[[1.95925662e-02 9.76253221e-01 8.87525166e-06 2.31556007e-02]]
[[2.18741407e-02 9.79554568e-01 9.67587675e-06 4.79506348e-03]]
[[2.29214561e-02 9.80014188e-01 1.00450298e-05 1.45299640e-02]]
[[2.36934720e-02 9.80973879e-01 1.03725103e-05 3.09897595e-03]]
[[2.39384996e-02 9.77455750e-01 4.01756706e-05 6.23813610e-03]]
[[2.01120624e-02 9.77701921e-01 8.90475922e-06 2.72190056e-03]]
[[2.33918056e-02 9.77254477e-01 5.51881182e-04 2.39192120e-02]]
[[2.19623042e-02 9.83693522e-01 7.54526021e-06 1.50694005e-03]]
[[2.36953725e-02 9.79237572e-01 8.07470282e-06 2.35710806e-03]]
[[2.28248830e-02 9.82830926e-01 5.55336526e-04 2.30238300e-02]]
[[2.34650916e-02 9.83176597e-01 9.58264541e-06 8.10242460e-03]]
[[2.27691650e-02 9.78703372e-01 1.09650304e-05 1.30380408e-02]]
[[2.04861547e-02 9.76753327e-01 9.48906192e-06 8.11128533e-03]]
[[2.37014380e-02 9.82165445e-01 2.27423964e-05 1.48155093e-02]]
[[2.29510664e-02 9.81140512e-01 1.51270975e-05 1.51933154e-02]]
[[2.27551506e-02 9.77283122e-01 7.26327031e-05 1.84694799e-02]]
[[2.24491263e-02 9.76748073e-01 4.59698003e-04 9.17080495e-03]]
[[2.39598917e-02 9.76375289e-01 1.26636672e-05 1.61340995e-02]]
[[2.35824742e-02 9.82474800e-01 8.83021713e-06 3.24199421e-03]]
[[2.10643113e-02 9.81832806e-01 6.98166750e-05 9.90316935e-03]]
[[2.06403831e-02 9.76105171e-01 1.01165676e-05 4.65920260e-03]]
[[2.04364664e-02 9.76147615e-01 1.12149311e-05 2.65613633e-03]]
[[2.31038603e-02 9.77808534e-01 1.92118815e-05 6.15932308e-03]]
[[0.02103554 0.97865304 0.00285817 0.0119234 ]]
[[2.09312973e-02 9.77507131e-01 1.05562480e-05 2.07566331e-02]]
[[2.35441085e-02 9.83869365e-01 7.70868404e-06 7.32373026e-04]]
[[2.36270734e-02 9.76654206e-01 1.11516929e-05 8.70543629e-04]]
[[1.97525571e-02 9.76734674e-01 9.40383425e-06 8.55640348e-03]]
[[2.21716450e-02 9.78198064e-01 4.54714248e-05 1.75032360e-02]]
[[2.38559235e-02 9.76575293e-01 1.44844989e-05 8.21211021e-03]]
[[2.37316764e-02 9.81512500e-01 2.76502336e-04 1.91039976e-02]]
[[2.19165990e-02 9.80578737e-01 2.07652701e-05 1.33138983e-02]]
[[2.17159806e-02 9.79541602e-01 8.74868798e-06 1.02793256e-03]]
[[2.28282802e-02 9.77027918e-01 8.84956345e-06 4.20144094e-03]]
[[2.30303721e-02 9.78441757e-01 3.08538579e-04 2.06528577e-02]]
[[2.30430986e-02 9.80433943e-01 1.02482288e-05 2.15838584e-03]]
[[2.37437215e-02 9.81019015e-01 1.09048556e-05 9.01145674e-03]]
[[0.02307137 0.97757159 0.00099199 0.01238693]]
[[0.02355888 0.97729475 0.00193697 0.01420297]]
[[2.27041786e-02 9.81475268e-01 1.67680931e-05 2.22919023e-02]]
[[2.39724244e-02 9.78493730e-01 8.88655394e-06 6.46510266e-04]]
[[2.35045308e-02 9.79154760e-01 1.21552285e-05 2.00539628e-02]]
[[2.20674074e-02 9.79116281e-01 1.90502602e-05 1.46401374e-02]]
[[0.02383469 0.98135712 0.00313881 0.01280045]]
[[2.31222068e-02 9.82694715e-01 5.88849305e-05 6.33612719e-03]]
[[2.32774890e-02 9.77484080e-01 1.12321569e-04 1.30006876e-02]]
[[2.04833392e-02 9.79918123e-01 1.51254181e-05 7.79996709e-03]]
[[1.74461544e-02 9.76196814e-01 9.79717622e-06 4.11721907e-03]]
[[2.15965984e-02 9.77827247e-01 1.05243206e-05 2.55436346e-03]]
[[2.32320802e-02 9.79225562e-01 8.15553927e-06 6.69264815e-04]]
[[2.34089121e-02 9.80579567e-01 6.17484101e-04 1.54286650e-02]]
[[2.09825419e-02 9.77864417e-01 4.02623769e-05 2.25317645e-02]]
[[2.00647017e-02 9.80584637e-01 8.06441081e-06 1.36902190e-02]]
[[2.24410263e-02 9.77166314e-01 6.81077018e-04 1.41930615e-02]]
[[2.21587381e-02 9.76259174e-01 2.70190819e-05 7.27617256e-03]]
[[0.02313126 0.97691313 0.00237058 0.01373272]]
[[2.13881281e-02 9.77455947e-01 1.18817387e-04 6.25989679e-03]]
[[2.38925396e-02 9.82576468e-01 1.86523164e-05 5.41144634e-03]]
[[2.36009002e-02 9.80761920e-01 3.67872927e-04 7.84375502e-03]]
[[2.19010376e-02 9.79113069e-01 8.94848890e-06 1.48355313e-03]]
[[2.32691799e-02 9.77330168e-01 8.28709631e-05 1.29004989e-02]]
[[2.36889462e-02 9.76265326e-01 5.68900476e-04 1.90688833e-02]]
[[2.39944360e-02 9.77869984e-01 1.20999733e-05 1.53582615e-02]]
[[2.09885721e-02 9.81389187e-01 1.53284218e-05 1.55798311e-02]]
[[2.31114363e-02 9.77397765e-01 1.40947791e-05 5.10373995e-03]]
[[2.33837168e-02 9.79798201e-01 7.93035848e-06 1.85363921e-04]]
[[2.33574106e-02 9.79420635e-01 9.83061964e-06 6.94190976e-03]]
[[1.96062500e-02 9.76905819e-01 8.32299798e-05 2.22040258e-02]]
[[2.38463281e-02 9.77645571e-01 1.08358475e-05 9.09670423e-03]]
[[2.37807026e-02 9.81390035e-01 8.69305282e-06 1.09861265e-02]]
[[2.26080114e-02 9.78176558e-01 2.27926495e-05 1.46792898e-02]]
[[2.33085699e-02 9.77488935e-01 6.26913863e-04 9.90554840e-03]]
[[2.35210049e-02 9.78942379e-01 1.31802853e-04 9.49699674e-03]]
[[0.02069197 0.97744764 0.0027894  0.01044563]]
[[2.23930192e-02 9.76784775e-01 1.11446015e-05 9.31825013e-03]]
[[2.22708153e-02 9.81209875e-01 4.98087741e-04 2.30168540e-02]]
[[2.14063645e-02 9.76932121e-01 5.32902243e-04 2.32250570e-02]]
[[2.31806984e-02 9.77533488e-01 2.53011952e-04 2.04632824e-02]]
[[1.98284011e-02 9.76774459e-01 1.94074538e-04 1.43833563e-02]]
[[0.02136861 0.98054501 0.00260997 0.02284378]]
[[2.36802070e-02 9.78437819e-01 1.22920575e-05 1.90702738e-02]]
[[2.25533797e-02 9.76523861e-01 4.15842938e-04 1.56427454e-02]]
[[2.32368192e-02 9.84869899e-01 7.72473315e-06 1.66732863e-02]]
[[2.31271993e-02 9.78399817e-01 1.26766235e-05 3.75022781e-03]]
[[0.02105368 0.97687654 0.00223972 0.01275031]]
[[2.37017059e-02 9.78569943e-01 1.22236925e-05 1.11398778e-02]]
[[2.09374491e-02 9.77768952e-01 7.57428470e-06 2.23279052e-03]]
[[2.05675032e-02 9.76502751e-01 6.53533819e-05 2.17975730e-02]]
[[2.19875665e-02 9.78731991e-01 8.07814207e-04 1.12551002e-02]]
[[2.04013521e-02 9.77073615e-01 1.03744592e-05 8.21061674e-03]]
[[0.02100283 0.97833771 0.00302564 0.0194456 ]]
[[0.02150581 0.98238015 0.00257164 0.02101981]]
[[2.25790159e-02 9.81004236e-01 6.11715802e-04 2.28725881e-02]]
[[2.36886724e-02 9.78509662e-01 5.75017537e-04 8.65719114e-03]]
[[2.21035180e-02 9.79604096e-01 9.98578298e-06 1.70785882e-02]]
[[2.36845822e-02 9.78816116e-01 2.04929659e-04 1.21127762e-02]]
[[2.35982906e-02 9.79599502e-01 1.00024374e-05 4.21356182e-04]]
[[2.16951248e-02 9.77619457e-01 1.27845341e-05 1.12140333e-02]]
[[2.33807063e-02 9.78285741e-01 5.19907561e-04 6.19628161e-03]]
[[2.34840894e-02 9.76708240e-01 1.17296749e-05 4.13039127e-03]]
[[0.02384894 0.9795155  0.00277497 0.00951802]]
[[2.11479496e-02 9.78162005e-01 3.68447119e-04 4.19042377e-03]]
[[2.26190540e-02 9.77753194e-01 1.04188918e-05 1.06004294e-03]]
[[2.32198246e-02 9.79798504e-01 8.63393039e-06 1.20291656e-03]]
[[2.35229579e-02 9.76322729e-01 7.34500270e-04 2.32337515e-02]]
[[1.92080464e-02 9.76774260e-01 8.18016413e-06 9.05894390e-04]]
[[0.02350223 0.97613647 0.00345104 0.0121511 ]]
[[0.0224713  0.97838877 0.00099055 0.00864998]]
[[2.21624963e-02 9.76346556e-01 1.31535471e-05 2.17262940e-02]]
[[2.33996431e-02 9.79438766e-01 2.88523705e-05 2.05915243e-02]]
[[2.08409969e-02 9.79130131e-01 9.13705960e-06 4.81452474e-03]]
[[2.36593156e-02 9.80747871e-01 3.16434282e-04 1.55269779e-02]]
[[2.28812013e-02 9.78192107e-01 7.55890972e-06 4.95708685e-05]]
[[2.14132240e-02 9.78756093e-01 7.89836188e-06 3.41343240e-04]]
[[0.02361427 0.98005834 0.0021673  0.0176739 ]]
[[2.33392587e-02 9.76599732e-01 3.65529024e-05 1.15045517e-02]]
[[2.25937071e-02 9.76184586e-01 5.18476676e-04 1.44274992e-03]]
[[2.27014232e-02 9.76055411e-01 5.70296693e-04 1.09023759e-02]]
[[2.15541452e-02 9.77769201e-01 6.89786106e-05 1.51875624e-02]]
[[2.27279674e-02 9.76924823e-01 1.43768700e-05 2.29056148e-02]]
[[2.18868108e-02 9.79290057e-01 9.90059802e-06 6.83378456e-03]]
[[0.02295057 0.97895918 0.00256085 0.00834043]]
[[2.05612383e-02 9.76577910e-01 9.26211192e-06 2.22480819e-03]]
[[2.34252151e-02 9.81689068e-01 1.22366895e-04 7.33726560e-03]]
[[2.37679009e-02 9.81529381e-01 2.99867293e-05 1.95123676e-03]]
[[2.37045223e-02 9.79545871e-01 1.04670823e-05 1.16428140e-02]]
[[2.21688308e-02 9.76231856e-01 1.03558800e-05 5.94063053e-03]]
[[2.39467477e-02 9.76326083e-01 6.18953502e-04 2.25486289e-02]]
[[2.15100241e-02 9.79029051e-01 1.27759096e-05 3.99979538e-03]]
[[0.02393805 0.9834127  0.0023258  0.01567539]]
[[2.37306690e-02 9.78121609e-01 1.25174602e-05 1.79725149e-02]]
[[2.12052537e-02 9.82639769e-01 9.79387768e-06 7.86943246e-03]]
[[2.26620518e-02 9.77767180e-01 2.58291359e-04 1.27793506e-02]]
[[2.26432910e-02 9.79333472e-01 8.64860816e-06 3.34404608e-04]]
[[2.30386369e-02 9.78475995e-01 4.41451622e-05 1.76749862e-02]]
[[2.24487218e-02 9.79406948e-01 1.05021230e-05 6.93900924e-03]]
[[2.19033278e-02 9.81839841e-01 4.07507603e-04 1.66629064e-02]]
[[2.39643234e-02 9.77328845e-01 8.75393033e-06 1.53247671e-03]]
[[2.31457685e-02 9.76499080e-01 1.25919065e-05 1.09233131e-02]]
[[2.15861920e-02 9.76227823e-01 5.08371947e-04 5.62772368e-03]]
[[2.18012757e-02 9.78033833e-01 1.19936253e-05 2.32644300e-02]]
[[0.02111947 0.97640544 0.00122689 0.01042446]]
[[2.24927489e-02 9.76281915e-01 1.07036207e-05 1.61741249e-02]]
[[2.21037161e-02 9.77410529e-01 3.00074014e-04 1.43060992e-02]]
[[2.39217403e-02 9.77005783e-01 1.08853312e-05 2.17761212e-03]]
[[2.32706710e-02 9.86187334e-01 9.23803889e-06 1.44142152e-02]]
[[2.10504849e-02 9.76389411e-01 9.29808388e-06 7.36342858e-03]]
[[1.98784935e-02 9.76893253e-01 1.45753498e-04 8.36898266e-03]]
[[2.28851494e-02 9.77794162e-01 1.21838407e-05 2.37556032e-02]]
[[2.37147916e-02 9.82100173e-01 1.05934601e-05 1.66764684e-02]]
[[2.38179841e-02 9.78506623e-01 1.31585256e-05 1.14760535e-02]]
[[2.30956698e-02 9.77138016e-01 5.80722597e-04 1.85741579e-02]]
[[2.28342105e-02 9.76636135e-01 3.94834675e-05 2.29625790e-02]]
[[2.18279236e-02 9.81943800e-01 2.36957525e-04 2.32678253e-02]]
[[0.02278611 0.97818939 0.0013766  0.01836308]]
[[2.33187316e-02 9.82621442e-01 1.09869435e-05 1.12941873e-02]]
[[2.20172651e-02 9.76492920e-01 9.43482403e-06 5.83214618e-04]]
