[[-5.87652372  4.22929243 -5.90155414]]
[[-5.95520288 -5.79095903  3.94877258]]
[[-5.87497409 -5.92112216  4.28820607]]
[[-5.99756667  4.05492882 -5.88299818]]
[[ 4.0301658  -5.76716455 -5.86366766]]
[[ 4.22133137 -5.81421048 -5.91210814]]
[[-5.73128025  4.18308274 -5.88895655]]
[[-5.52571991 -5.95477135  4.06441612]]
[[ 3.94980489 -5.85450556 -5.86753625]]
[[-5.5037624   3.93956525 -5.89920239]]
[[ 4.25815981 -5.97066127 -5.8799399 ]]
[[ 4.41023914 -5.89740681 -5.9498221 ]]
[[-5.95590024  4.24991085 -5.80763976]]
[[-5.86640842 -5.87848551  4.28790064]]
[[-5.92486405  4.19391316 -5.78768048]]
[[-5.95415999  4.02754998 -5.80800417]]
[[ 4.47212375 -5.9133988  -5.9951904 ]]
[[-5.94793172  4.39069156 -5.9451045 ]]
[[-5.95868351 -5.87933188  4.31812396]]
[[ 3.8828177  -5.96644405 -5.46397093]]
[[ 4.39896786 -5.92606402 -5.88714869]]
[[ 4.318856   -5.81389531 -5.95173362]]
[[ 4.23100165 -5.96493746 -5.94383569]]
[[ 3.96306774 -5.97036661 -5.71199994]]
[[-5.99994066  4.15411416 -5.89374595]]
[[ 4.14617642 -5.66222218 -5.97271549]]
[[-5.86550828 -5.97676073  4.16170506]]
[[ 3.87046353 -5.88485166 -5.67632447]]
[[-5.85185066  4.3702514  -5.96850866]]
[[-5.68653367  4.20291223 -5.95928132]]
[[-5.98261432  3.98053709 -5.80696692]]
[[-5.77446985 -5.96848823  4.16991822]]
[[-5.98107189 -5.46514128  4.02305788]]
[[ 4.51311768 -5.99372693 -5.95324426]]
[[-5.83211133  4.1315287  -5.89611867]]
[[-5.88568042 -5.86479226  4.13496945]]
[[ 4.43928023 -5.99346231 -5.95914247]]
[[-5.82305724  4.01737455 -5.6896007 ]]
[[-5.80514053  4.07347299 -5.76248489]]
[[-5.93576497  4.25924089 -5.7562899 ]]
[[ 4.46548377 -5.9844094  -5.97271622]]
[[-5.96094152  4.12866609 -5.616548  ]]
[[-5.81915154 -5.90794342  4.20261415]]
[[ 4.3066245  -5.91592962 -5.80386818]]
[[ 4.04866121 -5.86457429 -5.63764075]]
[[-5.94908168 -5.75983106  4.12623473]]
[[ 4.31138074 -5.75233081 -5.98403003]]
[[-5.88814841  4.2591938  -5.85818153]]
[[-5.74571524  4.24146459 -5.96918102]]
[[ 4.16656157 -5.90354634 -5.99791006]]
[[ 3.87670392 -5.98051794 -5.95825778]]
[[ 3.89834612 -5.87202157 -5.65309704]]
[[-5.87955034  4.39305952 -5.99093916]]
[[-5.94871797  4.20592481 -5.71910928]]
[[ 4.07474669 -5.94657288 -5.81389125]]
[[-5.97975097 -5.99087835  4.1935805 ]]
[[ 4.30449805 -5.92060909 -5.93222458]]
[[-5.99955772  4.07190178 -5.64657492]]
[[-5.82539523  4.23315918 -5.89409894]]
[[-5.96300999 -5.8718665   4.18827828]]
[[-5.9708965  -5.90928783  4.46017149]]
[[ 4.12918039 -5.60892909 -5.96542443]]
[[ 4.13979692 -5.74701745 -5.99093315]]
[[ 4.146454   -5.67470588 -5.94591084]]
[[ 4.00541834 -5.69054316 -5.7524206 ]]
[[-5.55963451 -5.96954966  4.11789153]]
[[-5.90926677  4.16990215 -5.94576581]]
[[-5.96398425 -5.96733044  4.44322467]]
[[-5.96859948 -5.84053854  4.34503021]]
[[-5.82951713 -5.99184027  4.35494449]]
[[-5.88836039 -5.89393964  3.95808827]]
[[-5.88508904  4.20190856 -5.74079908]]
[[ 4.40000093 -5.91578937 -5.91383718]]
[[-5.91200192 -5.65683486  4.03566986]]
[[ 4.18702011 -5.80319138 -5.85452807]]
[[-5.87483205 -5.95641106  4.37912432]]
[[-5.90932539  4.06973915 -5.87461504]]
[[-5.69784254 -5.88594837  4.03107398]]
[[-5.72003778  4.14939288 -5.99326637]]
[[-5.98340959 -5.83984447  4.17839768]]
[[-5.72993471 -5.99668772  4.244659  ]]
[[-5.82159142  3.98486684 -5.96450011]]
[[-5.95031053 -5.98956377  4.29141008]]
[[-5.58711779  4.05415723 -5.90534072]]
[[-5.99938653  4.04261615 -5.58134712]]
[[-5.98875378 -5.88468567  4.3964271 ]]
[[ 4.16420471 -5.71820159 -5.93269726]]
[[ 3.96918515 -5.7245021  -5.92348569]]
[[-5.97297387 -5.63662012  4.1731517 ]]
[[-5.97097816 -5.8954608   4.17632665]]
[[-5.92509008  4.0314118  -5.83284373]]
[[-5.98292341  4.39100827 -5.99817536]]
[[-5.75139346  4.00401862 -5.99570869]]
[[-5.8490849  -5.99676689  4.16210858]]
[[-5.90234944  4.25222542 -5.98525946]]
[[-5.93627016  4.36381548 -5.96333828]]
[[ 4.20919083 -5.91721927 -5.72954065]]
[[ 4.22591023 -5.91125506 -5.89398924]]
[[ 4.05677268 -5.83092263 -5.66377288]]
[[-5.59749523  4.15177867 -5.99968307]]
[[-5.99725707  4.24304976 -5.86326026]]
[[ 4.14237377 -5.89799462 -5.70875064]]
[[-5.71671646  4.21743132 -5.95605066]]
[[ 4.50822585 -5.98167458 -5.95030619]]
[[-5.9394673   4.15298616 -5.88319396]]
[[-5.92210254  4.34516293 -5.95522807]]
[[ 4.34361489 -5.96171019 -5.8604151 ]]
[[-5.92327989 -5.68971954  4.1610507 ]]
[[ 4.10876976 -5.98210213 -5.9927298 ]]
[[ 4.22958604 -5.96503612 -5.71830431]]
[[-5.77176895  4.22234359 -5.99615197]]
[[-5.71151164 -5.75722957  3.89485721]]
[[ 4.1237701  -5.94108765 -5.64539595]]
[[-5.78425136 -5.94767793  4.03238531]]
[[-5.60605847 -5.96004191  4.12599107]]
[[-5.89834745  4.37940153 -5.98963922]]
[[-5.96450222 -5.96899176  4.2892924 ]]
[[-5.85357561  4.38347264 -5.97391   ]]
[[-5.57487928 -5.96097651  4.06785082]]
[[-5.99326631  4.2790704  -5.8202661 ]]
[[-5.86719065  4.21009849 -5.86763704]]
[[ 4.2441485 -5.9030225 -5.9719206]]
[[-5.95447401  4.21567761 -5.78354128]]
[[-5.83592033  4.08453919 -5.84810125]]
[[-5.98303754  4.37187905 -5.89123063]]
[[-5.78241209 -5.91244869  3.96771669]]
[[ 4.44864849 -5.93747136 -5.97165377]]
[[ 4.34442368 -5.8821646  -5.89298786]]
[[ 4.20302099 -5.75210763 -5.88711223]]
[[-5.71397676  4.13508239 -5.99440512]]
[[ 4.28275213 -5.77516673 -5.92295466]]
[[ 4.32130759 -5.95690001 -5.99939054]]
[[-5.99468016 -5.97457531  4.55314156]]
[[-5.82837612  4.08040103 -5.68596538]]
[[-5.94465034 -5.97731025  4.2578146 ]]
[[-5.6821228  -5.93531111  4.08915252]]
[[-5.96133454 -5.78846367  4.21982203]]
[[-5.87793264 -5.84152242  4.22490619]]
[[-5.85795925  4.04498079 -5.7346557 ]]
[[-5.99268892  4.36197749 -5.96722843]]
[[-5.90448236 -5.89231788  4.38293436]]
[[ 3.98328013 -5.82837924 -5.63995181]]
[[-5.84332325  4.16789735 -5.95233178]]
[[ 3.96064642 -5.85934067 -5.70879446]]
[[ 4.01049151 -5.95560777 -5.72731225]]
[[-5.7419478  -5.9748237   4.17314605]]
[[ 4.01555725 -5.72296468 -5.87190832]]
[[-5.88061815  4.45999972 -5.99689175]]
[[-5.96142945 -5.98249324  4.46989117]]
[[-5.97855453 -5.99689277  4.29633434]]
[[ 4.0498351  -5.86525942 -5.98065195]]
[[-5.90665396  4.30291156 -5.90448958]]
[[-5.76287587  4.12699718 -5.7994329 ]]
[[ 3.96803848 -5.94948706 -5.44496768]]
[[-5.74905744 -5.82368531  4.08325559]]
[[-5.94447199 -5.69947526  4.13115433]]
[[-5.8250822   4.21903343 -5.99894233]]
[[ 4.32418385 -5.90208128 -5.9392118 ]]
[[ 4.36061122 -5.96388494 -5.86653307]]
[[-5.76636336 -5.89926293  4.07829611]]
