[[2.00461291e-02 9.81525248e-01 7.42871506e-06 4.06722781e-03]]
[[2.09467002e-02 9.77734209e-01 8.81891667e-06 3.04436395e-03]]
[[2.22046802e-02 9.79611878e-01 6.75089597e-05 1.71291898e-02]]
[[2.31369454e-02 9.80116189e-01 9.20212494e-06 1.90119147e-03]]
[[2.30145917e-02 9.76381259e-01 1.24956560e-05 2.39316099e-02]]
[[2.17419428e-02 9.81551339e-01 4.56191439e-04 1.73013292e-02]]
[[0.02217234 0.97986338 0.00124513 0.02397119]]
[[2.39835223e-02 9.81184545e-01 1.37193665e-05 1.27543100e-02]]
[[2.24082512e-02 9.79357689e-01 9.64480480e-06 5.40480235e-03]]
[[2.30814239e-02 9.76095528e-01 1.25941797e-05 2.51624512e-03]]
[[2.22917523e-02 9.76923384e-01 1.23529331e-05 1.52841751e-02]]
[[2.33762587e-02 9.77230169e-01 1.95605247e-05 1.09480237e-02]]
[[2.17077287e-02 9.82239809e-01 3.77376080e-04 2.10408934e-02]]
[[2.28869624e-02 9.80394673e-01 6.74845946e-04 1.94298786e-02]]
[[2.01823908e-02 9.76153459e-01 2.22630969e-05 6.18209122e-03]]
[[2.31284106e-02 9.77667221e-01 1.25657415e-05 2.11519189e-02]]
[[2.19235566e-02 9.77570593e-01 5.12861648e-04 9.98934770e-03]]
[[2.34436403e-02 9.79267222e-01 1.00853731e-05 1.22668577e-03]]
[[0.02379452 0.97675737 0.00246129 0.01810543]]
[[0.02361134 0.97819665 0.00232257 0.02231291]]
[[2.29219510e-02 9.77633522e-01 4.13247487e-05 2.02435764e-02]]
[[2.39292775e-02 9.76391190e-01 7.02468818e-04 2.09772795e-02]]
[[2.29498297e-02 9.80116708e-01 1.31180554e-04 2.66029313e-03]]
[[2.34007451e-02 9.76270939e-01 1.22341076e-05 1.78374330e-02]]
[[2.31503928e-02 9.76364282e-01 7.45689084e-06 6.97735897e-04]]
[[2.25321444e-02 9.76897128e-01 3.75557463e-04 7.25562554e-03]]
[[2.21239922e-02 9.82611280e-01 9.08611989e-06 3.53635601e-03]]
[[1.99627303e-02 9.79486672e-01 8.49395896e-06 1.94471552e-02]]
[[2.02073127e-02 9.80004337e-01 7.55795637e-06 6.04515780e-04]]
[[2.13330237e-02 9.77853093e-01 1.08430164e-05 1.42775252e-02]]
[[2.32929558e-02 9.77458674e-01 2.84173254e-04 1.69352564e-02]]
[[2.38456180e-02 9.81595085e-01 1.08431047e-05 7.74388052e-03]]
[[2.20677388e-02 9.77446346e-01 1.45502108e-05 1.08475661e-02]]
[[2.09820288e-02 9.77301900e-01 1.34176451e-05 1.18021945e-02]]
[[2.02492481e-02 9.77671500e-01 9.19681977e-06 1.67203427e-02]]
[[2.21973838e-02 9.76088072e-01 1.38677507e-05 1.54202732e-02]]
[[0.02015699 0.9791692  0.00311074 0.02154017]]
[[2.29638833e-02 9.76595272e-01 6.19809012e-05 6.29476860e-03]]
[[2.10948912e-02 9.76095865e-01 8.68595040e-04 1.83995270e-02]]
[[0.02216555 0.97780417 0.00269918 0.01493065]]
[[2.38909916e-02 9.79227660e-01 1.42259456e-05 1.37717186e-02]]
[[2.35743310e-02 9.81754299e-01 1.88015212e-05 2.28236854e-02]]
[[2.36916681e-02 9.76434185e-01 1.17321061e-05 3.35204138e-04]]
[[2.22927381e-02 9.81305137e-01 1.06049961e-05 5.47479353e-03]]
[[2.13627139e-02 9.76825030e-01 1.10569679e-05 6.90670198e-03]]
[[1.99188468e-02 9.77004498e-01 9.10896197e-06 2.85026381e-03]]
[[2.09168444e-02 9.82898540e-01 8.34413581e-06 1.28058221e-02]]
[[2.37534949e-02 9.80253008e-01 8.66244806e-06 1.18578707e-03]]
[[2.38593387e-02 9.78117946e-01 1.67560665e-04 1.11526995e-02]]
[[2.26805005e-02 9.78393662e-01 2.47774372e-05 1.21012765e-02]]
[[1.99784370e-02 9.77830982e-01 9.21902953e-06 3.57324491e-03]]
[[2.27117457e-02 9.77235347e-01 5.49309214e-04 1.02868962e-02]]
[[2.39729984e-02 9.83913565e-01 1.38310651e-05 8.45069866e-03]]
[[2.35710786e-02 9.78617313e-01 6.40419102e-04 2.24022770e-02]]
[[2.10455309e-02 9.80768046e-01 2.60577757e-04 1.39012553e-02]]
[[2.06478827e-02 9.79958230e-01 8.15780907e-06 2.36247594e-03]]
[[2.07529130e-02 9.76141223e-01 9.75355001e-06 1.74514254e-03]]
[[2.26790170e-02 9.76440544e-01 1.06474922e-05 3.08369940e-03]]
[[2.31768531e-02 9.78065347e-01 5.38970879e-05 1.26780552e-02]]
[[2.01354304e-02 9.78184757e-01 9.01883528e-06 1.46405504e-02]]
[[2.05064301e-02 9.77934112e-01 7.84706191e-06 5.37292134e-04]]
[[2.33422867e-02 9.85953142e-01 7.32759583e-06 1.99574578e-03]]
[[2.32323597e-02 9.78414002e-01 1.22194415e-05 2.74440944e-03]]
[[2.35735184e-02 9.76696945e-01 9.40710178e-06 2.58989431e-03]]
[[2.27517251e-02 9.76674531e-01 1.11450937e-05 3.66226163e-03]]
[[2.23971460e-02 9.82409119e-01 1.26451441e-05 1.49595255e-02]]
[[2.37093904e-02 9.77331601e-01 6.23442034e-04 1.08095236e-02]]
[[2.22420583e-02 9.81699496e-01 9.20376884e-06 4.48721983e-03]]
[[2.39235514e-02 9.84898604e-01 4.10304129e-05 9.26406530e-03]]
[[2.36755342e-02 9.83925337e-01 5.80984517e-04 1.69035229e-02]]
[[2.16193258e-02 9.77578852e-01 9.17348636e-06 1.54528592e-03]]
[[2.27800157e-02 9.77455038e-01 1.50542240e-05 1.50119815e-02]]
[[2.39064670e-02 9.77386305e-01 1.08100368e-05 7.89770284e-04]]
[[1.85781954e-02 9.78869595e-01 3.67854674e-04 1.19412139e-02]]
[[2.27087232e-02 9.81716614e-01 8.83550076e-06 1.99683603e-02]]
[[2.35711445e-02 9.76886526e-01 1.23637796e-05 2.38326145e-02]]
[[2.33320709e-02 9.78049517e-01 9.96736673e-06 9.22130196e-04]]
[[2.21013241e-02 9.77291352e-01 9.71248262e-06 4.71373559e-04]]
[[2.31546966e-02 9.77541515e-01 9.16065227e-06 1.02823534e-03]]
[[2.35926689e-02 9.81613549e-01 4.29934784e-04 1.99865760e-02]]
[[2.38052529e-02 9.77851035e-01 1.12692754e-04 1.48824686e-02]]
[[2.11438537e-02 9.76811686e-01 1.04336090e-05 1.08533490e-02]]
[[0.01928096 0.97697076 0.00246485 0.0220234 ]]
[[2.37369501e-02 9.76288067e-01 9.62497724e-06 2.17603976e-03]]
[[2.22240471e-02 9.76040781e-01 4.79331455e-04 1.09001481e-03]]
[[2.35424449e-02 9.80296728e-01 1.44520814e-04 2.16654765e-02]]
[[2.11217769e-02 9.78820893e-01 1.01988891e-05 1.93024986e-02]]
[[2.18450649e-02 9.82638381e-01 8.16079543e-06 1.18277532e-02]]
[[2.34009731e-02 9.76397323e-01 9.87934349e-06 5.26462917e-03]]
[[2.21785808e-02 9.78705154e-01 1.02009061e-05 4.29626843e-03]]
[[2.19833536e-02 9.79198042e-01 5.07976689e-04 8.42918043e-03]]
[[2.22008643e-02 9.78716188e-01 1.13161882e-05 6.71436292e-03]]
[[2.38787716e-02 9.79721919e-01 1.23678781e-05 1.28585890e-02]]
[[2.34422072e-02 9.79449212e-01 5.94064975e-04 7.54688707e-03]]
[[2.34447226e-02 9.82015651e-01 9.85116266e-06 1.46587164e-02]]
[[2.04173596e-02 9.77380311e-01 4.48468324e-04 1.73919902e-02]]
[[1.88011200e-02 9.78125604e-01 7.79055931e-06 8.34185296e-03]]
[[2.22767125e-02 9.76690626e-01 1.05265658e-05 1.30029877e-03]]
[[0.02285254 0.9782952  0.00151392 0.01123445]]
[[2.34383466e-02 9.79799426e-01 2.54851101e-05 1.97517088e-02]]
[[2.17838481e-02 9.77799106e-01 2.69974162e-04 3.99697931e-03]]
[[2.07394455e-02 9.80121815e-01 5.05879639e-05 1.00011609e-02]]
[[0.02381844 0.97663772 0.00273823 0.00882312]]
[[2.35251955e-02 9.80346898e-01 5.22626041e-04 6.77926867e-03]]
[[2.15467371e-02 9.77708172e-01 1.26031216e-05 1.62361280e-02]]
[[2.29545074e-02 9.81318786e-01 9.69126128e-06 8.19195770e-03]]
[[2.38880857e-02 9.82883480e-01 1.02567342e-05 2.06416340e-02]]
[[2.27231811e-02 9.79622261e-01 2.55532709e-04 1.03778656e-02]]
[[2.27245107e-02 9.79229719e-01 1.38998182e-05 2.19271768e-02]]
[[0.02291013 0.97716318 0.00285868 0.01918035]]
[[0.02251164 0.98123694 0.00181918 0.02259163]]
[[2.19507082e-02 9.76212762e-01 1.36951789e-05 1.22966652e-02]]
[[2.21892553e-02 9.76829840e-01 9.57281006e-06 1.24759296e-02]]
[[2.36313934e-02 9.78935842e-01 4.24313390e-05 2.59785823e-03]]
[[2.36283691e-02 9.77582281e-01 8.32280262e-06 1.77294893e-04]]
[[2.35595836e-02 9.80028374e-01 7.87298977e-06 4.71493708e-04]]
[[2.27323938e-02 9.79779885e-01 1.57290027e-05 1.68290092e-02]]
[[2.20622566e-02 9.77539385e-01 1.15841382e-05 1.63985366e-02]]
[[2.37320873e-02 9.78681762e-01 2.80601873e-04 5.52660648e-03]]
[[2.30581070e-02 9.78940909e-01 8.87861539e-06 2.70657192e-03]]
[[0.02183668 0.9760944  0.0027811  0.01129307]]
[[0.02389172 0.97849474 0.00107898 0.0169433 ]]
[[2.16422586e-02 9.79419246e-01 8.41797469e-06 6.67671893e-03]]
[[2.30503347e-02 9.80131957e-01 1.19149774e-04 1.60303595e-02]]
[[0.02255458 0.980302   0.00285528 0.01720109]]
[[2.38469976e-02 9.76619795e-01 1.66201626e-05 1.60504029e-02]]
[[2.12618414e-02 9.80338137e-01 9.49277879e-06 6.71029151e-03]]
[[2.27390458e-02 9.77019426e-01 1.23198732e-05 2.87317401e-03]]
[[2.04480339e-02 9.76390079e-01 3.40701031e-04 1.80334908e-02]]
[[2.21031751e-02 9.78131467e-01 7.68658189e-06 1.86123322e-03]]
[[2.30497142e-02 9.76638202e-01 1.36209615e-05 2.33335652e-02]]
[[2.07703891e-02 9.77090772e-01 8.81253300e-06 1.28628215e-03]]
[[2.31828922e-02 9.79157910e-01 8.43673937e-06 1.51846940e-04]]
[[2.22019144e-02 9.81929920e-01 1.13350695e-05 1.59188245e-02]]
[[2.25673056e-02 9.78714704e-01 5.47031248e-04 1.33573036e-02]]
[[2.28646597e-02 9.80481336e-01 7.20168284e-06 3.01024862e-04]]
[[1.83297596e-02 9.78003905e-01 7.77924772e-06 1.36212745e-02]]
[[1.81334002e-02 9.78145125e-01 3.47461624e-04 1.96857564e-02]]
[[2.30535889e-02 9.76183715e-01 1.11993651e-05 8.20033543e-03]]
[[2.01579172e-02 9.77130064e-01 2.44684963e-05 1.50879544e-02]]
[[2.38512127e-02 9.76592267e-01 5.31214618e-04 2.76051525e-03]]
[[2.05035223e-02 9.77858820e-01 8.58883428e-06 2.27014295e-03]]
[[2.07765276e-02 9.79091149e-01 1.22142956e-05 6.05828348e-03]]
[[2.37440636e-02 9.77292399e-01 9.28179703e-06 1.30172460e-03]]
[[2.20309794e-02 9.78711558e-01 9.03829577e-06 8.21682187e-04]]
[[2.11969360e-02 9.77810917e-01 4.51692687e-04 6.49185113e-03]]
[[2.39656417e-02 9.81940967e-01 1.28313314e-05 2.04943042e-02]]
[[2.39036034e-02 9.79941929e-01 1.18388088e-05 6.72948605e-03]]
[[1.97257568e-02 9.76753717e-01 1.07780381e-05 9.81179261e-03]]
[[2.39908994e-02 9.82528920e-01 1.04671105e-05 2.15733263e-02]]
[[2.34333289e-02 9.77087867e-01 2.76374656e-05 9.45838620e-03]]
[[2.36977793e-02 9.85158796e-01 8.13600719e-06 6.92379917e-03]]
[[2.11258464e-02 9.83783118e-01 8.19019378e-06 6.85000743e-03]]
[[2.33942161e-02 9.76840363e-01 2.22411852e-04 4.04666244e-03]]
[[2.18021062e-02 9.80090097e-01 8.97520756e-06 1.06578359e-02]]
[[0.0195883  0.97647673 0.00270165 0.01983345]]
[[2.13324976e-02 9.82207588e-01 8.50973990e-06 1.07534599e-02]]
[[2.33895130e-02 9.80453099e-01 8.18279841e-05 9.71975531e-03]]
[[2.27742556e-02 9.76576368e-01 1.28342413e-04 1.12419123e-02]]
[[2.36017908e-02 9.81972025e-01 1.00084943e-05 6.04026866e-03]]
[[2.27699567e-02 9.85689995e-01 2.25081916e-04 2.11035042e-02]]
[[2.32122506e-02 9.77866296e-01 5.50888309e-04 7.82119232e-03]]
[[2.24236788e-02 9.80785015e-01 8.89931887e-06 1.27149744e-02]]
[[2.31271803e-02 9.80978202e-01 1.10556815e-05 2.04807442e-02]]
[[2.16886807e-02 9.76555639e-01 9.15655514e-06 3.75976868e-03]]
