[[ 5.97781737 -1.42935625 -5.38      ]
 [-3.75526166 -3.06087086  3.44409162]]
[[ 5.49931085 -5.88039455 -4.07876686]
 [-4.63651483  2.37355135 -5.7759865 ]]
[[-5.31828149  5.84707414 -5.00805158]
 [ 3.29978274 -4.61328619 -5.7638489 ]]
[[-5.50347896  5.42611526 -5.21373382]
 [-3.54254249 -4.36378126  2.94390182]]
[[-5.55735518 -1.12502021  4.60461431]
 [ 3.88289507 -4.6068339  -2.54746725]]
[[ 0.67103511  5.30345994  5.37780501]
 [ 4.06157608 -4.00118181 -4.43185912]]
[[-5.12348891 -2.00875337  5.30337557]
 [ 4.43356373 -4.00679425 -3.07697862]]
[[ 5.83045896  3.87479998 -1.99827878]
 [-3.95945401 -3.22966158  3.64433393]]
[[ 5.53948446 -5.89432809  4.12295498]
 [-4.82839655  3.8906435  -5.89021671]]
[[-5.74488727  4.58772341  5.16620062]
 [ 4.48489343 -3.44819205 -5.58113108]]
[[ 5.08681382 -2.51849067 -5.47258095]
 [-4.12218176 -5.61609897  3.48705086]]
[[ 3.50987736 -4.97305846  5.47939092]
 [-5.19718732  4.00578572 -4.46718621]]
[[ 5.01055873  5.02643002 -5.1336589 ]
 [-3.98559733 -3.93018969  5.25686551]]
[[ 4.23814757 -5.58791918  4.72128798]
 [-3.5418107   4.75863408 -4.10332392]]
[[-5.89033692  4.37885088  1.86361876]
 [ 3.05572554 -3.75156245 -3.352742  ]]
[[-2.03525676  5.05164941  5.81579484]
 [ 2.83227172 -5.13816499 -3.56947611]]
[[ 5.22568009  1.88132796  4.5490357 ]
 [-4.0486819   4.4840495  -3.39816596]]
[[ 2.95420986  5.25808325  5.76958521]
 [ 3.65396894 -3.93546965 -2.66974035]]
[[ 5.62193037  5.37965495 -3.6687581 ]
 [-5.32477735 -4.60433688  3.34612882]]
[[-3.90489178  3.17714384  5.94741942]
 [ 4.4210201  -4.84503168 -3.11735333]]
[[ 4.1174169  -4.30500293 -1.83706583]
 [-2.72047311  3.09303836 -5.9323444 ]]
[[ 3.47221457  5.61085939  5.12512705]
 [ 4.02469297 -3.90662288 -5.08786395]]
[[-5.05228508  5.06051913  5.46587313]
 [ 4.86518267 -5.10795953 -2.42034681]]
[[-0.26554477  5.72444876  5.53778203]
 [ 3.59859959 -4.28568268 -4.88409182]]
[[-5.1567287   5.56696812  4.54765349]
 [ 3.27763591 -3.56626251 -5.82338498]]
[[ 5.94615022  5.80260113 -3.1212741 ]
 [-3.62900664 -5.59425239  3.69205834]]
[[ 5.65027798  4.60311703 -1.86956743]
 [-3.83092086 -4.45864929  3.2713433 ]]
[[-4.74986788  3.4833951   5.35322689]
 [ 3.32572443 -5.04868413 -4.134153  ]]
[[ 5.34651967  5.52982992  2.47217001]
 [-3.00420255 -4.4036424   5.76449045]]
[[-4.80953522  4.77616921  5.1794966 ]
 [ 4.07478773 -4.89458378 -4.11152374]]
[[ 1.57391778  5.35651764  4.59876547]
 [ 3.73973144 -4.41019678 -4.04227109]]
[[ 5.72018975  5.70895981 -0.35910177]
 [-5.55304705 -3.86543416  3.30097471]]
[[ 5.85944495  0.41723882 -4.53494222]
 [-3.80670332 -3.63008333  3.41758807]]
[[ 5.32443555  4.91145338  0.70286179]
 [-4.72294274 -2.95264141  5.83240796]]
[[ 4.03973479  5.92290601 -5.5927473 ]
 [-5.08157494 -4.73171179  3.43247668]]
[[ 3.07568392  5.62987532  3.32666134]
 [-2.99809189 -3.56223479  2.90599556]]
[[-5.30043613 -2.07788544  5.08477936]
 [ 3.03266658 -5.79172043 -3.8275171 ]]
[[ 5.543842   -4.70271204  5.80808121]
 [-3.77816466  5.17219647 -5.89816559]]
[[ 5.00202677  2.30145409 -4.91244355]
 [-3.41597276 -3.0361468   4.89787812]]
[[-4.85883655  5.7014368   5.71567653]
 [ 5.37831229 -4.64195848 -3.47540804]]
[[ 5.09205834  0.51821704 -5.72342237]
 [-3.79865428 -4.8426933   3.11167684]]
[[ 4.73449534 -5.38432178  5.54044316]
 [-4.064031    4.99838757 -5.23346899]]
[[-5.17138856  2.70474086  4.37310786]
 [ 3.96762028 -2.97260488 -4.03552666]]
[[-4.9979181   4.63530175 -2.76757967]
 [ 2.65212248 -3.58743187 -5.35724214]]
[[ 3.71369208 -4.70182588  4.73793886]
 [-3.30171024  4.7992057  -4.59634722]]
[[ 4.95366504  5.64355274  2.9014084 ]
 [-4.11569837 -4.89758061  5.37465778]]
[[ 5.98120833  5.51010247  4.35950048]
 [-3.29113015  4.66463834 -4.49198095]]
[[ 4.89080471  4.79287084  4.32869378]
 [ 5.44210316 -3.23888383 -4.18070472]]
[[ 5.26883913  5.74446349  0.30097976]
 [-4.14788429 -4.2895457   3.62044883]]
[[ 5.68205798  5.77601368  4.79179367]
 [-4.30674075 -3.88629062  5.36554005]]
[[-0.34189767  5.40595105  4.76771946]
 [ 5.65130112 -3.99900901 -3.08594162]]
[[-4.70446484  2.8813351   4.68576159]
 [ 3.50827486 -5.50761557 -3.59400775]]
[[ 4.70094367  5.3739579  -4.40188327]
 [-2.94123895 -5.97900519  4.15497296]]
[[-3.95818125  5.23904522  4.15485839]
 [ 4.55877737 -4.9978178  -3.37653988]]
[[ 4.51256646 -5.2108411   4.82158814]
 [-5.48891291  5.2129234  -3.05227538]]
[[ 4.85032181  5.6336395  -4.14772246]
 [-5.60196598 -3.45191926  4.82345869]]
[[ 5.33585594 -3.9300566   5.02719373]
 [-5.67782053  3.18195492 -4.72667182]]
[[-4.63293487  5.32729969  5.93729988]
 [ 5.26800865 -5.21142718 -5.52694485]]
[[ 3.86259392  5.80006289  4.03047097]
 [-3.53182627 -3.8233553   5.12202053]]
[[ 4.78072897 -5.55283661  5.76048823]
 [-4.34705672  3.04680776 -5.50898343]]
[[-5.23133363  4.65194498  5.66416108]
 [ 5.11506149 -5.01470171 -3.57159267]]
[[ 5.96891797  4.57203238  0.93410762]
 [-4.81723056 -3.82104518  4.81719096]]
[[ 3.50675141  5.95091208  4.21960929]
 [-3.02381792 -4.64311132  5.3452029 ]]
[[-0.43534321  5.89728893  4.78149472]
 [ 4.80106561 -5.15249146 -3.94687939]]
[[ 0.14513564  5.90983215  5.90498483]
 [ 2.94572927 -5.86363287 -4.51192592]]
[[ 5.63429672  5.14140257  4.27230716]
 [-5.53650995 -3.34756734  5.83361619]]
[[ 5.88254948 -5.40543571 -0.08268263]
 [-3.64658668  2.87144578 -5.29380485]]
[[-4.94246588  0.91255692  5.65494435]
 [ 3.86942475 -4.46051183 -4.13183502]]
[[ 5.45183312  4.9198125  -1.67278187]
 [-4.23581473 -4.12981958  5.82257425]]
[[ 5.86159452  0.1652458   5.40224599]
 [-5.20282164  4.95415649 -3.55250945]]
[[ 5.69376072  5.60447381  0.3110732 ]
 [-4.43284607 -4.2316339   4.20443183]]
[[ 5.07543892  5.93868756 -2.22340818]
 [-5.46599845 -2.60268615  5.8955266 ]]
[[-0.98365449  5.55009126 -4.96721573]
 [-4.70509128 -3.89586102  3.94825795]]
[[-0.82979554  4.34610512 -5.19484524]
 [-4.92982057 -3.08745632  3.37544584]]
[[ 5.47161311 -2.64161782  4.75434634]
 [-4.00839758  5.87293681 -3.83439489]]
[[ 0.40619656  5.29656952  5.66816366]
 [ 5.592409   -2.78648945 -4.05006268]]
[[-2.48807311 -5.68590139  5.63665639]
 [-5.96097459  4.27100833 -4.19238566]]
[[-5.27731581  5.25595915  2.86413817]
 [ 2.64954914 -4.36856432 -5.27293849]]
[[-5.32175314  5.7633716  -5.89240217]
 [ 3.60500956 -4.73384851 -5.72702488]]
[[ 4.53496408 -1.92999604  5.9301826 ]
 [-3.88907178  5.41925761 -5.37602857]]
[[ 4.72023621 -5.66549209 -5.51444115]
 [-2.54024345  5.17067207 -4.66159306]]
[[ 5.62120033  5.64844912  3.25151483]
 [-4.34801663  5.92341059 -2.7306975 ]]
[[-5.75508459 -0.71224088  5.42100616]
 [ 2.90563331 -5.9853516  -3.24881097]]
[[ 5.89727209 -4.05389403  3.21007177]
 [-3.00718356  3.77073756 -5.62856216]]
[[ 4.57561202  4.01261623 -5.85048404]
 [-3.58324935 -5.56354331  4.10261951]]
[[-4.04090673  4.67863673  1.76953475]
 [ 3.57977277 -3.55189107 -3.44256759]]
[[-4.59717226  4.86337104  3.50836516]
 [ 2.72146154 -3.3909799  -4.23829046]]
[[ 5.06286284  5.33777911  4.09578164]
 [-3.51756082 -4.15562465  4.47484961]]
[[ 5.2915796   5.30926845 -2.56516983]
 [-3.0352562  -4.86416832  3.61020383]]
[[-2.58198429  5.56662639  5.75207981]
 [ 3.22186275 -4.81607662 -4.29102189]]
[[ 4.07389864  2.72674629 -5.93844578]
 [-3.84836022 -3.18697358  5.29668447]]
[[ 2.9773039   5.76316244  5.93043996]
 [ 5.80594933 -4.27027358 -4.12232883]]
[[ 4.7293102  -4.41778121  4.21750966]
 [-3.827783    4.37579842 -3.38935229]]
[[-5.87872286  5.56705762  2.74523853]
 [ 4.61241144 -4.71028233 -3.16039104]]
[[ 5.99789443  0.43677706  5.45049633]
 [-2.08920398  4.59898293 -5.2701201 ]]
[[ 5.83225475  1.69929374  4.91842569]
 [-3.62032219  5.22137421 -5.08404825]]
[[ 4.09944725  3.68747866  4.78297943]
 [ 5.77173351 -2.93285764 -4.0344224 ]]
[[-4.33176989  4.85564371  0.27562486]
 [ 3.09039634 -3.28707589 -3.70385812]]
[[ 5.85139245  5.23482773 -1.56831102]
 [-3.44019104 -3.70291485  4.49587599]]
[[-5.41371685  5.3162772  -3.07777292]
 [ 3.43738326 -4.18265707 -4.62666952]]
[[-4.17828147  4.61708912  3.35709509]
 [ 5.88598813 -3.22533838 -3.00274916]]
[[ 5.73559211  4.33680491  5.9270753 ]
 [-3.14337179  4.71520556 -5.79287242]]
[[ 5.27444845  3.48207627  5.64663978]
 [ 5.63155647 -2.99221385 -4.58990527]]
[[-5.44544357 -5.07804181  5.37945514]
 [ 4.24671795 -5.06046244 -3.11927682]]
[[ 4.75339738  5.64362379 -0.28873257]
 [-4.71903399 -3.54269107  3.64377013]]
[[ 5.59852919  0.06118398 -5.66936239]
 [-3.69011868 -4.79030838  3.54026465]]
[[ 3.1762398   5.59949875 -4.23868388]
 [-3.69592212 -3.74009282  5.911502  ]]
[[ 5.20071768  5.93587257 -3.02017732]
 [-4.59488439 -3.51410609  4.31505842]]
[[-5.9082365   4.67036014  0.29854467]
 [ 4.36920024 -2.93430123 -3.35252155]]
[[ 5.30725875  5.81951645  3.88629982]
 [-3.33784934 -5.56583294  4.66622192]]
[[-2.40148283  5.46922632  5.0856492 ]
 [ 5.78557579 -4.07805951 -4.40174621]]
[[ 4.41613267  5.13383615 -2.92914415]
 [-3.86008121 -4.37656899  5.81210407]]
[[ 2.76323633  5.78273932 -4.09091803]
 [-4.04075555 -4.21294375  3.96912971]]
[[ 5.47356394  4.76407578 -5.09445763]
 [-5.04192873 -3.68422242  4.59397276]]
[[ 4.91755227  4.28840897  5.45991763]
 [-3.05154258  5.05079291 -5.40018358]]
[[ 5.31721405  3.18770972  3.73455222]
 [-3.68834337  3.64846884 -3.61184901]]
[[ 5.29210243  5.60704468 -5.66297445]
 [-4.12328673 -4.01015313  3.0512985 ]]
[[ 5.59331027  1.40227891  5.71757246]
 [-5.07703798  5.02380928 -4.71379038]]
[[ 5.42892976 -5.73272096 -5.22092817]
 [-3.84584746  4.14277118 -5.9724356 ]]
[[ 5.60493563 -3.87609741  5.59784591]
 [-4.75534841  5.93397584 -3.98210465]]
[[ 5.77958267 -0.63388478  4.94045339]
 [-4.54842838  3.43931791 -3.42105431]]
[[-5.39301283  3.69325492  5.48706424]
 [ 5.21438877 -3.98693436 -4.42859008]]
[[ 0.56426136  5.93786729  5.65098416]
 [ 5.00799622 -5.64137101 -3.76998044]]
[[ 5.54046431  1.55093619  4.90639123]
 [-4.43045956  4.67266605 -4.29660975]]
[[-5.05723655  3.35795722  3.08621802]
 [ 2.82509326 -3.82637143 -3.81341459]]
[[ 5.66174555  5.91791169  2.52019226]
 [-4.80979262 -4.62453766  4.26117395]]
[[-0.67380162  5.72384198  4.19979938]
 [ 5.54038663 -2.94207666 -4.52618506]]
[[ 4.68592599 -4.98947648  5.49430767]
 [-5.80964232  2.51168777 -4.18261716]]
[[ 4.63404881  5.02213494 -3.61907122]
 [-5.14678182 -2.96266477  3.61099286]]
[[-4.7891799  -0.05450151  5.66326329]
 [ 4.32315574 -5.42407953 -3.46025271]]
[[-4.50598468  4.36751135  4.25561156]
 [ 3.28355972 -5.2262581  -3.81162083]]
[[ 4.29413442 -4.34377613  5.8461873 ]
 [-4.60194664  4.77748192 -3.75833656]]
[[ 5.48333057  5.04843073 -3.62156656]
 [-5.28192835 -4.3036136   3.16317896]]
[[-2.4528501   5.75572599  5.27701716]
 [ 5.84041291 -4.75466063 -4.62812961]]
[[ 5.54417628 -3.19634743  5.31990398]
 [-5.66439734  3.12476659 -4.10524611]]
[[ 2.24002808  5.14788817  5.53019063]
 [ 4.05659469 -4.67741159 -3.38561285]]
[[ 5.2181817   4.23922384  4.68516778]
 [-3.07030403 -3.81737775  5.58956827]]
[[-5.93704019  2.21028783  5.11610729]
 [ 3.49204658 -3.80326604 -3.9211691 ]]
[[ 5.96594194  4.22785942 -1.53827693]
 [-3.90756053 -3.9659874   3.75285467]]
[[-5.0096766   0.62548313  5.92143328]
 [ 4.26050141 -4.71093122 -3.09703329]]
[[-5.42305284 -1.41646313  4.64307982]
 [ 3.69290775 -5.9486022  -3.28277054]]
[[ 5.17953055  2.35410465 -5.43985779]
 [-3.43053401 -4.78307062  4.24970875]]
[[-5.12295353  4.20855012  5.35490112]
 [ 5.41181963 -4.55880493 -4.33486073]]
[[ 5.87401161 -2.28016757  5.86866775]
 [-4.35666477  4.84837847 -5.88145957]]
[[ 5.222556    1.90286401 -4.62237597]
 [-3.36949945 -5.60789111  2.43693203]]
