[[-3.61957686 -4.49459464  3.78816588]
 [ 4.50346325  2.53814538 -5.44772218]]
[[-5.0811815  -2.61149846  3.82151296]
 [ 3.64540337  5.84081299 -3.79880716]]
[[-4.79189558  3.86080509 -3.33799542]
 [ 5.29027914  4.57989156  5.89060008]]
[[-3.12496107  5.67447258 -4.20769797]
 [ 5.26167318 -5.05033468  3.38560292]]
[[-4.93987538 -3.55099115  4.58044062]
 [-0.60836785  5.52670823 -5.30262258]]
[[ 5.99425495 -3.46105084 -4.87465807]
 [ 0.12297886  5.8862305   4.5429605 ]]
[[-2.77028103  3.76324816 -3.7981205 ]
 [ 5.12651811 -0.12868435  3.59955301]]
[[ 3.2165516  -5.78661283 -3.08591929]
 [-4.09957039  3.96472675  4.46345611]]
[[-4.63362713 -4.7584481   3.26626205]
 [ 3.02724482  5.83169048 -3.80367452]]
[[-4.67441857  5.48078594 -3.54961315]
 [ 4.63983399  1.92057068  5.85059829]]
[[-3.84258197 -5.48088985  3.5126229 ]
 [ 5.61083527  5.39230959 -2.87293059]]
[[-5.30417311  5.9270945  -2.95339473]
 [ 5.72287971  0.95541214  4.48805399]]
[[-2.52447928  3.47186574 -5.62291201]
 [ 5.23169214 -5.07907146 -0.58564399]]
[[ 3.79040724 -3.1094716  -4.85100118]
 [-5.15463224  4.95879338 -1.50958766]]
[[ 1.9811516  -5.25090658 -5.93617254]
 [-5.58106212  4.95819221  5.61969504]]
[[ 4.639192   -3.38677253 -5.09244288]
 [-5.80562877  5.85074956 -0.20710922]]
[[-4.34748231 -4.05350532  2.62779003]
 [ 4.83379438  5.8421148   3.1259017 ]]
[[-3.06292688 -3.25517518  4.94819605]
 [ 4.54086152  5.14512759 -3.16157161]]
[[ 2.86750309 -4.26163491 -5.3907609 ]
 [-4.46264854  5.77195892 -4.84468176]]
[[-3.60322041 -4.78411604  3.69399842]
 [ 5.70952953  5.83849906 -0.74692822]]
[[ 3.79636307 -5.1213433  -2.59154355]
 [ 4.93034281  4.87743889  5.26480919]]
[[ 3.45100788 -5.74592768 -3.11501017]
 [-5.13064339  0.02639445  4.48034735]]
[[ 3.60680832 -3.97927323 -3.40557971]
 [-4.02385146  3.96183235  3.27998892]]
[[-2.88422175  5.79535332 -4.32725406]
 [ 4.9890356   2.55474253  5.33882151]]
[[ 4.21881976 -4.2119986  -4.65140174]
 [ 0.51218641  4.6940592   5.42069216]]
[[-3.55593738  4.96444304 -2.91161307]
 [ 4.97752819 -3.34972833  5.93967099]]
[[-2.43557769  4.51255925 -4.24432522]
 [ 2.90012468 -0.84332528  5.60016483]]
[[ 5.58589634 -5.36669608 -3.26631401]
 [-3.93059678  5.78803986  4.83492906]]
[[ 5.36421936 -4.00898906 -3.85718508]
 [-0.61447862  5.31269042  5.56070565]]
[[ 5.51451841 -3.74895384 -4.13600948]
 [ 3.70039896  4.16516847  5.71199938]]
[[ 5.91102415 -3.22605358 -4.54607654]
 [ 5.62433665  5.99792814  5.95974056]]
[[-5.79377768  3.35163705 -3.85121568]
 [-4.73169371 -4.94434509  5.40998593]]
[[-4.91967642 -4.17826781  5.34434186]
 [ 5.86178636  4.53356452 -5.35370996]]
[[-4.75135909  5.92107676 -5.07985467]
 [ 5.56142939  3.25509549  5.7223569 ]]
[[-3.94025319 -3.69436126  5.15178927]
 [ 5.2682592   4.47648358  3.46105487]]
[[ 4.58230302 -4.04985205 -5.23946836]
 [ 4.71679737  5.65763751  5.64427881]]
[[-5.1279643   5.09787435 -3.07875975]
 [ 5.30753473  5.61277176  5.19083652]]
[[ 1.92383971 -5.73954873 -4.20902025]
 [-5.22173675  2.49357599  5.82410134]]
[[ 4.15979983 -3.80931574 -4.28785972]
 [ 2.19509391  4.1692426   5.4322584 ]]
[[ 3.56376178 -4.77981345 -3.47191604]
 [-4.64849195 -3.13265222  5.26033706]]
[[-3.02458259  5.7303334  -3.63051567]
 [ 5.50912061 -5.60305117  5.5135555 ]]
[[-3.97206104  2.90454263 -5.97216309]
 [ 5.11100148 -4.68087471 -3.62274693]]
[[-4.52035536  3.69593839 -4.01331344]
 [ 4.71092424 -5.41877139  5.07510348]]
[[-4.91741228  5.36705052 -4.39197451]
 [ 3.68758365 -5.54896733  5.5897925 ]]
[[-3.81629902 -3.96760253  5.22270363]
 [ 4.13578084  5.81582368 -2.40574468]]
[[-4.84479016  4.92219655 -2.76618399]
 [ 5.75276718  3.89285782  4.27048144]]
[[-3.26280079  3.45570702 -4.90628495]
 [ 1.50395601 -5.72608887  5.39740205]]
[[-5.63293509  3.76888656 -3.40078423]
 [ 4.80542476 -5.94452284  3.17910721]]
[[-5.00892158 -3.10633567  5.00821526]
 [ 5.52828893  5.53535748  5.76864601]]
[[ 3.9242489  -3.20737034 -3.65938028]
 [ 1.93483695  4.45868706  4.20227669]]
[[-4.62272884  5.28510717 -4.01265409]
 [ 4.84061979 -3.3128407   5.49626448]]
[[ 3.1437887  -4.11071324 -4.2919331 ]
 [-2.1368466   3.42273708  5.88866523]]
[[ 5.34924227 -3.35692416 -3.47489782]
 [-5.10011411  5.26284343  3.25723443]]
[[-4.33451808  4.31848075 -5.02778765]
 [ 4.3818284  -3.22168565  5.81893628]]
[[-3.07947884 -4.02024478  5.35133509]
 [ 3.39182954  5.77049472  3.73599155]]
[[-4.27932944 -5.87873315  4.46627352]
 [ 5.44288689  4.1671044  -5.94463123]]
[[-3.2349568  -3.55278437  3.66916902]
 [ 3.01012483  5.10062976 -1.78524968]]
[[-3.13111354 -5.35872797  2.81698314]
 [ 5.15242068 -5.72977132 -3.56726442]]
[[ 4.28794967 -3.46747993 -4.64746007]
 [-5.43366924  5.88977872 -5.24776671]]
[[ 3.06314612 -4.66797362 -3.48915808]
 [-4.36065336  4.63579777  4.15447854]]
[[-3.52170744 -4.96095017  4.92075444]
 [ 5.07266267  4.01994991 -5.68153468]]
[[-5.27159753 -2.94136075  4.46395997]
 [ 5.97058456  4.35942408 -0.27834545]]
[[-5.83291252  3.83706348 -2.29204712]
 [-2.88394234 -5.51049454  5.16660202]]
[[-5.96592279 -4.69692572  5.80677625]
 [ 5.93068221  5.45157749 -5.62436537]]
[[ 4.64524775 -3.30104904 -5.48179058]
 [-5.58717628  5.00190203  1.22799175]]
[[-3.07220303 -4.08572808  5.95128314]
 [ 4.24164895  4.90124472  5.89485508]]
[[-4.54336291 -4.81009829  4.14229117]
 [ 5.55297585  4.86573913 -3.14921508]]
[[-5.55143106 -4.67784905  2.20602618]
 [ 4.82512852  5.45466459 -2.71117896]]
[[ 3.43343304 -5.55474501 -3.36835761]
 [-4.76609168  5.58451209  2.82812148]]
[[ 4.50348884 -2.71384491 -4.574893  ]
 [-5.56623565  4.03665433  1.84072334]]
[[-4.82505974 -3.25556844  3.75270318]
 [ 4.89610489  5.03974478 -5.27212707]]
[[-3.63946419  4.01533497 -3.26858348]
 [ 5.52722537  1.35615554  3.49650516]]
[[-4.20872033  5.97313061 -4.07260409]
 [ 5.09003087 -4.7334352   5.7470409 ]]
[[-3.48906103 -3.74917838  4.73040467]
 [-3.52895589  5.43748847 -5.93254223]]
[[ 4.87638785 -3.46359235 -3.78622763]
 [ 5.00706893  4.73053465  5.19901175]]
[[ 3.86478017 -3.00820142 -4.22055197]
 [-5.23029151  3.11513677  5.22148051]]
[[ 4.67548517 -3.90057485 -3.41962945]
 [-0.70233737  5.85401438  4.3083882 ]]
[[-4.23446074  4.04963793 -3.52101326]
 [ 5.01970899  1.04737676  5.83970671]]
[[-3.41823873 -3.43440146  4.31687795]
 [-3.27953849  5.84806187 -5.69701121]]
[[ 4.47897248 -3.47831392 -5.81151917]
 [-5.22438036  4.61933793  3.54520501]]
[[-5.22173143  4.5815241  -3.82406575]
 [ 5.86402508 -2.42594375  5.80305257]]
[[ 5.40274491 -4.18206769 -2.90495608]
 [ 2.06795988  5.95330022  5.19669493]]
[[-5.58764984 -2.62796408  4.19688355]
 [ 3.30289814  5.35049012 -4.57576975]]
[[ 3.76767952 -4.30957737 -4.56154529]
 [-4.51046676  5.65136143  2.40164288]]
[[-3.56316845  4.36798195 -2.99549212]
 [-4.6474011  -5.50565669  5.15320073]]
[[-3.77954243 -2.80366148  4.83963627]
 [ 5.26744616  5.31541755  0.14904033]]
[[-4.71079093 -5.2303264   3.35325729]
 [ 1.62676454  5.95586838 -5.86062466]]
[[-5.00355965  3.31064793 -3.037329  ]
 [ 4.75472181 -2.4617635   4.28336607]]
[[-4.626133   -3.74302134  4.03638616]
 [ 5.73265605  4.89963651 -3.71444746]]
[[-2.38790306 -4.61335687  4.35045738]
 [ 4.91299474  1.03471227 -4.62188757]]
[[-5.32575302  3.92286343 -2.78471319]
 [ 5.92194586  3.19055297  4.75950652]]
[[-5.57640473  4.26576975 -4.49477008]
 [ 5.54972161 -5.48302462  4.91729357]]
[[ 3.89107283 -5.7384987  -2.90086849]
 [-5.93554457 -2.63190969  5.87980197]]
[[-3.85141012  4.84800649 -3.98411087]
 [ 5.79030627 -2.60951205  4.32616671]]
[[-4.33992046  5.80081965 -4.66966933]
 [ 5.59779542 -3.89043313  4.87474922]]
[[-5.07613099  4.75768054 -4.2967807 ]
 [ 5.66310253 -5.77873243  5.05607087]]
[[-3.50890983  4.06931402 -4.46727952]
 [ 5.17294599 -3.37469152  4.46492858]]
[[-4.57973718  5.95697498 -2.69688358]
 [ 4.89336202 -4.70410769  3.7372297 ]]
[[ 3.55952295 -3.53323457 -4.48961937]
 [ 4.4290384   4.44631041  5.75119592]]
[[ 3.44471494 -3.82689624 -4.04743572]
 [-4.07114504  5.95954263  0.14783044]]
[[-3.09648225  2.68386231 -4.44595445]
 [ 5.41360722 -5.15492528 -4.6955219 ]]
[[ 4.80556853 -3.62592104 -3.99772616]
 [ 1.0703479   5.9965248   5.14810342]]
[[-5.10294171 -2.44507802  3.55758437]
 [ 5.85309733  3.68586092 -0.36092198]]
[[-4.63998948 -4.1716863   3.76651499]
 [-4.43171505  5.72088723 -5.3049514 ]]
[[ 5.23196308 -3.09489895 -3.56300913]
 [ 3.89198617  3.56340358  4.85931572]]
[[-2.89111218 -3.89962791  5.87200767]
 [ 5.78285798  5.23542508  1.00309145]]
[[-2.67660761 -5.00391442  4.53310036]
 [ 5.80407245  4.6941695   5.94086456]]
[[-4.03669588 -5.84436604  4.36158128]
 [ 4.49765337  5.1704079  -5.72968499]]
[[ 2.0828891  -5.12703926 -4.29703131]
 [-4.81401091  5.79984483 -1.94003771]]
[[-4.68402725 -3.91639197  5.86982532]
 [ 5.58741623  4.83338796  2.96101804]]
[[-3.60814801 -4.01745172  5.56672049]
 [ 4.29686024  5.91890591  0.90475797]]
[[-3.55681086 -5.16495256  4.21656707]
 [ 4.81888191  4.74568645 -3.79781846]]
[[-3.19523241 -5.38296834  2.78667917]
 [ 4.61178957 -5.66575526 -4.66398861]]
[[-4.37819426 -5.49852605  5.35887808]
 [ 5.8540618   5.57728332  0.24922841]]
[[ 5.94942747 -2.75520129 -3.07664406]
 [-5.92522677  4.59219413  3.03866183]]
[[ 3.03823283 -3.6866897  -3.07930005]
 [-5.58611505  4.60237969  2.53322627]]
[[-4.48647569  4.16555444 -4.96121212]
 [ 4.39195162 -5.60660193  5.67329762]]
[[-3.14947953 -3.85622089  5.35688919]
 [ 3.91231465  5.7461075  -5.13921405]]
[[-4.786937   -5.45476548  3.76056938]
 [ 5.01163258  5.74004175 -4.81679652]]
[[-3.92756518  3.1734746  -3.86837011]
 [ 5.75375703  0.9469622   5.59319932]]
[[ 2.65114733 -3.16860053 -4.51839101]
 [-5.43939544  5.68324762  3.84983582]]
[[-4.96101028 -4.46136627  4.44052259]
 [ 5.08840178  5.51716081 -3.90790834]]
[[ 5.78353252 -4.01136826 -2.78916511]
 [ 5.15332122  4.88159612  3.74069673]]
[[-4.93063487  3.81497457 -5.77346965]
 [ 4.48395359 -4.48556454  5.94666673]]
[[-2.99845572 -4.25008486  2.321142  ]
 [ 4.24092371 -2.8090155  -4.37117835]]
[[-5.48712304 -3.4271985   5.10697365]
 [ 5.55637852  5.66808833 -4.36356976]]
[[ 5.1451285  -5.78573108 -3.75998795]
 [-0.72862884  5.79901448  5.63009674]]
[[-3.00679293 -4.08001586  3.74900825]
 [ 5.34108888  3.89041055 -3.8700003 ]]
[[-5.90039347 -2.78465416  3.45667193]
 [-1.11386754  4.81218133 -4.25884027]]
[[-4.45575874  5.15955143 -2.71202507]
 [ 5.85936434 -0.61769666  3.53241723]]
[[-2.29128119 -4.62593645  5.58722457]
 [ 4.85688334  4.71056576  3.87476872]]
[[-3.47310925 -3.26490944  5.39128427]
 [ 4.36862756  3.94523147 -3.49383251]]
[[ 4.11543932 -4.39662015 -4.24405318]
 [ 4.45366119  5.79871234  5.46802845]]
[[ 5.66505619 -3.49286755 -4.13049733]
 [ 5.28998543  5.4745181   4.31883118]]
[[-2.52046856 -4.42338127  5.3584428 ]
 [ 5.78397486  5.15126534  3.67633032]]
[[ 5.90930115 -3.08531043 -5.53563991]
 [-4.78623594  5.49873521  5.47039237]]
[[-4.3118983  -4.28249992  4.5241001 ]
 [ 4.379436    5.87922369 -0.81948748]]
[[-4.87840934 -4.1540164   4.95039439]
 [ 5.68651614  2.89820295 -5.72680218]]
[[-4.76497668 -3.32548146  2.95628066]
 [ 5.94373255  5.45760315 -2.51855141]]
[[-2.73747479  4.00394284 -3.113416  ]
 [ 5.91636687  3.70518427  4.25564926]]
[[ 5.25222054 -5.07584303 -3.33182332]
 [ 3.33357494  4.70221563  5.97427778]]
[[-3.27926351  4.61322929 -3.80295394]
 [ 4.31176639  0.89329123  5.47663297]]
[[-4.39612045  3.5946626  -2.76418602]
 [ 5.62320012  5.41231642  5.0542077 ]]
[[-3.36789362  5.96581391 -3.22585727]
 [ 4.91977485  2.21964297  5.70090531]]
[[-3.42547908  2.91092151 -3.96635224]
 [ 4.96837805 -5.22045616 -2.5979081 ]]
[[-4.43348763 -4.51176521  2.28686392]
 [-3.64084712  5.94301473 -4.93654479]]
[[-4.80904994 -4.14689442  2.5811706 ]
 [ 5.2438187   3.63969661 -2.94234676]]
[[-2.90462561 -4.46852607  4.30907505]
 [ 5.07292921 -5.45435592 -5.9536221 ]]
[[ 4.46944443 -3.62120769 -3.63482025]
 [-0.89936076  5.0051156   5.02734927]]
[[-5.2903166  -4.8271468   3.36131409]
 [ 4.41308698  4.86690822 -5.63693755]]
[[-4.27338783 -4.45953994  2.79596794]
 [-1.1094406   5.8063899  -4.752349  ]]
[[-3.67178342  3.78488386 -4.15019181]
 [ 4.4281238  -3.75268758  5.0206975 ]]
[[ 2.42777512 -5.59813106 -3.78645924]
 [ 0.53274828  5.5632062   5.83758318]]
[[-4.75680977  5.37779795 -3.30039087]
 [ 4.45098513  3.27755146  5.96958023]]
[[-5.36705667  3.60466966 -4.30829957]
 [-0.25800884 -5.63177377  5.91545109]]
[[ 4.78469747 -4.22087987 -3.96847786]
 [-5.5877168   5.64952305  3.28003731]]
[[-4.43742731  2.92272231 -5.43269543]
 [ 5.87058079 -4.41156642  2.55208738]]
[[ 3.67164819 -3.45090486 -5.04380232]
 [ 4.16553096  5.33279752  5.37939967]]
[[-4.70624353 -3.28013211  4.4716346 ]
 [ 4.78399334  4.81042151 -0.4593396 ]]
[[-4.39373073 -3.88203224  4.2000474 ]
 [ 4.75242469  5.30313328 -4.10059546]]
[[-4.1572305   3.61500255 -4.44181593]
 [ 5.84153214 -5.72943718 -2.16178747]]
[[-4.38666207  5.43346191 -4.75323736]
 [ 5.44039542 -5.55227757  4.90907253]]
[[ 5.05215392 -5.04277174 -3.18708379]
 [-5.50885715 -3.05278531  5.86099639]]
[[ 3.74008798 -5.55491343 -2.94983402]
 [-4.48592852 -2.00790883  5.67071282]]
[[-4.50982219 -2.4250582   4.64293756]
 [ 0.34329974  4.54607935 -5.84692586]]
