[[-2.4699649  -5.00123149  5.46473656]
 [ 3.62990897  5.90338467 -1.97150588]]
[[-3.83410984 -4.71846327  2.67674447]
 [ 5.06367946  5.08521262 -5.99974319]]
[[ 3.89118555 -4.00354728 -5.77377186]
 [-2.00997228  5.52998394  5.97475831]]
[[-2.66518646 -5.19188981  5.19591929]
 [ 4.1534384   3.82892827 -5.24709225]]
[[ 5.77996507 -4.46745417 -4.64999778]
 [-3.94657704  5.08739077  5.27671727]]
[[ 3.75544953 -4.70516406 -4.63236838]
 [-4.63400506  4.69572627  4.54745429]]
[[-4.56017096  3.37982243 -4.09711046]
 [ 4.91229512 -3.43041693  5.54048401]]
[[-4.70450245 -5.70456543  4.17203372]
 [ 4.43663405  5.56837535 -5.78646545]]
[[-5.00454328 -4.01434425  4.20541945]
 [ 5.25075237  5.19103871 -4.56127543]]
[[-4.13394238 -3.52109523  3.34275018]
 [ 4.95304932  5.23944578  0.71078859]]
[[-3.09077292 -4.3195768   4.89318396]
 [ 5.98006889  5.96352337 -5.98450115]]
[[-2.5704786   4.65645262 -4.36058376]
 [ 5.88366231 -5.83578764  4.63584496]]
[[-3.05870418 -5.39620305  3.94498335]
 [ 5.3247349  -1.46481095 -5.79449807]]
[[-5.40564865  4.18514746 -3.87917013]
 [ 0.86564601 -5.35873019  5.82147508]]
[[-3.32836454  3.12345054 -5.65287819]
 [ 4.856581   -4.21636687  4.24627249]]
[[-3.43961713 -3.62839749  5.24347053]
 [ 5.89863344  3.37071226 -0.18603674]]
[[-5.42694532 -4.3548884   3.71355487]
 [ 3.31508669  5.08917727 -5.94563708]]
[[-4.03175382 -4.37261277  5.84529842]
 [ 5.46179777  5.5338461  -0.1953712 ]]
[[-4.40078064  4.99382679 -5.76114699]
 [ 4.70437433 -4.69206447  5.76132756]]
[[ 5.69861466 -3.5485686  -4.53448642]
 [ 3.78355994  5.46447243  5.1134574 ]]
[[-5.48956232 -2.71566071  3.1376716 ]
 [ 5.23388861  5.17099627 -3.39851673]]
[[-4.40691795 -3.53284284  5.7581299 ]
 [ 4.97932733  5.71399637  2.24153467]]
[[-4.53574671  4.14371221 -3.72736306]
 [ 5.44863094 -2.15753022  4.3936252 ]]
[[-4.27673021  4.14559061 -3.86756421]
 [ 5.95300624 -0.11772445  4.73320288]]
[[-5.36941986  4.00192934 -3.29915229]
 [ 5.93122845  3.93762029  5.45096526]]
[[-4.04706612 -3.78733001  4.33001616]
 [-2.16566079  5.38486847 -5.41810664]]
[[-5.29825179  3.80470953 -4.37882656]
 [ 5.96853775 -1.71341143  5.74781981]]
[[ 3.90432776 -4.9604517  -3.16007428]
 [ 4.74135334  5.19654479  5.95608999]]
[[-4.22897285  4.98124    -3.36430249]
 [ 4.82286074 -4.01377105  5.16146846]]
[[-5.07686397 -4.63359486  4.30907843]
 [ 4.72779386  5.80201812 -4.22857458]]
[[ 4.31398107 -3.52484869 -5.41565541]
 [ 1.45774727  4.40294294  5.948087  ]]
[[ 2.88343594 -3.24644172 -5.51638468]
 [-3.76192015  5.3444849  -0.08655134]]
[[-5.44475147 -5.39368926  2.98180481]
 [ 5.67440925  5.77077675 -2.25610576]]
[[-5.57114385  3.63294527 -3.89389849]
 [ 5.7206461  -5.69402193  5.097955  ]]
[[-3.04867731 -4.50148748  3.0149589 ]
 [ 5.80613225  0.95513831 -3.71780577]]
[[-3.91406441  4.18227564 -4.96320507]
 [ 3.27168441 -4.30111102  5.90334467]]
[[ 3.25458798 -3.36047818 -4.33603497]
 [-5.33945501  1.63672909  5.48722821]]
[[ 3.91920124 -3.88828132 -4.10495451]
 [-5.08265672  2.92647197  5.27257078]]
[[-3.47885064  4.71907998 -5.6588376 ]
 [ 5.94747462  1.67838935  5.79522323]]
[[ 3.44896248 -5.48737584 -3.87152962]
 [-3.25332987  5.11401038  5.56532976]]
[[-4.25853901 -2.5382773   3.29055361]
 [-5.45935172  3.63972787 -5.26967318]]
[[ 4.44399193 -5.37305266 -4.33373877]
 [-5.41348565  5.7563928   5.92015773]]
[[-3.85859266  5.2766246  -4.90205511]
 [ 5.26344585 -4.67869068  4.42314128]]
[[-3.43897852 -3.2967795   5.89068407]
 [ 5.77467614  3.52169501  4.4190284 ]]
[[ 4.93597874 -3.56729554 -5.19388806]
 [-4.77883855  5.135443    5.11655162]]
[[-4.23307372 -4.3347598   4.40183484]
 [ 5.72717956  5.50506257 -3.16463905]]
[[-3.15736635 -3.75431982  5.13710818]
 [ 4.61710774  2.79505603 -4.88541106]]
[[ 2.91674866 -5.09605004 -3.50034679]
 [ 2.7683193   5.14804625  5.82888038]]
[[-3.65962793 -3.58250119  4.69833088]
 [ 5.5815842   3.6349496   5.31827233]]
[[-3.68424648 -5.80404021  3.46923095]
 [ 5.56618986 -0.75333084 -4.74989002]]
[[-5.56426237e+00  4.31941262e+00 -2.97304011e+00]
 [ 5.48620096e-03 -5.25747595e+00  5.19746750e+00]]
[[-4.93330104 -4.09051392  2.7274947 ]
 [ 2.86995432  4.90383888 -4.61662377]]
[[-4.46509414 -3.9414791   5.51170469]
 [ 4.90660915  5.85860958 -1.93813495]]
[[-3.65767873 -3.50145824  3.86129796]
 [ 5.59552567  4.93194284  1.04170122]]
[[-3.96490719  3.5278414  -3.42404008]
 [ 5.60588059 -5.59787191 -0.93662675]]
[[-4.48389363  3.57086125 -3.80786771]
 [ 4.25150962 -5.47468119  3.66355321]]
[[-3.80278839  3.34084802 -3.96029569]
 [ 4.74953977 -5.10161258  0.35385949]]
[[-4.38861353  3.01930168 -4.01031945]
 [ 5.87905305  1.34903132  5.93861262]]
[[-3.69236307  4.36993391 -4.54044776]
 [ 5.92987649 -4.81968616  5.54415108]]
[[ 3.89909835 -4.85895979 -5.56940823]
 [-3.61010002  5.72114993  5.96086891]]
[[-2.82749214  4.67659806 -4.84764556]
 [ 5.08744244 -4.35554223  4.40597248]]
[[-4.53682606  4.3520237  -3.86677006]
 [ 5.68301429 -5.50622807  3.1757343 ]]
[[-5.35421949 -3.21039977  2.70344795]
 [ 1.53297871  5.94000781 -4.39863333]]
[[-5.28178668  5.65290099 -2.97316178]
 [ 5.04718841 -4.74246869  4.03951015]]
[[-3.68810485  3.23033189 -4.54027311]
 [ 2.35685813 -5.53737868  4.85524484]]
[[-4.20769446 -4.50242403  3.68055543]
 [ 5.36243596  5.78392062 -1.21562228]]
[[-5.13372433 -5.52485459  3.22437299]
 [ 5.68681224  5.44631199 -4.26474905]]
[[ 3.21693433 -4.33381857 -3.03721198]
 [-5.12620896  2.76878244  5.33869283]]
[[ 4.97550085 -4.21420249 -5.03421724]
 [ 2.93223792  5.0704779   5.64158352]]
[[-4.55263173  2.33539062 -5.33661323]
 [ 5.87715851 -4.02217787  4.01160466]]
[[ 5.40817749 -5.37840068 -3.72638673]
 [-4.80602812  4.80291237  5.3061179 ]]
[[ 4.0415043  -3.20974138 -5.42603648]
 [-1.19355894  5.10830374  5.79725784]]
[[-5.57429556 -2.71798348  4.75320655]
 [ 0.82116693  4.36325381 -5.68579688]]
[[-3.49833181 -5.95165307  2.10145883]
 [ 5.85598923  5.70106275 -3.39725246]]
[[-4.4151472  -4.95336421  2.48254794]
 [ 5.6104072   0.79730613 -3.87293497]]
[[-3.23833613 -4.05649984  3.69309367]
 [ 4.22726107  4.37154166  0.20361207]]
[[-4.37964098  4.33360505 -4.36498651]
 [ 5.86791561 -1.81748785  5.19305328]]
[[ 2.96407155 -5.91777516 -5.58871319]
 [-4.21014085  4.62405581  5.93549816]]
[[-5.78740937  3.34980602 -4.73278373]
 [ 5.99056593 -0.28469726  5.92365195]]
[[-5.07716611 -5.85972449  3.06380225]
 [ 5.87845051  4.06820082 -4.45685445]]
[[ 3.6687527  -4.11270955 -3.67161017]
 [-5.04604205  3.30855342  5.94374282]]
[[-3.96448461  3.70365793 -2.63802   ]
 [ 3.26891565 -4.1511912   5.20910656]]
[[-4.99257987  4.5426434  -3.2960083 ]
 [ 5.495794   -1.19478938  5.90358894]]
[[-2.98610434  5.67781975 -5.12102098]
 [ 5.36824699 -2.41096843  5.1058625 ]]
[[ 4.54666091 -5.3708796  -4.10299496]
 [-2.87734829  5.94568276  4.60670453]]
[[ 4.82260592 -3.91117862 -5.33949743]
 [ 0.0279503   5.78350849  5.79854161]]
[[-3.69036687 -4.14360771  5.52917555]
 [ 5.76760658  4.95886092  4.79357516]]
[[-4.11345007 -2.7341945   4.34248392]
 [ 4.69215062  5.55892852  4.24558754]]
[[ 5.52360768 -4.70157164 -3.02637652]
 [-4.80943352  3.99625473  4.60810267]]
[[ 3.38499308 -3.52913512 -5.39419128]
 [-5.9628316   5.38908614 -2.74732423]]
[[ 5.61452384 -4.66149927 -3.18210555]
 [ 3.53366331  5.76200922  3.92484751]]
[[-5.90070033 -3.48272953  3.97582723]
 [ 5.43379965  4.16094295 -4.92969454]]
[[ 4.21605131 -4.21427776 -3.52321882]
 [-4.55471885  5.85465724  1.11811291]]
[[-3.18770098 -5.07656106  4.69974798]
 [ 5.9997576   4.83040778 -1.13436643]]
[[-4.03911727  5.68984224 -4.00294384]
 [ 5.19674566  4.24954901  4.64258974]]
[[-4.17444589  5.01278655 -3.37912462]
 [ 4.00458896  0.91450774  5.89064251]]
[[-2.87085225 -3.07091489  4.75993726]
 [ 5.6814231  -4.92761561 -5.13313826]]
[[ 5.85324785 -4.72678453 -4.56888103]
 [-4.75716602  5.82062253  5.86420377]]
[[-4.11796778 -3.85638718  4.04487269]
 [ 3.94712443  3.53356491 -5.53561807]]
[[-5.09708306 -4.15828722  3.24727227]
 [ 5.09495869  5.0227894  -2.56328499]]
[[ 4.65273078 -3.53693328 -5.54631976]
 [ 4.72008883  5.51996224  5.53176946]]
[[-4.60841384 -3.06830912  5.28873035]
 [ 3.7164932   4.63217102 -4.90814482]]
[[-4.01702241 -4.82435312  4.62262934]
 [ 5.86993237  3.41557431 -4.9064502 ]]
[[-4.85968124 -3.96551265  3.63381578]
 [ 2.88406786  5.9049433  -4.30404327]]
[[ 3.75995642 -5.18879681 -3.67290884]
 [-4.96852571  2.80318643  4.76374698]]
[[-5.33840245 -5.8600443   4.46180873]
 [ 5.74378295  4.50612263 -5.89889825]]
[[-4.83201175  3.30585679 -2.83944097]
 [ 3.75143115 -4.56000274  4.04227996]]
[[ 2.97164524 -4.11696652 -3.74601463]
 [ 3.44593324  4.21939981  5.48448426]]
[[-4.80389639 -3.22117118  5.13845675]
 [ 2.21101593  5.67095796 -5.82367385]]
[[-5.93969967  5.01890657 -2.93038289]
 [ 5.68038572  0.77131154  5.66671155]]
[[-3.12121762  5.23707861 -4.14223682]
 [ 3.87286173 -5.39146277  4.60252191]]
[[ 5.42510385 -4.38989661 -3.62464023]
 [-5.33368667  5.9783209   2.93778264]]
[[-3.989656    3.03965624 -5.31917368]
 [ 5.73647073 -4.73130316  1.8104389 ]]
[[ 4.97586636 -3.61705167 -4.71114399]
 [-5.49028591  5.45928739  1.93345612]]
[[ 4.02333822 -5.88114368 -2.1248906 ]
 [-4.91021952  0.47000554  4.65037067]]
[[-3.53437388 -5.46209274  3.654066  ]
 [ 5.86329726  1.0353334  -5.84831001]]
[[-2.4990886  -5.13058453  5.08372742]
 [ 2.97223674  4.83758117 -5.39865187]]
[[-3.53911429  5.60887845 -4.32896203]
 [ 4.20405435  4.26770407  5.54725177]]
[[-5.57465408 -3.19839746  3.13737784]
 [ 2.42445924  4.80194202 -3.95863932]]
[[-3.31287065  3.91925958 -4.54032038]
 [ 4.13186623 -4.72086076  3.42333823]]
[[ 4.95295735 -3.95260817 -3.45453902]
 [-1.4535173   5.50160192  5.91174449]]
[[-4.65404588 -4.01823538  4.85489501]
 [ 5.55516479  4.33561853 -4.65746702]]
[[ 2.41855045 -4.52724793 -5.70289175]
 [-5.81773421  5.80583509  3.39441141]]
[[ 3.63323483 -2.93535026 -3.02089966]
 [-5.6039302   4.06048961 -1.82719952]]
[[-2.96947774 -5.59470601  4.5237325 ]
 [ 5.83663232 -5.97114617 -5.69149459]]
[[-4.36574571 -5.64083464  5.59015338]
 [ 5.76832648  4.44608509 -5.78439659]]
[[-5.89945022  4.64618234 -3.78634728]
 [ 2.39750782 -5.50836941  5.37607157]]
[[-4.06394226  5.22997908 -4.86532187]
 [ 5.59063398  0.49837279  5.88784175]]
[[-4.12275949 -3.28768412  3.96725831]
 [ 2.81094335  5.29688767 -3.68158447]]
[[-4.23151061 -5.84640499  4.1979974 ]
 [ 5.46539452  2.10566119 -5.61042738]]
[[-3.35264867 -5.80338751  5.80285   ]
 [ 3.85603418  5.97108009 -4.33542237]]
[[ 5.59241041 -5.83808211 -2.70643317]
 [-5.23347903  4.20549689  5.17272573]]
[[ 3.53245638 -4.10816849 -5.61576978]
 [-5.33974098  5.1214508   2.27668778]]
[[-4.42565714 -4.05071244  4.67816713]
 [ 5.218438    4.51056928 -3.15980892]]
[[ 2.73212969 -4.22044596 -5.19711243]
 [-4.56163433  5.40042093  4.57812099]]
[[-4.43116579  2.95756862 -3.38579464]
 [-1.52796653 -5.61035144  5.21417891]]
[[-4.77366924  2.45554299 -3.62448449]
 [ 4.78353845 -1.49936919  4.4182547 ]]
[[-4.12543626  4.84261941 -2.83643974]
 [ 4.5196198  -2.31777184  5.55724878]]
[[-4.4913462   4.44063094 -4.21981566]
 [ 4.90395154 -5.80596277  5.54219526]]
[[-5.26186613 -4.4461671   3.37530975]
 [ 0.07276776  5.67786722 -4.80889052]]
[[ 2.57953269 -5.59512651 -4.14295031]
 [-3.62330621  3.37439656  5.35390018]]
[[-5.94827252 -3.59471447  4.21492452]
 [ 4.52425239  5.13374414 -4.51709897]]
[[ 3.4128239  -3.58493834 -3.49316787]
 [-5.2554645  -2.56210389  5.38977953]]
[[-4.6739513  -5.27373988  4.69296565]
 [ 5.94088578  5.86799727 -4.39048514]]
[[-4.02566223  5.15562349 -5.40760358]
 [ 5.54850896  2.05870568  5.69817744]]
[[ 3.6151733  -5.07827762 -3.12539243]
 [-5.72883184  5.67268869  5.74685689]]
[[ 5.38350723 -3.95011235 -4.27152002]
 [-4.88992418  4.89536774  5.54579524]]
[[-3.19348102 -4.58062148  4.58939814]
 [ 5.97869178  4.51298109  2.57110785]]
[[-3.30705934 -4.21438089  5.88791586]
 [ 4.44610749  4.58264646  3.74650367]]
[[ 4.72636157 -4.35292761 -4.60739706]
 [-5.2258743   5.6271871   5.58499217]]
[[-5.98865921  4.23973483 -3.69627899]
 [ 5.80160341  4.86638006  5.87147273]]
[[-4.54067069  3.50133764 -3.43497334]
 [ 2.61391523 -4.97548621  5.42620022]]
[[-3.05682214 -4.79398999  5.67915765]
 [ 4.50035296  3.59537521 -5.63459908]]
[[-4.2730557  -5.58569704  3.02993403]
 [ 5.87682504  4.77670841 -3.41833639]]
[[-5.96275481 -3.22058146  4.05407207]
 [-0.87187976  5.27886442 -4.92311005]]
