[[0.97844454 0.99998971 0.02059577 0.9831668 ]]
[[0.97984722 0.99999015 0.023641   0.98713348]]
[[0.97700412 0.99949204 0.02180847 0.98944847]]
[[0.9762678  0.99998835 0.01977637 0.98940318]]
[[0.97762937 0.99999066 0.0225402  0.99822691]]
[[0.97646553 0.99998678 0.0230013  0.99497377]]
[[0.97896587 0.9986386  0.02343871 0.98651553]]
[[0.97859965 0.99950728 0.02373403 0.98652694]]
[[0.97851159 0.99975751 0.01819921 0.98670121]]
[[0.97686768 0.99998818 0.02170336 0.99624727]]
[[0.97650104 0.99998519 0.02374656 0.98665199]]
[[0.97878858 0.99987506 0.02063241 0.98822461]]
[[0.97653792 0.99998859 0.01726498 0.99480105]]
[[0.97992363 0.99999083 0.0234856  0.99739185]]
[[0.97654841 0.99939959 0.02231386 0.99684785]]
[[0.9775554  0.99991345 0.0192903  0.99109254]]
[[0.9776804  0.9999855  0.02043564 0.98741872]]
[[0.9766944  0.9999065  0.02122602 0.98764421]]
[[0.97752513 0.99998974 0.019625   0.99182367]]
[[0.97703868 0.99998913 0.0212336  0.98558644]]
[[0.97779105 0.99999023 0.02294979 0.9954167 ]]
[[0.97616452 0.99999018 0.01980263 0.99836131]]
[[0.97750477 0.99950696 0.01821471 0.99778469]]
[[0.97705146 0.99972549 0.02297317 0.97719781]]
[[0.97893711 0.99997343 0.02301339 0.992685  ]]
[[0.97797423 0.9999914  0.01833471 0.99813304]]
[[0.97932156 0.99979825 0.02191693 0.97937098]]
[[0.97783128 0.99999069 0.01896997 0.9905103 ]]
[[0.97742768 0.9973852  0.0238364  0.98282713]]
[[0.9789084  0.99998946 0.02147473 0.98600018]]
[[0.97894671 0.99950494 0.01828028 0.97700372]]
[[0.97718759 0.99999111 0.02048177 0.99860602]]
[[0.97649223 0.99998245 0.02301991 0.97983117]]
[[0.97928656 0.99993738 0.02159422 0.9766797 ]]
[[0.97612715 0.99998849 0.02073643 0.99787665]]
[[0.9766979  0.99997968 0.01968793 0.98467261]]
[[0.98054212 0.99999275 0.0192657  0.99541299]]
[[0.9779989  0.99999092 0.01950993 0.99429391]]
[[0.9774689  0.99994699 0.02281588 0.99499675]]
[[0.97637799 0.99959071 0.02143101 0.98820255]]
[[0.9763133  0.99998686 0.02268829 0.98936933]]
[[0.97601224 0.99657407 0.02346738 0.97721992]]
[[0.9778835  0.99998243 0.02184142 0.98571272]]
[[0.97796894 0.99955211 0.02351157 0.98716712]]
[[0.97787283 0.99998681 0.02295262 0.98161093]]
[[0.97852213 0.99999197 0.02322192 0.99976298]]
[[0.97761245 0.99999046 0.02331216 0.99831602]]
[[0.98068057 0.99970339 0.01819675 0.97854934]]
[[0.97706411 0.9996529  0.02373804 0.99429536]]
[[0.97933342 0.99999038 0.023691   0.99748603]]
[[0.97691405 0.99984205 0.0238473  0.97701539]]
[[0.97681669 0.99999164 0.0157826  0.99281131]]
[[0.97909142 0.99999127 0.0221504  0.99906876]]
[[0.97732328 0.99998936 0.02225592 0.99373302]]
[[0.97720368 0.99798083 0.02331697 0.98459447]]
[[0.97913751 0.99998966 0.02376519 0.99442179]]
[[0.97656324 0.99999002 0.01885518 0.99111268]]
[[0.97841594 0.99999044 0.02300449 0.99134503]]
[[0.97603267 0.99950596 0.02148455 0.98387014]]
[[0.9783321  0.99998946 0.02387297 0.99089789]]
[[0.97946307 0.99774909 0.02394559 0.98464498]]
[[0.97668871 0.99998688 0.02288993 0.99211878]]
[[0.97614462 0.99997361 0.02234038 0.98449327]]
[[0.97849001 0.9999912  0.02007198 0.99829682]]
[[0.97695555 0.99997944 0.01882251 0.98823943]]
[[0.97679343 0.99963748 0.02224139 0.97983094]]
[[0.98194895 0.99999269 0.02143726 0.99083576]]
[[0.97694752 0.99985881 0.01996676 0.98942265]]
[[0.97682909 0.99947806 0.02372218 0.97894561]]
[[0.97719632 0.99999034 0.02154798 0.99308269]]
[[0.97908413 0.9996455  0.02326032 0.98387502]]
[[0.97657618 0.99999081 0.02005882 0.99678585]]
[[0.97717687 0.99944962 0.01993312 0.99513425]]
[[0.97654151 0.99939066 0.01999862 0.99566611]]
[[0.97678724 0.99998754 0.02056984 0.97791707]]
[[0.97729853 0.9999878  0.02336181 0.99720271]]
[[0.97671586 0.99997364 0.02317883 0.97713851]]
[[0.97789815 0.99998918 0.0196417  0.97752085]]
[[0.97721208 0.99998821 0.02252422 0.99399982]]
[[0.9762314  0.99998847 0.02108464 0.99750295]]
[[0.97669331 0.99998975 0.01820417 0.98857581]]
[[0.97723287 0.99998723 0.02193624 0.97798995]]
[[0.97668053 0.99949203 0.01915339 0.98605226]]
[[0.97742293 0.99947521 0.01980256 0.98985926]]
[[0.97857965 0.99998937 0.02250494 0.99759586]]
[[0.97681796 0.99947533 0.02383029 0.99717396]]
[[0.97648972 0.99941734 0.014654   0.98032297]]
[[0.97757229 0.9999886  0.02134871 0.99009235]]
[[0.97915262 0.99999216 0.01760947 0.98386769]]
[[0.9799109  0.99999053 0.02318794 0.99236486]]
[[0.97698723 0.99724952 0.02303501 0.9764146 ]]
[[0.97601374 0.99998858 0.02282303 0.9882246 ]]
[[0.9773302  0.99999102 0.02288544 0.99770485]]
[[0.97787841 0.99998961 0.02125612 0.98759556]]
[[0.97831767 0.99951103 0.02322464 0.99419391]]
[[0.9797815  0.99999217 0.02146528 0.99861845]]
[[0.97694738 0.99979696 0.02160264 0.99768779]]
[[0.97826042 0.99999019 0.02019151 0.98495169]]
[[0.98047772 0.99770576 0.02001077 0.98071328]]
[[0.97703016 0.99998832 0.02284758 0.99851718]]
[[0.97746652 0.99958276 0.02197437 0.99181233]]
[[0.97610915 0.99991077 0.02036969 0.99383294]]
[[0.97675162 0.99999014 0.01732676 0.98813499]]
[[0.97616854 0.99998917 0.01851432 0.99204777]]
[[0.97780081 0.99947178 0.02361332 0.98189516]]
[[0.97607424 0.99999035 0.02186351 0.99654482]]
[[0.97612929 0.99993646 0.02305269 0.99264186]]
[[0.97637391 0.99999024 0.02193625 0.99590448]]
[[0.97829643 0.99998928 0.02104827 0.97646396]]
[[0.97624716 0.99999098 0.02028371 0.9929042 ]]
[[0.97789282 0.99999044 0.01822123 0.980317  ]]
[[0.97726333 0.99950347 0.0183882  0.97849578]]
[[0.97792863 0.99997342 0.02011566 0.98900802]]
[[0.97649264 0.99940971 0.01497129 0.9904102 ]]
[[0.97692218 0.99999014 0.01994425 0.99912971]]
[[0.97752212 0.99746866 0.02178911 0.9779534 ]]
[[0.97932924 0.99999192 0.01956126 0.99652437]]
[[0.97908184 0.99998312 0.02085499 0.97730854]]
[[0.97804852 0.99998678 0.02018456 0.98935955]]
[[0.97665647 0.99999034 0.02034977 0.99839873]]
[[0.97835164 0.99998958 0.02163884 0.99221343]]
[[0.97735172 0.99727713 0.02295658 0.9760839 ]]
[[0.97764709 0.99796776 0.02273209 0.99260829]]
[[0.9794719  0.99998827 0.02238408 0.99401498]]
[[0.9765123  0.99998817 0.02061757 0.99399262]]
[[0.9776967  0.99928883 0.02058722 0.98126029]]
[[0.97769702 0.99999016 0.0220613  0.97627596]]
[[0.97709393 0.99998919 0.02241194 0.9991185 ]]
[[0.98004518 0.99999012 0.02382408 0.99000747]]
[[0.97662347 0.9999854  0.02365466 0.99007391]]
[[0.97728532 0.99999165 0.02370186 0.9811417 ]]
[[0.97806716 0.99999109 0.02163268 0.99041483]]
[[0.97682318 0.9994208  0.01905487 0.97685359]]
[[0.9764572  0.99998636 0.02309476 0.98807163]]
[[0.97763963 0.99950487 0.01945715 0.97818484]]
[[0.97918901 0.99910674 0.0234816  0.98841626]]
[[0.97621685 0.99937961 0.01935682 0.98971627]]
