[[ 5.56410615 -3.2177181  -4.57479252]
 [-4.59698608  4.02199553  4.9986709 ]]
[[-3.96198032 -3.07683692  5.80719142]
 [ 5.28942133  4.69004203  1.48510732]]
[[-3.22502802 -3.4260835   4.79396629]
 [ 4.09950246  4.02256607 -3.77036758]]
[[ 5.3767501  -3.77765669 -3.71893261]
 [-3.04848236  5.16951093  5.22056072]]
[[ 2.97942909 -5.70312904 -2.83220248]
 [-3.69799879 -0.8763946   5.1175398 ]]
[[-4.70216257  2.86706914 -5.66924458]
 [ 5.64805969 -5.39567167  5.55634875]]
[[ 4.35321688 -3.13566248 -3.80134822]
 [-0.47171788  3.17050971  5.740929  ]]
[[-4.20974207 -4.0299174   3.46151959]
 [ 4.62849464  5.69995152 -1.47417679]]
[[-3.66066457 -5.7418038   2.56278366]
 [ 5.34954584  5.15296284 -5.1022496 ]]
[[ 3.20397208 -3.8117127  -4.15602574]
 [-5.58454748  5.26517686 -2.7444144 ]]
[[-3.37253862  4.60436233 -4.12298137]
 [ 3.35193517 -2.63846225  5.83166742]]
[[ 4.04596935 -4.8017152  -3.39837296]
 [-3.20653125  4.00338293  5.24816373]]
[[ 2.59067317 -4.85655422 -5.12601002]
 [-5.65266091  3.27890961  5.22038111]]
[[-5.10599692 -4.65118374  2.60463267]
 [ 4.71638035  5.65908456 -2.92371688]]
[[-3.23457833 -5.99036993  3.87692101]
 [ 5.64117639  1.28415127 -5.96269512]]
[[ 5.31220764 -5.24583223 -3.05419108]
 [-3.98325814  4.93324455  5.35068228]]
[[-3.16102194 -3.96251051  5.36191866]
 [ 4.60126681  5.12736794 -1.40647269]]
[[-2.88155844 -3.58214998  5.62538075]
 [ 4.16188279  5.34005678  0.22306462]]
[[ 3.48956897 -3.76315941 -4.11170428]
 [-4.59852923  5.66555457  3.27143296]]
[[-4.04434694  3.74014856 -4.71777744]
 [ 4.45876718  1.98405215  5.95763958]]
[[-3.9436253  -4.38432086  4.65945729]
 [ 5.23643035  5.65960869  0.13849827]]
[[-5.7636346  -4.43959251  3.21937469]
 [ 3.28859843  5.92976901 -5.88141707]]
[[ 5.03713463 -3.72172065 -2.77972432]
 [-4.66043102  4.01978862  4.41191982]]
[[-3.4617724  -4.41877256  3.04618805]
 [ 5.19805621 -2.70812063 -4.99114229]]
[[-5.44505587  5.91625061 -3.33997404]
 [ 5.40762992 -3.29027034  5.11776689]]
[[-2.52765246 -5.21685252  5.17372975]
 [ 3.93513266  5.52803989 -0.79642131]]
[[-3.49936556  3.87105133 -5.24964533]
 [ 5.59174253 -4.78320748 -0.04900462]]
[[-3.84326872 -4.15869567  3.84924595]
 [ 4.92048287  4.65860929  1.01193563]]
[[-4.46622889 -3.52310675  5.90586665]
 [ 3.94990721  5.23293072 -5.29816587]]
[[ 5.74736141 -3.29854181 -3.48652262]
 [-5.63174876  1.66160344  5.57756704]]
[[ 5.83863244 -5.02223428 -3.41900397]
 [-5.33131055  4.13912611  4.73049302]]
[[-4.51160359  4.77061116 -4.32687306]
 [ 4.56516481 -4.47846253  5.3941498 ]]
[[ 3.45431809 -4.40361994 -4.52784382]
 [-4.55196869  5.51430675  4.82379293]]
[[-3.62282988  4.71602454 -2.56848325]
 [ 3.93853577 -2.83559011  5.70942091]]
[[-5.41373423 -3.40635715  4.90775358]
 [ 5.71223804  5.22252243 -4.8273313 ]]
[[-3.6283472  -4.36671644  5.20567817]
 [ 5.10451167  4.76330954 -2.98206642]]
[[ 4.82423381 -2.77009873 -4.53769391]
 [-3.50279912  3.75986858  5.20917609]]
[[-3.40484294  4.1093959  -3.2512653 ]
 [-4.33681009 -5.7687398   5.46062244]]
[[ 4.03218491 -3.85986695 -5.19350822]
 [-4.8601605   5.93634594 -3.6642715 ]]
[[-5.99247521  4.42461118 -3.41744762]
 [ 0.2492022  -5.13480907  5.4213547 ]]
[[ 4.83932405 -4.76940187 -3.63473224]
 [-5.70128795  5.38315612  5.83227315]]
[[ 3.93831441 -2.86166943 -4.48478034]
 [-1.82200135  4.50705619  5.37607305]]
[[-4.35350796 -4.2844018   3.46070395]
 [-1.87628894  5.38388107 -5.47151583]]
[[-5.13463204 -4.34272652  2.95739638]
 [ 4.110561    5.67801115 -4.88393106]]
[[-4.28829608  5.77661412 -3.40905021]
 [ 4.23010255 -1.63275164  5.31066388]]
[[ 4.89951073 -2.74137082 -3.67683623]
 [-3.2518062   5.31663871  4.32502987]]
[[-5.92223337  3.68409002 -5.67022408]
 [ 5.34771641 -5.47871737  5.87175054]]
[[-4.77028063  4.8811935  -3.62714764]
 [ 5.12499752 -3.92767141  5.46948471]]
[[ 3.6028238  -4.12782877 -4.47827465]
 [-0.51844197  5.09728245  5.17629101]]
[[ 5.01642916 -5.14665195 -4.7634275 ]
 [ 4.68742952  5.98100023  5.66963191]]
[[-5.15804208 -4.04786317  4.89901507]
 [ 4.32056898  5.24902503 -5.10065674]]
[[-2.29058124  3.75476904 -4.67475657]
 [ 4.66667375 -4.95951664  4.21236557]]
[[ 4.77749969 -3.56376884 -5.28380726]
 [-5.65412934  5.29802949 -2.96215932]]
[[-3.42249143 -3.44979882  4.85692002]
 [ 4.69528504  5.82545283  0.74464252]]
[[-4.27801886 -3.68427839  3.72210654]
 [ 5.49049903  5.00538087 -1.61806971]]
[[-4.32131554 -2.75992997  3.70120845]
 [ 4.49880544  4.64410386 -2.69317129]]
[[-4.90680632  5.19156867 -4.4385658 ]
 [ 2.83700859 -5.57414015  5.72872691]]
[[-3.66543942  5.21044585 -2.49655986]
 [ 5.38699858  2.18504625  5.83130056]]
[[-2.7565304  -5.11983294  4.80655897]
 [ 5.20495508  5.42487817  2.99786197]]
[[-4.19076059 -4.34078088  3.67766259]
 [ 5.02598453  4.86085954 -3.91360391]]
[[-5.21494681 -3.44960204  4.34524884]
 [-4.06543119  4.88201296 -5.93308682]]
[[-5.48350374 -3.0935095   3.010806  ]
 [-0.61717319  5.73842316 -3.3443934 ]]
[[-3.88977083 -4.64451286  4.09318566]
 [ 5.53287576  3.12035769 -5.30604912]]
[[-4.99261521  4.0013561  -4.76212845]
 [ 5.40662596 -4.50928199  5.82878076]]
[[-4.0195664  -4.2844391   2.47532466]
 [ 5.85276317 -1.79809764 -5.10813152]]
[[-4.86378774 -2.5954949   5.07823958]
 [ 4.9173402   4.47905916 -4.68924439]]
[[-3.65167446 -4.3205331   4.50502075]
 [ 5.93598252 -5.63463047 -5.03141761]]
[[-5.01978377 -3.77488702  3.25780473]
 [ 4.89962664  4.61769734 -3.10231177]]
[[-3.23684876 -4.35062211  5.91323419]
 [ 4.67251363  4.67089586 -4.76326781]]
[[ 5.78896935 -2.71357289 -4.91179576]
 [-0.29392853  5.56526901  4.65095122]]
[[ 4.60176843 -5.97214567 -4.02432821]
 [-5.85258354 -4.96503268  5.54602989]]
[[ 4.54704728 -3.88604677 -5.1718003 ]
 [-2.87070473  5.30645066  5.3963735 ]]
[[-4.42283803  5.55188373 -3.56154099]
 [ 4.20512433 -3.89822572  4.94451311]]
[[-2.92672233  3.05688977 -5.14749157]
 [ 4.04551362  0.24375748  5.65068617]]
[[ 4.7592939  -2.59615135 -4.98706801]
 [-5.15832185  5.84943227  5.61199292]]
[[-4.08884413 -4.41965647  3.12611268]
 [ 3.79940532  3.64754619 -4.88635147]]
[[ 3.48451994 -4.16875997 -3.88421924]
 [-5.75164059  5.83572354  3.50097429]]
[[-5.2526156  -4.76706604  2.94806057]
 [ 4.08380844  5.45829501 -4.59419978]]
[[-3.38362741 -4.89714178  3.44203975]
 [ 4.72869076  5.84294894  5.09593517]]
[[-3.6980379   5.65170449 -3.56775162]
 [ 4.28514201 -2.84634439  5.73655489]]
[[-3.28433153  5.21000175 -3.77931851]
 [ 2.3652495  -5.5893579   5.15823216]]
[[ 3.33667662 -4.68601037 -4.11266576]
 [-5.53425728 -0.60712378  5.08672523]]
[[-4.71388682  2.94601711 -5.93945912]
 [ 5.61778613 -5.81565808 -5.62267165]]
[[-3.07871756  3.08642831 -3.89438954]
 [ 4.80141085 -5.31279392 -4.90334841]]
[[-3.30631602  2.91947943 -4.23769396]
 [ 3.56405835 -1.44038449  5.8240702 ]]
[[ 2.5352077  -4.80830196 -4.53921931]
 [-5.73626879 -5.74202974  5.77166406]]
[[-4.32332068 -5.77509275  2.63764271]
 [ 5.77327987  1.82463096 -5.39801266]]
[[ 4.63449442 -3.57433607 -3.41303889]
 [-5.30727153  5.80291085  4.11369025]]
[[-5.78598485  4.07417414 -3.25102374]
 [ 0.95096843 -5.93417199  4.88764008]]
[[ 5.01928994 -2.70103897 -5.4536501 ]
 [-5.83763291  4.53130296 -0.40010138]]
[[-3.89042874 -4.25740239  3.36204335]
 [ 5.7833235   5.67676993  4.6306591 ]]
[[-3.41716095 -3.52322944  3.50892564]
 [-0.82874189  4.88018244 -5.65141895]]
[[-3.55547707  3.12620472 -5.43099662]
 [ 5.63971345 -2.54098383  4.20033778]]
[[ 3.56020434 -3.28331263 -4.95938323]
 [-5.07628769  4.08478894  5.26044379]]
[[-5.064642    4.89942668 -3.94427727]
 [ 4.75641719 -5.07701291  5.43828863]]
[[ 4.4189786  -4.86800775 -3.04767474]
 [-5.11102018  5.94689284  2.95623173]]
[[ 5.56347114 -4.14392701 -4.421289  ]
 [-5.76971915  4.73241054  4.45221471]]
[[ 5.80557114 -3.71725736 -4.29560823]
 [ 0.64968719  5.45393474  4.89910045]]
[[ 3.95471816 -4.87900801 -5.21905245]
 [-5.37358322  5.27937012  5.43278226]]
[[ 3.49012643 -3.53688328 -5.78659098]
 [-4.73329895  4.88195735  4.94203075]]
[[-5.06997674  2.91474094 -3.44585424]
 [ 1.69780786 -5.09676182  4.64882346]]
[[ 5.17302908 -4.41007999 -3.99433024]
 [-5.00006064  5.60813258  3.23660642]]
[[-4.03661859  5.87832832 -3.84611459]
 [ 5.84993396  4.4188423   4.00141564]]
[[-4.46683416 -4.98000546  3.46426065]
 [ 5.58353056  5.25732541 -1.72405299]]
[[-2.90318289  5.31843346 -5.2965784 ]
 [ 3.99320675 -2.10612164  5.60392507]]
[[ 5.06179741 -3.13820137 -5.90095941]
 [-4.2267512   4.12637135  5.81691698]]
[[-5.92564073  4.31449729 -2.52591751]
 [ 5.38264539 -3.72513363  3.95714223]]
[[-4.70226476  4.64368895 -2.51360773]
 [-2.87960845 -5.34737087  5.88561047]]
[[ 3.65049822 -5.53360707 -4.7066266 ]
 [-5.2143557   5.17208059  4.41923103]]
[[ 5.60492911 -3.67193388 -4.53733649]
 [-3.49866444  5.67994491  4.44572202]]
[[ 3.97904131 -5.57501772 -4.69520174]
 [-5.33435356  4.24887521  5.84967632]]
[[-3.55094369 -3.89185474  3.30969605]
 [-3.22948909  5.16156405 -4.89702306]]
[[-4.37154239 -5.18076251  3.15353167]
 [ 4.40393333  4.76139792 -3.86684602]]
[[-4.37140618 -2.6303252   5.22429974]
 [ 5.91585536  3.58939233  0.61122511]]
[[-4.44641851 -5.73541711  3.54291457]
 [ 5.78586649  2.87261574 -5.62843777]]
[[-3.96800889  5.34895602 -2.58326424]
 [ 5.92228227 -0.27393975  3.58978616]]
[[-5.08315365 -3.86790908  4.5656131 ]
 [ 5.74694296  5.40817633 -0.44542388]]
[[ 3.62896574 -3.90216133 -5.32684615]
 [ 1.0126815   5.92515692  5.90314731]]
[[-5.09204818 -3.30688793  4.22418026]
 [ 5.03732405  4.45055789 -1.71878398]]
[[ 3.56113995 -3.62377618 -3.98779603]
 [-5.16801238  2.52101542  4.45289967]]
[[-5.89811841  3.75678066 -3.06855947]
 [ 5.9541282   0.81185942  5.8329794 ]]
[[ 3.31583086 -4.81692224 -4.56985848]
 [ 5.55705787  5.44157492  5.55737137]]
[[ 4.75369344 -2.20255465 -5.11818439]
 [-5.73466695  5.65638656  1.17841547]]
[[ 3.93693117 -3.97761627 -5.25087145]
 [-3.72506175  5.74844771  4.80637812]]
[[-4.05083017 -5.06185022  4.72317078]
 [ 5.83675642  2.05100988 -5.28125382]]
[[-3.31223401 -3.14314882  5.98648927]
 [ 3.50313763  5.24327628 -1.42641171]]
[[-3.81141996  5.65847777 -4.41847613]
 [ 5.17605967 -0.61768983  4.93739401]]
[[-4.54558405 -3.69186142  4.21592116]
 [ 5.14773512  5.20526327  0.30062835]]
[[-3.09128933  4.86547102 -4.87554621]
 [ 4.05691084 -5.02289861  4.0339906 ]]
[[ 4.01686515 -2.73221323 -4.62641858]
 [-5.11190081  5.71025507 -4.74950038]]
[[-3.81231945 -3.0730832   4.3039876 ]
 [ 1.46448     5.40259395 -4.49954329]]
[[-4.59830239  3.80634729 -4.03607663]
 [ 5.82704575 -5.25140702  4.80986681]]
[[ 5.01375591 -4.73375383 -3.91173749]
 [-5.95220215  3.9813786   5.71506705]]
[[ 2.91923316 -4.05392898 -5.42851888]
 [-5.51435191  5.14176824  5.42787753]]
[[-5.23880453  4.56975827 -3.75819387]
 [ 5.64916402 -3.08883695  4.16142607]]
[[-5.74692224  5.33639963 -3.27058195]
 [ 5.59459835 -4.08524038  5.94307858]]
[[-4.24072801  2.11929804 -4.20594781]
 [ 5.34936376  0.15762578  4.66447537]]
[[-3.68163168  3.92241151 -4.09716458]
 [ 5.68623337 -5.75025325 -3.13830024]]
[[-5.7623575   4.18150815 -4.81167164]
 [ 2.70522918 -5.79352216  5.82697033]]
[[ 3.69232327 -3.49350826 -4.74843248]
 [-2.82368486  5.29003315  5.48599143]]
[[-4.11380162  4.95664131 -3.32132968]
 [ 4.32925781 -1.11598063  5.07602532]]
[[-4.4631084   5.503462   -3.13186641]
 [ 4.43717404 -5.21701875  5.50505432]]
[[-5.50854041 -3.15286722  4.7727708 ]
 [ 5.6828578   4.82222742 -3.16912519]]
[[-5.45317696  3.65533569 -5.3952004 ]
 [ 5.30878746 -3.74490296  5.87191078]]
[[ 3.28458079 -2.90184304 -5.41660026]
 [-4.9389307   5.83849467 -1.48478719]]
[[ 3.63125439 -4.45763001 -4.66554413]
 [-4.48843273  5.86282276  2.45071977]]
[[-3.13546903 -4.57231492  5.60647481]
 [ 5.58707668  4.72156052  3.63767721]]
[[-5.85843146 -3.67404505  2.85717216]
 [ 5.93093522  5.75861272 -4.34869429]]
[[-4.9584276   5.00708184 -3.10347323]
 [ 4.90781727  5.43180854  5.19545458]]
[[-5.99190603 -4.64648748  3.03135586]
 [ 1.7389104   5.75626219 -4.4778836 ]]
[[-4.6863853  -5.10074871  2.58158336]
 [ 5.35298322  5.73143694 -1.54355569]]
[[-4.07197399 -5.95274843  3.34290901]
 [ 5.47200768  4.18131425 -5.0907033 ]]
[[-3.24778508  4.11290983 -4.49752817]
 [ 5.54266518 -5.16926004 -3.12061077]]
[[ 3.70651727 -4.76318263 -4.17853831]
 [-4.05882481  5.43122328  5.34098516]]
[[-4.60446295 -4.38238282  4.56589366]
 [ 4.45958293  5.17098819 -4.4968553 ]]
[[ 3.09553181 -3.20406363 -5.48542186]
 [-3.42926897  5.82815762 -0.50486547]]
