[[ 5.61477559  5.99988413 -4.0345068 ]]
[[ 5.96260035  5.78846836 -4.28035463]]
[[ 5.88954551 -4.05525711  5.8680672 ]]
[[ 5.78799857 -4.32491609  5.96839197]]
[[ 5.77236499  5.8003186  -4.09762271]]
[[-3.99168602  5.78845807  5.70369354]]
[[ 5.8962907  -4.35095579  5.91454626]]
[[-4.42405823  5.99824969  5.99219085]]
[[ 5.77747656  5.98858463 -4.19252301]]
[[ 5.77783928 -4.07485013  5.90171806]]
[[ 5.57197863  5.94193722 -3.977454  ]]
[[ 5.9161968  -4.2373212   5.82966995]]
[[ 5.97071161 -4.36451602  5.81370793]]
[[-4.40976027  5.86560447  5.98845957]]
[[-4.32247725  5.8974232   5.87735395]]
[[-3.97526779  5.73831189  5.87019352]]
[[ 5.8681935   5.85616606 -4.27196057]]
[[ 5.90729617  5.94134245 -4.43701634]]
[[-4.27425104  5.92180732  5.8590617 ]]
[[ 5.64879459  5.99211726 -4.12570552]]
[[-4.24302328  5.94361726  5.73339228]]
[[-4.11112362  5.62445502  5.98228832]]
[[-4.1838581   5.86754733  5.90977549]]
[[ 5.95334763 -4.18722787  5.80683322]]
[[-3.93488312  5.91217136  5.88617171]]
[[ 5.98764389 -4.30892485  5.88279094]]
[[ 5.96181762 -4.44049676  5.94441287]]
[[-4.16809384  5.84747528  5.95336718]]
[[-4.0982347   5.76583577  5.84808362]]
[[-4.15784034  5.8939627   5.83260031]]
[[-4.11714014  5.93046688  5.94702033]]
[[ 5.93979216 -4.07300214  5.5736915 ]]
[[ 5.71681776  5.9182696  -3.92176395]]
[[ 5.76516651 -4.03677673  5.81847834]]
[[ 5.97698372  5.70178159 -4.0463106 ]]
[[-4.03488668  5.89237039  5.81982268]]
[[ 5.66573547 -4.08756647  5.88867004]]
[[-4.51359758  5.95089513  5.97528971]]
[[-3.9784986   5.95248827  5.95415663]]
[[-4.13974151  5.95814551  5.80873803]]
[[ 5.86137031 -4.19990392  5.77933467]]
[[ 5.8299039  -4.10003614  5.82261075]]
[[ 5.98559605 -4.1281301   5.94712264]]
[[ 5.91897406 -3.93377659  5.7135987 ]]
[[ 5.73028625  5.79488433 -3.9656876 ]]
[[ 5.95885483 -4.41376962  5.90175397]]
[[ 5.94071509 -4.47519052  5.98629817]]
[[ 5.9837499  -4.22205384  5.71806026]]
[[ 5.67308971  5.82325918 -4.03025581]]
[[-4.2818105   5.98459477  5.92956708]]
[[ 5.96209279 -4.1090837   5.93454501]]
[[-4.28863478  5.88251358  5.87728069]]
[[-4.23753454  5.92368193  5.78556726]]
[[ 5.97910154 -4.33825521  5.80573504]]
[[ 5.87164647  5.92474382 -4.23495647]]
[[ 5.85439592  5.95200802 -4.0036244 ]]
[[ 5.93961605  5.90256221 -4.21274916]]
[[ 5.94425772  5.87178516 -4.29811108]]
[[-4.24594524  5.88403764  5.97392209]]
[[-4.15862916  5.89865012  5.99506799]]
[[ 5.9273208   5.88973125 -4.10005806]]
[[ 5.77827252  5.9827385  -4.33304919]]
[[ 5.96574235 -4.49431587  5.96547265]]
[[ 5.92463991  5.47899882 -3.82664216]]
[[-4.27566267  5.93909228  5.92933956]]
[[ 5.76140659  5.98709149 -4.32539988]]
[[ 5.9199339   5.66740535 -4.15745461]]
[[ 5.81853138  5.99024035 -4.38751978]]
[[-4.1111116   5.88923426  5.69344791]]
[[-4.23757961  5.75327458  5.89719162]]
[[ 5.98701045  5.84280319 -4.41314753]]
[[ 5.75295776 -4.18910359  5.97455881]]
[[ 5.95284042 -4.13591633  5.89505015]]
[[ 5.9167659   5.97969739 -4.12041285]]
[[-4.0650261   5.86080989  5.75489038]]
[[-4.20265079  5.79824129  5.9677472 ]]
[[-4.10823239  5.76364497  5.83133992]]
[[ 5.85448477 -4.11471744  5.89860862]]
[[ 5.81018772  5.9721038  -4.35501591]]
[[-3.98754158  5.89091111  5.79109051]]
[[ 5.70689228 -4.02029934  5.94033896]]
[[-4.45914399  5.94194445  5.93669914]]
[[ 5.86781889  5.94290817 -4.34126219]]
[[-3.93846513  5.90550696  5.45404581]]
[[ 5.92276519 -4.23216562  5.98457729]]
[[ 5.93105939  5.89145374 -4.28202375]]
[[ 5.72683977  5.64861816 -3.95327997]]
[[ 5.91695302 -4.15760706  5.80012326]]
[[ 5.91340837  5.69045031 -4.1469782 ]]
[[ 5.94160289  5.97981836 -4.3318016 ]]
[[ 5.82364169 -4.18025581  5.79062034]]
[[ 5.93645118 -4.19371985  5.94808501]]
[[-4.1447558   5.83177198  5.95349755]]
[[ 5.84088789 -4.26731976  5.87042698]]
[[ 5.48597669 -3.9707563   5.94920562]]
[[ 5.6913159  -3.92896089  5.66874347]]
[[ 5.82048915 -4.17439569  5.82481351]]
[[ 5.9615276  -4.38977599  5.88401408]]
[[-4.29304535  5.95173394  5.90874968]]
[[-4.31481715  5.93960025  5.81799201]]
[[ 5.9730227  -4.50920722  5.98924492]]
[[-4.067206    5.99127579  5.79158672]]
[[ 5.98459721  5.8821665  -4.36500845]]
[[ 5.90954337  5.8829042  -4.00927145]]
[[-4.49278894  5.92798833  5.98565824]]
[[ 5.94820339  5.75868387 -4.16051546]]
[[ 5.94308599  5.99770604 -4.22979281]]
[[ 5.80289864  5.77055872 -3.96511843]]
[[-4.36658213  5.98603668  5.85555538]]
[[ 5.72443974  5.81962164 -4.07080717]]
[[ 5.96950313  5.69695544 -4.05136758]]
[[ 5.86450065  5.8693319  -4.04576789]]
[[ 5.98331846  5.8024885  -4.25574421]]
[[ 5.9316371   5.63674009 -3.94805618]]
[[-4.39694926  5.85740645  5.98646659]]
[[-4.37742255  5.92515152  5.92448524]]
[[ 5.89898818 -4.06291528  5.94719621]]
[[ 5.91753558  5.66822111 -4.16881269]]
[[ 5.82747783  5.87122444 -4.26814997]]
[[ 5.87315101 -4.4000433   5.9779877 ]]
[[-4.33534725  5.83999367  5.99807496]]
[[ 5.66923498  5.95383432 -3.8963081 ]]
[[-4.44430798  5.87921588  5.98446841]]
[[ 5.93807939 -4.04831307  5.88496751]]
[[ 5.96573518  5.94706101 -4.47429081]]
[[ 5.75751915  5.83747984 -3.99317312]]
[[-4.07252666  5.90208947  5.8039977 ]]
[[ 5.94612727  5.97565427 -4.30924016]]
[[ 5.81495377  5.88593853 -4.28261026]]
[[ 5.74319183 -4.28471515  5.95366592]]
[[ 5.99673735  5.93299915 -4.35164753]]
[[ 5.94909301  5.72276098 -4.17547918]]
[[-4.03821914  5.95777112  5.64932294]]
[[-4.07709064  5.62226993  5.95869168]]
[[ 5.91296106  5.95606762 -4.44396654]]
[[-4.10730476  5.89816719  5.70199204]]
[[ 5.98839678  5.83414471 -4.31448631]]
[[ 5.96605838  5.45755204 -3.89919741]]
[[ 5.97943403  5.7769189  -4.30046427]]
[[ 5.98493856 -4.43602106  5.86269569]]
[[-3.97495281  5.74543083  5.8540347 ]]
[[ 5.65813937 -4.14084488  5.98001822]]
[[ 5.94409686 -4.33474666  5.85040585]]
[[ 5.94010134 -4.24761558  5.91693481]]
[[ 5.86266318 -4.25543264  5.81025533]]
[[ 5.94058556  5.94025595 -4.38391743]]
[[ 5.91566327  5.98678894 -4.18910978]]
[[ 5.90099571  5.81630105 -4.18965029]]
[[-4.05622119  5.73380793  5.82195849]]
[[ 5.66714379  5.80111788 -3.9567221 ]]
[[ 5.80845726  5.86387655 -4.09753129]]
[[ 5.99244826 -4.3573792   5.83671277]]
[[-4.23769723  5.92210386  5.81915572]]
[[ 5.77164548 -4.10883731  5.82668575]]
[[ 5.64808957 -4.11261504  5.97989809]]
[[-4.02860017  5.50688038  5.95167944]]
[[ 5.86341044 -4.16951023  5.731591  ]]
[[-4.16933059  5.84265563  5.80300334]]
[[ 5.77506747  5.95078843 -4.176971  ]]
[[ 5.74817411  5.91301322 -3.97926246]]
[[ 5.55099086 -3.99135049  5.87793643]]
[[ 5.96367157 -4.13773884  5.73098859]]
[[-4.09025335  5.68475557  5.83597122]]
[[-4.25541302  5.92586135  5.84188826]]
[[ 5.97108158  5.83409184 -4.2976144 ]]
