[[-5.00276965  4.63742875 -5.38451738]
 [ 5.84802055 -5.0653134   4.42110503]]
[[-5.12291099  3.43284216 -5.26711133]
 [ 4.89070264 -3.86127879  5.54075506]]
[[-4.89178199 -2.83744842  5.56768242]
 [ 5.08506367  5.53467598  3.32997469]]
[[-4.55729351  5.1286341  -4.5456207 ]
 [ 5.02560222 -4.33867921  5.21528957]]
[[ 2.93618462 -3.60627598 -3.90528119]
 [-5.05126578  3.90123768  4.21473439]]
[[-5.03112898 -4.59179787  5.72500626]
 [ 5.97860275  4.81837849 -5.71937814]]
[[ 4.14619657 -3.90782678 -5.83928552]
 [-5.17075508  5.98264366 -2.05172688]]
[[ 4.86462925 -4.59381924 -3.42893868]
 [ 4.27525979  5.15002541  4.72459342]]
[[-3.15245973 -5.75506735  4.44599513]
 [ 5.00013232 -0.38863157 -5.83772572]]
[[-4.05072792 -4.22667576  3.33476261]
 [ 5.63344946  3.24597174 -4.64941582]]
[[-5.22647578  4.91602415 -3.30564045]
 [ 2.99239989 -5.64574855  5.20819068]]
[[ 4.05230366 -5.72734868 -3.98270373]
 [-5.71380392  0.16940068  5.87333177]]
[[-3.27210596  3.94265081 -5.18496247]
 [ 5.64296387 -2.27409037  5.56509478]]
[[-4.41431897  4.10559177 -2.99999171]
 [ 5.08007536 -2.74118677  5.11564531]]
[[-4.22683712  3.91662319 -2.83870007]
 [ 5.72371639  5.36987861  4.94875675]]
[[ 3.21680198 -5.3009853  -2.95027156]
 [-5.15781575  0.29611567  4.8653198 ]]
[[-2.91144327  4.68226458 -5.22566597]
 [ 5.30984767 -5.42664444  2.13154196]]
[[-4.64635099  4.19816077 -3.47379855]
 [ 5.24169331  0.17791609  4.93331593]]
[[-5.45385491  4.82115917 -4.22207345]
 [ 5.29366867 -4.13247254  5.83384213]]
[[-5.24492957  3.79229607 -3.02233611]
 [ 4.95471368 -4.14256672  3.38863644]]
[[ 5.6624062  -3.02068013 -3.2578689 ]
 [-5.22726596  3.33481822  4.46167985]]
[[ 4.48776351 -4.66010076 -3.13110215]
 [-4.95582203  5.1361557   4.29181583]]
[[-3.29431459  5.18262373 -3.91761716]
 [ 5.55298952  3.61066312  5.67725454]]
[[-4.97413965 -4.89428068  3.64672551]
 [ 5.87469829 -0.32219424 -5.63357029]]
[[-4.86809843  3.02816191 -4.43346265]
 [ 5.8039594  -0.92646023  5.44987803]]
[[ 4.26446366 -4.36203302 -4.33156774]
 [-4.64527445  5.00684169  5.17844872]]
[[ 4.47495763 -3.13012645 -5.47262591]
 [ 1.31231285  4.60335432  5.59348896]]
[[ 3.62281694 -4.80139481 -5.2457211 ]
 [-5.02404873  4.52677759  5.25831076]]
[[ 4.34189757 -4.08617596 -3.11884382]
 [-5.50085248 -3.19746688  5.02938386]]
[[-5.12991801  4.19561102 -4.6691618 ]
 [ 5.86320945 -3.5426258   4.69644998]]
[[-4.27560723 -4.08916465  4.73130243]
 [ 4.21108699  5.87071344  4.77111189]]
[[-3.22562154  4.04511624 -3.27586877]
 [ 4.20334476 -4.96791985  3.63476053]]
[[-3.22459293  4.17506145 -4.4616666 ]
 [ 5.94823777 -4.19947751  2.34174788]]
[[-4.40387139  3.37894511 -3.96488175]
 [ 5.11414705 -5.44514226  0.57550208]]
[[-5.44675724 -4.09470727  4.44253964]
 [ 5.1827239   5.96156398 -5.27972297]]
[[-3.19127772  5.93626297 -5.48499657]
 [ 5.5047352  -1.44344243  5.50138451]]
[[-5.31766117 -4.38540229  4.03986582]
 [ 4.5548012   5.31925947 -5.45148406]]
[[ 3.42095056 -4.32437839 -5.65117528]
 [-4.56948826  5.82171818  4.52516495]]
[[-2.76690028  3.9214841  -4.45078989]
 [ 5.82959613 -5.97882569  0.72516385]]
[[-2.72608516  4.04166051 -4.2811091 ]
 [ 4.11652677  2.0644135   5.06571534]]
[[-4.02274134 -2.92160413  5.22015651]
 [ 5.18274014  3.62075048 -3.00097243]]
[[-3.54365914 -3.28497777  3.85041485]
 [-5.99724582  4.63719796 -5.2975909 ]]
[[ 5.46390976 -4.35220596 -3.98748717]
 [-1.87427006  5.93890279  4.26678023]]
[[-4.02888883 -4.28870767  4.04389246]
 [ 5.93996873  4.57661813  2.94200276]]
[[-4.42942752  5.09152332 -4.39273916]
 [ 5.85261035 -5.06393418  3.28391008]]
[[-4.56566131  3.86607816 -2.97045402]
 [ 4.8934436  -5.5665668   5.79803595]]
[[-4.38951251  2.67884292 -5.3859799 ]
 [ 4.84123757 -5.248022    5.51999585]]
[[ 5.86189744 -5.30037156 -4.4592152 ]
 [ 2.49393714  5.40527209  5.84242191]]
[[ 5.8760623  -3.66930256 -3.92927116]
 [ 1.8772776   5.96421852  4.70812361]]
[[-3.565631    5.2219397  -4.87988062]
 [ 4.54676515 -5.37175308  5.3451929 ]]
[[ 5.52328357 -2.9245006  -4.04358109]
 [ 0.64011769  5.54775633  3.67945703]]
[[-5.78280578  5.2232646  -3.93123314]
 [ 5.11624564 -5.35382577  5.56427645]]
[[-4.31972057 -4.2648989   3.34136607]
 [ 4.71137521  5.52684112 -4.30712431]]
[[ 5.36893349 -3.32901903 -3.25680952]
 [-3.72977949  5.71020055  3.44804759]]
[[-5.35282298 -3.10912288  3.29718117]
 [-2.38841976  5.46536323 -4.27885257]]
[[ 4.3517574  -5.70085799 -4.16580555]
 [-5.14047641  5.39837619  4.92444114]]
[[-5.33549839  4.46717305 -3.00257501]
 [ 5.2665356  -3.07119284  5.30442357]]
[[-5.70021667 -2.81069026  4.10102945]
 [ 5.45595795  4.70737311 -3.22141946]]
[[-3.34053868  3.06264191 -5.07942864]
 [ 5.46910206  2.74990871  5.19270999]]
[[ 5.33650218 -4.39471584 -3.23133515]
 [-4.28133613  4.63492305  4.35640877]]
[[ 4.87583393 -2.78133623 -3.79520699]
 [-5.54618995  5.44736606 -3.57511772]]
[[ 4.07251662 -4.24925437 -3.03667082]
 [-2.62555775  4.69877391  4.40249523]]
[[-3.32154048 -3.41866367  5.26537856]
 [ 5.46270454  1.52640593 -5.50013771]]
[[-4.43729285  4.52264361 -3.83496146]
 [ 5.05723402 -5.08684691  4.62695912]]
[[-4.79027151 -3.84254466  4.15976521]
 [ 5.07872708  5.62708419 -1.39031046]]
[[-3.65925905 -4.64946728  4.6017543 ]
 [ 4.05881122  5.86351058  1.83256174]]
[[-4.97485847  4.95499626 -5.70422543]
 [ 5.61451632 -5.91051448  4.93371387]]
[[ 4.03462462 -3.45735416 -3.20222641]
 [-5.39388129  5.46010873  0.0149398 ]]
[[ 3.00553027 -5.09733976 -3.11665892]
 [ 3.15796434  5.44967881  4.40145878]]
[[-5.31674379  5.51441997 -2.89964367]
 [ 5.38634899 -4.77853641  4.38864126]]
[[-5.62622302 -3.03449245  4.23258181]
 [-0.59594318  5.6869036  -4.8615595 ]]
[[ 5.12253349 -3.98387657 -2.8301386 ]
 [-5.22339525  3.53563958  5.34266208]]
[[-3.97795181  4.82424351 -3.55094587]
 [ 5.52198556  4.31478334  4.9483983 ]]
[[-3.50234014  4.6110421  -3.51762269]
 [ 4.71074021  5.37769079  5.55474639]]
[[-5.72598997 -5.5368307   4.65995085]
 [ 5.98330202  5.95565989 -3.66824929]]
[[-4.97692874  5.8795248  -4.28231776]
 [ 5.98617717 -5.92266541  4.81281701]]
[[-3.65735319  3.75573923 -4.16849988]
 [ 4.36737319 -5.70015404  1.69173665]]
[[-5.66387258 -3.85803107  5.23694097]
 [ 5.8747011   3.40416989 -5.53469364]]
[[ 5.96531096 -4.19692169 -4.17764396]
 [-5.42939053  4.1971755   5.73681558]]
[[ 5.50505705 -4.7972577  -3.71389575]
 [-4.34210484  5.85100528  5.40497533]]
[[-3.93287145 -5.49887222  2.91868687]
 [ 3.08343062  5.89430041 -4.37926673]]
[[-5.11121149  5.93910441 -4.30304501]
 [ 5.93878888 -5.74254054  3.6933073 ]]
[[-5.00768235 -3.64564676  3.36036712]
 [ 5.94134409  4.66077294  3.09636046]]
[[ 5.54394041 -4.65526899 -2.78439935]
 [ 3.79402801  5.09919577  4.91626179]]
[[-3.98382519  3.96758267 -4.53160809]
 [ 3.4935068  -5.82399401  5.66076077]]
[[-3.91603121  4.5472819  -3.78254191]
 [ 5.82365671  3.55742022  5.49924725]]
[[-5.10903797 -3.10766459  5.67728391]
 [ 5.52103296  4.53258819  3.9930782 ]]
[[-4.22012757  4.61840684 -3.94767184]
 [ 3.88764876 -3.77603787  5.88785593]]
[[ 5.58393462 -4.92560319 -3.64533376]
 [-5.74294028  4.54597342  4.08686081]]
[[-5.10586922 -3.71303676  5.96786378]
 [ 5.97441893  4.56633693 -4.19508695]]
[[ 3.09157931 -3.55807635 -3.44459549]
 [-3.95724012 -3.99767661  5.14076602]]
[[ 4.02885869 -2.79979382 -5.64696113]
 [-3.46243633  4.96111627  4.99141585]]
[[-5.35346189  3.37168202 -2.37017015]
 [ 5.92833124 -3.07377488  3.76527858]]
[[-3.15020055  4.10130299 -4.62497553]
 [ 3.85878319 -5.05619237  3.61697493]]
[[ 4.14065307 -4.68751872 -3.3662745 ]
 [ 4.10690219  5.8278574   4.86864558]]
[[-4.29892276 -3.41572062  4.56251224]
 [ 4.24849286  5.4851866  -5.02586679]]
[[-3.5310524  -3.26396595  5.98418793]
 [ 5.17863102  5.66039146  1.08576115]]
[[-5.04598551 -3.36648044  4.94159308]
 [ 4.7534422   5.2929916  -3.30294152]]
[[-5.0212345   3.17113047 -5.01760113]
 [-3.85106335 -5.75195301  5.89146395]]
[[ 3.82944751 -4.00361555 -3.49727988]
 [-4.81336458  5.87563064  3.2662352 ]]
[[ 4.41250475 -4.75417292 -3.81221023]
 [ 2.52351081  5.9800671   4.92126989]]
[[-3.65982518  3.54581088 -3.58811131]
 [ 4.66185214  0.15130083  5.33036643]]
[[ 5.68630634 -4.58503904 -5.46153228]
 [-5.97986971  5.74802191  4.67268042]]
[[-3.33103752 -3.3696434   4.28714019]
 [ 2.96862313  5.4126501  -3.66184441]]
[[-2.64335535  5.32554027 -4.53386101]
 [ 3.09236596  2.75241048  5.8261684 ]]
[[-5.0499108   2.31759288 -4.95837082]
 [ 5.65659862 -4.49582594  4.51318755]]
[[ 4.2337218  -3.98492412 -3.50483821]
 [-0.27532983  4.58403669  5.65126459]]
[[ 5.20746361 -2.68119467 -3.97608741]
 [-4.06439831  4.20509387  4.67730366]]
[[ 4.07774142 -5.08239556 -4.97715125]
 [-3.93847906  4.67327172  5.41272912]]
[[ 4.92473799 -2.6094225  -5.31704589]
 [-5.21484082  5.6516489   3.98800549]]
[[-4.4394275   4.81794393 -4.97922819]
 [ 4.87947805 -5.38175927  4.18983776]]
[[-5.77168466  4.49825871 -3.94058364]
 [ 5.79560564  3.49717088  5.74879939]]
[[-5.22168717  3.68190449 -4.56800198]
 [ 5.98898761 -1.00971102  5.63206065]]
[[ 5.03225596 -4.72247333 -4.72996561]
 [ 5.74963753  5.86622224  5.89971348]]
[[-4.28325534 -3.90533097  5.79262488]
 [ 5.11858343  5.8343253  -5.80074661]]
[[ 4.78623795 -3.53589953 -3.90625968]
 [-5.71438414 -5.02146755  5.48759485]]
[[-4.54942926  3.42547145 -5.1846215 ]
 [ 4.40685425 -4.61795635  5.81601567]]
[[-5.01188782  5.50611631 -5.03875162]
 [ 5.87247019 -1.71188912  5.473576  ]]
[[ 4.54974507 -5.21616184 -3.70440099]
 [-5.4416461   2.52164554  5.86340926]]
[[ 2.89011124 -5.43124253 -4.80232703]
 [-4.67694952  5.88215781  5.20139197]]
[[-3.86020652  4.68002882 -5.97562774]
 [ 3.99824862 -5.82449024  5.83690799]]
[[-3.53601654 -2.72200129  3.80991938]
 [ 4.51373653 -5.35531048 -5.61153039]]
[[ 3.90252773 -3.66693846 -4.82722751]
 [-5.83982771  5.98328622 -2.93746783]]
[[ 5.78243941 -3.93897637 -5.10240948]
 [-2.58633312  5.61219877  5.86297523]]
[[-4.66777594  3.77861358 -3.24941829]
 [ 5.77628827 -3.54973986  3.32900409]]
[[-5.79572931  3.64742721 -4.63324052]
 [-1.08559609 -5.45151089  5.88003064]]
[[-5.04093437  4.34594988 -2.53219427]
 [ 3.18855551 -3.88238197  5.24696623]]
[[ 4.38703906 -2.96883556 -4.38833675]
 [-5.70602595  3.2249248   5.74716075]]
[[-5.42665401 -3.90540889  4.38922406]
 [ 5.11103736  3.87837808 -5.81175489]]
[[-3.48660939 -5.55128084  3.94123641]
 [ 2.94435434  5.85370019 -5.25895698]]
[[ 1.88557209 -5.4590037  -5.73796404]
 [-5.91788857  3.76104423  5.84486211]]
[[ 2.67990934 -5.6954395  -3.86775182]
 [-5.80392574  5.09535657  3.70788684]]
[[-3.7239893   5.53081949 -4.62490893]
 [ 4.20533905  3.95610365  5.68365941]]
[[ 4.55714916 -3.06476799 -5.19898063]
 [-2.67018491  5.74062095  4.99896525]]
[[-3.70132286 -5.57145197  5.24797051]
 [ 5.43014358  5.62538026  3.68131093]]
[[-5.61454895 -2.71610298  4.11444763]
 [-1.46762388  4.93728411 -5.3431088 ]]
[[-4.09185235  4.00287948 -4.29353165]
 [ 5.56246917  5.83129686  5.10382317]]
