[[ 5.01861112 -3.36221306 -3.98911424]
 [-5.73014695  5.64208236  3.42653914]]
[[-4.92810756 -3.01230702  2.82466933]
 [-2.62798162  4.42335613 -4.89252631]]
[[-3.50290649  4.6390162  -5.19375804]
 [ 3.26026581 -5.66379103  5.52495381]]
[[-5.27332228 -5.12627731  2.23151721]
 [ 3.20355408  5.80683286 -5.6159554 ]]
[[ 5.92081835 -3.76664576 -4.32118437]
 [-1.91477746  5.32029395  4.90588156]]
[[ 5.15189283 -2.82213206 -4.98822518]
 [-5.04254676  4.06877035  4.6384382 ]]
[[-3.89427219  3.18359019 -2.81092943]
 [-1.77387296 -4.99719     4.70771321]]
[[ 5.63998276 -4.15086198 -2.49969131]
 [ 3.64289871  4.31841407  4.50233121]]
[[-3.53333973  3.41495115 -4.53179843]
 [ 3.9463044  -3.24295563  5.15998935]]
[[-3.43009379 -3.94893431  3.75202083]
 [ 5.74700506  4.14568339 -1.37217696]]
[[-4.2181694  -3.77495099  3.81320568]
 [ 4.43861291  5.29392409  5.28742452]]
[[-4.48770889 -2.25388898  5.23135612]
 [ 5.71209163  2.74021374 -0.3863147 ]]
[[ 4.1439193  -2.73555749 -3.99666571]
 [-5.31125017 -3.75983384  5.74965676]]
[[ 4.25520986 -3.86825271 -2.84323493]
 [ 2.84621526  4.63608583  5.97004556]]
[[ 2.73539314 -5.65059347 -4.16864383]
 [-5.62922433 -3.59991682  5.64700659]]
[[ 4.52485531 -4.4264098  -3.61322686]
 [-1.29209461  5.00063748  4.41251723]]
[[-4.83198175  5.45236207 -2.8364121 ]
 [ 5.35137826 -1.57672336  5.42333721]]
[[ 3.74404289 -5.83304895 -3.40187078]
 [-5.91944075  3.11197786  5.15719759]]
[[-4.64338558  5.89535847 -3.01217482]
 [ 5.00815072  1.83423052  5.56325071]]
[[ 3.73392698 -2.37745949 -4.96109809]
 [-4.90895523  4.16331403 -1.68896863]]
[[-3.83732323  3.64080956 -4.165027  ]
 [ 5.01960913 -5.81149605  1.73177449]]
[[-3.54583624  5.47028013 -5.3861406 ]
 [ 5.88663075  3.69376097  5.67073221]]
[[-3.95727863  5.65015863 -4.74821532]
 [ 5.81534612 -2.04767487  4.56862107]]
[[-4.17147266 -3.43237307  4.32341594]
 [ 5.31821556  4.90701704  2.78591159]]
[[-3.79113401  3.86590256 -5.34235907]
 [ 5.27611172 -5.29804466  3.27085228]]
[[-4.17536518 -3.10820449  4.68925128]
 [ 5.31749625  3.37885776 -2.11746274]]
[[ 4.79297992 -3.13918886 -3.84437443]
 [-4.89997718  2.70811308  4.23266449]]
[[ 5.63589651 -4.48501656 -3.37135422]
 [ 2.25931615  4.56695925  5.89057767]]
[[ 4.77485531 -3.29313131 -4.08145701]
 [-0.99054255  5.09300287  5.78175744]]
[[-4.23078047 -5.49367002  5.5395643 ]
 [ 5.56466812  5.70021849 -5.14421619]]
[[ 5.09443612 -4.87723088 -3.38196023]
 [-3.35995958  5.0925163   4.38647114]]
[[-5.37719778 -3.32880229  2.9902179 ]
 [ 4.75382437  4.33316793 -3.70118924]]
[[-3.26097673  4.29328207 -4.75528006]
 [ 5.64080832 -3.31320462  3.53678666]]
[[-3.54337664 -3.04851047  3.83050622]
 [ 4.30737974  5.66122201  2.11695041]]
[[-4.23674948 -5.05204887  3.68338847]
 [ 4.08006958  5.49910738 -3.4906695 ]]
[[-2.26825071 -5.57271983  3.37617295]
 [ 3.86050599  5.39002297 -1.7365371 ]]
[[-3.98317875  3.75992297 -3.71811203]
 [ 4.40421291 -4.16797534  4.22415487]]
[[-3.7999175   2.82479609 -4.7003497 ]
 [ 4.29217837  5.17072604  5.98500529]]
[[-4.92956603 -3.95547875  4.25057799]
 [ 4.40359371  4.33969626 -5.80980572]]
[[-3.61701439 -5.50024129  3.15912264]
 [ 5.96988581 -4.52527386 -4.67946856]]
[[-4.52923521 -4.06332558  3.14305149]
 [ 4.89740339  5.18117742 -5.09787816]]
[[-4.83149578  4.93380514 -4.01233433]
 [ 4.11873891 -5.18986155  5.47978258]]
[[-4.77681076  4.01898728 -4.06281483]
 [ 5.18754757  4.86432877  4.92573641]]
[[-5.33268228 -4.10321036  2.82459864]
 [-3.76034376  5.87184674 -4.26938785]]
[[-4.4249092  -5.48342008  5.74907399]
 [ 4.88733227  5.24431839 -5.60341812]]
[[-4.05019189 -3.59238856  4.3771271 ]
 [ 2.93719306  5.41685772 -4.88919601]]
[[-3.15838959 -3.59867113  3.91029277]
 [ 3.76307726  5.28141427  4.7356966 ]]
[[-2.63675352 -4.74565694  4.05185845]
 [ 5.1815035  -3.97585224 -5.84400435]]
[[ 2.98944456 -4.09850831 -5.44962597]
 [ 5.96562949  5.5451307   5.96407873]]
[[-4.17477657 -4.1535676   3.69951138]
 [ 0.10345486  5.75745685 -5.73452824]]
[[ 2.38418738 -4.26613571 -4.8013276 ]
 [-3.45619946  5.73997941 -4.25019445]]
[[ 5.35712967 -4.01702517 -4.47185905]
 [-5.88566673  3.99906958  5.0290227 ]]
[[-3.0661636   4.22678642 -4.65288605]
 [ 4.39922165 -5.51269908  4.21897513]]
[[-4.88990823 -3.83900764  4.20551127]
 [ 5.77183538  5.00493699 -0.85794573]]
[[ 3.47746293 -4.88480105 -4.18995321]
 [-5.86117279  2.57664681  5.9140878 ]]
[[-5.49582882 -2.71633928  5.62277766]
 [ 5.78375534  5.04854404 -0.49488635]]
[[-2.85800697  4.10572439 -4.45728676]
 [ 2.74763404 -3.31918677  5.30301437]]
[[-4.34628863  2.8693475  -4.8753905 ]
 [ 5.89154302 -4.96407662 -5.23925627]]
[[-4.57041487  5.88710191 -4.3955703 ]
 [ 4.88874298  0.66004146  5.8311823 ]]
[[-3.75133909  5.41183011 -4.70017111]
 [ 4.68244067 -3.32829179  5.07635041]]
[[ 4.21846    -4.48441362 -4.85062741]
 [-5.80099905  3.65356355  5.01454695]]
[[ 5.73731576 -3.02509081 -4.49950417]
 [-2.92567411  5.54939891  4.50198081]]
[[ 4.72395657 -4.53696672 -4.5424332 ]
 [ 4.01233824  5.86334335  5.27250536]]
[[ 3.20379523 -3.28850508 -5.48869736]
 [-4.13881836  5.59909069  0.43609307]]
[[-4.03380477 -4.62883228  3.86105024]
 [ 4.64778629  4.3604825  -4.77947814]]
[[ 5.70717645 -5.98236551 -2.78539432]
 [-5.44968019  5.95240562  5.3714887 ]]
[[ 5.74392525 -5.01011203 -2.62149435]
 [-4.76690295  5.73935278  2.80907002]]
[[-3.4443808   4.68559658 -5.42505901]
 [ 5.85206768 -5.25339208 -1.49455985]]
[[-5.73465009 -5.74553047  2.99413934]
 [ 5.97950719  5.09955643 -5.72805553]]
[[ 5.21201719 -4.5860088  -3.86309007]
 [-1.95292157  5.41452702  5.07535195]]
[[-4.11084822  2.96563429 -3.29352309]
 [ 5.55588495 -4.01449016 -1.56020999]]
[[ 5.1082316  -3.0290714  -3.95033026]
 [ 1.85075546  4.30994072  5.6235036 ]]
[[ 2.54235608 -5.49585961 -3.22256825]
 [-5.81359426  3.02655003  3.72260245]]
[[ 4.08267822 -3.5633637  -4.45504903]
 [-5.87618004 -5.0541242   5.99095892]]
[[ 2.91725701 -3.06017078 -5.40668828]
 [-3.50013114  5.04654924  2.4876731 ]]
[[-4.93296047 -2.75474297  3.49746884]
 [ 2.61244019  4.526328   -4.69486128]]
[[-3.27226933 -4.5438725   3.81525411]
 [ 5.91509371 -3.42091049 -5.48603539]]
[[ 5.50418212 -3.05017958 -3.71115717]
 [ 1.53462054  5.3069551   4.96285424]]
[[ 4.62170763 -4.56645339 -4.05558948]
 [-4.26216787  5.76851941  4.18861087]]
[[-4.17279782  4.99861005 -2.59940882]
 [ 5.19898811 -5.29665606  2.99472046]]
[[-2.81958356  3.48267006 -4.43520943]
 [ 5.26622782 -4.58358509  4.34880794]]
[[ 3.24608846 -3.75610171 -4.35130279]
 [-5.60193705  4.62153421  0.67183819]]
[[-4.77267009  5.75883846 -4.62885406]
 [ 5.78073508 -4.47770477  4.84666109]]
[[ 4.15533562 -5.14217135 -4.66153915]
 [-5.7516097   4.46405082  5.47060479]]
[[ 3.17813932 -3.45825446 -3.98118251]
 [-5.88452048  5.06694111  5.5163773 ]]
[[ 5.11396413 -3.57959538 -5.28147891]
 [-1.35495536  5.87528543  5.92745423]]
[[-4.69008714 -4.24684132  2.77229373]
 [-1.85581738  5.14704391 -5.50689503]]
[[ 4.06927146 -4.11659561 -5.19837185]
 [-3.37587698  5.68459966  5.12094695]]
[[-2.62105662  5.05090096 -4.95769954]
 [ 4.87823383  1.57913833  5.41381689]]
[[-5.81746633 -3.77420711  3.83851581]
 [ 3.70391663  4.58292742 -5.34318403]]
[[-2.51199712  3.70814758 -4.18129893]
 [ 4.01910875  0.87785678  5.2521376 ]]
[[ 4.77081013 -4.71310741 -2.04381528]
 [-5.683972    4.42663185  2.728651  ]]
[[ 5.19078679 -3.01413944 -3.04033826]
 [ 4.91029202  5.74132981  5.93935122]]
[[-2.76663283  2.94869155 -4.93491919]
 [ 5.47181763 -5.49372794 -5.21172814]]
[[-2.72070678  4.17184391 -4.0944607 ]
 [ 5.58513867 -3.54766931  4.55756498]]
[[-3.16798811  4.61965176 -5.39131483]
 [ 3.74606268 -5.59962912  5.4309451 ]]
[[ 5.14906704 -3.61597134 -2.69617422]
 [ 4.3326999   4.7570211   5.23783565]]
[[-4.1077875   2.85177051 -4.97014713]
 [ 4.05593147 -4.94388049  3.89681974]]
[[ 3.31557196 -3.05630715 -5.54684723]
 [-4.90491289  5.17681922  2.51446839]]
[[-4.40957745  4.24821913 -3.12432452]
 [ 4.46952137  3.95949934  5.94414002]]
[[-4.77442378 -5.24897898  3.72911698]
 [ 5.43259734  5.76714837 -4.27106652]]
[[-4.49713082  5.2163718  -2.60795866]
 [ 5.76969157 -5.89094105  5.47043055]]
[[-4.40957285  5.05442255 -4.35612704]
 [ 4.93822239 -0.37292354  5.8689991 ]]
[[ 4.96087937 -4.17458493 -4.34590689]
 [-5.11062683  5.38571778  4.11872702]]
[[-3.34676361 -3.56586729  4.08048144]
 [ 5.28238122  3.4367636   1.88572736]]
[[ 5.35416507 -4.8016696  -2.3086448 ]
 [ 0.32419444  5.7009911   5.61268557]]
[[-5.36770266  3.35717914 -3.08288277]
 [-1.26426211 -4.52154343  5.34927844]]
[[-3.08847165 -3.26730218  4.72424422]
 [ 4.90888342  4.5148945   4.55352205]]
[[-5.35946605 -3.403534    4.61326149]
 [ 5.24956843  4.40263314 -5.4821349 ]]
[[-3.81994342  4.08072663 -3.46357424]
 [ 1.77257976 -5.99872944  4.87194324]]
[[-4.73617158 -5.38208185  4.9164517 ]
 [ 5.99747487  5.45840934 -4.51896691]]
[[-3.29797986 -5.73955783  4.19563926]
 [ 5.4974582   5.54602498  3.36815401]]
[[-4.83262873 -3.78460208  2.43282814]
 [-0.18100511  5.54910267 -4.13743868]]
[[-4.30263932  5.39741319 -2.59586581]
 [ 5.56429577  4.11264976  5.2802112 ]]
[[-3.4775224   5.17125029 -3.10139842]
 [ 5.22536408  5.05241728  5.74060115]]
[[-3.4971059   1.97151474 -5.02049686]
 [ 5.04970304 -1.74811927  3.82328536]]
[[ 4.02786246 -4.9614827  -3.05797586]
 [-1.05646594  5.6255443   5.01711657]]
[[ 3.56248068 -4.35647764 -3.97145883]
 [-5.49333849  3.82213292  5.19016721]]
[[ 4.92940181 -3.70364529 -4.43259889]
 [-5.49860183  2.93279787  5.47651148]]
[[ 5.68461088 -4.09653094 -3.4606111 ]
 [-2.71081195  5.28938981  5.33975384]]
[[-5.93471706  3.33859058 -3.59123893]
 [ 3.82660343 -4.74777937  4.85868408]]
[[-4.32944546  5.43806293 -5.44065064]
 [ 5.82792002 -4.88316238  5.92310458]]
[[ 3.3396123  -5.36016429 -4.49063471]
 [-4.44892401  5.60909723  5.72661885]]
[[-5.32995768  2.38664794 -5.06315461]
 [ 4.64128113 -4.15305201  5.51039029]]
[[-2.99827568 -3.94505454  3.49738439]
 [ 5.42226531 -4.06088658 -5.4611054 ]]
[[-3.48435943  3.79767407 -3.93736111]
 [ 5.38719142 -4.798735    1.32747484]]
[[-4.05096734  5.13326244 -2.42861012]
 [ 1.03654855 -5.13936539  5.9564188 ]]
[[-4.24346433 -3.93319879  4.93918647]
 [ 5.72655875  5.18226868 -5.00811449]]
[[-2.20687866  4.33404065 -5.0826699 ]
 [ 3.95779731  0.92954308  5.60112586]]
[[ 3.1802075  -5.92954287 -3.51200284]
 [-5.0082781   1.01225585  5.25506258]]
[[ 3.08144603 -3.62276865 -4.10437752]
 [ 3.84592501  3.89742757  5.60850627]]
[[ 4.85134028 -2.76082369 -4.92864991]
 [-1.18023195  5.33609793  4.59706346]]
[[-4.14305737  5.22000421 -5.17786712]
 [ 4.55271222 -4.96197904  5.11282393]]
[[-4.06210061  3.13607822 -5.82190023]
 [ 4.44850722 -4.21186427  4.89638531]]
[[ 2.33197356 -4.06037308 -4.01202293]
 [ 1.85336839  4.81177886  5.11416241]]
[[-5.40163554 -3.88309185  3.09036072]
 [-3.77024208  5.41568154 -5.39010068]]
[[ 2.91658407 -5.22984393 -5.95014081]
 [-5.07436348  5.96460062  4.80619858]]
[[ 5.37503086 -3.98452263 -5.12362994]
 [ 3.52739891  5.63620499  5.28771077]]
[[ 4.49050805 -4.19655642 -3.9176527 ]
 [-5.55921509  2.46989965  4.71441552]]
[[-4.09826032  5.29389833 -3.05149624]
 [ 3.98610562 -3.30256529  5.24962285]]
[[-5.57657923 -4.06263463  4.58766867]
 [ 5.89169505  5.62034609 -3.01265488]]
[[-3.22167639  5.15626782 -5.16659941]
 [ 5.73362245 -5.88914605  2.39508473]]
[[ 3.90378407 -2.96098829 -4.80356175]
 [-2.09062758  4.02595278  5.76205507]]
[[-3.5113004   3.72765853 -4.60514087]
 [ 5.36425669  3.21845047  5.96700261]]
[[-5.12806245 -3.36633842  4.10451827]
 [ 3.00267834  4.94479544 -4.45327494]]
[[-5.47546643  1.89944968 -5.25278527]
 [ 4.41703949 -4.28990062  5.52087811]]
[[-4.23365273 -4.87610368  2.59586722]
 [-2.52168096  5.90983857 -4.76893403]]
[[-3.7131343   4.2750737  -4.92740684]
 [ 4.89031656 -4.54521424  3.96791105]]
[[-3.94527529  5.78426113 -3.08882231]
 [ 4.85780821 -5.69621932  5.86321731]]
[[-5.10111712 -4.35273926  3.7672863 ]
 [ 0.02285982  5.56842306 -5.97470548]]
[[ 4.94873386 -2.77435409 -4.13735666]
 [ 3.01548306  4.39207881  4.72317038]]
[[-5.25067822  3.63549197 -4.06058653]
 [ 5.31908498  3.60644527  5.8483166 ]]
[[-5.70612604 -3.01187593  5.55555127]
 [ 5.97507155  4.70333383  4.03320443]]
[[-4.97441024 -5.55153552  5.71912191]
 [ 5.23144492  5.65803882 -5.58395809]]
[[ 2.71763539 -3.55125736 -3.71876894]
 [-5.54830121  5.19135901 -2.88110213]]
[[-5.00251557 -4.70924644  2.89509901]
 [ 5.79116851  5.33828088 -1.68532509]]
[[ 4.56713579 -3.59090839 -2.57159623]
 [-0.10380139  5.59053699  4.3016269 ]]
[[-5.52536779 -4.08611418  3.56099604]
 [ 5.63308565  5.68935427  2.86889874]]
[[-5.98078741  4.20606886 -3.81030621]
 [-2.59662303 -5.40627334  5.89647242]]
[[-4.00901159  5.68775078 -2.95462226]
 [ 5.0973618  -0.22153183  3.71808544]]
[[-4.80900983  3.97346208 -4.5210807 ]
 [ 4.73259145 -5.97744499  5.68478127]]
[[-4.78882203  5.27249309 -2.967557  ]
 [ 4.54080914 -5.89851938  3.4885417 ]]
