[[ 2.47814305 -3.7536848  -4.70075019]
 [-4.844056    3.5176312   4.50650882]]
[[ 3.3346703  -3.32360297 -5.86176391]
 [-3.63949293  5.6180098   4.58292008]]
[[ 4.7006971  -4.9529198  -2.9814073 ]
 [-4.56818594  4.78596077  3.84330379]]
[[-3.88828522  3.82760914 -4.8593807 ]
 [ 4.2650475  -4.74143703  5.4331664 ]]
[[ 3.37904204 -4.81315308 -5.84007428]
 [-4.85494017  4.6355335   5.12577729]]
[[-4.64312203 -5.72276147  3.30614233]
 [ 3.40801393  5.96381483 -5.43316676]]
[[ 5.21140565 -3.38617665 -4.39729832]
 [-3.98304052  3.49776057  5.35283342]]
[[-3.97705281 -3.18301711  3.90679268]
 [ 2.98812437  4.79018883 -5.93479133]]
[[-4.02969146  2.63647699 -5.01216402]
 [ 4.54806682 -5.66809621  2.98136027]]
[[-3.87088202  1.95115704 -4.75933068]
 [ 4.63043903 -2.44837561  3.88759943]]
[[-3.76156699  5.78860112 -3.9154318 ]
 [ 3.28559355 -5.06068522  5.29167546]]
[[-3.88408784 -5.4067745   4.14913326]
 [ 5.99208782  5.2757284   1.39752819]]
[[-4.76857805 -3.8357785   5.36625863]
 [ 5.32994141  4.94738754  4.64784531]]
[[ 4.96666261 -3.4720414  -3.80509751]
 [-4.47520785  4.61379229  5.21825839]]
[[ 4.66018713 -5.89866579 -4.40570102]
 [-5.99475621  5.19812257  4.55438005]]
[[ 2.48391234 -4.38706415 -5.46642236]
 [ 3.0047127   5.31360465  5.97496845]]
[[ 5.57777856 -5.29984881 -3.03927884]
 [ 3.58385597  5.73497871  4.51820008]]
[[ 4.24800849 -3.58475441 -5.58032975]
 [-3.40965851  4.79592643  5.10949525]]
[[-5.98999334 -3.90765597  4.5542314 ]
 [ 5.4628563   4.87786136 -4.65206502]]
[[ 4.09722029 -3.84574993 -3.5023436 ]
 [ 1.06799228  5.35419343  4.85554911]]
[[ 4.34793144 -4.64197529 -5.45907737]
 [ 3.24864254  5.96075512  5.96701756]]
[[ 4.83742503 -3.76259587 -4.63217125]
 [-2.51218672  5.28614424  4.64295208]]
[[-3.72369352  2.83299432 -4.03083059]
 [ 3.35235145 -5.3843329   5.6838973 ]]
[[-4.58362525  5.40859772 -3.65313146]
 [ 5.58912109  2.33787776  5.3603359 ]]
[[-3.90585937  4.29923985 -3.75950663]
 [ 4.55300796 -1.48627884  5.18403568]]
[[ 3.37192296 -3.7104192  -5.40229664]
 [-4.48965266  5.4134859  -5.21362278]]
[[-3.38690312 -3.1323389   5.22916583]
 [ 5.98343261  3.30543189 -0.94079334]]
[[-2.82265057  3.89300441 -5.19379727]
 [ 4.48944962 -5.61291212 -4.02374743]]
[[-3.60183353  4.38106768 -2.78346818]
 [ 4.59455577 -5.41039424  0.86655875]]
[[-5.4465128   3.29212956 -4.62577814]
 [ 4.60504256 -5.13286532  5.48592181]]
[[-2.37030637  5.01855588 -3.94966977]
 [ 3.74655005  1.78245968  5.79118187]]
[[-5.25091291  2.14846918 -5.91928065]
 [ 5.89790883 -5.72731237  1.35492203]]
[[-4.66621862 -4.1117933   4.41322633]
 [ 5.61488558  4.61892339  3.63541513]]
[[ 3.28448582 -4.86332233 -3.80490176]
 [-4.78248196  5.23052638  3.85453486]]
[[ 4.66407734 -5.31912037 -3.62565736]
 [-5.53680968  2.88046059  5.93019677]]
[[-2.92181106 -4.66141511  4.56590107]
 [ 5.05961821  2.44020872 -5.97358274]]
[[ 5.09363259 -3.87013215 -4.62631587]
 [-5.35320529  4.79437789  5.8168527 ]]
[[-3.29396898  3.33894186 -4.8091113 ]
 [ 5.06127081 -5.44979961 -3.69891458]]
[[-4.40431714  3.38244928 -3.26096867]
 [ 2.82417209 -5.70726105  3.44615133]]
[[-4.49166977  2.93411738 -4.71646766]
 [ 4.79245194 -4.63889714  4.87719769]]
[[-5.14435214 -2.69705329  5.3037202 ]
 [ 4.91250934  4.67217725 -3.27276122]]
[[ 4.45880293 -3.84102503 -3.60269508]
 [-5.32462742  3.34134884  3.87962116]]
[[-5.54230958 -3.04123075  3.92553245]
 [ 3.77425423  4.1719613  -5.78501481]]
[[-3.54105888  4.21445732 -4.42030501]
 [ 5.42491584 -1.96669767  4.04827082]]
[[-3.31886216 -5.19827511  5.01964451]
 [ 5.71765485 -0.33409545 -5.51336669]]
[[ 2.92180944 -4.3309639  -5.50235722]
 [-4.78968946  5.28976614  2.76148791]]
[[-4.5741805  -2.98953477  4.09077648]
 [ 4.31331331  5.37499526  0.22794488]]
[[ 5.57501391 -3.19550478 -4.17238862]
 [-5.91187445  4.11001289  5.21468312]]
[[-4.51801808 -3.36942285  4.3988101 ]
 [ 4.32875767  4.09285705 -5.87353149]]
[[ 3.1090235  -5.19103761 -5.80977337]
 [-5.96858844  4.09588237  5.72221154]]
[[-4.21238511  3.05439936 -4.84506422]
 [ 5.3401851  -4.48516005  2.97296102]]
[[ 5.19434295 -3.89729825 -5.64037504]
 [-1.2475356   5.84338851  5.50411697]]
[[-3.80643294 -4.94011756  4.42300066]
 [ 5.34050261  2.97761191 -4.97801219]]
[[ 4.53107445 -3.71018851 -3.0413855 ]
 [ 0.96361673  5.76175388  4.5021424 ]]
[[-3.88232839  4.60875113 -3.15564348]
 [ 5.80637673  3.49322292  3.80292148]]
[[-4.20685514 -3.9868727   5.50540605]
 [ 5.65134013  5.5083049   0.63481548]]
[[ 5.17511373 -4.71602093 -5.89596484]
 [-3.81312266  5.94529346  5.87529943]]
[[-4.24183938  4.44698748 -4.62328234]
 [ 5.94473714  0.66359091  5.40467628]]
[[-5.22422238 -3.83194331  3.90868167]
 [-1.65102591  5.90969194 -5.07233207]]
[[-5.66337499 -4.76995345  2.51934402]
 [ 3.36211964  5.2632437  -5.09376965]]
[[ 3.96028453 -2.61197275 -4.95267499]
 [-5.79750256  5.87027209  2.83062436]]
[[-4.34086756 -3.99000926  3.10624331]
 [ 5.48644154 -4.45755151 -5.56425466]]
[[-3.96886771 -4.42410592  5.90235253]
 [ 4.20769544  5.81984943 -5.13856654]]
[[-3.37297221 -3.21261581  3.97766551]
 [ 2.818859    4.12631702 -3.80820468]]
[[-3.95356757  4.40179441 -3.10844416]
 [ 3.71511794 -1.25074578  5.30384927]]
[[-5.75925408 -3.60490637  4.08027928]
 [ 4.53526728  5.66589806 -3.68491859]]
[[ 2.69074041 -5.70269258 -4.35028585]
 [-4.42441135  4.58607298  5.87457835]]
[[-4.25926761 -4.05700455  3.76911645]
 [ 5.75938968  4.5646752  -5.99739764]]
[[-4.46051296  5.1740064  -5.201593  ]
 [ 5.89043739 -4.00713134  5.30745289]]
[[-4.06055047  5.89209269 -4.390951  ]
 [ 4.79872501 -1.13515549  5.91609359]]
[[ 4.60358282 -5.49397859 -4.02514818]
 [-0.08746221  5.96152923  5.32201806]]
[[-3.99419571 -3.31450406  3.52356243]
 [ 5.30536087  3.51772314 -4.78042091]]
[[-3.7822093  -3.4112568   3.57764582]
 [ 3.34306567  3.62968337 -4.19736854]]
[[-3.2929357  -4.54472206  5.10289126]
 [ 5.52251043  3.7945219  -5.13129336]]
[[-3.30059584  4.69525895 -3.93618011]
 [ 4.67851216 -4.12476111  5.35324475]]
[[ 5.29840823 -5.40650355 -2.59765638]
 [-5.19165257  4.79772825  3.8051785 ]]
[[ 3.60397809 -5.74256433 -2.9104868 ]
 [-0.66800206  5.41935832  5.9921049 ]]
[[-2.99864317 -5.17713873  3.05588283]
 [ 4.34496647 -1.24344547 -5.3735693 ]]
[[-5.8655383   3.99769841 -2.74249825]
 [ 5.75864303  5.59696903  5.88888796]]
[[-5.67042446 -3.89625253  3.39396081]
 [ 4.34582603  5.36664629 -5.97365752]]
[[ 2.67350466 -3.50195188 -5.5968902 ]
 [-5.92976071  5.40763738  1.95011929]]
[[-3.34164066 -2.99690113  4.4632036 ]
 [ 3.59496431  5.5496121   2.72939146]]
[[ 4.95509442 -3.0960428  -4.96690035]
 [-2.932406    4.28290635  5.68144979]]
[[ 3.71558253 -4.20669356 -4.51408356]
 [-4.34822124  4.53782352  4.12747063]]
[[-4.4582632   5.77688191 -4.35397218]
 [ 3.92790993 -5.48897583  5.49061897]]
[[-4.38987583 -4.94909449  4.43853066]
 [ 5.25176092  5.60507524  3.9339056 ]]
[[-4.85667018 -3.45645485  5.86791833]
 [ 5.11724759  5.86016495 -2.88795401]]
[[ 4.13151334 -5.66567434 -2.62298428]
 [-5.95983823 -3.62097404  5.9543204 ]]
[[ 5.46871301 -3.9447665  -3.1797038 ]
 [ 4.42259365  4.98235437  4.16549477]]
[[-2.92141638 -4.98321204  2.81233651]
 [ 5.27277432  0.55712553 -4.92614902]]
[[ 4.55082242 -3.80434714 -3.70131506]
 [-5.36852221  3.42612818  5.63053273]]
[[ 3.71485618 -4.94969285 -3.69224506]
 [-1.00947116  5.68998794  4.38032476]]
[[-4.26626426 -4.16126178  4.03672983]
 [ 3.57290113  5.56393079 -5.51017391]]
[[ 5.6259538  -3.16295075 -5.23505517]
 [-3.75010548  4.38362337  5.31921592]]
[[-2.96278104  4.33262443 -5.50149556]
 [ 4.03004293  0.79003954  5.99504494]]
[[ 3.55490431 -3.15517935 -4.6076094 ]
 [-5.04434389  2.81537941  4.51327966]]
[[-3.20807933  3.70536943 -4.51893521]
 [ 4.97445187 -1.89755485  5.94733329]]
[[ 5.18501518 -4.94213687 -2.91121621]
 [-3.12306221  5.79535995  3.87736605]]
[[ 4.46026011 -4.02347295 -3.7011449 ]
 [-4.94547749  4.09845694  5.00137914]]
[[ 3.47678195 -5.36003303 -3.10163206]
 [ 2.51755799  5.74248882  5.91703643]]
[[ 5.9945008  -3.56004043 -4.45965951]
 [-5.49336877  3.29656917  5.92193447]]
[[ 4.83819326 -2.36671044 -5.38340743]
 [ 3.18339291  5.07343358  5.93786695]]
[[ 4.14309472 -3.11866873 -3.45411621]
 [-5.87638314  2.12719363  4.74746689]]
[[ 3.29340469 -4.09741895 -3.53437504]
 [-5.18486983  5.08360335 -3.48224556]]
[[-3.958467   -4.71488148  4.13170205]
 [ 5.64727913  2.38813917 -5.06717726]]
[[-4.96772838 -3.44205938  5.9633275 ]
 [ 4.9288758   5.9460947   1.9088636 ]]
[[ 5.44010684 -2.7728596  -4.82321574]
 [-2.0382524   4.4053726   5.81869278]]
[[-3.5726611   4.29232055 -5.55429125]
 [ 4.97833732 -3.67458141  5.40961347]]
[[ 3.72820775 -5.6137117  -2.85622049]
 [-5.33834705 -0.17248123  4.99021559]]
[[ 4.07556618 -4.34764818 -3.18231721]
 [ 4.57171008  4.16828633  5.22008766]]
[[-3.64359645 -4.89400969  4.06982166]
 [ 5.27268071  5.93636927  0.97878027]]
[[-5.312613    5.23331822 -3.37779715]
 [ 5.8051426  -2.8575263   5.84242324]]
[[ 2.42470105 -4.98263817 -5.09179228]
 [-1.37768667  5.41480529  5.85395955]]
[[ 4.47025307 -4.28089741 -3.44162291]
 [-3.29637555  4.19328526  5.40307609]]
[[-3.64260189  5.05942455 -2.92923211]
 [ 5.12392685  1.05576271  3.89340864]]
[[ 5.86703797 -4.66002834 -2.64205554]
 [ 2.5084322   5.99454987  5.62324846]]
[[ 3.16153956 -5.4504395  -3.01932105]
 [-4.24908604 -4.05557374  5.80297322]]
[[-3.45703191 -3.6645598   5.83999965]
 [ 4.9159377   4.83109646  4.45251825]]
[[-4.5092151  -3.52798849  4.13609585]
 [ 5.33537878  3.42035673 -3.50244845]]
[[-3.09682325  3.76424976 -4.14010923]
 [ 5.53004507 -3.35837177  4.22591235]]
[[-3.16313799  5.33768233 -3.27158127]
 [ 3.13403058 -5.02794187  3.91492484]]
[[ 2.26759069 -3.55304619 -5.21687273]
 [-3.84082221  5.95800861  1.89474416]]
[[-5.24200716 -3.90701115  4.29180623]
 [ 5.83584015  4.82997983  2.46243606]]
[[ 3.30278239 -5.61656815 -3.84067176]
 [-5.6358921   5.79609245  5.09076274]]
[[ 2.86920064 -4.08889938 -5.1919349 ]
 [-5.59723362  5.88418489  1.0234242 ]]
[[ 5.0727214  -5.96471246 -3.89456436]
 [-5.83074533 -0.56823886  5.7236331 ]]
[[ 3.17018732 -3.62426393 -4.69881476]
 [ 2.7117084   4.76515033  5.58977152]]
[[-4.26909335 -3.70973833  3.40905365]
 [ 5.34376372  4.23387422 -5.67265301]]
[[ 4.27424633 -3.71144185 -4.96066795]
 [-4.61840683  3.56075242  5.3883293 ]]
[[-2.41968435 -4.01170991  4.60471344]
 [ 4.76958474 -1.64436498 -5.54308506]]
[[-5.57002158  4.81346811 -3.34339236]
 [ 3.40718316 -5.31932248  4.89226279]]
[[-3.36558546  3.08613732 -4.57092249]
 [ 4.49845938 -3.22654206  4.48617865]]
[[-4.12915796  5.95750714 -4.73958875]
 [ 5.20503419  5.14754409  5.35068437]]
[[-4.42679071  3.29019633 -5.40881485]
 [ 5.41677894 -5.83816619  5.11247449]]
[[-4.43606578 -4.46392588  3.58229542]
 [ 4.59163128  5.9649395   1.09262891]]
[[-5.11140949 -3.34211634  4.1619608 ]
 [ 4.91074414  4.76043447 -4.08488742]]
[[ 3.03070128 -5.99460149 -4.25768831]
 [-4.01632915  5.23609671  4.46140935]]
[[-3.73508567 -4.88143608  4.09280484]
 [ 3.79423955  5.4808356  -5.98144963]]
[[ 5.748906   -2.97044207 -2.56577072]
 [ 0.28199831  3.16717008  5.40743469]]
[[-4.75002675 -4.17754443  4.1975435 ]
 [ 5.55259506  4.94687339 -0.66121492]]
[[-4.93701785  4.28509714 -4.58549138]
 [ 5.94186663  0.59510332  5.59402556]]
[[-4.91807863 -2.90755049  4.61374204]
 [ 4.62673604  5.89731284 -3.63455185]]
[[-3.77669545  5.46047105 -5.53182841]
 [ 5.61893847 -3.04359016  5.13816695]]
[[ 5.3938015  -5.60744761 -4.01604444]
 [-5.81892712  3.93451566  5.60280042]]
[[ 5.38159306 -5.03362877 -3.27452041]
 [-3.11438021  5.32782787  5.84582315]]
[[-4.77651799 -3.59490669  3.57690331]
 [ 5.45942481  4.48468111  1.77680667]]
[[-5.83307921 -3.27782375  2.73615342]
 [ 5.73479835  3.94280151 -5.13451681]]
[[-4.76873089 -5.22813056  2.89647185]
 [ 5.95601144  5.71441033 -4.92173989]]
[[-3.44231336 -3.49709087  4.33939615]
 [ 3.98562383  5.84491407  5.4490063 ]]
[[-5.14815611 -2.620352    3.91091605]
 [ 1.73397477  4.47153581 -5.66879809]]
[[ 3.77917482 -5.05978294 -4.24427519]
 [-0.72793248  5.73350449  5.45779997]]
[[ 5.4810425  -2.5298875  -4.54778083]
 [ 0.49999933  3.19555965  5.83691235]]
[[-4.51682607  5.40331547 -3.9866939 ]
 [ 5.11671008 -4.25739115  5.20849453]]
[[-4.1196826   3.28243205 -4.31306167]
 [ 5.41798291 -3.30550282  3.19951242]]
[[-3.63921692 -4.21809169  2.28516635]
 [-0.96629936  5.50249703 -4.63846542]]
[[ 4.62354724 -3.70969924 -3.36676902]
 [-5.77478774  5.5747291   1.15398453]]
[[ 2.86781391 -5.50913587 -3.64070514]
 [-5.93280178 -3.24742812  5.68246537]]
[[-5.80756653 -3.78393046  4.14156989]
 [ 5.05642701  5.92196894 -2.81419456]]
[[ 4.54728904 -3.82384581 -4.55192954]
 [-4.7046824   5.27654367  4.52938631]]
