[[0.97780556 0.99999041 0.023342   0.99270392]]
[[0.97671534 0.99998952 0.02158658 0.99220275]]
[[0.97873056 0.99999059 0.02263413 0.99063146]]
[[0.97790959 0.9999899  0.02153939 0.9975804 ]]
[[0.97634568 0.99999043 0.01736919 0.97814796]]
[[0.97855837 0.99999016 0.02003735 0.98451525]]
[[0.97703544 0.99998904 0.01961867 0.98297142]]
[[0.97686344 0.99998992 0.01922541 0.99762502]]
[[0.97696344 0.99998728 0.02366018 0.98370944]]
[[0.97754875 0.99998945 0.023711   0.9847932 ]]
[[0.97728758 0.99998882 0.02021257 0.98432738]]
[[0.97869171 0.99977932 0.02042213 0.98097396]]
[[0.97842899 0.99949894 0.02056783 0.98309666]]
[[0.97952322 0.99999121 0.02394166 0.99875764]]
[[0.9816783  0.9999924  0.02178727 0.98726969]]
[[0.97930074 0.99961648 0.02312947 0.97855694]]
[[0.97616374 0.99942086 0.02332639 0.98397822]]
[[0.97681925 0.99999063 0.01669266 0.97815389]]
[[0.97892398 0.99998977 0.02295468 0.98838593]]
[[0.97837954 0.99981494 0.02373061 0.99544165]]
[[0.98127405 0.99967521 0.02342901 0.98878294]]
[[0.97659627 0.99998402 0.02309917 0.98170646]]
[[0.97653707 0.99999028 0.02105027 0.99914763]]
[[0.97963197 0.99968092 0.02229655 0.9949062 ]]
[[0.97790049 0.99998249 0.01900536 0.9904095 ]]
[[0.98050073 0.99731906 0.02167966 0.98247762]]
[[0.97699433 0.99996724 0.02224322 0.98853202]]
[[0.97641394 0.99731925 0.02066425 0.9867016 ]]
[[0.97771338 0.99995473 0.02357077 0.98082287]]
[[0.98104841 0.99999219 0.02303931 0.99563443]]
[[0.97725401 0.99966411 0.02311565 0.99597712]]
[[0.97655645 0.99997188 0.0229496  0.97838735]]
[[0.97943029 0.99956948 0.02352595 0.98073988]]
[[0.97622776 0.99998969 0.01955668 0.99655904]]
[[0.97808447 0.99998744 0.0215588  0.98924726]]
[[0.97739592 0.99998912 0.01774523 0.99380337]]
[[0.97642227 0.99999016 0.01859237 0.99888527]]
[[0.97843194 0.99760624 0.02132629 0.99026115]]
[[0.97830489 0.99998712 0.02316454 0.97940057]]
[[0.97629894 0.99999052 0.01923825 0.99715777]]
[[0.97742757 0.99999055 0.02073754 0.98287436]]
[[0.97705678 0.99998896 0.01937753 0.98652558]]
[[0.9779936  0.99998957 0.02296898 0.9907296 ]]
[[0.97701323 0.99998167 0.02338606 0.97783922]]
[[0.97786014 0.999721   0.02124562 0.97691846]]
[[0.97644437 0.99998454 0.02336841 0.98023157]]
[[0.97905641 0.99991831 0.02381889 0.9804012 ]]
[[0.97668124 0.99998892 0.02312869 0.99875467]]
[[0.97730396 0.9999888  0.0230264  0.99701317]]
[[0.97627439 0.99998817 0.02161901 0.9810463 ]]
[[0.97882083 0.99998884 0.0222514  0.98788969]]
[[0.97866584 0.99997776 0.02114641 0.97996234]]
[[0.98029095 0.99998951 0.02247412 0.9846982 ]]
[[0.97666684 0.99981477 0.01948672 0.99667304]]
[[0.97733687 0.99945178 0.02246309 0.99184122]]
[[0.97776941 0.99986548 0.02176953 0.99564429]]
[[0.97983103 0.99999148 0.01918195 0.98655232]]
[[0.97763716 0.9998614  0.02096675 0.99231385]]
[[0.97669731 0.9985505  0.02096539 0.98258356]]
[[0.97670576 0.99998948 0.02066861 0.97908208]]
[[0.97682513 0.99998877 0.02319786 0.99685636]]
[[0.97952432 0.99751064 0.02337408 0.98530329]]
[[0.9762364  0.99999078 0.01627993 0.99376568]]
[[0.9783618  0.99998787 0.02377302 0.98346256]]
[[0.97690406 0.99997663 0.0200759  0.97724374]]
[[0.97724235 0.99998746 0.02382399 0.98092033]]
[[0.97745989 0.99999128 0.02040134 0.99665823]]
[[0.97618774 0.99998887 0.02193046 0.99961192]]
[[0.98020484 0.99999065 0.02258595 0.99237689]]
[[0.97815523 0.9999751  0.02056736 0.99092576]]
[[0.97775966 0.99993685 0.01898797 0.98422858]]
[[0.97610627 0.99999009 0.0198325  0.99897707]]
[[0.9769916  0.99998942 0.01909673 0.98354714]]
[[0.9771159  0.99998882 0.02238254 0.99362131]]
[[0.97659425 0.99998928 0.02248947 0.99871371]]
[[0.97604272 0.99998975 0.02149309 0.98690801]]
[[0.97656539 0.99996238 0.02285708 0.98307551]]
[[0.97792059 0.99925587 0.02186117 0.98742667]]
[[0.97802621 0.99948562 0.02384513 0.98594648]]
[[0.97685976 0.99999117 0.01816081 0.9966444 ]]
[[0.97614233 0.99998176 0.02235409 0.99405451]]
[[0.97879269 0.99956543 0.02399858 0.99027185]]
[[0.97655047 0.99998684 0.02256289 0.99082367]]
[[0.97730449 0.99998752 0.02343887 0.98596946]]
[[0.97734647 0.99998922 0.01965748 0.98517037]]
[[0.98082219 0.99962682 0.02150137 0.98347508]]
[[0.97726112 0.9999886  0.01998429 0.99124012]]
[[0.97697289 0.99780442 0.02058088 0.99442368]]
[[0.97700162 0.99940032 0.01982345 0.98739267]]
[[0.97679183 0.99993373 0.0230419  0.99358591]]
[[0.97624509 0.99999021 0.01774329 0.99794857]]
[[0.97616988 0.99996472 0.02399493 0.98063335]]
[[0.9799826  0.99999021 0.02378391 0.99717641]]
[[0.9779685  0.99999022 0.02058272 0.98168395]]
[[0.97617809 0.9998224  0.02017974 0.97682478]]
[[0.97725406 0.99998944 0.01901026 0.98898358]]
[[0.97891643 0.99998713 0.02203409 0.99807346]]
[[0.97955182 0.99999005 0.02361439 0.99184748]]
[[0.97957993 0.99999104 0.02291016 0.99790359]]
[[0.97897884 0.99965113 0.02212661 0.99303179]]
[[0.9768272  0.99998617 0.02384619 0.9898435 ]]
[[0.9769846  0.99950983 0.02061913 0.99293466]]
[[0.97728666 0.99998645 0.02032391 0.99648564]]
[[0.97768581 0.997524   0.02181413 0.97672774]]
[[0.97991994 0.99998679 0.02235543 0.98701853]]
[[0.97636571 0.99963583 0.01984465 0.98175361]]
[[0.97765404 0.99998591 0.02249505 0.99424974]]
[[0.97836364 0.99999016 0.021089   0.99124701]]
[[0.97776285 0.99980442 0.02106596 0.98955384]]
[[0.97871292 0.99948814 0.02186104 0.9769498 ]]
[[0.97654615 0.99979598 0.02381421 0.99356532]]
[[0.97703023 0.99998858 0.01994063 0.99449125]]
[[0.97766402 0.99998226 0.02056844 0.98857816]]
[[0.976324   0.99998672 0.0230822  0.99074851]]
[[0.97623414 0.99978188 0.01822935 0.99095986]]
[[0.97670955 0.99957834 0.01823832 0.99736741]]
[[0.97842445 0.99748852 0.02184403 0.98939879]]
[[0.97889392 0.9995153  0.0228723  0.9943358 ]]
[[0.97699651 0.9999886  0.01937362 0.98343613]]
[[0.97609782 0.99998973 0.02027278 0.99711839]]
[[0.97733201 0.99998893 0.02197426 0.98695368]]
[[0.97628861 0.99998109 0.02352777 0.99170078]]
[[0.97666199 0.99955699 0.0214069  0.97807213]]
[[0.97679012 0.99999195 0.01763543 0.99941038]]
[[0.97840376 0.999961   0.02225093 0.9918931 ]]
[[0.97684639 0.99960403 0.02261273 0.97820567]]
[[0.97718265 0.99954739 0.02288648 0.98819542]]
[[0.97934272 0.9999928  0.0200284  0.99959883]]
[[0.97793386 0.99998767 0.02380075 0.98895151]]
[[0.97698411 0.99894928 0.02157525 0.9852989 ]]
[[0.97758199 0.99998803 0.02245994 0.98086865]]
[[0.97680546 0.9999903  0.01959099 0.99486158]]
[[0.98072469 0.99959923 0.02016794 0.9859695 ]]
[[0.97739111 0.99998994 0.02171955 0.99827559]]
[[0.97695494 0.99977881 0.02378351 0.98021083]]
[[0.97736088 0.99998978 0.02146025 0.99462092]]
[[0.978372   0.99999162 0.01894745 0.98219904]]
[[0.97948886 0.99999053 0.02293683 0.99814572]]
[[0.97628946 0.99988755 0.02305745 0.98824149]]
[[0.97876157 0.99996312 0.02271951 0.98426123]]
[[0.97672867 0.99985777 0.02099129 0.98827871]]
[[0.97650874 0.99998985 0.0210194  0.99304828]]
[[0.9799269  0.99998954 0.02284072 0.97748225]]
[[0.97657241 0.99998585 0.02389065 0.98228656]]
[[0.97648573 0.99998775 0.02160406 0.99273089]]
[[0.97753311 0.99969198 0.01742559 0.97889255]]
[[0.97611161 0.99999113 0.02041412 0.99824931]]
[[0.97744922 0.99999259 0.01743612 0.99956099]]
[[0.97614094 0.99933687 0.01849536 0.99147624]]
[[0.97789588 0.99998238 0.02142231 0.99096925]]
[[0.97716602 0.9999632  0.02076708 0.98832349]]
[[0.97637765 0.99985271 0.02184509 0.98487398]]
[[0.97912741 0.99999017 0.02255655 0.99475809]]
[[0.97614046 0.99998412 0.02388879 0.97969798]]
[[0.97640321 0.99944538 0.02386625 0.98715945]]
[[0.97634357 0.99996448 0.02046679 0.99009999]]
[[0.97978998 0.99781046 0.0234341  0.99372936]]
[[0.98062503 0.99999115 0.02069461 0.98212743]]
[[0.97797254 0.99999032 0.02069562 0.99693064]]
