[[ 5.67084427  5.87172623 -4.04676094]]
[[ 5.99112298  5.92899558 -4.49955894]]
[[ 5.71845972 -3.91219525  5.88340233]]
[[ 5.91647014  5.82242531 -4.06660447]]
[[-4.30301191  5.88433176  5.99287172]]
[[ 5.7468067  -4.13832096  5.85124679]]
[[ 5.65065935 -4.05896484  5.99475715]]
[[ 5.96481813 -4.48976887  5.99939918]]
[[-4.29387159  5.82822087  5.98634224]]
[[ 5.91723359 -4.1359323   5.93793824]]
[[ 5.86946353  5.6167623  -3.90047759]]
[[-4.19963723  5.68087969  5.94279766]]
[[ 5.85162851  5.85033601 -4.25954273]]
[[ 5.95009765  5.98031428 -4.3590268 ]]
[[ 5.91977676  5.98662868 -4.42940717]]
[[ 5.80593204  5.87197104 -4.26460183]]
[[ 5.997841   -4.24328801  5.91908309]]
[[-4.23668022  5.8139414   5.94410977]]
[[ 5.95446604 -4.2533891   5.90465383]]
[[ 5.90446989 -4.44168887  5.99134662]]
[[ 5.98937407 -4.36534539  5.99387307]]
[[-4.24081173  5.9982198   5.77535935]]
[[ 5.9621418   5.96455838 -4.18832765]]
[[-4.15320809  5.80925826  5.77156628]]
[[-4.4851258   5.96205806  5.99476632]]
[[ 5.61987347  5.82446873 -4.00935708]]
[[ 5.99322793  5.7510744  -4.17106358]]
[[ 5.59729033 -4.02995212  5.84585754]]
[[ 5.70826878  5.65476389 -3.89770697]]
[[ 5.89656163 -4.39128024  5.93310682]]
[[-4.46796166  5.92648556  5.95860494]]
[[ 5.9889482   5.87506945 -4.31610157]]
[[-4.23693978  5.88851389  5.95016002]]
[[ 5.91502186 -4.3581994   5.93533899]]
[[ 5.98466983 -4.18429562  5.69090746]]
[[ 5.98705116  5.72865238 -4.28982481]]
[[ 5.96375473 -4.03129015  5.92845901]]
[[-4.02187422  5.95969515  5.61187043]]
[[ 5.96536574 -3.88665186  5.45922554]]
[[-4.22279878  5.8280766   5.94036287]]
[[ 5.86715637  5.85600615 -4.25412795]]
[[ 5.92242745  5.91490327 -4.04310232]]
[[ 5.91652592  5.91146568 -4.30628669]]
[[ 5.98093209  5.97571005 -4.32377391]]
[[ 5.87190612  5.67239365 -4.03654918]]
[[ 5.67384907 -4.23822698  5.9921616 ]]
[[ 5.8112885   5.99342669 -4.12204162]]
[[ 5.86263006 -4.19825766  5.86331206]]
[[ 5.98311063  5.57806082 -4.14485366]]
[[-4.10835155  5.71058995  5.99825698]]
[[ 5.97362208 -4.38770581  5.96133273]]
[[ 5.96814948 -4.37958573  5.85961863]]
[[-4.4014893   5.97599005  5.8779209 ]]
[[ 5.7498543   5.88187987 -4.21882941]]
[[-4.34189427  5.91880304  5.8546732 ]]
[[-3.98859158  5.89906188  5.54174909]]
[[ 5.9426012   5.83995631 -3.99504419]]
[[-4.31312141  5.96747761  5.92088023]]
[[ 5.95902731  5.95734747 -4.43244858]]
[[-3.87216671  5.55863214  5.98872414]]
[[ 5.54389046 -3.9785368   5.94432393]]
[[ 5.90055419  5.96562533 -3.97436741]]
[[ 5.70464486  5.93887793 -4.18390665]]
[[ 5.97452192 -4.30695521  5.87298702]]
[[ 5.80498867 -3.99026971  5.92994756]]
[[ 5.87491966  5.94737958 -4.13654231]]
[[ 5.94929981  5.95137445 -4.4472317 ]]
[[-4.13096294  5.63656729  5.94829673]]
[[ 5.91973536  5.70434203 -4.03068031]]
[[ 5.92460139 -4.11184705  5.73467949]]
[[ 5.97985202 -4.42663259  5.88777999]]
[[-4.37275472  5.9400278   5.9713783 ]]
[[-4.04959763  5.994787    5.95481796]]
[[ 5.82825361 -4.31793257  5.97070769]]
[[ 5.82998751 -4.27692536  5.93923933]]
[[ 5.95687331 -4.32437397  5.81542219]]
[[ 5.90672791  5.68406696 -4.06857091]]
[[ 5.8788018  -4.44953033  5.98467707]]
[[-4.1511328   5.83112459  5.79927306]]
[[ 5.77938551  5.92487209 -3.96341041]]
[[ 5.76008417 -4.20323284  5.96246562]]
[[-3.94223342  5.42636326  5.94214263]]
[[-3.94600233  5.54860309  5.87447164]]
[[ 5.98160471 -4.13580585  5.89050301]]
[[ 5.95070912  5.8833516  -4.40646649]]
[[-4.47233198  5.92533787  5.96024207]]
[[ 5.9537037  -3.96475548  5.62135598]]
[[ 5.98111423  5.88522339 -4.17986577]]
[[-3.89947129  5.70482616  5.82444822]]
[[ 5.94663195  5.99291443 -3.99829038]]
[[ 5.99675962 -4.17125896  5.9865226 ]]
[[-4.18641847  5.64163581  5.98007976]]
[[ 5.84630924 -4.23961886  5.8738781 ]]
[[ 5.98744244 -4.43768359  5.92481671]]
[[ 5.99380885 -4.37428069  5.8973003 ]]
[[-4.20789304  5.91126442  5.75098993]]
[[ 5.83020167  5.88139037 -4.11256395]]
[[ 5.85684638  5.80950932 -4.16440499]]
[[ 5.93014598 -4.2530177   5.97922689]]
[[ 5.74965203 -4.06929525  5.96870056]]
[[ 5.91636486  5.88307084 -4.21687398]]
[[ 5.96350265  5.96551594 -4.46034797]]
[[ 5.83457342  5.91741755 -4.17377899]]
[[-3.91544138  5.80715102  5.65916043]]
[[-4.12061143  5.7737745   5.95801734]]
[[-4.36704881  5.86732076  5.925753  ]]
[[ 5.89941729 -4.10804912  5.68271323]]
[[ 5.87528376 -4.4155496   5.99872121]]
[[-4.49552061  5.95919399  5.98005954]]
[[ 5.89610199 -3.97380564  5.85488312]]
[[ 5.99626885  5.82548289 -4.04555528]]
[[ 5.59337709  5.78465297 -3.9361417 ]]
[[-4.45945853  5.95167472  5.99056013]]
[[ 5.87813841 -4.27453042  5.89321896]]
[[ 5.54818635 -4.00244209  5.87438944]]
[[-4.15265404  5.72791724  5.85736974]]
[[ 5.97571477 -4.35474695  5.8138344 ]]
[[-4.40736141  5.85378987  5.99386215]]
[[ 5.6840664  -3.96475261  5.96984654]]
[[ 5.72708094  5.79930033 -4.05143312]]
[[ 5.91832426  5.82546902 -4.12891356]]
[[ 5.92093458 -4.23999804  5.75111089]]
[[-3.98071377  5.67550435  5.82449819]]
[[ 5.80298982  5.68537095 -4.0405396 ]]
[[-4.3260578   5.86285038  5.95126754]]
[[ 5.82543525  5.65285145 -3.92096598]]
[[ 5.8200478  -4.24031978  5.88528878]]
[[-4.40946506  5.97416384  5.90818954]]
[[-3.90376311  5.89943394  5.74009489]]
[[-3.92970423  5.68955784  5.9554305 ]]
[[ 5.94624528  5.96914027 -4.19587219]]
[[-4.11320441  5.83249492  5.79244926]]
[[-4.09427983  5.60019235  5.9790184 ]]
[[ 5.90285849 -4.09144967  5.67180114]]
[[ 5.83683632 -4.31637104  5.98573612]]
[[-4.18059067  5.86906155  5.89907642]]
[[-4.41144299  5.99813483  5.93281789]]
[[-3.9596632   5.653011    5.80005111]]
[[ 5.82527334 -4.17064954  5.88517936]]
[[ 5.91092288  5.8634077  -4.31593979]]
[[ 5.60993539  5.92335354 -4.12126119]]
[[ 5.98762035  5.6135086  -3.94086474]]
[[ 5.74710817 -4.25424652  5.93371597]]
[[-4.20016584  5.74353798  5.90393791]]
[[ 5.99489624  5.98420622 -4.52282781]]
[[-3.95096025  5.87939771  5.51833704]]
[[-4.27797032  5.93525147  5.86557731]]
[[-4.02995421  5.50838352  5.98387526]]
[[-4.06558592  5.90223312  5.60353853]]
[[ 5.6714629  -4.08872021  5.97986343]]
[[ 5.97732337  5.97200482 -4.514904  ]]
[[-4.20463152  5.73676822  5.94151075]]
[[-4.19420735  5.85366712  5.91775646]]
[[ 5.96957145  5.66922186 -4.19662875]]
[[ 5.93458688  5.90894186 -4.22185357]]
[[ 5.85442194 -4.38785924  5.98804355]]
[[ 5.56934969 -3.97453839  5.82893034]]
[[-4.07372393  5.97049048  5.79360336]]
[[ 5.9369349  -4.38901226  5.92244878]]
[[ 5.87043343  5.75902734 -3.94083081]]
[[ 5.9685541  -4.06235854  5.86239144]]
[[ 5.82576773 -4.17024558  5.76697324]]
[[ 5.91758878  5.91232187 -4.2206623 ]]
[[ 5.98628247 -4.28028265  5.92220463]]
[[-4.21847951  5.97431411  5.92839301]]
[[-4.29836611  5.92213246  5.88792958]]
[[-4.07982104  5.91389114  5.66203135]]
[[ 5.73466383 -3.9308818   5.83698399]]
[[ 5.88872938  5.68298882 -4.00009622]]
[[-3.86879564  5.91198735  5.57070767]]
[[-4.33461002  5.90927426  5.95323607]]
[[-4.16581     5.70248413  5.88232974]]
[[-4.14519337  5.96117892  5.92665632]]
[[ 5.90663217 -4.13541976  5.94571876]]
[[ 5.74085448  5.81589195 -4.05113861]]
