[[0.97911997 0.99999225 0.01883127 0.99057833]]
[[0.97750376 0.99973022 0.02366272 0.99528825]]
[[0.97843994 0.99999044 0.02241767 0.99261361]]
[[0.9768186  0.99998862 0.0204931  0.99644261]]
[[0.97622781 0.99946996 0.02261954 0.98241315]]
[[0.97748417 0.99999124 0.02043399 0.99869472]]
[[0.97839635 0.999953   0.02216308 0.98305252]]
[[0.97834259 0.99998118 0.02214276 0.99213986]]
[[0.97691301 0.99999098 0.02313601 0.99886872]]
[[0.9802073  0.99817874 0.02385572 0.98922323]]
[[0.97690171 0.99998432 0.02330192 0.98405733]]
[[0.97694475 0.99998721 0.02279363 0.98210526]]
[[0.97622502 0.99998965 0.01928485 0.97946193]]
[[0.97835666 0.99998966 0.02265343 0.99297115]]
[[0.9773855  0.9999698  0.02162286 0.99389654]]
[[0.9811991  0.99999246 0.0238939  0.99151086]]
[[0.97890033 0.99998248 0.02134343 0.99455116]]
[[0.97716184 0.99990719 0.02258869 0.99544559]]
[[0.97667473 0.99998808 0.02209772 0.99706524]]
[[0.97952254 0.99971087 0.02075171 0.98305344]]
[[0.97682794 0.9999085  0.02202856 0.99345817]]
[[0.97613931 0.99998656 0.02218585 0.99245028]]
[[0.9774729  0.9999918  0.02038711 0.99699102]]
[[0.97777635 0.99777342 0.02382668 0.988023  ]]
[[0.9786605  0.99998956 0.02213819 0.98377068]]
[[0.97684712 0.99996712 0.02139954 0.97992202]]
[[0.97629956 0.99981751 0.01870931 0.98143102]]
[[0.97718752 0.99979429 0.02358681 0.97969381]]
[[0.98011925 0.99999189 0.02101569 0.99022183]]
[[0.97819085 0.99997844 0.02391836 0.98228209]]
[[0.97909912 0.99999017 0.02274975 0.97951207]]
[[0.97631585 0.99998769 0.02136265 0.99296538]]
[[0.97848496 0.99999111 0.02084012 0.99882997]]
[[0.97736849 0.99999031 0.02253271 0.99532192]]
[[0.97700828 0.99999233 0.0160466  0.99805692]]
[[0.97762936 0.99998678 0.02391343 0.98985074]]
[[0.97701345 0.99998906 0.02241122 0.99192853]]
[[0.97804597 0.99757052 0.02309826 0.99113394]]
[[0.9764379  0.99757611 0.02345079 0.98318105]]
[[0.97666406 0.99988135 0.02225405 0.98145333]]
[[0.97976464 0.99999281 0.01972907 0.99965827]]
[[0.97650966 0.99998699 0.01728891 0.99467429]]
[[0.97609931 0.9984718  0.02315062 0.97953036]]
[[0.97699518 0.99999037 0.0202063  0.99659174]]
[[0.9763026  0.99997739 0.02296119 0.97950003]]
[[0.97602854 0.99998882 0.02364153 0.99665041]]
[[0.97871665 0.99999168 0.01861927 0.99166364]]
[[0.97616066 0.99998889 0.01995349 0.99538311]]
[[0.97635143 0.9999512  0.02166557 0.98418711]]
[[0.97826989 0.99950871 0.01476654 0.98358587]]
[[0.97737953 0.99998961 0.01957321 0.98660813]]
[[0.97607443 0.99999163 0.02300334 0.99873628]]
[[0.97740711 0.99780498 0.02077698 0.97815657]]
[[0.97905621 0.9998693  0.02384919 0.9972929 ]]
[[0.97642028 0.99998061 0.0211843  0.99527109]]
[[0.97742843 0.9999886  0.0238946  0.99438616]]
[[0.98084895 0.99998848 0.02360143 0.97628913]]
[[0.97653858 0.99961112 0.02364344 0.99827363]]
[[0.97779026 0.99955325 0.02147711 0.99028994]]
[[0.9791124  0.99999204 0.01900248 0.99759535]]
[[0.97975988 0.99750562 0.02397377 0.98415668]]
[[0.97715328 0.99959455 0.02336085 0.97831274]]
[[0.98077178 0.99999029 0.0233519  0.99382338]]
[[0.97650162 0.99998794 0.02192116 0.99803265]]
[[0.97616724 0.99884589 0.01945484 0.99230844]]
[[0.97819216 0.99999147 0.0235235  0.99660111]]
[[0.97651449 0.99740561 0.02186685 0.98037595]]
[[0.97812224 0.99999098 0.01850228 0.99048944]]
[[0.97660336 0.99998811 0.02364875 0.99239625]]
[[0.97630137 0.99993973 0.02395125 0.97835896]]
[[0.98083257 0.99740924 0.02208614 0.98205599]]
[[0.97812487 0.99998759 0.02247741 0.98941039]]
[[0.97669189 0.99998712 0.02290034 0.97718014]]
[[0.97787831 0.99991102 0.02331953 0.98260308]]
[[0.97755687 0.99999269 0.02084068 0.99961449]]
[[0.97664855 0.99998959 0.01854025 0.9768517 ]]
[[0.97724458 0.99999143 0.01778102 0.99910357]]
[[0.97806244 0.99999196 0.01784612 0.99068798]]
[[0.97929728 0.9995335  0.02389202 0.99216562]]
[[0.97722063 0.99999029 0.0172588  0.99346336]]
[[0.97623541 0.99998409 0.02203718 0.99065401]]
[[0.97619974 0.99966594 0.01517079 0.98035269]]
[[0.97723395 0.9965147  0.02145481 0.97841591]]
[[0.97638293 0.99710917 0.02227723 0.98961494]]
[[0.97633074 0.99998069 0.01934866 0.99079357]]
[[0.97683073 0.9972094  0.02244445 0.98784797]]
[[0.97827595 0.99998069 0.02397155 0.99083758]]
[[0.97750698 0.99999122 0.02094846 0.9995931 ]]
[[0.97859561 0.99995366 0.02388916 0.9877049 ]]
[[0.97640472 0.99974656 0.01769895 0.9784324 ]]
[[0.97649211 0.99942261 0.01959408 0.99613296]]
[[0.97794986 0.99954742 0.02117471 0.98742397]]
[[0.97880594 0.99998798 0.02384225 0.97963152]]
[[0.97716651 0.99999025 0.02169449 0.99871152]]
[[0.97603325 0.99998667 0.02339141 0.99531111]]
[[0.97663769 0.99998802 0.02114107 0.99684191]]
[[0.98054522 0.99999156 0.02196514 0.99343326]]
[[0.97801249 0.99986327 0.02228704 0.99067785]]
[[0.97606231 0.99998939 0.01872535 0.99711612]]
[[0.97861715 0.99999076 0.02263922 0.99564091]]
[[0.97601604 0.99998209 0.01685161 0.98723913]]
[[0.97654321 0.99998896 0.01753524 0.98330796]]
[[0.97953134 0.99952965 0.02282825 0.98531158]]
[[0.97849421 0.99998192 0.02394862 0.98662305]]
[[0.98039949 0.999988   0.02370516 0.98138945]]
[[0.97601754 0.99998782 0.02220587 0.9844265 ]]
[[0.97625748 0.99999005 0.02163124 0.98456562]]
[[0.97735786 0.99781214 0.02369237 0.98587542]]
[[0.97703309 0.99999092 0.01709411 0.98508749]]
[[0.97915097 0.99998961 0.02269364 0.98693995]]
[[0.97842813 0.99998994 0.02082415 0.99118131]]
[[0.97664674 0.99761291 0.01908548 0.97914952]]
[[0.97789696 0.99998984 0.02087975 0.98097068]]
[[0.97617837 0.99985206 0.01871845 0.99146292]]
[[0.98055634 0.99998979 0.02184762 0.98960072]]
[[0.97645292 0.9999389  0.02340115 0.99446908]]
[[0.97912216 0.9999571  0.02299996 0.99157997]]
[[0.9777496  0.99981796 0.02206822 0.99235164]]
[[0.98157465 0.99998703 0.02378525 0.9766821 ]]
[[0.97904568 0.99998685 0.02391684 0.98769559]]
[[0.97661035 0.99984389 0.01874134 0.98676397]]
[[0.97787861 0.99947193 0.01719219 0.98001356]]
[[0.97695425 0.99997288 0.02207703 0.99100883]]
[[0.97606987 0.99998604 0.02378818 0.99163629]]
[[0.9778664  0.99998514 0.0167882  0.97889226]]
[[0.97771608 0.99998075 0.02031539 0.98606071]]
[[0.98002947 0.99996735 0.0214859  0.98782796]]
[[0.978438   0.99991207 0.01970629 0.98923063]]
[[0.97876655 0.99999007 0.02290101 0.98478805]]
[[0.97769858 0.99704563 0.02282285 0.98867587]]
[[0.97697667 0.99997149 0.02368107 0.9791646 ]]
[[0.97622139 0.99998953 0.02033722 0.9995082 ]]
[[0.97912727 0.9999903  0.02200614 0.99671164]]
[[0.97823002 0.99999103 0.02294806 0.99912289]]
[[0.97828429 0.99998808 0.02184587 0.97616554]]
[[0.97625154 0.99999172 0.01591501 0.99205561]]
[[0.97742782 0.99992343 0.02293882 0.98448038]]
[[0.97780619 0.99792505 0.01883256 0.99069996]]
[[0.98017254 0.99998731 0.02325446 0.98141191]]
[[0.97639959 0.99998625 0.02376498 0.99732218]]
[[0.97645477 0.99997301 0.01982088 0.98262928]]
[[0.97609487 0.99999269 0.01492241 0.9970496 ]]
[[0.97941271 0.99999132 0.02054493 0.99144269]]
[[0.97604032 0.99999093 0.01504825 0.98625976]]
[[0.97655513 0.99901714 0.02174709 0.99267145]]
[[0.97837428 0.99998443 0.02325126 0.98365919]]
[[0.97938811 0.99957017 0.0231511  0.98887709]]
[[0.97812659 0.99999108 0.02351022 0.99944993]]
[[0.97966432 0.99954347 0.02281007 0.98294695]]
[[0.9773334  0.99997694 0.0216115  0.97628836]]
[[0.97745148 0.99998378 0.01980574 0.99004189]]
[[0.97785983 0.9999908  0.01982594 0.99331527]]
[[0.97902662 0.99770037 0.02136048 0.98598988]]
[[0.97701861 0.99999083 0.01823447 0.99862793]]
[[0.97621659 0.99998794 0.02041877 0.98877308]]
[[0.97914624 0.9996898  0.02135792 0.97821705]]
