[[2.49129698 2.4518913  2.49904737]]
[[2.49630568 2.47506282 2.46047853]]
[[2.48801215 2.47149675 2.45391575]]
[[2.47685488 2.47023078 2.47229201]]
[[2.49403494 2.44724187 2.47593342]]
[[2.46282025 2.49251376 2.49933582]]
[[2.48182824 2.4417165  2.48971909]]
[[2.49534239 2.48054925 2.44329719]]
[[2.49154658 2.49734165 2.4331877 ]]
[[2.49925743 2.46714427 2.46800054]]
[[2.49540181 2.43571398 2.49998151]]
[[2.4790083  2.4988378  2.44670997]]
[[2.49213702 2.47529343 2.49591986]]
[[2.49684518 2.47011253 2.47672949]]
[[2.49998707 2.47643107 2.46098182]]
[[2.46272432 2.47504995 2.48062952]]
[[2.49615355 2.47056553 2.47387547]]
[[2.49069708 2.49722537 2.47190563]]
[[2.48508633 2.47524253 2.4583815 ]]
[[2.4938179  2.47238641 2.48114005]]
[[2.49039326 2.48608693 2.43689568]]
[[2.48684771 2.47490275 2.47261631]]
[[2.44097251 2.49151052 2.49358657]]
[[2.49790771 2.48641523 2.47456868]]
[[2.46259768 2.49316174 2.47730724]]
[[2.45701232 2.47775624 2.47662217]]
[[2.45905088 2.48096047 2.49713014]]
[[2.47261356 2.47626766 2.48024899]]
[[2.48590082 2.48280456 2.44895408]]
[[2.44894127 2.49557002 2.46741134]]
[[2.48356225 2.48102589 2.46533981]]
[[2.49786511 2.46211697 2.49399751]]
[[2.42530807 2.49914639 2.489543  ]]
[[2.48819246 2.49097448 2.45732628]]
[[2.47745154 2.4924507  2.4495516 ]]
[[2.49747756 2.45078159 2.46845264]]
[[2.48880637 2.4569579  2.47601763]]
[[2.48042535 2.45311649 2.4866431 ]]
[[2.4808911  2.47885658 2.48348958]]
[[2.48886369 2.48803106 2.45962674]]
[[2.49268927 2.44786737 2.4780643 ]]
[[2.45273716 2.49142594 2.48745632]]
[[2.48177931 2.49070003 2.49341806]]
[[2.49185058 2.48244977 2.47812523]]
[[2.42467671 2.49356812 2.49988907]]
[[2.48243429 2.4947097  2.48848115]]
[[2.47023286 2.45747246 2.49010929]]
[[2.4630915  2.47688869 2.48370181]]
[[2.46172184 2.46856694 2.49440769]]
[[2.47895995 2.47375846 2.48303019]]
[[2.48233158 2.47049109 2.4779795 ]]
[[2.4767909  2.47823717 2.46964213]]
[[2.45905655 2.49924452 2.47309962]]
[[2.43268343 2.49792553 2.48606585]]
[[2.49382225 2.44470498 2.49214668]]
[[2.48634619 2.47455378 2.4893889 ]]
[[2.48971445 2.44864328 2.47834306]]
[[2.49574728 2.44675996 2.48256579]]
[[2.48921246 2.45500541 2.47270316]]
[[2.45875923 2.49243785 2.49958871]]
[[2.43799015 2.48461734 2.49808444]]
[[2.48629305 2.46482018 2.49146897]]
[[2.496599   2.47398082 2.49915931]]
[[2.49468318 2.47980448 2.46003851]]
[[2.46480334 2.49436529 2.46349064]]
[[2.49230207 2.46551102 2.45770738]]
[[2.47882218 2.48357998 2.46915237]]
[[2.45515838 2.49693153 2.46381421]]
[[2.48042521 2.47403956 2.46566363]]
[[2.48375131 2.47220988 2.4806492 ]]
[[2.47277843 2.48108896 2.49033068]]
[[2.48860253 2.47094611 2.47099439]]
[[2.47235569 2.48623631 2.47644763]]
[[2.49357337 2.47459023 2.47115185]]
[[2.48567818 2.42709719 2.49942224]]
[[2.46988013 2.49926059 2.49392237]]
[[2.48161341 2.48069724 2.45419405]]
[[2.49487749 2.43452202 2.49801405]]
[[2.48505339 2.47357877 2.47548345]]
[[2.48811802 2.49097291 2.44377179]]
[[2.49515313 2.46795018 2.45975892]]
[[2.46867135 2.49778058 2.44438528]]
[[2.49677611 2.46531979 2.48867099]]
[[2.4547653  2.47600337 2.48878559]]
[[2.48497948 2.49893612 2.46976405]]
[[2.48732394 2.45902248 2.49393124]]
[[2.48523989 2.49663661 2.48749827]]
[[2.47379959 2.49943093 2.45396791]]
[[2.47163168 2.49624151 2.44856925]]
[[2.46348009 2.4871888  2.47577001]]
[[2.49737688 2.47593396 2.48165479]]
[[2.49499338 2.45715763 2.47436226]]
[[2.45674397 2.48999365 2.49885537]]
[[2.45486931 2.49650261 2.46528583]]
[[2.44672156 2.49547888 2.47421584]]
[[2.47819826 2.48705575 2.47611175]]
[[2.49070833 2.43077739 2.49602521]]
[[2.44683304 2.49573315 2.4831469 ]]
[[2.49400598 2.48918117 2.46792779]]
[[2.47852268 2.4963974  2.43987383]]
[[2.47980056 2.49423611 2.48413729]]
[[2.49616975 2.47551868 2.47872918]]
[[2.49630781 2.43922701 2.49617171]]
[[2.49221065 2.45029391 2.49581303]]
[[2.48442421 2.47862116 2.44884693]]
[[2.46343812 2.48927335 2.476291  ]]
[[2.46105843 2.49187582 2.47506563]]
[[2.4741138  2.49362378 2.49579233]]
[[2.43495847 2.4849952  2.49509137]]
[[2.49443454 2.45487622 2.47477738]]
[[2.48000371 2.49998367 2.44603126]]
[[2.44732069 2.49886932 2.49951674]]
[[2.46831564 2.49453933 2.47915351]]
[[2.4855161  2.45580652 2.49065669]]
[[2.47374983 2.48968933 2.45488611]]
[[2.49637975 2.47934477 2.43860277]]
[[2.46688589 2.47583929 2.49483438]]
[[2.46884405 2.49352372 2.4887214 ]]
[[2.46857777 2.46197095 2.49721481]]
[[2.43277523 2.49240393 2.48863879]]
[[2.49494226 2.45686734 2.4718619 ]]
[[2.4940212  2.48622841 2.43967521]]
[[2.48771245 2.4912015  2.49617978]]
[[2.47859426 2.44680803 2.49768744]]
[[2.49961647 2.47077012 2.44755297]]
[[2.47938382 2.46150697 2.49463154]]
[[2.49496377 2.49541373 2.45074253]]
[[2.48696674 2.46571847 2.49688538]]
[[2.47764651 2.47708275 2.47016066]]
[[2.49739907 2.48952682 2.478461  ]]
[[2.49839715 2.48786921 2.45652996]]
[[2.494076   2.47026738 2.45876139]]
[[2.49809414 2.44527072 2.48784039]]
[[2.47671922 2.44923475 2.49386818]]
[[2.46624317 2.4936673  2.49405271]]
[[2.49240311 2.49549605 2.43941216]]
[[2.49638755 2.48894057 2.49367063]]
[[2.49667501 2.47955926 2.44440948]]
[[2.49232334 2.47699852 2.45379504]]
[[2.49807164 2.48737332 2.4699714 ]]
[[2.49608042 2.48623674 2.42915683]]
[[2.46949245 2.48010649 2.46417106]]
[[2.49481809 2.49381197 2.48979842]]
[[2.48375432 2.43902807 2.49342356]]
[[2.49262354 2.49508903 2.42639285]]
[[2.48049358 2.45899278 2.47402853]]
[[2.46962043 2.47537524 2.48854818]]
[[2.456969   2.4712371  2.48376653]]
[[2.46995126 2.45191058 2.49981706]]
[[2.49459544 2.49214041 2.43558766]]
[[2.48618934 2.47934266 2.47346695]]
[[2.48033164 2.48547482 2.45079641]]
[[2.48617809 2.48635641 2.47376861]]
[[2.46252798 2.49975765 2.46414225]]
[[2.48921072 2.48373951 2.47748968]]
[[2.48817083 2.49849528 2.44977668]]
[[2.49846074 2.44930878 2.47790545]]
[[2.49562084 2.48624548 2.45729653]]
