[[0.97622313 0.99456377 0.99534293 0.9986197 ]]
[[0.97604152 0.99116906 0.98913421 0.99527064]]
[[0.9763106  0.98340926 0.99251321 0.9926279 ]]
[[0.9761211  0.9808908  0.98415961 0.97980681]]
[[0.97613864 0.98024324 0.97664501 0.98315331]]
[[0.97627571 0.99866372 0.99683928 0.99920888]]
[[0.97606353 0.98806357 0.98634965 0.99141879]]
[[0.9762213  0.99647273 0.99775271 0.99895524]]
[[0.97608988 0.99389954 0.99558028 0.99867719]]
[[0.97608995 0.99374155 0.98097835 0.99368028]]
[[0.9767565  0.99209478 0.98453698 0.99335627]]
[[0.97607102 0.98573108 0.98268029 0.98422222]]
[[0.97642314 0.98278755 0.99721897 0.99404113]]
[[0.97628927 0.99678018 0.99094725 0.99428315]]
[[0.97649017 0.99568966 0.9887721  0.99342939]]
[[0.97602227 0.99506994 0.98303641 0.99617141]]
[[0.97601025 0.98516661 0.99349682 0.99228671]]
[[0.97621346 0.98952966 0.99328953 0.99349121]]
[[0.97600989 0.97832953 0.99701054 0.99708931]]
[[0.97642201 0.99372633 0.99455828 0.99770382]]
[[0.97603777 0.98275396 0.99686334 0.99509124]]
[[0.97644667 0.98621135 0.98869013 0.99056129]]
[[0.97623576 0.99101032 0.98795586 0.99264395]]
[[0.97624645 0.99579888 0.98505011 0.99600998]]
[[0.97603292 0.99738514 0.97988232 0.99608735]]
[[0.97601861 0.99131401 0.99781114 0.99874334]]
[[0.97693225 0.99634662 0.9915851  0.99692796]]
[[0.97618756 0.97942166 0.98502824 0.98815667]]
[[0.97614254 0.99588338 0.99648433 0.99882962]]
[[0.97638751 0.99495805 0.98794536 0.99462395]]
[[0.97618801 0.98689152 0.98336173 0.98952328]]
[[0.97608291 0.98390466 0.98917719 0.99270257]]
[[0.97638396 0.99038224 0.98665092 0.99053747]]
[[0.97650216 0.99375818 0.99283689 0.9980416 ]]
[[0.97649714 0.99115956 0.98763997 0.99427696]]
[[0.97600213 0.99390416 0.98349859 0.99179105]]
[[0.97615184 0.9909301  0.99690593 0.99625166]]
[[0.97607573 0.99631891 0.99210948 0.9980906 ]]
[[0.97656766 0.99774835 0.99153355 0.99831995]]
[[0.97603889 0.98942902 0.98846803 0.99384271]]
[[0.97631539 0.99738513 0.99053746 0.99550361]]
[[0.97615185 0.97611319 0.9867807  0.98822506]]
[[0.97647136 0.99728269 0.98802346 0.9974764 ]]
[[0.97640415 0.98841096 0.99851176 0.99890474]]
[[0.97601375 0.9875386  0.9898791  0.99273746]]
[[0.97624803 0.99408012 0.99042305 0.99662229]]
[[0.97604074 0.99216407 0.98632067 0.99444176]]
[[0.97625864 0.99124063 0.97941627 0.99158945]]
[[0.97661623 0.99439811 0.99225571 0.99710337]]
[[0.97643664 0.9834197  0.98077566 0.98757795]]
[[0.97638014 0.9796718  0.9849022  0.98064473]]
[[0.97615405 0.98840051 0.9824839  0.98180076]]
[[0.97603363 0.98839518 0.99124857 0.99172436]]
[[0.97620295 0.99529531 0.99077609 0.99748967]]
[[0.9763693  0.97999422 0.97701836 0.9823724 ]]
[[0.97639134 0.9945247  0.98671869 0.99596513]]
[[0.97607789 0.99841171 0.98242998 0.9978584 ]]
[[0.97620599 0.98853922 0.98393521 0.9934176 ]]
[[0.97601073 0.99322632 0.99060499 0.9933365 ]]
[[0.97602612 0.99806716 0.99209998 0.99822122]]
[[0.9764235  0.98970839 0.98842918 0.99301043]]
[[0.97637124 0.98574034 0.99320576 0.99080711]]
[[0.97602653 0.99298377 0.99569863 0.99666942]]
[[0.97620034 0.9806785  0.97935536 0.98223921]]
[[0.97630496 0.97693812 0.98560439 0.98825216]]
[[0.97682099 0.99416235 0.98255266 0.99061428]]
[[0.97623427 0.97768756 0.99557969 0.99529282]]
[[0.97615341 0.98557197 0.99309008 0.99620095]]
[[0.97615502 0.99090434 0.98172176 0.99306804]]
[[0.9763465  0.99066934 0.99074855 0.99589993]]
[[0.97605045 0.99315578 0.98337458 0.99113993]]
[[0.97627403 0.99699631 0.98200397 0.99571993]]
[[0.97632444 0.98567802 0.99426423 0.99322503]]
[[0.9763469  0.99769751 0.98273338 0.99813783]]
[[0.97658534 0.99247111 0.99739271 0.99854767]]
[[0.97607854 0.98485523 0.99080367 0.99383884]]
[[0.97602304 0.98970909 0.9900069  0.99520014]]
[[0.97650571 0.98760384 0.98469294 0.99343359]]
[[0.9761252  0.99051805 0.98711438 0.98979631]]
[[0.97601327 0.99406008 0.99075524 0.99584066]]
[[0.97608549 0.98537696 0.9941328  0.99437952]]
[[0.97610999 0.98083071 0.99470252 0.99495846]]
[[0.97655716 0.99289654 0.98703023 0.9966796 ]]
[[0.97618356 0.99339565 0.9881282  0.99418833]]
[[0.97615139 0.99353514 0.99008272 0.99658187]]
[[0.97603165 0.99057208 0.98807291 0.99120769]]
[[0.97610807 0.99294714 0.98899529 0.99526231]]
[[0.9763607  0.98873075 0.9911253  0.99324016]]
[[0.97626887 0.98115208 0.98913467 0.99008859]]
[[0.97610252 0.99606771 0.98603589 0.99683017]]
[[0.97615948 0.97777594 0.98458006 0.98123801]]
[[0.97608766 0.98552139 0.98795582 0.99320846]]
[[0.97601404 0.99151265 0.98962644 0.9926706 ]]
[[0.97653603 0.98941505 0.99181993 0.99364498]]
[[0.97623594 0.9950494  0.98988265 0.99609516]]
[[0.97604609 0.98973363 0.99090981 0.99516554]]
[[0.97651235 0.9888995  0.99582993 0.99732391]]
[[0.97642679 0.98121953 0.99261948 0.98790088]]
[[0.97618662 0.99717329 0.98045249 0.99678568]]
[[0.97603744 0.99597467 0.97735759 0.9921315 ]]
[[0.97669976 0.9812113  0.9947734  0.99138219]]
[[0.97604678 0.98106549 0.98577301 0.98131213]]
[[0.97610827 0.98657318 0.99782826 0.99798453]]
[[0.97616962 0.99806628 0.99651359 0.99911024]]
[[0.97658178 0.99376703 0.97672182 0.99458446]]
[[0.9764229  0.99113005 0.97763407 0.98915734]]
[[0.97602949 0.980122   0.99518007 0.99380597]]
[[0.97649395 0.98834257 0.98319626 0.98533484]]
[[0.9760707  0.97946144 0.98581246 0.98753555]]
[[0.97647456 0.99319291 0.9963465  0.99843248]]
[[0.97606173 0.98108479 0.99676949 0.9977406 ]]
[[0.97600206 0.99675324 0.98281754 0.99686069]]
[[0.97636525 0.98236318 0.99582904 0.99410149]]
[[0.97637193 0.98590557 0.98749965 0.99018192]]
[[0.97643956 0.9969603  0.97983006 0.9954574 ]]
[[0.97642034 0.9818303  0.9855337  0.98966826]]
[[0.97616136 0.97985391 0.9900411  0.9927602 ]]
[[0.97618354 0.98789518 0.98504723 0.99310994]]
[[0.97615223 0.99451132 0.99297523 0.99728626]]
[[0.97628375 0.9819232  0.99331286 0.99163932]]
[[0.97602215 0.9802109  0.99467928 0.99572776]]
[[0.97613334 0.99264649 0.99441594 0.99749043]]
[[0.97601797 0.99364257 0.99748385 0.99870042]]
[[0.97614199 0.98768175 0.99840662 0.99763232]]
[[0.9760681  0.98635265 0.98641504 0.98987215]]
[[0.97606879 0.99186657 0.99377874 0.99477478]]
[[0.97633518 0.98748639 0.99277608 0.99498735]]
[[0.97625521 0.97789433 0.97811177 0.98487519]]
[[0.97644649 0.99197426 0.98767215 0.9954865 ]]
[[0.97611383 0.98961189 0.99425451 0.99617487]]
[[0.97622345 0.99775245 0.99592606 0.99898414]]
[[0.97650072 0.99375173 0.99332577 0.9983052 ]]
[[0.97641192 0.98723716 0.98991008 0.99408524]]
[[0.97611331 0.98314064 0.98249257 0.98966642]]
[[0.9766785  0.98899133 0.98210755 0.98209335]]
[[0.97633921 0.9943765  0.99281537 0.99608145]]
[[0.97625724 0.99661868 0.98770098 0.99776423]]
[[0.97647184 0.98543931 0.97777722 0.98724733]]
[[0.97667737 0.98593484 0.99367659 0.99595827]]
[[0.97636882 0.99725702 0.99366601 0.99885856]]
[[0.97621539 0.98535528 0.99252817 0.99134838]]
[[0.97633338 0.99121839 0.98904575 0.99412929]]
[[0.97605054 0.98252841 0.9931202  0.99293885]]
[[0.97647911 0.99444721 0.9954608  0.99713818]]
[[0.97605807 0.97773458 0.99225344 0.99070671]]
[[0.97642647 0.98768104 0.97710528 0.98649987]]
[[0.97605629 0.98798067 0.98966511 0.99409655]]
[[0.97615196 0.99722383 0.98159195 0.99819392]]
[[0.9760751  0.98696691 0.98066667 0.97998483]]
[[0.97602758 0.9781756  0.99713349 0.99668921]]
[[0.97652909 0.97661555 0.99696135 0.99730614]]
[[0.97629078 0.98845387 0.99633273 0.99363151]]
[[0.97607015 0.98603857 0.99014875 0.98851699]]
[[0.97615424 0.99111129 0.98941812 0.99368236]]
[[0.97602805 0.99452741 0.98483999 0.99536405]]
[[0.97620686 0.98344204 0.98248814 0.98706619]]
[[0.97600669 0.98818376 0.99270669 0.99233958]]
[[0.97616637 0.98422441 0.99287287 0.99122393]]
[[0.97607643 0.98416276 0.99262242 0.99660009]]
[[0.97636302 0.98996637 0.99857596 0.99876738]]
[[0.97617222 0.99211368 0.98214553 0.98095385]]
[[0.97638235 0.99179146 0.99592634 0.99578969]]
