[[-1.97019738  1.02306307  1.12722264]
 [ 1.86631957  0.44706922  0.51989171]]
[[ 0.7303733   1.21285737  1.40569578]
 [ 2.20210394  1.22357853 -2.41092555]]
[[0.58122889 0.82085081 0.00641242]
 [1.93953979 1.61174766 0.57897113]]
[[-1.4283756   2.3900172   1.16786412]
 [-1.48593622  1.39137807  1.75814488]]
[[ 2.47396391  1.36504995 -1.35476586]
 [ 0.81198894  1.21682205  1.25578011]]
[[-0.44069981  1.98600818  1.27684623]
 [ 0.28843713 -0.25372167  1.04034426]]
[[ 0.90701888  1.42922501  0.14325885]
 [-0.68627598  1.50090811  0.41302845]]
[[0.1453419  0.73572191 0.75350445]
 [1.77592905 1.38046042 0.64092029]]
[[ 0.13393272  2.10673944 -1.92787667]
 [ 2.28184539  0.158479    0.70552101]]
[[ 0.12602827  1.04994667  1.35617609]
 [ 1.56472488 -1.89421296  1.66027362]]
[[-1.89096763  2.336931    2.0550587 ]
 [-1.96433615  1.7200448   1.95563712]]
[[ 0.86884612  1.05878182 -0.95331058]
 [ 1.97561041  1.50080353  1.80967751]]
[[ 0.22245681  1.29066731  2.44504114]
 [ 1.66990501 -0.40388369  1.63790393]]
[[-1.83867973  2.47438898  1.46106715]
 [-0.30572652  0.78645648  0.5595621 ]]
[[ 1.45240409 -0.67503467  0.64711078]
 [ 0.96957393  0.9367783  -0.18297646]]
[[ 0.5723205   2.39556583  2.2160664 ]
 [ 1.21038506  1.61769909 -0.37290367]]
[[ 0.56739432  1.65258949  2.17897512]
 [ 1.04396476  2.4804822  -1.70910173]]
[[-2.11608033  1.75067231  1.62746957]
 [ 2.04823562 -1.97546504  0.0086605 ]]
[[ 1.37365803  2.49834655  1.9347005 ]
 [ 0.84330126 -0.93865719  0.07562534]]
[[ 0.26628725  1.90459313 -2.33684111]
 [ 1.26183087  1.64156521 -1.96570744]]
[[1.031113   0.751851   0.9939891 ]
 [0.07976359 0.50090973 1.14125429]]
[[ 1.47035427 -1.17397843  0.5217911 ]
 [-0.51508849  0.79895243  1.01274145]]
[[-0.71081903  2.07708155  0.31779793]
 [ 1.25619096 -1.68111421  1.90054475]]
[[ 0.77881064 -2.01252222  1.22174398]
 [ 2.21880696  1.76402292  2.21989447]]
[[ 2.05008352 -0.29522087  0.66905742]
 [ 2.31184372 -0.64853096  0.39046924]]
[[-1.06332193 -0.00449645  1.60429266]
 [-0.20270581  2.04846373  0.25737773]]
[[ 2.02353536 -0.70431461  1.19562105]
 [ 0.93477079  1.72923944  0.14157022]]
[[0.11149247 0.33159356 1.81669336]
 [2.06893462 2.13752944 0.58194596]]
[[ 0.92536982  2.23718449 -2.3877918 ]
 [-0.46277453  1.5029193   2.23212924]]
[[ 0.10676038 -0.17563769  0.56151753]
 [ 1.27706697 -1.5311595   0.43239713]]
[[ 1.92841996  1.7084103   0.19555035]
 [ 2.17692859  0.89354115 -1.83019634]]
[[ 0.03253772  1.8057324  -0.36799277]
 [-0.6536062   1.91130674  2.10532964]]
[[-1.96797139  2.47645432  2.37367859]
 [ 2.01524584  2.33875127 -1.18064283]]
[[-1.93273784  2.29200499  0.71211471]
 [ 0.98522088  1.29620714 -1.1291436 ]]
[[ 0.74167274  0.25122287  0.70151924]
 [ 2.02469705 -0.38411258  1.4512218 ]]
[[-0.555224    0.33595497  1.39828316]
 [ 0.12592147  1.73669717  0.23843613]]
[[ 0.8886459  -0.86261263  1.88004918]
 [ 2.02060745  0.26987665  0.10268131]]
[[ 0.9635715   2.14928143 -1.44445837]
 [ 0.5294336   1.51300665  0.53002244]]
[[ 1.43327711  0.96376093 -0.82959646]
 [ 0.5673328   2.38707702 -2.03444846]]
[[-0.14750956  0.92416649  2.31080384]
 [ 1.63658849 -0.38460658 -0.44296373]]
[[-1.29086379  1.53399781  1.95627848]
 [-0.2112085   0.92630709  1.69096784]]
[[ 2.29407895 -1.33844108  1.049061  ]
 [ 0.5904823   1.16481729  2.01294101]]
[[-2.02763491  1.65879189  0.46320194]
 [-1.51491409  1.61737663  1.29005207]]
[[ 0.57160869  2.37489552  1.39514184]
 [-1.65364443  1.51758766  1.82398657]]
[[-2.37429653  1.48189556  0.91135433]
 [-1.47687676 -0.19430693  1.8453353 ]]
[[ 0.81726782 -1.04552458  1.36629737]
 [ 1.30496758  1.96634358  2.34327039]]
[[-0.73063201  0.50492847  1.88882479]
 [ 1.75501544  0.87938136  2.32294313]]
[[ 2.17078451 -2.31094408  1.70535487]
 [ 1.40194175  0.51043655  1.49158569]]
[[ 1.86413907  2.14167918  0.64604469]
 [ 1.4621491   1.57275453 -1.12215543]]
[[0.81577633 1.78262234 0.07042209]
 [1.17864443 0.02152113 0.28475326]]
[[ 1.12827491  0.02222664  1.00562841]
 [ 0.65407493 -0.8682552   1.15850167]]
[[ 0.81662254 -0.47503891  0.36688416]
 [-0.53610291  2.37524453  1.62894185]]
[[-0.17086103  1.93779047 -0.76319883]
 [ 0.27598503 -0.47318247  2.47169472]]
[[ 2.28662563  2.02389609  0.56996293]
 [ 1.09136047  1.04830375 -1.2989557 ]]
[[ 1.60665951 -1.36892784  1.26563711]
 [ 1.09139012  2.0704029   1.59331979]]
[[ 0.67914684 -0.3369501   2.04633379]
 [ 0.10569444  1.23207139  2.34623059]]
[[-2.29778066  1.49343831  1.12668773]
 [ 0.32387694  0.2493032   1.81683553]]
[[-0.63824669  1.04469258  0.78760174]
 [ 0.53835634  2.01661169 -1.66900296]]
[[-1.57293853  1.91054959  0.20894572]
 [ 1.15675972  0.25637354  0.1053866 ]]
[[ 0.75215976  0.80766493  1.10700051]
 [ 2.31378573  0.82923788 -0.83629374]]
[[1.23351811 0.03267304 2.49693545]
 [1.09858149 0.97025979 0.13921114]]
[[ 1.07956838  1.70350792  0.75400035]
 [-1.17995228  1.49417634  2.0351899 ]]
[[ 1.60628938  1.42061036 -1.54911909]
 [ 1.70428283 -2.38771278  0.70405034]]
[[ 1.64534012  1.11730304  2.10928287]
 [-1.37347782  2.28630208  2.4904748 ]]
[[ 1.35173282  0.39243704  0.39390087]
 [-0.45162392  1.44824062  0.0462522 ]]
[[ 1.97258963  1.45346658  0.63225594]
 [-1.8631661   1.31015433  1.34013285]]
[[-1.44412917  1.6159365   2.15716746]
 [ 0.74259262  2.04870495 -2.12740177]]
[[ 1.53765495  2.08262831 -0.86267706]
 [-0.22524661  1.70840698  1.30790731]]
[[ 1.45699301  1.39374642 -1.17586241]
 [ 1.68843984 -1.79356793  1.35720583]]
[[-0.44921138  0.32908231  1.58458024]
 [ 1.61424699  0.26222928  0.45131042]]
[[ 2.1211763   0.87724384  1.19021348]
 [ 0.51180919  1.33896527 -1.82662698]]
[[ 1.66921288  0.86516085 -0.57489325]
 [ 2.12441715 -0.70090614 -0.89505466]]
[[-0.38844198  1.75554118  1.79614563]
 [ 1.35396172  1.85600616 -0.12703398]]
[[-0.073114   -0.22592943  2.21578037]
 [-0.56063378 -0.61395108  1.74404635]]
[[ 0.20841385  2.05237175  1.33048548]
 [ 2.12805954 -1.57007924  0.21187456]]
[[ 0.13343735  1.67925446  1.38356381]
 [ 1.71221997  1.69900669 -2.26727984]]
[[ 0.33425402 -1.33604941  1.91308256]
 [ 2.10409835  1.27390707 -0.25625153]]
[[ 2.43191623  1.24350387 -2.40256246]
 [ 0.60348083 -1.00814237  0.8846105 ]]
[[ 1.86910286 -2.47081578  0.49787769]
 [ 2.28891697 -0.86980408  1.58749734]]
[[ 1.61218493 -2.1290822   0.557704  ]
 [ 1.42228625  0.73380913  1.87366176]]
[[ 1.72697006  1.68184694 -1.79661357]
 [ 1.54135659  0.43318178 -1.99333406]]
[[-2.42772392  0.24810292  1.71814435]
 [ 0.25092917  1.44171447 -0.82283762]]
[[ 1.34716595  0.06425066  0.90217779]
 [-1.17542983  1.86396267  2.24067346]]
[[-2.13209516  1.49284313  2.14679713]
 [ 1.03373547  1.61177108 -0.48705082]]
[[ 0.85494939  0.183617    1.70375751]
 [ 2.25362855  0.57998487 -2.03592399]]
[[ 2.39591271  0.30402221  0.81747369]
 [ 0.2480136  -0.94075905  1.00214336]]
[[0.36487063 0.83058145 0.49998586]
 [0.54998748 0.44875619 0.97276837]]
[[-1.95983209  1.58275808  2.01271029]
 [ 1.05932665 -1.51283078  1.5159588 ]]
[[-0.80103248  0.30910712  2.46023128]
 [-0.13744299  2.24779421 -1.93653905]]
[[ 1.06329193 -2.0811503   0.74215062]
 [-2.11407647  1.41287629  2.34287642]]
[[-0.06482547 -0.32268981  1.88953806]
 [ 2.1371918   0.42454551 -0.85496806]]
[[ 1.83313795 -1.43285398  0.29502521]
 [ 1.8764864   0.90133357  1.00801449]]
[[ 0.53322907  1.9490802   1.92043555]
 [-0.16767363  0.20888606  1.0929149 ]]
[[-1.8761421   1.88055092  0.58450946]
 [ 1.51995667 -0.99769356  2.01030236]]
[[ 2.14916821 -0.58624285  0.8816745 ]
 [ 0.55004821  0.21869867  0.02196885]]
[[ 1.24706436 -1.01718736 -0.12712807]
 [ 1.44645828 -2.13365749  1.51488413]]
[[ 2.19274918  0.28267    -2.17439713]
 [ 2.28336996  1.03471246 -1.07145338]]
[[ 1.42667055  1.1344896  -2.28343035]
 [ 1.1384006   0.88839004 -1.28546318]]
[[ 1.49195897 -0.24929845 -0.48567867]
 [ 0.34367066  1.74389472  2.36746251]]
[[ 0.96631968 -1.02904269  1.64322204]
 [-1.93443222  1.67235341  1.66598055]]
[[ 0.11893073  0.61430197  0.18283028]
 [ 0.14868614  2.27646308 -0.29057619]]
[[-0.92833778  1.64859268  1.92615742]
 [ 1.78495301  0.34844879 -2.20654246]]
[[ 0.50035723 -0.81373657  0.27824049]
 [ 1.32605999  2.28298717 -0.9366151 ]]
[[ 2.21933942  1.83525037 -1.27525318]
 [ 2.18651093 -0.39710966  1.51543271]]
[[ 2.49130541  0.77654104  0.78019248]
 [ 0.65202735  2.03210905 -0.02159459]]
[[ 1.81747302  0.43014244 -1.43629086]
 [-1.04626013  1.54442123 -0.06012225]]
[[1.62958797 0.85886721 1.67779276]
 [1.61427665 2.36297222 0.30642961]]
[[ 1.64955728  2.41623974 -1.07727059]
 [ 1.46474749  1.06325999 -0.50153118]]
[[-1.79099937  2.42143789  1.80320557]
 [ 1.28174671 -0.469589    1.19379604]]
[[-0.00500608 -1.7726591   2.35784726]
 [ 0.62341334  1.39774282 -2.48296838]]
[[-0.83696681 -0.02996889  0.93756394]
 [-0.96611614  1.79498525  1.12462335]]
[[ 0.09928993  1.38891382  0.85505656]
 [ 1.49177944 -1.52302204  0.35760806]]
[[ 2.0653847  -0.4188232   1.16973589]
 [-0.75088872  0.82889707  1.6226107 ]]
[[ 1.07082215  0.57684851 -1.30613597]
 [ 1.9787605   0.77689635  0.16819423]]
[[ 1.83144994 -0.54567085 -0.38531628]
 [ 2.41970912  0.78123191 -0.36749842]]
[[ 0.70889483 -1.68963804  1.11245092]
 [ 1.19932738 -2.32617071  2.03816554]]
[[ 1.920771    0.88733417  1.98539721]
 [-2.07309193  2.38391985  0.82759796]]
[[ 1.45654335  1.25646507 -0.12010217]
 [ 0.43581619 -0.45089365  1.82242935]]
[[-0.7594258   1.24851308  2.3485696 ]
 [-0.24337161  2.3012091   1.78268541]]
[[ 1.17266532  1.07169855  0.19596176]
 [ 2.13027403 -1.76074981  2.24364486]]
[[1.81780746 1.5180195  2.09799537]
 [1.04079314 0.42496645 2.44763412]]
[[-1.45578352  1.55787186  1.97178007]
 [-0.71667229  1.44856697 -0.21662804]]
[[-1.06619534  2.38200528  0.52077967]
 [ 1.17265388  1.18681331 -2.25465988]]
[[ 1.70962531  0.68812956  0.3075313 ]
 [ 0.72743958  2.40068341 -1.9629891 ]]
[[ 0.54075929  1.23160077  0.64038679]
 [-1.43185971  0.98463589  1.72357931]]
[[ 2.16609573  0.48560239 -0.95470205]
 [ 1.83561621 -0.3980436   2.20927354]]
[[ 2.24629006  1.59290873 -1.42167936]
 [ 0.17848083 -0.34665335  0.9900864 ]]
[[-2.2047234   1.26016115  0.55083287]
 [ 2.31667253  1.48869279  0.69257169]]
[[ 2.27404117  2.24579913 -1.33988236]
 [ 0.65633574  0.00891434  1.26009351]]
[[-0.46526735  2.45810922 -0.19173142]
 [ 0.6932586   1.46858382 -1.88144672]]
[[ 1.73194597  1.45396369 -0.70953852]
 [-1.55301163  2.29013511  0.35901822]]
[[ 2.16296591  1.70457362  0.54799262]
 [-0.4151471   1.20871598  1.12371974]]
[[ 2.06024049  2.34580658 -0.95276681]
 [-1.87035528  2.08503378  1.53474931]]
[[-0.76887085  1.8658324  -0.502216  ]
 [ 1.78327493  2.28765099  2.28848103]]
[[ 1.49119101  1.94211942  0.37247185]
 [-0.1326781   1.96742177  0.5848433 ]]
[[ 2.13064984 -0.89711083 -0.45545647]
 [-0.14859691  1.82029444  2.06501569]]
[[ 0.75532893  1.05993704 -1.06332763]
 [ 1.14531065  1.03942979 -0.94388983]]
[[2.23300952 0.12778001 0.86242244]
 [1.02236748 1.75679951 2.04005429]]
