[[ 2.10038941  1.98880643 -0.42430538]
 [ 0.51728521  0.45952972  1.84867223]]
[[ 0.21310359  1.74919225 -0.3381611 ]
 [-0.4968944   0.73748324  1.79588072]]
[[ 2.29026192  1.84649075 -1.3976553 ]
 [-0.04598382  1.73460991 -0.81080321]]
[[-0.63120833  0.88407104  0.47418366]
 [-0.00609015  2.32686856 -1.50464491]]
[[-0.38629068 -1.03889983  1.65962656]
 [ 2.17881294  0.08138317 -1.59142327]]
[[0.60197349 1.56410734 1.72945869]
 [1.91316578 1.96644683 2.46350834]]
[[-1.4367144   0.93292758  1.53555373]
 [-2.25451024  1.88976565  1.55972638]]
[[1.10916205 2.2214819  1.43762442]
 [0.47240164 1.13646575 2.27516124]]
[[ 0.61098794  2.40199288  0.50270738]
 [ 2.44475208 -0.88124044  1.76112028]]
[[ 0.70007543 -2.10707173  1.48738576]
 [-0.2242174   2.1600231   0.90729269]]
[[ 1.70238533  0.7639474  -1.83083506]
 [ 0.27733033  0.28581585  1.38131504]]
[[-0.83032761  0.6841459   0.68428346]
 [ 0.67712729 -1.71658412  2.12997974]]
[[ 2.27304529  0.87902554  1.13075023]
 [ 1.84699131  0.68719311 -2.26013889]]
[[-2.12307648  2.23850526  2.08858264]
 [ 0.05663111  2.09210162  2.34224278]]
[[ 1.43462976  2.44040472 -2.44995076]
 [ 2.27574311  1.64344191 -0.2087784 ]]
[[ 2.26378998 -0.62776033 -0.44556854]
 [ 0.56051125  0.46618578  2.18622321]]
[[-0.69295883  1.39078154  2.26065983]
 [ 0.34374536 -1.09294593  1.87819172]]
[[ 0.01837998  1.27766745  1.01187378]
 [-1.69065441  2.31129521  1.24727118]]
[[ 2.20276387  1.14097535  0.80566881]
 [-0.78041861  1.36138543 -0.27219651]]
[[ 0.22172159  1.22248196  1.21655631]
 [ 1.83350679  1.87300651 -0.7948673 ]]
[[ 1.3561122   2.47090098  0.45528398]
 [ 0.00687774  1.85523772 -1.02198314]]
[[-1.0123381   2.14643654  0.54984977]
 [ 0.62448773  0.78723317 -0.48080535]]
[[ 1.70850681 -1.53140476  1.12780117]
 [ 0.64926019 -0.46525979  1.8072073 ]]
[[ 0.26972943 -1.34573489  2.47020103]
 [-0.2273597   2.36106004  1.73079725]]
[[ 0.84875398 -1.73900998  0.97917083]
 [ 1.27632376  1.46723857  1.45601238]]
[[ 2.42585753  1.28036722  1.24567706]
 [-0.50552353  2.24320268  0.56761677]]
[[-0.87056202  1.90368789  1.06962128]
 [ 0.69851298  1.78793344  0.95023076]]
[[ 1.57102587  0.13662186 -0.72854258]
 [-0.43975725  0.88458419 -0.16335919]]
[[ 0.32552718  1.57621053  1.90749022]
 [ 1.80028851  2.00629039 -0.08657548]]
[[ 2.08763984  1.18564005 -1.97149061]
 [ 0.49299622  1.47175054  0.83508788]]
[[-2.25141895  0.93063779  1.64564441]
 [-0.94485378  0.8582137   1.18088749]]
[[-0.68587222  1.40491641  0.77114368]
 [ 0.58695974 -0.50434449  0.59930009]]
[[ 1.06591689e+00 -1.52175849e+00  1.46616160e+00]
 [ 1.99818582e-05 -1.92765360e-01  2.37193326e+00]]
[[ 1.96470886 -0.85914967  1.46389906]
 [-0.17832558  1.89026102  0.92571858]]
[[ 1.98505364  0.52573792 -1.0631773 ]
 [ 0.9715599  -0.83621935  1.93170078]]
[[-2.44773401  1.52070586  1.11768048]
 [ 0.21549409  0.75495866  1.58278193]]
[[ 1.54773814  0.46752298  2.15277721]
 [-2.21861439  2.19158837  2.25318924]]
[[-0.08930623  0.76492653  1.36700333]
 [ 2.33326115 -0.08643994  1.96092536]]
[[ 2.34235127 -0.77700578  0.78704843]
 [ 1.11840867  1.38905268  2.15934464]]
[[ 0.05235081  2.02951759 -0.40011641]
 [-1.28996562  0.86305682  2.46540525]]
[[ 2.16841499  2.09476861 -2.47392144]
 [ 1.20827932  1.77452682  1.21946391]]
[[-1.0772614   0.52758261  1.84599889]
 [-0.7997753   2.08853613 -0.87284875]]
[[ 1.89760887 -0.36737986 -0.01673077]
 [ 2.37097314  2.20287587  0.24972288]]
[[ 1.55010581  2.42076063  1.98935627]
 [ 1.41719383 -0.3528626   0.28867984]]
[[ 0.33363729  0.52823348  0.58520754]
 [ 2.11863857  0.94057541 -1.60569721]]
[[-0.68694128  2.1454907   0.57572069]
 [ 1.38925451  1.0447228   0.10539647]]
[[ 0.07870398 -0.72588728  2.023826  ]
 [ 1.03274562  0.39044541  0.50530872]]
[[-1.4796389   1.22793179  0.40237303]
 [-2.07230295  2.19796601  2.1565867 ]]
[[ 2.04238525  0.34054022 -0.08162329]
 [ 1.23167293 -0.30825568  2.04294703]]
[[ 1.48066605  0.64575737 -2.11870483]
 [ 0.8074332   0.77737815 -1.02564878]]
[[ 0.69754773 -0.96050443  1.04500676]
 [-1.37226913  0.23277319  1.40871436]]
[[ 0.41137414 -1.49626639  1.62200574]
 [-1.13749657  0.65989986  2.1354389 ]]
[[ 2.06662922 -0.84359767  0.99259837]
 [ 1.64077066  1.46516463 -1.81736942]]
[[ 0.83637547  1.1356668  -0.26336844]
 [ 2.03522261  0.15092337  1.0542375 ]]
[[-0.66448939 -0.22194813  0.98632773]
 [-0.38383802  1.17691237 -0.40426529]]
[[-0.70099801  0.21146723  1.7664226 ]
 [ 1.07145912  0.6283127   0.84572557]]
[[ 0.73165943 -2.12948293  1.74509092]
 [ 2.37879211  2.45348941  1.2041633 ]]
[[ 1.99249669 -0.36965654 -0.5408207 ]
 [-2.13225715  2.46096583  1.25284915]]
[[ 2.06163074 -1.42352369  1.42787386]
 [ 1.9562715  -1.09715686  2.14744024]]
[[ 1.74139179 -1.47096619  2.39414345]
 [ 1.20829352  1.97243243  1.99767212]]
[[-1.74817804  0.99426671  2.34243241]
 [ 0.38263011  0.89947012  0.13351373]]
[[ 0.50944189 -0.0379325   2.14408056]
 [-2.16053045  1.11781788  1.7428445 ]]
[[ 0.80063967  0.62845994  1.83068633]
 [ 2.19013705 -1.09974191  1.80671131]]
[[ 0.44289145 -0.12474734 -0.07524463]
 [-1.70427806  2.03316969  0.17881733]]
[[-0.23599732 -0.40431234  1.81577835]
 [ 0.03095699  0.81218064 -0.7866752 ]]
[[-0.17360167  2.04302327 -0.9672275 ]
 [ 0.18624628  2.15357548  0.48169157]]
[[ 1.76436214  1.35712193  0.15319434]
 [-1.98085906 -0.05610853  2.41738336]]
[[-0.94916324  1.83035086  1.89920119]
 [ 2.42368311 -1.77003071  0.58513018]]
[[ 1.65864558  0.66556793 -2.13855578]
 [-0.60484987  0.66874471  2.0241573 ]]
[[ 2.1271034   1.2629841  -1.29528089]
 [-1.60233578  1.75843591  1.86117837]]
[[-2.49190036  1.32019282  1.32668996]
 [ 0.88037066  0.32619303  0.9646069 ]]
[[-0.93812981  0.34840027  1.08543882]
 [ 0.05536098  2.34608996  2.38954204]]
[[ 1.93337453  1.79073034 -0.61385935]
 [ 1.20575508  1.13475785 -1.49392595]]
[[-0.82253314  1.35427418  0.13403438]
 [ 2.00365437  0.95639153  1.67991062]]
[[ 1.96836743  0.46778181  2.19621568]
 [ 1.98369032  1.19038498 -0.77373436]]
[[ 1.69562775  2.24134355 -1.76690459]
 [-1.65757651  0.53122189  2.20910013]]
[[-0.81477947  2.07212043  0.6553206 ]
 [ 0.40401109 -0.66510652  2.32991282]]
[[ 0.57968028  2.42007794 -2.04345171]
 [ 0.79319971 -1.44394588  2.02281894]]
[[-1.56449034  0.77450982  2.12019298]
 [ 0.0765475  -0.02076883  1.86266452]]
[[ 0.91462982 -0.53884598  1.44002748]
 [ 2.25718367 -0.05195803  0.74799118]]
[[ 1.23921294 -0.03735471  1.41612982]
 [-1.3933819   0.80574454  1.48624365]]
[[-0.80355213  2.25051115  2.222811  ]
 [ 0.19685858  0.85535826 -0.66195901]]
[[-1.00978737  2.1265737   0.3365627 ]
 [ 1.4753779  -1.08408709  2.46018711]]
[[-0.33151199  0.26811899  1.4254463 ]
 [-1.02665579  2.04653763  1.99328258]]
[[ 1.3310973  -0.4429912   0.75651161]
 [ 1.00342681  1.10056265  0.20929533]]
[[-1.40155487  0.94389558  1.8549732 ]
 [ 1.73564467 -1.54339496  1.83336457]]
[[-1.191917    1.20941044  1.46881973]
 [ 1.22876478  2.10603425 -0.69179896]]
[[ 0.50433962  1.1683682   0.06082677]
 [ 0.88379644  1.66601122 -1.06940792]]
[[ 1.4527284  -1.87827457  1.96956575]
 [ 0.30930907 -2.12016428  2.33482807]]
[[ 0.63143009  1.52995804 -1.10002907]
 [-0.37064496  2.29238461  2.34899806]]
[[-0.45138159  2.27637541 -0.46512939]
 [-1.1181371   0.83035051  0.35378246]]
[[ 1.69759818 -0.43612887  0.17877892]
 [-1.64419892  1.46195352  1.01616181]]
[[ 2.36616874  1.69476526 -2.41033722]
 [ 2.28656516  2.28400559 -2.10535927]]
[[ 1.98324795 -0.25780574  0.47368166]
 [ 1.1635264  -1.2842124   1.72718135]]
[[-1.39087513  1.86734661  1.25552127]
 [ 0.92045166  0.62475473  1.23677366]]
[[ 1.12652633 -1.09598194  2.02348319]
 [ 1.91239301  1.30090616 -1.42612718]]
[[ 2.12046708  0.48159976  0.81122321]
 [-1.74432194  1.17182502  2.13013044]]
[[ 0.10299344  0.66812107  1.31931799]
 [ 0.35064683 -2.09191582  2.1979027 ]]
[[-1.41580574  1.01886796  0.63652622]
 [ 1.59595835  0.60657558  2.12497098]]
[[ 0.28332983 -1.96873354  1.61597786]
 [ 0.89813909  0.78307719  1.61213528]]
[[ 1.12688907 -0.07933665  1.91532042]
 [-1.96557534  0.64252046  1.45519317]]
[[-1.42522314  0.76382546  1.67313953]
 [ 0.9475607   1.30920397 -2.38223692]]
[[ 2.06090149e+00  1.65692830e+00  1.10778181e+00]
 [-5.94272936e-04  1.77052048e+00 -4.71520591e-01]]
[[ 1.86858868 -0.00469325  2.42431579]
 [ 1.94916384  2.05380881  1.16734011]]
[[-1.03671754  2.07848189 -0.61378605]
 [ 2.35211828  0.34587235  0.17030874]]
[[-2.10125123  0.30087449  1.6539507 ]
 [-1.1391193   1.08733726  2.32005546]]
[[ 1.3825486  -0.17576077  2.15779469]
 [-2.47674951  2.15252959  0.46205539]]
[[-1.43647218  1.29636744  0.68193452]
 [ 0.8255656   1.72043836 -1.10956731]]
[[ 0.42803328 -0.04396753  0.48365088]
 [ 0.28677504  0.75457438 -0.77003185]]
[[ 0.56372131  1.00441112  2.07625737]
 [ 1.87272581  2.16267583 -1.12494377]]
[[ 0.36419008  2.42836354  1.44446231]
 [ 2.32018662 -1.51280209  0.03159088]]
[[ 1.12216371 -0.48975133  0.0137652 ]
 [ 1.3353645   0.64853545  1.91331933]]
[[ 1.39087123  1.10895956  0.6369005 ]
 [ 2.15944307 -1.49507288  0.1632954 ]]
[[ 1.53315623  0.6125215  -0.87300615]
 [ 1.28189851  0.79040894 -1.12280398]]
[[-2.20656436  0.73811335  1.33260354]
 [ 1.75525697  1.43187913  0.71798505]]
[[ 0.40035071  1.62651943 -1.00507769]
 [ 0.47185003 -1.64189478  1.56162676]]
[[-0.68835905  0.46285355  2.29437229]
 [ 0.0644299   1.32343927 -0.99997064]]
[[ 2.39285914  0.4822754  -1.77380895]
 [-0.82745082  0.79504097  1.33019055]]
[[ 0.48178093  0.83021282  0.7830462 ]
 [ 1.99588746 -0.79531206  2.36105124]]
[[ 2.40593098 -1.30856535  2.0317675 ]
 [-2.06039519  0.77037227  1.50461465]]
[[ 0.95311546  0.18350007  1.75941829]
 [-0.116105    2.25206017 -1.4156651 ]]
[[ 1.83855173 -0.2967821   1.4107437 ]
 [-0.90868681  1.25475501  2.39900215]]
[[ 0.85825622  1.7459426   1.86817148]
 [ 2.42368075  1.29107363 -0.6552258 ]]
[[ 2.25936018  1.96031046  1.52337091]
 [-2.1808707   2.10512831  1.30860209]]
[[-0.59694642  2.31882169 -0.13060978]
 [ 0.40623531  0.60561323 -0.06635749]]
[[ 1.82101264 -0.33542227  1.2242296 ]
 [ 1.86655535 -0.96778133  1.38284103]]
[[ 1.64547277  0.83761745 -0.22320347]
 [ 0.63959613  0.48658753 -0.05833233]]
[[-1.43963678 -0.22511844  2.14473802]
 [ 1.68423932 -0.23078591 -1.12532531]]
[[-0.21744411 -0.38619421  2.34362728]
 [ 0.5886981   1.00005457  0.26978424]]
[[ 1.8954807  -0.06643157  0.99164185]
 [ 1.26261983  0.98823978 -0.70534695]]
[[1.14375537 1.45838918 0.61295968]
 [0.69273542 2.05647155 2.31672721]]
[[ 0.25000797  0.13888165  2.37719222]
 [ 1.44831411  1.50216791 -0.34684441]]
[[ 0.69951528 -0.38170865  1.23461424]
 [ 1.03241201  1.43592299 -1.33299282]]
[[ 0.39467906 -0.97960264  1.14456587]
 [-0.14608589  1.67199557 -0.67576774]]
[[-1.42811955  1.31282401  0.5247257 ]
 [ 1.04478815  2.42862338 -1.74878847]]
[[ 2.14192396  0.26299747  0.10574075]
 [ 2.42545931  0.97693089 -0.24094721]]
[[ 0.59567447  2.4314115  -1.3143512 ]
 [ 0.75666592  0.91914515  2.18128934]]
[[ 1.42698301 -1.81177298  0.32413051]
 [ 0.11554182 -0.5112193   1.3530232 ]]
[[ 0.84848053  2.38657829 -0.34414133]
 [ 1.87107391 -1.68380873  0.76637499]]
[[-0.58110325  2.02695544  1.37859043]
 [ 2.40953465  0.92696987  1.05301184]]
[[-1.24535171  1.92079275  1.9859024 ]
 [ 0.29417873  2.44959541 -1.38238745]]
[[-2.07281052  1.55802006  1.97963663]
 [ 1.5260315   1.27222783 -0.83275154]]
[[ 2.1801904  -1.07940711  1.74591873]
 [-0.16269205 -0.74137196  1.68307977]]
[[-0.08645184  1.29023839  2.2434024 ]
 [-0.25713663  2.25131534  1.07010538]]
[[ 2.45930404  0.70603931 -0.52600125]
 [ 0.62956194 -0.10770104 -0.38879002]]
[[ 1.45406687 -1.98290575  0.32483615]
 [ 1.26539609 -0.72059496  0.65801501]]
[[ 1.31968028 -0.24389652  0.48438971]
 [-1.43773114  1.18015258  1.54153867]]
[[-1.01948957  1.53554844  0.08376439]
 [ 2.35090689  0.28724766  2.11717905]]
[[ 0.12629885  1.45822867 -1.12802108]
 [-2.24963059  2.2380782   1.06450651]]
[[ 0.40893404  1.80429136  2.31587715]
 [-0.13199585  1.44846746 -1.0683723 ]]
[[ 2.00156852  0.16926959  2.26131018]
 [ 0.0561077   1.63534707 -1.71099102]]
[[ 2.35884234  1.27180447  0.27404628]
 [ 2.15053597  1.4887226  -2.34643234]]
[[ 0.18768317  2.07512622 -0.29276983]
 [-1.6489286   1.84850792  0.84778902]]
[[-0.38609556  0.3851286   1.61032769]
 [-0.24911831  0.69739616  1.38733668]]
[[ 0.32186543  0.9265993  -0.42539646]
 [-0.31114682  2.0589126   1.38105954]]
[[ 0.49203078  0.4954907  -0.47515376]
 [ 2.15605666  0.496175   -1.89499734]]
[[-0.22327693  2.21557503  0.58289603]
 [-1.10689011  2.05181069  0.65106445]]
[[ 2.4147395   1.84802258 -1.26655861]
 [-1.98655921  2.39983113  0.5161691 ]]
[[ 1.83329627  2.30660402 -1.33177651]
 [-1.0156657   0.04098416  2.1278663 ]]
[[ 1.88971453  1.90456499  2.22800579]
 [-0.31542572  0.13132427  2.20437692]]
[[-2.47517313  2.24328682  0.58945637]
 [ 1.54410689  2.44486931 -1.32399214]]
[[ 0.83451769  2.10185412  0.52604358]
 [-1.6784338   2.34585415  1.83173113]]
