[[2.48628655 2.45171331 2.49941041]]
[[2.46132773 2.49133157 2.46240159]]
[[2.49131096 2.4811643  2.45225219]]
[[2.49294774 2.47320286 2.48921046]]
[[2.42909507 2.48853598 2.49911372]]
[[2.45272194 2.48811338 2.48700699]]
[[2.44932392 2.47790564 2.49996592]]
[[2.49101042 2.47672662 2.47107479]]
[[2.49089475 2.49381392 2.4280438 ]]
[[2.43617514 2.49336082 2.49393938]]
[[2.49142784 2.45969088 2.49195697]]
[[2.47122056 2.48310763 2.4918139 ]]
[[2.49045326 2.47468863 2.49571065]]
[[2.47703246 2.49416277 2.48678833]]
[[2.49434263 2.48846667 2.49804535]]
[[2.47446744 2.4920153  2.46433598]]
[[2.47115385 2.48994187 2.4851805 ]]
[[2.47306401 2.49826036 2.45117558]]
[[2.4793334  2.47263544 2.49267099]]
[[2.49039205 2.46849269 2.47225943]]
[[2.49912216 2.45940825 2.47697291]]
[[2.48271691 2.43879416 2.49232101]]
[[2.49624802 2.49303136 2.48726385]]
[[2.45494974 2.47151989 2.49478794]]
[[2.4956992  2.49557224 2.46703074]]
[[2.49755303 2.43633335 2.48980147]]
[[2.46512081 2.47539409 2.49053754]]
[[2.47380947 2.4982381  2.4965856 ]]
[[2.49588624 2.49168611 2.43965404]]
[[2.48928721 2.45102306 2.4936453 ]]
[[2.49575434 2.48928053 2.4440792 ]]
[[2.49126182 2.46127052 2.48074734]]
[[2.45062388 2.4963532  2.46809015]]
[[2.48907029 2.49452049 2.44080508]]
[[2.47335974 2.49624865 2.45036082]]
[[2.49822473 2.45282026 2.48386827]]
[[2.49231142 2.49012855 2.44431224]]
[[2.44690917 2.48403633 2.4949368 ]]
[[2.49979046 2.4680727  2.47229808]]
[[2.48833477 2.46527257 2.49880633]]
[[2.49691126 2.44082502 2.48747809]]
[[2.46807039 2.49666362 2.46509647]]
[[2.48205791 2.46948636 2.47305127]]
[[2.48337889 2.49965917 2.47591316]]
[[2.49371996 2.47715794 2.44109054]]
[[2.48865933 2.48914599 2.48016787]]
[[2.49883476 2.46338296 2.48819379]]
[[2.45647956 2.49269711 2.4847828 ]]
[[2.49009191 2.49008528 2.48957621]]
[[2.4750019  2.49707613 2.4672895 ]]
[[2.47539918 2.45791731 2.48190657]]
[[2.49150919 2.463574   2.48883978]]
[[2.48711407 2.42823255 2.49582399]]
[[2.49405166 2.47150901 2.45980728]]
[[2.46800151 2.48563778 2.46351829]]
[[2.49771001 2.47946746 2.45871456]]
[[2.48636724 2.45141242 2.4970833 ]]
[[2.46463161 2.48938926 2.48580159]]
[[2.47062515 2.44113545 2.49930559]]
[[2.44406203 2.49374608 2.49592158]]
[[2.48705187 2.4947912  2.43849848]]
[[2.49113126 2.44301332 2.48979838]]
[[2.47704203 2.4992457  2.48247267]]
[[2.4567074  2.46453158 2.49037833]]
[[2.48819919 2.49394735 2.48388001]]
[[2.49117602 2.46308286 2.47960082]]
[[2.48182503 2.48207109 2.46790178]]
[[2.49167143 2.47791672 2.45179273]]
[[2.46888805 2.47210246 2.49643931]]
[[2.48319252 2.47079452 2.49378715]]
[[2.48476951 2.48282708 2.47199865]]
[[2.49687798 2.47791745 2.48750125]]
[[2.48298438 2.47071195 2.49667596]]
[[2.4863281  2.42780593 2.49707748]]
[[2.49065448 2.45297502 2.47408869]]
[[2.47240133 2.48497193 2.46805182]]
[[2.49880686 2.44998673 2.49738461]]
[[2.49712084 2.48098701 2.47226686]]
[[2.46368421 2.47535335 2.48502128]]
[[2.48112346 2.44729461 2.48766006]]
[[2.49948877 2.46736478 2.48070007]]
[[2.44325244 2.49860629 2.47494662]]
[[2.46393301 2.464883   2.49426037]]
[[2.49668252 2.49854882 2.45921619]]
[[2.48167926 2.47600998 2.45461432]]
[[2.4736933  2.48257439 2.45506584]]
[[2.44708245 2.49976838 2.46818516]]
[[2.45763249 2.4976332  2.49452067]]
[[2.44137805 2.49109605 2.48342965]]
[[2.49661276 2.45694007 2.48255212]]
[[2.46967514 2.47744665 2.49939818]]
[[2.46454511 2.49702073 2.49092436]]
[[2.4840976  2.49671439 2.48283783]]
[[2.49832649 2.47311166 2.48229082]]
[[2.49847926 2.4477051  2.49038636]]
[[2.43406249 2.48937477 2.49473849]]
[[2.49738253 2.48494484 2.49477481]]
[[2.48050093 2.47930896 2.46729919]]
[[2.49662968 2.46848261 2.4473138 ]]
[[2.45770238 2.4678091  2.49405662]]
[[2.43385028 2.4841939  2.4931687 ]]
[[2.47580229 2.47132246 2.47235079]]
[[2.49241291 2.44223976 2.49287252]]
[[2.49601639 2.48011992 2.47740676]]
[[2.48300317 2.48523482 2.47182223]]
[[2.44434391 2.48301708 2.48939249]]
[[2.48577866 2.42865185 2.49873093]]
[[2.46503342 2.49723353 2.45814825]]
[[2.44495265 2.49472271 2.48910571]]
[[2.47118023 2.48968631 2.49810688]]
[[2.46593561 2.49562246 2.49320236]]
[[2.44981716 2.47587263 2.49941613]]
[[2.49762658 2.47432881 2.48774612]]
[[2.49817171 2.48365331 2.43182102]]
[[2.47861853 2.47613769 2.49675153]]
[[2.49983509 2.49664722 2.4234795 ]]
[[2.48012395 2.49341553 2.43748604]]
[[2.46631728 2.49560928 2.45611406]]
[[2.48038637 2.4697471  2.49179482]]
[[2.49695291 2.4585547  2.49064075]]
[[2.49290751 2.46608304 2.45908171]]
[[2.48251872 2.49351606 2.49620285]]
[[2.45231388 2.49493205 2.47817192]]
[[2.47020265 2.46754547 2.49314795]]
[[2.49520145 2.4760432  2.48748063]]
[[2.4910514  2.48679637 2.47928768]]
[[2.47755428 2.48650593 2.45683518]]
[[2.48435663 2.47372459 2.48712104]]
[[2.48624095 2.4649744  2.49549369]]
[[2.49096217 2.47903638 2.46092737]]
[[2.49452172 2.46567569 2.47485193]]
[[2.46955334 2.47104076 2.47247802]]
[[2.47783254 2.49447314 2.49560475]]
[[2.47542206 2.48441867 2.47570316]]
[[2.499615   2.45279729 2.47728487]]
[[2.49249111 2.47923247 2.44755031]]
[[2.49870336 2.49008784 2.45714436]]
[[2.49505428 2.42627103 2.49169523]]
[[2.49011568 2.44555622 2.48325368]]
[[2.46932566 2.47659287 2.48853186]]
[[2.47400062 2.49924931 2.49986954]]
[[2.49897759 2.47641325 2.49430291]]
[[2.47007142 2.48415294 2.46031237]]
[[2.49568288 2.49611967 2.48682962]]
[[2.48582624 2.48220069 2.45006083]]
[[2.47850049 2.497553   2.47911888]]
[[2.49457196 2.47969023 2.48551788]]
[[2.49855331 2.45885454 2.45370973]]
[[2.48838748 2.45799849 2.47925972]]
[[2.4918637  2.46072703 2.48151711]]
[[2.49589385 2.4354312  2.49652051]]
[[2.49053074 2.4715654  2.49571456]]
[[2.46498394 2.49052244 2.49305836]]
[[2.48687991 2.47856242 2.46956957]]
[[2.49385278 2.46447585 2.49823665]]
