[[0.97664214 0.99470347 0.98223886 0.99497939]]
[[0.97604507 0.98703141 0.99615349 0.99490155]]
[[0.97620557 0.99701511 0.98950851 0.99787697]]
[[0.97660539 0.98972818 0.99056367 0.99271611]]
[[0.97623012 0.99614212 0.9914868  0.99716035]]
[[0.97610306 0.98689713 0.99380393 0.99591369]]
[[0.9762207  0.98719239 0.99384335 0.99501559]]
[[0.97669146 0.99683605 0.99108725 0.99832649]]
[[0.97615656 0.99472071 0.97933017 0.99392244]]
[[0.97686745 0.98885109 0.99429072 0.9947008 ]]
[[0.97652329 0.99001811 0.99184986 0.99292057]]
[[0.97605214 0.9981972  0.98610835 0.99828156]]
[[0.97604638 0.994138   0.99629271 0.99821877]]
[[0.97601711 0.98683472 0.99025772 0.99198959]]
[[0.97661877 0.99117118 0.98893242 0.99462641]]
[[0.97612064 0.99315962 0.99770392 0.9987469 ]]
[[0.97610187 0.98889781 0.99722046 0.99757435]]
[[0.97637786 0.97682583 0.98863345 0.98767399]]
[[0.97632129 0.97622082 0.99840115 0.99845451]]
[[0.97602083 0.98633283 0.97677681 0.9882967 ]]
[[0.97605841 0.99098189 0.9950767  0.99751624]]
[[0.97605905 0.98838857 0.9845589  0.99212777]]
[[0.97611034 0.98849991 0.98859377 0.99493485]]
[[0.97624399 0.99861844 0.98011732 0.99709926]]
[[0.97625255 0.98999529 0.99261437 0.99328698]]
[[0.97613118 0.99098571 0.9805993  0.9923924 ]]
[[0.97602469 0.9945112  0.99258583 0.99782072]]
[[0.97621811 0.99753627 0.99243677 0.99886288]]
[[0.97634227 0.99463146 0.9858463  0.99392726]]
[[0.97613909 0.98002893 0.98219994 0.98499908]]
[[0.97604536 0.98711828 0.99638172 0.9943217 ]]
[[0.97639671 0.99470157 0.98799107 0.99556021]]
[[0.97645606 0.9935637  0.99245024 0.99648284]]
[[0.97617776 0.9873118  0.98550234 0.98343656]]
[[0.9761465  0.99446114 0.99117617 0.99665588]]
[[0.9764873  0.99204232 0.98713818 0.99484571]]
[[0.97657849 0.99270653 0.9906126  0.99563864]]
[[0.97643391 0.99425604 0.98880356 0.99420527]]
[[0.97646714 0.98448384 0.98965658 0.99122373]]
[[0.9765513  0.9831367  0.99444388 0.99683172]]
[[0.97612866 0.99315737 0.99147137 0.99431731]]
[[0.97635096 0.99657127 0.99012432 0.99713341]]
[[0.97605012 0.98839308 0.97971038 0.98959745]]
[[0.97621402 0.98956425 0.99707317 0.99561731]]
[[0.97613533 0.97627542 0.98176365 0.98680124]]
[[0.97678494 0.9983788  0.98742247 0.99841001]]
[[0.97662792 0.99786561 0.98923116 0.99811629]]
[[0.97623539 0.996144   0.98932399 0.99409089]]
[[0.97610411 0.9906162  0.99746704 0.99681169]]
[[0.97617934 0.98967695 0.99397372 0.99683871]]
[[0.97606926 0.98566227 0.99277898 0.99372593]]
[[0.97620444 0.99474258 0.98427608 0.99680202]]
[[0.97617312 0.99045298 0.98332818 0.99552268]]
[[0.97652872 0.98560726 0.99761338 0.99623778]]
[[0.97600131 0.99775648 0.98886262 0.99817315]]
[[0.97624508 0.9958565  0.9924856  0.99730225]]
[[0.97605243 0.99296795 0.98409569 0.99157407]]
[[0.97604432 0.98445744 0.98768964 0.9862681 ]]
[[0.97641517 0.98996295 0.98139729 0.99055201]]
[[0.97602425 0.99127384 0.99474576 0.99710481]]
[[0.976241   0.99317622 0.99577248 0.9983075 ]]
[[0.97600216 0.99176674 0.99635531 0.99720998]]
[[0.976052   0.9809328  0.98885786 0.9781135 ]]
[[0.97616853 0.99351026 0.99787127 0.99807336]]
[[0.97640532 0.9859255  0.99284447 0.99558087]]
[[0.97613095 0.98562775 0.99698349 0.99697547]]
[[0.97612328 0.98398705 0.99143741 0.98876809]]
[[0.97649011 0.9942818  0.99324115 0.99726589]]
[[0.97602346 0.98808097 0.98974064 0.99117325]]
[[0.97674129 0.99337343 0.9888742  0.99669285]]
[[0.97632688 0.97955944 0.99718146 0.99559029]]
[[0.97679173 0.97758252 0.99141853 0.98595628]]
[[0.97637274 0.99490099 0.99471679 0.9981565 ]]
[[0.97660445 0.98015303 0.98953306 0.98303249]]
[[0.97621652 0.98195749 0.99602688 0.99705301]]
[[0.97634711 0.98831484 0.99547934 0.99488901]]
[[0.97617259 0.99467016 0.98370502 0.99611971]]
[[0.97670274 0.98263921 0.9881924  0.9853923 ]]
[[0.97612875 0.99352368 0.9797901  0.99119815]]
[[0.97617612 0.99701915 0.98025494 0.99412631]]
[[0.97618631 0.97859132 0.98927486 0.99030606]]
[[0.97639017 0.98451916 0.97600894 0.98386394]]
[[0.97631355 0.99308271 0.99340879 0.99722662]]
[[0.97616756 0.99213894 0.98883236 0.99366484]]
[[0.97615845 0.98426892 0.99435736 0.99397279]]
[[0.9762262  0.98002242 0.99557996 0.99503268]]
[[0.97676571 0.9926842  0.99149024 0.9968482 ]]
[[0.97603418 0.98657386 0.98971163 0.98802609]]
[[0.97656313 0.97634721 0.98889702 0.98967239]]
[[0.97600852 0.98899616 0.97750772 0.97855254]]
[[0.97641432 0.98855418 0.9878886  0.99522377]]
[[0.97648609 0.9967944  0.98267594 0.99499582]]
[[0.97628137 0.9874363  0.99726266 0.99765765]]
[[0.97632273 0.99254586 0.98336641 0.99388266]]
[[0.97626167 0.98517751 0.99228215 0.99392741]]
[[0.97625937 0.98678063 0.97706603 0.9881347 ]]
[[0.97620513 0.99093402 0.97972577 0.98876193]]
[[0.97609867 0.98466591 0.98362687 0.98954175]]
[[0.97620571 0.99704052 0.98287336 0.99817889]]
[[0.97604868 0.98848628 0.98917108 0.99071041]]
[[0.97605694 0.99032078 0.98611599 0.99270231]]
[[0.97609334 0.97815051 0.99289138 0.99311654]]
[[0.97600088 0.99239783 0.9760746  0.99306864]]
[[0.97604585 0.99468732 0.9928658  0.99710094]]
[[0.97601918 0.99342386 0.99658046 0.99830294]]
[[0.97649701 0.98015527 0.98400314 0.98707292]]
[[0.97625047 0.99686892 0.99725892 0.99903865]]
[[0.97607801 0.99168513 0.99315012 0.99448259]]
[[0.97620273 0.99176066 0.99138113 0.99571645]]
[[0.97615792 0.97773805 0.97920862 0.97745192]]
[[0.97602844 0.99084585 0.97698582 0.99077466]]
[[0.97671524 0.98096377 0.99363292 0.99423317]]
[[0.97615884 0.98990592 0.99373577 0.99689415]]
[[0.97621779 0.99459891 0.98129646 0.99287209]]
[[0.9761092  0.99317769 0.98284566 0.99020743]]
[[0.97625594 0.98682495 0.98036963 0.98980958]]
[[0.97615371 0.98609364 0.9977331  0.99715541]]
[[0.97616817 0.99009017 0.99391304 0.99742518]]
[[0.97619196 0.99581027 0.99321909 0.99604186]]
[[0.97643743 0.9922257  0.9939762  0.99603149]]
[[0.97615924 0.99635168 0.99828206 0.99904855]]
[[0.97628496 0.98084353 0.99104658 0.99140363]]
[[0.97644078 0.98252721 0.9886452  0.98354867]]
[[0.97609052 0.98564209 0.9942771  0.99343534]]
[[0.97633737 0.9878439  0.99401318 0.99469696]]
[[0.97632311 0.99534954 0.98839635 0.99651113]]
[[0.9760134  0.98470052 0.99171914 0.99437029]]
[[0.97624081 0.99733603 0.97726367 0.99619238]]
[[0.9762766  0.9918881  0.99333565 0.99694058]]
[[0.97629539 0.9817784  0.98751635 0.98347124]]
[[0.97622285 0.98457359 0.99278288 0.99182707]]
[[0.97635713 0.99163278 0.9972528  0.99857918]]
[[0.97606801 0.98954477 0.99427458 0.99543525]]
[[0.97618983 0.99866133 0.9795959  0.99830312]]
[[0.97633076 0.99276303 0.99651524 0.99795591]]
[[0.97640541 0.99585009 0.98034934 0.9975947 ]]
[[0.97601696 0.98780235 0.98454282 0.99051219]]
[[0.97609739 0.99779701 0.99495248 0.9989633 ]]
