[[2.47473726 2.49139553 2.48678815]]
[[2.47889282 2.49471328 2.4955985 ]]
[[2.46537674 2.49125898 2.49921149]]
[[2.49354032 2.49141561 2.47952465]]
[[2.49079269 2.46525213 2.49899522]]
[[2.48064123 2.45223109 2.48777487]]
[[2.48662243 2.45159238 2.49032312]]
[[2.43735174 2.49364146 2.48119064]]
[[2.44809069 2.49311467 2.4698789 ]]
[[2.46445035 2.49824545 2.46333629]]
[[2.49500299 2.48644918 2.47420105]]
[[2.49067203 2.49394546 2.47361964]]
[[2.47038046 2.4614277  2.49325925]]
[[2.4897987  2.45690315 2.48991254]]
[[2.43983805 2.49163661 2.4960571 ]]
[[2.48216713 2.48944952 2.45494315]]
[[2.46891066 2.49496275 2.46674785]]
[[2.49129141 2.48485472 2.49872052]]
[[2.49868206 2.47587965 2.47282475]]
[[2.46429771 2.48609154 2.48866545]]
[[2.49760262 2.48721084 2.48342873]]
[[2.49293855 2.49653927 2.43748914]]
[[2.48214626 2.46721403 2.4683673 ]]
[[2.47515749 2.46300309 2.47268171]]
[[2.49848122 2.46778737 2.45945182]]
[[2.49465758 2.49381932 2.43608165]]
[[2.49870431 2.45762144 2.45494561]]
[[2.49618804 2.47681711 2.48491768]]
[[2.44105486 2.48348426 2.4921894 ]]
[[2.4829326  2.46396354 2.4926337 ]]
[[2.46473713 2.48404251 2.47688907]]
[[2.49695789 2.44438582 2.49552951]]
[[2.47963505 2.47448224 2.4775445 ]]
[[2.44812578 2.47402067 2.49188629]]
[[2.49271928 2.48496744 2.48285896]]
[[2.48429503 2.46430067 2.47456297]]
[[2.47612168 2.47592345 2.47865334]]
[[2.48706573 2.49896184 2.43595891]]
[[2.49264427 2.46407209 2.4734289 ]]
[[2.49350218 2.49987645 2.48288946]]
[[2.48666494 2.45704513 2.46876181]]
[[2.44521358 2.47854604 2.48878516]]
[[2.4588529  2.47497353 2.48655335]]
[[2.4281267  2.49316114 2.49076157]]
[[2.498877   2.47621306 2.48880304]]
[[2.48274372 2.46813029 2.4653171 ]]
[[2.45713272 2.49984508 2.47345093]]
[[2.49064467 2.47113722 2.48209752]]
[[2.46174218 2.4989649  2.48336864]]
[[2.48522803 2.49091    2.43746707]]
[[2.45995622 2.48104171 2.47849625]]
[[2.48210129 2.49564076 2.47229932]]
[[2.46453739 2.49772774 2.47764274]]
[[2.48475401 2.45592379 2.47547328]]
[[2.48669211 2.48596696 2.45014204]]
[[2.45271616 2.4633143  2.49942493]]
[[2.48905866 2.48087486 2.46852747]]
[[2.46618019 2.46301294 2.48746409]]
[[2.49977553 2.48341381 2.4402927 ]]
[[2.48531075 2.47685841 2.48502878]]
[[2.45848681 2.49561388 2.48736453]]
[[2.4910632  2.47390353 2.44952154]]
[[2.46943869 2.4910268  2.45256142]]
[[2.48579685 2.48675087 2.46623325]]
[[2.47096479 2.49078612 2.49057014]]
[[2.47513687 2.4401395  2.49976916]]
[[2.45968572 2.49627549 2.47176457]]
[[2.45789667 2.48071351 2.49807091]]
[[2.49737598 2.4714942  2.49972416]]
[[2.46542509 2.47585023 2.49500497]]
[[2.47007191 2.49791777 2.48822683]]
[[2.48399642 2.49778377 2.45888896]]
[[2.49080386 2.44509807 2.49101739]]
[[2.45659333 2.48906543 2.46798888]]
[[2.49722032 2.47240345 2.45120431]]
[[2.4816815  2.44735437 2.48379828]]
[[2.49729758 2.46491502 2.47647603]]
[[2.45626561 2.49523824 2.46322807]]
[[2.49166107 2.49459459 2.48661549]]
[[2.49535752 2.47243298 2.49613714]]
[[2.47045626 2.49604129 2.49688469]]
[[2.45945085 2.47956419 2.49439572]]
[[2.4806817  2.47813006 2.46359901]]
[[2.45031571 2.49699884 2.4991509 ]]
[[2.49141293 2.47568206 2.4941583 ]]
[[2.48859453 2.48378436 2.49184982]]
[[2.48370931 2.48359732 2.45899223]]
[[2.45948246 2.48291651 2.4982977 ]]
[[2.48727034 2.47107247 2.45287147]]
[[2.4823263  2.45676197 2.48376315]]
[[2.48963543 2.47408236 2.461831  ]]
[[2.45785248 2.48800874 2.48250608]]
[[2.49245239 2.49005492 2.47454693]]
[[2.43747508 2.49446003 2.49573757]]
[[2.49153736 2.49706782 2.4429379 ]]
[[2.4922832  2.47655214 2.44866642]]
[[2.49049262 2.46892901 2.46671946]]
[[2.49788136 2.44067225 2.49041642]]
[[2.48130127 2.45397512 2.49662187]]
[[2.46587732 2.47246928 2.48501844]]
[[2.47199394 2.46567906 2.49507252]]
[[2.48094704 2.4572314  2.47525546]]
[[2.45640036 2.49677963 2.49069541]]
[[2.44903841 2.49873142 2.49464029]]
[[2.46735678 2.49436476 2.4943701 ]]
[[2.48694175 2.46460471 2.48699942]]
[[2.44030461 2.48430674 2.49273384]]
[[2.4722653  2.49786874 2.44461193]]
[[2.45973158 2.48415109 2.47181547]]
[[2.46852136 2.49264281 2.46793276]]
[[2.43972725 2.47980479 2.49438937]]
[[2.48730473 2.48519375 2.48618163]]
[[2.49389639 2.4883924  2.4691139 ]]
[[2.49056814 2.49753782 2.43158626]]
[[2.45145407 2.49800231 2.46520189]]
[[2.48821475 2.46652562 2.46050409]]
[[2.49441681 2.49889963 2.43503976]]
[[2.46192108 2.4893844  2.47572472]]
[[2.45621481 2.47062383 2.48618686]]
[[2.49848537 2.48250334 2.48933253]]
[[2.4926611  2.48497855 2.45643584]]
[[2.49989869 2.43090218 2.49754012]]
[[2.44583702 2.49691468 2.49860531]]
[[2.48988822 2.48478198 2.45761188]]
[[2.49197633 2.43391078 2.49158463]]
[[2.45236462 2.48686582 2.49119127]]
[[2.47531767 2.48595008 2.49025198]]
[[2.48110652 2.49990239 2.49770999]]
[[2.48367996 2.45954126 2.49734437]]
[[2.47710407 2.45759595 2.48915593]]
[[2.47793006 2.49490358 2.48659207]]
[[2.48057658 2.49650425 2.47443699]]
[[2.49583427 2.48230301 2.48866053]]
[[2.48340406 2.46284341 2.47395996]]
[[2.49525022 2.48292914 2.49385731]]
[[2.45979963 2.48732803 2.4925943 ]]
[[2.48066662 2.49114772 2.46705011]]
[[2.48887297 2.44304395 2.49110489]]
[[2.47400067 2.46044233 2.48091542]]
[[2.44877603 2.48252711 2.48306985]]
[[2.45368867 2.49859379 2.47749795]]
[[2.47892543 2.48912885 2.49608156]]
[[2.49508321 2.48993042 2.44411906]]
[[2.46380188 2.4781037  2.4846863 ]]
[[2.47263722 2.47323152 2.46500294]]
[[2.48943266 2.45959393 2.49476497]]
[[2.49150672 2.48732027 2.49779117]]
[[2.4851265  2.47006014 2.49674337]]
[[2.44705471 2.4770186  2.49054908]]
[[2.49802182 2.49409643 2.45717169]]
[[2.47955765 2.49106881 2.4413252 ]]
[[2.48995839 2.45610247 2.46768211]]
