[[0.97648821 0.99875596 0.97684549 0.99808315]]
[[0.97667441 0.99490912 0.99257544 0.9979943 ]]
[[0.97652177 0.9768702  0.98829259 0.98990457]]
[[0.97662054 0.99374729 0.99680718 0.99862115]]
[[0.97651252 0.98007593 0.99609568 0.99472181]]
[[0.97611486 0.98313777 0.99265469 0.99334035]]
[[0.97620667 0.9861206  0.99269962 0.99446249]]
[[0.976016   0.98583845 0.99050864 0.99193389]]
[[0.97600312 0.9901783  0.99337622 0.99357893]]
[[0.97617755 0.98140592 0.99623707 0.99710816]]
[[0.97651955 0.98669048 0.99798635 0.99814231]]
[[0.97654916 0.99494023 0.98762829 0.99690705]]
[[0.97616633 0.99684671 0.97906765 0.99429749]]
[[0.97630029 0.9764363  0.99481095 0.99302909]]
[[0.97619498 0.99360759 0.98495695 0.99148936]]
[[0.97618368 0.983234   0.99852627 0.99870432]]
[[0.97623085 0.98170521 0.9915877  0.99082456]]
[[0.97673882 0.99101028 0.99447905 0.99682697]]
[[0.97642459 0.99707797 0.99309699 0.99812879]]
[[0.9763285  0.98251331 0.99320996 0.9921861 ]]
[[0.97666344 0.99809943 0.99704206 0.99916845]]
[[0.97618842 0.97682385 0.98752709 0.9849105 ]]
[[0.9760808  0.98880971 0.9947769  0.99712195]]
[[0.97600029 0.99704169 0.98802235 0.99737944]]
[[0.97617392 0.98886732 0.98763006 0.98951181]]
[[0.97616041 0.98571279 0.97972921 0.98225917]]
[[0.97600531 0.98350955 0.98155113 0.98214867]]
[[0.97654556 0.99691653 0.99392029 0.99849488]]
[[0.97606913 0.98995439 0.99073368 0.99563667]]
[[0.97633399 0.98071733 0.99786531 0.99742582]]
[[0.97617332 0.97654053 0.99015016 0.98733448]]
[[0.97630328 0.99785098 0.98505108 0.99824527]]
[[0.97624292 0.99839582 0.99146986 0.99832567]]
[[0.97603763 0.99266511 0.99126193 0.99572617]]
[[0.97657557 0.9958736  0.98707196 0.99679306]]
[[0.97614412 0.97867924 0.98921064 0.99245426]]
[[0.97623175 0.9842287  0.99414904 0.99561151]]
[[0.97613046 0.9915178  0.99016328 0.9959421 ]]
[[0.97622533 0.97642079 0.99386374 0.99277005]]
[[0.97675473 0.99282286 0.99831333 0.9989943 ]]
[[0.97601937 0.98750624 0.98083965 0.99069408]]
[[0.97602022 0.99467527 0.99040621 0.99738618]]
[[0.97611174 0.99533627 0.98168973 0.99292932]]
[[0.97601442 0.99644018 0.98963184 0.99682903]]
[[0.97661383 0.99146164 0.99159893 0.9944342 ]]
[[0.97606286 0.98825047 0.99297913 0.99606461]]
[[0.97622862 0.99178983 0.99417511 0.99632822]]
[[0.97638419 0.99200815 0.99557478 0.99697397]]
[[0.97638645 0.99471656 0.98055968 0.99500547]]
[[0.97603263 0.99034181 0.99400347 0.99653039]]
[[0.97610141 0.98974247 0.9799592  0.99105742]]
[[0.97645513 0.99450551 0.9804888  0.99502048]]
[[0.97633836 0.98904287 0.99006469 0.99511382]]
[[0.97606239 0.99738261 0.99670564 0.99891443]]
[[0.97613995 0.98830575 0.98680639 0.99448479]]
[[0.97605426 0.9864729  0.99097747 0.9921299 ]]
[[0.97632164 0.99183429 0.99201054 0.99547185]]
[[0.9760683  0.99821433 0.98074595 0.99819289]]
[[0.97614788 0.99288693 0.99091652 0.99405383]]
[[0.97642242 0.98826223 0.99771106 0.9974711 ]]
[[0.97635634 0.98966851 0.99795253 0.9982924 ]]
[[0.97604295 0.99183813 0.99458642 0.99766174]]
[[0.97602586 0.99534418 0.99414047 0.99794609]]
[[0.97632534 0.99781269 0.98588831 0.99846032]]
[[0.97648132 0.97924947 0.99316191 0.99028089]]
[[0.97604947 0.98330588 0.9933678  0.99177327]]
[[0.97619723 0.98715722 0.99060856 0.99011011]]
[[0.97630106 0.99495172 0.98839788 0.99743753]]
[[0.97666746 0.9810036  0.98934327 0.98965688]]
[[0.97629642 0.99742305 0.98002972 0.9972283 ]]
[[0.97652601 0.98861963 0.99000155 0.98923637]]
[[0.97634715 0.99016631 0.98026306 0.98838619]]
[[0.97618786 0.98291507 0.97792136 0.98433727]]
[[0.97603312 0.98837944 0.98261266 0.9900047 ]]
[[0.97611696 0.99736274 0.99648818 0.99897379]]
[[0.97602361 0.99210788 0.99340532 0.99423236]]
[[0.97632427 0.99259748 0.98773354 0.99255998]]
[[0.9760458  0.99664235 0.99072648 0.99760032]]
[[0.97671614 0.98946036 0.98002484 0.98979484]]
[[0.97661423 0.99526902 0.9961241  0.99882045]]
[[0.976608   0.99852676 0.98520999 0.99871227]]
[[0.97626319 0.99139943 0.99258107 0.99759091]]
[[0.97613541 0.99231944 0.99716747 0.99747113]]
[[0.97641399 0.98178247 0.99483    0.99279562]]
[[0.97658367 0.99491427 0.980886   0.99184829]]
[[0.97661766 0.98407956 0.98917532 0.99184424]]
[[0.97618065 0.99713781 0.98944462 0.99418443]]
[[0.97634747 0.98368884 0.9778552  0.98289315]]
[[0.97600465 0.99062379 0.97706293 0.99063257]]
[[0.97614054 0.98287005 0.99857849 0.99653601]]
[[0.97617193 0.97668006 0.99758872 0.99652862]]
[[0.97620469 0.981695   0.98485765 0.98922594]]
[[0.97653561 0.97915712 0.98590377 0.9866681 ]]
[[0.97619662 0.98394873 0.98033915 0.98542027]]
[[0.97624154 0.98719132 0.9861606  0.99196603]]
[[0.97607816 0.99558933 0.98894711 0.99697654]]
[[0.97617882 0.99791132 0.97927696 0.99587838]]
[[0.97621169 0.98158415 0.98891931 0.99113469]]
[[0.97624566 0.97639346 0.99211867 0.99163722]]
[[0.97614652 0.987797   0.99486735 0.99665718]]
[[0.97625548 0.98187692 0.99593896 0.99399076]]
[[0.97603062 0.98359714 0.98165501 0.98931636]]
[[0.97638414 0.99824756 0.99126492 0.99832796]]
[[0.97636724 0.9978274  0.97655722 0.99442261]]
[[0.97652458 0.98566351 0.99131149 0.99373306]]
[[0.97632262 0.9927021  0.9907009  0.99682837]]
[[0.97607633 0.99100847 0.97803546 0.99037664]]
[[0.97604597 0.99757327 0.99291581 0.99805479]]
[[0.9760571  0.98430849 0.9924532  0.99424911]]
[[0.97621316 0.98670225 0.9930425  0.99278883]]
[[0.97603633 0.98172918 0.98815497 0.98566658]]
[[0.97655423 0.98821336 0.97669044 0.9869882 ]]
[[0.97647077 0.99010099 0.97844762 0.99067623]]
[[0.97610372 0.99772403 0.99658219 0.99912045]]
[[0.97604494 0.98160054 0.98677093 0.98221058]]
[[0.97605179 0.99229716 0.99210822 0.9970187 ]]
[[0.97620456 0.99183045 0.97834703 0.98724452]]
[[0.97618915 0.99084298 0.98623174 0.9908735 ]]
[[0.97602585 0.9829887  0.98725287 0.9911749 ]]
[[0.97668713 0.99481    0.97774966 0.99211185]]
[[0.97627089 0.98455303 0.99124268 0.99537162]]
[[0.97620438 0.99407287 0.98985328 0.9948865 ]]
[[0.97635509 0.97729311 0.99542296 0.99683843]]
[[0.97625011 0.98966373 0.98550841 0.98610518]]
[[0.97607781 0.98994445 0.9819742  0.98997515]]
[[0.97622854 0.97718543 0.99294369 0.98982703]]
[[0.97647211 0.99670449 0.9768686  0.99470765]]
[[0.97678254 0.98068806 0.98087608 0.98464168]]
[[0.97634595 0.97942434 0.99689197 0.99782219]]
[[0.97615223 0.99697813 0.98239573 0.99703952]]
[[0.97656276 0.97916652 0.99100602 0.98736188]]
[[0.97647209 0.99824625 0.98964749 0.99881795]]
[[0.97664698 0.99034479 0.97864864 0.9920299 ]]
[[0.97610973 0.99839084 0.99491842 0.99900078]]
[[0.97670665 0.98609403 0.97928798 0.98948668]]
[[0.97633621 0.99825692 0.98854387 0.99821385]]
[[0.9763263  0.99491568 0.99510034 0.99863671]]
[[0.97614252 0.98434102 0.97711032 0.97737049]]
[[0.97605313 0.99432649 0.99624886 0.99797577]]
[[0.97604161 0.99373895 0.99214896 0.99517227]]
[[0.97622109 0.99059207 0.98258833 0.99524666]]
[[0.9766166  0.98235388 0.99619753 0.99715806]]
[[0.97621357 0.99413393 0.98811919 0.99292332]]
[[0.97618406 0.98633014 0.99453777 0.99672467]]
[[0.97600063 0.97641212 0.99433987 0.99306129]]
[[0.97638318 0.99287293 0.98639467 0.99341293]]
[[0.97675871 0.98067465 0.97839604 0.98348854]]
[[0.97647683 0.99282177 0.98038535 0.9889615 ]]
[[0.97604452 0.98185036 0.98118862 0.98999956]]
[[0.97644649 0.98737861 0.98779493 0.99504468]]
[[0.97601328 0.97714228 0.99177262 0.98403035]]
[[0.97603424 0.97604593 0.98633246 0.99020931]]
