[[0.97618346 0.99161689 0.99850471 0.9989895 ]]
[[0.97601922 0.99715663 0.99789228 0.99917934]]
[[0.97618085 0.98421488 0.9927263  0.99188824]]
[[0.97681404 0.97650064 0.99398871 0.99117412]]
[[0.97631726 0.98411696 0.98165961 0.98386981]]
[[0.97601391 0.98382918 0.9907292  0.98876208]]
[[0.9765921  0.99603525 0.99022052 0.99644826]]
[[0.97624666 0.98821107 0.98572085 0.97820252]]
[[0.97653405 0.99733724 0.99554416 0.99885733]]
[[0.97604468 0.99843295 0.98557814 0.99835322]]
[[0.97660911 0.98100615 0.99640635 0.99743807]]
[[0.97614181 0.99646335 0.99852304 0.99921332]]
[[0.97651783 0.99094301 0.98762244 0.9915    ]]
[[0.97666507 0.99163158 0.99448991 0.99739157]]
[[0.97618752 0.98708733 0.98060932 0.97999205]]
[[0.97675134 0.97904764 0.99248741 0.99269185]]
[[0.97625327 0.98963402 0.98228707 0.98964978]]
[[0.97653762 0.99848933 0.99047972 0.99864723]]
[[0.97620121 0.98332183 0.99616666 0.99604962]]
[[0.97600367 0.97680912 0.99762043 0.9971174 ]]
[[0.97630672 0.99004351 0.99067234 0.99484999]]
[[0.9766369  0.98282576 0.99525248 0.99234559]]
[[0.97603627 0.9931906  0.98556447 0.99262365]]
[[0.97621296 0.97811208 0.98583549 0.98826518]]
[[0.97616745 0.97955461 0.99057645 0.989338  ]]
[[0.9761267  0.97818276 0.99632677 0.99202439]]
[[0.97637573 0.99190303 0.98748128 0.99548661]]
[[0.97617241 0.99576355 0.98996099 0.99644069]]
[[0.97656686 0.99473174 0.98953113 0.99571532]]
[[0.97613791 0.98673995 0.98534597 0.98292023]]
[[0.9762962  0.99408024 0.99169022 0.99572436]]
[[0.97622034 0.98430876 0.99592732 0.99471589]]
[[0.97653653 0.98223231 0.98771848 0.98935921]]
[[0.97628849 0.99493739 0.98989867 0.99715959]]
[[0.97606251 0.99364388 0.97795066 0.99195533]]
[[0.97611968 0.99431609 0.98127318 0.99588683]]
[[0.97609463 0.99596493 0.98792858 0.99507606]]
[[0.9762742  0.9965988  0.99037015 0.99746328]]
[[0.97623216 0.9983859  0.97823651 0.9960859 ]]
[[0.97617476 0.98993362 0.98600874 0.99235476]]
[[0.97625563 0.9880469  0.99631979 0.99703366]]
[[0.97640996 0.98405215 0.99486035 0.99629294]]
[[0.97634386 0.98405365 0.99840189 0.99871725]]
[[0.97615384 0.99023829 0.98456009 0.99413501]]
[[0.97605169 0.99719678 0.98578162 0.99810663]]
[[0.97621465 0.97919601 0.98336592 0.98625471]]
[[0.97604271 0.98403597 0.99386442 0.99412979]]
[[0.97616129 0.98694237 0.98907976 0.9919963 ]]
[[0.97636541 0.98655528 0.9964002  0.99715256]]
[[0.97624857 0.99170242 0.99242921 0.99593155]]
[[0.97656484 0.98812912 0.99621111 0.99752649]]
[[0.9765234  0.98380204 0.98204516 0.98624412]]
[[0.97600201 0.99688984 0.98763294 0.99683568]]
[[0.97665688 0.99729849 0.99717389 0.99907703]]
[[0.9762175  0.99626755 0.97825053 0.99558011]]
[[0.97604542 0.9968597  0.98049097 0.9973884 ]]
[[0.97628138 0.98981197 0.98024033 0.99187326]]
[[0.97602902 0.99412898 0.99456211 0.99860575]]
[[0.97614851 0.9861738  0.98610977 0.99088932]]
[[0.97633199 0.98124504 0.97738808 0.98347077]]
[[0.9762784  0.98474327 0.97936603 0.98056094]]
[[0.97625919 0.98931667 0.98503968 0.98733027]]
[[0.97637815 0.99864463 0.98534394 0.99753104]]
[[0.97610277 0.9861795  0.99722715 0.99490174]]
[[0.97611236 0.98629844 0.99210626 0.99419299]]
[[0.97666018 0.99731626 0.99015292 0.99784897]]
[[0.97607919 0.99303965 0.99476189 0.99752309]]
[[0.976135   0.99195812 0.99779582 0.99797383]]
[[0.97641609 0.99400723 0.98676644 0.99271333]]
[[0.97623917 0.99128198 0.98914789 0.99462339]]
[[0.97608316 0.9909564  0.99096835 0.99264617]]
[[0.97656616 0.98168616 0.99083681 0.99169334]]
[[0.97617681 0.9863012  0.99767744 0.9980447 ]]
[[0.97656899 0.99132256 0.98080146 0.99396719]]
[[0.97644454 0.98798952 0.99032019 0.99556681]]
[[0.97652919 0.99626067 0.99421399 0.99787844]]
[[0.97612659 0.99618    0.9969348  0.99819428]]
[[0.97648982 0.98093958 0.99166373 0.98627315]]
[[0.97634264 0.97938457 0.98241256 0.98568366]]
[[0.97644326 0.99767523 0.98920555 0.9975931 ]]
[[0.97625815 0.9791416  0.9860936  0.98563632]]
[[0.97619006 0.996789   0.98015843 0.9947874 ]]
[[0.97625505 0.9849511  0.99263722 0.99683186]]
[[0.9766144  0.98583907 0.98626535 0.99073925]]
[[0.97603508 0.99769623 0.9762167  0.99587697]]
[[0.97669541 0.99031298 0.97887719 0.99111033]]
[[0.976154   0.98416163 0.99870045 0.99877084]]
[[0.97614224 0.99018455 0.99243075 0.99342636]]
[[0.97662732 0.97709419 0.98206377 0.98253739]]
[[0.97653476 0.99645195 0.98814352 0.99654969]]
[[0.9765307  0.99256419 0.9956381  0.99554511]]
[[0.97624402 0.98613827 0.98887679 0.99134212]]
[[0.97603063 0.98728729 0.99265999 0.99567002]]
[[0.97600219 0.99245353 0.9956851  0.99785607]]
[[0.97604588 0.98689806 0.98667439 0.9888005 ]]
[[0.97611712 0.99191405 0.99684604 0.99844114]]
[[0.97622052 0.9876452  0.98718755 0.9898655 ]]
[[0.97607069 0.99021416 0.98974103 0.99422224]]
[[0.97619216 0.99787769 0.97897377 0.99561286]]
[[0.97620605 0.97919266 0.9906253  0.98112317]]
[[0.97640599 0.98122691 0.989422   0.99347207]]
[[0.97652317 0.98557917 0.98844236 0.98512569]]
[[0.97606788 0.97861059 0.99706816 0.99664442]]
[[0.97610194 0.98237977 0.99182186 0.99003435]]
[[0.97601443 0.99851355 0.9939361  0.99903372]]
[[0.97604384 0.98536636 0.99828491 0.99852   ]]
[[0.97611647 0.98232314 0.99212141 0.99482496]]
[[0.97623106 0.98235692 0.99657544 0.995978  ]]
[[0.97602296 0.98689941 0.99120203 0.99264377]]
[[0.97605054 0.99172397 0.98535839 0.9940279 ]]
[[0.97601551 0.98010308 0.9839057  0.9883538 ]]
[[0.97633541 0.99561687 0.99110925 0.99788863]]
[[0.97614943 0.99342388 0.98168532 0.99203501]]
[[0.97668259 0.99494639 0.98604287 0.99469727]]
[[0.97609007 0.98269286 0.98919961 0.99173857]]
[[0.97609102 0.99666737 0.99389358 0.99693737]]
[[0.97637469 0.98567721 0.99795557 0.99703151]]
[[0.97606025 0.99168625 0.99232585 0.99570654]]
[[0.97638256 0.99072788 0.98261873 0.98832934]]
[[0.97627548 0.98838802 0.99728354 0.99789521]]
[[0.9761608  0.99139062 0.99515313 0.9955643 ]]
[[0.97625665 0.99844192 0.98181293 0.99775376]]
[[0.97601119 0.9899543  0.98646534 0.99398807]]
[[0.97610145 0.98602842 0.98130103 0.98667173]]
[[0.97609685 0.98505689 0.99522514 0.9953437 ]]
[[0.97665461 0.97657496 0.99082536 0.98818659]]
[[0.97630056 0.98411028 0.98527331 0.99129078]]
[[0.97618065 0.9813501  0.99118942 0.99347121]]
[[0.97629106 0.99048921 0.9882307  0.99235694]]
[[0.97608087 0.99463824 0.98456018 0.99214223]]
[[0.97635504 0.98268554 0.98946322 0.99250267]]
[[0.97634392 0.99836178 0.99041945 0.99893722]]
[[0.97642309 0.99053009 0.98644129 0.99539427]]
[[0.97617358 0.99129468 0.99818676 0.99775366]]
[[0.97662397 0.98024013 0.99428037 0.99473906]]
[[0.97613121 0.99556882 0.98812513 0.9978933 ]]
[[0.97612866 0.9836584  0.99462194 0.99671765]]
[[0.97651607 0.98116206 0.98081436 0.98430538]]
[[0.97610642 0.99515888 0.99855619 0.99911275]]
[[0.97643603 0.99553721 0.99381121 0.99839683]]
[[0.97630484 0.98762875 0.99497236 0.99441872]]
[[0.97605594 0.99660726 0.97787835 0.99653631]]
[[0.97628858 0.98174058 0.99572163 0.99569024]]
[[0.97615556 0.98535926 0.98555008 0.98985327]]
[[0.97632175 0.98843915 0.99320868 0.99463194]]
[[0.97653095 0.99514272 0.99340069 0.99503287]]
[[0.97651392 0.98416268 0.99335344 0.99240035]]
[[0.9761407  0.98628883 0.98493718 0.98251573]]
[[0.9760664  0.99402673 0.99751766 0.99852388]]
[[0.97600308 0.99000673 0.9839708  0.98486788]]
[[0.97644483 0.99624251 0.99242543 0.99734529]]
[[0.97635155 0.97630034 0.98664044 0.9856283 ]]
[[0.97639216 0.97627388 0.98680565 0.98698962]]
[[0.9762508  0.98714504 0.99781775 0.99773054]]
[[0.97602834 0.98405064 0.98584476 0.98037361]]
[[0.97615581 0.99197397 0.9982556  0.99867713]]
[[0.97609913 0.98571643 0.98793879 0.99341468]]
[[0.97604489 0.98594666 0.97970384 0.98327964]]
[[0.97666092 0.9912914  0.99423711 0.99517434]]
[[0.97606619 0.99777421 0.98083752 0.99775312]]
[[0.9763432  0.98030052 0.99089561 0.98473338]]
[[0.97639295 0.99000593 0.9795313  0.98686765]]
