[[0.97636523 0.98972755 0.9824112  0.99323146]]
[[0.97624507 0.99501009 0.99676596 0.99861886]]
[[0.97603052 0.97693317 0.98693706 0.98931353]]
[[0.97610005 0.98937774 0.98684582 0.99432569]]
[[0.97607476 0.99762007 0.99786681 0.99913589]]
[[0.97650827 0.9919065  0.98957854 0.99321416]]
[[0.97602863 0.98558185 0.99071317 0.99287944]]
[[0.97609785 0.98953613 0.99076143 0.99566268]]
[[0.97613151 0.99140897 0.98616272 0.99232186]]
[[0.97627468 0.9917028  0.98896355 0.99640331]]
[[0.97623637 0.99860323 0.99023057 0.99894348]]
[[0.97616038 0.99245794 0.98910327 0.99399539]]
[[0.97660763 0.98296753 0.99785668 0.99830272]]
[[0.97638197 0.99749587 0.97659897 0.99745032]]
[[0.97630937 0.99161991 0.98750846 0.99552114]]
[[0.97608869 0.99441983 0.98516162 0.99278638]]
[[0.97634629 0.99246733 0.9783833  0.99351548]]
[[0.97656737 0.99455495 0.97688238 0.98698477]]
[[0.97609227 0.99601662 0.99765137 0.99880076]]
[[0.9764241  0.98755955 0.99253247 0.99279695]]
[[0.97602995 0.9912696  0.99348751 0.99500815]]
[[0.97627427 0.9932838  0.99233468 0.9973718 ]]
[[0.97617799 0.98576776 0.99518147 0.9964767 ]]
[[0.97655665 0.97633816 0.9895046  0.9860378 ]]
[[0.97625921 0.99360654 0.99118839 0.99503776]]
[[0.97600671 0.99513774 0.99138372 0.99767532]]
[[0.97630638 0.99518138 0.98666975 0.99622943]]
[[0.97621355 0.99391399 0.98782645 0.9961951 ]]
[[0.97608    0.98297864 0.98424106 0.99109415]]
[[0.97601294 0.99825122 0.99475658 0.99897496]]
[[0.97622281 0.9813899  0.99681027 0.99704252]]
[[0.97650035 0.99357441 0.99378355 0.99586097]]
[[0.97603722 0.98258052 0.98040217 0.98324895]]
[[0.97629888 0.98366363 0.98801574 0.99082187]]
[[0.97610094 0.99315065 0.98866459 0.99691172]]
[[0.97606894 0.98436906 0.98327436 0.98064443]]
[[0.97612808 0.98937879 0.99826097 0.99811652]]
[[0.97610947 0.9913011  0.98858865 0.99301496]]
[[0.97637678 0.9885153  0.98554047 0.99448017]]
[[0.97629921 0.99808416 0.98446462 0.99765525]]
[[0.97609122 0.99013151 0.98982143 0.99328952]]
[[0.97624243 0.98388398 0.98689709 0.98544322]]
[[0.97663671 0.97777615 0.9958291  0.99609054]]
[[0.97648252 0.98917817 0.99794045 0.99708905]]
[[0.97608554 0.99636142 0.99334928 0.99875327]]
[[0.9766336  0.99165584 0.98841396 0.99408185]]
[[0.97608181 0.99705258 0.97890003 0.99433226]]
[[0.97615021 0.99153619 0.99049576 0.99289976]]
[[0.97616201 0.99661067 0.9956394  0.99843858]]
[[0.97629027 0.99302211 0.99194853 0.99610987]]
[[0.97623295 0.98974785 0.98295502 0.99130864]]
[[0.97616171 0.9901246  0.98766312 0.99608557]]
[[0.97623989 0.98402442 0.99248292 0.99000181]]
[[0.97606851 0.97971596 0.98567646 0.98884858]]
[[0.97623146 0.99658325 0.99168988 0.9971154 ]]
[[0.97645797 0.99081281 0.99171396 0.99703295]]
[[0.97606881 0.98298634 0.99692308 0.99762826]]
[[0.9761664  0.99627889 0.98944637 0.99748027]]
[[0.97607138 0.99331439 0.97915099 0.99575617]]
[[0.97646368 0.97935538 0.97884496 0.9814417 ]]
[[0.97611538 0.98508575 0.99703298 0.99525119]]
[[0.97636923 0.99609688 0.99581471 0.99803518]]
[[0.9766805  0.99645886 0.98536058 0.99631864]]
[[0.97627611 0.99771674 0.99450073 0.99891221]]
[[0.9761383  0.99335209 0.98211314 0.99435752]]
[[0.97605502 0.99235545 0.99548262 0.99791774]]
[[0.97624168 0.99670771 0.9804825  0.99652604]]
[[0.9760595  0.98099835 0.98182772 0.98559154]]
[[0.97610881 0.99118792 0.98164244 0.99235968]]
[[0.97630024 0.99745242 0.98242107 0.99751279]]
[[0.97638786 0.99771212 0.99713479 0.99901609]]
[[0.97622994 0.9828502  0.98364501 0.98760776]]
[[0.97628206 0.99434309 0.99562556 0.99706263]]
[[0.97633151 0.98248488 0.99138252 0.99121208]]
[[0.97601616 0.98293707 0.99627983 0.9943572 ]]
[[0.97660435 0.97758417 0.99246415 0.99193671]]
[[0.97606652 0.99518243 0.99168462 0.99642451]]
[[0.97619361 0.98998131 0.99216114 0.99306789]]
[[0.97627136 0.98710445 0.99251783 0.99257586]]
[[0.97614067 0.98985023 0.99654475 0.99788481]]
[[0.97614066 0.99521878 0.993209   0.99776601]]
[[0.97600023 0.9956988  0.99519873 0.99766253]]
[[0.97646347 0.98809769 0.98861915 0.98702893]]
[[0.97610211 0.98331509 0.99313563 0.98904529]]
[[0.97649691 0.99195566 0.9971739  0.99829152]]
[[0.97634263 0.98894229 0.99081356 0.9970798 ]]
[[0.97667635 0.9943959  0.99821849 0.9989784 ]]
[[0.97619111 0.97731004 0.98915288 0.98847412]]
[[0.97606579 0.99603327 0.9914247  0.99747095]]
[[0.97618228 0.97913592 0.98907844 0.99040137]]
[[0.97651167 0.99785454 0.99818072 0.99918676]]
[[0.97618314 0.99288785 0.99060626 0.99455963]]
[[0.97640394 0.99318385 0.9938239  0.99661639]]
[[0.97606831 0.98827528 0.9917153  0.99590726]]
[[0.97606549 0.97847863 0.98824723 0.98679822]]
[[0.97635519 0.98985539 0.98496153 0.98480273]]
[[0.97607827 0.99520289 0.99821189 0.99906517]]
[[0.97617384 0.98280864 0.9899661  0.9907174 ]]
[[0.97646746 0.98689902 0.99838854 0.99836007]]
[[0.97604653 0.98501746 0.98924888 0.99116782]]
[[0.97654843 0.99387013 0.99363576 0.9974935 ]]
[[0.97645945 0.9886821  0.97636521 0.98118294]]
[[0.97624344 0.99001515 0.99404753 0.99694953]]
[[0.97631998 0.99744791 0.98489013 0.99712319]]
[[0.97601258 0.99322306 0.98565113 0.9939057 ]]
[[0.97621206 0.99343543 0.99431142 0.99824698]]
[[0.97620042 0.99798743 0.99257357 0.99822712]]
[[0.97660968 0.98954323 0.99695549 0.99502108]]
[[0.97604946 0.9866226  0.99693372 0.99757506]]
[[0.97615494 0.98499335 0.98761042 0.99218875]]
[[0.97617739 0.98822989 0.98598973 0.98923774]]
[[0.97640525 0.99135162 0.98698731 0.99332344]]
[[0.97636261 0.99333738 0.97952526 0.9912257 ]]
[[0.9762466  0.99804053 0.98913355 0.99670618]]
[[0.97608777 0.97787123 0.99388282 0.99506746]]
[[0.97604107 0.98642229 0.98807899 0.99113924]]
[[0.97631122 0.9774046  0.98485512 0.99160672]]
[[0.97646717 0.99852163 0.97734012 0.99850656]]
[[0.97619767 0.98968264 0.98679154 0.99190601]]
[[0.97603512 0.98232814 0.9841909  0.99139776]]
[[0.97615009 0.9831472  0.98766252 0.99264522]]
[[0.97610643 0.99406113 0.98998249 0.99334884]]
[[0.9767414  0.99037904 0.9869754  0.99444266]]
[[0.97614331 0.99222817 0.98303247 0.98812803]]
[[0.97608327 0.99005169 0.97691258 0.98809067]]
[[0.97628765 0.99118174 0.98766754 0.99591894]]
[[0.97635236 0.99045809 0.99190495 0.99300194]]
[[0.97644971 0.98567846 0.98677493 0.99005788]]
[[0.97616427 0.99278857 0.99194193 0.99493727]]
[[0.97663088 0.99646792 0.98784892 0.99457883]]
[[0.9763717  0.99582979 0.99289682 0.99839847]]
[[0.97614349 0.9889832  0.99837777 0.99858708]]
[[0.97623763 0.98558398 0.99202803 0.99375907]]
[[0.97610524 0.99159862 0.99078246 0.99470618]]
[[0.97650017 0.98973464 0.99016072 0.99598434]]
[[0.97619242 0.99084349 0.98970719 0.99633891]]
[[0.97678571 0.9873287  0.98535045 0.99173179]]
[[0.97611482 0.98742542 0.99422467 0.99696463]]
[[0.97614363 0.99444364 0.98229198 0.99414439]]
[[0.97651683 0.9972976  0.99338187 0.99729832]]
[[0.97600769 0.99768544 0.98160522 0.99739029]]
[[0.97603456 0.98902313 0.99194815 0.99332159]]
[[0.97677925 0.99462631 0.99674279 0.99832902]]
[[0.97606303 0.98957558 0.98693773 0.99587418]]
[[0.97603848 0.98365915 0.9968879  0.99774161]]
[[0.97603157 0.99769769 0.9893762  0.9981484 ]]
[[0.97626474 0.9776491  0.99043616 0.98973893]]
[[0.97601352 0.98570758 0.99342672 0.99645347]]
[[0.97612688 0.99145327 0.9848393  0.99404709]]
[[0.97613439 0.99733166 0.97999976 0.99752176]]
[[0.97632786 0.98699199 0.99119485 0.99583371]]
[[0.97606766 0.98942147 0.99320031 0.9960636 ]]
[[0.97641212 0.99199025 0.97958322 0.99087273]]
[[0.97618215 0.98093359 0.99166145 0.99552986]]
[[0.97645971 0.99463458 0.98149837 0.99158274]]
[[0.9762983  0.99399118 0.98166313 0.99317315]]
[[0.9761734  0.99498927 0.99074097 0.99641814]]
[[0.97632975 0.98595408 0.99456605 0.99321519]]
