[[2.47384493 2.47985838 2.47625236]]
[[2.47485211 2.49389726 2.445616  ]]
[[2.48346688 2.47940856 2.47463065]]
[[2.49085758 2.46885947 2.46146562]]
[[2.4305248  2.49549968 2.49666414]]
[[2.48495673 2.48252993 2.46700423]]
[[2.48221757 2.43733341 2.49669759]]
[[2.49194528 2.46286003 2.47499272]]
[[2.42836862 2.49735242 2.49278479]]
[[2.49998826 2.4594414  2.45908194]]
[[2.49857092 2.48621674 2.49163643]]
[[2.46857787 2.46041129 2.48790079]]
[[2.49159465 2.49513666 2.46052937]]
[[2.49656475 2.4536889  2.48540894]]
[[2.48180839 2.47350582 2.49777792]]
[[2.46641781 2.49307031 2.45323176]]
[[2.48579461 2.48442466 2.44147352]]
[[2.49625016 2.46691497 2.465958  ]]
[[2.49309037 2.47474907 2.4438229 ]]
[[2.49494805 2.47129647 2.48091775]]
[[2.46088222 2.49507359 2.45808932]]
[[2.46123172 2.49503628 2.49303803]]
[[2.49967692 2.48351686 2.4478502 ]]
[[2.47666938 2.49527258 2.46002382]]
[[2.48184212 2.48889136 2.44289701]]
[[2.47075274 2.45961348 2.48204063]]
[[2.49911692 2.49968751 2.49315948]]
[[2.48581095 2.49311156 2.44797095]]
[[2.45289259 2.49575482 2.47437632]]
[[2.49700208 2.45431245 2.49285321]]
[[2.48180364 2.49859516 2.44653331]]
[[2.4456152  2.4846595  2.48763351]]
[[2.46666542 2.48822887 2.48896505]]
[[2.49010288 2.49457139 2.46946237]]
[[2.4738758  2.49454815 2.48527578]]
[[2.46955031 2.49557442 2.44587493]]
[[2.49224221 2.4836885  2.4478913 ]]
[[2.48294656 2.48146823 2.45287845]]
[[2.49014256 2.48191563 2.48779543]]
[[2.48246634 2.48315345 2.44852118]]
[[2.49763713 2.49258556 2.44769776]]
[[2.48237131 2.49440728 2.44704419]]
[[2.49493961 2.47475948 2.48175509]]
[[2.49158254 2.46260437 2.49142469]]
[[2.42645852 2.48711704 2.49841664]]
[[2.4752279  2.49828241 2.45859171]]
[[2.49416329 2.44782401 2.47231161]]
[[2.4764075  2.48474858 2.47186202]]
[[2.49553027 2.49327954 2.47529301]]
[[2.49517483 2.49282933 2.46042924]]
[[2.48873026 2.48192686 2.47287128]]
[[2.48723598 2.44056511 2.49621101]]
[[2.47767375 2.49706717 2.43895018]]
[[2.46457471 2.48263853 2.48100415]]
[[2.49584548 2.47204832 2.47469486]]
[[2.48187328 2.49910337 2.46352314]]
[[2.46616076 2.49166234 2.45965551]]
[[2.49952729 2.49808357 2.43086873]]
[[2.4807042  2.48140019 2.44962934]]
[[2.47967846 2.46407506 2.46929513]]
[[2.47603372 2.49417868 2.47707912]]
[[2.48208379 2.48643842 2.47423443]]
[[2.46327425 2.48629552 2.4635145 ]]
[[2.4729924  2.49666381 2.45833672]]
[[2.46804537 2.47151728 2.49745613]]
[[2.49589991 2.48881757 2.49739489]]
[[2.47457192 2.47722455 2.47911969]]
[[2.48781805 2.47936027 2.45677861]]
[[2.48257242 2.48103288 2.46049022]]
[[2.49930569 2.44136247 2.49994437]]
[[2.48988014 2.43491126 2.49033784]]
[[2.47807931 2.4954928  2.46077427]]
[[2.46227352 2.48412563 2.49230389]]
[[2.49338314 2.45383452 2.49343028]]
[[2.48375222 2.49756116 2.48008598]]
[[2.48847265 2.45095436 2.47810754]]
[[2.44160627 2.4982353  2.47294373]]
[[2.49176568 2.48561142 2.47706955]]
[[2.45658499 2.49228902 2.4726605 ]]
[[2.47860761 2.46268432 2.47065896]]
[[2.49208207 2.43283559 2.49321219]]
[[2.4719234  2.47366293 2.47464382]]
[[2.49945042 2.48797088 2.47151501]]
[[2.49266249 2.49467317 2.43921304]]
[[2.46295837 2.49013595 2.47068961]]
[[2.44800951 2.48878251 2.4767293 ]]
[[2.46042524 2.49016782 2.46947224]]
[[2.49100869 2.47071178 2.48012217]]
[[2.48341825 2.47755276 2.47292938]]
[[2.4321411  2.48823101 2.49921753]]
[[2.48082297 2.4644842  2.47917112]]
[[2.48031736 2.49140558 2.44659267]]
[[2.49104871 2.45952721 2.46144086]]
[[2.48278145 2.49530812 2.47900199]]
[[2.45169087 2.49811746 2.48125152]]
[[2.49853021 2.43014292 2.48608322]]
[[2.48395629 2.47885693 2.49221234]]
[[2.49370975 2.48811653 2.46575121]]
[[2.49292843 2.49611189 2.43777222]]
[[2.46591702 2.48602375 2.46207617]]
[[2.49400607 2.48641708 2.49100797]]
[[2.48226429 2.47834798 2.45420354]]
[[2.47540128 2.46589156 2.47878951]]
[[2.46607761 2.46967498 2.48959758]]
[[2.47380495 2.48804675 2.49923701]]
[[2.48518499 2.48706857 2.47498614]]
[[2.49687239 2.43724596 2.47921847]]
[[2.4965775  2.45715478 2.49968938]]
[[2.4970821  2.42334291 2.49643761]]
[[2.49727239 2.46117527 2.49328519]]
[[2.47237385 2.48460232 2.45911839]]
[[2.47999372 2.48456287 2.44643693]]
[[2.48541565 2.48520923 2.47161254]]
[[2.45048781 2.49539501 2.49693384]]
[[2.49232994 2.49182564 2.4645321 ]]
[[2.48850436 2.47065574 2.48785735]]
[[2.48114423 2.44684269 2.49665296]]
[[2.49998841 2.49866706 2.42789227]]
[[2.48014047 2.49091769 2.45279774]]
[[2.49136253 2.46543846 2.47838462]]
[[2.4878703  2.49308059 2.43175862]]
[[2.47444305 2.46358311 2.48420686]]
[[2.44841692 2.4990359  2.46489969]]
[[2.49740009 2.43019167 2.4953842 ]]
[[2.48353187 2.4775972  2.45551109]]
[[2.48987583 2.46412698 2.46269635]]
[[2.49727198 2.49736922 2.44499139]]
[[2.47557583 2.46480619 2.49234014]]
[[2.49840895 2.45719601 2.49368566]]
[[2.49347671 2.47169851 2.45538365]]
[[2.49712302 2.49456993 2.43829044]]
[[2.49028079 2.46931887 2.49441163]]
[[2.45973663 2.49364519 2.49290418]]
[[2.44409169 2.48659107 2.48983208]]
[[2.49380353 2.48545115 2.49030859]]
[[2.48366964 2.48652534 2.46978648]]
[[2.48916904 2.451537   2.49219054]]
[[2.47355136 2.49925205 2.47869261]]
[[2.49646071 2.48743345 2.48557002]]
[[2.49536991 2.46134436 2.48583269]]
[[2.47919577 2.49363079 2.4564628 ]]
[[2.48188651 2.47903054 2.47856005]]
[[2.48489875 2.43903312 2.49120549]]
[[2.46271677 2.49005284 2.49935956]]
[[2.47907264 2.46638948 2.47031902]]
[[2.47860655 2.48102266 2.48792094]]
[[2.45845153 2.48311975 2.47405824]]
[[2.48746832 2.46912359 2.46724081]]
[[2.44730518 2.48846146 2.48147273]]
[[2.47928042 2.49626682 2.43762657]]
[[2.49660241 2.47076804 2.48911548]]
[[2.4675426  2.4783812  2.48986904]]
[[2.48944115 2.47969514 2.44767912]]
[[2.49878091 2.42569327 2.4995541 ]]
[[2.48751884 2.44378859 2.48190667]]
[[2.46601704 2.49668146 2.4658559 ]]
[[2.48179988 2.48957302 2.44001612]]
[[2.44622423 2.47902694 2.4998195 ]]
[[2.45724699 2.49427812 2.46582877]]
[[2.4962292  2.48891225 2.45690287]]
[[2.492241   2.45649397 2.47683865]]
[[2.47955175 2.47536216 2.4888062 ]]
