[[-0.6194517   0.40038254  0.72365132]
 [ 1.80235639 -0.33375809  0.25195277]]
[[2.3883117  0.91419085 0.7619484 ]
 [0.93140709 1.23582306 0.59678995]]
[[-0.7029738   2.10677124  0.11499459]
 [ 0.11924783 -1.41228605  1.33783816]]
[[-0.50896117  1.11765523  0.47857347]
 [ 1.0836225  -0.00913107  0.35618245]]
[[1.64389904 1.72965042 1.38247397]
 [1.63654466 2.02852206 0.95488019]]
[[-1.24430922  1.78557195  1.08470852]
 [-1.49275764  1.52958289  2.4895998 ]]
[[ 1.29787492 -1.38747609  2.16106484]
 [-1.06541767  1.35654585  0.67019404]]
[[ 0.37112447  1.69152743 -0.19340503]
 [ 2.08759896 -1.54435395  1.23519125]]
[[ 0.04796158  1.87625323 -0.66717255]
 [-0.3542069   1.26301901  0.99039343]]
[[-0.74886734  0.37993085  2.22772468]
 [ 0.89908407  1.6694472  -0.50128878]]
[[0.2790924  0.88868312 0.3590199 ]
 [2.00181649 2.36722171 1.80482112]]
[[-0.26847692  0.16386169  1.74414923]
 [ 2.00299769 -1.29055234  2.00469422]]
[[ 2.18160921  1.33647134  1.25827821]
 [-0.44441221  0.45523331  0.52325915]]
[[-1.10208715  0.87568583  0.2052211 ]
 [ 2.47094947  1.89366863  0.49381495]]
[[ 0.43424516  1.82273806 -0.88103365]
 [ 2.41993422 -0.9986029   1.02460755]]
[[ 2.19130991 -1.11091491  0.20561382]
 [ 2.12097989 -0.26840316  1.21147523]]
[[ 0.31284237 -1.57920233  1.31062728]
 [-0.43831347  2.33670003  0.69316094]]
[[-2.289507    1.82338373  0.2089277 ]
 [ 0.72057514  2.01932686  0.14830543]]
[[1.97538147 1.76378743 0.91656425]
 [1.22807286 1.88134534 0.36580013]]
[[-0.88570747  1.42958112  1.93016377]
 [-1.70155492  2.23839134  0.88330465]]
[[ 0.75098273  1.16600297  0.36791707]
 [ 2.32290892 -2.25442871  2.36667943]]
[[ 1.82228207 -1.16348196  1.83904753]
 [-1.02534487  2.1779302   1.78362694]]
[[ 0.3764289   1.36681288  1.15798348]
 [ 1.4508453  -1.13036393  0.67489637]]
[[-0.34005917  1.2054578   0.59408117]
 [-2.01069011  1.63032938  0.17586559]]
[[ 0.37303373 -0.38561905  2.31853508]
 [ 0.36040738  0.303032    1.92243929]]
[[-2.12883648  2.15782938  2.36100195]
 [ 2.46676429  1.21437453 -0.14932527]]
[[-0.37554257  2.19830065 -0.28823074]
 [ 1.5258378   0.9876347   0.41318967]]
[[ 0.62549735 -0.755549    1.4110868 ]
 [ 2.19825571  0.90083834 -0.21202013]]
[[ 2.21431504 -0.73034938 -0.22690484]
 [-0.76121215  0.65335054  0.69114727]]
[[0.81157154 0.19961259 2.01776277]
 [1.43751543 1.98317141 2.00475428]]
[[ 1.74416547  0.21449654  2.38539606]
 [ 1.25898669  0.52666062 -1.44292645]]
[[ 1.21986577 -0.64550469  2.46664466]
 [ 0.4436804   0.12144471  2.06682141]]
[[ 1.50376342 -1.15329974  0.13521938]
 [ 1.09411496 -0.73109044  0.25650726]]
[[ 1.76715478 -1.95826351  1.41981843]
 [ 1.87380859 -2.26575692  0.82146883]]
[[ 0.28682253  1.14336068 -0.10056428]
 [ 0.45296651 -0.07659256  2.49940133]]
[[ 0.51500143 -0.88150937  0.97591673]
 [-1.95025636  0.62713306  2.25539755]]
[[ 2.08173313  2.46493318  1.13863288]
 [-1.47751021  2.31872737  1.05161636]]
[[ 1.84441596 -1.58627236  1.18209923]
 [ 0.53581561 -0.30946476  1.79634962]]
[[-0.57836182 -0.26847443  2.29610984]
 [ 0.22363291  1.78519527 -0.47223161]]
[[-1.68436111  2.38460291  0.41477881]
 [ 2.27234298  1.94968927  1.0485024 ]]
[[-0.76234825  1.21209292  1.18480522]
 [ 0.22007489 -0.44826373  2.39725754]]
[[-1.85426898  0.85273772  2.21588683]
 [ 1.40681632 -1.42298186  0.69201642]]
[[ 1.22198172  2.07728269  0.15811274]
 [ 0.26909007 -0.20061206  0.01557691]]
[[ 1.54386053  1.67174057  1.53851179]
 [ 1.51898309  1.81409951 -1.85081877]]
[[ 0.74590277  2.20148624 -0.21422568]
 [ 2.16365969 -0.02647622  2.02134456]]
[[-0.92780607  1.95322009  0.51544414]
 [-0.32733056  0.60335424  1.76679294]]
[[ 1.05261251  0.86116109 -2.07138055]
 [ 1.99967503  0.93303515  1.13513742]]
[[ 2.16027833 -1.28692165  1.18484183]
 [ 2.1615622   0.98991804 -0.84011369]]
[[ 2.38492943 -0.42529801  2.01490594]
 [ 0.65253199  1.14907803  1.97500595]]
[[ 2.21267748 -0.82002201  1.01585515]
 [ 1.86243546  2.08648118 -1.11825944]]
[[ 1.65940703 -1.73400419  0.59730396]
 [ 0.68244036  1.95589826 -0.8220032 ]]
[[-1.64753735  1.30590486  1.53800314]
 [ 2.41587659  0.41291293 -0.65794164]]
[[ 1.55758514 -0.98283518  1.97300353]
 [-1.46992045  0.38173478  1.98956225]]
[[ 1.40031028  1.49586152 -2.24022916]
 [ 2.28555756  0.06688315 -1.71666612]]
[[ 0.48798768  2.08827871 -0.29846552]
 [ 1.48771144  2.26623621  0.29138179]]
[[-0.11026579  2.07416728  0.2702177 ]
 [ 2.39932283 -1.7594929   1.50711279]]
[[ 1.54283829  2.04863464  0.53072574]
 [ 0.46132799 -1.26206844  1.40321355]]
[[-0.03440139  0.13184206  1.44864024]
 [ 0.37532492  2.00307768  1.30932862]]
[[-1.72413676  0.0901736   2.04667981]
 [ 2.22698151  1.09470779 -0.53246622]]
[[ 0.13450723 -1.99776518  2.09169989]
 [-0.40890091  1.35439738 -0.5805726 ]]
[[ 2.32891335  0.64225272  1.31065469]
 [ 2.02376144  0.73769812 -1.79399806]]
[[-0.30293608  2.05887585  2.14260248]
 [ 0.60710502  1.08789929  1.64708984]]
[[ 0.10680972  2.26377322 -1.03850403]
 [ 1.75014577  1.04331025  0.72417913]]
[[ 2.44832813  2.1217265  -0.94819113]
 [ 1.76974091  0.74368201  2.46630783]]
[[ 1.54912002 -0.47462964 -0.35385447]
 [ 0.92529414 -0.42365514  2.38002379]]
[[0.85753151 1.09333438 1.00397686]
 [1.70691111 0.07722433 0.4081114 ]]
[[ 1.645407   -0.59294718 -0.46130912]
 [ 1.12891227  0.92203231  1.62486522]]
[[-0.98996354  1.51740602  0.07241957]
 [ 1.08705603 -1.54664659  0.74302707]]
[[ 0.97327232 -1.00346126  0.46648062]
 [ 0.57454313  0.90013541  0.23461323]]
[[-0.64690704  0.52791459  0.62303355]
 [ 1.23450129  1.4663952   1.52541307]]
[[1.30125927 0.94018975 1.75841141]
 [1.59243062 0.85722808 2.38918167]]
[[ 0.79884567 -0.54014639  0.38525423]
 [ 0.37808222 -0.0197835   0.18336606]]
[[-0.09421063  1.42931155  2.26603344]
 [-0.25591652  1.89144406  1.26185554]]
[[ 0.9117348   2.32600394 -0.90424556]
 [-1.44655878  0.65678223  1.25346291]]
[[ 0.87828521  0.8352301   1.78864532]
 [-1.20474438 -0.05035306  2.43092491]]
[[ 1.85768274 -0.38447139  0.82059218]
 [-0.91435543 -0.56125863  1.86968538]]
[[-1.3680901   1.45386146  2.49334201]
 [ 0.8266909   1.88483986  0.36847915]]
[[ 2.42160823e+00  2.49814274e+00 -1.99221014e+00]
 [-2.11854372e-01  2.37296453e+00  2.35880262e-03]]
[[-1.37808543  2.21209571  1.9162499 ]
 [-1.87272283  1.51119031  1.38624863]]
[[ 0.37370938  1.45570658  2.07299685]
 [ 1.32944092  1.66189197 -1.31069354]]
[[2.33648146 0.38309823 0.02074462]
 [1.14950452 0.05426374 2.03692096]]
[[ 2.07688889  1.6578825  -0.2965472 ]
 [ 2.1306874   0.84146292  0.44984083]]
[[ 1.94057889  1.40933091 -1.98773502]
 [ 1.88963017 -1.29023206  0.80168662]]
[[-0.02167211  2.23360637  0.45726554]
 [-0.11851767  2.3247021  -1.00622982]]
[[ 2.0904749   1.65256463  0.53449094]
 [-1.44745688  1.66274939  2.28180902]]
[[ 2.31950225  0.85218895 -0.9564259 ]
 [-0.64822676  0.34405763  2.01451723]]
[[2.45353818 1.4932112  1.41518434]
 [0.55242249 0.13335344 2.3444978 ]]
[[-1.49917197  1.176719    1.95968718]
 [-0.74460609  2.45170895 -0.98933537]]
[[-1.4872712   1.98777835  1.79315925]
 [ 1.76970171 -0.15101395  2.48346777]]
[[ 0.564542    0.44671578  0.2942843 ]
 [-0.10159839 -0.0182303   0.3413945 ]]
[[2.31187809 0.94015976 2.29610804]
 [1.99009605 1.23138603 1.49923298]]
[[-0.84830044  2.15157083  0.80358186]
 [ 0.99883799  1.96919833 -0.45721154]]
[[-0.18993004  1.99223197  0.9021458 ]
 [ 0.05936302  1.29313583  0.87365854]]
[[ 1.92791826 -0.79838059  1.13809331]
 [-1.31850426  1.48886394  1.16514342]]
[[ 1.53481716 -1.27873401  1.14178137]
 [ 1.20622963 -0.41569892 -0.48678941]]
[[ 0.04982204  2.45161184 -1.09168283]
 [-0.35872749  2.40757349  0.06743068]]
[[ 1.37651365  2.32226649  1.73714196]
 [ 1.82916187 -0.24934908  1.74254906]]
[[ 1.26689623  0.28063662  0.03102202]
 [ 0.82543047  0.91470555 -1.22768068]]
[[ 1.999687    2.01487151  1.55060593]
 [-1.19213502  1.26580368  0.99026034]]
[[ 2.3377024   1.41586474 -2.15763932]
 [ 1.01716788  0.62067323 -0.82795753]]
[[ 0.76544804 -0.07424782  1.88709221]
 [ 0.20297371  1.07597071  1.09860654]]
[[ 0.34690787  1.48788883 -2.23644276]
 [-0.97336464  0.87177162  1.53679113]]
[[ 1.06263211  0.80993139  0.53561397]
 [-0.4702557   0.71656537  1.38867305]]
[[ 1.60358491  0.77080867 -1.57762459]
 [ 1.00830447  1.66009223  1.6197662 ]]
[[-0.09736682  1.77102924 -0.4911247 ]
 [ 2.13682883  1.52059876 -0.85390832]]
[[ 2.06562201 -0.95328571  2.47845831]
 [-0.50830778  2.12183314  1.12917413]]
[[ 1.61911658  2.39331863 -1.23481671]
 [ 0.9753711   2.479895    1.78631426]]
[[ 0.62586502  1.36697147  1.97700387]
 [-2.07946342  1.7377001   1.84268601]]
[[ 1.95066036  1.30224398  0.75740695]
 [-1.51155819  0.62591312  2.17950702]]
[[-1.2444361   1.91932974  0.74794408]
 [ 1.32269902  0.09946021 -0.51429182]]
[[-2.49275612  1.50540766  1.55216098]
 [ 0.89883613  0.79871869 -0.46522729]]
[[ 1.75027983  1.13218846 -1.80219169]
 [-1.77607568  1.8848833   2.06379758]]
[[ 1.24797955  0.32871613 -1.37662769]
 [ 1.31963102  0.58490407  0.35077175]]
[[ 2.33493286  1.03827627 -1.56313154]
 [ 2.08957043  2.19020763  0.98333636]]
[[ 1.52489917 -0.68552736  2.26902825]
 [-1.82950981  2.19681837 -0.03533656]]
[[-1.30747804  1.2900571   1.36308448]
 [-1.82087596  1.69234082  1.13169163]]
[[ 2.36565325  0.15738052 -1.18417306]
 [-1.2698465  -0.44661593  2.26527083]]
[[ 0.06923834  0.45769496 -0.46542754]
 [ 2.17915938  1.72908192  1.95347056]]
[[ 1.44053179  0.68155594 -0.97750792]
 [ 1.13561602  1.19953388 -0.74611966]]
[[ 2.2744725  -0.01591096 -0.95999995]
 [-1.3915167   0.5309425   1.31991294]]
[[ 1.96962411  0.67536115 -1.21629906]
 [-0.09858731 -0.82448209  1.83398756]]
[[-2.2241538   1.68125273  2.49567861]
 [ 0.38507598  0.66216191  1.50330549]]
[[-0.4496181   0.2509665   1.29118896]
 [ 2.31002305 -0.9281211   0.69525744]]
[[-0.04717786  2.45905636 -1.16197459]
 [-0.09417701  1.8253193   0.51118453]]
[[ 0.54469023 -2.2517833   1.31099622]
 [ 1.06396733  1.84272771 -1.1047513 ]]
[[-1.22464727  0.60687497  2.11812658]
 [ 1.50252205  0.77229727 -0.38463972]]
[[-1.70699642  2.15470088  2.12428897]
 [-1.08590237  1.06987912  1.98508803]]
[[ 1.12248253 -1.07497404  0.96613691]
 [ 1.85514438 -1.25990727  0.46927113]]
[[ 1.94369051  1.03344478 -0.70188587]
 [ 2.4151226  -0.19357742  0.48937603]]
[[ 2.43834262  1.12265077 -2.31421457]
 [ 1.86846779  0.41363334  1.38005191]]
[[ 2.33036553 -0.97142281  1.42427142]
 [ 0.25572294  1.98153032  1.18449889]]
[[ 2.4407688   1.38967877  1.94257503]
 [ 0.26579557 -0.33751973  1.63257736]]
[[-0.64034103  1.5551505   1.27055674]
 [ 0.02755503  0.81349365  0.03297169]]
[[ 1.74408104 -0.98733832  1.17264847]
 [ 0.0713331   0.08487188  2.05964987]]
[[ 0.5285592   2.35394263 -0.78262412]
 [ 2.10692502 -1.88964277  1.50907645]]
[[ 1.36911297  1.02070166 -0.82273999]
 [-0.11465657  0.38488833  1.58444646]]
[[ 0.668608    2.35246478 -2.04658002]
 [ 2.03974304  0.172892   -0.75961021]]
[[ 0.22958824  1.42693709  0.94001053]
 [ 1.97240867 -0.43051944 -0.04498833]]
[[-1.41023491  0.50036377  1.44279122]
 [ 1.29907479  0.25535837  1.08334862]]
[[-1.26968986  1.99461477  2.45125806]
 [ 1.01424422  1.02791272  2.30402667]]
[[-1.78309835  0.74672414  1.3550319 ]
 [ 2.29881159  0.82221458  1.75360343]]
[[ 2.23534077 -0.78995348  1.01489721]
 [ 1.22635179 -0.76842041  1.00902551]]
[[0.16010806 2.18571565 1.79378108]
 [0.51025335 0.2605356  2.25514855]]
[[ 0.35816782 -1.17571419  2.40913388]
 [ 1.53605759  2.34036835 -2.04965164]]
[[ 0.22224061  2.11127722  2.09077882]
 [ 1.23496982  0.56875262 -1.17262004]]
[[ 0.25095056 -0.61935082  2.45528242]
 [ 1.96211593  1.3025857   1.34655004]]
[[ 1.99920896  0.20657561 -0.23286078]
 [ 0.41194073  0.93781382 -1.34653757]]
[[ 1.94590719  0.04250976  0.60486622]
 [-0.31902785  1.7653008  -0.24691137]]
[[ 0.31227976  0.96338116 -0.45084098]
 [ 1.30323012  0.16781527  0.37693604]]
[[-0.65900279 -0.40948242  1.66096018]
 [ 1.79346614  1.44047288  0.97789004]]
[[-0.90921896  2.4204501   0.84970869]
 [ 2.35895869 -2.30524989  1.05099824]]
[[-0.42070477  2.19668881  0.94365065]
 [ 0.70042295  0.68189108  0.00747696]]
[[ 1.30138221 -0.75027176 -0.1912976 ]
 [ 2.39677726  2.16149641 -1.94060813]]
[[ 1.187632    1.93249635 -0.90880143]
 [-0.02067692 -1.41630615  2.27278146]]
[[ 1.30340607 -2.30243977  0.95262597]
 [ 2.03468376  0.08627948  0.83065489]]
[[ 2.07042669 -0.80689464 -0.37152329]
 [ 1.43919668  1.76988846 -0.43531768]]
[[-0.07029506  1.01363644  0.72682978]
 [-0.28007505  1.86395368  1.70019718]]
[[ 0.60035032  0.88453932  1.08883725]
 [ 2.26601967 -2.41052572  0.977264  ]]
