[[2.49703817 2.49193055 2.43757143]]
[[2.42879008 2.48993325 2.49373625]]
[[2.48830336 2.4882702  2.44974223]]
[[2.48189412 2.49980435 2.49980069]]
[[2.44072505 2.49755805 2.49979915]]
[[2.41858177 2.4949528  2.49847052]]
[[2.49554523 2.46947738 2.49696875]]
[[2.49441816 2.49363651 2.44392968]]
[[2.48154853 2.48532644 2.49004342]]
[[2.46881365 2.49075156 2.45507071]]
[[2.48850427 2.49944075 2.47553476]]
[[2.49899253 2.45838912 2.46557901]]
[[2.49799804 2.46806653 2.48943836]]
[[2.48597433 2.49193188 2.49047893]]
[[2.48990838 2.45348527 2.48349631]]
[[2.49480779 2.49273221 2.48842964]]
[[2.48777958 2.46558652 2.47918799]]
[[2.47636103 2.48628194 2.49458698]]
[[2.44722491 2.48663284 2.49421064]]
[[2.46794524 2.47141983 2.47176567]]
[[2.48760436 2.45322626 2.49634023]]
[[2.46748842 2.49920324 2.49922272]]
[[2.48498864 2.44867671 2.4802511 ]]
[[2.48752854 2.49022542 2.45132611]]
[[2.49551557 2.44057027 2.48907768]]
[[2.44905261 2.4749004  2.49771063]]
[[2.45956166 2.49956234 2.48402211]]
[[2.46202239 2.4638625  2.49970511]]
[[2.49848835 2.49489454 2.46640079]]
[[2.49554886 2.44961316 2.47746407]]
[[2.49160767 2.44700434 2.49764951]]
[[2.49675763 2.46452859 2.46842918]]
[[2.49636447 2.4731993  2.48757108]]
[[2.49441047 2.49097249 2.45021252]]
[[2.45834635 2.48259738 2.47521763]]
[[2.48778817 2.44065702 2.4926158 ]]
[[2.47525875 2.47980703 2.46384747]]
[[2.46733559 2.4957372  2.47128831]]
[[2.43707801 2.49451896 2.49913744]]
[[2.46077384 2.49383069 2.47118774]]
[[2.45431368 2.48870154 2.48974288]]
[[2.47507017 2.48373239 2.48731328]]
[[2.48279752 2.49783413 2.45975225]]
[[2.4560483  2.4993845  2.46856085]]
[[2.4854851  2.44424416 2.48550672]]
[[2.44602622 2.49070103 2.4924977 ]]
[[2.4963315  2.43317753 2.48495815]]
[[2.48708223 2.49347217 2.44407973]]
[[2.46716742 2.47804081 2.49704287]]
[[2.48007677 2.46982754 2.48224475]]
[[2.47180702 2.49366176 2.49413837]]
[[2.49556126 2.46973637 2.49069155]]
[[2.45089931 2.4976601  2.46242938]]
[[2.48667934 2.48189067 2.49909604]]
[[2.49243162 2.4785611  2.45847777]]
[[2.46462375 2.46867094 2.48140468]]
[[2.46265347 2.47519591 2.49713123]]
[[2.46574197 2.47029327 2.47726119]]
[[2.49484582 2.49194425 2.43674587]]
[[2.49932205 2.49680808 2.44322674]]
[[2.48585415 2.47732616 2.47154305]]
[[2.49615793 2.48557589 2.45133113]]
[[2.49798386 2.48122761 2.46414413]]
[[2.48012007 2.45405908 2.48543151]]
[[2.48657063 2.45212458 2.48173763]]
[[2.49230582 2.47810807 2.49754146]]
[[2.49888052 2.42535559 2.49335368]]
[[2.47175079 2.46726495 2.48336054]]
[[2.48063473 2.48841951 2.47759366]]
[[2.44028701 2.49383507 2.49721629]]
[[2.49352752 2.45353128 2.47087142]]
[[2.49247997 2.48994772 2.47729528]]
[[2.46268064 2.46873682 2.49455126]]
[[2.49416236 2.47841553 2.48739242]]
[[2.49850953 2.488337   2.4622742 ]]
[[2.48822828 2.48997466 2.47829148]]
[[2.49314607 2.4810332  2.44747443]]
[[2.49576772 2.46044644 2.49684775]]
[[2.493997   2.45834087 2.48794051]]
[[2.49663191 2.49923477 2.45314273]]
[[2.47686953 2.49653776 2.45956848]]
[[2.48633938 2.49605204 2.4447166 ]]
[[2.46680461 2.47513592 2.49076717]]
[[2.49913173 2.47248966 2.49232187]]
[[2.47291118 2.48723105 2.45367303]]
[[2.48865018 2.48250432 2.4998944 ]]
[[2.48947745 2.45159751 2.48293315]]
[[2.46168978 2.4694754  2.49183276]]
[[2.49606241 2.47592291 2.49308908]]
[[2.47113213 2.48735104 2.49849737]]
[[2.49318203 2.47671689 2.48672671]]
[[2.49000648 2.48038212 2.46136768]]
[[2.46195809 2.4813393  2.47013726]]
[[2.49620236 2.47277398 2.44202806]]
[[2.4517971  2.49126897 2.47167252]]
[[2.49073849 2.47365557 2.45644751]]
[[2.49943266 2.49365814 2.43664029]]
[[2.48671985 2.43730773 2.49283401]]
[[2.48122561 2.49937811 2.44668488]]
[[2.47853253 2.46321188 2.48673994]]
[[2.49390045 2.45356705 2.49830405]]
[[2.4962372  2.47407905 2.48565238]]
[[2.49765139 2.47190011 2.44707014]]
[[2.4629425  2.48272931 2.47386731]]
[[2.49676285 2.48620381 2.4290837 ]]
[[2.49736021 2.42641189 2.49079202]]
[[2.48278811 2.46335293 2.47464469]]
[[2.49520442 2.46128081 2.474154  ]]
[[2.45250008 2.49720504 2.46307383]]
[[2.47889704 2.44624506 2.48999505]]
[[2.48315168 2.46143259 2.46755791]]
[[2.46037442 2.49181552 2.48746305]]
[[2.46230777 2.47554638 2.48576057]]
[[2.49846897 2.47301537 2.49843887]]
[[2.48001539 2.49839511 2.44011124]]
[[2.49305311 2.48374965 2.4418004 ]]
[[2.48788541 2.48685559 2.46831466]]
[[2.48069011 2.49281219 2.44246579]]
[[2.4736799  2.49946641 2.47059168]]
[[2.49953866 2.46365891 2.47127353]]
[[2.49314281 2.44791361 2.48353584]]
[[2.4583755  2.4952888  2.47918187]]
[[2.47957623 2.49330469 2.43889185]]
[[2.49956953 2.43555128 2.48437676]]
[[2.44501563 2.4804325  2.49365465]]
[[2.48614663 2.4988314  2.48248886]]
[[2.49417879 2.47047279 2.47198638]]
[[2.4923635  2.46052523 2.47341036]]
[[2.4850441  2.46274433 2.48802875]]
[[2.48466031 2.49695655 2.43611716]]
[[2.49831096 2.47342988 2.46961153]]
[[2.4879112  2.48524231 2.46723639]]
[[2.46995467 2.4994511  2.47785082]]
[[2.43325313 2.4963069  2.49613048]]
[[2.499228   2.49150437 2.47404913]]
[[2.47317093 2.4867665  2.46211332]]
[[2.44699012 2.48345594 2.49138592]]
[[2.48977615 2.47009092 2.49548242]]
[[2.49596968 2.44373263 2.48022116]]
[[2.49755452 2.47906046 2.47176539]]
[[2.46489971 2.49024631 2.48186249]]
[[2.48716785 2.47340033 2.45503071]]
[[2.48643045 2.49395804 2.45521408]]
[[2.49599952 2.49858944 2.42955289]]
[[2.49254676 2.47816927 2.46775485]]
[[2.47329166 2.49614298 2.48721287]]
[[2.48164938 2.48631189 2.48720137]]
[[2.44951541 2.49327618 2.48007336]]
[[2.44248023 2.48081585 2.49319815]]
[[2.47313386 2.479097   2.45884934]]
[[2.47140377 2.4827627  2.49497946]]
[[2.46817612 2.48983903 2.48303508]]
[[2.49447435 2.45149531 2.49860081]]
[[2.49039366 2.47708376 2.46486417]]
[[2.48555387 2.46499046 2.46269473]]
[[2.46455545 2.49414859 2.46545883]]
[[2.46681643 2.47554802 2.47693404]]
[[2.48741511 2.49612977 2.43110889]]
[[2.49446943 2.47985553 2.49369593]]
[[2.49390192 2.49871538 2.42385939]]
[[2.46703807 2.47944014 2.49384855]]
[[2.45867161 2.48848962 2.49747829]]
