[[2.46304193 2.48676214 2.46350812]]
[[2.48237257 2.48398121 2.47059238]]
[[2.49628742 2.44243156 2.48264308]]
[[2.49948135 2.49127627 2.49282733]]
[[2.47833217 2.45595163 2.49612931]]
[[2.45693807 2.46352913 2.49981545]]
[[2.44927249 2.49921782 2.47412754]]
[[2.48034135 2.49030108 2.49693932]]
[[2.49704511 2.48059285 2.45818539]]
[[2.48305587 2.49679674 2.48871322]]
[[2.48230831 2.49469544 2.44736566]]
[[2.49427045 2.47639506 2.45601373]]
[[2.47615539 2.4829037  2.47432437]]
[[2.47157426 2.49135589 2.47192312]]
[[2.49632239 2.48716319 2.46901906]]
[[2.48713526 2.4652846  2.46502289]]
[[2.46198588 2.48287656 2.48872689]]
[[2.4991888  2.46692571 2.45696811]]
[[2.48620965 2.47906522 2.45842357]]
[[2.4836898  2.47401418 2.48372122]]
[[2.49131437 2.47140909 2.45082416]]
[[2.49426971 2.44331961 2.48603923]]
[[2.4828461  2.48814155 2.44686827]]
[[2.44884687 2.489462   2.48658796]]
[[2.4707429  2.45203089 2.48928589]]
[[2.44904434 2.49550611 2.46708542]]
[[2.43742817 2.49063016 2.49087469]]
[[2.49300145 2.44343203 2.49707953]]
[[2.49624864 2.43999634 2.48607136]]
[[2.49306208 2.49260753 2.46723999]]
[[2.48163544 2.49658963 2.44871033]]
[[2.46688929 2.47017777 2.49209719]]
[[2.48106084 2.48535492 2.46601071]]
[[2.48727216 2.49829555 2.44204348]]
[[2.49594518 2.47422804 2.47498741]]
[[2.49083929 2.48119897 2.49358996]]
[[2.49864971 2.4701498  2.44833447]]
[[2.46349901 2.49359548 2.47340053]]
[[2.4717959  2.49406488 2.47688029]]
[[2.49757721 2.47814189 2.45393597]]
[[2.48463641 2.47721461 2.45240891]]
[[2.47495652 2.44804414 2.49936859]]
[[2.49226869 2.46260735 2.48755134]]
[[2.4734332  2.49739404 2.44055622]]
[[2.45024366 2.49665851 2.47376408]]
[[2.46297309 2.46259483 2.49592391]]
[[2.47854656 2.48913808 2.4710331 ]]
[[2.4563044  2.48927563 2.46680557]]
[[2.49811125 2.48929006 2.43403604]]
[[2.49904495 2.49693281 2.41789695]]
[[2.4787114  2.47411801 2.48557351]]
[[2.47831567 2.49376127 2.47406939]]
[[2.47819329 2.48870909 2.44968782]]
[[2.48771822 2.46024084 2.47098061]]
[[2.47555771 2.48723381 2.47470452]]
[[2.45814085 2.48000139 2.49898886]]
[[2.45417127 2.49694996 2.46109343]]
[[2.46030827 2.49006495 2.46900932]]
[[2.49194701 2.49796744 2.46425456]]
[[2.45605395 2.48978975 2.47672631]]
[[2.47031941 2.47434753 2.49798306]]
[[2.49865224 2.4802486  2.47121036]]
[[2.49166091 2.43798454 2.48487444]]
[[2.49626897 2.48092372 2.45308855]]
[[2.49846164 2.46841602 2.49784945]]
[[2.49921268 2.49505627 2.44965176]]
[[2.49114911 2.49794637 2.49370819]]
[[2.48918686 2.48387147 2.49524338]]
[[2.4930691  2.48920438 2.48157074]]
[[2.49336475 2.48875255 2.47240285]]
[[2.48863641 2.43611247 2.48867832]]
[[2.46541322 2.48697715 2.49089366]]
[[2.48449394 2.45200218 2.48887062]]
[[2.48975212 2.44921339 2.48790063]]
[[2.47192524 2.48086992 2.49686076]]
[[2.48723946 2.46181158 2.47256003]]
[[2.47465551 2.48442096 2.46453725]]
[[2.45781446 2.47770118 2.49580304]]
[[2.49839883 2.45207698 2.49858489]]
[[2.46852532 2.48109852 2.46696767]]
[[2.49160306 2.47510637 2.49325348]]
[[2.49175815 2.46759049 2.48978079]]
[[2.46898482 2.47557691 2.47557646]]
[[2.449668   2.47801405 2.49112792]]
[[2.45720074 2.49974907 2.47931509]]
[[2.46851173 2.48944356 2.48651189]]
[[2.49776917 2.48823463 2.42893136]]
[[2.4973673  2.49619625 2.45352621]]
[[2.48501371 2.46686505 2.46693907]]
[[2.47165857 2.45536566 2.48831235]]
[[2.48399079 2.46405149 2.49052724]]
[[2.48594068 2.46813126 2.47045739]]
[[2.48530175 2.47007893 2.46444445]]
[[2.48417354 2.44440373 2.49631929]]
[[2.48203377 2.48589312 2.49278167]]
[[2.4983732  2.49701417 2.47679879]]
[[2.46570379 2.48275391 2.47821084]]
[[2.4986674  2.47029081 2.45220645]]
[[2.48280945 2.48878536 2.48062822]]
[[2.49452422 2.4864096  2.49026773]]
[[2.48442443 2.46158221 2.49431315]]
[[2.48192797 2.47859741 2.45853117]]
[[2.42756269 2.49282062 2.49078728]]
[[2.49272528 2.48086055 2.48253673]]
[[2.46327863 2.47141387 2.4823736 ]]
[[2.48002621 2.4675422  2.47261517]]
[[2.42954282 2.49399136 2.49208337]]
[[2.49154422 2.49688919 2.42515088]]
[[2.47853818 2.48741339 2.49272047]]
[[2.47740242 2.49956152 2.46106666]]
[[2.49414493 2.4978501  2.42749059]]
[[2.44065816 2.49759236 2.48977223]]
[[2.49931129 2.49361389 2.43428444]]
[[2.49064572 2.47298938 2.46390501]]
[[2.49454326 2.49098359 2.44142819]]
[[2.4578513  2.47683034 2.48714914]]
[[2.48783808 2.48911615 2.44436384]]
[[2.47869772 2.49966196 2.47318187]]
[[2.43159887 2.48720773 2.49254223]]
[[2.49470643 2.47689694 2.48501072]]
[[2.49815334 2.45059124 2.46287386]]
[[2.48364194 2.47896388 2.47673043]]
[[2.47702851 2.48507723 2.49215709]]
[[2.45766649 2.49455174 2.47868158]]
[[2.47873205 2.47552155 2.48322198]]
[[2.47997696 2.45782433 2.484223  ]]
[[2.47739525 2.45336785 2.49405306]]
[[2.49937162 2.48639266 2.48652534]]
[[2.48981165 2.48809752 2.44930114]]
[[2.47379088 2.48035732 2.47727916]]
[[2.49058277 2.4530313  2.49680067]]
[[2.48434904 2.49082423 2.46487368]]
[[2.49164104 2.45639597 2.47935228]]
[[2.46439382 2.49374412 2.47960147]]
[[2.49221589 2.47004343 2.48972151]]
[[2.43865204 2.48630159 2.49552945]]
[[2.45590363 2.48864596 2.46838196]]
[[2.46121652 2.49645498 2.45813124]]
[[2.47047359 2.48540847 2.46672536]]
[[2.495077   2.4708691  2.45932599]]
[[2.47940148 2.4475265  2.49194031]]
[[2.44815852 2.49281734 2.49570474]]
[[2.45831378 2.4866086  2.47692944]]
[[2.490319   2.46191522 2.46611163]]
[[2.47972719 2.49273815 2.48915603]]
[[2.47647826 2.48041379 2.49794905]]
[[2.48960723 2.48619749 2.45345692]]
