[[0.30267025 2.45905847]
 [0.27406923 2.96090366]]
[[1.94411425 0.21776472]
 [4.49505385 0.2376232 ]]
[[0.32151144 2.84416129]
 [0.32018034 3.25279146]]
[[0.2956328  4.51533909]
 [0.25323843 3.58409766]]
[[0.41362112 2.66302141]
 [0.32448818 2.37936153]]
[[0.35797123 3.22180711]
 [0.39193602 4.38970764]]
[[2.73474802 0.42782559]
 [3.50972157 0.42777952]]
[[0.36234277 2.09433558]
 [0.4746828  2.63935173]]
[[3.55337362 0.26555795]
 [3.23232678 0.34329487]]
[[3.6018217  0.42482093]
 [4.43270227 0.38684754]]
[[3.94406692 0.37596248]
 [3.89896255 0.37009513]]
[[2.65178883 0.40681111]
 [2.37830521 0.40891575]]
[[3.24502679 0.34640019]
 [1.96210391 0.32878502]]
[[0.35698193 1.82445393]
 [0.3781504  2.63059251]]
[[3.44076792 0.5188829 ]
 [2.76308931 0.5255232 ]]
[[0.23823039 1.45868073]
 [0.32989767 2.80658937]]
[[4.04843004 0.33683487]
 [4.13798193 0.36131272]]
[[2.72801392 0.35593544]
 [3.44421212 0.46369926]]
[[0.43923523 4.03154311]
 [0.41955449 3.34854997]]
[[0.42709595 2.24511644]
 [0.48548353 3.21102266]]
[[0.4429977  3.24514798]
 [0.48915506 3.43273783]]
[[0.32560995 1.84653156]
 [0.3915731  4.11382651]]
[[0.28628703 2.77776136]
 [0.34777462 2.47196739]]
[[3.36023378 0.34294289]
 [1.44436248 0.28261742]]
[[3.38947842 0.23835027]
 [2.95057977 0.28854959]]
[[0.37523668 1.59558751]
 [0.43590376 3.96537998]]
[[2.03694255 0.38891619]
 [4.50487841 0.40503786]]
[[0.27448547 4.23948999]
 [0.24375744 3.96556219]]
[[0.29900548 4.06287519]
 [0.33551047 2.83431818]]
[[0.39419855 3.96232581]
 [0.40366889 2.91410262]]
[[3.53147994 0.43090248]
 [2.44799087 0.37197683]]
[[0.39175453 1.72367542]
 [0.47309092 3.72078729]]
[[0.2891421  1.33769465]
 [0.29235382 1.51906682]]
[[2.89984569 0.50332803]
 [1.47969403 0.41000034]]
[[0.50183965 4.13621482]
 [0.54225592 3.97781434]]
[[0.53706549 3.61026406]
 [0.44698706 1.73295675]]
[[2.75850935 0.40886462]
 [2.88112704 0.37775881]]
[[2.82890785 0.4210419 ]
 [3.65827393 0.51989262]]
[[0.27883581 3.20412258]
 [0.28698546 3.87182555]]
[[0.42831463 3.93621212]
 [0.37685822 3.53728356]]
[[2.76518147 0.3543278 ]
 [2.01543389 0.29252939]]
[[0.44919329 4.0689165 ]
 [0.37049627 3.96294518]]
[[0.32993199 2.03297912]
 [0.36081396 3.1252435 ]]
[[4.09864364 0.24156313]
 [2.79548952 0.24976748]]
[[0.46319309 3.93546613]
 [0.42653959 3.33898617]]
[[1.37357926 0.23689757]
 [1.54400106 0.24285231]]
[[2.38595162 0.32691568]
 [4.42115734 0.37888641]]
[[0.35166589 3.85853944]
 [0.36284339 2.01595792]]
[[0.35980773 3.1579739 ]
 [0.27655505 2.4466019 ]]
[[0.24665906 2.82863455]
 [0.24737686 3.75672428]]
[[0.50739509 2.86706077]
 [0.50961452 4.0784873 ]]
[[1.58975036 0.26574346]
 [4.23048855 0.28842318]]
[[0.3564881  2.29517277]
 [0.37407925 2.09601535]]
[[0.29459917 3.7387022 ]
 [0.27852733 3.07409441]]
[[0.24765316 3.62811811]
 [0.25410169 2.46672667]]
[[3.63891478 0.41431889]
 [2.03048925 0.3555077 ]]
[[0.42109501 4.07081613]
 [0.3889235  1.34396458]]
[[2.84983288 0.30385606]
 [4.20034659 0.3975589 ]]
[[0.39195975 4.15932346]
 [0.28851122 1.04136008]]
[[0.32245719 2.96313613]
 [0.29850939 3.83911466]]
[[0.23445047 2.56422418]
 [0.26242607 1.92797426]]
[[0.27588269 2.49795636]
 [0.26208368 4.46241589]]
[[2.36585809 0.3416542 ]
 [2.73141719 0.41236445]]
[[1.77999158 0.30237679]
 [2.9163035  0.29610758]]
[[0.29100011 3.86444667]
 [0.27340095 3.97775808]]
[[0.49543553 4.0396761 ]
 [0.45327127 3.97786323]]
[[0.52822439 4.20479512]
 [0.48026147 3.88860889]]
[[3.49630729 0.40195043]
 [3.46494797 0.43006267]]
[[4.10312609 0.44944641]
 [2.77546381 0.43934636]]
[[0.22783904 3.16339083]
 [0.25706496 3.79513823]]
[[2.51800664 0.29115652]
 [4.48651433 0.29649412]]
[[0.45530358 3.77967716]
 [0.37298158 4.14122054]]
[[3.11174411 0.38699961]
 [2.20320469 0.33205623]]
[[0.31718302 4.47865974]
 [0.29858446 3.68361763]]
[[0.33859154 3.2544671 ]
 [0.31206835 2.3915597 ]]
[[0.43164682 2.3936518 ]
 [0.46735736 2.44902096]]
[[3.67085928 0.2507801 ]
 [2.51004661 0.27943363]]
[[4.38532588 0.41451729]
 [4.26659269 0.40998809]]
[[0.27486468 3.98056817]
 [0.21515489 3.84057565]]
[[2.3355842  0.36803779]
 [1.49434034 0.40029351]]
[[4.44112983 0.35457153]
 [2.88186772 0.37373998]]
[[1.88823272 0.33264007]
 [2.41519794 0.43503502]]
[[3.58528455 0.23913655]
 [4.0083392  0.33178726]]
[[3.27031125 0.27428465]
 [3.86381224 0.23096442]]
[[3.18014409 0.40507077]
 [3.9640861  0.41938007]]
[[0.34342838 2.86134091]
 [0.29843587 2.14499621]]
[[1.81854506 0.56492844]
 [2.95942458 0.57926037]]
[[0.46740949 2.11937498]
 [0.47580545 4.29834415]]
[[0.21049443 3.78490773]
 [0.22922354 3.17562567]]
[[2.24174864 0.39321013]
 [2.89806845 0.41292965]]
[[0.35438062 2.70374552]
 [0.41246201 3.54589737]]
[[0.37784334 2.86233132]
 [0.40154502 2.16159175]]
[[3.69695871 0.3134322 ]
 [2.92937434 0.26414098]]
[[0.34010839 1.84901339]
 [0.31688504 3.38305869]]
[[0.51635171 3.99710353]
 [0.46817354 2.64539327]]
[[2.98997293 0.31169682]
 [4.45078141 0.35938629]]
[[3.39312527 0.38113983]
 [1.95405187 0.43026049]]
[[0.3409187  3.73633578]
 [0.31359197 3.44209195]]
[[4.12629838 0.48704686]
 [3.81972301 0.48530927]]
[[3.7096715  0.544098  ]
 [4.29637367 0.55286895]]
[[1.60317241 0.47016336]
 [3.23607712 0.50625265]]
[[2.48545803 0.41246047]
 [2.28247094 0.30650589]]
[[0.23608398 2.36023465]
 [0.21926362 2.04959956]]
[[0.33907292 2.16734242]
 [0.40015065 3.21176183]]
[[0.54965958 2.95583903]
 [0.53858418 4.06619253]]
[[0.28281134 1.54893152]
 [0.33765488 2.66411829]]
[[0.39855035 4.27545528]
 [0.40936627 2.39248787]]
[[0.36964848 4.52270504]
 [0.32198406 4.10971942]]
[[1.82118643 0.40732288]
 [1.62425793 0.43599786]]
[[0.39100375 3.96292715]
 [0.45573553 2.00795308]]
[[4.28243056 0.47126645]
 [4.0642724  0.52896685]]
[[4.09351848 0.54263949]
 [4.14999626 0.44434894]]
[[3.46430531 0.33349732]
 [1.19218112 0.2871462 ]]
[[2.70884536 0.3451372 ]
 [4.12500411 0.3044647 ]]
[[0.44816068 2.60936147]
 [0.45745562 3.85225821]]
[[3.22110352 0.267813  ]
 [3.97286498 0.24217218]]
[[0.22449107 1.61030084]
 [0.32281098 4.22307055]]
[[0.36645519 4.04413473]
 [0.39154222 2.07867271]]
[[0.46724886 3.78600809]
 [0.37507116 2.55200955]]
[[0.47994417 3.40723396]
 [0.41369018 1.60889771]]
[[3.53353374 0.38189933]
 [1.92676407 0.37055112]]
[[4.15690541 0.30786276]
 [2.37850948 0.30948041]]
[[2.43828313 0.27168435]
 [4.43008803 0.28610453]]
[[0.30597569 3.74168008]
 [0.32606321 2.48795102]]
[[0.24057823 1.23031114]
 [0.28023923 2.00902092]]
[[4.07725212 0.39598862]
 [1.76239091 0.32930028]]
[[3.31814402 0.39423349]
 [2.2385716  0.31004961]]
[[0.32217518 2.16239517]
 [0.35230383 2.43665711]]
[[4.18017405 0.4410228 ]
 [2.36714465 0.30779401]]
[[0.51238352 1.43172439]
 [0.60762595 3.22554284]]
[[2.859099   0.27272333]
 [4.49724798 0.3129185 ]]
[[0.4011446  2.30278212]
 [0.41840055 4.11597607]]
[[4.45308589 0.32835778]
 [4.25643702 0.33653814]]
[[0.35982596 1.9276882 ]
 [0.35416044 3.37689963]]
[[4.2429146  0.28328584]
 [3.97076291 0.32856409]]
[[0.43476721 2.98756141]
 [0.4136987  3.29243132]]
[[4.21211602 0.49534594]
 [3.31521192 0.4760281 ]]
[[3.73842213 0.22509689]
 [4.12390154 0.28675371]]
[[0.50986111 3.53899031]
 [0.44354039 2.0982341 ]]
[[3.03589915 0.40805269]
 [3.10292096 0.42427674]]
[[4.03923699 0.44302429]
 [2.16859823 0.36623903]]
[[0.27581686 3.27245368]
 [0.3240483  2.67777823]]
[[0.48954118 2.43512752]
 [0.50447282 3.60028051]]
[[0.4181165  3.98043335]
 [0.45603175 2.14021522]]
[[0.31945831 1.62913714]
 [0.32374032 3.00941879]]
[[2.91670211 0.28412442]
 [3.87314751 0.28251431]]
[[3.50337518 0.24453207]
 [3.54492439 0.31745684]]
[[0.43266511 2.37812693]
 [0.49956201 3.82853148]]
[[0.47685486 2.63942131]
 [0.51191127 4.18609715]]
[[3.29246358 0.36285255]
 [2.86119275 0.33447231]]
[[0.52280683 3.43479719]
 [0.50821243 3.60529484]]
[[1.56889901 0.41245269]
 [4.32651513 0.4623818 ]]
[[0.30579295 4.2305502 ]
 [0.37791902 4.43042587]]
[[0.4026823  1.86864147]
 [0.39005708 3.24209389]]
[[0.3556805  1.24656865]
 [0.43691658 3.0120813 ]]
[[1.43204907 0.2937384 ]
 [2.58100428 0.35155102]]
[[2.48561092 0.34934542]
 [3.4378523  0.37644481]]
[[0.40677821 2.63376435]
 [0.41978748 3.32977596]]
[[2.66968061 0.57327255]
 [3.60421829 0.54901149]]
[[0.40939762 2.82311624]
 [0.43171587 2.20597095]]
[[0.39171183 2.24016311]
 [0.38225456 3.5096632 ]]
[[0.330421   2.68577253]
 [0.37625214 3.80316434]]
[[0.48199052 2.24635069]
 [0.40203168 4.36674774]]
[[2.12488757 0.34900766]
 [2.66839051 0.35269042]]
[[0.39497274 2.94571441]
 [0.34602804 3.84632614]]
[[2.17205757 0.50238482]
 [2.92746073 0.4822276 ]]
[[0.36650218 2.55371608]
 [0.32874993 2.52495184]]
[[0.39568827 3.95474258]
 [0.40745836 3.1118178 ]]
[[3.73476076 0.28605773]
 [3.67793014 0.32892205]]
[[2.98048552 0.28734247]
 [3.264648   0.34012131]]
[[0.35020893 3.89599779]
 [0.28336914 3.37654491]]
[[0.39787533 1.90293773]
 [0.39570764 2.91713817]]
[[3.17031688 0.39834325]
 [3.41495754 0.43029691]]
[[4.38301933 0.55647864]
 [3.525353   0.47741994]]
[[2.808889   0.33307426]
 [4.12117985 0.28669192]]
[[3.03544342 0.4413825 ]
 [1.70179013 0.35092089]]
[[0.52472804 3.18730226]
 [0.44102907 4.03894234]]
[[2.88259485 0.37982131]
 [4.52449592 0.34878261]]
[[0.40065768 3.51139432]
 [0.52347706 4.35962137]]
[[3.68234015 0.56874456]
 [2.963163   0.54647508]]
[[0.52919934 3.8007691 ]
 [0.52857812 3.59601216]]
[[1.89344713 0.42596547]
 [3.67770611 0.42428082]]
[[0.45435415 4.15653862]
 [0.40006793 1.36971423]]
[[2.24896842 0.44399257]
 [3.62356024 0.41131503]]
[[3.30329727 0.49388559]
 [4.04046361 0.40708918]]
[[4.4200714  0.46992022]
 [4.5239126  0.36389523]]
[[1.61185247 0.35074471]
 [3.23416365 0.36590955]]
[[0.44018502 2.23575283]
 [0.41541696 1.81220745]]
[[4.51542376 0.41052784]
 [3.41426884 0.38257732]]
[[3.4696305  0.45721698]
 [3.50938165 0.44828713]]
[[0.35911167 4.52251916]
 [0.30433133 4.31664998]]
[[0.2771785  1.58960901]
 [0.26404554 4.41718209]]
[[3.83316991 0.41971235]
 [3.45815164 0.46961087]]
[[0.35319511 1.97367389]
 [0.32310733 1.59386104]]
[[2.43603081 0.40262253]
 [1.84864768 0.42015253]]
[[0.33187021 1.70966314]
 [0.40459149 1.95978391]]
[[3.61979297 0.45619277]
 [2.59939657 0.43466741]]
[[0.43081332 3.04183617]
 [0.45917959 1.74251736]]
[[0.55941188 2.68326471]
 [0.50693017 3.78057731]]
[[2.226401   0.42342217]
 [3.06129813 0.42363337]]
[[0.29442854 2.49477718]
 [0.31985688 3.81943064]]
[[3.46238599 0.36296545]
 [4.23717259 0.37610978]]
[[3.9828892  0.39461579]
 [3.49057494 0.41322312]]
[[3.2141481  0.24865784]
 [4.2482133  0.35471137]]
[[0.29460393 3.08136946]
 [0.28426639 3.018651  ]]
[[0.36335641 3.39911223]
 [0.30003589 3.79281881]]
[[0.44223957 2.64441822]
 [0.46165074 2.81625659]]
[[0.39017528 3.01190802]
 [0.41799718 2.16605651]]
[[1.55946732 0.43020371]
 [3.47645155 0.520575  ]]
[[3.34907321 0.45112733]
 [1.83021743 0.39368316]]
[[2.60695531 0.43416824]
 [3.64657379 0.45622887]]
[[2.86818362 0.36910859]
 [1.50660162 0.33175319]]
[[3.45266156 0.2294002 ]
 [2.68708671 0.32096245]]
[[4.51513258 0.42997971]
 [2.58168412 0.40572665]]
[[0.3528791  3.49434445]
 [0.38177356 2.35839629]]
[[1.15337623 0.34900703]
 [3.72720748 0.37834739]]
[[3.45837753 0.39575121]
 [4.0699835  0.45596445]]
[[1.95821484 0.44803807]
 [1.89073554 0.37315144]]
[[0.38459341 3.81587816]
 [0.43038228 4.30419895]]
[[3.35178327 0.25282704]
 [2.5340013  0.24444892]]
[[0.33809712 1.31155231]
 [0.43691823 4.38034733]]
[[4.46893482 0.38770154]
 [4.49937995 0.3666021 ]]
[[0.4620555  4.38337169]
 [0.47049692 3.61122332]]
[[0.63293129 3.7804405 ]
 [0.64360893 3.27509429]]
[[2.80446027 0.39225665]
 [1.3703686  0.3598694 ]]
[[0.25180021 2.01818113]
 [0.25689139 2.01405227]]
[[0.33980767 3.66597699]
 [0.26660763 1.90676832]]
[[0.31854008 4.17331713]
 [0.32386819 2.59819954]]
[[0.46505881 3.69853698]
 [0.33073714 2.60482738]]
[[1.71900622 0.33522743]
 [2.66669409 0.29398254]]
[[0.3404978  4.51080298]
 [0.30176973 3.37020002]]
[[0.33315155 2.61233011]
 [0.32963934 3.31257295]]
[[0.46909348 4.03990489]
 [0.4514233  4.28507729]]
[[2.70767481 0.30653831]
 [4.01505712 0.31926255]]
[[3.91448684 0.41050555]
 [4.33802888 0.46404838]]
[[1.36697099 0.31993507]
 [4.41144459 0.37031518]]
[[0.48448123 1.83392881]
 [0.44435179 3.16557709]]
[[0.48971698 2.85777577]
 [0.48706937 2.60179415]]
[[0.36545603 1.75182091]
 [0.35290315 1.67330308]]
[[2.5188716  0.2650948 ]
 [3.59932255 0.30126005]]
[[4.54570016 0.40213496]
 [3.59196123 0.40258215]]
[[0.36391949 3.76468694]
 [0.43210887 4.49594429]]
[[0.35868398 4.03362939]
 [0.36343207 3.1558013 ]]
[[2.6844536  0.46449063]
 [3.49491228 0.42133104]]
[[0.49483075 3.66825227]
 [0.45288929 2.23370693]]
[[0.5270924  3.87629094]
 [0.42478989 2.05673813]]
[[0.2780177  3.89197913]
 [0.42230428 3.95407882]]
[[3.50186008 0.29504246]
 [4.24317265 0.31960565]]
[[0.23824335 3.21635874]
 [0.26421184 3.34520804]]
[[3.21594842 0.28472093]
 [2.49845284 0.27523142]]
[[3.42406741 0.38168188]
 [1.11555424 0.31012801]]
[[4.37611488 0.41553063]
 [2.68359974 0.31961579]]
[[2.97947863 0.46313085]
 [1.62926182 0.35780786]]
[[0.3463297  4.15275849]
 [0.3488333  1.65225678]]
[[0.28063493 1.72212541]
 [0.31679282 2.62077419]]
[[3.32494917 0.25149683]
 [3.05625381 0.26254372]]
[[0.30909087 3.44232439]
 [0.30697118 3.96995484]]
[[0.4218825  2.35501286]
 [0.36528149 3.77104212]]
[[0.46743609 3.23652057]
 [0.44777107 3.47147785]]
[[4.36889304 0.31371371]
 [4.12451316 0.36192021]]
[[0.42409189 1.43342227]
 [0.44998368 1.39654233]]
[[0.29060439 2.99892157]
 [0.37210447 3.05114875]]
[[0.30313632 1.77939291]
 [0.3025617  3.00431859]]
[[1.89282896 0.46731552]
 [2.43157479 0.48625118]]
[[0.28416525 3.35841644]
 [0.27189179 2.45810286]]
[[2.91734206 0.24574109]
 [4.15759339 0.25607944]]
[[0.33012295 2.62342008]
 [0.40502701 3.47134042]]
[[3.84180277 0.46436675]
 [3.39584963 0.44068234]]
[[0.35807547 3.69080943]
 [0.31561936 1.66802353]]
[[0.46560475 2.12967354]
 [0.36681215 1.29842962]]
[[2.20527161 0.31943053]
 [2.93974849 0.37737962]]
[[0.39423132 3.56206479]
 [0.31937384 2.4976    ]]
[[4.50533473 0.4820909 ]
 [4.04632081 0.50781302]]
[[2.19303039 0.35835892]
 [2.61332728 0.3555066 ]]
[[0.52407061 3.22445601]
 [0.59822522 3.74157678]]
[[0.35124059 3.20746836]
 [0.28857476 1.48769348]]
[[4.35788953 0.45403274]
 [2.55862015 0.40403085]]
[[0.48106214 2.55286794]
 [0.44893374 2.85238607]]
[[2.59341148 0.49188668]
 [1.78137913 0.48646875]]
[[3.49339111 0.38224962]
 [2.38857577 0.35473212]]
[[4.19734476 0.38660488]
 [2.21355943 0.31068693]]
[[0.38311416 2.38445679]
 [0.46982511 4.37977141]]
[[0.30858166 4.48467502]
 [0.35592854 2.50019451]]
[[3.70048327 0.30022707]
 [4.07796942 0.21251243]]
[[4.16759343 0.46336089]
 [2.83750791 0.34522925]]
[[2.90833859 0.38424596]
 [3.58992815 0.42407573]]
[[2.87464224 0.40770063]
 [2.86515426 0.43750148]]
[[0.28226494 3.89243089]
 [0.24711105 3.47138521]]
[[0.36529022 4.49617102]
 [0.25270231 1.8419515 ]]
[[0.33518932 3.73040605]
 [0.26245545 2.90209985]]
[[0.37957752 2.87404233]
 [0.53041135 4.04240417]]
[[0.28426092 4.27958472]
 [0.20830879 1.92599773]]
[[1.27075576 0.29311162]
 [2.10375133 0.34972897]]
[[0.38970959 3.2582519 ]
 [0.28127359 1.76495259]]
[[3.53118679 0.27188502]
 [4.35024305 0.26485842]]
[[2.68659924 0.51222046]
 [4.22423224 0.43925772]]
[[3.80305494 0.44951508]
 [2.50251219 0.42540669]]
[[0.45848764 2.62073358]
 [0.41980515 3.65086927]]
[[4.46693027 0.46294402]
 [3.22601257 0.51577326]]
[[2.38764161 0.43348151]
 [2.63309637 0.45187555]]
[[3.83218728 0.33012526]
 [4.47503069 0.43691968]]
[[1.23861427 0.34351758]
 [4.01291652 0.39858171]]
[[3.29047945 0.34066522]
 [3.70824826 0.30932595]]
[[2.13594446 0.33442002]
 [3.6235237  0.40280976]]
[[0.22388013 4.00915318]
 [0.2971724  4.03572152]]
[[0.45855382 3.85907092]
 [0.41747527 2.22217702]]
[[3.92542346 0.4886502 ]
 [4.01622488 0.43915978]]
[[2.30378546 0.21570396]
 [4.17574025 0.26451774]]
[[1.91337885 0.38901436]
 [2.91946645 0.41907193]]
[[0.56028104 4.23956454]
 [0.56633846 3.15518259]]
[[3.20570091 0.47413002]
 [2.53992581 0.37161245]]
[[1.22529578 0.26596587]
 [3.44589392 0.37269226]]
[[0.26856258 1.67509538]
 [0.33828684 2.92221588]]
[[3.78191382 0.49267706]
 [3.41531629 0.44419009]]
[[2.25002822 0.35322034]
 [1.69290939 0.35593442]]
[[0.26796724 3.53940102]
 [0.32220095 4.17509013]]
[[0.27003576 1.59845784]
 [0.29419879 4.49213615]]
[[2.06567011 0.52476669]
 [2.91513634 0.57961737]]
[[3.11811004 0.29049074]
 [3.1382027  0.33715819]]
[[0.29394073 2.25388652]
 [0.28439009 3.04115835]]
[[0.22175177 3.95743566]
 [0.28397517 4.44575039]]
[[0.31038663 3.68927301]
 [0.28249422 3.29534695]]
[[4.53590059 0.45607016]
 [4.5478019  0.33728722]]
[[0.37605979 3.95297669]
 [0.3459721  3.36874516]]
[[0.37685047 2.92761924]
 [0.33312126 3.05633904]]
[[3.79302801 0.37971674]
 [1.50328954 0.36366432]]
[[0.30543171 3.62074857]
 [0.31593299 3.30677952]]
[[3.039923   0.35683345]
 [2.34315122 0.33083637]]
[[1.99946499 0.27530906]
 [4.19459727 0.26545108]]
[[0.35857726 3.29768164]
 [0.34777046 2.16729741]]
[[4.27949833 0.59280385]
 [4.52878115 0.53788179]]
[[3.48314379 0.55740275]
 [3.18471061 0.52276573]]
[[3.00940416 0.29305133]
 [3.16104128 0.37867009]]
[[0.40827431 4.36258768]
 [0.31466669 4.03620219]]
[[0.3753934  4.08784844]
 [0.40546752 2.86219962]]
[[0.35034217 1.56847613]
 [0.38575457 1.57947965]]
[[1.84095672 0.46006202]
 [3.20030562 0.48778328]]
[[0.49323719 2.17994985]
 [0.48376008 2.46187612]]
[[3.01944949 0.35422243]
 [3.82828555 0.35248316]]
[[0.40622608 3.35489352]
 [0.31397556 1.73831534]]
[[0.35968191 3.44272813]
 [0.35076087 2.12110695]]
[[2.75621383 0.36571999]
 [1.7421401  0.30670809]]
[[0.4933121  2.71927019]
 [0.4384273  4.30820603]]
[[2.75878428 0.33979041]
 [3.0237455  0.3699423 ]]
[[2.92974974 0.34558021]
 [3.29867828 0.37747992]]
[[0.24264327 3.79698034]
 [0.28566014 2.32497549]]
[[2.77435926 0.40842405]
 [1.403513   0.31008219]]
[[0.3249937  1.99682279]
 [0.30359696 2.59103884]]
[[1.45444739 0.3091365 ]
 [2.83256181 0.36174888]]
[[0.43094246 2.58232453]
 [0.40880462 3.28669013]]
[[0.5222393  3.78543816]
 [0.50191138 3.43728822]]
[[0.30971627 4.24704638]
 [0.35019596 1.74555798]]
[[4.42265054 0.31954774]
 [2.87265919 0.24823054]]
[[3.26615862 0.44454668]
 [3.92248909 0.41586896]]
[[0.32453594 3.23567624]
 [0.31513608 2.30815042]]
[[4.08572473 0.36194892]
 [2.48143052 0.38226202]]
[[4.19343669 0.39782505]
 [1.97174563 0.34929344]]
[[0.33950547 4.45122627]
 [0.42252156 3.69791777]]
[[2.6213833  0.39168225]
 [1.8703277  0.35441383]]
[[0.4507295  3.43589583]
 [0.47521911 3.88992684]]
[[0.43996144 2.66385284]
 [0.48621515 2.59065422]]
[[4.05284873 0.41089322]
 [3.92383819 0.31353006]]
[[4.47367423 0.46242732]
 [3.90999456 0.42151225]]
[[2.25693123 0.30681019]
 [4.48774344 0.29806923]]
[[4.0312236  0.41934602]
 [3.81066339 0.4188874 ]]
[[4.5294657  0.31660692]
 [1.6284473  0.27506509]]
[[3.74710275 0.41125054]
 [4.47999292 0.35559989]]
[[3.25525744 0.39504301]
 [3.83509881 0.37462773]]
[[0.3227601  1.72798479]
 [0.38437449 3.51124776]]
[[4.43739674 0.27962751]
 [3.81213638 0.3034307 ]]
[[0.2597091  3.39300234]
 [0.34622259 2.93539687]]
[[0.36951822 3.0551377 ]
 [0.369675   2.69554077]]
[[0.36002798 3.97938386]
 [0.34295352 3.24342609]]
[[0.44868702 3.37765147]
 [0.49992996 3.81922319]]
[[2.23763607 0.39079398]
 [3.14493899 0.42373723]]
[[0.34907228 2.7816598 ]
 [0.34573904 2.33622119]]
[[0.42744272 4.11738624]
 [0.33046319 4.15945087]]
[[0.27194325 2.00069544]
 [0.29186095 2.31492958]]
[[4.00994871 0.36298868]
 [2.81986481 0.40062729]]
[[2.12384033 0.49006222]
 [4.04029027 0.5130636 ]]
[[0.31527405 2.59811276]
 [0.34511433 2.85264092]]
[[0.37915906 2.58577809]
 [0.42679877 4.43568598]]
[[2.83359879 0.37516828]
 [4.17367234 0.3702252 ]]
[[3.52425146 0.46998282]
 [2.16624364 0.46633337]]
[[1.83661231 0.34305194]
 [3.79191515 0.31966907]]
[[0.39162448 3.47994025]
 [0.32819123 1.47833971]]
[[4.47551644 0.44860643]
 [2.45633886 0.37645329]]
[[3.49766941 0.39109391]
 [4.11557483 0.3437354 ]]
[[2.34534577 0.35083948]
 [2.5574968  0.34257699]]
[[0.28120903 4.49460045]
 [0.25274543 4.06869962]]
[[0.31685031 3.78637455]
 [0.28043586 2.3665331 ]]
[[3.49338178 0.41874418]
 [3.76051374 0.38917003]]
[[2.04787994 0.31969773]
 [2.85853895 0.40462532]]
[[0.48202188 1.53761693]
 [0.60240146 4.14334745]]
[[0.30660267 3.95598564]
 [0.32136026 4.4509349 ]]
[[2.81914578 0.35850636]
 [4.34189314 0.41063634]]
[[3.39382338 0.25371399]
 [3.62445362 0.3226341 ]]
[[0.61011043 3.00752211]
 [0.60671666 3.29754473]]
[[0.29038929 1.99298735]
 [0.37657467 3.40635158]]
[[2.45013167 0.23755586]
 [3.98060216 0.24439652]]
[[0.39950655 3.95954514]
 [0.40434517 4.01079893]]
[[4.37574366 0.43902779]
 [2.35293736 0.42375553]]
[[0.32308262 2.67640341]
 [0.31573938 2.42324323]]
[[3.67229399 0.38940326]
 [3.31320549 0.47564497]]
[[3.05972936 0.43790404]
 [3.29467853 0.43284336]]
[[3.82323028 0.53153713]
 [1.4184111  0.43570344]]
[[0.38193709 2.63083303]
 [0.35711876 4.31700496]]
[[2.30735869 0.36793758]
 [3.09615893 0.4920633 ]]
[[0.40792105 4.12487043]
 [0.45581525 4.11018378]]
[[3.06228043 0.240565  ]
 [3.65647751 0.30053246]]
[[3.23373299 0.26280973]
 [4.18578764 0.2311577 ]]
[[0.33830132 2.6354098 ]
 [0.31605254 3.62098057]]
[[0.25155101 3.4077326 ]
 [0.35083371 3.48206127]]
[[3.53004888 0.46779862]
 [2.44032129 0.49020206]]
[[0.34155954 2.67700956]
 [0.43550748 3.73967055]]
[[0.27998354 2.83860648]
 [0.23466819 3.03280689]]
[[0.38657634 4.51464585]
 [0.40061409 3.8633248 ]]
[[2.38413261 0.33960103]
 [2.45100706 0.29359169]]
[[0.45023112 2.05583271]
 [0.34985301 2.48886453]]
[[3.29022856 0.32756958]
 [3.55344734 0.3682642 ]]
[[0.32806354 2.80437841]
 [0.30918949 2.69704145]]
[[0.26518872 2.04699469]
 [0.31610618 3.11458837]]
[[0.36277094 2.44467871]
 [0.3814479  3.61756258]]
[[3.63528718 0.33621782]
 [1.48494504 0.23810167]]
[[1.45501863 0.33733537]
 [4.25351531 0.3849748 ]]
[[0.36861298 2.61758291]
 [0.34433244 2.88089092]]
[[0.43037129 1.68966843]
 [0.48390107 4.04314566]]
[[3.95316384 0.49729183]
 [2.49953675 0.51967288]]
[[0.27401324 1.64722117]
 [0.37590325 3.59241966]]
[[2.45904268 0.42922141]
 [2.79410391 0.40282458]]
[[0.29112384 3.13730702]
 [0.32060544 3.30860995]]
[[2.56223487 0.32531394]
 [3.80880816 0.35251442]]
[[0.42021147 1.82514233]
 [0.40916215 4.3905353 ]]
[[4.27713113 0.22047369]
 [4.12104544 0.21373156]]
[[2.11115448 0.27000227]
 [4.26531664 0.3078352 ]]
[[0.32712963 1.55344155]
 [0.31759536 1.22559894]]
[[0.3468315  3.21465145]
 [0.40964952 3.41358015]]
[[2.41203288 0.35793562]
 [2.82473913 0.35648591]]
[[0.44547419 4.54720719]
 [0.41118381 4.50092914]]
[[0.44848909 3.51288105]
 [0.40704013 3.48851714]]
[[3.62493502 0.50344253]
 [4.43324839 0.52566139]]
[[0.48792597 4.20550741]
 [0.4984739  3.85737077]]
[[4.508656   0.38513261]
 [2.31492212 0.3766196 ]]
[[0.34240481 4.48108974]
 [0.33901373 2.6072422 ]]
[[0.29535698 3.61028464]
 [0.42443144 3.74574351]]
[[4.54888204 0.31814511]
 [2.10595442 0.36645676]]
[[3.70473358 0.45126818]
 [3.57875889 0.41552222]]
[[2.32976409 0.43546851]
 [2.33977266 0.4216941 ]]
[[0.54200437 1.8477941 ]
 [0.56924013 3.50218867]]
[[1.98515324 0.27743105]
 [4.34434898 0.3441172 ]]
[[2.26801788 0.21694783]
 [4.26841147 0.28551491]]
[[0.30212285 1.69119994]
 [0.26204483 2.35282143]]
[[2.27273244 0.3821575 ]
 [4.50418337 0.37021156]]
[[3.63960294 0.38239223]
 [3.79970988 0.40377663]]
[[0.44141742 4.12596205]
 [0.37787971 4.04241462]]
[[3.68813453 0.38390819]
 [3.89092739 0.36019448]]
[[2.79072822 0.46657615]
 [2.1538121  0.37841994]]
[[0.48403145 2.28364822]
 [0.53850391 4.45442886]]
[[4.26107877 0.44587237]
 [3.85891422 0.31179207]]
[[3.34591037 0.36261086]
 [1.49218626 0.23495989]]
[[1.61817683 0.35357618]
 [4.23678067 0.28372244]]
[[0.36241967 4.39019822]
 [0.31514838 3.68813204]]
[[0.38384451 2.22044092]
 [0.39459814 3.46722354]]
[[3.03720242 0.35499492]
 [4.32101449 0.47106666]]
[[1.93918795 0.37269393]
 [1.64261281 0.35854073]]
[[4.39727641 0.3338685 ]
 [2.90994527 0.32695136]]
[[3.1746129  0.42361213]
 [4.26760067 0.44116577]]
[[2.13863191 0.33260822]
 [4.36258675 0.32833808]]
[[0.40836864 4.51114754]
 [0.4608522  2.08445666]]
[[0.49827214 3.42991066]
 [0.40696957 4.42240346]]
[[0.26601635 2.85843257]
 [0.28270877 1.96626802]]
[[2.7661989  0.29447815]
 [1.31409293 0.23299564]]
[[0.4719526  2.96717876]
 [0.36872378 1.86846499]]
[[2.88231222 0.41347545]
 [1.84291963 0.3553941 ]]
[[0.39946301 2.27182277]
 [0.35525717 2.61009875]]
[[3.65381935 0.3779373 ]
 [3.72681375 0.39040857]]
[[0.30701285 1.80134077]
 [0.33536801 1.56437265]]
[[3.00879535 0.24935433]
 [3.69163022 0.23903819]]
[[0.3496413  3.91368404]
 [0.45957967 4.53526456]]
[[0.38596672 4.46278941]
 [0.42040242 2.35842863]]
[[0.37980825 1.87634827]
 [0.31049147 3.20262171]]
[[0.38598081 3.36320586]
 [0.37689575 1.76426796]]
[[3.83332366 0.35840744]
 [3.86721596 0.33283791]]
[[0.50464423 4.50731129]
 [0.43987985 2.62369121]]
[[0.30853973 3.5109757 ]
 [0.37515068 2.60146037]]
[[0.22948499 4.06852482]
 [0.25890457 4.12279288]]
[[4.06647897 0.46720785]
 [1.45135538 0.41430176]]
[[0.36055343 4.12914969]
 [0.39962356 2.39385887]]
[[3.95010526 0.33429387]
 [3.12214044 0.25809445]]
[[0.44093998 4.01293989]
 [0.35850983 1.27695366]]
[[2.2783507  0.2867956 ]
 [3.62468444 0.29259652]]
[[0.32011132 3.79741964]
 [0.30527605 4.08991558]]
[[0.39393126 1.84187094]
 [0.37788017 3.51555808]]
[[3.06438805 0.26795969]
 [2.91515338 0.23362874]]
[[0.40260842 2.48833706]
 [0.33205131 1.52751507]]
[[4.22049349 0.37885867]
 [4.31587778 0.31775247]]
[[2.57017197 0.33517109]
 [4.07079227 0.36248373]]
[[1.62040199 0.27819266]
 [4.26232187 0.34115803]]
[[2.39342617 0.27657304]
 [4.25945564 0.3249222 ]]
[[2.3089233  0.37319686]
 [3.04400523 0.3768126 ]]
[[2.79408597 0.41125823]
 [3.84634342 0.39405212]]
[[0.29371934 2.01589518]
 [0.29763969 2.68090132]]
[[1.49644512 0.27321983]
 [1.35571231 0.2587983 ]]
[[0.33133805 3.72809043]
 [0.31929212 3.30060472]]
[[1.81639046 0.39486443]
 [4.23640949 0.41894208]]
[[0.37267054 1.57854824]
 [0.28286015 1.06709226]]
[[4.42808153 0.51399082]
 [2.43939246 0.51453819]]
[[0.42101503 2.84362481]
 [0.39519725 2.71718463]]
[[0.28323455 4.17513633]
 [0.30386391 3.19859763]]
[[2.16696794 0.33747189]
 [3.33554506 0.39873715]]
[[0.3519761  4.05460486]
 [0.31758219 3.28509777]]
[[1.78689869 0.4752938 ]
 [1.71015859 0.45097099]]
[[0.43222976 2.18457048]
 [0.47213957 4.27886048]]
[[0.5275384  4.08751911]
 [0.53034218 4.19800321]]
[[0.28385761 2.09848524]
 [0.36398126 4.24150033]]
[[3.71252616 0.43081522]
 [4.00562922 0.39874023]]
[[2.38254658 0.4717569 ]
 [2.89383356 0.51113961]]
[[0.32570741 2.96262619]
 [0.31874741 2.2426153 ]]
[[2.72885844 0.3664589 ]
 [3.75836964 0.40024791]]
[[0.4131729  3.19884459]
 [0.40767379 2.28813858]]
[[0.50016465 3.18761183]
 [0.46100636 1.8048195 ]]
[[0.34762349 4.48682856]
 [0.31910643 2.02331441]]
[[0.46643811 2.33255439]
 [0.47613482 2.42313543]]
[[3.37896264 0.3952719 ]
 [4.53281339 0.36209562]]
[[2.63572257 0.42292272]
 [1.01322753 0.323311  ]]
[[3.09858346 0.49580523]
 [3.14435185 0.45297742]]
[[2.15543148 0.35445356]
 [1.52770175 0.34085583]]
[[3.36241126 0.4280865 ]
 [3.07391223 0.42427895]]
[[3.09497464 0.32509424]
 [2.79612608 0.26570869]]
[[0.33408998 4.11540126]
 [0.46783361 4.25446951]]
[[2.72464111 0.32812407]
 [3.11403394 0.25650092]]
[[2.32940455 0.34505363]
 [1.45525561 0.31307255]]
[[0.31066598 2.7405949 ]
 [0.31409878 1.64560397]]
[[0.32144539 2.12994797]
 [0.32830365 4.38519474]]
[[3.77193589 0.51171313]
 [3.12782634 0.4525141 ]]
[[0.30633232 3.36283818]
 [0.32959904 3.39708181]]
[[0.30446747 1.88500692]
 [0.25201539 2.01074125]]
[[2.43403212 0.3644573 ]
 [3.32517948 0.37689334]]
[[0.415212   3.45141447]
 [0.30844259 1.20283019]]
[[4.13011421 0.40329866]
 [4.05718624 0.45139881]]
[[3.12884591 0.53284739]
 [1.81682334 0.45766356]]
[[4.28583745 0.45902643]
 [3.53706915 0.34245207]]
[[2.26668876 0.2507266 ]
 [4.26609321 0.33214184]]
[[0.49705128 3.95688942]
 [0.44912862 3.08573809]]
[[2.91627817 0.44727101]
 [3.93783067 0.4878916 ]]
[[0.3901249  4.47233748]
 [0.3355961  3.96907121]]
[[0.36691093 3.97198717]
 [0.39013493 3.09254757]]
[[0.26702888 4.25449351]
 [0.2822573  2.72040917]]
[[0.34877688 2.25309501]
 [0.367662   4.51392514]]
[[0.43202925 3.34530477]
 [0.32925677 2.01645716]]
[[0.32471493 4.39874853]
 [0.36595096 2.60180391]]
[[3.41842734 0.2827211 ]
 [2.33440085 0.35374128]]
[[0.45140381 2.1538621 ]
 [0.41544428 2.47919271]]
[[0.36126446 2.9193858 ]
 [0.4682948  2.23804657]]
[[3.72584873 0.23186308]
 [3.45696591 0.24366094]]
[[3.11297076 0.51609267]
 [2.146733   0.52772992]]
[[4.18814769 0.58765847]
 [3.92646169 0.53348531]]
[[0.26928653 4.0128021 ]
 [0.33209738 4.30243166]]
[[2.93098983 0.2803607 ]
 [3.87370197 0.2562135 ]]
[[0.28976758 3.90082532]
 [0.27199051 3.84755914]]
[[0.35211038 3.80062954]
 [0.36866818 1.85978583]]
[[0.30434179 2.62306305]
 [0.32356149 2.82683335]]
[[0.5092599  2.66127754]
 [0.54018119 4.43301229]]
[[0.51130112 3.83677267]
 [0.52064872 3.03359341]]
[[0.2906099  2.58104042]
 [0.24864908 4.388398  ]]
[[1.7620431  0.29740596]
 [4.25871339 0.30552915]]
[[2.89240092 0.47131548]
 [4.090224   0.38302085]]
[[3.07249802 0.36801158]
 [2.50136669 0.36327191]]
[[3.07670638 0.33575662]
 [2.27592112 0.28132149]]
[[0.35425691 2.74556796]
 [0.35644457 2.55462396]]
[[4.22942853 0.48425802]
 [3.47197687 0.52885377]]
[[0.33551653 3.83251954]
 [0.40167953 4.05141796]]
[[2.52399267 0.44415626]
 [2.31042387 0.32557769]]
[[4.24156443 0.42148534]
 [3.249547   0.50057482]]
[[2.67209912 0.3073462 ]
 [2.35831065 0.28938051]]
[[2.73201545 0.41995669]
 [3.59791067 0.43791063]]
[[0.49875889 3.55160132]
 [0.39152348 1.86700267]]
[[3.9733431  0.22919742]
 [4.44910769 0.31287853]]
[[1.740548   0.26093157]
 [3.5060646  0.3155796 ]]
[[4.42902215 0.42514286]
 [2.90283507 0.40913565]]
[[0.32228817 2.25217653]
 [0.36565538 4.19096199]]
[[0.33413248 3.33302999]
 [0.35636358 4.05322484]]
[[2.83966301 0.33157904]
 [1.81074639 0.38818296]]
[[0.24866439 3.44596686]
 [0.28202434 3.45093832]]
[[1.40472282 0.25326831]
 [3.98850786 0.35227143]]
[[0.36410388 4.07330225]
 [0.35558723 2.60072419]]
[[3.15432316 0.46524458]
 [4.24903536 0.46703423]]
[[1.57852424 0.34860045]
 [2.96031271 0.38147209]]
[[0.38830091 4.11136291]
 [0.39100899 3.75846515]]
[[2.61919889 0.37991848]
 [2.91786455 0.32519513]]
[[2.68019683 0.31765235]
 [4.3544144  0.34212025]]
[[3.49980029 0.38743975]
 [4.05532926 0.27794511]]
[[4.46492558 0.49088267]
 [3.91855916 0.46389241]]
[[0.43038168 3.79875223]
 [0.44984893 2.92268791]]
[[0.24315547 2.72765513]
 [0.23357605 3.85369085]]
[[1.41029274 0.24660006]
 [3.26700865 0.33266718]]
[[0.36442766 3.70406154]
 [0.27485949 2.93814061]]
[[3.76499342 0.38612245]
 [2.0439373  0.36286516]]
[[0.52789304 3.28263355]
 [0.55066472 3.90367391]]
[[0.40548313 3.108042  ]
 [0.39984286 2.26335483]]
[[3.32557449 0.40201397]
 [3.57920984 0.42504177]]
[[2.93518643 0.47811819]
 [4.25383032 0.42263724]]
[[0.28175605 2.22233926]
 [0.3099498  4.03987398]]
[[0.42167649 3.21289677]
 [0.44934572 4.52239467]]
[[4.43408713 0.44776114]
 [3.31225823 0.35495788]]
[[0.31423399 4.15678721]
 [0.38680468 2.83592803]]
[[1.74444512 0.31877346]
 [4.19757758 0.39427447]]
[[0.46535642 3.91984594]
 [0.41738901 2.60949663]]
[[3.31803641 0.51774915]
 [4.5359709  0.55693101]]
[[0.30205393 3.74938513]
 [0.32872727 4.33890353]]
[[2.48809797 0.36170584]
 [4.07278856 0.46313943]]
[[2.77937326 0.43701474]
 [4.53597059 0.45073292]]
[[0.23656875 3.90127295]
 [0.24514048 3.33291097]]
