[[-3.77182049  2.70129489]]
[[ 2.934495   -4.40478048]]
[[-4.4015949   3.27274755]]
[[-4.33510952  3.03246088]]
[[-4.53303977  3.58168583]]
[[-4.48937377  3.47573901]]
[[ 2.84610029 -3.55164355]]
[[-4.5457617   3.71613328]]
[[ 3.26173168 -4.40202105]]
[[ 3.61638976 -4.52409351]]
[[ 2.91341105 -3.7669773 ]]
[[ 3.38546749 -4.26958785]]
[[ 2.78566249 -3.71567495]]
[[-3.97089514  3.10353594]]
[[ 3.51334065 -4.19586751]]
[[-4.32086619  3.11721992]]
[[ 3.03475343 -4.04488824]]
[[ 3.53673045 -4.36996218]]
[[-4.22162437  3.32402072]]
[[-4.54175251  3.73413476]]
[[-4.53295574  3.72723412]]
[[-4.33962991  3.29230241]]
[[-4.527483    3.33373332]]
[[ 3.21195893 -4.43331662]]
[[ 3.12123185 -4.50167024]]
[[-4.33765145  3.4330589 ]]
[[ 3.37930588 -4.29513046]]
[[-4.05777102  2.82746302]]
[[-4.33639389  3.19904068]]
[[-4.44895814  3.53709083]]
[[ 3.36328775 -4.21998554]]
[[-4.43179195  3.59690476]]
[[-4.47549675  3.27898205]]
[[ 3.75322331 -4.50158233]]
[[-4.40800328  3.74334636]]
[[-4.51642094  3.81087098]]
[[ 3.446537   -4.47416503]]
[[ 3.54477846 -4.26304831]]
[[-3.51585307  2.48395772]]
[[-4.38444547  3.45980354]]
[[ 3.19305881 -4.3322773 ]]
[[-4.03343903  3.19982599]]
[[-3.58797269  2.70696726]]
[[ 2.88265559 -4.30390903]]
[[-4.53647688  3.68520383]]
[[ 3.01554717 -4.36052711]]
[[ 3.06753995 -3.98683718]]
[[-4.53984984  3.538604  ]]
[[-4.18958928  3.12248483]]
[[-3.98368478  2.72241292]]
[[-4.22639219  3.50700489]]
[[ 2.97097273 -4.17594396]]
[[-4.33533472  3.36020279]]
[[-4.23281203  3.04343906]]
[[-4.45814792  3.04587476]]
[[ 3.09027962 -3.98840286]]
[[-4.18351085  3.3565573 ]]
[[ 3.35084248 -4.35253241]]
[[-4.50621132  3.47875748]]
[[-4.21180403  3.06294247]]
[[-4.38842325  3.02141691]]
[[-3.83206728  2.66760702]]
[[ 3.34173932 -4.3212238 ]]
[[ 3.14904383 -4.37322617]]
[[-4.54688835  3.16677813]]
[[-3.79179038  3.12899011]]
[[-4.51626708  3.73646905]]
[[ 3.25770716 -4.08322709]]
[[ 3.49374651 -4.37761816]]
[[-4.29174483  2.91501621]]
[[ 3.27101136 -4.5025575 ]]
[[-4.54938123  3.6922238 ]]
[[ 2.94891874 -3.82639802]]
[[-4.1847602   2.96260913]]
[[-3.81339147  2.85539839]]
[[-4.53099712  3.67676795]]
[[ 3.08964065 -4.43290411]]
[[ 3.36998251 -4.22871392]]
[[-4.3828838   2.99572374]]
[[ 3.53538794 -4.45053446]]
[[ 3.08828194 -4.02007208]]
[[ 3.50747104 -4.43165005]]
[[ 3.05856823 -4.22384132]]
[[ 2.97873133 -4.35098079]]
[[ 2.87406593 -3.60239881]]
[[-4.43763161  3.25877541]]
[[ 3.86327443 -4.45127381]]
[[-4.40331625  3.640424  ]]
[[-4.13420714  2.72023891]]
[[ 2.98138267 -3.78211338]]
[[-4.23907718  3.27592995]]
[[-3.80081094  3.00594192]]
[[ 2.97970924 -4.15336268]]
[[-4.21143324  3.17577904]]
[[-4.44072711  3.6997212 ]]
[[ 2.78594486 -3.69516131]]
[[ 3.59000305 -4.45334557]]
[[-3.85417593  2.83087062]]
[[ 3.35282401 -4.09856782]]
[[ 3.69620474 -4.37485499]]
[[ 3.56147144 -4.28340447]]
[[ 3.52845487 -4.50958511]]
[[-4.39560917  2.94449861]]
[[-4.50897213  3.4316486 ]]
[[-4.5491636   3.84065731]]
[[-4.30144502  3.17983825]]
[[-3.98140908  3.11748664]]
[[-4.34898745  3.22944817]]
[[ 3.45780718 -4.23777624]]
[[-4.39435947  3.5764658 ]]
[[ 3.35045175 -4.01981254]]
[[ 3.74435326 -4.49441566]]
[[ 3.30420107 -4.40633416]]
[[ 3.34777898 -4.45386739]]
[[-4.48224847  3.57173625]]
[[ 3.04259081 -4.42265117]]
[[-4.40330694  3.14018638]]
[[-4.44138216  3.41998987]]
[[-4.30124706  3.44052531]]
[[-3.93799264  3.2055607 ]]
[[ 3.03487392 -3.87115044]]
[[ 3.23158656 -4.46946585]]
[[ 2.95089797 -4.26847068]]
[[-4.05551669  2.97918716]]
[[-4.35032269  3.0725737 ]]
[[ 3.34102063 -4.32689655]]
[[ 2.88294178 -3.75839117]]
[[-4.43718294  3.31242069]]
[[ 3.38480894 -4.30267477]]
[[-4.44363275  3.84451755]]
[[ 2.54427367 -3.54458862]]
[[-3.50141251  2.74909852]]
[[ 2.84340037 -3.80269719]]
[[-4.0803157   3.12451371]]
[[ 2.72350848 -3.76018329]]
[[-4.16658307  3.34713821]]
[[ 3.34720621 -4.01568046]]
[[ 3.14093121 -4.51329426]]
[[-4.36176215  3.65054581]]
[[ 3.13059    -3.97339596]]
[[ 3.49621091 -4.42282155]]
[[-4.12021938  2.98124922]]
[[-4.26828008  3.56103727]]
[[-3.95905452  3.22844188]]
[[-4.4580046   3.33478876]]
[[ 2.83498778 -4.07457836]]
[[ 3.0482557  -4.23887912]]
[[-4.24549136  3.47416637]]
[[-4.25215983  3.51672078]]
[[ 2.88867932 -3.80219496]]
[[-3.92873538  3.27452892]]
[[ 3.25065302 -3.98957249]]
[[-3.94706365  2.98859857]]
[[-4.165114    3.30963342]]
[[-4.40259477  3.45218139]]
[[ 3.19490798 -4.25862657]]
[[ 2.94069147 -3.85372119]]
[[-4.15100827  3.29028739]]
[[ 3.85742175 -4.46645304]]
[[-4.19422228  3.32794642]]
[[-4.362912    3.41420839]]
[[-4.51792745  3.52104319]]
[[-4.50474195  3.67739011]]
[[ 3.13308292 -4.15175313]]
[[-4.31103644  3.28099672]]
[[ 3.6129376 -4.3250194]]
[[-4.16035206  3.20752031]]
[[-4.46624833  3.57051284]]
[[ 3.2590612  -4.40540463]]
[[ 2.82816135 -3.86675617]]
[[-3.96754959  2.91095329]]
[[-4.43508888  3.48397797]]
[[ 3.31516573 -4.18420697]]
[[ 3.76406845 -4.45392911]]
[[ 2.74305736 -3.73351172]]
[[ 3.31945151 -4.14831133]]
[[-4.43600631  3.68584905]]
[[ 3.11235617 -4.07796831]]
[[-4.44216388  3.66966844]]
[[ 3.78649463 -4.40337954]]
[[-3.91263871  3.31192174]]
[[ 3.68821229 -4.54750429]]
[[-4.50383369  3.64457419]]
[[ 3.48735826 -4.36584946]]
[[ 3.3858677  -4.14012905]]
[[ 3.38814517 -4.22574822]]
[[ 3.14076799 -4.10048452]]
[[-4.10834692  3.34477571]]
[[ 2.92637629 -3.76917556]]
[[ 2.93158691 -3.64148451]]
[[-4.40055475  3.26179624]]
[[-4.46950853  3.1548035 ]]
[[ 3.42628219 -4.20279523]]
[[-4.17358954  3.17572099]]
[[ 3.23863152 -4.0191802 ]]
[[-4.28222836  3.35086581]]
[[ 2.74847998 -3.39861387]]
[[-4.53750978  3.76353309]]
[[-4.45700655  3.81253341]]
[[ 3.60837667 -4.49614176]]
[[-3.90194996  2.79323092]]
[[ 3.10370587 -4.070991  ]]
[[ 3.28802355 -4.10542472]]
[[ 3.21577693 -4.3662804 ]]
[[-3.89264908  2.75142124]]
[[-3.7939375   2.85961923]]
[[-4.38223038  3.53287391]]
[[-3.70560711  2.94822337]]
[[ 3.69841068 -4.47447943]]
[[ 3.34584142 -4.15231572]]
[[ 3.32901474 -4.06918471]]
[[ 2.81466116 -3.70270863]]
[[ 3.10978583 -4.34123397]]
[[ 2.92899157 -3.71175638]]
[[-4.2481529   3.31442389]]
[[ 3.5739998  -4.54232414]]
[[ 3.57008569 -4.40211807]]
[[ 3.58353418 -4.44730664]]
[[-4.13892318  3.30778535]]
[[ 2.75511196 -4.07852956]]
[[-4.0130139  3.1846154]]
[[ 2.89346692 -3.78006626]]
[[-4.21609164  3.38923926]]
[[-4.45435764  3.91068404]]
[[ 3.47130401 -4.40808595]]
[[-4.19800069  2.87895526]]
[[-3.98403628  2.91907146]]
[[-4.13080406  3.04088495]]
[[-4.4017663   3.53227808]]
[[ 3.36996682 -4.47270956]]
[[-4.50678468  3.26378623]]
[[-4.05138308  3.04999512]]
[[-4.15487809  3.40918205]]
[[ 2.39956054 -3.30130466]]
[[ 3.44866496 -4.23825093]]
[[ 3.24963149 -4.23381206]]
[[-4.27708019  3.54791639]]
[[-4.00852667  3.28890217]]
[[-3.67336257  2.83615632]]
[[ 3.07716183 -4.39446201]]
[[ 3.50686368 -4.53402842]]
[[-4.35953047  3.41996865]]
[[-3.63290564  2.78089553]]
[[ 3.10153924 -3.80249795]]
[[-4.40452172  3.60770476]]
[[-4.20744354  3.49818583]]
[[-4.50705538  3.47216628]]
[[ 2.97805633 -4.10576457]]
[[-4.17184044  2.82975483]]
[[ 3.2032181  -4.52076822]]
[[ 3.36070147 -4.3587527 ]]
[[ 3.32300995 -4.32633831]]
[[ 3.62870609 -4.51430718]]
[[-4.24796611  3.22160362]]
[[-4.05793215  2.97480774]]
[[ 3.01107766 -4.47255615]]
[[-4.33489454  3.18801568]]
[[-4.37893548  3.4491621 ]]
[[-3.94528533  3.18029586]]
[[ 3.27056816 -4.31438509]]
[[-4.53385727  3.76482053]]
[[-4.32582513  3.28186417]]
[[-4.21820932  3.04340912]]
[[ 3.39582631 -4.06432203]]
[[-4.35510614  3.09628236]]
[[ 2.89752815 -4.2170245 ]]
[[-4.46777635  3.44642165]]
[[ 3.10144864 -3.86099571]]
[[-4.33955302  3.26268729]]
[[-4.5145268   3.65988921]]
[[ 3.4052515  -4.42310257]]
[[-4.54377456  3.55710305]]
[[ 3.54720949 -4.32285138]]
[[ 3.12525869 -4.08935892]]
[[-4.51184093  3.89536767]]
[[-4.51680434  3.40608266]]
[[ 2.93595605 -3.64497103]]
[[-4.17962134  3.41264613]]
[[ 3.66170018 -4.34443206]]
[[ 3.33927665 -4.43505198]]
[[ 3.16955023 -4.12314696]]
[[-4.36243283  3.51535722]]
[[-4.37938714  3.2479154 ]]
[[ 3.07751804 -4.41009112]]
[[ 3.50000611 -4.35214997]]
[[ 3.20380004 -4.11727873]]
[[ 3.19234986 -4.03857873]]
[[-4.02733282  2.81852623]]
[[-4.14541322  3.07213429]]
[[-4.33742225  3.159351  ]]
[[-4.46299441  3.69938757]]
[[-4.41097318  3.04077127]]
[[ 3.40573827 -4.54188339]]
[[-4.37736171  3.35595507]]
[[ 2.68170223 -3.90081828]]
[[ 3.65561182 -4.40172896]]
[[ 3.29989237 -4.04317662]]
[[-4.38080573  3.52226452]]
[[ 3.53886812 -4.23978347]]
[[ 3.19703645 -3.91555273]]
[[ 3.43369317 -4.37539759]]
[[ 3.08419805 -3.94535693]]
[[ 3.30560827 -4.40872652]]
[[ 3.00584841 -3.91200267]]
[[-4.23928784  2.94785183]]
[[-4.43731409  3.64369265]]
[[ 3.75218574 -4.54712289]]
[[ 3.0002672  -4.47699286]]
[[ 3.53134437 -4.51839288]]
[[-4.22734267  3.602704  ]]
[[ 3.54187181 -4.3673844 ]]
[[ 3.19005174 -4.26954862]]
[[-4.29999427  3.14670338]]
[[ 3.44096385 -4.18514183]]
[[ 2.97439589 -3.84399426]]
[[-4.19002956  3.00341192]]
[[-3.77002856  2.68317856]]
[[ 3.79598049 -4.40273084]]
[[ 3.29400195 -4.43216115]]
[[-4.44797097  3.17263723]]
[[-4.11702148  2.82923788]]
[[-3.81932254  2.7809338 ]]
[[ 3.58062762 -4.5282056 ]]
[[-3.8046801   2.90980079]]
[[-4.29405768  3.26389527]]
[[ 3.36195119 -4.29091389]]
[[-4.1028453   2.98832193]]
[[ 2.7201676  -3.62835384]]
[[ 3.1878258  -4.50047956]]
[[-3.49165449  2.63590737]]
[[ 3.82558405 -4.44679184]]
[[ 3.4357176 -4.0466763]]
[[ 3.26485586 -4.3349301 ]]
[[-4.48648238  3.43978803]]
[[-4.25457529  3.29781274]]
[[-4.37223356  3.42929626]]
[[ 3.38696597 -4.08610585]]
[[-4.29551473  3.55740192]]
[[ 2.90342245 -3.8330661 ]]
[[-3.98082538  3.0929114 ]]
[[-3.80462694  2.91567464]]
[[ 2.9963509  -3.95236556]]
[[-4.5421277   3.70574709]]
[[ 3.21586478 -4.21155344]]
[[ 2.92924367 -3.83317011]]
[[-4.32256587  3.03925507]]
[[ 3.56136954 -4.52696536]]
[[-4.39786082  3.26643715]]
[[ 3.13293544 -4.15158425]]
[[-4.46911019  3.51560923]]
[[-4.45437643  3.78097932]]
[[-4.53536499  3.44522548]]
[[ 3.2447555  -4.54907663]]
[[ 3.06198856 -3.83605848]]
[[-3.76994268  2.81609626]]
[[ 2.91589542 -3.80418625]]
[[ 2.78757059 -3.61611766]]
[[-4.06718954  3.19935301]]
[[ 3.3126396  -4.30442164]]
[[-4.44654455  3.60225345]]
[[-4.5156936   3.72927847]]
[[ 3.27946004 -4.25752747]]
[[ 3.21906499 -3.95775953]]
[[ 2.70924953 -3.76043426]]
[[ 3.41336095 -4.29342105]]
[[ 2.83303947 -3.9306218 ]]
[[ 3.29562735 -4.16493608]]
[[ 3.40655139 -4.32919949]]
[[-4.51780317  3.47007418]]
[[ 3.05326968 -4.26108184]]
[[-4.45068749  3.24666648]]
[[-3.53824987  2.71454178]]
[[-4.21300005  3.21112714]]
[[-4.5110857   3.70057669]]
[[ 2.97881813 -3.79378784]]
[[-4.354207   3.3110052]]
[[-4.1925335   3.28441898]]
[[-3.9314157   2.79460078]]
[[ 3.30164116 -4.26686363]]
[[ 3.62010341 -4.33666594]]
[[-4.15092958  3.04699328]]
[[-4.39401246  3.42280101]]
[[ 2.98569013 -3.92294822]]
[[ 3.16943501 -3.85286881]]
[[ 3.34429189 -4.45849963]]
[[-4.3298219  3.3720915]]
[[ 3.56093319 -4.42366969]]
[[ 3.27577302 -4.22675016]]
[[ 2.60864617 -3.43653401]]
[[-4.05775111  2.8425042 ]]
[[-4.46285098  3.169486  ]]
[[ 3.04494463 -3.88301305]]
[[ 3.49575071 -4.50131538]]
[[-4.54315907  3.89950493]]
[[-4.39606569  3.1486169 ]]
[[ 3.34770388 -4.36236951]]
[[ 3.22262676 -4.46338557]]
[[-4.28280539  3.72367629]]
[[-4.05222336  3.05009238]]
[[ 2.9212359  -4.30151998]]
[[-3.59577334  2.81438387]]
[[ 3.53941446 -4.46889369]]
[[-4.26972638  3.10241266]]
[[ 3.51635685 -4.3116604 ]]
[[ 3.15246618 -3.91419029]]
[[ 3.59571002 -4.28714112]]
[[-4.18578966  3.25709245]]
[[ 3.63503047 -4.4313629 ]]
[[-4.13129001  3.28155316]]
[[ 2.77891826 -3.93390884]]
[[ 2.84208256 -4.14463192]]
[[-3.72886335  2.79113583]]
[[-4.12690127  3.03431257]]
[[ 3.71842199 -4.4361348 ]]
[[-4.47236767  3.51571959]]
[[-4.42267235  3.07702337]]
[[-3.64212727  2.85588717]]
[[ 2.85989108 -3.84531347]]
[[-4.49203465  3.6235363 ]]
[[ 3.16084745 -4.14061097]]
[[-3.85879472  2.88117002]]
[[-4.35417502  3.15009369]]
[[-4.44577833  3.39518781]]
[[ 3.19606167 -4.38932166]]
[[ 2.96014818 -3.87905341]]
[[-3.82546256  2.93814861]]
[[-4.07236859  3.30575807]]
[[ 3.75909861 -4.46091062]]
[[-4.54870699  3.46110147]]
[[ 3.51370909 -4.47735297]]
[[-4.46859136  3.24091752]]
[[ 2.97144721 -3.92519415]]
[[-4.50138513  3.56930253]]
[[ 2.83911788 -4.41631783]]
[[ 2.94381315 -4.14393294]]
[[-4.07804702  3.10285508]]
[[-4.21156416  3.29376256]]
[[ 3.54594205 -4.54602802]]
[[-4.34698379  3.46336212]]
[[-3.72352867  2.97645933]]
[[ 3.4028275  -4.05932659]]
[[-3.96959122  3.25178675]]
[[ 2.86254831 -3.72252472]]
[[-4.27586136  3.19698698]]
[[-4.2206586   3.28547891]]
[[ 3.10321596 -4.0712293 ]]
[[ 3.02490319 -3.75295219]]
[[ 3.47693611 -4.33029007]]
[[-4.35262489  3.75208717]]
[[ 2.8518039  -3.89765798]]
[[ 2.91895001 -4.22498153]]
[[-4.53032948  3.30776781]]
[[ 3.4177275  -4.35284812]]
[[ 3.34816645 -4.27787792]]
[[-4.21061139  3.33431147]]
[[ 3.29258916 -4.35342733]]
[[ 3.52832855 -4.35339936]]
[[-4.28626164  3.62534012]]
[[ 3.58177498 -4.54596114]]
[[ 3.19298536 -4.31670565]]
[[ 3.42439308 -4.52436566]]
[[-4.52643202  3.39623623]]
[[-4.47090379  3.53165246]]
[[ 3.5778974 -4.4443183]]
[[ 2.80579397 -3.61017723]]
[[ 2.85933159 -3.92163179]]
[[ 3.34033975 -4.20278339]]
[[ 3.36733348 -4.47463283]]
[[-4.38468724  3.57531468]]
[[-4.50824041  3.7377467 ]]
[[-4.50732106  3.16696376]]
[[ 3.05604532 -4.31172257]]
[[-4.37106272  3.5570653 ]]
[[ 3.09273352 -3.97277731]]
[[-4.36873     3.44863576]]
[[ 3.36257801 -4.38775731]]
[[-4.48107541  3.4224217 ]]
[[ 2.80714634 -4.14706586]]
[[-4.25137024  3.38702407]]
[[-4.26997109  3.36246341]]
[[-4.53347587  3.48200194]]
[[-3.93218542  3.07098458]]
[[ 3.06525424 -4.14556313]]
[[-4.39411322  3.60635845]]
[[-4.1263449   3.11435673]]
[[-4.09109096  2.78761985]]
[[ 3.40427433 -4.16301576]]
[[-4.49864498  3.50407462]]
[[ 3.01217261 -4.17389097]]
[[-4.45624478  3.55892395]]
[[ 2.76592314 -3.89716003]]
[[-4.06900047  2.91167594]]
[[-4.09756636  3.20180246]]
[[ 2.94582827 -4.3391631 ]]
[[-4.50195555  3.49860937]]
[[ 3.3990998  -4.51914821]]
[[ 3.13065731 -4.09910465]]
[[ 3.36628264 -4.5094698 ]]
[[ 3.08284203 -4.27527514]]
[[ 3.25982071 -4.31509705]]
[[ 3.45524365 -4.41891102]]
[[-4.08525559  2.96574347]]
[[ 2.8834116  -4.03771815]]
[[-4.33944044  3.23506543]]
[[ 3.5874897  -4.49168103]]
[[-4.50878246  3.47678003]]
[[ 3.77233392 -4.4513211 ]]
[[-4.39090246  3.55241333]]
[[-4.09608144  2.91090187]]
[[ 3.22855848 -4.15376868]]
[[-4.09734774  3.06184532]]
[[ 3.53078654 -4.25843957]]
[[-3.94895557  3.24180627]]
[[-4.5055032   3.76657104]]
[[-4.34070207  3.28002209]]
[[ 3.55037341 -4.47230248]]
[[ 3.81110642 -4.51016858]]
[[-3.76245435  2.80136012]]
[[ 3.40967888 -4.40842499]]
[[-4.05562816  3.17099007]]
[[-4.40333703  3.61123536]]
[[-4.51815073  3.40479152]]
[[-3.78613256  3.11245393]]
[[ 3.14037207 -4.05396231]]
[[ 3.39645136 -4.32316922]]
[[ 3.66875859 -4.40034325]]
[[ 2.98418719 -3.89909411]]
[[ 3.17498431 -4.02078435]]
[[ 3.16153676 -4.3255698 ]]
[[-4.33289644  3.47179054]]
[[ 3.05409354 -4.2291725 ]]
[[ 3.36785363 -4.51787222]]
[[-4.04866122  2.97811982]]
[[-4.45701544  3.31526447]]
[[ 3.66807381 -4.42853038]]
[[-4.36783615  3.14987683]]
[[-4.37299999  3.1429532 ]]
[[ 3.42650757 -4.37082639]]
[[-4.37742261  3.39332957]]
[[ 3.16265641 -3.973042  ]]
[[ 3.44022681 -4.10555301]]
[[ 3.44611177 -4.35265967]]
[[ 3.05550804 -4.26254232]]
[[-4.24262285  3.50947253]]
[[ 3.13382636 -3.81755755]]
[[-4.23741553  3.19814021]]
[[-4.3706299   3.31887229]]
[[-4.30134581  3.05557493]]
[[-4.32983653  3.31159389]]
[[-4.46507963  3.52134552]]
[[-4.34969722  3.27576798]]
[[ 3.36407947 -4.46114408]]
[[-3.75886096  3.05353525]]
[[-4.51799028  3.67265051]]
[[ 2.63362022 -3.94454952]]
[[ 3.8304214  -4.50783291]]
[[ 3.88079434 -4.54226877]]
[[-4.17406645  3.04036905]]
[[ 2.90363252 -4.15527228]]
[[-4.51047763  3.16482833]]
[[-4.25977784  3.27730352]]
[[-4.35391432  3.1365507 ]]
[[-3.91021781  3.29494115]]
[[-4.36104027  3.61728755]]
[[-4.14965751  2.91336307]]
[[ 3.0651294  -4.19862463]]
[[ 3.45275817 -4.27003959]]
[[ 2.67333758 -3.46657639]]
[[ 3.05845508 -4.11348648]]
[[-4.23110186  3.25258552]]
[[ 3.43602176 -4.11901934]]
[[-3.90365389  3.03135251]]
[[ 3.56402666 -4.46671334]]
[[ 3.35398448 -4.06238549]]
[[ 3.25838273 -4.54827377]]
[[ 3.32090322 -4.14766037]]
[[-4.30794271  3.55236462]]
[[ 3.04437912 -4.28917281]]
[[ 3.26802363 -4.48841186]]
[[ 3.37489955 -4.23263106]]
[[-4.21729804  3.13404247]]
[[-4.42662327  3.36839665]]
[[ 3.46839901 -4.44151006]]
[[-4.40800565  3.09229362]]
[[ 3.33118513 -4.53532461]]
[[-4.22509745  3.23025347]]
[[ 3.10509042 -3.84461834]]
[[ 3.33054436 -4.36606218]]
[[-4.27738468  3.34345033]]
[[ 3.03219005 -3.95620328]]
[[ 3.16262712 -4.31611414]]
[[ 3.31107418 -4.38924951]]
[[ 3.18857777 -3.87767194]]
[[-4.46751514  3.67703345]]
[[-4.09700641  2.76070854]]
[[ 3.05280188 -4.20649557]]
[[-4.11230005  3.0730255 ]]
[[ 3.01060523 -3.89433636]]
[[-4.54630189  3.85203447]]
[[-4.12971769  3.22152317]]
[[ 3.51502648 -4.40498596]]
[[ 3.40459541 -4.17822778]]
[[-4.51779786  3.26056618]]
[[-4.44293105  3.64887057]]
[[ 3.02306096 -3.80228756]]
[[-4.20701327  3.22139791]]
[[ 3.33977542 -4.34377189]]
[[-4.51939957  3.63334183]]
[[ 3.37113919 -3.98725312]]
[[-4.31145144  3.13612654]]
[[ 3.46304392 -4.31470775]]
[[ 3.03737419 -3.74210022]]
[[-3.66246831  2.46793204]]
