[[ 0.          0.99979684  0.97008504 -0.85314088]]
[[ 0.          0.76913034  0.99997466 -0.98655313]]
[[ 0.          1.          1.         -0.90619159]]
[[ 0.          0.90504458  0.99999925 -0.99983896]]
[[ 0.          0.99999999  0.99915207 -0.93992382]]
[[ 0.          1.          0.99830453 -0.9978262 ]]
[[ 0.          1.          0.99995084 -0.97032183]]
[[ 0.          0.99736774  0.97105998 -0.99999939]]
[[ 0.          0.99998541  0.98875361 -0.99525124]]
[[ 0.          0.96036906  0.90231926 -1.        ]]
[[ 0.          0.54011241  0.99999986 -0.897321  ]]
[[ 0.          0.56794764  0.99995697 -0.59408749]]
[[ 0.          0.99758624  0.91277279 -1.        ]]
[[ 0.          0.99836423  1.         -0.95182243]]
[[ 0.          0.99999932  0.76712489 -0.99999999]]
[[ 0.          1.          1.         -0.90619159]]
[[ 0.          0.90504458  0.99999925 -0.99983896]]
[[ 0.          0.99999999  0.99915207 -0.93992382]]
[[ 0.          1.          0.99830453 -0.9978262 ]]
[[ 0.          1.          0.99995084 -0.97032183]]
[[ 0.          0.99736774  0.97105998 -0.99999939]]
[[ 0.          0.99998541  0.98875361 -0.99525124]]
[[ 0.          0.96036906  0.90231926 -1.        ]]
[[ 0.          0.99758624  0.91277279 -1.        ]]
[[ 0.          0.99836423  1.         -0.95182243]]
[[ 0.          0.99497446  0.92967336 -0.99775007]]
[[ 0.          0.99906518  1.         -0.99938301]]
[[ 0.          1.          0.99972309 -0.9939873 ]]
[[ 0.         0.9692979  1.        -0.9999502]]
[[ 0.          0.99999994  0.99995788 -0.97754685]]
[[ 0.          0.97922996  0.9984039  -0.99490618]]
[[ 0.          0.99986193  0.91675307 -1.        ]]
[[ 0.          0.99935336  0.99719576 -1.        ]]
[[ 0.          0.99999998  0.99999633 -0.97999121]]
[[ 0.          0.91580616  1.         -0.95921852]]
[[ 0.          0.99838452  0.99981696 -0.99397436]]
[[ 0.          0.99368363  0.9764253  -1.        ]]
[[ 0.          0.99710878  0.99999731 -0.97707347]]
[[ 0.          1.          0.99822752 -0.99725077]]
[[ 0.          0.99817647  0.99985425 -1.        ]]
[[ 0.          0.96708796  0.99483817 -0.93197643]]
[[ 0.          0.99265871  0.99986866 -0.9951751 ]]
[[ 0.          0.99999885  0.99994056 -0.95129704]]
[[ 0.          0.99998587  0.99812074 -0.99775528]]
[[ 0.          0.95619737  0.9626365  -0.9935507 ]]
[[ 0.          0.99995369  0.99938567 -1.        ]]
[[ 0.          0.99463207  0.99999623 -0.99984444]]
[[ 0.          1.          0.99996585 -0.9999915 ]]
[[ 0.          0.99999976  0.94057979 -1.        ]]
[[ 0.          0.99999429  0.95107616 -0.99999981]]
[[ 0.          0.97199642  0.99999963 -0.99135104]]
[[ 0.          0.99241163  0.93897596 -1.        ]]
[[ 0.          0.99999999  0.99252662 -1.        ]]
[[ 0.          0.96300421  0.99998994 -0.99999997]]
[[ 0.          0.94671551  0.99999993 -1.        ]]
[[ 0.          1.          0.99999752 -0.9430967 ]]
[[ 0.          0.95312668  0.99999749 -0.99986663]]
[[ 0.          0.99975216  0.98547702 -0.99999998]]
[[ 0.          0.99996713  1.         -0.91197688]]
[[ 0.          0.97435427  1.         -0.99153155]]
[[ 0.          0.9999999   0.99882143 -0.99966829]]
[[ 0.          1.          0.99696479 -0.90827565]]
[[ 0.          0.98654387  0.9999797  -0.99933839]]
[[ 0.          0.99992683  0.99999994 -0.92603486]]
[[ 0.          0.99997117  0.97235683 -0.90580724]]
[[ 0.          1.          0.99760579 -0.98697187]]
[[ 0.          1.          0.99668902 -0.9989533 ]]
[[ 0.          0.99718028  0.99999979 -0.99999383]]
[[ 0.          0.99940449  0.99948416 -1.        ]]
[[ 0.          1.          0.9999857  -0.99999966]]
[[ 0.          0.99999945  0.99998378 -0.99990703]]
[[ 0.          0.99971639  0.99999948 -0.99999127]]
[[ 0.          0.99976475  0.99999479 -0.99928315]]
[[ 0.          0.99980774  1.         -0.99970406]]
[[ 0.          0.99977897  0.99984164 -0.99999043]]
[[ 0.          0.99991898  0.9999849  -1.        ]]
[[ 0.          0.99999804  0.99999763 -0.99999991]]
[[ 0.          0.99999921  0.99928441 -0.99951117]]
[[ 0.          0.99999857  0.99999889 -0.99905857]]
[[ 0.          0.99969032  1.         -0.99998515]]
[[ 0.          0.99984171  1.         -0.9997765 ]]
[[ 0.          0.99999999  0.99999993 -0.99933035]]
[[ 0.          0.99999892  0.99999821 -0.999561  ]]
[[ 0.          0.99991521  0.99999615 -1.        ]]
[[ 0.          0.99999954  0.99999712 -0.99999937]]
[[ 0.          0.9991039   0.99997343 -0.99999957]]
[[ 0.          0.99958073  0.99999892 -0.99999988]]
[[ 0.          1.          0.99999997 -0.9995209 ]]
[[ 0.          0.99973343  0.99989165 -0.99999472]]
[[ 0.          0.99957312  1.         -0.99959202]]
[[ 0.          0.99993017  0.99999956 -0.99990703]]
[[ 0.          0.99995854  0.99999812 -0.99999355]]
[[ 0.          0.99999996  0.99938517 -0.99999992]]
[[ 0.          0.99978277  0.99999029 -0.99981397]]
[[ 0.          0.9999852   0.99999999 -0.9999832 ]]
[[ 0.          0.99948799  0.99999999 -0.99999961]]
[[ 0.          0.99970548  0.99993731 -0.999996  ]]
[[ 0.          0.99999997  0.99971188 -0.99994281]]
[[ 0.          0.99965279  0.99999998 -0.99994768]]
[[ 0.          0.99985153  0.99997782 -0.99999999]]
[[ 0.          0.99995063  0.99969018 -0.99999999]]
[[ 0.          0.99999956  1.         -0.99906875]]
[[ 0.          1.          0.99999772 -0.99944297]]
[[ 0.          0.99999978  0.99999994 -0.99996573]]
[[ 0.          0.99999979  0.99999908 -0.99996596]]
[[ 0.          0.99997069  0.99999927 -0.99944303]]
[[ 0.          0.99965101  0.9999716  -1.        ]]
[[ 0.          0.9999008   0.99999993 -0.99996805]]
[[ 0.          0.99966368  1.         -0.99996945]]
[[ 0.          0.99999761  0.99999993 -0.99998219]]
[[ 0.          0.99908821  0.99960519 -0.99995943]]
[[ 0.          0.99987074  0.99999993 -0.99991462]]
[[ 0.          0.99902343  1.         -0.99967671]]
[[ 0.          1.          0.99998541 -0.99998881]]
[[ 0.          0.99998555  0.99945409 -1.        ]]
[[ 0.          0.99965006  0.99994896 -0.99993917]]
[[ 0.          0.99901982  0.99999997 -0.99999977]]
[[ 0.          1.          0.99999986 -0.99904116]]
[[ 0.          0.99960597  0.99986559 -0.99999945]]
[[ 0.          0.99988802  0.99999959 -1.        ]]
[[ 0.          0.99999953  0.99999999 -0.9997044 ]]
[[ 0.          1.          0.99992574 -0.99999278]]
[[ 0.          0.99999694  1.         -0.99925573]]
[[ 0.          0.99999818  0.99999999 -0.99968805]]
[[ 0.          0.99972492  0.99998105 -0.99999999]]
[[ 0.          0.99985039  0.99998594 -0.99999749]]
[[ 0.          0.99999905  0.99918203 -0.99954906]]
[[ 0.          0.99966821  0.9999833  -1.        ]]
[[ 0.          0.9997161   0.99966747 -0.9999408 ]]
[[ 0.          0.99911381  0.99952093 -0.99998388]]
[[ 0.          0.99954924  0.9999873  -0.99998797]]
[[ 0.          0.99999991  0.99999706 -0.99967873]]
[[ 0.          0.99999922  0.99999957 -0.9991774 ]]
[[ 0.          0.99921637  0.99999998 -0.99999984]]
[[ 0.          1.          0.99988597 -0.99976752]]
[[ 0.          0.99975673  0.99998493 -0.9999538 ]]
[[ 0.          0.9999963   0.99960187 -0.99999961]]
[[ 0.          1.          0.99930566 -0.99983933]]
[[ 0.          0.99999995  0.99989795 -0.99990215]]
[[ 0.          1.          0.99968223 -0.99989798]]
[[ 0.          0.99999334  0.99992673 -1.        ]]
[[ 0.          0.99990299  0.99910871 -0.99999999]]
[[ 0.          0.99999997  0.99933097 -0.99999998]]
[[ 0.          0.99996834  0.99999999 -0.99949246]]
[[ 0.          0.99995015  0.99994297 -1.        ]]
[[ 0.          1.          0.99999949 -0.9998201 ]]
[[ 0.          0.99978333  0.99999176 -0.99999194]]
[[ 0.          0.99916427  0.99999762 -0.99914984]]
[[ 0.          0.9994222   0.99999723 -0.99994676]]
[[ 0.          0.99999278  0.99982755 -0.99997666]]
[[ 0.          0.99993634  0.99935934 -1.        ]]
[[ 0.          0.9999975   0.99988037 -0.99999998]]
[[ 0.          0.99997911  0.99999998 -0.99987879]]
[[ 0.          0.99999893  0.99915889 -0.99999997]]
[[ 0.          0.99980544  0.99994789 -0.99998979]]
[[ 0.          0.9999935   0.99999985 -0.99918348]]
[[ 0.          0.99994407  0.99977195 -0.99918181]]
[[ 0.          0.99908101  0.99998216 -0.9996592 ]]
[[ 0.          0.99930952  0.99999616 -0.99916425]]
[[ 0.          0.99999965  0.99999998 -0.99983123]]
[[ 0.          0.9999993   0.99941077 -0.99999937]]
[[ 0.          0.99997084  1.         -0.99991888]]
[[ 0.          0.99927785  0.99999764 -1.        ]]
[[ 0.          0.99963926  0.99997203 -0.99999258]]
[[ 0.          0.99984981  0.99913381 -0.99998707]]
[[ 0.          0.99999137  0.99999999 -0.99999886]]
[[ 0.          0.9999881   0.99950996 -0.99999781]]
[[ 0.          0.99903671  0.99999961 -1.        ]]
[[ 0.          0.99928069  0.99983517 -0.99999992]]
[[ 0.          1.          0.9999999  -0.99994436]]
[[ 0.          0.99998626  1.         -0.99973856]]
[[ 0.          0.99999921  0.9998012  -0.99974481]]
[[ 0.          0.99991576  0.99999885 -0.99982507]]
[[ 0.          0.99991647  0.99920197 -0.9999734 ]]
[[ 0.          1.          0.99993776 -0.99988989]]
[[ 0.          0.99999314  0.99999975 -0.99999373]]
[[ 0.          0.99909468  0.9999246  -1.        ]]
[[ 0.          0.99999079  0.99954132 -0.9999998 ]]
[[ 0.          0.99992891  0.99993648 -0.99999646]]
[[ 0.          0.99999131  0.99976139 -0.99999945]]
[[ 0.          0.99999974  0.99999987 -0.99995138]]
[[ 0.          0.99997543  0.99951723 -0.99999999]]
[[ 0.          0.99999911  0.99999723 -0.99999698]]
[[ 0.          0.9998468   0.99999959 -0.99976571]]
[[ 0.          0.99998973  0.99997858 -0.9996026 ]]
[[ 0.          0.99999997  1.         -0.99924561]]
[[ 0.          0.99999688  0.99990153 -0.99987442]]
[[ 0.          0.99999594  0.99943314 -0.99949304]]
[[ 0.          1.          0.99900725 -0.99929772]]
[[ 0.          0.99999756  0.99999428 -0.99935726]]
[[ 0.          0.99961295  0.99937772 -0.99959889]]
[[ 0.          0.9999791   0.99992055 -0.99997553]]
[[ 0.          0.99998229  0.99958769 -0.99958605]]
[[ 0.          0.99999993  0.99996308 -0.99945889]]
[[ 0.          0.99959216  0.99999525 -1.        ]]
[[ 0.          0.99993933  0.99999836 -0.99999988]]
[[ 0.          0.99995472  1.         -0.99989145]]
[[ 0.          0.99999989  0.99947281 -0.99999989]]
[[ 0.          1.          0.99995716 -0.99983778]]
[[ 0.          0.99959979  1.         -0.99998323]]
[[ 0.          0.99988915  0.99999971 -0.99992159]]
[[ 0.          0.99967919  0.99999638 -0.99975821]]
[[ 0.          0.99994451  0.99995997 -0.99999706]]
[[ 0.          0.99999323  0.99999974 -0.99988148]]
[[ 0.          0.99975277  0.99999965 -0.99998975]]
[[ 0.          1.          0.99980997 -0.99968774]]
[[ 0.          0.99999718  0.99983475 -0.99990091]]
[[ 0.          0.9999014   1.         -0.99999118]]
[[ 0.          0.99953924  1.         -0.99999436]]
[[ 0.          0.99976366  0.99998712 -0.99999546]]
[[ 0.          0.99995247  1.         -0.9999639 ]]
[[ 0.          0.99998614  0.99997555 -0.99999899]]
[[ 0.          0.99999995  0.99999991 -0.99997307]]
[[ 0.          0.99996249  0.99990048 -1.        ]]
[[ 0.          0.99999677  0.99999951 -0.99999988]]
[[ 0.          0.99998103  0.99911094 -0.99985253]]
[[ 0.          0.99999998  1.         -0.99901083]]
[[ 0.          0.99995114  1.         -0.99978453]]
[[ 0.          0.99999278  0.9996477  -0.99998434]]
[[ 0.          0.99999916  0.99997413 -0.99976518]]
[[ 0.          0.99999513  0.99960077 -0.99993544]]
[[ 0.          0.99999926  0.99930288 -0.99999819]]
[[ 0.          1.          0.99999997 -0.99974391]]
[[ 0.          0.99999993  0.99988089 -0.99997794]]
[[ 0.          0.99999357  0.9997759  -0.99991268]]
[[ 0.          0.99970734  1.         -0.99998332]]
[[ 0.          1.          0.99990257 -0.99989925]]
[[ 0.          0.99999806  0.99999997 -0.99999691]]
[[ 0.          0.99999645  0.99999622 -0.99999988]]
[[ 0.          0.99951505  0.99999931 -0.99962915]]
[[ 0.          0.99998717  0.99999793 -0.99999809]]
[[ 0.          0.99995238  0.99998387 -0.99997818]]
[[ 0.          0.99996221  0.99971437 -0.99996876]]
[[ 0.          0.99999074  1.         -0.99997371]]
[[ 0.          0.99966157  1.         -0.99997461]]
[[ 0.          0.99996343  0.99999332 -1.        ]]
[[ 0.          1.          0.99954124 -0.99909299]]
[[ 0.          0.99998295  0.99966972 -0.99999477]]
[[ 0.          1.          0.99976063 -0.99992331]]
[[ 0.          0.99984146  0.99996793 -1.        ]]
[[ 0.          0.99901305  0.99928906 -0.9999972 ]]
[[ 0.          0.99995201  0.99999504 -0.99900214]]
[[ 0.          0.99999962  0.99961436 -0.99995546]]
[[ 0.          0.99999164  0.99970799 -0.99979903]]
[[ 0.          0.9994164   0.99999998 -0.99978387]]
[[ 0.          1.          0.99998491 -0.99953453]]
[[ 0.          0.99996395  1.         -0.99945053]]
[[ 0.          0.99905739  1.         -1.        ]]
[[ 0.          0.99999944  0.99999954 -0.99999752]]
[[ 0.          0.99997242  0.99999995 -0.99998789]]
[[ 0.          0.99927094  0.99999894 -0.99940092]]
[[ 0.          0.99976224  0.99991366 -0.99983423]]
[[ 0.          0.99991509  0.99986762 -0.99998728]]
[[ 0.          0.99963054  0.99994117 -0.99999979]]
[[ 0.          0.99986584  0.99998208 -0.99998586]]
[[ 0.          0.99902064  0.99997385 -0.99994978]]
[[ 0.          0.99999777  0.99923142 -0.99999985]]
[[ 0.          0.99928656  0.99999453 -0.99999998]]
[[ 0.          0.9999999   0.99999894 -0.99999052]]
[[ 0.          0.99994701  0.99999662 -0.99999986]]
[[ 0.          0.99999775  0.99999975 -0.99996407]]
[[ 0.          0.99999305  0.99999995 -0.9996068 ]]
[[ 0.          0.9999994   1.         -0.99905551]]
[[ 0.          0.99990165  0.99999678 -0.99951394]]
[[ 0.          0.99998991  0.99999912 -0.99999855]]
[[ 0.          0.99995651  0.99999999 -0.99968898]]
[[ 0.          0.99999997  1.         -0.99936206]]
[[ 0.          1.          0.99999982 -0.9999569 ]]
[[ 0.          0.99942392  0.99999739 -0.99982904]]
[[ 0.          0.99972832  0.99999003 -0.99996111]]
[[ 0.          0.99913429  0.99975765 -0.99999962]]
[[ 0.          0.99999815  0.99998816 -0.99937892]]
[[ 0.          0.9999754   0.99999887 -0.99950093]]
[[ 0.          0.99949307  0.99998217 -0.99999942]]
[[ 0.          0.99999796  0.99988424 -0.99999839]]
[[ 0.          0.99999999  0.99984152 -0.99999929]]
[[ 0.          0.99984688  0.99992115 -0.99974036]]
[[ 0.          0.99991281  1.         -0.99995685]]
[[ 0.          0.99999994  0.99978105 -0.99943149]]
[[ 0.          0.99979504  1.         -0.99940599]]
[[ 0.          0.99999847  0.99966033 -0.99935998]]
[[ 0.          0.99998401  0.99993733 -0.99995405]]
[[ 0.          0.99993409  0.99999836 -0.99998955]]
[[ 0.          0.99995942  0.99956176 -0.9999989 ]]
[[ 0.          0.99983108  0.9998643  -1.        ]]
[[ 0.          0.99998673  0.99999917 -0.99999972]]
[[ 0.          0.9999972   0.99958847 -0.9999849 ]]
[[ 0.          0.99999943  0.99959655 -0.99985512]]
[[ 0.          0.99999065  0.99997163 -1.        ]]
[[ 0.          0.99924786  0.99995851 -0.99999976]]
[[ 0.          0.99999718  0.9998368  -1.        ]]
[[ 0.          0.99999994  0.99979153 -0.99911466]]
[[ 0.          0.99987404  0.99999999 -0.99934534]]
[[ 0.          0.99998915  0.99999202 -0.99999905]]
[[ 0.          0.99999623  0.99999975 -0.9998474 ]]
[[ 0.          0.99985012  0.99988769 -0.99903114]]
[[ 0.          0.99999228  0.99999902 -0.99938149]]
[[ 0.          0.99996705  0.99908383 -0.99999978]]
[[ 0.          0.99911736  1.         -0.99968891]]
[[ 0.          1.          0.99987287 -0.99989991]]
[[ 0.          0.99999595  0.99970258 -0.99999997]]
[[ 0.          0.99986846  0.9999946  -0.99988215]]
[[ 0.          0.99999964  0.99961672 -0.99991636]]
[[ 0.          0.99999998  1.         -0.99984743]]
[[ 0.          1.          0.99940968 -0.99990948]]
[[ 0.          0.99958745  0.99994295 -0.99920364]]
[[ 0.          0.99971061  0.99999999 -0.99918791]]
[[ 0.          0.99999987  0.99998631 -0.99938453]]
[[ 0.          0.99999973  1.         -0.99937717]]
[[ 0.          0.99991286  0.99979462 -0.99973323]]
[[ 0.          0.9993035   0.99929359 -0.99999805]]
[[ 0.          0.99981852  1.         -0.99994946]]
[[ 0.          0.99958276  0.99999748 -0.99993368]]
[[ 0.          0.99989477  0.99998016 -0.99924785]]
[[ 0.          0.99998974  0.99942494 -0.99993838]]
[[ 0.          0.99999984  0.99998257 -0.99999406]]
[[ 0.          0.99998178  0.99999225 -0.99959048]]
[[ 0.          0.99995605  0.99911208 -0.99973335]]
[[ 0.          0.99915462  0.99999943 -0.99995041]]
[[ 0.          0.99984581  1.         -0.99998003]]
[[ 0.          0.99984776  1.         -0.99968041]]
[[ 0.          0.99999972  0.9996684  -0.99982376]]
[[ 0.          0.9996613   0.99967451 -0.9999928 ]]
[[ 0.          0.99999916  0.99998488 -0.99997718]]
[[ 0.          0.99995738  0.9999999  -0.99969728]]
[[ 0.          0.9999407   0.99999748 -0.99996271]]
[[ 0.          0.99999084  0.99984321 -0.99947516]]
[[ 0.          1.          0.99915204 -0.99972041]]
[[ 0.         1.         0.999877  -0.9999822]]
[[ 0.          0.99999634  0.99999955 -0.9991959 ]]
[[ 0.          0.99999991  0.99990707 -0.99974703]]
[[ 0.          0.99991491  0.99999988 -0.99921966]]
[[ 0.          0.99989963  1.         -0.99926205]]
[[ 0.          0.99902306  0.99983589 -0.9997042 ]]
[[ 0.          1.          0.9998044  -0.99968168]]
[[ 0.          0.9999975   0.99998959 -0.99998467]]
[[ 0.          0.99999178  0.99999992 -0.99980918]]
[[ 0.          0.99987047  0.99992595 -0.99995878]]
[[ 0.          0.99903366  0.9999939  -0.99989623]]
[[ 0.          0.99925483  0.99959835 -1.        ]]
[[ 0.          1.          0.99992272 -0.99991907]]
[[ 0.          0.99996304  0.9991818  -0.99997651]]
[[ 0.          0.99986921  1.         -0.99918962]]
[[ 0.          0.99999902  0.99997315 -0.99992191]]
[[ 0.          0.99999973  0.99990836 -0.9999943 ]]
[[ 0.          0.99961963  0.99965193 -0.99999773]]
[[ 0.          0.9999642   1.         -0.99932521]]
[[ 0.          0.99977394  0.99999095 -0.99999999]]
[[ 0.          0.99991751  0.99999997 -0.99979222]]
[[ 0.          0.99999755  0.99999982 -0.99998409]]
[[ 0.          0.99999682  0.99999986 -0.99989795]]
[[ 0.          0.99972156  0.9998875  -0.99976358]]
[[ 0.          0.99989422  0.99997228 -0.99999556]]
[[ 0.          0.99999991  0.99999803 -0.99950007]]
[[ 0.          0.99981299  0.99998318 -0.99992947]]
[[ 0.          0.99992314  1.         -0.99979929]]
[[ 0.          0.99997772  0.99974008 -0.99961979]]
[[ 0.          0.99983901  0.99983372 -1.        ]]
[[ 0.          0.99972934  0.99998771 -1.        ]]
[[ 0.          0.99987857  0.99998842 -0.9996742 ]]
[[ 0.          1.          0.99949454 -0.99969595]]
[[ 0.          1.          0.99999157 -0.99946237]]
[[ 0.          0.99928944  1.         -0.99998667]]
[[ 0.          0.99964201  0.99999996 -0.99977392]]
[[ 0.          0.99999999  0.9999932  -0.99970629]]
[[ 0.          0.99995156  0.99998991 -0.9999986 ]]
[[ 0.          0.99999939  0.99999779 -0.99956175]]
[[ 0.          0.99944708  1.         -0.99997803]]
[[ 0.          0.99998342  1.         -0.99997251]]
[[ 0.          0.9993602   1.         -0.99991953]]
[[ 0.          0.99988181  1.         -0.99958202]]
[[ 0.          0.99937754  0.99999918 -0.99999426]]
[[ 0.          0.99971035  0.99999996 -0.99998287]]
[[ 0.          0.99999992  0.9999852  -0.99947396]]
[[ 0.          0.9991434   0.99986893 -1.        ]]
[[ 0.          0.99999463  0.99999996 -0.99999872]]
[[ 0.          0.99973225  0.9998141  -1.        ]]
[[ 0.          1.          0.99992877 -0.99927969]]
[[ 0.          1.          0.99988937 -0.99999443]]
[[ 0.          0.99997876  0.99908087 -1.        ]]
[[ 0.          0.99975402  0.99944361 -0.99994019]]
[[ 0.          0.99999998  0.99999772 -0.99962601]]
[[ 0.          0.99914274  0.99991057 -0.99999999]]
[[ 0.          0.99993048  1.         -0.9999555 ]]
[[ 0.          0.99977196  0.99980688 -0.99999288]]
[[ 0.          0.99998627  0.99999999 -0.99998045]]
[[ 0.          0.99942891  0.99999905 -0.99999371]]
[[ 0.          0.99987734  0.99994976 -1.        ]]
[[ 0.          0.9999775   0.99993881 -0.9999999 ]]
[[ 0.          0.99982824  0.99919336 -0.99978758]]
[[ 0.          0.99999615  0.99996338 -0.99962469]]
[[ 0.          0.99954864  0.99999927 -0.99998706]]
[[ 0.          0.99999851  0.99965756 -0.99999563]]
[[ 0.          0.99916662  0.99992114 -1.        ]]
[[ 0.          0.99949178  0.99950697 -0.9997614 ]]
[[ 0.          1.          0.99922682 -0.99981436]]
[[ 0.          0.99977503  0.99998885 -1.        ]]
[[ 0.          1.          0.99999398 -0.99986449]]
[[ 0.          0.99988502  0.99999995 -1.        ]]
[[ 0.          0.99978336  0.99999797 -0.99929892]]
[[ 0.          1.          0.99966881 -0.99999925]]
[[ 0.          0.99999967  0.99940287 -0.99999175]]
[[ 0.          0.99999134  0.99999889 -0.99971086]]
[[ 0.          0.99999596  0.99999292 -0.99994355]]
[[ 0.          1.          0.99999962 -0.99967101]]
[[ 0.          0.99900004  0.99969365 -0.99999292]]
[[ 0.          0.99977105  0.99990994 -0.99998777]]
[[ 0.          0.99999802  0.99999945 -0.99999794]]
[[ 0.          0.99999275  0.99990317 -0.99999962]]
[[ 0.          0.99999999  0.99998984 -0.99981926]]
[[ 0.          0.9999606   0.9999984  -0.99976132]]
[[ 0.          0.99966501  0.99993474 -1.        ]]
[[ 0.          0.99973342  1.         -0.99972752]]
[[ 0.          0.99975828  0.99911744 -0.99999838]]
[[ 0.          0.99999929  0.99999971 -0.99982128]]
[[ 0.          0.99997251  0.99912002 -0.9999997 ]]
[[ 0.          1.          0.99965712 -0.99999999]]
[[ 0.          0.99999779  0.9997618  -0.99992618]]
[[ 0.          0.99992152  0.99958359 -0.99999863]]
[[ 0.          0.99987192  0.99912212 -0.99999999]]
[[ 0.          0.99994976  0.9994848  -0.99997785]]
[[ 0.          1.          0.99966119 -0.99995798]]
[[ 0.          0.99981473  0.99999767 -0.99999997]]
[[ 0.          0.99999679  0.99960686 -0.99999967]]
[[ 0.          1.          0.99954337 -0.99995357]]
[[ 0.          0.99960189  0.99985237 -0.99999686]]
[[ 0.          0.9995932   0.99978165 -0.99999997]]
[[ 0.          0.99996805  0.99999756 -0.99957063]]
[[ 0.          0.99920407  0.9994107  -0.99930798]]
[[ 0.          0.99999987  0.99999495 -0.99941248]]
[[ 0.          1.          0.99999308 -0.99990063]]
[[ 0.          0.9997141   0.99999323 -0.99999522]]
[[ 0.          0.99999858  0.9998909  -0.99960537]]
[[ 0.          0.9999986   0.99959213 -0.99948426]]
[[ 0.          0.99964291  0.99984556 -0.99965851]]
[[ 0.          0.9996944   0.99999524 -0.99999729]]
[[ 0.          0.99998839  0.99996654 -0.99966832]]
[[ 0.          0.9999101   0.99999976 -0.99999944]]
[[ 0.          0.99999998  0.99999997 -0.99986489]]
[[ 0.          0.99992534  0.99921331 -0.99993478]]
[[ 0.          0.99980192  0.9999628  -0.99999991]]
[[ 0.          0.99981773  0.99999997 -0.99998954]]
[[ 0.          0.99997798  0.99953328 -0.999934  ]]
[[ 0.          0.99999953  0.99999872 -0.9998767 ]]
[[ 0.          0.99999954  0.99990083 -0.99999988]]
[[ 0.          0.9999463   1.         -0.99993974]]
[[ 0.          0.99961333  0.9995039  -0.99921746]]
[[ 0.          0.99999035  0.99930663 -0.99980773]]
[[ 0.          0.99999944  0.99998193 -0.99999988]]
[[ 0.          0.99984423  0.99998893 -0.99999999]]
[[ 0.          0.9999989   1.         -0.99909307]]
[[ 0.          0.99996273  0.99965983 -0.99985603]]
[[ 0.          1.          0.99998869 -0.99975692]]
[[ 0.          1.          0.99949306 -0.99991965]]
[[ 0.          0.99999165  0.99999999 -0.99913613]]
[[ 0.          0.99966324  1.         -0.99942108]]
[[ 0.          1.          0.99977373 -0.99909311]]
[[ 0.          1.          0.99960332 -0.99999746]]
[[ 0.          0.99999983  1.         -0.99933478]]
[[ 0.          0.99999577  0.99996251 -0.99994435]]
[[ 0.          0.9999871   1.         -0.99982341]]
[[ 0.          0.99999845  0.99996256 -0.99999721]]
[[ 0.          0.99999541  0.9999514  -0.99996703]]
[[ 0.          0.99947631  0.99999775 -0.99913004]]
[[ 0.          0.99950607  0.99998839 -0.99999862]]
[[ 0.          0.99999567  0.99999975 -0.99904642]]
[[ 0.          0.99985552  0.99999982 -0.99947304]]
[[ 0.          0.99999848  1.         -0.99947523]]
[[ 0.          0.99917901  0.99978671 -0.99999595]]
[[ 0.          0.99984833  1.         -0.9991632 ]]
[[ 0.          0.9998221   1.         -0.99990358]]
[[ 0.          0.99999217  1.         -0.99959903]]
[[ 0.          0.9999995   0.99999386 -0.99946411]]
[[ 0.          0.99990277  0.99986727 -0.9996611 ]]
[[ 0.          0.99999902  0.99999733 -0.99988617]]
[[ 0.          0.99969831  0.99990269 -0.99999416]]
[[ 0.          1.          0.99999922 -0.99949936]]
[[ 0.          0.99997656  0.99942348 -0.99997964]]
[[ 0.          0.99950548  1.         -0.99934872]]
[[ 0.          0.99936121  1.         -0.99997866]]
[[ 0.          0.99999621  0.99972868 -0.99992476]]
[[ 0.          0.9999993   0.99998503 -0.99999753]]
[[ 0.          0.9999363   0.9990653  -0.99908408]]
[[ 0.          0.99999702  0.9999988  -0.99990305]]
[[ 0.          0.99998088  0.9999988  -0.99924377]]
[[ 0.          0.99992619  0.99964908 -0.99930182]]
[[ 0.          0.99999992  0.99996797 -0.99960436]]
[[ 0.          0.99982232  0.99999875 -0.99991948]]
[[ 0.          0.99999501  0.99998643 -0.9999946 ]]
[[ 0.          0.99999991  0.99914414 -1.        ]]
[[ 0.          0.9999999   0.99999978 -0.99994808]]
[[ 0.          0.9999995   0.99999873 -0.99999153]]
[[ 0.          0.99991491  0.99999999 -0.99998159]]
[[ 0.          0.99999969  0.99999697 -0.9999761 ]]
[[ 0.          0.99995655  0.99999381 -0.99932548]]
[[ 0.          0.99999922  0.99998674 -0.99982073]]
[[ 0.          0.99996976  0.99999939 -0.99999994]]
[[ 0.          0.999994    0.99999711 -0.99987855]]
[[ 0.          0.99999879  0.99976987 -0.99999963]]
[[ 0.          0.99998638  0.99999999 -0.99901532]]
[[ 0.          0.99993546  0.99960739 -0.99928498]]
[[ 0.          0.99999615  0.99997374 -0.99999093]]
[[ 0.          1.          0.99957487 -0.99972843]]
[[ 0.          0.99999425  0.99999997 -0.99933226]]
[[ 0.          0.99999906  0.99940561 -0.99933231]]
[[ 0.          0.99999969  0.99993509 -0.99999364]]
[[ 0.          0.99988854  0.99919534 -1.        ]]
[[ 0.          0.99999542  0.99999378 -0.99924859]]
[[ 0.          0.99982231  0.9999307  -0.9999957 ]]
[[ 0.          1.          0.99906503 -0.99998373]]
[[ 0.          0.99998652  1.         -0.99993113]]
[[ 0.          1.          0.99983214 -0.99998273]]
[[ 0.          0.99914779  0.99999994 -0.99932503]]
[[ 0.          0.99999954  0.99998644 -0.99998953]]
[[ 0.          0.99995979  0.99999998 -0.99904801]]
[[ 0.          0.9998545   0.99994362 -0.99999999]]
[[ 0.          0.99999425  0.99999982 -0.99949969]]
[[ 0.          1.          0.99962682 -0.9996157 ]]
[[ 0.          0.99999997  0.99999911 -0.99996433]]
[[ 0.          0.99983096  0.99965441 -0.99980285]]
[[ 0.          0.99996358  0.99991782 -0.99943747]]
[[ 0.          0.9999998   0.99999057 -0.99999863]]
[[ 0.          0.99984898  0.99998184 -0.99999997]]
[[ 0.          0.99999998  0.99998492 -0.99917797]]
[[ 0.          0.99986849  0.99999416 -1.        ]]
[[ 0.          0.99999998  0.99984761 -0.99916076]]
[[ 0.          1.          0.99993443 -0.99983767]]
[[ 0.          0.99994101  1.         -0.99997102]]
[[ 0.          1.          0.9999908  -0.99972771]]
[[ 0.          0.99997993  0.99990071 -1.        ]]
[[ 0.          0.99993452  0.99904032 -0.99999689]]
[[ 0.          0.99999954  0.99956106 -0.99999981]]
[[ 0.          0.99999408  0.99978183 -0.99999508]]
[[ 0.          0.99999983  1.         -0.99990801]]
[[ 0.          0.99999455  0.99949846 -0.99999832]]
[[ 0.          0.99983228  0.99988387 -0.9999992 ]]
[[ 0.          0.99927584  0.99999935 -0.99986303]]
[[ 0.          0.99992884  0.99937187 -0.99999991]]
[[ 0.          0.99914058  0.99999509 -0.99999992]]
[[ 0.          0.99972588  0.9997615  -0.99983883]]
[[ 0.          0.99999996  0.99999925 -0.99969561]]
[[ 0.          0.99999996  0.99918796 -0.99976541]]
[[ 0.          0.99987287  0.99935663 -0.99994543]]
[[ 0.          0.9999627   0.99999194 -0.99999998]]
[[ 0.          0.99999979  0.99999978 -0.9991659 ]]
[[ 0.          0.99999672  0.99979242 -0.99999997]]
[[ 0.          0.9999466   0.99972314 -0.99999321]]
[[ 0.          0.99999407  0.99999973 -0.99995278]]
[[ 0.          0.99999428  0.99999256 -0.99999596]]
[[ 0.          0.99999143  0.99951165 -0.99999611]]
[[ 0.          0.99993819  0.99999998 -0.99999641]]
[[ 0.          0.999998    0.99902443 -1.        ]]
[[ 0.          0.99947657  0.99999926 -0.99999976]]
[[ 0.          0.99972092  0.99991335 -0.99999921]]
[[ 0.          0.99932162  0.99922583 -0.99999994]]
[[ 0.          0.99990974  0.99946136 -0.99901234]]
[[ 0.          0.99998329  0.99998426 -0.99999963]]
[[ 0.          0.99942999  0.99999999 -0.99976896]]
[[ 0.          0.99999938  1.         -0.99973039]]
[[ 0.          0.99999123  0.99999961 -0.99917038]]
[[ 0.          1.          0.99995503 -0.99949894]]
[[ 0.          0.99953587  0.99999287 -0.99926816]]
[[ 0.          0.99975207  1.         -0.99994345]]
[[ 0.          0.99990559  0.99977407 -0.99998882]]
[[ 0.          0.99999999  0.99999691 -0.99994253]]
[[ 0.          0.99999999  0.99960044 -0.99995109]]
[[ 0.          0.99999995  0.99999919 -0.99991351]]
[[ 0.          0.99992905  0.9999067  -0.99998077]]
[[ 0.          1.          0.99980559 -0.99992455]]
[[ 0.          0.99996808  0.99999996 -0.99998497]]
[[ 0.          0.99999992  0.99997699 -0.99937634]]
[[ 0.          0.99980321  0.99995645 -0.99981277]]
[[ 0.          0.99926725  0.99999918 -1.        ]]
[[ 0.          0.99999572  0.99950787 -0.99986321]]
[[ 0.          0.99999554  0.99920611 -0.99993263]]
[[ 0.          0.99949057  1.         -0.99999557]]
[[ 0.          0.99999999  0.99999689 -0.99925263]]
[[ 0.          0.99998671  0.9997906  -0.9999616 ]]
[[ 0.          0.999324    1.         -0.99975552]]
[[ 0.          0.99921536  0.99992381 -0.99994964]]
[[ 0.          0.99995519  1.         -0.99999106]]
[[ 0.          0.99999979  0.99959822 -0.99990265]]
[[ 0.          0.99921589  0.9999884  -0.99999989]]
[[ 0.          1.          0.99999412 -0.99959122]]
[[ 0.          0.99999926  0.99999996 -0.99952534]]
[[ 0.          0.99999998  0.99948634 -0.99976665]]
[[ 0.          0.99995007  0.99999989 -0.9994859 ]]
[[ 0.          0.99986319  1.         -0.99940634]]
[[ 0.          0.99999247  1.         -0.99995487]]
[[ 0.          0.99998782  0.99999994 -0.9999984 ]]
[[ 0.          0.99999793  0.99999985 -0.99998808]]
[[ 0.          0.99998417  0.99956893 -0.9993331 ]]
[[ 0.          0.99915695  1.         -0.99998962]]
[[ 0.          0.99999471  0.9999999  -0.99997414]]
[[ 0.          0.9999994   0.99993534 -0.99999773]]
[[ 0.          0.99999991  0.99948528 -0.99999876]]
[[ 0.          0.99998828  1.         -0.99995073]]
[[ 0.          1.          0.99903228 -0.99987289]]
[[ 0.          0.99984752  0.99996413 -0.99999999]]
[[ 0.          0.99987236  0.99994279 -0.99999353]]
[[ 0.          0.9995832   0.99997736 -1.        ]]
[[ 0.          0.99999999  0.99998973 -0.99981654]]
[[ 0.          0.99967361  0.99955679 -0.99999934]]
[[ 0.          0.99918252  0.99999742 -0.99999992]]
[[ 0.          0.99993596  1.         -0.99999065]]
[[ 0.          1.          0.99999912 -0.99990064]]
[[ 0.          1.          0.99993106 -0.99999447]]
[[ 0.          1.          0.99965344 -0.99999973]]
[[ 0.          0.99997348  0.99998351 -1.        ]]
[[ 0.          0.99999999  0.99991069 -0.99977569]]
[[ 0.          1.          0.9999834  -0.99906202]]
[[ 0.          0.99999405  0.9998898  -0.99998038]]
[[ 0.          0.99959483  0.9998999  -0.99999597]]
[[ 0.          0.99964361  0.9997453  -0.99939348]]
[[ 0.          0.99996904  0.99936451 -1.        ]]
[[ 0.          0.99992586  0.99999629 -1.        ]]
[[ 0.          0.99998485  0.99999739 -0.99986807]]
[[ 0.          0.9999996   0.99949201 -1.        ]]
[[ 0.          0.99995805  1.         -0.9999711 ]]
[[ 0.          0.99997499  0.99999789 -1.        ]]
[[ 0.          0.99997241  0.99994018 -0.99999761]]
[[ 0.          0.99999791  0.99999954 -0.99999598]]
[[ 0.          0.99976214  1.         -0.99979363]]
[[ 0.          0.99934807  0.99998972 -0.99996156]]
[[ 0.          0.99997813  1.         -0.99966521]]
[[ 0.          0.9990073   0.99999954 -0.99992743]]
[[ 0.          0.99993758  0.99910946 -0.99999504]]
[[ 0.          0.99992633  0.99971886 -0.99999903]]
[[ 0.          0.99995317  1.         -0.99995696]]
[[ 0.          0.99999816  0.99997585 -0.99948995]]
[[ 0.          0.99999784  0.99970469 -1.        ]]
[[ 0.          0.99999937  0.99997337 -0.99927016]]
[[ 0.          1.          0.99999911 -0.9991467 ]]
[[ 0.          1.          0.99996025 -0.99998548]]
[[ 0.          0.99999719  0.99999719 -0.99983484]]
[[ 0.          0.99908504  0.99945458 -0.99968856]]
[[ 0.          0.99961328  0.99999999 -0.99927386]]
[[ 0.          0.99925151  0.99982279 -0.99999999]]
[[ 0.          0.99909429  0.99999983 -0.9999986 ]]
[[ 0.          1.          0.99922002 -0.99959025]]
[[ 0.          0.99964538  0.99971649 -0.99981649]]
[[ 0.          0.99999887  0.99997673 -0.99999882]]
[[ 0.          0.99999997  0.99998451 -0.99993096]]
[[ 0.          0.99998254  0.99978332 -0.99947692]]
[[ 0.          1.          0.99999886 -0.99957246]]
[[ 0.          0.99999999  0.99997933 -0.99993629]]
[[ 0.          0.99999715  0.99997902 -0.99929635]]
[[ 0.          0.99999754  0.99974845 -0.99999334]]
[[ 0.          1.          0.99992255 -0.99994217]]
[[ 0.          0.99999958  0.99999998 -0.99998943]]
[[ 0.          0.99974392  0.99998006 -0.99919242]]
[[ 0.          0.9999998   0.9999514  -0.99990917]]
[[ 0.          0.9999996   0.99932665 -0.99999986]]
[[ 0.          0.99998328  0.99998679 -0.99976916]]
[[ 0.          0.99996988  0.99999989 -0.99999818]]
[[ 0.          1.          0.99977855 -0.99973065]]
[[ 0.          0.99955092  0.9999993  -0.99999975]]
[[ 0.          0.99993604  0.99998927 -0.99933235]]
[[ 0.          0.99999989  0.99943077 -0.99987178]]
[[ 0.          0.99994274  0.99998559 -0.99999867]]
[[ 0.          0.99991391  0.99941369 -0.99997656]]
[[ 0.          0.99938275  0.99999934 -0.99999949]]
[[ 0.          0.9999998   0.99999976 -0.99983392]]
[[ 0.          0.99991869  0.99995705 -0.99998961]]
[[ 0.          0.99988072  0.99999996 -0.99999034]]
[[ 0.          0.99998586  0.99999228 -0.99957697]]
[[ 0.          0.99995207  0.99999699 -0.99998802]]
[[ 0.          0.99999435  0.99914102 -0.99999974]]
[[ 0.          0.99999938  0.99999999 -0.99989673]]
[[ 0.          0.99957209  0.99999566 -0.99916764]]
[[ 0.          0.99928118  0.99999893 -0.99999468]]
[[ 0.          0.99999552  0.99997148 -0.99998722]]
[[ 0.          0.99952656  0.99993324 -1.        ]]
[[ 0.          0.99970417  1.         -0.99998305]]
[[ 0.          0.99999806  0.99996066 -0.99991293]]
[[ 0.          0.99985966  0.99960335 -0.99999977]]
[[ 0.          0.99954238  0.99988045 -1.        ]]
[[ 0.          0.99999965  0.99968762 -0.99999702]]
[[ 0.          0.99999998  0.99947589 -0.99996179]]
[[ 0.          0.99998859  0.9999931  -0.99999932]]
[[ 0.          0.99999715  0.99913217 -0.99958839]]
[[ 0.          0.99955838  0.99903307 -1.        ]]
[[ 0.          0.99999431  0.99999753 -0.99979665]]
[[ 0.          0.99914593  0.99999997 -1.        ]]
[[ 0.          0.99973537  0.99981527 -0.99993474]]
[[ 0.          0.9999983   0.99999977 -0.99992536]]
[[ 0.          0.99996683  0.99999755 -0.99950067]]
[[ 0.          0.99999986  0.99999999 -0.99997182]]
[[ 0.          0.99999837  0.99999736 -0.99995762]]
[[ 0.          0.9999949   0.99999995 -0.99984159]]
[[ 0.          1.          0.99972526 -0.99993216]]
[[ 0.          0.99999908  0.99928429 -0.99999102]]
[[ 0.          1.          0.99991813 -0.99980726]]
[[ 0.          0.99990991  0.9995592  -0.99945695]]
