[[-3.77182049  2.70129489]]
[[ 2.934495   -4.40478048]]
[[-4.4015949   3.27274755]]
[[-4.33510952  3.03246088]]
[[-4.53303977  3.58168583]]
[[-4.48937377  3.47573901]]
[[ 2.84610029 -3.55164355]]
[[-4.5457617   3.71613328]]
[[ 3.26173168 -4.40202105]]
[[ 3.61638976 -4.52409351]]
[[ 2.91341105 -3.7669773 ]]
[[ 3.38546749 -4.26958785]]
[[ 2.78566249 -3.71567495]]
[[-3.97089514  3.10353594]]
[[ 3.51334065 -4.19586751]]
[[-4.32086619  3.11721992]]
[[ 3.03475343 -4.04488824]]
[[ 3.53673045 -4.36996218]]
[[-4.22162437  3.32402072]]
[[-4.54175251  3.73413476]]
[[-4.53295574  3.72723412]]
[[-4.33962991  3.29230241]]
[[-4.527483    3.33373332]]
[[ 3.21195893 -4.43331662]]
[[ 3.12123185 -4.50167024]]
[[-4.33765145  3.4330589 ]]
[[ 3.37930588 -4.29513046]]
[[-4.05777102  2.82746302]]
[[-4.33639389  3.19904068]]
[[-4.44895814  3.53709083]]
[[ 3.36328775 -4.21998554]]
[[-4.43179195  3.59690476]]
[[-4.47549675  3.27898205]]
[[ 3.75322331 -4.50158233]]
[[-4.40800328  3.74334636]]
[[-4.51642094  3.81087098]]
[[ 3.446537   -4.47416503]]
[[ 3.54477846 -4.26304831]]
[[-3.51585307  2.48395772]]
[[-4.38444547  3.45980354]]
[[ 3.19305881 -4.3322773 ]]
[[-4.03343903  3.19982599]]
[[-3.58797269  2.70696726]]
[[ 2.88265559 -4.30390903]]
[[-4.53647688  3.68520383]]
[[ 3.01554717 -4.36052711]]
[[ 3.06753995 -3.98683718]]
[[-4.53984984  3.538604  ]]
[[-4.18958928  3.12248483]]
[[-3.98368478  2.72241292]]
[[-4.22639219  3.50700489]]
[[ 2.97097273 -4.17594396]]
[[-4.33533472  3.36020279]]
[[-4.23281203  3.04343906]]
[[-4.45814792  3.04587476]]
[[ 3.09027962 -3.98840286]]
[[-4.18351085  3.3565573 ]]
[[ 3.35084248 -4.35253241]]
[[-4.50621132  3.47875748]]
[[-4.21180403  3.06294247]]
[[-4.38842325  3.02141691]]
[[-3.83206728  2.66760702]]
[[ 3.34173932 -4.3212238 ]]
[[ 3.14904383 -4.37322617]]
[[-4.54688835  3.16677813]]
[[-3.79179038  3.12899011]]
[[-4.51626708  3.73646905]]
[[ 3.25770716 -4.08322709]]
[[ 3.49374651 -4.37761816]]
[[-4.29174483  2.91501621]]
[[ 3.27101136 -4.5025575 ]]
[[-4.54938123  3.6922238 ]]
[[ 2.94891874 -3.82639802]]
[[-4.1847602   2.96260913]]
[[-3.81339147  2.85539839]]
[[-4.53099712  3.67676795]]
[[ 3.08964065 -4.43290411]]
[[ 3.36998251 -4.22871392]]
[[-4.3828838   2.99572374]]
[[ 3.53538794 -4.45053446]]
[[ 3.08828194 -4.02007208]]
[[ 3.50747104 -4.43165005]]
[[ 3.05856823 -4.22384132]]
[[ 2.97873133 -4.35098079]]
[[ 2.87406593 -3.60239881]]
[[-4.43763161  3.25877541]]
[[ 3.86327443 -4.45127381]]
[[-4.40331625  3.640424  ]]
[[-4.13420714  2.72023891]]
[[ 2.98138267 -3.78211338]]
[[-4.23907718  3.27592995]]
[[-3.80081094  3.00594192]]
[[ 2.97970924 -4.15336268]]
[[-4.21143324  3.17577904]]
[[-4.44072711  3.6997212 ]]
[[ 2.78594486 -3.69516131]]
[[ 3.59000305 -4.45334557]]
[[-3.85417593  2.83087062]]
[[ 3.35282401 -4.09856782]]
[[ 3.69620474 -4.37485499]]
[[ 3.56147144 -4.28340447]]
[[ 3.52845487 -4.50958511]]
