[[0.32568704 0.71346324 0.65249272 0.39031404]]
[[0.27217481 0.61399741 0.63649873 0.38232095]]
[[0.291481   0.6207163  0.61930113 0.34149453]]
[[0.21231667 0.73639619 0.64265139 0.38533791]]
[[0.28710826 0.61313737 0.79961748 0.39304475]]
[[0.21001251 0.72951159 0.6020629  0.37226275]]
[[0.21528129 0.62905329 0.63624411 0.33417249]]
[[0.23298522 0.6032862  0.65936163 0.36810283]]
[[0.21705202 0.69162086 0.66346766 0.3530283 ]]
[[0.31679772 0.70166816 0.62545347 0.36712305]]
[[0.20133486 0.61354721 0.6554641  0.30953177]]
[[0.19896418 0.70799895 0.60752362 0.38139447]]
[[0.26430721 0.70184025 0.70305195 0.38462085]]
[[0.25400836 0.66526195 0.61705042 0.370109  ]]
[[0.30180027 0.60670207 0.67709718 0.36132373]]
[[0.34658226 0.65205196 0.6019294  0.38978491]]
[[0.27444945 0.76971044 0.60082791 0.36514922]]
[[0.20350586 0.60064429 0.70978807 0.35958562]]
[[0.32520127 0.69272667 0.63637314 0.38135643]]
[[0.34071821 0.61235819 0.65288842 0.38862143]]
[[0.24037385 0.69298686 0.60509803 0.32749648]]
[[0.23739503 0.60919905 0.65986294 0.30708582]]
[[0.19592898 0.65506261 0.69915199 0.3812548 ]]
[[0.24548093 0.67496218 0.67092339 0.35590051]]
[[0.26446154 0.75570132 0.62976713 0.37667141]]
[[0.23219915 0.62192994 0.71533273 0.34548692]]
[[0.2269065  0.64250071 0.77727651 0.39459337]]
[[0.33389331 0.66243602 0.60132486 0.39761954]]
[[0.29161332 0.61336805 0.78956077 0.39327462]]
[[0.18392255 0.60376385 0.62520525 0.37953726]]
[[0.34272718 0.62600743 0.67425076 0.38457679]]
[[0.34781437 0.6766851  0.60962851 0.37281432]]
[[0.21879255 0.62859641 0.72965613 0.37663516]]
[[0.1948101  0.67699011 0.62454056 0.37164966]]
[[0.17788707 0.67589132 0.64335616 0.33221918]]
[[0.25441981 0.62380154 0.7030402  0.3655658 ]]
[[0.20145254 0.61253397 0.64277236 0.31346454]]
[[0.36269589 0.61040631 0.62467214 0.39246925]]
[[0.32192266 0.60293456 0.62712094 0.34272517]]
[[0.19775165 0.7001401  0.60766366 0.37764288]]
[[0.21883644 0.67952465 0.63428421 0.37506845]]
[[0.29976937 0.75138188 0.60844302 0.3797379 ]]
[[0.30689385 0.62576655 0.63009775 0.39888022]]
[[0.23662016 0.71639927 0.64732041 0.39800848]]
[[0.25542859 0.67330597 0.68170308 0.37255629]]
[[0.34095116 0.60265302 0.66820798 0.37620186]]
[[0.28394415 0.62664158 0.72274185 0.39138493]]
[[0.27550589 0.78932893 0.61828658 0.39433568]]
[[0.33292672 0.61109965 0.72705277 0.39725248]]
[[0.18770045 0.66034719 0.63591625 0.3244532 ]]
[[0.29699547 0.64231368 0.65518367 0.36039097]]
[[0.31828923 0.7296364  0.62557825 0.39738156]]
[[0.19611601 0.61764464 0.75183264 0.39080445]]
[[0.20085585 0.66564192 0.70620603 0.38602027]]
[[0.28806766 0.67147358 0.66399878 0.36357879]]
[[0.23004978 0.61199726 0.6535343  0.32694231]]
[[0.23586646 0.68565853 0.71526056 0.36468203]]
[[0.25681258 0.62561641 0.75843678 0.38706417]]
[[0.18307654 0.64820999 0.70648747 0.37585404]]
[[0.20408564 0.62295196 0.70289968 0.36827772]]
[[0.25129233 0.66478008 0.67175022 0.35719963]]
[[0.32322677 0.61021593 0.60172972 0.35653997]]
[[0.24127814 0.63114538 0.62041494 0.33024364]]
[[0.26706072 0.67325844 0.68048541 0.35664348]]
[[0.26971619 0.70847521 0.61725414 0.38425023]]
[[0.21454326 0.6296371  0.65224706 0.32051132]]
[[0.23121793 0.78410951 0.60640714 0.37194272]]
[[0.33901735 0.64998923 0.61833899 0.3822775 ]]
[[0.30771857 0.69017524 0.72990604 0.39635866]]
[[0.17948862 0.64682753 0.61646318 0.38634343]]
[[0.21449937 0.61240276 0.6754377  0.38519905]]
[[0.24037403 0.74823052 0.61679613 0.38871107]]
[[0.2807442  0.63669499 0.63879009 0.37118339]]
[[0.33738027 0.63355939 0.65618489 0.36671125]]
[[0.27400003 0.61696698 0.63028433 0.33712708]]
[[0.27901352 0.66754681 0.70038497 0.36142073]]
[[0.31279186 0.70781388 0.6126457  0.37430628]]
[[0.19375103 0.66442943 0.682265   0.35050959]]
[[0.30664837 0.70268703 0.72971904 0.39931868]]
[[0.31110119 0.72440019 0.60438688 0.39739058]]
[[0.25362202 0.62051855 0.74966622 0.37767332]]
[[0.24900288 0.64000727 0.70304407 0.36775799]]
[[0.28009662 0.68386051 0.62955973 0.33697642]]
[[0.36242484 0.60217213 0.63787225 0.38830492]]
[[0.20996153 0.63835449 0.68099738 0.33590961]]
[[0.28979942 0.6217999  0.74866625 0.3793618 ]]
[[0.33408195 0.63835765 0.63779419 0.39280897]]
[[0.20602271 0.60298672 0.62053572 0.39956531]]
