[[ 3.32901474 -4.06918471]]
[[ 2.81466116 -3.70270863]]
[[ 3.10978583 -4.34123397]]
[[ 2.92899157 -3.71175638]]
[[-4.2481529   3.31442389]]
[[ 3.5739998  -4.54232414]]
[[ 3.57008569 -4.40211807]]
[[ 3.58353418 -4.44730664]]
[[-4.13892318  3.30778535]]
[[ 2.75511196 -4.07852956]]
[[-4.0130139  3.1846154]]
[[ 2.89346692 -3.78006626]]
[[-4.21609164  3.38923926]]
[[-4.45435764  3.91068404]]
[[ 3.47130401 -4.40808595]]
[[-4.19800069  2.87895526]]
[[-3.98403628  2.91907146]]
[[-4.13080406  3.04088495]]
[[-4.4017663   3.53227808]]
[[ 3.36996682 -4.47270956]]
[[-4.50678468  3.26378623]]
[[-4.05138308  3.04999512]]
[[-4.15487809  3.40918205]]
[[ 2.39956054 -3.30130466]]
[[ 3.44866496 -4.23825093]]
[[ 3.24963149 -4.23381206]]
[[-4.27708019  3.54791639]]
[[-4.00852667  3.28890217]]
[[-3.67336257  2.83615632]]
[[ 3.07716183 -4.39446201]]
[[ 3.50686368 -4.53402842]]
[[-4.35953047  3.41996865]]
[[-3.63290564  2.78089553]]
[[ 3.10153924 -3.80249795]]
[[-4.40452172  3.60770476]]
[[-4.20744354  3.49818583]]
[[-4.50705538  3.47216628]]
[[ 2.97805633 -4.10576457]]
[[-4.17184044  2.82975483]]
[[ 3.2032181  -4.52076822]]
[[ 3.36070147 -4.3587527 ]]
[[ 3.32300995 -4.32633831]]
[[ 3.62870609 -4.51430718]]
[[-4.24796611  3.22160362]]
[[-4.05793215  2.97480774]]
[[ 3.01107766 -4.47255615]]
[[-4.33489454  3.18801568]]
[[-4.37893548  3.4491621 ]]
[[-3.94528533  3.18029586]]
[[ 3.27056816 -4.31438509]]
[[-4.53385727  3.76482053]]
[[-4.32582513  3.28186417]]
[[-4.21820932  3.04340912]]
[[ 3.39582631 -4.06432203]]
[[-4.35510614  3.09628236]]
[[ 2.89752815 -4.2170245 ]]
[[-4.46777635  3.44642165]]
[[ 3.10144864 -3.86099571]]
[[-4.33955302  3.26268729]]
[[-4.5145268   3.65988921]]
[[ 3.4052515  -4.42310257]]
[[-4.54377456  3.55710305]]
[[ 3.54720949 -4.32285138]]
[[ 3.12525869 -4.08935892]]
[[-4.51184093  3.89536767]]
[[-4.51680434  3.40608266]]
[[ 2.93595605 -3.64497103]]
[[-4.17962134  3.41264613]]
[[ 3.66170018 -4.34443206]]
[[ 3.33927665 -4.43505198]]
[[ 3.16955023 -4.12314696]]
