[[0.34240481 4.48108974]
 [0.33901373 2.6072422 ]]
[[0.29535698 3.61028464]
 [0.42443144 3.74574351]]
[[4.54888204 0.31814511]
 [2.10595442 0.36645676]]
[[3.70473358 0.45126818]
 [3.57875889 0.41552222]]
[[2.32976409 0.43546851]
 [2.33977266 0.4216941 ]]
[[0.54200437 1.8477941 ]
 [0.56924013 3.50218867]]
[[1.98515324 0.27743105]
 [4.34434898 0.3441172 ]]
[[2.26801788 0.21694783]
 [4.26841147 0.28551491]]
[[0.30212285 1.69119994]
 [0.26204483 2.35282143]]
[[2.27273244 0.3821575 ]
 [4.50418337 0.37021156]]
[[3.63960294 0.38239223]
 [3.79970988 0.40377663]]
[[0.44141742 4.12596205]
 [0.37787971 4.04241462]]
[[3.68813453 0.38390819]
 [3.89092739 0.36019448]]
[[2.79072822 0.46657615]
 [2.1538121  0.37841994]]
[[0.48403145 2.28364822]
 [0.53850391 4.45442886]]
[[4.26107877 0.44587237]
 [3.85891422 0.31179207]]
[[3.34591037 0.36261086]
 [1.49218626 0.23495989]]
[[1.61817683 0.35357618]
 [4.23678067 0.28372244]]
[[0.36241967 4.39019822]
 [0.31514838 3.68813204]]
[[0.38384451 2.22044092]
 [0.39459814 3.46722354]]
[[3.03720242 0.35499492]
 [4.32101449 0.47106666]]
[[1.93918795 0.37269393]
 [1.64261281 0.35854073]]
[[4.39727641 0.3338685 ]
 [2.90994527 0.32695136]]
[[3.1746129  0.42361213]
 [4.26760067 0.44116577]]
[[2.13863191 0.33260822]
 [4.36258675 0.32833808]]
[[0.40836864 4.51114754]
 [0.4608522  2.08445666]]
[[0.49827214 3.42991066]
 [0.40696957 4.42240346]]
[[0.26601635 2.85843257]
 [0.28270877 1.96626802]]
[[2.7661989  0.29447815]
 [1.31409293 0.23299564]]
[[0.4719526  2.96717876]
 [0.36872378 1.86846499]]
[[2.88231222 0.41347545]
 [1.84291963 0.3553941 ]]
[[0.39946301 2.27182277]
 [0.35525717 2.61009875]]
[[3.65381935 0.3779373 ]
 [3.72681375 0.39040857]]
[[0.30701285 1.80134077]
 [0.33536801 1.56437265]]
[[3.00879535 0.24935433]
 [3.69163022 0.23903819]]
[[0.3496413  3.91368404]
 [0.45957967 4.53526456]]
[[0.38596672 4.46278941]
 [0.42040242 2.35842863]]
[[0.37980825 1.87634827]
 [0.31049147 3.20262171]]
[[0.38598081 3.36320586]
 [0.37689575 1.76426796]]
[[3.83332366 0.35840744]
 [3.86721596 0.33283791]]
[[0.50464423 4.50731129]
 [0.43987985 2.62369121]]
[[0.30853973 3.5109757 ]
 [0.37515068 2.60146037]]
[[0.22948499 4.06852482]
 [0.25890457 4.12279288]]
[[4.06647897 0.46720785]
 [1.45135538 0.41430176]]
[[0.36055343 4.12914969]
 [0.39962356 2.39385887]]
[[3.95010526 0.33429387]
 [3.12214044 0.25809445]]
[[0.44093998 4.01293989]
 [0.35850983 1.27695366]]
[[2.2783507  0.2867956 ]
 [3.62468444 0.29259652]]
[[0.32011132 3.79741964]
 [0.30527605 4.08991558]]
[[0.39393126 1.84187094]
 [0.37788017 3.51555808]]
[[3.06438805 0.26795969]
 [2.91515338 0.23362874]]
[[0.40260842 2.48833706]
 [0.33205131 1.52751507]]
[[4.22049349 0.37885867]
 [4.31587778 0.31775247]]
[[2.57017197 0.33517109]
 [4.07079227 0.36248373]]
[[1.62040199 0.27819266]
 [4.26232187 0.34115803]]
[[2.39342617 0.27657304]
 [4.25945564 0.3249222 ]]
[[2.3089233  0.37319686]
 [3.04400523 0.3768126 ]]
[[2.79408597 0.41125823]
 [3.84634342 0.39405212]]
[[0.29371934 2.01589518]
 [0.29763969 2.68090132]]
[[1.49644512 0.27321983]
 [1.35571231 0.2587983 ]]
[[0.33133805 3.72809043]
 [0.31929212 3.30060472]]
[[1.81639046 0.39486443]
 [4.23640949 0.41894208]]
[[0.37267054 1.57854824]
 [0.28286015 1.06709226]]
[[4.42808153 0.51399082]
 [2.43939246 0.51453819]]
[[0.42101503 2.84362481]
 [0.39519725 2.71718463]]
[[0.28323455 4.17513633]
 [0.30386391 3.19859763]]
[[2.16696794 0.33747189]
 [3.33554506 0.39873715]]
[[0.3519761  4.05460486]
 [0.31758219 3.28509777]]
[[1.78689869 0.4752938 ]
 [1.71015859 0.45097099]]
[[0.43222976 2.18457048]
 [0.47213957 4.27886048]]
[[0.5275384  4.08751911]
 [0.53034218 4.19800321]]
[[0.28385761 2.09848524]
 [0.36398126 4.24150033]]
[[3.71252616 0.43081522]
 [4.00562922 0.39874023]]
[[2.38254658 0.4717569 ]
 [2.89383356 0.51113961]]
[[0.32570741 2.96262619]
 [0.31874741 2.2426153 ]]
[[2.72885844 0.3664589 ]
 [3.75836964 0.40024791]]
[[0.4131729  3.19884459]
 [0.40767379 2.28813858]]
[[0.50016465 3.18761183]
 [0.46100636 1.8048195 ]]
[[0.34762349 4.48682856]
 [0.31910643 2.02331441]]
[[0.46643811 2.33255439]
 [0.47613482 2.42313543]]
[[3.37896264 0.3952719 ]
 [4.53281339 0.36209562]]
[[2.63572257 0.42292272]
 [1.01322753 0.323311  ]]
