[[0.29111453 0.62502917 0.72552622 0.36844228]]
[[0.21927629 0.60599982 0.71501364 0.33671343]]
[[0.18013143 0.75607292 0.60677457 0.39092178]]
[[0.28966211 0.78202179 0.62826637 0.39415506]]
[[0.27256225 0.60215731 0.65478552 0.33355271]]
[[0.29135775 0.60016823 0.64514386 0.34523338]]
[[0.20315183 0.68362541 0.62932382 0.38979523]]
[[0.23234982 0.73576221 0.60600885 0.39179125]]
[[0.20939322 0.73804295 0.62607155 0.3715074 ]]
[[0.31583693 0.6054359  0.79415057 0.39631018]]
[[0.17376477 0.70284075 0.61682648 0.39308951]]
[[0.21826191 0.63086408 0.64894644 0.35681912]]
[[0.24470561 0.75810551 0.63334939 0.39586795]]
[[0.20110657 0.62355158 0.60631972 0.35579037]]
[[0.32119417 0.73497405 0.61065682 0.38103215]]
[[0.32206711 0.67448722 0.66231892 0.3962124 ]]
[[0.28783721 0.69139947 0.6125575  0.34602452]]
[[0.33528192 0.62236103 0.70603419 0.38737675]]
[[0.32975752 0.63460074 0.65300652 0.39306223]]
[[0.26499793 0.6178116  0.77514681 0.37055123]]
[[0.28709322 0.64622412 0.60827978 0.39415786]]
[[0.22554323 0.73005454 0.67386774 0.3728202 ]]
[[0.27455699 0.60123093 0.67519048 0.36690429]]
[[0.18741986 0.60168014 0.72465673 0.38000318]]
[[0.30677952 0.71022709 0.68390521 0.3931315 ]]
[[0.30638661 0.72913751 0.65681607 0.37370807]]
[[0.15719718 0.60067965 0.66003056 0.35393217]]
[[0.25325884 0.62562463 0.63714789 0.31676595]]
[[0.35966735 0.60454382 0.62436824 0.37736962]]
[[0.29735868 0.75743147 0.62081173 0.38500255]]
[[0.23091344 0.60637882 0.66868762 0.37651835]]
[[0.21458492 0.61730912 0.68707536 0.36614328]]
[[0.32179156 0.68868873 0.62455353 0.37508296]]
[[0.2847054  0.62369443 0.65971863 0.39683424]]
[[0.2076359  0.61447635 0.70193206 0.35632579]]
[[0.2292271  0.6303857  0.60188092 0.3892611 ]]
[[0.36545807 0.61821677 0.65536582 0.39921974]]
[[0.21782635 0.66092587 0.73843781 0.375272  ]]
[[0.19036914 0.67275316 0.63432395 0.34313533]]
[[0.18808401 0.60063831 0.70111783 0.38372132]]
[[0.2405869  0.68177748 0.64205881 0.39885991]]
[[0.26344852 0.78979283 0.61080835 0.36158939]]
[[0.27765299 0.67081862 0.63055676 0.3773513 ]]
[[0.24257307 0.7035339  0.6276838  0.34850797]]
[[0.2683884  0.63674281 0.6969139  0.3835262 ]]
[[0.22299902 0.64410483 0.66535336 0.35728399]]
[[0.2740023  0.62868146 0.60511663 0.3725707 ]]
[[0.18361697 0.70711863 0.64546263 0.37683769]]
[[0.28863308 0.60273196 0.6112791  0.37809375]]
[[0.36077662 0.68696294 0.61759255 0.39120109]]
[[0.36409432 0.64165788 0.60417612 0.39130053]]
[[0.23309383 0.61126815 0.74967568 0.3624852 ]]
[[0.23859867 0.76649213 0.61734386 0.35025123]]
[[0.26104282 0.61790651 0.68267696 0.33767292]]
[[0.26467199 0.61372468 0.67390839 0.37093972]]
[[0.33584172 0.63708429 0.62643908 0.38654711]]
[[0.32366429 0.63283898 0.60738548 0.35939223]]
[[0.2682062  0.64932602 0.63733668 0.36893548]]
[[0.27958088 0.70767331 0.61772486 0.39657768]]
[[0.27929276 0.63831529 0.65461045 0.38679303]]
[[0.26123793 0.67435406 0.62174577 0.3866704 ]]
[[0.29419855 0.7085177  0.60246508 0.3432179 ]]
[[0.25108016 0.64679474 0.69134664 0.36171046]]
[[0.2751663  0.6219388  0.66545388 0.37199356]]
[[0.18890118 0.61867959 0.71827124 0.38570375]]
[[0.25874891 0.73381552 0.65555447 0.39856013]]
[[0.21928675 0.70484603 0.64403623 0.36864476]]
[[0.24538126 0.63013192 0.64369603 0.36867921]]
[[0.26189472 0.66190904 0.6097206  0.31613638]]
[[0.34400585 0.6931991  0.67029962 0.39760273]]
[[0.22847699 0.63275119 0.76226835 0.38386944]]
[[0.18509924 0.73600569 0.62594851 0.35571823]]
[[0.31265941 0.65502575 0.60778108 0.36943548]]
[[0.26180437 0.6530616  0.65781081 0.39979817]]
[[0.27947628 0.60337597 0.65699312 0.36431666]]
[[0.2964737  0.63385518 0.6058281  0.38169824]]
[[0.28520251 0.62575448 0.75204023 0.3924081 ]]
[[0.25206293 0.65185553 0.62184614 0.33870432]]
[[0.29191498 0.62880185 0.66120872 0.33511593]]
[[0.3089378  0.63695458 0.70839367 0.37179175]]
[[0.25554326 0.76156717 0.61158953 0.36920449]]
[[0.32348439 0.69044566 0.63755445 0.39053343]]
[[0.23753089 0.64492233 0.60086552 0.37065626]]
[[0.28176859 0.66596676 0.66715429 0.35238772]]
[[0.22678956 0.62527038 0.62468889 0.37538401]]
[[0.28478707 0.74666716 0.66064287 0.39733625]]
[[0.27008347 0.71553095 0.67740212 0.37499666]]
[[0.2383522  0.65657502 0.70261531 0.36086924]]
