[[4.43739674 0.27962751]
 [3.81213638 0.3034307 ]]
[[0.2597091  3.39300234]
 [0.34622259 2.93539687]]
[[0.36951822 3.0551377 ]
 [0.369675   2.69554077]]
[[0.36002798 3.97938386]
 [0.34295352 3.24342609]]
[[0.44868702 3.37765147]
 [0.49992996 3.81922319]]
[[2.23763607 0.39079398]
 [3.14493899 0.42373723]]
[[0.34907228 2.7816598 ]
 [0.34573904 2.33622119]]
[[0.42744272 4.11738624]
 [0.33046319 4.15945087]]
[[0.27194325 2.00069544]
 [0.29186095 2.31492958]]
[[4.00994871 0.36298868]
 [2.81986481 0.40062729]]
[[2.12384033 0.49006222]
 [4.04029027 0.5130636 ]]
[[0.31527405 2.59811276]
 [0.34511433 2.85264092]]
[[0.37915906 2.58577809]
 [0.42679877 4.43568598]]
[[2.83359879 0.37516828]
 [4.17367234 0.3702252 ]]
[[3.52425146 0.46998282]
 [2.16624364 0.46633337]]
[[1.83661231 0.34305194]
 [3.79191515 0.31966907]]
[[0.39162448 3.47994025]
 [0.32819123 1.47833971]]
[[4.47551644 0.44860643]
 [2.45633886 0.37645329]]
[[3.49766941 0.39109391]
 [4.11557483 0.3437354 ]]
[[2.34534577 0.35083948]
 [2.5574968  0.34257699]]
[[0.28120903 4.49460045]
 [0.25274543 4.06869962]]
[[0.31685031 3.78637455]
 [0.28043586 2.3665331 ]]
[[3.49338178 0.41874418]
 [3.76051374 0.38917003]]
[[2.04787994 0.31969773]
 [2.85853895 0.40462532]]
[[0.48202188 1.53761693]
 [0.60240146 4.14334745]]
[[0.30660267 3.95598564]
 [0.32136026 4.4509349 ]]
[[2.81914578 0.35850636]
 [4.34189314 0.41063634]]
[[3.39382338 0.25371399]
 [3.62445362 0.3226341 ]]
[[0.61011043 3.00752211]
 [0.60671666 3.29754473]]
[[0.29038929 1.99298735]
 [0.37657467 3.40635158]]
[[2.45013167 0.23755586]
 [3.98060216 0.24439652]]
[[0.39950655 3.95954514]
 [0.40434517 4.01079893]]
[[4.37574366 0.43902779]
 [2.35293736 0.42375553]]
[[0.32308262 2.67640341]
 [0.31573938 2.42324323]]
[[3.67229399 0.38940326]
 [3.31320549 0.47564497]]
[[3.05972936 0.43790404]
 [3.29467853 0.43284336]]
[[3.82323028 0.53153713]
 [1.4184111  0.43570344]]
[[0.38193709 2.63083303]
 [0.35711876 4.31700496]]
[[2.30735869 0.36793758]
 [3.09615893 0.4920633 ]]
[[0.40792105 4.12487043]
 [0.45581525 4.11018378]]
[[3.06228043 0.240565  ]
 [3.65647751 0.30053246]]
[[3.23373299 0.26280973]
 [4.18578764 0.2311577 ]]
[[0.33830132 2.6354098 ]
 [0.31605254 3.62098057]]
[[0.25155101 3.4077326 ]
 [0.35083371 3.48206127]]
[[3.53004888 0.46779862]
 [2.44032129 0.49020206]]
[[0.34155954 2.67700956]
 [0.43550748 3.73967055]]
[[0.27998354 2.83860648]
 [0.23466819 3.03280689]]
[[0.38657634 4.51464585]
 [0.40061409 3.8633248 ]]
[[2.38413261 0.33960103]
 [2.45100706 0.29359169]]
[[0.45023112 2.05583271]
 [0.34985301 2.48886453]]
[[3.29022856 0.32756958]
 [3.55344734 0.3682642 ]]
[[0.32806354 2.80437841]
 [0.30918949 2.69704145]]
[[0.26518872 2.04699469]
 [0.31610618 3.11458837]]
[[0.36277094 2.44467871]
 [0.3814479  3.61756258]]
[[3.63528718 0.33621782]
 [1.48494504 0.23810167]]
[[1.45501863 0.33733537]
 [4.25351531 0.3849748 ]]
[[0.36861298 2.61758291]
 [0.34433244 2.88089092]]
[[0.43037129 1.68966843]
 [0.48390107 4.04314566]]
[[3.95316384 0.49729183]
 [2.49953675 0.51967288]]
[[0.27401324 1.64722117]
 [0.37590325 3.59241966]]
[[2.45904268 0.42922141]
 [2.79410391 0.40282458]]
[[0.29112384 3.13730702]
 [0.32060544 3.30860995]]
[[2.56223487 0.32531394]
 [3.80880816 0.35251442]]
[[0.42021147 1.82514233]
 [0.40916215 4.3905353 ]]
[[4.27713113 0.22047369]
 [4.12104544 0.21373156]]
[[2.11115448 0.27000227]
 [4.26531664 0.3078352 ]]
[[0.32712963 1.55344155]
 [0.31759536 1.22559894]]
[[0.3468315  3.21465145]
 [0.40964952 3.41358015]]
[[2.41203288 0.35793562]
 [2.82473913 0.35648591]]
[[0.44547419 4.54720719]
 [0.41118381 4.50092914]]
[[0.44848909 3.51288105]
 [0.40704013 3.48851714]]
[[3.62493502 0.50344253]
 [4.43324839 0.52566139]]
[[0.48792597 4.20550741]
 [0.4984739  3.85737077]]
[[4.508656   0.38513261]
 [2.31492212 0.3766196 ]]
