[[3.09858346 0.49580523]
 [3.14435185 0.45297742]]
[[2.15543148 0.35445356]
 [1.52770175 0.34085583]]
[[3.36241126 0.4280865 ]
 [3.07391223 0.42427895]]
[[3.09497464 0.32509424]
 [2.79612608 0.26570869]]
[[0.33408998 4.11540126]
 [0.46783361 4.25446951]]
[[2.72464111 0.32812407]
 [3.11403394 0.25650092]]
[[2.32940455 0.34505363]
 [1.45525561 0.31307255]]
[[0.31066598 2.7405949 ]
 [0.31409878 1.64560397]]
[[0.32144539 2.12994797]
 [0.32830365 4.38519474]]
[[3.77193589 0.51171313]
 [3.12782634 0.4525141 ]]
[[0.30633232 3.36283818]
 [0.32959904 3.39708181]]
[[0.30446747 1.88500692]
 [0.25201539 2.01074125]]
[[2.43403212 0.3644573 ]
 [3.32517948 0.37689334]]
[[0.415212   3.45141447]
 [0.30844259 1.20283019]]
[[4.13011421 0.40329866]
 [4.05718624 0.45139881]]
[[3.12884591 0.53284739]
 [1.81682334 0.45766356]]
[[4.28583745 0.45902643]
 [3.53706915 0.34245207]]
[[2.26668876 0.2507266 ]
 [4.26609321 0.33214184]]
[[0.49705128 3.95688942]
 [0.44912862 3.08573809]]
[[2.91627817 0.44727101]
 [3.93783067 0.4878916 ]]
[[0.3901249  4.47233748]
 [0.3355961  3.96907121]]
[[0.36691093 3.97198717]
 [0.39013493 3.09254757]]
[[0.26702888 4.25449351]
 [0.2822573  2.72040917]]
[[0.34877688 2.25309501]
 [0.367662   4.51392514]]
[[0.43202925 3.34530477]
 [0.32925677 2.01645716]]
[[0.32471493 4.39874853]
 [0.36595096 2.60180391]]
[[3.41842734 0.2827211 ]
 [2.33440085 0.35374128]]
[[0.45140381 2.1538621 ]
 [0.41544428 2.47919271]]
[[0.36126446 2.9193858 ]
 [0.4682948  2.23804657]]
[[3.72584873 0.23186308]
 [3.45696591 0.24366094]]
[[3.11297076 0.51609267]
 [2.146733   0.52772992]]
[[4.18814769 0.58765847]
 [3.92646169 0.53348531]]
[[0.26928653 4.0128021 ]
 [0.33209738 4.30243166]]
[[2.93098983 0.2803607 ]
 [3.87370197 0.2562135 ]]
[[0.28976758 3.90082532]
 [0.27199051 3.84755914]]
[[0.35211038 3.80062954]
 [0.36866818 1.85978583]]
[[0.30434179 2.62306305]
 [0.32356149 2.82683335]]
[[0.5092599  2.66127754]
 [0.54018119 4.43301229]]
[[0.51130112 3.83677267]
 [0.52064872 3.03359341]]
[[0.2906099  2.58104042]
 [0.24864908 4.388398  ]]
[[1.7620431  0.29740596]
 [4.25871339 0.30552915]]
[[2.89240092 0.47131548]
 [4.090224   0.38302085]]
[[3.07249802 0.36801158]
 [2.50136669 0.36327191]]
[[3.07670638 0.33575662]
 [2.27592112 0.28132149]]
[[0.35425691 2.74556796]
 [0.35644457 2.55462396]]
[[4.22942853 0.48425802]
 [3.47197687 0.52885377]]
[[0.33551653 3.83251954]
 [0.40167953 4.05141796]]
[[2.52399267 0.44415626]
 [2.31042387 0.32557769]]
[[4.24156443 0.42148534]
 [3.249547   0.50057482]]
[[2.67209912 0.3073462 ]
 [2.35831065 0.28938051]]
[[2.73201545 0.41995669]
 [3.59791067 0.43791063]]
[[0.49875889 3.55160132]
 [0.39152348 1.86700267]]
[[3.9733431  0.22919742]
 [4.44910769 0.31287853]]
[[1.740548   0.26093157]
 [3.5060646  0.3155796 ]]
[[4.42902215 0.42514286]
 [2.90283507 0.40913565]]
[[0.32228817 2.25217653]
 [0.36565538 4.19096199]]
[[0.33413248 3.33302999]
 [0.35636358 4.05322484]]
[[2.83966301 0.33157904]
 [1.81074639 0.38818296]]
[[0.24866439 3.44596686]
 [0.28202434 3.45093832]]
[[1.40472282 0.25326831]
 [3.98850786 0.35227143]]
[[0.36410388 4.07330225]
 [0.35558723 2.60072419]]
[[3.15432316 0.46524458]
 [4.24903536 0.46703423]]
[[1.57852424 0.34860045]
 [2.96031271 0.38147209]]
[[0.38830091 4.11136291]
 [0.39100899 3.75846515]]
[[2.61919889 0.37991848]
 [2.91786455 0.32519513]]
[[2.68019683 0.31765235]
 [4.3544144  0.34212025]]
[[3.49980029 0.38743975]
 [4.05532926 0.27794511]]
[[4.46492558 0.49088267]
 [3.91855916 0.46389241]]
[[0.43038168 3.79875223]
 [0.44984893 2.92268791]]
[[0.24315547 2.72765513]
 [0.23357605 3.85369085]]
[[1.41029274 0.24660006]
 [3.26700865 0.33266718]]
[[0.36442766 3.70406154]
 [0.27485949 2.93814061]]
[[3.76499342 0.38612245]
 [2.0439373  0.36286516]]
[[0.52789304 3.28263355]
 [0.55066472 3.90367391]]
[[0.40548313 3.108042  ]
 [0.39984286 2.26335483]]
[[3.32557449 0.40201397]
 [3.57920984 0.42504177]]
[[2.93518643 0.47811819]
 [4.25383032 0.42263724]]
[[0.28175605 2.22233926]
 [0.3099498  4.03987398]]
[[0.42167649 3.21289677]
 [0.44934572 4.52239467]]
[[4.43408713 0.44776114]
 [3.31225823 0.35495788]]
[[0.31423399 4.15678721]
 [0.38680468 2.83592803]]
[[1.74444512 0.31877346]
 [4.19757758 0.39427447]]
[[0.46535642 3.91984594]
 [0.41738901 2.60949663]]
[[3.31803641 0.51774915]
 [4.5359709  0.55693101]]
[[0.30205393 3.74938513]
 [0.32872727 4.33890353]]
[[2.48809797 0.36170584]
 [4.07278856 0.46313943]]
[[2.77937326 0.43701474]
 [4.53597059 0.45073292]]
[[0.23656875 3.90127295]
 [0.24514048 3.33291097]]
