[[ 3.05326968 -4.26108184]]
[[-4.45068749  3.24666648]]
[[-3.53824987  2.71454178]]
[[-4.21300005  3.21112714]]
[[-4.5110857   3.70057669]]
[[ 2.97881813 -3.79378784]]
[[-4.354207   3.3110052]]
[[-4.1925335   3.28441898]]
[[-3.9314157   2.79460078]]
[[ 3.30164116 -4.26686363]]
[[ 3.62010341 -4.33666594]]
[[-4.15092958  3.04699328]]
[[-4.39401246  3.42280101]]
[[ 2.98569013 -3.92294822]]
[[ 3.16943501 -3.85286881]]
[[ 3.34429189 -4.45849963]]
[[-4.3298219  3.3720915]]
[[ 3.56093319 -4.42366969]]
[[ 3.27577302 -4.22675016]]
[[ 2.60864617 -3.43653401]]
[[-4.05775111  2.8425042 ]]
[[-4.46285098  3.169486  ]]
[[ 3.04494463 -3.88301305]]
[[ 3.49575071 -4.50131538]]
[[-4.54315907  3.89950493]]
[[-4.39606569  3.1486169 ]]
[[ 3.34770388 -4.36236951]]
[[ 3.22262676 -4.46338557]]
[[-4.28280539  3.72367629]]
[[-4.05222336  3.05009238]]
[[ 2.9212359  -4.30151998]]
[[-3.59577334  2.81438387]]
[[ 3.53941446 -4.46889369]]
[[-4.26972638  3.10241266]]
[[ 3.51635685 -4.3116604 ]]
[[ 3.15246618 -3.91419029]]
[[ 3.59571002 -4.28714112]]
[[-4.18578966  3.25709245]]
[[ 3.63503047 -4.4313629 ]]
[[-4.13129001  3.28155316]]
[[ 2.77891826 -3.93390884]]
[[ 2.84208256 -4.14463192]]
[[-3.72886335  2.79113583]]
[[-4.12690127  3.03431257]]
[[ 3.71842199 -4.4361348 ]]
[[-4.47236767  3.51571959]]
[[-4.42267235  3.07702337]]
[[-3.64212727  2.85588717]]
[[ 2.85989108 -3.84531347]]
[[-4.49203465  3.6235363 ]]
[[ 3.16084745 -4.14061097]]
[[-3.85879472  2.88117002]]
[[-4.35417502  3.15009369]]
[[-4.44577833  3.39518781]]
[[ 3.19606167 -4.38932166]]
[[ 2.96014818 -3.87905341]]
[[-3.82546256  2.93814861]]
[[-4.07236859  3.30575807]]
[[ 3.75909861 -4.46091062]]
[[-4.54870699  3.46110147]]
[[ 3.51370909 -4.47735297]]
[[-4.46859136  3.24091752]]
[[ 2.97144721 -3.92519415]]
[[-4.50138513  3.56930253]]
[[ 2.83911788 -4.41631783]]
[[ 2.94381315 -4.14393294]]
[[-4.07804702  3.10285508]]
[[-4.21156416  3.29376256]]
[[ 3.54594205 -4.54602802]]
[[-4.34698379  3.46336212]]
[[-3.72352867  2.97645933]]
[[ 3.4028275  -4.05932659]]
[[-3.96959122  3.25178675]]
[[ 2.86254831 -3.72252472]]
