[[0.38311416 2.38445679]
 [0.46982511 4.37977141]]
[[0.30858166 4.48467502]
 [0.35592854 2.50019451]]
[[3.70048327 0.30022707]
 [4.07796942 0.21251243]]
[[4.16759343 0.46336089]
 [2.83750791 0.34522925]]
[[2.90833859 0.38424596]
 [3.58992815 0.42407573]]
[[2.87464224 0.40770063]
 [2.86515426 0.43750148]]
[[0.28226494 3.89243089]
 [0.24711105 3.47138521]]
[[0.36529022 4.49617102]
 [0.25270231 1.8419515 ]]
[[0.33518932 3.73040605]
 [0.26245545 2.90209985]]
[[0.37957752 2.87404233]
 [0.53041135 4.04240417]]
[[0.28426092 4.27958472]
 [0.20830879 1.92599773]]
[[1.27075576 0.29311162]
 [2.10375133 0.34972897]]
[[0.38970959 3.2582519 ]
 [0.28127359 1.76495259]]
[[3.53118679 0.27188502]
 [4.35024305 0.26485842]]
[[2.68659924 0.51222046]
 [4.22423224 0.43925772]]
[[3.80305494 0.44951508]
 [2.50251219 0.42540669]]
[[0.45848764 2.62073358]
 [0.41980515 3.65086927]]
[[4.46693027 0.46294402]
 [3.22601257 0.51577326]]
[[2.38764161 0.43348151]
 [2.63309637 0.45187555]]
[[3.83218728 0.33012526]
 [4.47503069 0.43691968]]
[[1.23861427 0.34351758]
 [4.01291652 0.39858171]]
[[3.29047945 0.34066522]
 [3.70824826 0.30932595]]
[[2.13594446 0.33442002]
 [3.6235237  0.40280976]]
[[0.22388013 4.00915318]
 [0.2971724  4.03572152]]
[[0.45855382 3.85907092]
 [0.41747527 2.22217702]]
[[3.92542346 0.4886502 ]
 [4.01622488 0.43915978]]
[[2.30378546 0.21570396]
 [4.17574025 0.26451774]]
[[1.91337885 0.38901436]
 [2.91946645 0.41907193]]
[[0.56028104 4.23956454]
 [0.56633846 3.15518259]]
[[3.20570091 0.47413002]
 [2.53992581 0.37161245]]
[[1.22529578 0.26596587]
 [3.44589392 0.37269226]]
[[0.26856258 1.67509538]
 [0.33828684 2.92221588]]
[[3.78191382 0.49267706]
 [3.41531629 0.44419009]]
[[2.25002822 0.35322034]
 [1.69290939 0.35593442]]
[[0.26796724 3.53940102]
 [0.32220095 4.17509013]]
[[0.27003576 1.59845784]
 [0.29419879 4.49213615]]
[[2.06567011 0.52476669]
 [2.91513634 0.57961737]]
[[3.11811004 0.29049074]
 [3.1382027  0.33715819]]
[[0.29394073 2.25388652]
 [0.28439009 3.04115835]]
[[0.22175177 3.95743566]
 [0.28397517 4.44575039]]
[[0.31038663 3.68927301]
 [0.28249422 3.29534695]]
[[4.53590059 0.45607016]
 [4.5478019  0.33728722]]
[[0.37605979 3.95297669]
 [0.3459721  3.36874516]]
[[0.37685047 2.92761924]
 [0.33312126 3.05633904]]
[[3.79302801 0.37971674]
 [1.50328954 0.36366432]]
[[0.30543171 3.62074857]
 [0.31593299 3.30677952]]
[[3.039923   0.35683345]
 [2.34315122 0.33083637]]
[[1.99946499 0.27530906]
 [4.19459727 0.26545108]]
[[0.35857726 3.29768164]
 [0.34777046 2.16729741]]
[[4.27949833 0.59280385]
 [4.52878115 0.53788179]]
[[3.48314379 0.55740275]
 [3.18471061 0.52276573]]
[[3.00940416 0.29305133]
 [3.16104128 0.37867009]]
[[0.40827431 4.36258768]
 [0.31466669 4.03620219]]
[[0.3753934  4.08784844]
 [0.40546752 2.86219962]]
[[0.35034217 1.56847613]
 [0.38575457 1.57947965]]
[[1.84095672 0.46006202]
 [3.20030562 0.48778328]]
[[0.49323719 2.17994985]
 [0.48376008 2.46187612]]
[[3.01944949 0.35422243]
 [3.82828555 0.35248316]]
[[0.40622608 3.35489352]
 [0.31397556 1.73831534]]
[[0.35968191 3.44272813]
 [0.35076087 2.12110695]]
[[2.75621383 0.36571999]
 [1.7421401  0.30670809]]
[[0.4933121  2.71927019]
 [0.4384273  4.30820603]]
[[2.75878428 0.33979041]
 [3.0237455  0.3699423 ]]
[[2.92974974 0.34558021]
 [3.29867828 0.37747992]]
[[0.24264327 3.79698034]
 [0.28566014 2.32497549]]
[[2.77435926 0.40842405]
 [1.403513   0.31008219]]
[[0.3249937  1.99682279]
 [0.30359696 2.59103884]]
[[1.45444739 0.3091365 ]
 [2.83256181 0.36174888]]
[[0.43094246 2.58232453]
 [0.40880462 3.28669013]]
[[0.5222393  3.78543816]
 [0.50191138 3.43728822]]
[[0.30971627 4.24704638]
 [0.35019596 1.74555798]]
[[4.42265054 0.31954774]
 [2.87265919 0.24823054]]
[[3.26615862 0.44454668]
 [3.92248909 0.41586896]]
[[0.32453594 3.23567624]
 [0.31513608 2.30815042]]
[[4.08572473 0.36194892]
 [2.48143052 0.38226202]]
[[4.19343669 0.39782505]
 [1.97174563 0.34929344]]
[[0.33950547 4.45122627]
 [0.42252156 3.69791777]]
[[2.6213833  0.39168225]
 [1.8703277  0.35441383]]
[[0.4507295  3.43589583]
 [0.47521911 3.88992684]]
[[0.43996144 2.66385284]
 [0.48621515 2.59065422]]
[[4.05284873 0.41089322]
 [3.92383819 0.31353006]]
[[4.47367423 0.46242732]
 [3.90999456 0.42151225]]
[[2.25693123 0.30681019]
 [4.48774344 0.29806923]]
[[4.0312236  0.41934602]
 [3.81066339 0.4188874 ]]
[[4.5294657  0.31660692]
 [1.6284473  0.27506509]]
[[3.74710275 0.41125054]
 [4.47999292 0.35559989]]
[[3.25525744 0.39504301]
 [3.83509881 0.37462773]]
[[0.3227601  1.72798479]
 [0.38437449 3.51124776]]
