[[0.23105682 0.65109773 0.6687474  0.34281963]]
[[0.26672911 0.60809499 0.7944102  0.396239  ]]
[[0.25812449 0.61512374 0.73051639 0.38801387]]
[[0.32678556 0.66626683 0.61872395 0.38928726]]
[[0.28931619 0.65550175 0.63321105 0.35253557]]
[[0.36747263 0.63870456 0.61420313 0.39976573]]
[[0.23879904 0.6050969  0.67018204 0.37476584]]
[[0.18479381 0.61110593 0.69756427 0.39134117]]
[[0.20042835 0.7413735  0.6348305  0.39937757]]
[[0.26674483 0.72366398 0.67060621 0.38217511]]
[[0.26818806 0.65582918 0.68844223 0.35391877]]
[[0.28282118 0.717396   0.62113761 0.36038839]]
[[0.23525231 0.66155226 0.61861839 0.31034288]]
[[0.29748769 0.73384814 0.62169751 0.38164462]]
[[0.34799137 0.63801658 0.67226033 0.3953146 ]]
[[0.25911368 0.81152762 0.61782693 0.37973794]]
[[0.22097032 0.74139178 0.60374735 0.39885893]]
[[0.22625052 0.79005361 0.60568898 0.39971007]]
[[0.21955415 0.72860531 0.65283676 0.34269519]]
[[0.26564756 0.69647403 0.68431575 0.36771505]]
[[0.28560246 0.6240245  0.77987528 0.38140443]]
[[0.30357629 0.61207819 0.61194013 0.39607883]]
[[0.23490923 0.61302383 0.61651076 0.332368  ]]
[[0.28672864 0.63007332 0.64557333 0.33970405]]
[[0.22460686 0.71489485 0.6684702  0.36579205]]
[[0.30209948 0.61853042 0.74188704 0.38418598]]
[[0.3137431  0.77899573 0.64630645 0.39928781]]
[[0.17879123 0.61364717 0.67636617 0.34519461]]
[[0.19404474 0.64678465 0.63016258 0.39489262]]
[[0.30073527 0.74125738 0.62759781 0.39246722]]
[[0.28177315 0.65401753 0.60285539 0.36324212]]
[[0.2707718  0.73478265 0.65399555 0.38601199]]
[[0.2437844  0.63755476 0.65815552 0.31681734]]
[[0.23576591 0.65046964 0.72156185 0.39979981]]
[[0.17886628 0.64694761 0.62125008 0.37636229]]
[[0.28618947 0.61129232 0.76737801 0.37872093]]
[[0.27418742 0.61348915 0.70071182 0.35239787]]
[[0.2374623  0.77057966 0.61317701 0.37532188]]
[[0.2870813  0.61830581 0.65653119 0.37746656]]
[[0.23072657 0.65223073 0.60854393 0.32014717]]
[[0.30853578 0.68764956 0.61852144 0.35750773]]
[[0.24702092 0.60165681 0.72444794 0.3654449 ]]
[[0.18525126 0.62545215 0.67407695 0.39238605]]
[[0.31732159 0.62899768 0.64988822 0.38974498]]
[[0.25136109 0.63542437 0.72916672 0.35113823]]
[[0.21280313 0.72292627 0.60434926 0.36700796]]
[[0.27697997 0.65662648 0.65097126 0.37636001]]
[[0.2193274  0.6287495  0.6137968  0.36158777]]
[[0.21373001 0.63447605 0.60699812 0.32320443]]
[[0.27740898 0.68090719 0.60543938 0.36509492]]
[[0.16998812 0.66149544 0.602539   0.35328643]]
[[0.24916485 0.68878424 0.62867893 0.35634339]]
[[0.22177783 0.7329458  0.62707283 0.33080995]]
[[0.25801255 0.66553116 0.68827612 0.37948201]]
[[0.21674325 0.67843144 0.71384411 0.38996276]]
[[0.20644976 0.62557621 0.68301952 0.34983613]]
[[0.2365623  0.61802581 0.60470419 0.30160442]]
[[0.25924805 0.67726061 0.63274047 0.33013046]]
[[0.22189605 0.65735264 0.64086189 0.37763635]]
[[0.21436929 0.60987538 0.60356149 0.3997202 ]]
[[0.22526133 0.69545639 0.67981253 0.36316517]]
[[0.27509379 0.68952813 0.66609807 0.36706184]]
[[0.24212735 0.67249138 0.60562604 0.39177717]]
[[0.34222582 0.64908993 0.68269263 0.39132106]]
[[0.29358849 0.72628126 0.69086118 0.39764705]]
[[0.20793042 0.61661074 0.66110856 0.34773363]]
[[0.26939453 0.63807555 0.70688493 0.37878253]]
[[0.24128185 0.68888712 0.63974683 0.36172871]]
[[0.32690872 0.63716181 0.60814686 0.37895523]]
[[0.33331997 0.64193193 0.65948709 0.3970824 ]]
[[0.32341093 0.62898971 0.63192999 0.34546434]]
[[0.23528946 0.65518997 0.74625286 0.39317973]]
[[0.2702771  0.70551584 0.6515947  0.3460717 ]]
[[0.33586623 0.66342042 0.70312435 0.39844558]]
[[0.2599155  0.63895976 0.64585943 0.3890487 ]]
[[0.25031367 0.6420563  0.68295374 0.33487307]]
[[0.2804916  0.60717301 0.62101509 0.33625246]]
[[0.30723381 0.61237754 0.60965669 0.34118313]]
[[0.22325727 0.69147747 0.68834473 0.36105476]]
[[0.34391612 0.60356261 0.61298088 0.38389064]]
[[0.27253197 0.69344048 0.63246266 0.36469026]]
[[0.26898988 0.60963821 0.6157059  0.3752644 ]]
