[[-4.27586136  3.19698698]]
[[-4.2206586   3.28547891]]
[[ 3.10321596 -4.0712293 ]]
[[ 3.02490319 -3.75295219]]
[[ 3.47693611 -4.33029007]]
[[-4.35262489  3.75208717]]
[[ 2.8518039  -3.89765798]]
[[ 2.91895001 -4.22498153]]
[[-4.53032948  3.30776781]]
[[ 3.4177275  -4.35284812]]
[[ 3.34816645 -4.27787792]]
[[-4.21061139  3.33431147]]
[[ 3.29258916 -4.35342733]]
[[ 3.52832855 -4.35339936]]
[[-4.28626164  3.62534012]]
[[ 3.58177498 -4.54596114]]
[[ 3.19298536 -4.31670565]]
[[ 3.42439308 -4.52436566]]
[[-4.52643202  3.39623623]]
[[-4.47090379  3.53165246]]
[[ 3.5778974 -4.4443183]]
[[ 2.80579397 -3.61017723]]
[[ 2.85933159 -3.92163179]]
[[ 3.34033975 -4.20278339]]
[[ 3.36733348 -4.47463283]]
[[-4.38468724  3.57531468]]
[[-4.50824041  3.7377467 ]]
[[-4.50732106  3.16696376]]
[[ 3.05604532 -4.31172257]]
[[-4.37106272  3.5570653 ]]
[[ 3.09273352 -3.97277731]]
[[-4.36873     3.44863576]]
[[ 3.36257801 -4.38775731]]
[[-4.48107541  3.4224217 ]]
[[ 2.80714634 -4.14706586]]
[[-4.25137024  3.38702407]]
[[-4.26997109  3.36246341]]
[[-4.53347587  3.48200194]]
[[-3.93218542  3.07098458]]
[[ 3.06525424 -4.14556313]]
[[-4.39411322  3.60635845]]
[[-4.1263449   3.11435673]]
[[-4.09109096  2.78761985]]
[[ 3.40427433 -4.16301576]]
[[-4.49864498  3.50407462]]
[[ 3.01217261 -4.17389097]]
[[-4.45624478  3.55892395]]
[[ 2.76592314 -3.89716003]]
[[-4.06900047  2.91167594]]
[[-4.09756636  3.20180246]]
[[ 2.94582827 -4.3391631 ]]
[[-4.50195555  3.49860937]]
[[ 3.3990998  -4.51914821]]
[[ 3.13065731 -4.09910465]]
[[ 3.36628264 -4.5094698 ]]
[[ 3.08284203 -4.27527514]]
[[ 3.25982071 -4.31509705]]
[[ 3.45524365 -4.41891102]]
[[-4.08525559  2.96574347]]
[[ 2.8834116  -4.03771815]]
[[-4.33944044  3.23506543]]
[[ 3.5874897  -4.49168103]]
[[-4.50878246  3.47678003]]
[[ 3.77233392 -4.4513211 ]]
[[-4.39090246  3.55241333]]
[[-4.09608144  2.91090187]]
[[ 3.22855848 -4.15376868]]
[[-4.09734774  3.06184532]]
[[ 3.53078654 -4.25843957]]
[[-3.94895557  3.24180627]]
[[-4.5055032   3.76657104]]
[[-4.34070207  3.28002209]]
[[ 3.55037341 -4.47230248]]
[[ 3.81110642 -4.51016858]]
[[-3.76245435  2.80136012]]
[[ 3.40967888 -4.40842499]]
[[-4.05562816  3.17099007]]
[[-4.40333703  3.61123536]]
[[-4.51815073  3.40479152]]
[[-3.78613256  3.11245393]]
[[ 3.14037207 -4.05396231]]
[[ 3.39645136 -4.32316922]]
