[[ 3.66875859 -4.40034325]]
[[ 2.98418719 -3.89909411]]
[[ 3.17498431 -4.02078435]]
[[ 3.16153676 -4.3255698 ]]
[[-4.33289644  3.47179054]]
[[ 3.05409354 -4.2291725 ]]
[[ 3.36785363 -4.51787222]]
[[-4.04866122  2.97811982]]
[[-4.45701544  3.31526447]]
[[ 3.66807381 -4.42853038]]
[[-4.36783615  3.14987683]]
[[-4.37299999  3.1429532 ]]
[[ 3.42650757 -4.37082639]]
[[-4.37742261  3.39332957]]
[[ 3.16265641 -3.973042  ]]
[[ 3.44022681 -4.10555301]]
[[ 3.44611177 -4.35265967]]
[[ 3.05550804 -4.26254232]]
[[-4.24262285  3.50947253]]
[[ 3.13382636 -3.81755755]]
[[-4.23741553  3.19814021]]
[[-4.3706299   3.31887229]]
[[-4.30134581  3.05557493]]
[[-4.32983653  3.31159389]]
[[-4.46507963  3.52134552]]
[[-4.34969722  3.27576798]]
[[ 3.36407947 -4.46114408]]
[[-3.75886096  3.05353525]]
[[-4.51799028  3.67265051]]
[[ 2.63362022 -3.94454952]]
[[ 3.8304214  -4.50783291]]
[[ 3.88079434 -4.54226877]]
[[-4.17406645  3.04036905]]
[[ 2.90363252 -4.15527228]]
[[-4.51047763  3.16482833]]
[[-4.25977784  3.27730352]]
[[-4.35391432  3.1365507 ]]
[[-3.91021781  3.29494115]]
[[-4.36104027  3.61728755]]
[[-4.14965751  2.91336307]]
[[ 3.0651294  -4.19862463]]
[[ 3.45275817 -4.27003959]]
[[ 2.67333758 -3.46657639]]
[[ 3.05845508 -4.11348648]]
[[-4.23110186  3.25258552]]
[[ 3.43602176 -4.11901934]]
[[-3.90365389  3.03135251]]
[[ 3.56402666 -4.46671334]]
[[ 3.35398448 -4.06238549]]
[[ 3.25838273 -4.54827377]]
[[ 3.32090322 -4.14766037]]
[[-4.30794271  3.55236462]]
[[ 3.04437912 -4.28917281]]
[[ 3.26802363 -4.48841186]]
[[ 3.37489955 -4.23263106]]
[[-4.21729804  3.13404247]]
[[-4.42662327  3.36839665]]
[[ 3.46839901 -4.44151006]]
[[-4.40800565  3.09229362]]
[[ 3.33118513 -4.53532461]]
[[-4.22509745  3.23025347]]
[[ 3.10509042 -3.84461834]]
[[ 3.33054436 -4.36606218]]
[[-4.27738468  3.34345033]]
[[ 3.03219005 -3.95620328]]
[[ 3.16262712 -4.31611414]]
[[ 3.31107418 -4.38924951]]
[[ 3.18857777 -3.87767194]]
[[-4.46751514  3.67703345]]
[[-4.09700641  2.76070854]]
[[ 3.05280188 -4.20649557]]
[[-4.11230005  3.0730255 ]]
[[ 3.01060523 -3.89433636]]
[[-4.54630189  3.85203447]]
[[-4.12971769  3.22152317]]
[[ 3.51502648 -4.40498596]]
[[ 3.40459541 -4.17822778]]
[[-4.51779786  3.26056618]]
[[-4.44293105  3.64887057]]
[[ 3.02306096 -3.80228756]]
[[-4.20701327  3.22139791]]
[[ 3.33977542 -4.34377189]]
[[-4.51939957  3.63334183]]
[[ 3.37113919 -3.98725312]]
[[-4.31145144  3.13612654]]
[[ 3.46304392 -4.31470775]]
[[ 3.03737419 -3.74210022]]
[[-3.66246831  2.46793204]]
