[[0.16099317 0.63852027 0.62118485 0.38815576]]
[[0.23141442 0.60407949 0.68322545 0.31428415]]
[[0.33289366 0.64257781 0.6115853  0.35360025]]
[[0.22143473 0.63325906 0.6693165  0.3696464 ]]
[[0.28630948 0.60813555 0.65320358 0.35384997]]
[[0.22189006 0.69152847 0.61093147 0.31781282]]
[[0.31087727 0.61549755 0.67845427 0.39066232]]
[[0.29958955 0.61796016 0.75859378 0.39210238]]
[[0.34529341 0.60261493 0.67844392 0.38483687]]
[[0.31998083 0.73913641 0.60273916 0.36895076]]
[[0.22576448 0.63720762 0.68850582 0.39753446]]
[[0.22487762 0.74709868 0.66255712 0.3764079 ]]
[[0.27336857 0.61926958 0.6122133  0.306318  ]]
[[0.17214272 0.68753838 0.63396655 0.36533107]]
[[0.19264307 0.61230454 0.71320641 0.38518556]]
[[0.24470912 0.60747931 0.69365376 0.32965361]]
[[0.28721735 0.72479689 0.60503073 0.36051185]]
[[0.32542411 0.62927417 0.60549553 0.38143964]]
[[0.29422869 0.64358832 0.66843015 0.39613882]]
[[0.19744544 0.63848791 0.67038408 0.3280172 ]]
[[0.18274868 0.61396604 0.61328997 0.32031773]]
[[0.23164393 0.62492756 0.67866138 0.36419481]]
[[0.18992324 0.62446158 0.61335934 0.38694986]]
[[0.25355595 0.69430125 0.64458336 0.36694273]]
[[0.28305973 0.70298356 0.60085936 0.39532698]]
[[0.22074177 0.62642296 0.67000856 0.33099039]]
[[0.27137371 0.7825621  0.61174119 0.39081518]]
[[0.36793409 0.60180457 0.61655309 0.39884451]]
[[0.24992128 0.6049115  0.65033631 0.39424547]]
[[0.31928963 0.60473691 0.60059047 0.37691755]]
[[0.26038271 0.65164384 0.66533219 0.38248306]]
[[0.26129344 0.67644428 0.62572183 0.36877753]]
[[0.24099932 0.60330301 0.67562196 0.37485704]]
[[0.29913433 0.68276159 0.6461139  0.37219267]]
[[0.34557646 0.66285622 0.64630624 0.39661932]]
[[0.17340758 0.63430072 0.73791948 0.3827156 ]]
[[0.33204309 0.70171967 0.64671177 0.39677445]]
[[0.29234263 0.6145717  0.63775376 0.35066016]]
[[0.26901864 0.70936935 0.62315608 0.35025574]]
[[0.21765125 0.60742992 0.69897135 0.36447585]]
[[0.33329059 0.64311865 0.6390604  0.37515499]]
[[0.32598884 0.61058995 0.70057644 0.39786641]]
[[0.22108107 0.69664436 0.64277645 0.36585656]]
[[0.19711543 0.62030365 0.60639246 0.33218816]]
[[0.20681803 0.62597148 0.74459424 0.39239824]]
[[0.31349097 0.60761416 0.6762826  0.36227078]]
[[0.32449188 0.61796823 0.64337657 0.35995773]]
[[0.27255222 0.66886807 0.63183481 0.38227832]]
[[0.35014347 0.62006867 0.60014266 0.37517809]]
[[0.32341485 0.64200456 0.63122644 0.39398747]]
[[0.26059918 0.61854623 0.72771539 0.38339044]]
[[0.2887091  0.69555737 0.63051994 0.38161971]]
[[0.26270361 0.60095678 0.61419528 0.33731289]]
[[0.23457689 0.63456231 0.66170236 0.37457871]]
[[0.27268415 0.62344795 0.64823221 0.36551882]]
[[0.28721759 0.64553939 0.65231815 0.3571651 ]]
[[0.36471882 0.67509452 0.62616309 0.39913736]]
[[0.28564347 0.60246481 0.65717481 0.34509065]]
[[0.26315256 0.69160254 0.64662826 0.35524317]]
[[0.25078015 0.70422108 0.75809386 0.39764692]]
[[0.29682203 0.75826566 0.60213576 0.37290319]]
[[0.24537601 0.6416535  0.62907341 0.3441507 ]]
[[0.24260282 0.69522457 0.60083093 0.32648434]]
[[0.33177169 0.66888269 0.6149041  0.37676995]]
[[0.26206985 0.71764336 0.65879431 0.39414569]]
[[0.27741682 0.69588489 0.7233875  0.38006088]]
[[0.21606642 0.67162495 0.74211989 0.38249493]]
[[0.24053736 0.60048381 0.68066251 0.36976977]]
[[0.23625071 0.70317836 0.60044155 0.36627326]]
[[0.26252067 0.67238568 0.62856661 0.34221543]]
[[0.28486252 0.6311196  0.67724725 0.35462136]]
[[0.33877457 0.71705487 0.61984156 0.38371947]]
[[0.2523978  0.69185329 0.60668703 0.39255676]]
[[0.2963826  0.71194899 0.62782717 0.39590519]]
[[0.31995169 0.7342742  0.60712508 0.37408105]]
[[0.25874469 0.68743481 0.62056102 0.35479226]]
[[0.31313622 0.60855338 0.77086289 0.38263272]]
[[0.36217528 0.65424623 0.63795956 0.39418902]]
[[0.36741448 0.62697938 0.62833765 0.39938025]]
[[0.28762366 0.71209196 0.65683206 0.37429113]]
[[0.2876329  0.63196654 0.66327287 0.36790074]]
[[0.28220737 0.68963284 0.60636091 0.34505623]]
[[0.31869256 0.73192493 0.6035835  0.38409933]]
[[0.29384474 0.76133403 0.60828891 0.37799337]]
[[0.26027354 0.65733421 0.61710442 0.36439843]]
[[0.31584779 0.65389342 0.64142982 0.38984918]]
[[0.29234456 0.64216035 0.60977047 0.35948599]]
[[0.33245684 0.61308206 0.601197   0.37287238]]
[[0.21769694 0.72107568 0.62785219 0.33750318]]
[[0.18325427 0.70264931 0.60173559 0.36990435]]
[[0.31192051 0.63553171 0.71120064 0.38074863]]
[[0.25053343 0.6529545  0.63138438 0.37351952]]
[[0.31070254 0.62387629 0.67882584 0.39337122]]
[[0.26774677 0.6065165  0.70854432 0.37649924]]
[[0.35145084 0.61203567 0.60094756 0.39878717]]
[[0.31268763 0.6411794  0.73907298 0.39998365]]
[[0.3532706  0.70781212 0.62016263 0.39733375]]
[[0.27962222 0.67938616 0.65478307 0.35287009]]
[[0.22428988 0.60139163 0.62326238 0.34193489]]
[[0.25831243 0.63970309 0.65429626 0.3452812 ]]
[[0.2997342  0.67643026 0.70796937 0.39603944]]
[[0.21517794 0.61922268 0.77898849 0.38784967]]
[[0.21716461 0.627761   0.61174016 0.35549962]]
[[0.26695845 0.71597087 0.6172775  0.39745065]]
[[0.29046017 0.61901813 0.64467433 0.33514852]]
[[0.31773667 0.60554804 0.66735193 0.39478423]]
[[0.31205479 0.60641645 0.65625198 0.36152898]]
[[0.30295671 0.67005779 0.63334551 0.37846904]]
