[[0.20335038 0.64751811 0.69272865 0.36080361]]
[[0.20410941 0.60278642 0.7569012  0.35946233]]
[[0.2978859  0.616121   0.6226659  0.38157727]]
[[0.24953221 0.69117399 0.67096545 0.3664308 ]]
[[0.30176383 0.62341989 0.69466279 0.34892207]]
[[0.30044906 0.60147576 0.62699858 0.3620981 ]]
[[0.23943264 0.66892608 0.6760999  0.35723737]]
[[0.27402185 0.76334996 0.61881793 0.3816669 ]]
[[0.21811695 0.61097491 0.63106423 0.37417579]]
[[0.25884547 0.62179425 0.69903227 0.34584211]]
[[0.33036842 0.64034923 0.62866263 0.36966608]]
[[0.22535969 0.60410581 0.64958804 0.32903897]]
[[0.25730069 0.61824328 0.67194695 0.32353006]]
[[0.26617651 0.63786454 0.61456854 0.34436888]]
[[0.34081263 0.61072381 0.63758602 0.38833371]]
[[0.223069   0.71801502 0.62335844 0.35557269]]
[[0.26079053 0.68442668 0.66438699 0.38705   ]]
[[0.28664559 0.73878614 0.65855062 0.38203834]]
[[0.26255574 0.72937316 0.65004519 0.37465919]]
[[0.29666578 0.62808937 0.61080615 0.39773688]]
[[0.20187134 0.68280141 0.63799822 0.38569625]]
[[0.18707023 0.65578079 0.61389133 0.31429043]]
[[0.29371014 0.66097363 0.61450291 0.36272815]]
[[0.2486127  0.63400929 0.74680181 0.36947868]]
[[0.35353412 0.60317341 0.66269636 0.39332488]]
[[0.19560832 0.62482917 0.6486225  0.30477627]]
[[0.24636047 0.61031185 0.67991525 0.32009627]]
[[0.19689052 0.63545949 0.74987008 0.37377805]]
[[0.380916   0.60974202 0.60074485 0.39265325]]
[[0.24946782 0.60545603 0.70836811 0.3766636 ]]
[[0.17210613 0.65365006 0.64270741 0.38441867]]
[[0.31044919 0.62201707 0.62836221 0.37715155]]
[[0.26825018 0.62875768 0.63845193 0.31850475]]
[[0.21162935 0.62949071 0.62353429 0.32241359]]
[[0.30627726 0.63056477 0.75719616 0.39074171]]
[[0.31641091 0.64625912 0.63548811 0.37665354]]
[[0.33827738 0.65058898 0.62238442 0.39639293]]
[[0.26845948 0.71577109 0.65568625 0.38067251]]
[[0.30597034 0.62133925 0.77798719 0.39870523]]
[[0.29035116 0.60284918 0.67486736 0.34362308]]
[[0.21422421 0.60928525 0.69876419 0.39570706]]
[[0.18541628 0.68601373 0.62455604 0.39342287]]
[[0.26605185 0.67587959 0.62763172 0.39403364]]
[[0.22792022 0.60607423 0.76080571 0.39433881]]
[[0.33000868 0.65705304 0.7117094  0.3962743 ]]
[[0.26107267 0.62196495 0.7543526  0.35954501]]
[[0.17788712 0.71018256 0.6268459  0.37869669]]
[[0.30899035 0.63190553 0.65568532 0.38853101]]
[[0.25367096 0.68741724 0.61290752 0.39220449]]
[[0.28501569 0.78215141 0.61329862 0.3939908 ]]
[[0.2551103  0.6528346  0.71435318 0.37856425]]
[[0.25565639 0.67704479 0.64962805 0.39728161]]
[[0.20409731 0.63996551 0.69888896 0.37223021]]
[[0.23767191 0.6470225  0.65652644 0.32262092]]
[[0.20628174 0.71427139 0.62480076 0.39220742]]
[[0.27109281 0.6184506  0.60488979 0.3664339 ]]
[[0.2797475  0.67515319 0.63247358 0.38792169]]
[[0.3149226  0.60635374 0.6128427  0.36096794]]
[[0.33499937 0.63110876 0.68905844 0.38139617]]
[[0.22905459 0.65335899 0.75760685 0.39512166]]
[[0.25925414 0.65770271 0.60351407 0.31360287]]
[[0.199427   0.64494097 0.69559845 0.34030269]]
[[0.26183038 0.65302303 0.67731534 0.38630611]]
[[0.26755452 0.6909781  0.60795206 0.33961595]]
[[0.14336672 0.61237608 0.60151733 0.35253214]]
[[0.20489389 0.62091639 0.64907334 0.35343248]]
[[0.25627892 0.60403352 0.63689319 0.39482654]]
[[0.27139108 0.63728638 0.7318899  0.37616557]]
[[0.24997851 0.72541542 0.71241518 0.38789852]]
[[0.2807747  0.69026347 0.63712886 0.34406338]]
[[0.32090107 0.65979833 0.60325355 0.38023447]]
[[0.34940819 0.62340074 0.64503386 0.38361487]]
[[0.32998002 0.60048677 0.61689131 0.35580281]]
[[0.2874291  0.60883285 0.6263864  0.36299335]]
