[[0.23298889 0.65950598 0.60386001 0.38536931]]
[[0.1581408  0.63779197 0.62580952 0.38370424]]
[[0.21984822 0.69163473 0.68251564 0.3622214 ]]
[[0.1853985  0.69121009 0.62265366 0.35123428]]
[[0.26245695 0.78159192 0.65383443 0.39623201]]
[[0.24661455 0.6672457  0.71230005 0.34808753]]
[[0.33382488 0.62681033 0.61524461 0.39193675]]
[[0.29615882 0.63328595 0.77839982 0.39847011]]
[[0.21736675 0.64364881 0.77139616 0.39190323]]
[[0.27413391 0.74217771 0.67803578 0.37256687]]
[[0.28925554 0.65789427 0.64953312 0.38342977]]
[[0.28063577 0.64749862 0.65952798 0.35621464]]
[[0.26810756 0.62070876 0.62781275 0.3775516 ]]
[[0.28533732 0.65908094 0.65766643 0.39442095]]
[[0.34110067 0.60549566 0.62666867 0.36590418]]
[[0.20418461 0.60230093 0.69105889 0.3794665 ]]
[[0.24747914 0.63019377 0.66956915 0.34821197]]
[[0.29511146 0.63556128 0.77795273 0.39860628]]
[[0.2769021  0.63547351 0.61198845 0.32257112]]
[[0.3026183  0.64339748 0.70515282 0.3683863 ]]
[[0.30317963 0.64119065 0.70731388 0.36135662]]
[[0.23844781 0.61524669 0.67312056 0.33611345]]
[[0.20618231 0.61054436 0.72853645 0.34140738]]
[[0.20066504 0.62372887 0.60085458 0.32032465]]
[[0.1720809  0.6093208  0.70706874 0.35240154]]
[[0.27498399 0.63286993 0.65129006 0.35395012]]
[[0.27192613 0.67087993 0.64926466 0.35742824]]
[[0.19891331 0.68722624 0.63840349 0.39522934]]
[[0.21800054 0.63844607 0.71588325 0.35785212]]
[[0.27299998 0.68565849 0.71383616 0.37159799]]
[[0.28836209 0.71495931 0.64593984 0.38145269]]
[[0.29463124 0.63390326 0.69425597 0.37100883]]
[[0.20562191 0.6393789  0.61901918 0.3715134 ]]
[[0.32050435 0.69818593 0.6423167  0.39776259]]
[[0.34679623 0.64465939 0.69887674 0.39320013]]
[[0.33382277 0.69698924 0.63694809 0.39440197]]
[[0.24318837 0.66199799 0.60525447 0.30647378]]
[[0.32983454 0.61510609 0.73729136 0.39397247]]
[[0.24215326 0.61290642 0.61903387 0.388894  ]]
[[0.2695472  0.71793145 0.64030848 0.35326223]]
[[0.21759767 0.6842687  0.60142125 0.33789006]]
[[0.29500079 0.72000314 0.6055124  0.37226136]]
[[0.2815045  0.60957836 0.62689476 0.38270953]]
[[0.16556503 0.60402276 0.6338639  0.34572792]]
[[0.28991124 0.70750999 0.65817692 0.35758823]]
[[0.17800112 0.61677593 0.60588719 0.39819118]]
[[0.27098694 0.65019043 0.70256464 0.39266279]]
[[0.24968874 0.68496362 0.74403513 0.38854094]]
[[0.23378558 0.73685532 0.61600931 0.38073694]]
[[0.19299008 0.64218707 0.63200608 0.39280176]]
[[0.32948536 0.62659108 0.61284634 0.35659379]]
[[0.20391886 0.6588759  0.62546309 0.38136519]]
[[0.25629429 0.64797297 0.68663625 0.36429085]]
[[0.20707294 0.68707885 0.66751755 0.37876691]]
[[0.16697192 0.63180919 0.66398207 0.35998897]]
[[0.2767591  0.65689565 0.60358942 0.35574766]]
[[0.29693818 0.61433175 0.67807048 0.39097691]]
[[0.24957787 0.63768332 0.76808949 0.38270046]]
[[0.24323072 0.65617985 0.66018373 0.39780827]]
[[0.21552812 0.68191705 0.62978831 0.34906918]]
[[0.17429459 0.6052043  0.68085145 0.3796518 ]]
[[0.21222702 0.64662006 0.6019277  0.37850309]]
[[0.25518148 0.60146294 0.70798822 0.34476163]]
[[0.20011027 0.6642451  0.60753716 0.33999796]]
[[0.17213457 0.66153606 0.62718325 0.31277109]]
[[0.34739008 0.66664976 0.61303527 0.39568443]]
[[0.31092884 0.67340747 0.60724951 0.34104592]]
[[0.29735653 0.64188347 0.68427714 0.37271589]]
[[0.28070505 0.62999486 0.6331228  0.32501647]]
[[0.1726888  0.62952692 0.67360776 0.38167431]]
[[0.1986724  0.70335913 0.68769138 0.37124843]]
[[0.28823114 0.78589137 0.66734432 0.39553103]]
[[0.28249068 0.68180819 0.62056864 0.38915534]]
[[0.20050903 0.62807465 0.60101935 0.30709473]]
[[0.2607221  0.66719055 0.64291354 0.39280501]]
[[0.28906622 0.62022223 0.67505259 0.34292187]]
[[0.17829401 0.62372862 0.69485174 0.36114899]]
[[0.2877831  0.68473109 0.67861405 0.37034184]]
[[0.17098618 0.71649619 0.61446834 0.38358789]]
[[0.27210986 0.60833921 0.72412774 0.37884814]]
[[0.26763259 0.64052978 0.68691684 0.37084411]]
[[0.26967162 0.60956762 0.7484485  0.37574003]]
[[0.21205657 0.61778981 0.76186162 0.39668515]]
[[0.17342633 0.69282    0.61028991 0.36560819]]
[[0.32669729 0.63656913 0.6481626  0.39936123]]
[[0.20923111 0.67886727 0.61965569 0.33116184]]
[[0.37154189 0.63795154 0.60247794 0.3986801 ]]
[[0.31605471 0.67580028 0.64274618 0.37354983]]
[[0.16670522 0.60721896 0.64439056 0.39657586]]
[[0.30466076 0.61965298 0.63044385 0.37457405]]
[[0.25938284 0.61040855 0.69124465 0.3410901 ]]
[[0.30640695 0.62202415 0.67707852 0.3964591 ]]
[[0.21030827 0.69970271 0.62613722 0.37253234]]
[[0.24124526 0.7141085  0.62960073 0.38210845]]
[[0.32277019 0.68201219 0.63557077 0.3701323 ]]
[[0.27372145 0.62692197 0.68513842 0.39617698]]
[[0.2864738  0.6360395  0.75339746 0.38965222]]
[[0.24424155 0.6520316  0.61113562 0.35473406]]
[[0.32130912 0.6201487  0.62035835 0.35226135]]
[[0.342333   0.6198887  0.62577385 0.3614561 ]]
[[0.32869062 0.62851717 0.60440468 0.37036608]]
[[0.25476194 0.78556591 0.6271549  0.39015796]]
