[[0.23608398 2.36023465]
 [0.21926362 2.04959956]]
[[0.33907292 2.16734242]
 [0.40015065 3.21176183]]
[[0.54965958 2.95583903]
 [0.53858418 4.06619253]]
[[0.28281134 1.54893152]
 [0.33765488 2.66411829]]
[[0.39855035 4.27545528]
 [0.40936627 2.39248787]]
[[0.36964848 4.52270504]
 [0.32198406 4.10971942]]
[[1.82118643 0.40732288]
 [1.62425793 0.43599786]]
[[0.39100375 3.96292715]
 [0.45573553 2.00795308]]
[[4.28243056 0.47126645]
 [4.0642724  0.52896685]]
[[4.09351848 0.54263949]
 [4.14999626 0.44434894]]
[[3.46430531 0.33349732]
 [1.19218112 0.2871462 ]]
[[2.70884536 0.3451372 ]
 [4.12500411 0.3044647 ]]
[[0.44816068 2.60936147]
 [0.45745562 3.85225821]]
[[3.22110352 0.267813  ]
 [3.97286498 0.24217218]]
[[0.22449107 1.61030084]
 [0.32281098 4.22307055]]
[[0.36645519 4.04413473]
 [0.39154222 2.07867271]]
[[0.46724886 3.78600809]
 [0.37507116 2.55200955]]
[[0.47994417 3.40723396]
 [0.41369018 1.60889771]]
[[3.53353374 0.38189933]
 [1.92676407 0.37055112]]
[[4.15690541 0.30786276]
 [2.37850948 0.30948041]]
[[2.43828313 0.27168435]
 [4.43008803 0.28610453]]
[[0.30597569 3.74168008]
 [0.32606321 2.48795102]]
[[0.24057823 1.23031114]
 [0.28023923 2.00902092]]
[[4.07725212 0.39598862]
 [1.76239091 0.32930028]]
[[3.31814402 0.39423349]
 [2.2385716  0.31004961]]
[[0.32217518 2.16239517]
 [0.35230383 2.43665711]]
[[4.18017405 0.4410228 ]
 [2.36714465 0.30779401]]
[[0.51238352 1.43172439]
 [0.60762595 3.22554284]]
[[2.859099   0.27272333]
 [4.49724798 0.3129185 ]]
[[0.4011446  2.30278212]
 [0.41840055 4.11597607]]
[[4.45308589 0.32835778]
 [4.25643702 0.33653814]]
[[0.35982596 1.9276882 ]
 [0.35416044 3.37689963]]
[[4.2429146  0.28328584]
 [3.97076291 0.32856409]]
[[0.43476721 2.98756141]
 [0.4136987  3.29243132]]
[[4.21211602 0.49534594]
 [3.31521192 0.4760281 ]]
[[3.73842213 0.22509689]
 [4.12390154 0.28675371]]
[[0.50986111 3.53899031]
 [0.44354039 2.0982341 ]]
[[3.03589915 0.40805269]
 [3.10292096 0.42427674]]
[[4.03923699 0.44302429]
 [2.16859823 0.36623903]]
[[0.27581686 3.27245368]
 [0.3240483  2.67777823]]
[[0.48954118 2.43512752]
 [0.50447282 3.60028051]]
[[0.4181165  3.98043335]
 [0.45603175 2.14021522]]
[[0.31945831 1.62913714]
 [0.32374032 3.00941879]]
[[2.91670211 0.28412442]
 [3.87314751 0.28251431]]
[[3.50337518 0.24453207]
 [3.54492439 0.31745684]]
[[0.43266511 2.37812693]
 [0.49956201 3.82853148]]
[[0.47685486 2.63942131]
 [0.51191127 4.18609715]]
[[3.29246358 0.36285255]
 [2.86119275 0.33447231]]
[[0.52280683 3.43479719]
 [0.50821243 3.60529484]]
[[1.56889901 0.41245269]
 [4.32651513 0.4623818 ]]
[[0.30579295 4.2305502 ]
 [0.37791902 4.43042587]]
[[0.4026823  1.86864147]
 [0.39005708 3.24209389]]
[[0.3556805  1.24656865]
 [0.43691658 3.0120813 ]]
[[1.43204907 0.2937384 ]
 [2.58100428 0.35155102]]
[[2.48561092 0.34934542]
 [3.4378523  0.37644481]]
[[0.40677821 2.63376435]
 [0.41978748 3.32977596]]
[[2.66968061 0.57327255]
 [3.60421829 0.54901149]]
[[0.40939762 2.82311624]
 [0.43171587 2.20597095]]
[[0.39171183 2.24016311]
 [0.38225456 3.5096632 ]]
[[0.330421   2.68577253]
 [0.37625214 3.80316434]]
[[0.48199052 2.24635069]
 [0.40203168 4.36674774]]
[[2.12488757 0.34900766]
 [2.66839051 0.35269042]]
[[0.39497274 2.94571441]
 [0.34602804 3.84632614]]
[[2.17205757 0.50238482]
 [2.92746073 0.4822276 ]]
[[0.36650218 2.55371608]
 [0.32874993 2.52495184]]
[[0.39568827 3.95474258]
 [0.40745836 3.1118178 ]]
[[3.73476076 0.28605773]
 [3.67793014 0.32892205]]
[[2.98048552 0.28734247]
 [3.264648   0.34012131]]
[[0.35020893 3.89599779]
 [0.28336914 3.37654491]]
[[0.39787533 1.90293773]
 [0.39570764 2.91713817]]
[[3.17031688 0.39834325]
 [3.41495754 0.43029691]]
[[4.38301933 0.55647864]
 [3.525353   0.47741994]]
[[2.808889   0.33307426]
 [4.12117985 0.28669192]]
[[3.03544342 0.4413825 ]
 [1.70179013 0.35092089]]
[[0.52472804 3.18730226]
 [0.44102907 4.03894234]]
[[2.88259485 0.37982131]
 [4.52449592 0.34878261]]
[[0.40065768 3.51139432]
 [0.52347706 4.35962137]]
[[3.68234015 0.56874456]
 [2.963163   0.54647508]]
[[0.52919934 3.8007691 ]
 [0.52857812 3.59601216]]
[[1.89344713 0.42596547]
 [3.67770611 0.42428082]]
[[0.45435415 4.15653862]
 [0.40006793 1.36971423]]
[[2.24896842 0.44399257]
 [3.62356024 0.41131503]]
[[3.30329727 0.49388559]
 [4.04046361 0.40708918]]
[[4.4200714  0.46992022]
 [4.5239126  0.36389523]]
[[1.61185247 0.35074471]
 [3.23416365 0.36590955]]
[[0.44018502 2.23575283]
 [0.41541696 1.81220745]]
[[4.51542376 0.41052784]
 [3.41426884 0.38257732]]
[[3.4696305  0.45721698]
 [3.50938165 0.44828713]]
[[0.35911167 4.52251916]
 [0.30433133 4.31664998]]
[[0.2771785  1.58960901]
 [0.26404554 4.41718209]]
[[3.83316991 0.41971235]
 [3.45815164 0.46961087]]
[[0.35319511 1.97367389]
 [0.32310733 1.59386104]]
[[2.43603081 0.40262253]
 [1.84864768 0.42015253]]
[[0.33187021 1.70966314]
 [0.40459149 1.95978391]]
[[3.61979297 0.45619277]
 [2.59939657 0.43466741]]
[[0.43081332 3.04183617]
 [0.45917959 1.74251736]]
[[0.55941188 2.68326471]
 [0.50693017 3.78057731]]
[[2.226401   0.42342217]
 [3.06129813 0.42363337]]
[[0.29442854 2.49477718]
 [0.31985688 3.81943064]]
[[3.46238599 0.36296545]
 [4.23717259 0.37610978]]
[[3.9828892  0.39461579]
 [3.49057494 0.41322312]]
[[3.2141481  0.24865784]
 [4.2482133  0.35471137]]
[[0.29460393 3.08136946]
 [0.28426639 3.018651  ]]
[[0.36335641 3.39911223]
 [0.30003589 3.79281881]]
[[0.44223957 2.64441822]
 [0.46165074 2.81625659]]
[[0.39017528 3.01190802]
 [0.41799718 2.16605651]]
[[1.55946732 0.43020371]
 [3.47645155 0.520575  ]]
[[3.34907321 0.45112733]
 [1.83021743 0.39368316]]
