[[-5.29204275  7.5369496   6.5279384 ]
 [ 7.43273274 -5.3268275   6.53762916]]
[[-13.42339107   6.17909765  -1.02444218]
 [  6.17628143 -13.4292973   -1.02449627]]
[[ -1.02448686 -13.3514507    6.13563874]
 [ -1.02439137   6.14186991 -13.33859973]]
[[ 7.50438587  6.48842603 -5.36163085]
 [-5.34235402  6.50537779  7.56272276]]
[[ 6.49466483 -5.34282888  7.57834512]
 [ 6.48559177  7.49837289 -5.36926064]]
[[-13.07672534   7.6762112   -0.55031955]
 [  6.41233876   7.82611465   0.84931532]]
[[ 0.90998547 -7.35876311 12.14608466]
 [-1.53482539 -7.85986497 -6.0923715 ]]
[[-12.9999795    7.69031365  -0.54855739]
 [  6.37375377   7.81582009   0.84924338]]
[[  7.86634225   0.8493526    6.4335243 ]
 [  7.67126511  -0.55094171 -13.11892736]]
[[ -1.02446721   6.20548097 -13.48134147]
 [ -1.02451589 -13.48553703   6.20350917]]
[[-6.11566598 -1.5350422  -7.98155883]
 [12.19253573  0.91010713 -7.35359115]]
[[-6.06313365 -7.73988604 -1.53455223]
 [12.0878831  -7.37776532  0.90963362]]
[[-1.5351962  -7.98931533 -6.15404153]
 [ 0.91075542 -7.32665432 12.26893947]]
[[ 6.48450396 -5.36876021  7.52360503]
 [ 6.4914571   7.56594344 -5.35478749]]
[[ 7.58244012 -5.19590279  6.58453136]
 [-5.30473603  7.2590409   6.60668335]]
[[ -4.12387667 -13.30370337 -13.39808493]
 [ -4.12387668 -13.30371785 -13.39814063]]
[[  6.20459075 -13.47889864  -1.0244573 ]
 [-13.48360746   6.2023781   -1.02452406]]
[[ 7.55897094  6.51867397 -5.28969668]
 [-5.33622886  6.54583663  7.41953217]]
[[ 7.57282208  6.52711751 -5.27852011]
 [-5.33770149  6.54256737  7.3955131 ]]
[[ -1.02453706   6.27111798 -13.6229378 ]
 [ -1.02456776 -13.6308168    6.26758475]]
[[-5.34883008  7.57187932  6.4927106 ]
 [ 7.51112041 -5.36890536  6.48800003]]
[[ -1.02445785 -13.43623633   6.18469391]
 [ -1.0244901    6.18235427 -13.44115109]]
[[-13.50436499   6.21488089  -1.02446776]
 [  6.21421601 -13.50579715  -1.02453255]]
[[-5.33920567  7.58051704  6.50607635]
 [ 7.4914293  -5.36864366  6.48641913]]
[[  6.46856147   7.92695269   0.84940506]
 [-13.18874847   7.66525259  -0.55181285]]
[[  6.21100503 -13.48539133  -1.0244299 ]
 [-13.49728711   6.20542234  -1.02455889]]
[[-5.36086398  6.48356186  7.52803045]
 [ 7.55070828  6.50238228 -5.35340415]]
[[-5.34694837  7.50390475  6.50941641]
 [ 7.53823253 -5.33554099  6.49933767]]
[[ 7.38269957  6.55118383 -5.33578454]
 [-5.27132944  6.52696852  7.57563767]]
[[ 6.55357582  7.41291638 -5.31995546]
 [ 6.5399215  -5.27930385  7.5345074 ]]
[[ 6.44861488 -5.44794003  7.46150691]
 [ 6.47275531  7.73137962 -5.35975466]]
[[ 6.51575448  7.62749493 -5.33531405]
 [ 6.47519393 -5.3889259   7.46491607]]
[[-5.2615432   7.53894773  6.53517508]
 [ 7.38213209 -5.31409813  6.57525045]]
[[ -1.02445813 -13.41967852   6.17505194]
 [ -1.02447571   6.1745249  -13.42078622]]
[[-13.20745769   7.6668274   -0.55199235]
 [  6.4779426    7.92144752   0.84940828]]
[[-1.53444468 -6.04338951 -7.75513387]
 [ 0.90877373 12.04882109 -7.42325036]]
[[ 7.55882772 -5.3503917   6.49654139]
 [-5.36339364  7.51944581  6.48611592]]
[[ 7.59416351  6.48623524 -5.35785242]
 [-5.38349598  6.47372887  7.51630834]]
[[-5.34625567  6.4990864   7.54161888]
 [ 7.52019171  6.4952672  -5.3533443 ]]
[[-5.31376053  7.39389369  6.56847034]
 [ 7.53287367 -5.2672104   6.53996924]]
[[ -1.02444591 -13.36023142   6.14594059]
 [ -1.02444338   6.14608693 -13.35992861]]
[[ -1.02450395 -13.51202811   6.21772371]
 [ -1.0245022    6.21772318 -13.51202895]]
[[-7.33053566  0.9106358  12.27369173]
 [-8.05550459 -1.53526533 -6.15640407]]
[[-13.18793227   7.66603005  -0.55179783]
 [  6.46815121   7.92605595   0.84940393]]
[[ 0.90779587 -7.47081548 12.01315526]
 [-1.53438986 -7.80891388 -6.02533393]]
[[12.11615343  0.91012968 -7.36597626]
 [-6.07738656 -1.53459621 -7.72398888]]
[[ -0.55120969   7.67013151 -13.13769925]
 [  0.84936111   7.86109248   6.44294497]]
[[-7.36970917  0.99280564  9.42263192]
 [-7.36113387  0.99280319  9.41996419]]
[[-1.53445089 -6.03500953 -7.78203521]
 [ 0.90836803 12.03223272 -7.41784046]]
[[-5.34138789  7.46950898  6.51276973]
 [ 7.54457941 -5.3164413   6.52044897]]
[[-7.67746728 -1.5347376  -6.12329021]
 [-7.3233189   0.91153696 12.20727193]]
[[-6.02574012 -7.7813639  -1.53438821]
 [12.01391737 -7.4381938   0.90792191]]
[[-6.04196939 -7.75730079 -1.53445665]
 [12.04598669 -7.40975973  0.90874573]]
[[ 6.51232909  7.51980178 -5.34019332]
 [ 6.49831462 -5.34014678  7.51986073]]
[[-1.53455755 -7.73465535 -6.06735404]
 [ 0.90977018 -7.38064375 12.09626291]]
[[ 0.90925253 12.06947618 -7.39848338]
 [-1.53449958 -6.0538343  -7.74471798]]
[[ 7.6167883  -5.34220737  6.50781112]
 [-5.38704931  7.48074182  6.474593  ]]
[[-7.77963269 -1.53451981 -6.04784079]
 [-7.40051754  0.90892388 12.05762047]]
[[-7.4458658  11.99013545  0.90731219]
 [-7.78234741 -6.01370209 -1.53432639]]
[[  6.46447758   7.90018824   0.84939186]
 [-13.18061626   7.66757399  -0.55170912]]
[[-13.44042671  -1.0244986    6.18215091]
 [  6.18434914  -1.02444912 -13.43580094]]
[[ 6.47537522 -5.3735644   7.59789281]
 [ 6.46689932  7.54070671 -5.3923501 ]]
[[-13.10740061  -0.55081762   7.67298819]
 [  6.42773983   0.84933553   7.82955924]]
[[ -1.02453659   5.99057696 -13.10536561]
 [ -1.02415304 -13.04475191   6.02072071]]
[[-7.42914683 12.0244431   0.90813451]
 [-7.79453335 -6.03106112 -1.53443835]]
[[  6.17329349 -13.41982489  -1.02447926]
 [-13.41709967   6.17459483  -1.02445336]]
[[-13.39584822  -1.02448104   6.16051085]
 [  6.16318489  -1.02443236 -13.39027991]]
[[  0.84933064   6.42396987   7.82729324]
 [ -0.5507074  -13.09988962   7.67281392]]
[[-13.51880562  -1.02449778   6.22185865]
 [  6.22082673  -1.024515   -13.52102169]]
[[-5.38295852  7.57908149  6.46898869]
 [ 7.56473789 -5.38766841  6.46707448]]
[[ 6.53433125  7.49392018 -5.33249843]
 [ 6.50532123 -5.32427016  7.51851084]]
[[-7.78201581 -1.53440352 -6.02827853]
 [-7.43518542  0.90804403 12.01893373]]
[[-13.10117401   7.6731323   -0.55073105]
 [  6.42461514   7.8276426    0.84933199]]
[[  0.8493363    7.83941327   6.42539669]
 [ -0.55073397   7.67277961 -13.1027329 ]]
[[-7.3672639   0.99280338  9.42398356]
 [-7.354364    0.99279957  9.41963083]]
[[ -0.55031427 -13.07799393   7.676428  ]
 [  0.84931934   6.41297419   7.83930534]]
[[-13.48250678   7.65328676  -0.55446858]
 [  6.61611767   8.3138357    0.84960209]]
[[  0.84934099   6.42542958   7.85991417]
 [ -0.55069784 -13.10280247   7.67346367]]
[[-13.00365341   7.68978038  -0.54866024]
 [  6.37560252   7.81419571   0.84924668]]
[[  6.36227002   7.81859619   0.84921521]
 [-12.97718343   7.69643831  -0.54781209]]
[[ 7.47595109  6.52212693 -5.32616151]
 [-5.31280626  6.52755037  7.51607608]]
[[-5.39804671  6.46270944  7.55662367]
 [ 7.60022333  6.46848781 -5.38374902]]
[[-13.13518483   7.66981764  -0.55116635]
 [  6.44168412   7.87874221   0.84936516]]
[[-5.35685641  6.4929677   7.51965715]
 [ 7.54774205  6.49669036 -5.34756722]]
[[-1.5345929  -6.06667953 -7.75923484]
 [ 0.9096766  12.09493624 -7.37608573]]
[[-6.0352211  -7.76742093 -1.53442842]
 [12.0326482  -7.42198279  0.90841208]]
[[-6.0649083  -7.77100175 -1.534599  ]
 [12.09143467 -7.37832227  0.90957546]]
[[-5.33224218  7.54719804  6.52383469]
 [ 7.49442198 -5.34969791  6.49568562]]
[[ 6.63888582 -5.20074253  7.35026902]
 [ 6.64499705  7.3637248  -5.19618584]]
[[  6.16520179 -13.3999515   -1.02446074]
 [-13.40009133   6.16513361  -1.02445787]]
[[-5.36580112  6.46842793  7.73850827]
 [ 7.46834228  6.44514261 -5.45394933]]
[[ -1.02450051   6.18835312 -13.45256311]
 [ -1.02445687 -13.44895337   6.19006262]]
[[  0.84934737   6.43294348   7.85200439]
 [ -0.55093693 -13.11777073   7.67193366]]
[[ 6.50285521  7.51803177 -5.33782674]
 [ 6.51177384 -5.33829603  7.51666898]]
[[  7.91058433   0.84939176   6.45821504]
 [  7.66668077  -0.55157903 -13.16812615]]
[[-5.33402642  7.47515102  6.5192512 ]
 [ 7.52961718 -5.31590938  6.5227087 ]]
[[-5.36890718  6.48124648  7.53267218]
 [ 7.56207863  6.49228801 -5.35922076]]
[[ 7.58988295  6.53327227 -5.26180495]
 [-5.33813933  6.55182878  7.3614434 ]]
[[11.93812424  0.90571303 -7.48249398]
 [-5.98731675 -1.53417728 -7.79585913]]
[[ 7.54505549 -5.34460638  6.49138262]
 [-5.35426641  7.51594909  6.50094485]]
[[12.01551456  0.90795803 -7.42592713]
 [-6.02655301 -1.53441503 -7.78941481]]
[[-8.02661208 -6.11611924 -1.53508389]
 [-7.35921035 12.19347719  0.90999396]]
[[ 7.48553544  6.51109711 -5.33745271]
 [-5.32245956  6.5191802   7.53067988]]
[[-6.05856985 -1.53456924 -7.77243546]
 [12.07886672  0.90935685 -7.38538273]]
[[-7.43963432  0.90769582 12.00352199]
 [-7.76969648 -1.53434735 -6.02048307]]
[[ -1.02441174 -13.37684397   6.15884798]
 [ -1.02449311   6.1540767  -13.38675389]]
[[-12.68398618   7.82437669  -0.52858401]
 [  6.21356296   7.94370804   0.84855935]]
[[-7.40192568 12.06032483  0.90894913]
 [-7.78630426 -6.04920149 -1.5345323 ]]
[[-1.5343673  -7.76923669 -6.02466019]
 [ 0.90790114 -7.43835205 12.0117775 ]]
[[ 7.54480908  6.50876242 -5.31587018]
 [-5.34126328  6.52011691  7.46850318]]
[[-13.08967948   7.67434615  -0.55052321]
 [  6.41884301   7.83843936   0.84932743]]
[[-6.03231952 -1.53441258 -7.77150207]
 [12.02691933  0.90825806 -7.43008632]]
[[-7.56979567  0.99291765  9.42231817]
 [-7.5761425   0.99291895  9.42300266]]
[[ 0.90883289 -7.41402697 12.05165406]
 [-1.53447197 -7.76365891 -6.044826  ]]
[[-7.581599    9.42575884  0.99291857]
 [-7.54810052  9.42114484  0.99291136]]
[[-1.53441949 -6.031303   -7.77774116]
 [ 0.90820144 12.02490727 -7.42716969]]
[[-7.41205558  0.90863459 12.04370056]
 [-7.77609816 -1.53447358 -6.04080664]]
[[  7.66287488 -13.22365301  -0.55218527]
 [  7.97824825   6.48607561   0.84943474]]
[[ -0.55052566   7.67445304 -13.08929042]
 [  0.84932424   7.82905919   6.41864757]]
[[  0.84936111   7.87068763   6.43955322]
 [ -0.55111438   7.67019693 -13.13093868]]
[[ 6.45282885  7.39970793 -5.45479374]
 [ 6.50862833 -5.33204626  7.77479593]]
[[ -1.02452836 -13.44985684   6.18383846]
 [ -1.02442409   6.18881625 -13.43937117]]
[[-13.38934147   6.14852728  -1.02454055]
 [  6.16012999 -13.36528006  -1.0243612 ]]
[[  6.19089198 -13.45635749  -1.02448498]
 [-13.45433927   6.1918497   -1.02447602]]
[[-13.38098073   6.15058929  -1.02449691]
 [  6.15608612 -13.36957845  -1.02440364]]
[[ 0.90790444 -7.43243801 12.01289806]
 [-1.53439336 -7.78253653 -6.02522784]]
[[ -1.02456053   6.23761681 -13.56038295]
 [ -1.02448391 -13.55560848   6.23981491]]
[[-6.06834311 -1.5346334  -7.78403631]
 [12.09826111  0.9096378  -7.37374742]]
[[  6.13278515  -1.02438484 -13.31940244]
 [-13.33267475  -1.02447948   6.12632859]]
[[  6.43877785   7.85745895   0.84935522]
 [-13.12939609   7.67134226  -0.55109662]]
[[-7.56569216  0.9929162   9.42184995]
 [-7.57653085  0.99291849  9.42322473]]
[[ 0.99273754  9.41981826 -7.27067189]
 [ 0.99273761  9.41982708 -7.27105943]]
[[ 6.49067663 -5.35015386  7.53842119]
 [ 6.4992604   7.52812538 -5.35358012]]
[[ -1.02452073   6.1737224  -13.42996777]
 [ -1.02441585 -13.41799833   6.17943418]]
[[ 6.5374182   7.51751963 -5.27427836]
 [ 6.56272042 -5.30963865  7.41194878]]
[[-6.05007743 -1.53449969 -7.75540863]
 [12.06203328  0.90908759 -7.39781618]]
[[ -1.02452598   6.23006776 -13.539004  ]
 [ -1.02450264 -13.53900941   6.23006469]]
[[ 6.53082155 -5.30082819  7.5138374 ]
 [ 6.53607756  7.45714831 -5.31974806]]
[[ 6.52110461 -5.28684745  7.56124718]
 [ 6.54421367  7.41391778 -5.33601564]]
[[  7.86547763   6.42885358   0.84934629]
 [  7.67324999 -13.1096245   -0.55079308]]
[[  6.2195356  -13.51164127  -1.02449364]
 [-13.51593251   6.21753267  -1.02451396]]
[[ 7.53409017  6.52295269 -5.34245322]
 [-5.3480034   6.48868266  7.51714682]]
[[ 6.53617347 -5.3160631   7.48952569]
 [ 6.52347647  7.49309062 -5.31485403]]
[[ 7.50592953 -5.33776388  6.51629778]
 [-5.33242074  7.52196165  6.50634341]]
[[-7.45049783 12.00200314  0.90762297]
 [-7.77550179 -6.0197065  -1.53434034]]
[[-7.77935022 -1.53450131 -6.045184  ]
 [-7.40737427  0.90881294 12.05236389]]
[[  6.12203467  -1.024431   -13.31134762]
 [-13.3105907   -1.02442484   6.12240337]]
[[  7.66903042  -0.5512648  -13.14272266]
 [  7.87054625   0.84936624   6.44546537]]
[[ -1.02462172 -13.71454183   6.30555357]
 [ -1.02456413   6.30687905 -13.71151376]]
[[-5.26614358  7.49171656  6.55871713]
 [ 7.40966391 -5.29366121  6.56588103]]
[[ 6.5318037  -5.34411944  7.44350949]
 [ 6.50590468  7.56115493 -5.30492962]]
[[ 6.60381324 -5.2905821   7.28098859]
 [ 6.59280124  7.54721979 -5.20091288]]
[[  0.84944787   6.50011498   7.99234518]
 [ -0.552457   -13.25164011   7.66298117]]
[[-7.77716721 -1.53436861 -6.02602704]
 [-7.45258565  0.90790894 12.01450678]]
[[-5.33901785  7.4861932   6.50646843]
 [ 7.53299859 -5.32349228  6.52344261]]
[[12.10071784  0.90942892 -7.3791823 ]
 [-6.06954409 -1.53471412 -7.85101752]]
[[ 7.4090546   6.45219707 -5.45176135]
 [-5.33539258  6.50156994  7.76459467]]
[[ 7.56696468  6.49737342 -5.35090993]
 [-5.36749059  6.48370799  7.51671576]]
[[  7.66329087 -13.20891856  -0.55203505]
 [  7.95282448   6.47868236   0.84942162]]
[[ -1.02448663   6.04515381 -13.1896821 ]
 [ -1.02427054 -13.15437912   6.06263309]]
[[ 7.83911047  6.4843     -5.33951315]
 [-5.48678513  6.44119595  7.38667076]]
[[ 0.91034052 -7.34756507 12.28519962]
 [-1.53542271 -8.23179417 -6.16211738]]
[[-5.32880207  7.45403363  6.52962084]
 [ 7.53047219 -5.30332197  6.52576221]]
[[-1.53422808 -6.00279872 -7.77628643]
 [ 0.90666768 11.96865407 -7.483292  ]]
[[ -0.55285778 -13.29070547   7.65788944]
 [  0.84948417   6.51972495   8.06301175]]
[[ 7.50369713 -5.32235004  6.51254389]
 [-5.32450822  7.49728566  6.52636714]]
[[-7.44551558 12.005945    0.90773081]
 [-7.77643334 -6.02170466 -1.53435598]]
[[  7.67040326 -13.14140129  -0.55124534]
 [  7.86916252   6.44480189   0.84936467]]
[[  7.66783171  -0.55154183 -13.16554019]
 [  7.89478123   0.84938433   6.45691508]]
[[ 7.54522164 -5.21183745  6.58832903]
 [-5.29459159  7.2992745   6.59630752]]
[[-13.38583812  -1.0245109    6.15089158]
 [  6.15841688  -1.0243914  -13.37022477]]
[[ 6.54992161  7.55118125 -5.33564113]
 [ 6.4847932  -5.3530774   7.49823293]]
[[-13.29901329   7.65728925  -0.55293127]
 [  6.52389419   8.07218423   0.84948956]]
[[-5.33114075  6.56635114  7.33045492]
 [ 7.5928919   6.54546186 -5.24327926]]
[[ 0.90894718 12.05638482 -7.40654727]
 [-1.53448598 -6.04721949 -7.7607534 ]]
[[ 0.99296956 -7.71097271  9.4240478 ]
 [ 0.99296641 -7.69479886  9.42244407]]
[[  7.66745723 -13.15918431  -0.55146787]
 [  7.89602342   6.45372698   0.84938242]]
[[  6.44702608   0.84937365   7.88867719]
 [-13.14583028  -0.55129966   7.66894907]]
[[ -0.53832443 -12.80352795   7.76845501]
 [  0.848881     6.2743942    7.89115036]]
[[ 6.52261603 -5.34092039  7.51976053]
 [ 6.49707485  7.52098998 -5.34046447]]
[[ 7.46729869 -5.41167889  6.46366907]
 [-5.34654584  7.66546562  6.49331852]]
[[12.01422189 -7.43520229  0.90783164]
 [-6.02588363 -7.81343344 -1.53443269]]
[[  4.83579167  -1.81684754  -5.01244072]
 [ 14.92572381  16.471115   -15.40039491]]
[[  0.84935654   6.43749109   7.86421359]
 [ -0.55105822 -13.12683091   7.6702526 ]]
[[ -1.02440507 -13.39858132   6.1710487 ]
 [ -1.02451727   6.16448542 -13.41227577]]
[[-13.3800782    6.15500686  -1.02445612]
 [  6.15562951 -13.37878663  -1.02444741]]
[[-5.35300895  7.50981149  6.4928099 ]
 [ 7.54576645 -5.34112083  6.50576294]]
[[  7.67224896  -0.55079961 -13.10753747]
 [  7.84191632   0.8493392    6.42780773]]
[[ 7.4903339   6.56059033 -5.26579565]
 [-5.29284299  6.56620962  7.40968516]]
[[ 7.47547794 -5.28165889  6.55225857]
 [-5.29278869  7.44226731  6.55811398]]
[[ 7.5005658   6.51435371 -5.3284305 ]
 [-5.32569974  6.51870986  7.50879898]]
[[ -1.02446736   6.1419212  -13.35824863]
 [ -1.02441803 -13.35160324   6.14513778]]
[[-6.03410741 -7.7614896  -1.53441051]
 [12.03044838 -7.42652187  0.90836955]]
[[ 7.5581406   6.51807334 -5.29794069]
 [-5.33953337  6.53462267  7.43334707]]
[[ 7.57161755 -5.33919049  6.52362043]
 [-5.36439597  7.49522301  6.48115478]]
[[-6.02713    -1.53442314 -7.79093356]
 [12.0166527   0.90798568 -7.42246499]]
[[  6.04129391  -1.02439108 -13.15326636]
 [-13.14663705  -1.02435044   6.04458063]]
[[ 6.51435389 -5.34007794  7.59783016]
 [ 6.47745035  7.48535666 -5.37718089]]
[[ 0.91041278 12.18041007 -7.34149598]
 [-1.53487844 -6.10963764 -7.84176622]]
[[ 6.52255563  7.66097459 -5.33473823]
 [ 6.46859474 -5.40420758  7.4499314 ]]
[[  0.84938889   7.89828389   6.46144631]
 [ -0.55164275   7.66767103 -13.17457324]]
[[-1.53527873 -6.15495046 -8.07906308]
 [ 0.91055571 12.27081651 -7.33578643]]
[[ 7.48503152 -5.35330678  6.48398773]
 [-5.32938277  7.55759912  6.57056978]]
[[-6.06871342 -1.53473417 -7.87012744]
 [12.09908484  0.90934376 -7.37882458]]
[[ 6.5125376  -5.34052589  7.47739015]
 [ 6.51782387  7.53951916 -5.31988256]]
[[ 7.51703762 -5.35075726  6.50352296]
 [-5.34356504  7.53868921  6.49467401]]
[[ 7.30422399  6.57172855 -5.33695581]
 [-5.23260122  6.5457221   7.61587818]]
[[  7.66543972  -0.55188885 -13.19585154]
 [  7.92938158   0.84940975   6.47212476]]
[[ -1.79881237   4.88150832  -5.32194424]
 [ 16.44155857  14.92490849 -15.4030225 ]]
[[ 7.50128874 -5.33066235  6.5213938 ]
 [-5.32702426  7.51217174  6.51060199]]
[[  7.91768576   6.47229613   0.84940376]
 [  7.66665281 -13.1961995   -0.55187985]]
[[  6.41029995   7.8405286    0.84931551]
 [-13.07267095   7.67746363  -0.55021007]]
[[ -1.02445457   6.16669978 -13.40178662]
 [ -1.02446584 -13.40322076   6.16601202]]
[[-5.34387408  7.50521945  6.51206223]
 [ 7.53248828 -5.33480618  6.50236991]]
[[-13.32500675  -1.02441729   6.13111889]
 [  6.1290479   -1.02444783 -13.3292651 ]]
[[-13.45349296   6.19113739  -1.02447867]
 [  6.19048387 -13.45486851  -1.02448138]]
[[-7.76984402 -1.53429761 -6.01452394]
 [-7.46134655  0.90735382 11.99177551]]
[[-12.91487734   7.71921029  -0.54511409]
 [  6.33081455   7.84241233   0.84911853]]
[[-13.34471822  -0.55333412   7.65800428]
 [  6.54683695   0.84951527   8.11946374]]
[[ -1.02456058 -13.54970724   6.23236408]
 [ -1.02447403   6.23500114 -13.54399804]]
[[-7.79176897 -1.53412491 -5.97887359]
 [-7.48494738  0.90516942 11.92149677]]
[[ 0.99292641  9.42327629 -7.59370672]
 [ 0.9929248   9.42238512 -7.58584391]]
[[  7.84552614   0.84933979   6.42741557]
 [  7.67249432  -0.55078646 -13.10675569]]
[[-5.25891291  7.60878788  6.53217052]
 [ 7.34910933 -5.34564058  6.55314682]]
[[-1.53440467 -6.03312642 -7.76345788]
 [ 0.90831315 12.02851359 -7.43058566]]
[[-13.1695741    7.66723162  -0.55157331]
 [  6.45893998   7.92288294   0.84939461]]
[[ 6.50950576  7.52999935 -5.32105238]
 [ 6.52898909 -5.33654186  7.48351907]]
[[-13.09319284   6.01032529  -1.02437723]
 [  6.01468797 -13.08441677  -1.02432219]]
[[ 0.9086449  -7.41475583 12.04191943]
 [-1.5344459  -7.75968706 -6.03991129]]
[[-7.6121946   9.42379027  0.99293333]
 [-7.59625947  9.42199363  0.99293007]]
[[ 7.40951404  6.54405    -5.33175887]
 [-5.28281549  6.5280396   7.55610112]]
[[ 7.53048017  6.48317593 -5.36426961]
 [-5.35608294  6.4887009   7.55528815]]
[[-13.44189477   6.18398242  -1.02448825]
 [  6.18503423 -13.43967865  -1.02446139]]
[[  7.93526131   0.84941149   6.47515111]
 [  7.66637958  -0.55194398 -13.20188671]]
[[-1.5351781  -8.08383964 -6.12735781]
 [ 0.91006817 -7.35630252 12.21588801]]
[[ 6.50772971  7.50224933 -5.34309866]
 [ 6.50652219 -5.33304075  7.53254275]]
[[-13.14207336   7.66990664  -0.55125628]
 [  6.44513941   7.86982385   0.84936518]]
[[  4.85307686  -5.08280824  -1.81456212]
 [ 14.92494582 -15.4010951   16.46618323]]
[[-5.33599013  7.46794943  6.50755531]
 [ 7.53623136 -5.31332622  6.54108204]]
[[-6.10085591 -1.53490574 -7.9035824 ]
 [12.163002    0.91002971 -7.35716855]]
[[-7.42925669  0.90807685 12.01802771]
 [-7.76499216 -1.53438523 -6.02782754]]
[[ -5.27190024   4.8302899   -1.82977632]
 [-15.40261934  14.91881866  16.48151685]]
[[-6.03724911 -1.53446413 -7.78132134]
 [12.03665912  0.90847464 -7.41374675]]
[[ 0.90917277 12.06584354 -7.40182679]
 [-1.5344941  -6.05199943 -7.74783871]]
[[-13.51805853  -1.02451248   6.22074356]
 [  6.22048309  -1.024499   -13.51861509]]
[[  7.66754283  -0.55188335 -13.1969338 ]
 [  7.90795145   0.84939983   6.47266266]]
[[  7.83389243   6.42270212   0.84933085]
 [  7.67343939 -13.09736519  -0.55065682]]
[[  6.44866847   0.84937584   7.88905849]
 [-13.14910276  -0.55134439   7.66831249]]
[[ 7.47291656  6.46702813 -5.40407555]
 [-5.34592649  6.49461275  7.64966368]]
[[-5.33216921  7.50042714  6.51685676]
 [ 7.51508333 -5.32728182  6.50874064]]
[[-13.22341435  -0.55219002   7.66218399]
 [  6.48595642   0.84943426   7.97403502]]
[[  6.16264506  -1.02442196 -13.38758964]
 [-13.39468812  -1.02448986   6.15923616]]
[[ -1.02451346 -13.50850029   6.21487489]
 [ -1.02448882   6.21610576 -13.50586604]]
[[ -1.02439622   6.17278801 -13.40000908]
 [ -1.02452811 -13.41590859   6.1651718 ]]
[[ 6.47826283  7.57460491 -5.36929389]
 [ 6.47346429 -5.37938679  7.54393918]]
[[ -1.02449972 -13.51978518   6.21968688]
 [ -1.02451155   6.22130838 -13.51631085]]
[[ -1.02448817   6.19429038 -13.46067279]
 [ -1.02447739 -13.4615991    6.19384892]]
[[ 6.52125253 -5.30570092  7.54651482]
 [ 6.5256981   7.45101832 -5.3375013 ]]
[[-13.17575678   7.66831296  -0.55165413]
 [  6.46203854   7.88843709   0.84938558]]
[[ 6.5455485   7.43481121 -5.30244999]
 [ 6.55902611 -5.28232446  7.49501849]]
[[-6.06802188 -1.53458697 -7.74883626]
 [12.09758799  0.90975948 -7.37350118]]
[[ 9.42293328 -7.55442953  0.99290889]
 [ 9.42191234 -7.54704146  0.99290729]]
[[-5.30164882  6.51372246  7.54907017]
 [ 7.44329884  6.53580866 -5.33691349]]
[[ 6.51506677 -5.2970154   7.56773625]
 [ 6.53253164  7.42778188 -5.34364452]]
[[  0.84936837   7.87081548   6.44771109]
 [ -0.55132181   7.66925125 -13.1471986 ]]
[[-7.34934985  9.42032023  0.99279429]
 [-7.35254776  9.42130203  0.99279521]]
[[-1.53546098 -8.1508476  -6.18976486]
 [ 0.91092674 -7.32002365 12.3401947 ]]
[[-5.37081904  6.48242595  7.48719514]
 [ 7.58617174  6.51056249 -5.33813051]]
[[-7.52137427  0.99289332  9.42249582]
 [-7.51690478  0.99289232  9.42179481]]
[[-13.40803431  -1.0244773    6.16728828]
 [  6.16899636  -1.02444605 -13.40446804]]
[[12.03892206  0.90847919 -7.41338119]
 [-6.03838787 -1.53448896 -7.79666594]]
[[-6.02812229 -1.53440662 -7.78116678]
 [12.01862012  0.90804407 -7.43103007]]
[[-7.36898934 12.10478757  0.90980873]
 [-7.7654825  -6.07164183 -1.53462683]]
[[ -1.024532     6.17799178 -13.44113059]
 [ -1.02441207 -13.42699372   6.18472416]]
[[  6.19577483  -1.02445281 -13.45938169]
 [-13.46473049  -1.02451381   6.19324769]]
[[  7.85921109   6.43838279   0.84935558]
 [  7.67096415 -13.12860867  -0.55108442]]
[[ 7.5551207   6.48838205 -5.34547319]
 [-5.35947072  6.50721851  7.51294959]]
[[  6.18521076  -1.02452934 -13.45302109]
 [-13.44225082  -1.0244253    6.19032139]]
[[-5.33722546  6.59984049  7.23727401]
 [ 7.65020516  6.55410073 -5.19867536]]
[[ 6.53631572 -5.33338367  7.64348808]
 [ 6.46979701  7.45498622 -5.39547327]]
[[-13.4909938   -1.02449417   6.20734348]
 [  6.20799572  -1.02449455 -13.48960769]]
[[-7.9116189  -6.11577483 -1.53497538]
 [-7.34492084 12.19269095  0.91030814]]
[[  7.66673295  -0.55170759 -13.18013489]
 [  7.90643752   0.84939404   6.46423731]]
[[ 7.50361559 -5.34939925  6.50301916]
 [-5.33650781  7.54249045  6.5033076 ]]
[[-6.0282435  -1.53439158 -7.76820331]
 [12.01885187  0.90808724 -7.42877639]]
[[-13.36949264  -1.02445867   6.14941441]
 [  6.15054684  -1.02443657 -13.36714437]]
[[-7.73512065 -6.0647765  -1.53455197]
 [-7.37761781 12.09114018  0.90970064]]
[[-12.98902767  -1.024155     5.98776758]
 [  5.96273515  -1.02449152 -13.0393134 ]]
[[-7.51423881  0.99289143  9.42182862]
 [-7.52119979  0.99289292  9.42271759]]
[[-6.01373513 -1.5343219  -7.80396726]
 [11.99023983  0.90722077 -7.47922263]]
[[ 0.9108884  -7.32288365 12.31497556]
 [-1.53535777 -8.08129984 -6.17712341]]
[[-7.44470213 11.99651398  0.90748278]
 [-7.78150452 -6.016932   -1.53434164]]
[[-1.53461181 -7.74445889 -6.07359781]
 [ 0.90995433 -7.36467909 12.10864344]]
[[ 7.5228777  -5.33547027  6.51372569]
 [-5.33954094  7.51055395  6.50284498]]
[[  6.05397196 -13.17353848  -1.02438281]
 [-13.17218687   6.05464107  -1.02437446]]
[[  7.67460708 -13.08404757  -0.55053337]
 [  7.80532486   6.41602327   0.84931765]]
[[-7.35597419 12.16529634  0.91005374]
 [-7.90396642 -6.10200936 -1.53491095]]
[[  6.10655937  -1.02442794 -13.28224975]
 [-13.2788713   -1.02440395   6.1082133 ]]
[[12.41860894  0.9111828  -7.3154978 ]
 [-6.22910265 -1.53568862 -8.29001797]]
[[ 7.42986251 -5.40867276  6.46797427]
 [-5.3268114   7.67849878  6.53301146]]
[[-1.53447795 -7.74931765 -6.04836899]
 [ 0.90902836 -7.4040083  12.05865319]]
[[-5.33784935  6.51843077  7.49202839]
 [ 7.52837881  6.50838225 -5.32575083]]
[[ 6.50587554  7.53243261 -5.3427556 ]
 [ 6.49673997 -5.3473773   7.51843603]]
[[ 6.51402153 -5.33720877  7.49432022]
 [ 6.51262514  7.52627074 -5.32658833]]
[[-7.33765821  0.91071213 12.16415108]
 [-7.73118246 -1.53471942 -6.10154021]]
[[-5.34675894  7.6181374   6.49912456]
 [ 7.4876725  -5.38973811  6.47274252]]
[[  7.66955389  -0.55116102 -13.133772  ]
 [  7.86193348   0.84936258   6.44097542]]
[[  7.80261098   0.84931664   6.41901291]
 [  7.67606919  -0.55057531 -13.09001605]]
[[12.04138713  0.90858181 -7.41928641]
 [-6.03963565 -1.5344609  -7.7757479 ]]
[[-5.32781604  7.52451292  6.52453727]
 [ 7.49709336 -5.3368902   6.50400821]]
[[-5.28379634  6.53392237  7.55750737]
 [ 7.41049443  6.53520848 -5.33284997]]
[[-5.24472827  7.55158735  6.55342978]
 [ 7.34961483 -5.31246572  6.57822748]]
[[-7.69216677  9.42159018  0.9929673 ]
 [-7.73670686  9.42665414  0.99297615]]
[[-13.09644616  -0.55060581   7.67422268]
 [  6.42223893   0.84933557   7.85438158]]
[[ 6.57515303  7.28140629 -5.33466829]
 [ 6.55976882 -5.22009238  7.62330379]]
[[ -0.55076896   7.67244772 -13.10439331]
 [  0.84933616   7.83365882   6.42623065]]
[[ 7.56111187 -5.28995218  6.53495642]
 [-5.3373164   7.41899331  6.52777884]]
[[  7.88526506   6.45361991   0.84937827]
 [  7.66842292 -13.15897381  -0.55146383]]
[[ -1.02455656 -13.64018845   6.27646601]
 [ -1.02456221   6.27511192 -13.64322996]]
[[ 7.66499414  6.4834789  -5.35867041]
 [-5.41698094  6.46010593  7.4872629 ]]
[[ 7.52486685 -5.34920427  6.50098306]
 [-5.3466396   7.53257398  6.49544108]]
[[  6.47351582   7.90719473   0.84940024]
 [-13.19863493   7.66762051  -0.55190137]]
[[  6.16940527  -1.02446191 -13.40886441]
 [-13.40891007  -1.02446333   6.16938369]]
[[ 6.49203205 -5.36723404  7.51130218]
 [ 6.48767228  7.5689637  -5.34815861]]
[[-7.74558844 -1.53452445 -6.05903931]
 [-7.39528992  0.9094343  12.0797952 ]]
[[ 7.53275128  6.50290431 -5.33712848]
 [-5.34502998  6.50714186  7.50895831]]
[[ 7.57611919  6.53890527 -5.25476621]
 [-5.32853569  6.57507571  7.35573502]]
[[ 7.35588405  6.5587129  -5.33403001]
 [-5.25723777  6.53533578  7.58551186]]
[[  7.66119573 -13.23963993  -0.55235619]
 [  7.9938487    6.49409771   0.84944579]]
[[ 9.42133799  0.99291578 -7.56004123]
 [ 9.42490826  0.99292144 -7.58657137]]
[[ 0.91115037 -7.31992662 12.49233714]
 [-1.53596848 -8.56933837 -6.26608225]]
[[  6.01641699 -13.09419849  -1.02434413]
 [-13.09665321   6.01519701  -1.02435953]]
[[ 6.49025375  7.53794161 -5.35714233]
 [ 6.49076857 -5.35646721  7.53998631]]
[[-13.54303027   6.23344974  -1.02450263]
 [  6.23190621 -13.54636997  -1.02453049]]
[[  6.14871975  -1.02446911 -13.37134812]
 [-13.3657092   -1.02442607   6.15144217]]
[[ 0.90592623 -7.51650445 11.9484727 ]
 [-1.53420554 -7.82229286 -5.99254529]]
[[-5.28972332  6.5490688   7.48434241]
 [ 7.45169887  6.55111991 -5.30064393]]
[[  6.11268959 -13.27756583  -1.02437116]
 [-13.29139402   6.10592077  -1.0244637 ]]
[[-7.42118798 12.0255042   0.90823522]
 [-7.77471655 -6.03160953 -1.53442296]]
[[ -1.02439802 -13.15960673   6.04362626]
 [ -1.02434727   6.04772781 -13.15133121]]
[[-7.36948939 12.10494418  0.90992625]
 [-7.73525954 -6.07173601 -1.53458713]]
[[-5.37578906  6.47891214  7.48550352]
 [ 7.59539995  6.51707874 -5.33953213]]
[[ 0.99291186  9.42208012 -7.55540268]
 [ 0.99291444  9.42367425 -7.56746288]]
[[-1.53460132 -7.7312283  -6.07521874]
 [ 0.91005428 -7.36332292 12.11184713]]
[[-13.54979386   6.23756285  -1.02449072]
 [  6.23496719 -13.55542405  -1.02454914]]
[[-13.2729379    6.10820621  -1.02438418]
 [  6.10365111 -13.28223593  -1.02444635]]
[[-8.20976545 -1.53552409 -6.19505492]
 [-7.32269241  0.9108836  12.35076809]]
[[-5.33360982  7.42591474  6.53213294]
 [ 7.55157696 -5.29170518  6.52858103]]
[[ -0.55238947 -13.24358734   7.66144886]
 [  0.84944938   6.49607802   8.00225407]]
[[-7.49835733  9.42249533  0.9928818 ]
 [-7.4949124   9.4219584   0.99288103]]
[[-5.33923542  6.51445734  7.63466122]
 [ 7.46828854  6.47315765 -5.39404459]]
[[-13.38250309   6.15241509  -1.02448605]
 [  6.15680573 -13.37339297  -1.02441599]]
[[ 16.45891491  14.91834404 -15.40463432]
 [ -1.81538925   4.86841311  -5.59817801]]
[[ -0.55163623 -13.1736944    7.66751971]
 [  0.84939162   6.46100686   7.90665787]]
[[ 6.50261339 -5.3403295   7.51722738]
 [ 6.50786129  7.52119698 -5.33902232]]
[[ 7.55245038 -5.28616004  6.52418282]
 [-5.33155582  7.41651049  6.55063269]]
[[12.03966242 -7.41312382  0.90860586]
 [-6.03877278 -7.75781408 -1.53443989]]
[[ 6.50238381 -5.3486307   7.53451675]
 [ 6.49280475  7.52731929 -5.35099489]]
[[  7.69134387 -12.99550376  -0.54842327]
 [  7.8171269    6.37150049   0.8492388 ]]
[[ 6.49260316  7.5277516  -5.35636539]
 [ 6.49442087 -5.35123337  7.5432713 ]]
[[ 0.90854596 12.03823886 -7.42128954]
 [-1.5344349  -6.03804697 -7.76278017]]
[[-7.55240262  0.99290797  9.42289998]
 [-7.54534416  0.99290646  9.42199097]]
[[ 0.90899096 -7.40642001 12.05791201]
 [-1.53448112 -7.7548189  -6.04799115]]
[[-12.955316    -0.54695721   7.70392219]
 [  6.35123968   0.84918431   7.82603741]]
[[-13.51334681  -1.02449697   6.21729862]
 [  6.2183507   -1.02450926 -13.51109791]]
[[ 6.52745058 -5.31210899  7.51360999]
 [ 6.52261671  7.47588108 -5.32466963]]
[[-13.06715145  -0.55010934   7.67758297]
 [  6.40752785   0.84931216   7.8408117 ]]
[[-13.37101192   6.14893174  -1.02446611]
 [  6.15127828 -13.3661515   -1.02442913]]
[[-13.5152572   -1.02452329   6.21824443]
 [  6.21927254  -1.02448393 -13.51305047]]
[[  6.18225348 -13.43736977  -1.02448166]
 [-13.43598943   6.18290921  -1.02446471]]
[[ 0.90486873 -7.51602661 11.91696422]
 [-1.53411532 -7.81824391 -5.97654114]]
[[ 6.47564775  7.4984589  -5.37877582]
 [ 6.50055078 -5.34713219  7.59443321]]
[[ 0.9082851  -7.42196162 12.02628055]
 [-1.53440743 -7.76239604 -6.03200442]]
[[ 7.83720561 -4.98826043  6.63973347]
 [-5.32094408  6.85472972  6.73010495]]
[[-1.53561649 -6.2255565  -8.21115174]
 [ 0.91127668 12.41150885 -7.31393373]]
[[ -4.12389115 -13.41530725 -13.28476054]
 [ -4.12389114 -13.41514059 -13.28473237]]
[[-5.33174126  6.56266587  7.60923088]
 [ 7.46670522  6.47464056 -5.37872381]]
[[-1.53464155 -7.8160816  -6.06263992]
 [ 0.90934014 -7.38387795 12.08698002]]
[[-6.03904937 -7.75943198 -1.53443785]
 [12.04021832 -7.41803158  0.9086017 ]]
[[ 7.41723377 -5.33683575  6.53994315]
 [-5.28884154  7.56109541  6.520957  ]]
[[-5.34942165  6.50270568  7.51007208]
 [ 7.53960115  6.50158199 -5.33962964]]
[[  6.20685836  -1.02449871 -13.48891097]
 [-13.48853164  -1.02448886   6.20703571]]
[[-6.05463047 -1.53452359 -7.75578505]
 [12.07105203  0.90926147 -7.39335149]]
[[-6.06072166 -1.53454919 -7.74605776]
 [12.08310556  0.90952967 -7.37953991]]
[[ 6.52761854 -5.33724556  7.47748941]
 [ 6.50734699  7.53393403 -5.31843814]]
[[  6.18703968 -13.44744742  -1.02447841]
 [-13.44617087   6.18764733  -1.0244759 ]]
[[ 7.56353933 -5.31910052  6.50487626]
 [-5.35160715  7.46572238  6.5174777 ]]
[[-1.53454523 -7.73733212 -6.06377139]
 [ 0.90964565 -7.38284566 12.08915745]]
[[-7.76399593 -6.03105508 -1.53439666]
 [-7.43065634 12.02441414  0.90822229]]
[[ -0.54686324   7.70502579 -12.95303893]
 [  0.84918099   7.8269004    6.35009059]]
[[ 7.57413583  6.50660974 -5.34042219]
 [-5.36616543  6.48431662  7.49620806]]
[[-13.40004432  -1.02446719   6.16401476]
 [  6.16518234  -1.02445064 -13.39761287]]
[[ 6.50950469  7.50072476 -5.35188045]
 [ 6.49773785 -5.33619961  7.54794996]]
[[ -0.54915888 -13.02160428   7.68516308]
 [  0.84926826   6.38463708   7.82007336]]
[[  7.67809092  -0.55003174 -13.06339586]
 [  7.84297416   0.84931003   6.40564084]]
[[ -0.5521095  -13.21615194   7.6631253 ]
 [  0.84942807   6.48231182   7.9648558 ]]
[[  7.86303466   6.44001208   0.84935881]
 [  7.67006255 -13.1318542   -0.55113022]]
[[-6.0674387  -1.53461973 -7.7773187 ]
 [12.09646079  0.90963298 -7.3753188 ]]
[[  6.20575184 -13.52126272  -1.02464154]
 [-13.48604121   6.22224933  -1.02435592]]
[[ 6.43744242  7.37360516 -5.4964485 ]
 [ 6.48358776 -5.33714649  7.86367411]]
[[-13.42957165  -1.02440224   6.1871477 ]
 [  6.17921952  -1.0245446  -13.44623281]]
[[  6.12819364 -13.31549964  -1.02440222]
 [-13.32323267   6.12442826  -1.02445759]]
[[-13.31110871   6.10048695  -1.02456073]
 [  6.12234929 -13.26644424  -1.02427659]]
[[-13.10139054   7.67301852  -0.55075941]
 [  6.42472567   7.81714118   0.84933091]]
[[ 0.90746407 -7.449796   11.9982455 ]
 [-1.53435847 -7.79584904 -6.01779778]]
[[  6.19185445  -1.0244614  -13.45259702]
 [-13.45638017  -1.02449885   6.19006283]]
[[ 6.50034107  7.52185423 -5.34280093]
 [ 6.50990448 -5.34235445  7.52325625]]
[[12.01271173  0.90785784 -7.46045406]
 [-6.02511604 -1.53435735 -7.77757487]]
[[  6.47882742   7.97045053   0.84942603]
 [-13.20920836   7.66370699  -0.55202025]]
[[ -0.551746     7.66728152 -13.1837261 ]
 [  0.84939659   7.91103356   6.46603897]]
[[-5.26444589  6.55093016  7.51019528]
 [ 7.39897779  6.5632861  -5.3017281 ]]
[[  7.66757534  -0.55165583 -13.17558532]
 [  7.90301713   0.84939104   6.46195473]]
[[ 6.51061965  7.59982935 -5.34558079]
 [ 6.47511269 -5.38060643  7.49354643]]
[[  7.6663903  -13.18080062  -0.55171742]
 [  7.92466215   6.46457361   0.84940063]]
[[-5.3216687   7.4311606   6.53723739]
 [ 7.52896991 -5.28901799  6.53979514]]
[[-13.37170265   6.15343847  -1.02443574]
 [  6.15160454 -13.37550377  -1.02446325]]
[[  6.17093159 -13.41629901  -1.02448616]
 [-13.41212925   6.17292368  -1.02444316]]
[[ -1.02449286   6.14949554 -13.37770055]
 [ -1.0244051  -13.36729099   6.15451578]]
[[-13.33494007  -0.5532538    7.65860354]
 [  6.54192778   0.84950881   8.10767637]]
[[ -1.02445769   6.1662741  -13.40357536]
 [ -1.02446307 -13.40233409   6.16687344]]
[[-7.74082685 -6.06491389 -1.53455957]
 [-7.37818688 12.09141841  0.90968369]]
[[11.97916195  0.906976   -7.44784501]
 [-6.00814154 -1.53431991 -7.79902023]]
[[-13.21822775  -0.55213191   7.66298016]
 [  6.4833532    0.84942894   7.96558274]]
[[ 7.51539408 -5.33639891  6.49939734]
 [-5.33641483  7.51548427  6.5242096 ]]
[[ 7.64981776 -5.35623427  6.4827478 ]
 [-5.40881822  7.48974643  6.46217167]]
[[ 7.52900696 -5.34699414  6.50556195]
 [-5.34762771  7.5270292   6.49468476]]
[[ 7.55578967 -5.3516288   6.49203716]
 [-5.36251188  7.52285123  6.48750408]]
[[ 7.66860203  6.49522757 -5.34640497]
 [-5.41306455  6.46521565  7.46576354]]
[[12.13395418  0.91001137 -7.35764541]
 [-6.08629624 -1.53475023 -7.8133314 ]]
[[-13.41115008  -1.02444626   6.17188854]
 [  6.17047651  -1.02448177 -13.4141072 ]]
[[  7.96764688   6.48925785   0.84943222]
 [  7.66465714 -13.23000225  -0.5522392 ]]
[[-5.31001743  7.54322523  6.51659532]
 [ 7.45954058 -5.33788421  6.52676071]]
[[ 6.52194807 -5.30580117  7.53242893]
 [ 6.52848146  7.45726584 -5.33085094]]
[[  6.14620531 -13.35835938  -1.02443404]
 [-13.36047628   6.14518307  -1.02445454]]
[[-13.13597258  -0.55118285   7.66947002]
 [  6.44207977   0.84936502   7.87536291]]
[[ 7.61375211  6.53060818 -5.25095715]
 [-5.34433408  6.55863399  7.3343763 ]]
[[-7.43533358 12.03080687  0.90835198]
 [-7.76323125 -6.03428138 -1.53440441]]
[[-5.21823947  7.56441312  6.56212905]
 [ 7.30182848 -5.30649743  6.59421242]]
[[ -1.02452968   6.25752136 -13.59659608]
 [ -1.02454843 -13.59976531   6.25608245]]
[[ 0.99291096  9.42131364 -7.54950226]
 [ 0.99291652  9.42480135 -7.57546157]]
[[-7.70369975  0.99296412  9.43051412]
 [-7.63170797  0.99294915  9.42088536]]
[[ 6.5092938   7.47716627 -5.3414607 ]
 [ 6.52447515 -5.32020304  7.54120362]]
[[-1.53458929 -6.07295781 -7.73124779]
 [ 0.90998345 12.10736187 -7.36671166]]
[[ 0.90922966 12.06964943 -7.4042348 ]
 [-1.5345009  -6.05391649 -7.75004352]]
[[12.2281978   0.91030716 -7.34507472]
 [-6.13356296 -1.53515935 -8.03290658]]
[[ -1.02469321   6.26122275 -13.63892503]
 [ -1.02440596 -13.60820437   6.27506849]]
[[ 7.54122858 -5.34674308  6.50354833]
 [-5.35336745  7.52116016  6.49285053]]
[[  6.50128694   7.99816448   0.84945118]
 [-13.2539732    7.66215669  -0.55248701]]
[[  7.85432744   6.41832944   0.84933047]
 [  7.6750202  -13.08866074  -0.55047274]]
[[-5.26899248  6.60134893  7.35503078]
 [ 7.47536731  6.58388823 -5.2284456 ]]
[[ 6.54181084  7.57070673 -5.25256756]
 [ 6.56234085 -5.32498327  7.35440891]]
[[ 0.91063468 12.262375   -7.33066525]
 [-1.53521059 -6.15073485 -8.01755861]]
[[ 6.57230412 -5.32854834  7.39788507]
 [ 6.5216872   7.55605213 -5.27564574]]
[[ 6.50893527 -5.34231832  7.55779053]
 [ 6.48701614  7.50647748 -5.35926435]]
[[-5.34237935  6.51528274  7.54743253]
 [ 7.51112557  6.48564406 -5.35434784]]
[[ -5.18605466   4.74928169  -1.87142819]
 [-15.40193819  14.91128686  16.53666774]]
[[-8.34306926 -1.53575741 -6.23962308]
 [-7.31523776  0.91122191 12.43957571]]
[[-13.1205338   -0.55098425   7.67101098]
 [  6.43433124   0.8493499    7.85274777]]
[[ 7.53214133  6.51930708 -5.34538562]
 [-5.34838877  6.48905043  7.52290015]]
[[  7.88539956   6.45360696   0.8493781 ]
 [  7.66847265 -13.15894823  -0.55146263]]
[[12.21579483  0.91067656 -7.33193621]
 [-6.12740512 -1.534966   -7.86044627]]
[[-13.39671274   6.16376314  -1.02445847]
 [  6.16360151 -13.39704737  -1.0244577 ]]
[[ 6.50291761  7.81938934 -5.33063014]
 [ 6.44514854 -5.47398455  7.38016158]]
[[ -0.55010902   7.67773199 -13.065655  ]
 [  0.84930868   7.83057851   6.40677813]]
[[-13.46757022   6.20560482  -1.024407  ]
 [  6.19709933 -13.48561557  -1.02457034]]
[[  7.99249049   6.49543158   0.84944626]
 [  7.66088228 -13.24229968  -0.55238108]]
[[-1.53441335 -7.78272456 -6.03172716]
 [ 0.90819063 -7.44134649 12.02576205]]
[[12.23111967  0.91194321 -7.3173677 ]
 [-6.13531553 -1.5347657  -7.66312804]]
[[-7.39057044  0.90927898 12.0721731 ]
 [-7.75826978 -1.53453212 -6.05519695]]
[[ 0.90764045 -7.45254264 12.0060557 ]
 [-1.53437168 -7.79475739 -6.02174389]]
[[-1.53549424 -6.18398974 -8.22057335]
 [ 0.91070159 12.32874269 -7.33028714]]
[[ 9.42021503  0.9927956  -7.3511643 ]
 [ 9.42143206  0.99279668 -7.35489348]]
[[  7.96956687   0.84943228   6.48682814]
 [  7.663496    -0.55220325 -13.22515464]]
[[-7.3484757   0.99279261  9.4208264 ]
 [-7.34633213  0.99279203  9.42025266]]
[[-1.53449493 -6.04749399 -7.76384263]
 [ 0.90895569 12.05692559 -7.40325536]]
[[-7.75418592 -1.53445838 -6.04596147]
 [-7.41905308  0.90888837 12.0539084 ]]
[[-6.05011864 -7.75883229 -1.53450518]
 [12.06211594 -7.39716414  0.90908043]]
[[-1.53446423 -6.04092435 -7.76988409]
 [ 0.90865761 12.04393057 -7.41393806]]
[[ 6.50088557  7.6387349  -5.34358412]
 [ 6.46957943 -5.39791953  7.47370574]]
[[ -1.02442311 -13.45090283   6.19546622]
 [ -1.02453901   6.18928516 -13.46395442]]
[[ 6.55749743 -5.33706748  7.35751167]
 [ 6.52935868  7.58993807 -5.25936585]]
[[-7.36928249 12.11650221  0.90975089]
 [-7.82253685 -6.07750705 -1.53471868]]
[[-5.30380302  6.52063149  7.5573278 ]
 [ 7.44326069  6.52390892 -5.34177458]]
[[ 6.51904278 -5.32986628  7.57678635]
 [ 6.49010225  7.47764551 -5.36266425]]
[[-5.33220572  6.51923978  7.47757318]
 [ 7.52546652  6.52043577 -5.31626966]]
[[ 7.57390541 -5.35048493  6.50029109]
 [-5.37058435  7.51294235  6.4788374 ]]
[[  6.31561173  -1.02461147 -13.74875822]
 [-13.73585156  -1.02460318   6.32108722]]
[[-5.29761922  7.53325624  6.52300971]
 [ 7.4434799  -5.3275897   6.54453247]]
[[ 0.90884864 12.05268914 -7.40095888]
 [-1.53450044 -6.04535398 -7.77303971]]
[[  5.97126003  -1.02420321 -12.97382041]
 [-13.00624202  -1.02442642   5.95511792]]
[[  7.67167676  -0.55090198 -13.11474096]
 [  7.84923672   0.84934533   6.43142361]]
[[-13.47469624   6.19953256  -1.02450523]
 [  6.20046269 -13.47271834  -1.02446955]]
[[-5.29062155  6.55106938  7.4527829 ]
 [ 7.467191    6.55632351 -5.28580485]]
[[ 7.56936528 -5.34252952  6.50751513]
 [-5.36485362  7.50176437  6.48503929]]
[[-7.95549856 -1.53497102 -6.10404721]
 [-7.35931092  0.90994425 12.16939643]]
[[-5.34525925  7.5833671   6.50727072]
 [ 7.50016349 -5.37270396  6.47943425]]
[[-13.05180361  -0.54982479   7.68000457]
 [  6.39981794   0.84929811   7.83149998]]
[[ 9.42092345  0.99283291 -7.4093543 ]
 [ 9.42190516  0.99283401 -7.41366739]]
[[-5.27166126  7.53596262  6.53559016]
 [ 7.39984004 -5.31723157  6.56722301]]
[[-5.19850114  6.59079211  7.53881058]
 [ 7.28052194  6.60965071 -5.28555256]]
[[-13.53203892  -1.0245027    6.22773085]
 [  6.22691999  -1.02452036 -13.53378701]]
[[-7.76644286 -6.06916127 -1.53461711]
 [-7.37073968 12.09986422  0.90973188]]
[[ -1.02447236 -13.4905817    6.21148519]
 [ -1.02451947   6.20779802 -13.49843829]]
[[-5.34437913  7.31632883  6.56211837]
 [ 7.62275835 -5.24191039  6.53848949]]
[[  6.09789585  -1.02441424 -13.26256478]
 [-13.26119729  -1.02440498   6.098567  ]]
[[12.09562958 -7.37395431  0.90978207]
 [-6.06704174 -7.73436861 -1.53456356]]
[[  6.09077031 -13.30063262  -1.02458104]
 [-13.24664035   6.11725492  -1.02424595]]
[[-7.43270331 12.03141437  0.90830617]
 [-7.78721911 -6.03458452 -1.53444008]]
[[ 6.45792737  7.5543876  -5.40835054]
 [ 6.46356481 -5.38729197  7.61868981]]
[[ 7.53652066 -5.34646615  6.49226593]
 [-5.35101876  7.52283207  6.50114928]]
[[-6.12769435 -8.01246426 -1.53511822]
 [12.21649932 -7.34725778  0.91025389]]
[[ -0.55097017   7.67132762 -13.12028138]
 [  0.84935277   7.86367501   6.43420457]]
[[-13.44056402  -1.02449348   6.18285857]
 [  6.18440745  -1.02445502 -13.43730238]]
[[ -1.02443354 -13.35519039   6.14466063]
 [ -1.02445264   6.14365714 -13.35726658]]
[[ 0.90977718 12.09763922 -7.37620778]
 [-1.53457501 -6.06804825 -7.74210717]]
[[-5.35010468  6.49343181  7.5225722 ]
 [ 7.5351426   6.50392177 -5.34596122]]
[[ 6.49404912  7.49706772 -5.35856162]
 [ 6.50532491 -5.33743918  7.56089331]]
[[  6.15273948 -13.37688896  -1.02446132]
 [-13.37406644   6.15410023  -1.02443917]]
[[ -1.80402896  -5.31466314   4.87699978]
 [ 16.44816774 -15.40293952  14.92382035]]
[[ 7.44920042  6.5280384  -5.33778192]
 [-5.30493284  6.51947727  7.54782213]]
[[  6.18245121 -13.44158101  -1.02450257]
 [-13.43642407   6.18490112  -1.02444558]]
[[ 6.50802179 -5.32936405  7.55078704]
 [ 6.50328335  7.48814115 -5.35014235]]
[[-12.94406138   7.70803134  -0.54648445]
 [  6.34555922   7.82943684   0.84916713]]
[[-1.53473254 -7.80877667 -6.08381419]
 [ 0.90996581 -7.36112653 12.12901743]]
[[ -0.55153102   7.66723973 -13.16445984]
 [  0.84938674   7.90183342   6.45637422]]
[[ 7.4954381  -5.38022118  6.4770152 ]
 [-5.34630818  7.59828853  6.50168031]]
[[-6.13774429 -7.89433113 -1.53503905]
 [12.23641354 -7.32961487  0.91074518]]
[[ 9.42463567 -7.54820684  0.99290405]
 [ 9.42099777 -7.52400181  0.9928987 ]]
[[-1.53441819 -7.75959577 -6.03545576]
 [ 0.90844161 -7.42239653 12.03311018]]
[[-5.33120811  6.48503805  7.92188774]
 [ 7.34272819  6.43212409 -5.5188449 ]]
[[ 6.59119735 -5.27758821  7.35994961]
 [ 6.57866301  7.4875696  -5.23463963]]
[[ 6.47580162 -5.37720201  7.55742885]
 [ 6.47702698  7.56480119 -5.37477657]]
[[-7.39120957  0.90930249 12.07229607]
 [-7.75098989 -1.53452174 -6.05526085]]
[[ 6.55362744  7.42063557 -5.31494968]
 [ 6.53600635 -5.28087988  7.52247904]]
[[ -0.55154289 -13.16597533   7.66902921]
 [  0.8493785    6.457131     7.87966619]]
[[ -0.54356123   7.7307345  -12.88549369]
 [  0.84906407   7.85568952   6.31595106]]
[[-7.76325261 -6.03072841 -1.53438439]
 [-7.43966626 12.02378128  0.90818888]]
[[-13.50944559  -1.02448045   6.21905596]
 [  6.21651892  -1.0245259  -13.51488183]]
[[-5.32194304  6.51075543  7.52824706]
 [ 7.48575419  6.5189633  -5.33608661]]
[[ -1.02447175   6.13818742 -13.35183017]
 [ -1.0244083  -13.34386185   6.14204776]]
[[ 6.62784412  7.21995783 -5.28699526]
 [ 6.59880772 -5.16843862  7.57118958]]
[[-5.34510868  7.59016662  6.50180768]
 [ 7.4969878  -5.37585062  6.47911802]]
[[ -1.69401435   4.98748299  -5.42485183]
 [ 16.3102507   14.94710427 -15.40342039]]
[[  6.14268248  -1.0244304  -13.35030887]
 [-13.35315721  -1.02445242   6.14130328]]
[[ -1.02446808 -13.41214037   6.17052157]
 [ -1.02445941   6.17094148 -13.41126208]]
[[-7.40582474 12.06818108  0.90920573]
 [-7.74598008 -6.05317426 -1.53449055]]
[[-5.34129849  7.53988005  6.53061342]
 [ 7.51263199 -5.35025329  6.4900855 ]]
[[  6.44997273   7.88329612   0.84937473]
 [-13.15170379   7.66844527  -0.55137724]]
[[-7.78904654 -1.53419201 -5.98971856]
 [-7.47144259  0.90589503 11.94284358]]
[[ 7.56100442 -5.2692301   6.52865549]
 [-5.32797873  7.38537753  6.56860973]]
[[-7.4110965  12.04475076  0.90870129]
 [-7.76255401 -6.0413425  -1.53445909]]
[[ -0.5499511  -13.05686546   7.67861154]
 [  0.84930075   6.40236325   7.82479049]]
[[-13.37574391  -1.02448965   6.1485129 ]
 [  6.15356614  -1.02440691 -13.36527228]]
[[ 7.33872322 -5.3330736   6.56368726]
 [-5.2482517   7.59218636  6.53822879]]
[[11.95624817  0.90631278 -7.47043662]
 [-5.99651832 -1.53422342 -7.78629148]]
[[ 6.49938926 -5.34615343  7.62351099]
 [ 6.47284069  7.48436071 -5.39198868]]
[[12.05661614 -7.40781398  0.90895589]
 [-6.047336   -7.75844953 -1.53448193]]
[[ 6.55538491 -5.27816612  7.46761638]
 [ 6.56324675  7.43995184 -5.28744773]]
[[-13.13366407  -0.55115172   7.67094526]
 [  6.44091927   0.84935746   7.8579202 ]]
[[ 0.90610239 -7.48078432 11.95403692]
 [-1.53425144 -7.8214798  -5.99537399]]
[[12.05865568  0.90901474 -7.40704871]
 [-6.04836712 -1.53447725 -7.75130221]]
[[ 0.90926923 12.07238399 -7.39629477]
 [-1.53452704 -6.05529907 -7.75904297]]
[[ -1.02443824   6.16515243 -13.39539719]
 [ -1.02447842 -13.39995389   6.16296612]]
[[12.10780158 -7.36743653  0.90989558]
 [-6.07316595 -7.75451055 -1.53461979]]
[[-7.41022793  0.90878816 12.04933119]
 [-7.76531317 -1.53447338 -6.04365517]]
[[12.05734474 -7.41297296  0.90895427]
 [-6.04769933 -7.75963402 -1.53447945]]
[[-6.03070183 -7.76270917 -1.53437917]
 [12.02373465 -7.44415044  0.90817978]]
[[-5.34239332  6.51676792  7.56769906]
 [ 7.50223643  6.48486792 -5.36399443]]
[[-5.32590202  6.50582378  7.53161845]
 [ 7.49083793  6.52153791 -5.33948092]]
[[ 7.46660567 -5.43974778  6.45015248]
 [-5.35864364  7.71451534  6.4752868 ]]
[[-5.33858134  6.51533901  7.50426667]
 [ 7.52406055  6.50452464 -5.33198731]]
[[ 0.99282204 -7.39082306  9.42034676]
 [ 0.99282405 -7.39843924  9.42223841]]
[[ 7.54497704  6.50142046 -5.32475256]
 [-5.34534333  6.52456671  7.48310674]]
[[ 0.90951299 12.09373746 -7.37624093]
 [-1.53464149 -6.06605613 -7.79920253]]
[[ 0.91040339 12.22386693 -7.34021679]
 [-1.53510375 -6.1314086  -7.98039401]]
[[-6.12218738 -7.96000855 -1.53504844]
 [12.20549502 -7.34510928  0.91029134]]
[[  7.88642499   6.44721011   0.84937279]
 [  7.66909783 -13.1461977   -0.55130419]]
[[ 6.50463291  7.55096318 -5.35132321]
 [ 6.48631645 -5.36005532  7.52445082]]
[[  6.47409392   7.93163093   0.84941015]
 [-13.19977876   7.66585421  -0.55192544]]
[[-7.43245669 12.04244434  0.90861365]
 [-7.75845402 -6.04016183 -1.53442572]]
[[ 6.50097663  7.50468531 -5.34469916]
 [ 6.51305817 -5.33494297  7.53415598]]
[[-15.40147542  16.43177121  14.92988592]
 [ -5.13155118  -1.78806011   4.87635238]]
[[ 7.52718022 -5.34580332  6.51706293]
 [-5.34620312  7.52581949  6.49092298]]
[[ 0.90799101 -7.43935249 12.0163318 ]
 [-1.53438331 -7.77452408 -6.02696086]]
[[-13.53462989  -1.0245331    6.22658717]
 [  6.22809729  -1.02449037 -13.53137287]]
[[-7.78074717 -6.02883357 -1.53438024]
 [-7.45872279 12.02005797  0.90803519]]
[[ -1.02447061   6.16978154 -13.41043424]
 [ -1.02445589 -13.40969941   6.17013104]]
[[-5.31570221  6.51446261  7.53186239]
 [ 7.47385627  6.52484687 -5.33501981]]
[[-13.15297469   7.66860376  -0.55139222]
 [  6.45060878   7.86900206   0.8493714 ]]
[[ -0.54977536 -13.05032001   7.68028551]
 [  0.84929802   6.39907093   7.83733828]]
[[12.01239067 -7.44475814  0.9079036 ]
 [-6.02496577 -7.7685456  -1.53436087]]
[[  6.19162603 -13.46045728  -1.02450928]
 [-13.45589527   6.19378299  -1.02445371]]
[[ -1.02455664 -13.58001023   6.24731126]
 [ -1.02450543   6.2486147  -13.57716223]]
[[-5.52100018  6.43612548  7.33385609]
 [ 7.93085591  6.49565467 -5.32759025]]
[[ -1.02463418   6.34307544 -13.79021338]
 [ -1.0246369  -13.80364311   6.33754933]]
[[-5.37503547  6.47630656  7.52970888]
 [ 7.5737415   6.48439177 -5.36052496]]
[[-13.15427764   7.66965729  -0.55140987]
 [  6.45126224   7.86769594   0.84937026]]
[[-5.30507385  7.42594058  6.55626219]
 [ 7.50343043 -5.27912462  6.54193306]]
[[-5.32616517  7.45643241  6.52769511]
 [ 7.52494271 -5.3033224   6.52426101]]
[[ 6.55395191 -5.32908785  7.3783669 ]
 [ 6.53534019  7.56630739 -5.26624889]]
[[ 0.9095603  -7.38365394 12.08484114]
 [-1.53454318 -7.74232449 -6.06159443]]
[[  7.91758073   0.84940228   6.47108565]
 [  7.66702534  -0.55185243 -13.19378675]]
[[-6.14974454 -8.12206005 -1.53529617]
 [12.26048019 -7.34268137  0.91037689]]
[[-13.20682388   7.66353573  -0.55201016]
 [  6.47763091   7.94932046   0.84941936]]
[[-7.43060804  0.90815464 12.02226557]
 [-7.77103269 -1.53440158 -6.0299675 ]]
[[-13.09247388   7.67377719  -0.55057685]
 [  6.42024697   7.83796726   0.84933009]]
[[-5.32469913  6.60518832  7.21993487]
 [ 7.6370955   6.5650083  -5.1844645 ]]
[[12.07771154 -7.39255777  0.90941557]
 [-6.05799232 -7.74288276 -1.53451979]]
[[ -0.55034345 -13.07405763   7.6754508 ]
 [  0.84931138   6.41100523   7.80951075]]
[[ 6.48762795 -5.35510931  7.50758906]
 [ 6.51672963  7.55030879 -5.34101392]]
[[-6.04830063 -7.75360503 -1.53448342]
 [12.05852013 -7.4039934   0.90901318]]
[[ -1.02439697 -13.28030342   6.11017132]
 [ -1.02443706   6.10725867 -13.28625329]]
[[-15.40358915  14.92674174  16.42480384]
 [ -5.40554266   4.88354406  -1.78625719]]
[[ 9.4235029   0.99288955 -7.51661702]
 [ 9.42133065  0.99288622 -7.50150181]]
[[ 0.91110403 12.42332426 -7.31904573]
 [-1.53573946 -6.23145428 -8.35351064]]
[[-6.0502156  -1.53461034 -7.84227207]
 [12.06237263  0.90881815 -7.39808351]]
[[ 0.90894002 12.06519503 -7.39923962]
 [-1.53458552 -6.05164744 -7.81853477]]
[[ 7.41934228 -5.31938945  6.54093449]
 [-5.28222652  7.53058584  6.54369769]]
[[-13.15286298  -0.55139947   7.67015368]
 [  6.450552     0.84936578   7.85756909]]
[[  7.67367248  -0.55060531 -13.09317833]
 [  7.8279347    0.84932745   6.42060134]]
[[ 7.53379643  6.49178201 -5.3564998 ]
 [-5.35419032  6.49068039  7.54077035]]
[[-6.11628131 -1.53470985 -7.67816623]
 [12.19333968  0.91137591 -7.32874806]]
[[ 0.90914303 12.06563523 -7.39815902]
 [-1.53451202 -6.05189358 -7.75923391]]
[[ 6.49520382  7.51256139 -5.35109598]
 [ 6.50174222 -5.34158511  7.54129911]]
[[ -1.02442632   6.14550777 -13.35448822]
 [ -1.02446021 -13.35901724   6.14331634]]
[[-13.5160087    6.21953693  -1.02450605]
 [  6.21954823 -13.51598408  -1.02450348]]
[[-13.07675567   7.67584456  -0.55032301]
 [  6.41235429   7.82589153   0.8493154 ]]
[[-7.44406801 11.98597992  0.90721884]
 [-7.77734047 -6.01160039 -1.53431173]]
[[ -0.5516797  -13.17696591   7.66593262]
 [  0.84939584   6.46264948   7.9136339 ]]
[[ 7.61232589  6.48845726 -5.35600514]
 [-5.39120945  6.46983106  7.50535951]]
[[ 7.55065813 -5.29587744  6.50789329]
 [-5.33511393  7.43318455  6.56186685]]
[[-13.82125868  -1.02464545   6.34615643]
 [  6.34996853  -1.02464607 -13.81188635]]
[[ 6.51928566 -5.32046109  7.52259991]
 [ 6.51728282  7.48576286 -5.33271126]]
[[-6.04981439 -1.5344893  -7.75419659]
 [12.06152295  0.90906373 -7.40486118]]
[[ 7.63491422  6.49402424 -5.34799685]
 [-5.39814911  6.46955587  7.48254615]]
[[ 6.52075063  7.49579257 -5.33581178]
 [ 6.5072609  -5.32666535  7.52323802]]
[[ 6.5031177  -5.34509815  7.62263187]
 [ 6.47305464  7.48300477 -5.39109311]]
[[-13.35889577   6.15655521  -1.02436374]
 [  6.1454444  -13.38190829  -1.02453295]]
[[-1.53444438 -6.04023401 -7.76106104]
 [ 0.90864513 12.04256539 -7.41872802]]
[[-5.32424203  7.48383873  6.51653098]
 [ 7.50932174 -5.31578742  6.53574958]]
[[-1.53427284 -7.78327539 -6.0066047 ]
 [ 0.9068989  -7.46661463 11.97614438]]
[[-5.36314088  6.48251711  7.58221444]
 [ 7.53030555  6.47430504 -5.38023534]]
[[-7.87089786 -6.10025426 -1.53486953]
 [-7.35377639 12.16177349  0.91012111]]
[[  6.44362693   7.86566506   0.8493634 ]
 [-13.13905822   7.66958367  -0.55122322]]
[[ 6.55684336  7.56362951 -5.22658956]
 [ 6.5925592  -5.3099211   7.31552235]]
[[  6.44726672   0.84936654   7.86701788]
 [-13.14631389  -0.55131038   7.66906372]]
[[  6.24897802  -1.02449141 -13.57075552]
 [-13.58069204  -1.02456795   6.24443145]]
[[-1.53431505 -7.77254926 -6.01384658]
 [ 0.90734583 -7.4449122  11.99041601]]
[[ 7.44649402 -5.41437089  6.46568772]
 [-5.33752385  7.6802354   6.51241785]]
[[-13.14298652   7.67040455  -0.55127856]
 [  6.445597     7.85461263   0.8493609 ]]
[[ 6.52439145 -5.33013372  7.47394076]
 [ 6.51932636  7.52362751 -5.31358297]]
[[-5.32239605  7.41147866  6.55241402]
 [ 7.53930549 -5.27965787  6.5303775 ]]
[[ 6.48052562  7.50271637 -5.3704473 ]
 [ 6.50755358 -5.34548855  7.57837683]]
[[-5.33133307  6.50752092  7.51381953]
 [ 7.50772812  6.52371714 -5.33338642]]
[[-5.35286184  6.49119001  7.50147929]
 [ 7.54932054  6.51751193 -5.33705386]]
[[-7.39030791  0.90915402 12.07158031]
 [-7.7930594  -1.53457624 -6.05488439]]
[[-7.76388277 -1.53461204 -6.06922702]
 [-7.37267677  0.90974023 12.09999455]]
[[ -1.02441976   6.15357111 -13.36883499]
 [ -1.02447829 -13.37577601   6.15022409]]
[[ 6.54107405  7.51398888 -5.33532677]
 [ 6.4945711  -5.33517193  7.5142048 ]]
[[-7.34611515 12.19757961  0.91026425]
 [-7.94306702 -6.11821763 -1.5350166 ]]
[[  7.67510996  -0.55043068 -13.08456052]
 [  7.84167412   0.84932475   6.4162723 ]]
[[-5.33468481  6.52798878  7.46837987]
 [ 7.533784    6.51522031 -5.31289587]]
[[-13.03008658  -0.54936679   7.68325425]
 [  6.3889031    0.84927706   7.82158514]]
[[ -1.02450531   6.22120204 -13.51947658]
 [ -1.02450962 -13.51963272   6.22112953]]
[[-13.40467178   6.16634365  -1.02446778]
 [  6.16739107 -13.40248882  -1.02445355]]
[[  6.17616167  -1.02445581 -13.42062575]
 [-13.4231271   -1.02447942   6.17496805]]
[[ 6.50650098 -5.32600162  7.53721417]
 [ 6.51900246  7.48854342 -5.3421922 ]]
[[  6.14478276 -13.37918431  -1.02452728]
 [-13.35751913   6.15524709  -1.02436807]]
[[-1.53448794 -7.74807964 -6.05116711]
 [ 0.90913503 -7.40383767 12.06419838]]
[[  6.21444112 -13.49801941  -1.02446305]
 [-13.50484101   6.2112491   -1.02453462]]
[[ -1.02453231 -13.48673277   6.20207113]
 [ -1.02444998   6.20605948 -13.47825388]]
[[ 7.51496744 -5.33909578  6.52973652]
 [-5.33732753  7.52008672  6.49266223]]
[[ 6.54127579 -5.3277703   7.49268375]
 [ 6.50474122  7.5111648  -5.32155766]]
[[ -1.02453817 -13.45564195   6.18528455]
 [ -1.02441744   6.19155472 -13.44242616]]
[[ -1.02455247   6.26458059 -13.61118886]
 [ -1.0245411  -13.61595059   6.26243819]]
[[-5.29899679  7.50824639  6.53709293]
 [ 7.45655731 -5.31625063  6.53866385]]
[[ 7.57272498 -5.33529703  6.51445971]
 [-5.36319074  7.48834578  6.48780506]]
[[-6.1767386  -1.53545572 -8.20246994]
 [12.31428968  0.91063203 -7.33295579]]
[[  7.89101621   6.45008415   0.84937753]
 [  7.66826277 -13.15192408  -0.55137997]]
[[ 9.42253934 -7.44991154  0.99285484]
 [ 9.42099361 -7.44263381  0.99285303]]
[[-7.40764721 12.05437008  0.90892753]
 [-7.75271633 -6.04620359 -1.5344697 ]]
[[-5.3424784   6.4919895   7.75276532]
 [ 7.42507522  6.45168058 -5.44969858]]
[[  6.15869217 -13.38383768  -1.02444064]
 [-13.38647293   6.15742573  -1.02446693]]
[[-6.0489681  -1.53449446 -7.76125056]
 [12.05984926  0.90901302 -7.40575596]]
[[ 6.54006846 -5.30149882  7.44754281]
 [ 6.55861547  7.48766611 -5.28810601]]
[[ 6.48236147  7.48930754 -5.37057864]
 [ 6.50792544 -5.33904443  7.58478668]]
[[  6.17120155 -13.42192392  -1.02450265]
 [-13.41270285   6.17560962  -1.02442894]]
[[-7.77787068 -6.07212932 -1.53464215]
 [-7.37096249 12.1057725   0.90976989]]
[[  6.16126352 -13.384545    -1.02442475]
 [-13.39182225   6.15776449  -1.02448513]]
[[ 0.99294056  9.42013571 -7.60147859]
 [ 0.99296293  9.43657014 -7.70435367]]
[[-5.33866349  7.54393404  6.50401415]
 [ 7.5065459  -5.35104757  6.49879798]]
[[-1.53445054 -7.7621544  -6.04115266]
 [ 0.90868098 -7.41789921 12.04438406]]
[[-13.14535276  -0.55129871   7.66996262]
 [  6.44678441   0.84936544   7.86636898]]
[[ 7.84966231  6.47699612 -5.34218909]
 [-5.49265705  6.43527086  7.38683033]]
[[  0.84936143   7.88416957   6.43763692]
 [ -0.55103173   7.67137757 -13.12712423]]
[[ 7.49908625 -5.28834861  6.53815914]
 [-5.30711158  7.44300137  6.5471235 ]]
[[  6.02413753  -1.02431551 -13.09926324]
 [-13.11216485  -1.02439532   6.01772751]]
[[-5.31763601  7.40798228  6.55369195]
 [ 7.53289145 -5.27585337  6.53817957]]
[[-7.76943079 -1.53443818 -6.03714526]
 [-7.42284072  0.90848816 12.03645845]]
[[-5.34147186  6.50486331  7.52267433]
 [ 7.52065439  6.50355365 -5.34213931]]
[[-6.11348392 -7.82491161 -1.53487534]
 [12.18804545 -7.33668136  0.91054742]]
[[-13.13668828   7.66986571  -0.55117855]
 [  6.44243814   7.88293941   0.84936717]]
[[ 0.99290387 -7.51245235  9.41909105]
 [ 0.99293056 -7.62140701  9.44391229]]
[[  2.01149643  -5.0638029   -5.20752777]
 [-16.65634339 -15.14374226 -15.23114965]]
[[-7.3855349  12.09187682  0.90968906]
 [-7.73416563 -6.06513967 -1.53454307]]
[[ 6.49951862  7.6031281  -5.34554246]
 [ 6.47831799 -5.38215643  7.49210584]]
[[12.18139683 -7.3490891   0.91019829]
 [-6.11009951 -7.91171276 -1.53495326]]
[[-13.40887904   6.16767401  -1.02447837]
 [  6.16939334 -13.40528774  -1.02444554]]
[[-7.50423752  0.99288196  9.4249018 ]
 [-7.47916573  0.99287619  9.42064645]]
[[  7.91131975   6.46309902   0.8493954 ]
 [  7.66594179 -13.17786335  -0.55168643]]
[[  0.84940324   6.4657779    7.92984448]
 [ -0.55174343 -13.18320051   7.66587992]]
[[ -1.02443803   6.17311713 -13.41077674]
 [ -1.02449103 -13.41669076   6.1702893 ]]
[[ 0.9092491  -7.38681519 12.07375364]
 [-1.53456388 -7.77734937 -6.05598863]]
[[ 7.53845175  6.52025668 -5.31372799]
 [-5.33725934  6.51637613  7.46770291]]
[[-13.51570915   6.21952122  -1.02449279]
 [  6.21941761 -13.51593484  -1.02451686]]
[[ 6.58893541  7.29396472 -5.30528869]
 [ 6.57733942 -5.21377914  7.5662039 ]]
[[ -1.02447759 -13.47484543   6.20171005]
 [ -1.02449978   6.20047958 -13.4774564 ]]
[[ 7.51225486  6.48907568 -5.36177579]
 [-5.34620423  6.49809924  7.55936934]]
[[-13.13857667   7.66969669  -0.55120385]
 [  6.44338567   7.88296708   0.84936787]]
[[  7.67284072 -13.10389745  -0.55073573]
 [  7.84910121   6.42598042   0.84933892]]
[[ 7.47485177  6.47123836 -5.39530077]
 [-5.34297394  6.50015647  7.63371387]]
[[-13.36631721  -1.02448352   6.14451763]
 [  6.14904039  -1.02440649 -13.35695843]]
[[-5.45725238  6.44820299  7.42382971]
 [ 7.76677137  6.48500238 -5.3451841 ]]
[[-13.16662974  -0.5515532    7.66882109]
 [  6.4574597    0.84937932   7.88018283]]
[[  0.84942101   7.95028485   6.47925783]
 [ -0.55204373   7.66395704 -13.21006719]]
[[  6.50817735   0.84946717   8.0336931 ]
 [-13.2677002   -0.55262089   7.66030414]]
[[-6.06875418 -7.796705   -1.53465262]
 [12.09908829 -7.37209518  0.90960579]]
[[-1.53527886 -6.14252112 -8.13712998]
 [ 0.91021497 12.24611407 -7.3513212 ]]
[[ -0.55135278   7.66905756 -13.15023061]
 [  0.84937605   7.89113244   6.44923375]]
[[-5.34326452  6.56822043  7.30992104]
 [ 7.62399552  6.53681531 -5.23819252]]
[[ 0.90938394 -7.40618576 12.07782986]
 [-1.53450129 -7.74013883 -6.05803945]]
[[ 6.48892778  7.91080735 -5.33081588]
 [ 6.43522835 -5.5139105   7.34619029]]
[[ 7.54270015 -5.36162758  6.48955205]
 [-5.36074362  7.54534179  6.48452425]]
[[  7.66907665 -13.16365756  -0.55151952]
 [  7.87610836   6.45596841   0.84937686]]
[[  7.66587014 -13.19570463  -0.5518822 ]
 [  7.93387981   6.47205066   0.84940934]]
[[ 7.32413868  6.57834314 -5.32463214]
 [-5.23727538  6.54200789  7.58474611]]
[[ 7.49262358  6.47614383 -5.37898317]
 [-5.34440502  6.50916212  7.59750477]]
[[-1.53445049 -7.76171074 -6.04046536]
 [ 0.90866053 -7.41461033 12.04301845]]
[[-6.20069802 -8.23296837 -1.53555991]
 [12.36202    -7.3219958   0.91091736]]
[[ 6.55365252 -5.33463917  7.40700274]
 [ 6.52374471  7.56213907 -5.28283518]]
[[ 7.54335738  6.51074671 -5.30787084]
 [-5.33699543  6.53231773  7.45597533]]
[[  7.81025144   6.40823308   0.84930553]
 [  7.67704084 -13.06854708  -0.55020386]]
[[ -1.0245233  -13.49252489   6.20647103]
 [ -1.02446499   6.20874982 -13.48766822]]
[[  6.45726978   0.84938701   7.90167721]
 [-13.16624563  -0.55155043   7.66723299]]
[[-6.0435643  -7.77518817 -1.53446477]
 [12.04918762 -7.43011567  0.90870955]]
[[  6.13637553 -13.38234577  -1.02458755]
 [-13.3400648    6.15684053  -1.02430159]]
[[ 7.49368684  6.52367502 -5.31495336]
 [-5.31638955  6.5328788   7.48942354]]
[[ -1.02455525   6.22862403 -13.53961504]
 [ -1.02447254 -13.53579421   6.23039255]]
[[  0.84935359   6.43360943   7.87098206]
 [ -0.55093425 -13.11909829   7.67197578]]
[[12.07611407  0.90939211 -7.3919174 ]
 [-6.0571879  -1.53451717 -7.74260834]]
[[  6.37215075   7.81731449   0.84924119]
 [-12.99679188   7.69027232  -0.54847676]]
[[ -1.02457143 -13.4971342    6.20361943]
 [ -1.02441536   6.21097401 -13.4814782 ]]
[[-7.36064634  0.90996176 12.12417804]
 [-7.79440951 -1.53470692 -6.08138812]]
[[ -1.02442046 -13.40419884   6.17135256]
 [ -1.02450431   6.16716658 -13.41294589]]
[[  6.42425044   7.83004732   0.84933163]
 [-13.10045032   7.67351566  -0.5507051 ]]
[[12.21533699 -7.33935442  0.91043205]
 [-6.12713955 -7.94151367 -1.53504987]]
[[-6.0232343  -7.78902611 -1.53439293]
 [12.00896046 -7.43230639  0.90779054]]
[[ 6.51963873  7.54309956 -5.33933793]
 [ 6.49077335 -5.3509211   7.50798815]]
[[-7.75055062 -1.53446513 -6.04629439]
 [-7.40956436  0.90893256 12.05455192]]
[[-5.27090202  7.50978287  6.54604607]
 [ 7.40972365 -5.30442789  6.56238865]]
[[-7.75786752 -1.53458602 -6.06543652]
 [-7.37637842  0.90964242 12.09246838]]
[[-7.51188806  0.90425481 11.90004661]
 [-7.82634923 -1.53408253 -5.96794302]]
[[  6.45007969   0.84937591   7.88709815]
 [-13.15191643  -0.55137871   7.66841094]]
[[-7.74385165 -6.07730878 -1.53462714]
 [-7.36172453 12.11601238  0.91006042]]
[[ 7.20852504 -5.30271437  6.62603101]
 [-5.16927437  7.60436659  6.58335239]]
[[ 6.50547242  7.54588096 -5.31148753]
 [ 6.53372275 -5.33982788  7.46084261]]
[[-7.37764091  0.90932366 12.1133493 ]
 [-7.93859822 -1.53483832 -6.07586245]]
[[-1.53519703 -8.0147837  -6.14796494]
 [ 0.91059555 -7.33275556 12.25685825]]
[[12.17943744  0.90978267 -7.36654906]
 [-6.10905152 -1.53507852 -8.05174445]]
[[ -1.02446672   6.1439857  -13.36112082]
 [ -1.02442123 -13.3558675    6.14652485]]
[[ 6.49109874 -5.35342799  7.56493641]
 [ 6.48604785  7.52179688 -5.36767312]]
[[-1.53469762 -6.11583097 -7.67713496]
 [ 0.91133521 12.19246531 -7.33596414]]
[[-13.3874011   -1.02446146   6.15860381]
 [  6.15914078  -1.02444742 -13.38628169]]
[[ 7.64877261 -5.33643946  6.51335934]
 [-5.39933542  7.45780722  6.46995894]]
[[  6.43076748   0.84934525   7.85133524]
 [-13.11343391  -0.55087961   7.67191742]]
[[  6.18395621  -1.02448063 -13.44262422]
 [-13.43961803  -1.02446917   6.18538824]]
[[ 0.99287047 -7.47565805  9.42175368]
 [ 0.99287081 -7.4770362   9.42206383]]
[[-13.27708296   7.65864411  -0.55272504]
 [  6.51288763   8.04549181   0.84947429]]
[[ 7.4929045   6.51990606 -5.34806402]
 [-5.33070742  6.49667426  7.54507423]]
[[-13.11218804  -0.55084285   7.67255541]
 [  6.43014159   0.84934842   7.86420062]]
[[-5.18582259  6.57643191  7.59378139]
 [ 7.23867304  6.62210314 -5.30540928]]
[[-5.2750384   7.5257903   6.54088704]
 [ 7.40965936 -5.31389508  6.5521009 ]]
[[ 6.4994468   7.51388974 -5.34387605]
 [ 6.51421457 -5.33901633  7.5286246 ]]
[[-13.55661758  -1.02453362   6.23939996]
 [  6.23807264  -1.02451076 -13.55950332]]
[[ -0.54859511   7.68945014 -13.00209897]
 [  0.84924929   7.82856994   6.37481943]]
[[-13.37307593   6.14281385  -1.02451812]
 [  6.1523103  -13.35343231  -1.02437315]]
[[  0.84935417   7.85650429   6.43818781]
 [ -0.55108145   7.6711089  -13.12822035]]
[[  6.39824156   7.83628382   0.84929624]
 [-13.04866972   7.68073351  -0.54974165]]
[[-5.34706899  7.58552821  6.50813381]
 [ 7.5021981  -5.3745379   6.47704887]]
[[ 7.48744694 -5.37247007  6.48315861]
 [-5.3389856   7.58885216  6.51082295]]
[[  7.90781036   6.44894164   0.84938038]
 [  7.66899237 -13.1496503   -0.55132095]]
[[ 6.50421576 -5.33920565  7.55626324]
 [ 6.49247192  7.50202367 -5.35715066]]
[[ 6.55729723  7.36807628 -5.32508185]
 [ 6.54595599 -5.25941716  7.56433586]]
[[  6.09724808  -1.02448345 -13.28159377]
 [-13.25986597  -1.02434187   6.10790398]]
[[ 7.43458566  6.54334828 -5.31907384]
 [-5.28952946  6.53203697  7.52300903]]
[[  7.66643808  -0.55194011 -13.20185233]
 [  7.923674     0.84940796   6.47513223]]
[[-7.76116254 -6.03871593 -1.53443733]
 [-7.41945797 12.03956082  0.90858041]]
[[-1.53459283 -7.73895632 -6.07192758]
 [ 0.90991805 -7.3693376  12.10532805]]
[[-6.03021397 -1.53437944 -7.76216377]
 [12.02276503  0.9081656  -7.44076723]]
[[12.07517313  0.90935424 -7.40078288]
 [-6.05670544 -1.53450318 -7.74107017]]
[[ -1.02449133   6.18552718 -13.44536003]
 [ -1.02446087 -13.44294597   6.18667188]]
[[ 7.50018556 -5.37280859  6.47988325]
 [-5.34531794  7.58353262  6.50832822]]
[[  7.83649639   6.40969578   0.84931438]
 [  7.67726562 -13.07146584  -0.55020105]]
[[-7.52441559  9.42520603  0.99289209]
 [-7.49729957  9.42073973  0.99288593]]
[[ -1.02445467 -13.39535388   6.16331763]
 [ -1.02446097   6.16293827 -13.39614393]]
[[ -1.02451343   6.2359129  -13.55116579]
 [ -1.02452549 -13.55183688   6.23560341]]
[[-1.53449918 -6.05046431 -7.75158336]
 [ 0.90911989 12.06279338 -7.39503044]]
[[ 0.99286598 -7.46812724  9.42195261]
 [ 0.99286573 -7.46700018  9.42180253]]
[[  7.71663224  -0.54541322 -12.9209729 ]
 [  7.8406713    0.84912941   6.33389564]]
[[-5.38809937  6.47455938  7.49006714]
 [ 7.6141859   6.49612459 -5.34719683]]
[[-7.35015253  0.91026184 12.1401816 ]
 [-7.76965753 -1.53471449 -6.0894565 ]]
[[ 0.91052705 -7.34564162 12.14227147]
 [-1.53465849 -7.71929693 -6.09054701]]
[[  0.84919432   7.82403671   6.3543414 ]
 [ -0.54721739   7.70109223 -12.96146066]]
[[  6.44100255   0.84935556   7.85206502]
 [-13.13383054  -0.55115801   7.67072102]]
[[-7.40180193 12.05644694  0.90881248]
 [-7.80900753 -6.04723841 -1.53455389]]
[[ 6.5090835   7.63108842 -5.3416708 ]
 [ 6.47062328 -5.39348386  7.47378098]]
[[ 7.4834048  -5.37780671  6.47888626]
 [-5.33942019  7.59980094  6.52330187]]
[[  7.6688883   -0.55141409 -13.15477704]
 [  7.87531344   0.84937322   6.4515135 ]]
[[ 6.51872148  7.5306696  -5.30917628]
 [ 6.52671269 -5.33152502  7.46359918]]
[[-7.75678856 -1.53442166 -6.03871106]
 [-7.42851412  0.90857052 12.03956342]]
[[-13.09075835   7.67409091  -0.55057524]
 [  6.41938673   7.82301334   0.84932402]]
[[-6.01627172 -7.7676602  -1.53430864]
 [11.99522058 -7.45568057  0.90745885]]
[[-13.05057299  -0.54976855   7.68041627]
 [  6.39919712   0.849299     7.84101656]]
[[-13.07975356  -1.02447641   5.98658929]
 [  6.00796232  -1.0242012  -13.03679265]]
[[-7.41689176  0.90873536 12.04564245]
 [-7.75172845 -1.53444011 -6.04179071]]
[[ 6.56425658  7.46698949 -5.27315704]
 [ 6.56152408 -5.28490783  7.43193365]]
[[  0.84931332   7.84129093   6.40839745]
 [ -0.55014009   7.67775226 -13.06888299]]
[[ 7.35462923 -5.50570946  6.43946834]
 [-5.33153831  7.89098693  6.49217873]]
[[ 6.47156783  7.46110147 -5.39083147]
 [ 6.53411451 -5.33432328  7.63259373]]
[[-1.53479959 -6.09107556 -7.84045775]
 [ 0.91002349 12.14348692 -7.35735705]]
[[-5.34923764  6.49871546  7.50013457]
 [ 7.54381559  6.51204491 -5.33477488]]
[[12.20663625 -7.32488293  0.91160557]
 [-6.12298575 -7.6691378  -1.5347246 ]]
[[ 6.52828305  7.50227574 -5.32574603]
 [ 6.51059344 -5.32529657  7.50353351]]
[[  0.84940649   6.46862232   7.93075859]
 [ -0.55181355 -13.18886902   7.66506187]]
[[ 7.5306439  -5.33722081  6.50289667]
 [-5.34406426  7.51004657  6.50793729]]
[[-13.10343232  -0.55077344   7.67250465]
 [  6.42574897   0.84933159   7.8228395 ]]
[[ -0.55147118 -13.15929668   7.66724938]
 [  0.84938436   6.45378416   7.90089282]]
[[  0.84939756   7.91644413   6.46429408]
 [ -0.55171012   7.6667157  -13.18024547]]
[[ 6.50406417 -5.34410495  7.53650312]
 [ 6.49561083  7.51887986 -5.34992783]]
[[  7.84216836   0.8493579    6.44630796]
 [  7.66896238  -0.55129726 -13.14440623]]
[[ 7.48020727 -5.38390165  6.47538737]
 [-5.34055469  7.61168156  6.51302763]]
[[ 7.52648191 -5.32641418  6.49941227]
 [-5.33728094  7.49397005  6.53413287]]
[[  6.42855757   7.89061432   0.84935175]
 [-13.10904367   7.67379527  -0.55072093]]
[[-13.48931527  -1.02449859   6.20636147]
 [  6.20728581  -1.02448776 -13.48735012]]
[[ 0.9060457  11.94917624 -7.48863409]
 [-1.53420348 -5.99292095 -7.79847884]]
[[  7.66740571 -13.15798305  -0.55145524]
 [  7.89254467   6.45312415   0.84938075]]
[[ -0.55132771 -13.15053152   7.66935005]
 [  0.84938065   6.44938335   7.90940072]]
[[  6.05124982  -1.02431235 -13.14689474]
 [-13.16671263  -1.02443402   6.04142843]]
[[-7.46658854  0.9076973  12.00601066]
 [-7.76865035 -1.5343237  -6.02172205]]
[[  0.84931438   6.40768572   7.85361867]
 [ -0.5500678  -13.06747373   7.67891537]]
[[12.09253599 -7.3786198   0.90967388]
 [-6.06547341 -7.74823969 -1.534571  ]]
[[-13.53392441   6.22879997  -1.02449465]
 [  6.22775044 -13.53618989  -1.02453075]]
[[-13.1493528    7.66876124  -0.55134301]
 [  6.44879356   7.89136138   0.84937603]]
[[ -1.02440565 -13.28792767   6.11297291]
 [ -1.02443297   6.11098743 -13.29198703]]
[[ 7.31358691  6.57519918 -5.33260678]
 [-5.23543204  6.54186891  7.60369276]]
[[-7.39830284 12.06603193  0.90916086]
 [-7.75545205 -6.05209457 -1.53450738]]
[[-7.83000585  0.99300195  9.4240459 ]
 [-7.8189934   0.99299985  9.42285929]]
[[-6.12283841 -1.53495326 -7.86366707]
 [12.20670565  0.91058667 -7.3345219 ]]
[[  6.12539005  -1.02443671 -13.31969569]
 [-13.31747733  -1.02442232   6.12647089]]
[[-7.38005163  0.90976544 12.09590029]
 [-7.73489554 -1.53455785 -6.0671718 ]]
[[-5.33512839  6.54555239  7.45830812]
 [ 7.53910424  6.50731447 -5.30816487]]
[[12.32038522  0.91087778 -7.32252254]
 [-6.17983226 -1.53538853 -8.10505216]]
[[  6.43038253   0.84934587   7.85410818]
 [-13.11266638  -0.5508678    7.67141658]]
[[12.05091884 -7.41533054  0.90882815]
 [-6.04445447 -7.75785652 -1.53446136]]
[[ 0.90992723 12.10501349 -7.37514455]
 [-1.53457439 -6.07176743 -7.73064647]]
[[-13.10959629  -0.55083702   7.67222834]
 [  6.42884094   0.84933805   7.83362259]]
[[ -1.02463828   6.24161963 -13.58411536]
 [ -1.02441783 -13.56422406   6.25074054]]
[[-13.23508828  -1.02436976   6.09000272]
 [  6.08506231  -1.02443424 -13.24512743]]
[[-1.53457227 -6.05761616 -7.78075921]
 [ 0.90928977 12.07698695 -7.38900707]]
[[-6.07577557 -1.53458468 -7.72387051]
 [12.11296331  0.91007035 -7.37083201]]
[[12.06272121  0.90903658 -7.39229266]
 [-6.05042013 -1.53453834 -7.77918155]]
[[ 7.49790155 -5.34492155  6.51595777]
 [-5.33173735  7.5375395   6.50138488]]
[[-1.53497511 -7.92128297 -6.11305414]
 [ 0.9102283  -7.34738687 12.18728441]]
[[-7.4109562  12.05737965  0.90898018]
 [-7.75085598 -6.04771962 -1.53446965]]
[[ 6.49485734 -5.35442014  7.56166044]
 [ 6.48241759  7.52488438 -5.36654655]]
[[ 0.99295055 -7.65543734  9.42425694]
 [ 0.99294737 -7.63948419  9.4225852 ]]
[[  6.18362852  -1.02449169 -13.44111305]
 [-13.4389033   -1.0244575    6.18467601]]
[[-13.25879253   7.66721084  -0.55247501]
 [  6.50369125   7.94748925   0.84943218]]
[[-7.79166467 -5.99452112 -1.53421633]
 [-7.4747014  11.95231744  0.90617221]]
[[ 0.9087496  12.04700785 -7.40991705]
 [-1.53446524 -6.04248305 -7.76262488]]
[[ -1.02447307   6.16821167 -13.40704678]
 [ -1.02445047 -13.40639125   6.16852112]]
[[ 0.90788122 12.01378739 -7.4484683 ]
 [-1.53437565 -6.02566281 -7.78074548]]
[[  6.26122754  -1.02454626 -13.60330501]
 [-13.60827267  -1.02453938   6.25898403]]
[[-1.53443121 -7.77299252 -6.03359624]
 [ 0.90832992 -7.41932182 12.02943263]]
[[-7.3183124   0.91201459 12.22810032]
 [-7.6553194  -1.5347516  -6.13382066]]
[[-13.15448728   7.66895362  -0.55140807]
 [  6.45136851   7.88157468   0.8493748 ]]
[[-7.77627438 -6.02923134 -1.53440327]
 [-7.43191064 12.02081601  0.90810012]]
[[-13.2060837   -0.5519966    7.66498556]
 [  6.47725811   0.84941616   7.94202203]]
[[ 6.55244475 -5.32733694  7.40613719]
 [ 6.53331181  7.5501575  -5.27921319]]
[[-7.32671466  0.91082923 12.23421466]
 [-7.86248688 -1.53500215 -6.13665596]]
[[ 6.48812547  7.51081898 -5.35758274]
 [ 6.51067873 -5.34366127  7.55299877]]
[[-1.53454158 -6.06291521 -7.73996155]
 [ 0.90960223 12.08746563 -7.38642838]]
[[-5.31343663  6.54424487  7.48959229]
 [ 7.48867244  6.52133977 -5.31370636]]
[[ 6.55173984 -5.32832837  7.5788127 ]
 [ 6.48471616  7.47415392 -5.36289483]]
[[ 6.54141596  7.60332292 -5.23783371]
 [ 6.57090948 -5.33352451  7.317566  ]]
[[-6.01066729 -1.53430674 -7.81533516]
 [11.98422077  0.90697063 -7.49312371]]
[[-7.76435179 -6.0495063  -1.53450821]
 [-7.39900608 12.0609083   0.90903729]]
[[-5.33209287  7.3851983   6.5494533 ]
 [ 7.56815048 -5.27096302  6.5340878 ]]
[[  6.20621286 -13.48336956  -1.02447404]
 [-13.48711561   6.20445222  -1.02451059]]
[[-5.30728287  7.55284693  6.50839534]
 [ 7.45092034 -5.34124239  6.53289301]]
[[  6.19083569  -1.02446384 -13.45188219]
 [-13.45420298  -1.02449526   6.18973778]]
[[ 6.48338707  7.47776262 -5.36441326]
 [ 6.53684585 -5.33073876  7.57970956]]
[[-13.08324918  -0.55040346   7.67530587]
 [  6.4156134    0.84932407   7.84266447]]
[[ 7.40238341  6.54829761 -5.33423858]
 [-5.28038587  6.52538103  7.56365644]]
[[-5.37013631  7.50255547  6.48112697]
 [ 7.57791584 -5.34527049  6.5057544 ]]
[[-7.44756141  0.99285411  9.42186612]
 [-7.44450644  0.99285338  9.42129684]]
[[ 6.67347527  7.02715527 -5.30571542]
 [ 6.6223515  -5.07577729  7.70687229]]
[[-1.53460179 -6.07733297 -7.72591057]
 [ 0.91013093 12.11604249 -7.36311638]]
[[-7.346152   12.18960265  0.91029845]
 [-7.90437258 -6.11422564 -1.53496094]]
[[  6.25083883  -1.02453171 -13.58872486]
 [-13.58512244  -1.02453802   6.25247736]]
[[-5.34356117  6.49427223  7.49836209]
 [ 7.53512812  6.53624202 -5.33143194]]
[[-13.36541586  -1.02442846   6.15085647]
 [  6.14858059  -1.02446638 -13.37013047]]
[[12.2809697  -7.32915808  0.91066659]
 [-6.16005474 -8.06727281 -1.53528897]]
[[  0.84911225   6.32844892   7.85083224]
 [ -0.54486496 -12.91019993   7.71984421]]
[[-7.88007527 -6.11775413 -1.534951  ]
 [-7.33975206 12.19660125  0.91044139]]
[[ 7.40713205  6.55364581 -5.33448856]
 [-5.28282024  6.51645391  7.56182226]]
[[ 6.51505796 -5.3284499   7.50436945]
 [ 6.51706219  7.50712505 -5.32753707]]
[[ 7.4448962  -5.41613787  6.46424084]
 [-5.33751409  7.68409175  6.51118757]]
[[ 6.54678797 -5.2748442   7.52071726]
 [ 6.5495562   7.41148615 -5.31138924]]
[[ 7.4783899  -5.3282966   6.51384418]
 [-5.31495461  7.51856858  6.53455484]]
[[ 6.49378642  7.61115026 -5.34795474]
 [ 6.47361541 -5.38701066  7.49264116]]
[[12.06121154  0.90907372 -7.40619114]
 [-6.04965831 -1.53447949 -7.74830134]]
[[ 0.90904632 -7.41407508 12.0615841 ]
 [-1.53447681 -7.75224082 -6.0498379 ]]
[[  6.1920736  -13.45678718  -1.02448935]
 [-13.45685027   6.19204058  -1.02447279]]
[[12.25600123 -7.34677085  0.9103117 ]
 [-6.14748987 -8.13351677 -1.53529556]]
[[ 6.5034583  -5.34243665  7.60495367]
 [ 6.47825737  7.48620326 -5.38160889]]
[[  6.47650102   0.84941816   7.94800365]
 [-13.20457153  -0.55198644   7.66396358]]
[[ -0.55145794 -13.15834035   7.66829389]
 [  0.84937878   6.45330256   7.88726275]]
[[ 0.99283326  9.42160475 -7.41229248]
 [ 0.99283243  9.42091862 -7.40892384]]
[[ 7.48040561 -5.39585468  6.47238309]
 [-5.34592903  7.63199146  6.49388249]]
[[  0.84935346   7.87293468   6.43231828]
 [ -0.55090174   7.6714     -13.11652406]]
[[12.02771228  0.9082724  -7.43897818]
 [-6.03271576 -1.53439876 -7.76687628]]
[[  6.47940574   7.95954046   0.84942341]
 [-13.21036132   7.66414892  -0.5520422 ]]
[[ 0.99292389 -7.59159691  9.4244775 ]
 [ 0.99291891 -7.56790527  9.42150845]]
[[-7.45738839  0.99286089  9.4213894 ]
 [-7.46170327  0.99286188  9.42209233]]
[[ 6.53215721  7.50808418 -5.30213899]
 [ 6.53187854 -5.31757308  7.46182127]]
[[ 7.53726795 -5.37329804  6.47909764]
 [-5.36337006  7.5673836   6.48258705]]
[[ -1.02459582 -13.56756259   6.23801589]
 [ -1.02445014   6.24321291 -13.55626977]]
[[ -4.12389919 -13.40789591 -13.29301154]
 [ -4.12389919 -13.40794145 -13.29302108]]
[[ 6.57991574  7.37802447 -5.27802897]
 [ 6.58483885 -5.24375815  7.47997861]]
[[-7.86077377 -1.53493262 -6.11816479]
 [-7.33696026  0.9105121  12.19739913]]
[[ 6.50848889 -5.34709392  7.56352358]
 [ 6.48416048  7.51186999 -5.36413047]]
[[ 0.91055086 12.20597876 -7.33555437]
 [-1.53496158 -6.12246887 -7.87287757]]
[[ 7.53153107  6.51037449 -5.32480958]
 [-5.3389342   6.51546871  7.48905627]]
[[ 14.92835619  16.42695675 -15.40264475]
 [  4.89171646  -1.78638999  -5.26729108]]
[[ 6.45254813  7.3413953  -5.47203706]
 [ 6.64189464 -5.31024956  7.83649269]]
[[-6.04059224 -7.77928133 -1.53448111]
 [12.04327126 -7.40817407  0.90862678]]
[[12.08470338  0.90957533 -7.38096894]
 [-6.06152848 -1.53454166 -7.7393788 ]]
[[ -1.02445227 -13.3863867    6.15870233]
 [ -1.02445624   6.15865019 -13.38649699]]
[[-7.76458729 -6.04041167 -1.53443688]
 [-7.43029592 12.0429429   0.90860388]]
[[11.98939108  0.90730584 -7.45386894]
 [-6.01332194 -1.53430038 -7.77038367]]
[[-6.11549055 -1.5349706  -7.9075887 ]
 [12.19212108  0.91031538 -7.34433637]]
[[-5.31563203  6.52143393  7.48890131]
 [ 7.49269348  6.53710895 -5.31439377]]
[[ 6.51832112 -5.32510404  7.51474428]
 [ 6.51489979  7.49693327 -5.33102117]]
[[ -1.02461439   6.33019963 -13.75779815]
 [ -1.02462378 -13.77144646   6.32448018]]
[[-5.30159618  6.60786142  7.23551371]
 [ 7.58876535  6.60326457 -5.18262039]]
[[-13.16456585   6.05997853  -1.02431844]
 [  6.05020074 -13.18431836  -1.02443981]]
[[  6.35579906   0.84919744   7.8232137 ]
 [-12.96435284  -0.54732038   7.70066179]]
[[-13.19918628  -0.55191216   7.66486499]
 [  6.47379495   0.84940705   7.92258364]]
[[-7.44721384 11.9929779   0.90739468]
 [-7.77856459 -6.01514127 -1.53432701]]
[[ 6.53930645 -5.33726485  7.42575437]
 [ 6.51549195  7.5578213  -5.29321137]]
[[ 0.99265457 -7.16927     9.41869885]
 [ 0.9926542  -7.16843906  9.41808871]]
[[  7.66751063 -13.17339416  -0.55163072]
 [  7.90130134   6.4608554    0.84938965]]
[[-13.33274954  -1.02444054   6.1319438 ]
 [  6.13280799  -1.02442792 -13.33097139]]
[[ 7.49528031 -5.3316872   6.52000788]
 [-5.32459252  7.51658498  6.51455295]]
[[  7.8381597    0.84931933   6.4128981 ]
 [  7.67596389  -0.5503161  -13.07784156]]
[[-5.30093384  6.61752509  7.2271649 ]
 [ 7.59180778  6.58810701 -5.17805771]]
[[-13.06258589   7.677757    -0.55011572]
 [  6.40524067   7.80421035   0.84930005]]
[[ -1.02446887 -13.50682453   6.21781078]
 [ -1.02453501   6.21532743 -13.51214497]]
[[-13.38634269   6.15378275  -1.02449396]
 [  6.15864583 -13.37624257  -1.02441102]]
[[ 6.60300915 -5.32952521  7.31553383]
 [ 6.53634278  7.5973423  -5.2350571 ]]
[[ -1.02442322   6.15323447 -13.36858548]
 [ -1.02447495 -13.3750737    6.15010456]]
[[ 7.61130537  6.49219302 -5.35115165]
 [-5.3885327   6.47096256  7.49780795]]
[[ 7.55579387 -5.37951915  6.47335704]
 [-5.37503589  7.56942885  6.4761196 ]]
[[  7.66265144  -0.55227503 -13.2320479 ]
 [  7.98084212   0.84943858   6.49028736]]
[[12.05371035  0.90889495 -7.40806116]
 [-6.04586873 -1.53447722 -7.75965024]]
[[  0.84937892   7.88156912   6.45682524]
 [ -0.55153572   7.66896784 -13.16536534]]
[[-13.42568044   6.17461472  -1.02449658]
 [  6.17738259 -13.41987789  -1.02443916]]
[[  0.84934319   6.43245304   7.83957372]
 [ -0.55093736 -13.11679312   7.67216368]]
[[-1.53462455 -6.0845945  -7.71588916]
 [ 0.91038353 12.13044488 -7.35382929]]
[[-7.65914862  0.99295395  9.42312313]
 [-7.66647368  0.99295539  9.42384911]]
[[ 0.90887293 -7.40131472 12.05235633]
 [-1.53448547 -7.76249358 -6.04518898]]
[[-7.44522806 12.00582291  0.90773559]
 [-7.77241366 -6.02164312 -1.53435055]]
[[-7.49666239  0.90584052 11.94410702]
 [-7.80776532 -1.53419402 -5.99033998]]
[[-7.32194784  9.42045244  0.99277485]
 [-7.32195159  9.42042617  0.99277484]]
[[-13.17930352   7.66551289  -0.55170862]
 [  6.46382368   7.92407239   0.84940112]]
[[-5.31146766  6.50737846  7.56505135]
 [ 7.45258241  6.5233428  -5.34887981]]
[[ 7.54781259  6.55497321 -5.23095162]
 [-5.30447158  6.58942842  7.32897377]]
[[ 0.90958232 12.08779368 -7.3804624 ]
 [-1.53456504 -6.06308102 -7.75204713]]
[[ 6.49073522  7.5405826  -5.35428071]
 [ 6.49099278 -5.35644874  7.53403077]]
[[ 9.4229797  -7.74879633  0.99298304]
 [ 9.42457439 -7.7657031   0.99298625]]
[[-13.11282311  -0.5508585    7.6725295 ]
 [  6.43046027   0.84934641   7.85826821]]
[[-7.75252746 -6.05014173 -1.53449321]
 [-7.40049522 12.06216262  0.90909348]]
[[ -1.02454242 -13.56292512   6.24174353]
 [ -1.02450708   6.24091512 -13.56473184]]
[[-5.32337238  6.51081231  7.50205636]
 [ 7.49973251  6.53417673 -5.32418599]]
[[-7.39139787  0.90936904 12.07688903]
 [-7.75529053 -1.53453627 -6.05757544]]
[[-7.42017035  0.90872714 12.04641866]
 [-7.75824081 -1.53444716 -6.042179  ]]
[[ -0.55039988   7.67590496 -13.08361594]
 [  0.8493246    7.84557523   6.41579673]]
[[ 7.59357427  6.48678778 -5.35772855]
 [-5.38316427  6.47565593  7.51636376]]
[[12.0646401   0.90908125 -7.39571032]
 [-6.05138798 -1.534533   -7.77472063]]
