[[1.81535345e-03 9.98917352e-01 9.98917303e-01 1.79344110e-04]]
[[0.00216935 0.99829183 0.99829185 0.002369  ]]
[[0.00216695 0.99829366 0.99829362 0.00236646]]
[[1.81633382e-03 9.98917091e-01 9.98917150e-01 1.75301062e-04]]
[[1.81635717e-03 9.98917171e-01 9.98917109e-01 1.74917738e-04]]
[[0.0029121  0.99781048 0.99791779 0.0020282 ]]
[[0.00124019 0.99808247 0.99838135 0.00153641]]
[[0.00291131 0.99781065 0.99791841 0.00202833]]
[[0.00291246 0.99791754 0.99781038 0.00202819]]
[[0.00217135 0.99829032 0.99829034 0.00237112]]
[[0.00124044 0.99838087 0.99808182 0.00153685]]
[[0.00123985 0.99838183 0.99808307 0.00153609]]
[[0.00124131 0.99837998 0.99808093 0.00153737]]
[[1.81657303e-03 9.98917045e-01 9.98917081e-01 1.74379327e-04]]
[[1.81332255e-03 9.98918056e-01 9.98917910e-01 1.85122203e-04]]
[[0.00482855 0.95262841 0.95262841 0.51233314]]
[[0.00217129 0.99829037 0.99829039 0.00237105]]
[[1.81537605e-03 9.98917369e-01 9.98917320e-01 1.79017589e-04]]
[[1.81518161e-03 9.98917457e-01 9.98917372e-01 1.79492462e-04]]
[[0.00217697 0.99828606 0.99828607 0.00237712]]
[[1.81648680e-03 9.98917111e-01 9.98917066e-01 1.74653875e-04]]
[[0.00216977 0.99829152 0.99829154 0.00236943]]
[[0.0021721  0.99828975 0.99828978 0.00237192]]
[[1.81638717e-03 9.98917145e-01 9.98917064e-01 1.75127543e-04]]
[[0.00291337 0.99791689 0.99780993 0.00202846]]
[[0.00217147 0.99829022 0.99829027 0.00237124]]
[[1.81656200e-03 9.98917010e-01 9.98917049e-01 1.74822751e-04]]
[[1.81604372e-03 9.98917195e-01 9.98917203e-01 1.76306926e-04]]
[[1.81506500e-03 9.98917401e-01 9.98917484e-01 1.79935634e-04]]
[[1.81509460e-03 9.98917367e-01 9.98917421e-01 1.80282444e-04]]
[[1.81777504e-03 9.98916591e-01 9.98916801e-01 1.70576864e-04]]
[[1.81666627e-03 9.98917086e-01 9.98916930e-01 1.74395898e-04]]
[[1.81467690e-03 9.98917556e-01 9.98917513e-01 1.81414449e-04]]
[[0.00216917 0.99829198 0.99829199 0.0023688 ]]
[[0.00291343 0.99780993 0.99791684 0.00202843]]
[[0.00123927 0.99838206 0.99808306 0.00153632]]
[[1.81652258e-03 9.98917070e-01 9.98917031e-01 1.74843933e-04]]
[[1.81684516e-03 9.98917010e-01 9.98916943e-01 1.73557074e-04]]
[[1.81629238e-03 9.98917135e-01 9.98917117e-01 1.75503579e-04]]
[[1.81480142e-03 9.98917463e-01 9.98917509e-01 1.81156205e-04]]
[[0.00216742 0.99829329 0.99829329 0.00236695]]
[[0.00217236 0.99828957 0.99828957 0.00237219]]
[[0.00124086 0.99808136 0.99838042 0.00153703]]
[[0.00291344 0.99780987 0.99791683 0.00202852]]
[[0.00123857 0.99808301 0.99838232 0.00153661]]
[[0.00124027 0.99808294 0.99838157 0.00153607]]
[[0.00291302 0.99781002 0.99791713 0.00202848]]
[[1.10514817e-04 9.96406605e-01 9.96406602e-01 4.90183469e-03]]
[[0.00123894 0.99838224 0.99808311 0.00153638]]
[[1.81575560e-03 9.98917235e-01 9.98917290e-01 1.77480410e-04]]
[[0.00124134 0.99838097 0.9980827  0.00153589]]
[[0.00123858 0.99838243 0.9980832  0.00153643]]
[[0.00123933 0.99838198 0.99808295 0.00153641]]
[[1.81687752e-03 9.98916702e-01 9.98916684e-01 1.76490146e-04]]
[[0.00123996 0.99838177 0.99808304 0.00153607]]
[[0.00123956 0.99808313 0.99838198 0.00153614]]
[[1.81663613e-03 9.98917113e-01 9.98916983e-01 1.74138544e-04]]
[[0.00123937 0.99838201 0.99808301 0.00153631]]
[[0.00123809 0.99808332 0.99838271 0.00153649]]
[[0.00291331 0.99791692 0.99780994 0.00202847]]
[[0.00216985 0.99829148 0.99829146 0.00236952]]
[[1.81705622e-03 9.98916981e-01 9.98916932e-01 1.72395028e-04]]
[[0.00291259 0.99781024 0.99791743 0.00202835]]
[[0.00216025 0.99829867 0.99829851 0.00235948]]
[[0.00123893 0.99808285 0.9983821  0.00153664]]
[[0.00216915 0.998292   0.99829199 0.00236879]]
[[0.00216831 0.99829263 0.99829261 0.0023679 ]]
[[0.00291216 0.99791774 0.99781053 0.00202809]]
[[0.00217272 0.99828929 0.9982893  0.00237258]]
[[1.81735274e-03 9.98916806e-01 9.98916794e-01 1.72192686e-04]]
[[1.81572752e-03 9.98917287e-01 9.98917265e-01 1.77520336e-04]]
[[0.00123868 0.99838238 0.99808317 0.00153641]]
[[0.00291263 0.99781019 0.9979174  0.00202841]]
[[0.00291269 0.99791736 0.99781014 0.00202844]]
[[1.11141132e-04 9.96406579e-01 9.96406575e-01 4.90186314e-03]]
[[0.00291203 0.99781054 0.99791785 0.00202815]]
[[0.0029172  0.99780781 0.99791421 0.00202998]]
[[0.00291233 0.99791763 0.99781041 0.0020282 ]]
[[0.00291137 0.99781063 0.99791836 0.00202833]]
[[0.002911   0.99791866 0.9978107  0.0020284 ]]
[[1.81551411e-03 9.98917308e-01 9.98917339e-01 1.78365429e-04]]
[[1.81732728e-03 9.98916845e-01 9.98916881e-01 1.71659012e-04]]
[[0.00291267 0.99781027 0.99791738 0.00202825]]
[[1.81631407e-03 9.98917123e-01 9.98917145e-01 1.75273606e-04]]
[[0.0012399  0.99838176 0.99808297 0.00153614]]
[[0.00123904 0.99838215 0.99808304 0.00153643]]
[[0.0012398  0.99838182 0.998083   0.00153614]]
[[1.81606334e-03 9.98917220e-01 9.98917152e-01 1.76338076e-04]]
[[1.81148383e-03 9.98918602e-01 9.98918614e-01 1.89911101e-04]]
[[0.00216852 0.99829247 0.99829247 0.00236811]]
[[1.81782027e-03 9.98916825e-01 9.98916615e-01 1.70006306e-04]]
[[0.00217021 0.9982912  0.99829118 0.00236991]]
[[0.00291246 0.99791753 0.99781037 0.0020282 ]]
[[1.81598406e-03 9.98917202e-01 9.98917213e-01 1.76606990e-04]]
[[0.00291354 0.99791676 0.99780973 0.00202868]]
[[1.81565941e-03 9.98917267e-01 9.98917304e-01 1.77849314e-04]]
[[1.81660570e-03 9.98917047e-01 9.98917080e-01 1.74160670e-04]]
[[1.81490119e-03 9.98917560e-01 9.98917450e-01 1.80296224e-04]]
[[0.00123687 0.99808348 0.99838331 0.00153677]]
[[1.81623216e-03 9.98917161e-01 9.98917156e-01 1.75533472e-04]]
[[0.00123859 0.99808321 0.99838245 0.0015364 ]]
[[0.00124033 0.9983809  0.99808178 0.00153689]]
[[1.81600884e-03 9.98917102e-01 9.98917140e-01 1.77398047e-04]]
[[0.00123965 0.99838189 0.99808301 0.00153619]]
[[0.00123838 0.99808331 0.99838258 0.0015364 ]]
[[0.0021679  0.99829292 0.99829295 0.00236746]]
[[0.00290576 0.99781025 0.99792319 0.00203199]]
[[0.00123938 0.998083   0.99838199 0.00153631]]
[[0.00123864 0.99838236 0.99808312 0.0015365 ]]
[[1.81573424e-03 9.98917287e-01 9.98917256e-01 1.77512403e-04]]
[[0.0029122  0.99781046 0.99791772 0.00202818]]
[[0.00123888 0.99838226 0.99808311 0.00153641]]
[[8.29612059e-05 9.96406197e-01 9.96406198e-01 4.90268492e-03]]
[[0.00123924 0.99808315 0.99838213 0.00153623]]
[[8.39120478e-05 9.96406119e-01 9.96406113e-01 4.90278704e-03]]
[[0.00123884 0.99838227 0.99808309 0.00153644]]
[[0.00123909 0.99808315 0.9983822  0.00153627]]
[[0.00291397 0.99780958 0.99791646 0.00202872]]
[[0.00291216 0.99781049 0.99791775 0.00202816]]
[[0.00291304 0.99791711 0.99780998 0.00202853]]
[[1.81759962e-03 9.98916546e-01 9.98916864e-01 1.71664537e-04]]
[[0.00216996 0.9982914  0.99829136 0.00236964]]
[[0.00216794 0.99829293 0.99829286 0.00236751]]
[[0.00217041 0.99829105 0.99829104 0.00237012]]
[[0.00216796 0.9982929  0.99829286 0.00236753]]
[[0.00123854 0.99808324 0.99838248 0.00153639]]
[[0.00217417 0.99828821 0.99828818 0.00237413]]
[[0.00123987 0.99838174 0.99808291 0.00153619]]
[[0.0021663  0.99829411 0.99829415 0.00236577]]
[[0.0029128  0.99791728 0.99781016 0.00202837]]
[[8.32298986e-05 9.96406192e-01 9.96406194e-01 4.90268838e-03]]
[[1.23849843e-04 9.96406825e-01 9.96406825e-01 4.90135811e-03]]
[[1.81630428e-03 9.98917134e-01 9.98917139e-01 1.75304757e-04]]
[[0.00216927 0.99829193 0.99829188 0.00236891]]
[[1.81469305e-03 9.98917580e-01 9.98917549e-01 1.80986420e-04]]
[[0.00123941 0.99838208 0.99808318 0.00153614]]
[[0.00217343 0.99828876 0.99828875 0.00237333]]
[[1.81525478e-03 9.98917409e-01 9.98917382e-01 1.79237654e-04]]
[[1.81528510e-03 9.98917414e-01 9.98917356e-01 1.79161771e-04]]
[[0.00291249 0.99791752 0.99781032 0.00202827]]
[[0.00217243 0.99828951 0.99828952 0.00237227]]
[[1.81622667e-03 9.98917154e-01 9.98917099e-01 1.75938186e-04]]
[[1.81538982e-03 9.98917369e-01 9.98917355e-01 1.78741859e-04]]
[[1.81607000e-03 9.98917132e-01 9.98917129e-01 1.76903231e-04]]
[[0.00123834 0.99808328 0.99838258 0.00153645]]
[[0.00123927 0.99838206 0.99808305 0.00153631]]
[[0.00216695 0.99829361 0.9982936  0.0023665 ]]
[[0.00291272 0.99781026 0.99791734 0.00202825]]
[[0.00218096 0.99828301 0.99828299 0.00238142]]
[[1.81437402e-03 9.98917665e-01 9.98917627e-01 1.82128994e-04]]
[[1.81558777e-03 9.98917303e-01 9.98917340e-01 1.77904197e-04]]
[[1.81320679e-03 9.98917952e-01 9.98918079e-01 1.85501456e-04]]
[[0.00291421 0.99791629 0.99780947 0.00202878]]
[[0.00123857 0.99838244 0.99808321 0.00153642]]
[[1.81582682e-03 9.98917216e-01 9.98917266e-01 1.77254500e-04]]
[[0.00123974 0.99808271 0.99838168 0.00153638]]
[[1.81749979e-03 9.98916618e-01 9.98916916e-01 1.71617429e-04]]
[[1.81661185e-03 9.98917042e-01 9.98916992e-01 1.74631961e-04]]
[[0.00291362 0.9978098  0.99791671 0.00202854]]
[[0.00216262 0.99829689 0.9982968  0.00236194]]
[[1.81815372e-03 9.98916710e-01 9.98916353e-01 1.69928086e-04]]
[[0.00124071 0.99808094 0.99838026 0.00153739]]
[[1.81544841e-03 9.98917311e-01 9.98917351e-01 1.78699183e-04]]
[[0.00123761 0.99838293 0.99808339 0.00153661]]
[[0.00291466 0.99780925 0.99791598 0.00202892]]
[[1.81555119e-03 9.98917329e-01 9.98917343e-01 1.77983016e-04]]
[[0.00123843 0.99808325 0.99838253 0.00153644]]
[[0.00291296 0.99781008 0.99791717 0.00202842]]
[[0.00291313 0.99781003 0.99791705 0.00202841]]
[[1.81349948e-03 9.98917974e-01 9.98917852e-01 1.84771542e-04]]
[[0.0021679  0.99829296 0.99829291 0.00236746]]
[[1.81633095e-03 9.98917116e-01 9.98917001e-01 1.76036366e-04]]
[[0.00291484 0.99780914 0.99791586 0.00202901]]
[[1.81455249e-03 9.98917533e-01 9.98917657e-01 1.81541522e-04]]
[[0.00123936 0.99808309 0.99838205 0.00153625]]
[[6.74966758e-05 9.96405913e-01 9.96405910e-01 4.90320431e-03]]
[[0.00291304 0.99781008 0.99791711 0.00202838]]
[[0.002913   0.99791714 0.99781006 0.00202842]]
[[0.00290848 0.99781042 0.99792085 0.00203021]]
[[1.81609236e-03 9.98917183e-01 9.98917151e-01 1.76363016e-04]]
[[1.81699741e-03 9.98916870e-01 9.98917038e-01 1.72816229e-04]]
[[0.00123852 0.99808312 0.99838242 0.0015365 ]]
[[8.55315859e-04 4.99998710e-01 9.99308712e-01 5.00000918e-01]]
[[0.00291261 0.99791742 0.99781029 0.00202825]]
[[0.00216861 0.99829238 0.99829243 0.0023682 ]]
[[0.00216801 0.99829285 0.99829285 0.00236758]]
[[1.81626398e-03 9.98917099e-01 9.98917139e-01 1.75766204e-04]]
[[0.00291238 0.99781039 0.99791758 0.0020282 ]]
[[1.81435720e-03 9.98917670e-01 9.98917632e-01 1.82184156e-04]]
[[1.81459780e-03 9.98917586e-01 9.98917574e-01 1.81422763e-04]]
[[1.81568908e-03 9.98917281e-01 9.98917291e-01 1.77643680e-04]]
[[0.0021672  0.99829347 0.99829345 0.00236672]]
[[0.00123889 0.99838232 0.99808323 0.00153629]]
[[1.81560642e-03 9.98917286e-01 9.98917233e-01 1.78471542e-04]]
[[1.81640406e-03 9.98917129e-01 9.98917026e-01 1.75331097e-04]]
[[0.0012386  0.99838245 0.99808322 0.00153639]]
[[0.00216188 0.99829741 0.99829739 0.00236116]]
[[1.81650001e-03 9.98917138e-01 9.98917019e-01 1.74692990e-04]]
[[0.00124053 0.99808235 0.99838113 0.00153639]]
[[1.81686984e-03 9.98917051e-01 9.98916846e-01 1.73738089e-04]]
[[0.00291318 0.99791701 0.99781002 0.00202841]]
[[0.00124096 0.99838022 0.99808107 0.00153728]]
[[1.81617259e-03 9.98917053e-01 9.98917204e-01 1.76316292e-04]]
[[0.00123972 0.99838164 0.99808261 0.00153647]]
[[1.81576439e-03 9.98917247e-01 9.98917291e-01 1.77353149e-04]]
[[1.81623205e-03 9.98917138e-01 9.98917140e-01 1.75752423e-04]]
[[1.81447520e-03 9.98917541e-01 9.98917686e-01 1.81823312e-04]]
[[0.00291458 0.99780904 0.99791602 0.00202927]]
[[8.54001134e-04 4.99998712e-01 9.99308302e-01 5.00000925e-01]]
[[1.81572600e-03 9.98917284e-01 9.98917276e-01 1.77474888e-04]]
[[0.00291355 0.99791675 0.9978098  0.00202857]]
[[0.00291191 0.99791794 0.9978106  0.00202811]]
[[0.00216859 0.99829242 0.99829242 0.00236818]]
[[1.81602463e-03 9.98917192e-01 9.98917196e-01 1.76488504e-04]]
[[0.00216631 0.99829412 0.99829413 0.00236579]]
[[0.00217032 0.99829111 0.99829112 0.00237002]]
[[0.00123813 0.99838269 0.99808333 0.00153648]]
[[0.00291039 0.99781054 0.99791921 0.00202898]]
[[0.00291544 0.9978088  0.99791543 0.00202925]]
[[0.00217358 0.99828866 0.99828862 0.0023735 ]]
[[0.00123642 0.99838356 0.9980836  0.00153682]]
[[8.08755130e-05 9.96406156e-01 9.96406155e-01 4.90276098e-03]]
[[0.00291235 0.99791761 0.99781041 0.00202819]]
[[1.81498094e-03 9.98917539e-01 9.98917414e-01 1.80105798e-04]]
[[0.00123887 0.99838231 0.9980832  0.00153633]]
[[0.00291322 0.99780997 0.99791699 0.00202846]]
[[1.81577947e-03 9.98917250e-01 9.98917246e-01 1.77488111e-04]]
[[0.0021606  0.99829834 0.99829832 0.00235984]]
[[0.00123927 0.99808293 0.99838199 0.00153646]]
[[7.90918762e-05 9.96406106e-01 9.96406103e-01 4.90284689e-03]]
[[1.81524350e-03 9.98917339e-01 9.98917405e-01 1.79561404e-04]]
[[1.81646603e-03 9.98917101e-01 9.98917124e-01 1.74520750e-04]]
[[0.00216986 0.99829147 0.99829146 0.00236953]]
[[0.00291359 0.99791673 0.9978098  0.00202856]]
[[0.00124038 0.99838078 0.99808161 0.00153699]]
[[1.81593610e-03 9.98917227e-01 9.98917244e-01 1.76603074e-04]]
[[0.00291269 0.99781028 0.99791736 0.00202823]]
[[8.54973908e-04 4.99998711e-01 9.99308204e-01 5.00000920e-01]]
[[1.81562357e-03 9.98917263e-01 9.98917346e-01 1.77878708e-04]]
[[0.00124035 0.99838109 0.99808213 0.00153665]]
[[0.00123876 0.99808313 0.99838232 0.00153645]]
[[8.54233681e-04 4.99998717e-01 9.99304884e-01 5.00000925e-01]]
[[0.00123908 0.99838211 0.99808299 0.00153644]]
[[0.0012399  0.99808251 0.99838149 0.00153666]]
[[0.00217264 0.99828936 0.99828935 0.00237249]]
[[0.00291319 0.99781007 0.997917   0.00202832]]
[[0.00291218 0.99791773 0.99781051 0.00202812]]
[[0.00291318 0.99791702 0.99780994 0.00202853]]
[[1.81687920e-03 9.98916915e-01 9.98917065e-01 1.73186276e-04]]
[[1.81573660e-03 9.98917282e-01 9.98917280e-01 1.77390565e-04]]
[[0.00291411 0.99780947 0.99791636 0.00202882]]
[[0.00216822 0.99829268 0.99829271 0.0023678 ]]
[[0.00217222 0.99828968 0.99828967 0.00237205]]
[[0.00216875 0.99829227 0.99829232 0.00236836]]
[[1.81721422e-03 9.98916802e-01 9.98916775e-01 1.73232084e-04]]
[[0.00217269 0.99828931 0.99828931 0.00237255]]
[[0.00217058 0.99829092 0.99829091 0.0023703 ]]
[[1.81558790e-03 9.98917323e-01 9.98917271e-01 1.78180003e-04]]
[[0.00291306 0.99781011 0.9979171  0.00202832]]
[[1.81482467e-03 9.98917467e-01 9.98917517e-01 1.80944090e-04]]
[[0.00123992 0.99838179 0.99808306 0.00153606]]
[[8.57936644e-05 9.96406203e-01 9.96406202e-01 4.90265171e-03]]
[[1.81554265e-03 9.98917320e-01 9.98917285e-01 1.78404673e-04]]
[[1.81581846e-03 9.98917177e-01 9.98917115e-01 1.78344570e-04]]
[[0.00291295 0.99791718 0.99781011 0.00202838]]
[[1.12537690e-04 9.96406661e-01 9.96406662e-01 4.90173052e-03]]
[[0.00124104 0.99838014 0.99808102 0.00153718]]
[[1.81637489e-03 9.98917067e-01 9.98917166e-01 1.75076424e-04]]
[[8.98614253e-05 9.96406357e-01 9.96406356e-01 4.90240109e-03]]
[[0.00216876 0.99829229 0.99829228 0.00236837]]
[[0.001239   0.99808309 0.99838221 0.00153635]]
[[0.00123892 0.99838208 0.99808281 0.0015367 ]]
[[0.00123997 0.99808297 0.99838172 0.00153611]]
[[0.00216953 0.99829174 0.99829169 0.00236918]]
[[0.0021708  0.99829073 0.99829075 0.00237054]]
[[0.00291278 0.9979173  0.99781017 0.00202836]]
[[1.81633085e-03 9.98917127e-01 9.98917126e-01 1.75251819e-04]]
[[0.00217004 0.99829134 0.9982913  0.00236973]]
[[1.81394501e-03 9.98917676e-01 9.98917849e-01 1.83560843e-04]]
[[1.81674238e-03 9.98917086e-01 9.98916881e-01 1.74196043e-04]]
[[0.00217162 0.99829013 0.99829013 0.0023714 ]]
[[0.00124051 0.99838098 0.99808207 0.00153662]]
[[0.00291313 0.99781008 0.99791705 0.00202834]]
[[1.81610096e-03 9.98917168e-01 9.98917192e-01 1.76147885e-04]]
[[0.00123868 0.99838242 0.99808325 0.00153634]]
[[0.00216762 0.99829314 0.99829313 0.00236717]]
[[0.00123985 0.99838188 0.99808315 0.001536  ]]
[[0.00215877 0.99829961 0.99829974 0.00235794]]
[[9.00338720e-05 9.96406228e-01 9.96406229e-01 4.90257444e-03]]
[[0.00123811 0.99838259 0.99808314 0.00153666]]
[[0.00124102 0.9980812  0.99838025 0.00153707]]
[[0.00123825 0.99808326 0.99838261 0.00153649]]
[[0.00124022 0.99838151 0.99808278 0.00153623]]
[[1.81598358e-03 9.98917214e-01 9.98917192e-01 1.76660977e-04]]
[[0.00216239 0.99829703 0.99829702 0.00236169]]
[[0.00291306 0.99780981 0.99791709 0.00202879]]
[[0.00124027 0.99808227 0.9983812  0.00153653]]
[[0.00216498 0.99829512 0.99829512 0.00236438]]
[[0.00124128 0.99808049 0.99837972 0.00153749]]
[[1.81684766e-03 9.98916824e-01 9.98917066e-01 1.73930752e-04]]
[[0.00123939 0.99838207 0.99808316 0.00153618]]
[[1.81607504e-03 9.98917093e-01 9.98917102e-01 1.77224531e-04]]
[[1.81616091e-03 9.98917173e-01 9.98917153e-01 1.75947328e-04]]
[[1.81592773e-03 9.98917178e-01 9.98917195e-01 1.77200033e-04]]
[[0.00124082 0.99808257 0.99838113 0.00153619]]
[[1.81701741e-03 9.98916911e-01 9.98916793e-01 1.73824657e-04]]
[[0.00291488 0.99780861 0.9979158  0.00202979]]
[[0.00291269 0.99791736 0.9978101  0.00202851]]
[[0.00123908 0.99808311 0.99838218 0.00153632]]
[[1.81590636e-03 9.98917225e-01 9.98917182e-01 1.77153390e-04]]
[[1.81518489e-03 9.98917459e-01 9.98917374e-01 1.79454749e-04]]
[[1.81434211e-03 9.98917690e-01 9.98917605e-01 1.82315829e-04]]
[[6.62014567e-05 9.96405767e-01 9.96405774e-01 4.90340682e-03]]
[[0.00291223 0.99781046 0.9979177  0.00202817]]
[[1.81418714e-03 9.98917629e-01 9.98917801e-01 1.82557737e-04]]
[[0.00291302 0.9978099  0.99791713 0.00202866]]
[[1.81533528e-03 9.98917421e-01 9.98917329e-01 1.78949479e-04]]
[[0.00291303 0.99791712 0.99781008 0.00202838]]
[[0.00217775 0.99828546 0.99828547 0.00237796]]
[[1.81722087e-03 9.98916970e-01 9.98916823e-01 1.71990413e-04]]
[[1.81619083e-03 9.98917171e-01 9.98917169e-01 1.75674287e-04]]
[[0.00291328 0.99791694 0.99781001 0.00202837]]
[[0.00216879 0.99829226 0.99829226 0.0023684 ]]
[[1.81640773e-03 9.98917110e-01 9.98917140e-01 1.74758419e-04]]
[[0.00123969 0.99838192 0.99808311 0.00153611]]
[[1.81610443e-03 9.98917166e-01 9.98917157e-01 1.76327798e-04]]
[[1.81469697e-03 9.98917596e-01 9.98917512e-01 1.81083827e-04]]
[[1.81486225e-03 9.98917437e-01 9.98917541e-01 1.80717837e-04]]
[[0.00291396 0.99780964 0.99791647 0.00202864]]
[[8.28840936e-05 9.96406069e-01 9.96406074e-01 4.90285760e-03]]
[[0.00124164 0.99807933 0.9983789  0.00153835]]
[[0.00216057 0.99829836 0.99829837 0.0023598 ]]
[[1.81638775e-03 9.98917129e-01 9.98917131e-01 1.74836792e-04]]
[[0.00217358 0.99828864 0.99828865 0.00237349]]
[[0.00216752 0.99829323 0.99829321 0.00236706]]
[[0.00123712 0.99808325 0.99838306 0.0015369 ]]
[[1.81485846e-03 9.98917506e-01 9.98917489e-01 1.80669168e-04]]
[[0.00216519 0.99829494 0.99829497 0.00236461]]
[[0.00123879 0.99808322 0.99838237 0.00153632]]
[[0.00216199 0.99829733 0.99829731 0.00236127]]
[[0.00124008 0.99808301 0.9983817  0.00153606]]
[[1.81653513e-03 9.98916990e-01 9.98917109e-01 1.74788732e-04]]
[[8.44091805e-05 9.96406086e-01 9.96406088e-01 4.90282199e-03]]
[[0.00124018 0.99838165 0.99808299 0.00153604]]
[[0.00217392 0.99828838 0.9982884  0.00237385]]
[[0.00216525 0.99829489 0.99829492 0.00236468]]
[[0.00124103 0.99838006 0.99808087 0.00153729]]
[[1.81527532e-03 9.98917367e-01 9.98917437e-01 1.79030983e-04]]
[[0.00291415 0.9978095  0.99791633 0.00202876]]
[[9.27893057e-05 9.96406315e-01 9.96406315e-01 4.90242850e-03]]
[[1.81680999e-03 9.98917041e-01 9.98916882e-01 1.73976965e-04]]
[[0.00216779 0.99829303 0.99829301 0.00236734]]
[[8.53201936e-04 9.99304985e-01 4.99998718e-01 5.00000930e-01]]
[[0.00291333 0.99780991 0.99791691 0.00202851]]
[[1.81600313e-03 9.98917205e-01 9.98917214e-01 1.76452690e-04]]
[[1.81522297e-03 9.98917424e-01 9.98917376e-01 1.79400765e-04]]
[[0.00123909 0.99808318 0.99838221 0.00153627]]
[[1.81656230e-03 9.98916974e-01 9.98916957e-01 1.75527828e-04]]
[[0.00291138 0.99781056 0.99791836 0.00202843]]
[[1.81641430e-03 9.98917082e-01 9.98917094e-01 1.75129333e-04]]
[[0.0012391  0.99808309 0.99838216 0.00153635]]
[[8.60343390e-05 9.96406169e-01 9.96406167e-01 4.90269627e-03]]
[[0.00123937 0.99808314 0.99838207 0.0015362 ]]
[[0.00291082 0.99781064 0.99791882 0.00202859]]
[[0.00217237 0.99828956 0.99828957 0.0023722 ]]
[[1.81545853e-03 9.98917361e-01 9.98917332e-01 1.78466053e-04]]
[[0.0029119  0.99781058 0.99791794 0.00202814]]
[[0.00216753 0.99829322 0.99829321 0.00236706]]
[[0.00217229 0.99828964 0.99828962 0.00237211]]
[[0.00216971 0.99829158 0.99829157 0.00236937]]
[[0.00123624 0.99808348 0.99838356 0.00153698]]
[[1.81656200e-03 9.98917032e-01 9.98917125e-01 1.74277030e-04]]
[[0.0012388  0.99808328 0.99838239 0.00153627]]
[[1.80844823e-03 9.98919923e-01 9.98919640e-01 1.95930865e-04]]
[[0.00124132 0.9983798  0.99808066 0.00153735]]
[[0.00482848 0.95262878 0.95262878 0.512333  ]]
[[1.81663705e-03 9.98917071e-01 9.98916871e-01 1.75046013e-04]]
[[0.00123969 0.99838176 0.99808282 0.00153633]]
[[0.00123906 0.99838224 0.99808321 0.00153624]]
[[1.81536681e-03 9.98917318e-01 9.98917379e-01 1.79031011e-04]]
[[1.81611734e-03 9.98917176e-01 9.98917193e-01 1.75996485e-04]]
[[0.00217165 0.99829011 0.9982901  0.00237144]]
[[0.00123966 0.99838184 0.99808295 0.00153627]]
[[0.00123974 0.99838191 0.99808313 0.00153607]]
[[1.81582651e-03 9.98917207e-01 9.98917215e-01 1.77587197e-04]]
[[0.00217006 0.99829131 0.99829131 0.00236975]]
[[1.81594476e-03 9.98917227e-01 9.98917184e-01 1.76881638e-04]]
[[0.00123983 0.99838186 0.99808311 0.00153605]]
[[0.0012389  0.99838223 0.99808307 0.00153646]]
[[0.00291096 0.99781051 0.99791873 0.00202873]]
[[1.81641146e-03 9.98917124e-01 9.98917046e-01 1.75187567e-04]]
[[0.00216854 0.99829246 0.99829245 0.00236814]]
[[1.81620045e-03 9.98917124e-01 9.98917137e-01 1.76053794e-04]]
[[0.00291141 0.99781072 0.99791832 0.00202817]]
[[0.00291194 0.99781054 0.99791792 0.00202819]]
[[0.00291388 0.99780963 0.99791653 0.00202869]]
[[0.00291274 0.99791733 0.99781021 0.00202832]]
[[0.00123984 0.99838178 0.99808297 0.00153615]]
[[0.0021716  0.99829021 0.9982901  0.00237137]]
[[1.81796185e-03 9.98916478e-01 9.98916865e-01 1.69615397e-04]]
[[0.0021696  0.99829163 0.99829169 0.00236926]]
[[0.00216623 0.99829417 0.99829419 0.0023657 ]]
[[0.00216511 0.99829508 0.99829497 0.00236452]]
[[0.00291374 0.99780936 0.99791661 0.00202917]]
[[0.00123823 0.99808323 0.9983826  0.00153651]]
[[0.00217032 0.9982911  0.99829112 0.00237002]]
[[1.81613805e-03 9.98917149e-01 9.98917162e-01 1.76185246e-04]]
[[0.00123855 0.99808319 0.99838243 0.00153646]]
[[0.00291356 0.99791675 0.99780984 0.00202851]]
[[0.00291325 0.99780999 0.99791696 0.00202842]]
[[1.81441846e-03 9.98917671e-01 9.98917623e-01 1.81830986e-04]]
[[0.00291331 0.99780993 0.99791692 0.00202849]]
[[1.81661924e-03 9.98917104e-01 9.98916989e-01 1.74272572e-04]]
[[0.00291341 0.99780987 0.99791686 0.00202853]]
[[1.81510023e-03 9.98917413e-01 9.98917473e-01 1.79715734e-04]]
[[0.00216772 0.99829307 0.99829308 0.00236726]]
[[0.00216899 0.99829213 0.99829211 0.00236861]]
[[0.00216763 0.99829315 0.99829312 0.00236718]]
[[0.00291505 0.99780907 0.99791571 0.00202902]]
[[0.00216861 0.9982924  0.9982924  0.00236821]]
[[0.00123986 0.99838184 0.9980831  0.00153605]]
[[0.00123783 0.99808334 0.99838284 0.00153655]]
[[0.00291375 0.99780973 0.99791662 0.0020286 ]]
[[1.81598205e-03 9.98917179e-01 9.98917211e-01 1.76766879e-04]]
[[1.81753728e-03 9.98916728e-01 9.98916597e-01 1.72518218e-04]]
[[1.81630529e-03 9.98917105e-01 9.98917089e-01 1.75744287e-04]]
[[1.81644702e-03 9.98917110e-01 9.98917083e-01 1.74818740e-04]]
[[1.81712109e-03 9.98916971e-01 9.98916801e-01 1.72771413e-04]]
[[0.00124016 0.9980827  0.9983815  0.00153624]]
[[0.00216892 0.99829216 0.99829218 0.00236853]]
[[0.00291391 0.99791651 0.99780964 0.00202866]]
[[1.81563874e-03 9.98917307e-01 9.98917269e-01 1.77953052e-04]]
[[1.81541956e-03 9.98917387e-01 9.98917350e-01 1.78475741e-04]]
[[0.00216729 0.99829339 0.9982934  0.00236681]]
[[0.00291283 0.99781016 0.99791727 0.00202835]]
[[1.81481187e-03 9.98917596e-01 9.98917469e-01 1.80560891e-04]]
[[0.00123896 0.9980831  0.99838221 0.0015364 ]]
[[1.81374444e-03 9.98917902e-01 9.98917795e-01 1.83906619e-04]]
[[0.00217551 0.99828718 0.99828718 0.00237555]]
[[8.42452414e-05 9.96406169e-01 9.96406174e-01 4.90270878e-03]]
[[7.13663966e-05 9.96405900e-01 9.96405887e-01 4.90319922e-03]]
[[1.81581308e-03 9.98917217e-01 9.98917275e-01 1.77297459e-04]]
[[0.00124009 0.99838172 0.99808306 0.001536  ]]
[[0.00123954 0.99808312 0.99838198 0.00153615]]
[[0.00124059 0.99808159 0.99838068 0.00153695]]
[[0.00217627 0.99828667 0.99828655 0.00237636]]
[[1.81629486e-03 9.98917140e-01 9.98917114e-01 1.75479093e-04]]
[[0.00291434 0.9979162  0.99780938 0.00202886]]
[[0.00291209 0.9979178  0.99781053 0.00202812]]
[[1.81341356e-03 9.98917908e-01 9.98917952e-01 1.85122706e-04]]
[[1.81457172e-03 9.98917650e-01 9.98917552e-01 1.81350241e-04]]
[[0.00124088 0.99808143 0.99838045 0.00153699]]
[[1.81506787e-03 9.98917415e-01 9.98917447e-01 1.80056682e-04]]
[[1.81626697e-03 9.98917180e-01 9.98917119e-01 1.75409120e-04]]
[[1.81623182e-03 9.98917181e-01 9.98917119e-01 1.75637720e-04]]
[[8.54624508e-04 4.99998723e-01 9.99300812e-01 5.00000924e-01]]
[[0.00124155 0.99837931 0.99807998 0.00153787]]
[[0.00291259 0.99781028 0.99791743 0.00202827]]
[[1.81622470e-03 9.98917165e-01 9.98917119e-01 1.75777469e-04]]
[[0.00291292 0.9979172  0.99781016 0.0020283 ]]
[[0.00124075 0.99808215 0.99838092 0.00153647]]
[[0.00216843 0.99829254 0.99829254 0.00236801]]
[[1.81754407e-03 9.98916988e-01 9.98916623e-01 1.70889887e-04]]
[[0.00291192 0.99781057 0.99791793 0.00202815]]
[[0.0021711  0.99829049 0.99829056 0.00237085]]
[[0.00291387 0.99791653 0.99780971 0.00202857]]
[[0.0012388  0.9983823  0.99808313 0.00153641]]
[[0.00124151 0.99808286 0.99838098 0.00153566]]
[[0.00123966 0.99808296 0.99838185 0.00153626]]
[[0.00123837 0.99808319 0.99838251 0.0015365 ]]
[[0.00124093 0.99838012 0.99808088 0.00153734]]
[[1.12253585e-04 9.96406480e-01 9.96406480e-01 4.90198172e-03]]
[[0.00291386 0.99791654 0.99780966 0.00202864]]
[[1.13038746e-04 9.96406664e-01 9.96406664e-01 4.90172069e-03]]
[[0.00123942 0.99838197 0.998083   0.00153632]]
[[0.00123929 0.99838211 0.99808315 0.00153622]]
[[0.00123942 0.99838206 0.99808315 0.00153616]]
[[0.00123918 0.99838211 0.99808306 0.00153634]]
[[1.81696936e-03 9.98916974e-01 9.98916827e-01 1.73596326e-04]]
[[0.00217033 0.99829108 0.99829113 0.00237003]]
[[1.81490637e-03 9.98917436e-01 9.98917536e-01 1.80471750e-04]]
[[0.00123997 0.99808274 0.9983816  0.00153628]]
[[1.81555499e-03 9.98917358e-01 9.98917294e-01 1.78068125e-04]]
[[1.81622969e-03 9.98917181e-01 9.98917083e-01 1.75854507e-04]]
[[1.81565987e-03 9.98917263e-01 9.98917293e-01 1.77919111e-04]]
[[1.81653512e-03 9.98917108e-01 9.98917041e-01 1.74498092e-04]]
[[0.00218239 0.99828191 0.9982819  0.00238296]]
[[1.81550622e-03 9.98917280e-01 9.98917253e-01 1.79045382e-04]]
[[0.00123924 0.99808315 0.99838213 0.00153622]]
[[0.00215839 0.9982999  0.99829999 0.00235756]]
[[0.00291237 0.99781043 0.9979176  0.00202815]]
[[0.00217083 0.99829074 0.99829073 0.00237056]]
[[1.81485025e-03 9.98917432e-01 9.98917446e-01 1.81349557e-04]]
[[1.81642289e-03 9.98917118e-01 9.98917046e-01 1.75147807e-04]]
[[0.00124021 0.99838114 0.99808211 0.00153667]]
[[1.81655704e-03 9.98917093e-01 9.98917003e-01 1.74655045e-04]]
[[0.00291189 0.99781052 0.99791796 0.00202824]]
[[1.04180033e-04 9.96406529e-01 9.96406530e-01 4.90201075e-03]]
[[1.81485801e-03 9.98917508e-01 9.98917468e-01 1.80772477e-04]]
[[1.81309544e-03 9.98918104e-01 9.98917990e-01 1.85851884e-04]]
[[0.00217307 0.99828903 0.99828903 0.00237295]]
[[0.0012399  0.99838178 0.99808301 0.00153609]]
[[0.0021717  0.99829006 0.99829008 0.00237149]]
[[1.81471546e-03 9.98917474e-01 9.98917620e-01 1.81020414e-04]]
[[0.0021647  0.99829532 0.99829532 0.0023641 ]]
[[0.00123992 0.99808313 0.99838184 0.001536  ]]
[[0.0021649  0.99829524 0.99829511 0.0023643 ]]
[[0.00123889 0.99808309 0.99838224 0.0015364 ]]
[[1.81772186e-03 9.98916661e-01 9.98916711e-01 1.71038623e-04]]
[[1.81625178e-03 9.98917139e-01 9.98917142e-01 1.75601222e-04]]
[[0.00124048 0.99838084 0.99808179 0.00153682]]
[[0.00291254 0.99781032 0.99791747 0.00202824]]
[[0.00216993 0.99829141 0.99829139 0.00236962]]
[[0.00216716 0.99829348 0.99829349 0.00236668]]
[[0.00123991 0.9980831  0.99838182 0.00153602]]
[[1.81629474e-03 9.98917098e-01 9.98917120e-01 1.75673821e-04]]
[[1.81625375e-03 9.98917106e-01 9.98917160e-01 1.75679606e-04]]
[[0.00216783 0.99829299 0.99829298 0.00236738]]
[[8.54045349e-04 4.99998713e-01 9.99307683e-01 5.00000925e-01]]
[[1.81558227e-03 9.98917274e-01 9.98917322e-01 1.78204191e-04]]
[[0.00216978 0.99829153 0.99829151 0.00236944]]
[[1.81599282e-03 9.98917238e-01 9.98917194e-01 1.76450881e-04]]
[[0.00291079 0.99781055 0.99791886 0.00202875]]
[[0.00124016 0.99838147 0.99808267 0.00153628]]
[[0.00291326 0.99780993 0.99791696 0.00202851]]
[[1.81663808e-03 9.98916987e-01 9.98917085e-01 1.74256752e-04]]
[[0.00124083 0.99838077 0.99808196 0.00153659]]
[[8.76115478e-05 9.96406312e-01 9.96406307e-01 4.90248770e-03]]
[[0.00123895 0.99838229 0.99808322 0.00153628]]
[[1.81795572e-03 9.98916960e-01 9.98916504e-01 1.68970974e-04]]
[[1.81359940e-03 9.98917860e-01 9.98917915e-01 1.84412913e-04]]
[[1.81692801e-03 9.98916971e-01 9.98916977e-01 1.73045184e-04]]
[[0.0012396  0.9980831  0.99838196 0.00153614]]
[[1.81495710e-03 9.98917442e-01 9.98917480e-01 1.80428584e-04]]
[[0.00291289 0.99781021 0.99791722 0.00202825]]
[[0.00291002 0.99781046 0.99791954 0.00202931]]
[[0.00123878 0.99838235 0.99808321 0.00153635]]
[[0.00217242 0.99828952 0.99828953 0.00237225]]
[[1.81572609e-03 9.98917289e-01 9.98917273e-01 1.77461190e-04]]
[[0.00216692 0.99829368 0.99829366 0.00236642]]
[[1.81248057e-03 9.98918195e-01 9.98918341e-01 1.87320719e-04]]
[[1.81667440e-03 9.98917035e-01 9.98916946e-01 1.74525079e-04]]
[[8.53669249e-04 4.99998693e-01 9.99321242e-01 5.00000919e-01]]
[[0.002167   0.99829361 0.99829361 0.00236651]]
[[0.00216894 0.99829216 0.99829215 0.00236855]]
[[0.00123954 0.99808311 0.99838198 0.00153617]]
[[1.81620426e-03 9.98917180e-01 9.98917111e-01 1.75883860e-04]]
[[0.00291298 0.99791716 0.9978101  0.00202838]]
[[0.00123714 0.99838309 0.99808328 0.00153688]]
[[1.81488411e-03 9.98917535e-01 9.98917481e-01 1.80390175e-04]]
[[0.00123913 0.9980832  0.99838221 0.00153623]]
[[0.00291178 0.99781063 0.99791803 0.00202812]]
[[0.00216757 0.9982932  0.99829317 0.00236711]]
[[1.81463025e-03 9.98917523e-01 9.98917637e-01 1.81202313e-04]]
[[0.00123732 0.99808345 0.99838311 0.00153664]]
[[1.81676397e-03 9.98917072e-01 9.98916948e-01 1.73725188e-04]]
[[0.00123934 0.99808314 0.99838209 0.0015362 ]]
[[1.81451417e-03 9.98917593e-01 9.98917587e-01 1.81847065e-04]]
[[0.00291284 0.99781014 0.99791725 0.00202838]]
[[0.00123722 0.99808328 0.99838305 0.00153682]]
[[0.00123938 0.99808316 0.99838208 0.00153618]]
[[0.00123956 0.99808311 0.99838197 0.00153615]]
[[0.00216839 0.99829256 0.99829258 0.00236797]]
[[0.00124003 0.998083   0.99838172 0.00153607]]
[[0.00123922 0.99808314 0.99838214 0.00153624]]
[[0.00123937 0.99808309 0.99838204 0.00153625]]
[[0.00123888 0.99838221 0.99808304 0.0015365 ]]
[[1.81638086e-03 9.98917145e-01 9.98917062e-01 1.75191228e-04]]
[[1.81585028e-03 9.98917242e-01 9.98917238e-01 1.77116697e-04]]
[[1.81746195e-03 9.98916747e-01 9.98916943e-01 1.70973681e-04]]
[[1.81587844e-03 9.98917247e-01 9.98917245e-01 1.76866136e-04]]
[[1.06493564e-04 9.96406597e-01 9.96406599e-01 4.90189053e-03]]
[[1.81607754e-03 9.98917129e-01 9.98917121e-01 1.76914376e-04]]
[[0.0012398  0.99808285 0.99838174 0.00153626]]
[[0.00124061 0.99808179 0.99838078 0.00153679]]
[[0.0012405  0.99838091 0.99808194 0.00153671]]
[[0.00291285 0.99791726 0.99781018 0.00202831]]
[[1.81652002e-03 9.98917063e-01 9.98917022e-01 1.74958202e-04]]
[[0.00291364 0.99791669 0.99780975 0.00202861]]
[[0.00123911 0.99808314 0.99838217 0.0015363 ]]
[[1.81616550e-03 9.98917098e-01 9.98917131e-01 1.76455934e-04]]
[[8.54744546e-04 9.99311026e-01 4.99998707e-01 5.00000920e-01]]
[[1.81620227e-03 9.98917165e-01 9.98917130e-01 1.75860517e-04]]
[[0.00123865 0.99808318 0.99838239 0.00153643]]
[[0.00217317 0.99828896 0.99828894 0.00237306]]
[[0.00123868 0.99838235 0.99808315 0.00153644]]
[[0.00216901 0.9982921  0.9982921  0.00236863]]
[[1.81572846e-03 9.98917258e-01 9.98917237e-01 1.77818644e-04]]
[[0.00291368 0.99780957 0.99791665 0.00202886]]
[[0.00291173 0.99781063 0.99791808 0.00202815]]
[[0.00123859 0.9980832  0.99838243 0.00153644]]
[[0.00217042 0.99829105 0.99829102 0.00237013]]
[[0.00217493 0.99828763 0.99828761 0.00237494]]
[[1.81805126e-03 9.98916429e-01 9.98916905e-01 1.69081339e-04]]
[[0.00218534 0.99827964 0.99827964 0.00238614]]
[[1.81679992e-03 9.98916959e-01 9.98916998e-01 1.73823879e-04]]
[[0.00291315 0.99780998 0.99791703 0.00202849]]
[[1.81473430e-03 9.98917528e-01 9.98917555e-01 1.80967590e-04]]
[[1.81531461e-03 9.98917381e-01 9.98917417e-01 1.78812271e-04]]
[[1.81532337e-03 9.98917193e-01 9.98917279e-01 1.80533827e-04]]
[[0.00123987 0.99808297 0.99838177 0.00153619]]
[[0.00291329 0.99791694 0.99780999 0.0020284 ]]
[[0.00124067 0.99838047 0.9980813  0.00153713]]
[[0.00291343 0.99780994 0.99791685 0.00202842]]
[[0.00123894 0.99808292 0.99838213 0.00153659]]
[[0.00291272 0.99781008 0.99791734 0.00202853]]
[[1.81335233e-03 9.98917902e-01 9.98918079e-01 1.84830899e-04]]
[[0.00123965 0.99808316 0.99838196 0.00153608]]
[[0.00291241 0.99781025 0.99791757 0.00202841]]
[[1.81622500e-03 9.98917119e-01 9.98917184e-01 1.75667065e-04]]
[[0.00123937 0.99838208 0.99808316 0.00153617]]
[[0.00216516 0.99829497 0.99829499 0.00236457]]
[[8.53705695e-04 9.99309476e-01 4.99998711e-01 5.00000925e-01]]
[[9.11453473e-05 9.96406236e-01 9.96406234e-01 4.90255459e-03]]
[[0.00124137 0.99808016 0.9983795  0.00153776]]
[[0.00123928 0.99838197 0.99808287 0.00153642]]
[[0.00123934 0.99808295 0.99838199 0.00153633]]
[[1.81496195e-03 9.98917450e-01 9.98917518e-01 1.80149827e-04]]
[[0.00291273 0.99781029 0.99791733 0.0020282 ]]
[[0.00291251 0.99781024 0.99791749 0.00202837]]
[[1.81636204e-03 9.98917131e-01 9.98917134e-01 1.74974996e-04]]
[[0.00124126 0.998381   0.99808269 0.00153595]]
[[0.00123955 0.99808299 0.99838191 0.00153627]]
[[1.81613032e-03 9.98917179e-01 9.98917205e-01 1.75822374e-04]]
[[0.00216717 0.99829348 0.99829349 0.00236668]]
[[0.00217255 0.99828942 0.99828942 0.0023724 ]]
[[0.00291198 0.99781058 0.99791788 0.00202811]]
[[0.00123801 0.99808336 0.99838277 0.00153648]]
[[0.00291309 0.9978101  0.99791708 0.00202833]]
[[1.81681607e-03 9.98917065e-01 9.98916972e-01 1.73281591e-04]]
[[1.81543060e-03 9.98917339e-01 9.98917335e-01 1.78766266e-04]]
[[0.00218634 0.99827886 0.99827886 0.00238723]]
[[1.81566788e-03 9.98917307e-01 9.98917282e-01 1.77690292e-04]]
[[0.00123942 0.99838205 0.99808314 0.00153618]]
[[1.81695627e-03 9.98916994e-01 9.98916864e-01 1.73365584e-04]]
[[1.81576960e-03 9.98917275e-01 9.98917275e-01 1.77248028e-04]]
[[1.81683913e-03 9.98917021e-01 9.98916893e-01 1.73826342e-04]]
[[0.00216772 0.99829304 0.9982931  0.00236727]]
[[0.00123912 0.99838218 0.99808315 0.00153628]]
[[1.81551783e-03 9.98917307e-01 9.98917346e-01 1.78312475e-04]]
[[0.00123778 0.99838286 0.99808336 0.00153656]]
[[1.81677793e-03 9.98917048e-01 9.98917003e-01 1.73447763e-04]]
[[0.00124031 0.99838124 0.99808237 0.00153645]]
[[0.00291305 0.99791711 0.99781001 0.00202849]]
[[1.81396016e-03 9.98917824e-01 9.98917728e-01 1.83333633e-04]]
[[0.00291271 0.99791734 0.99781028 0.00202822]]
[[0.00217477 0.99828772 0.99828775 0.00237477]]
[[0.00123812 0.99838272 0.99808335 0.00153646]]
[[1.81700146e-03 9.98916818e-01 9.98917030e-01 1.73145298e-04]]
[[0.00291288 0.99781014 0.99791722 0.00202836]]
[[1.81554729e-03 9.98917313e-01 9.98917336e-01 1.78139437e-04]]
[[1.81511447e-03 9.98917370e-01 9.98917418e-01 1.80150710e-04]]
[[1.81655694e-03 9.98916998e-01 9.98917081e-01 1.74750648e-04]]
[[1.81583986e-03 9.98917235e-01 9.98917252e-01 1.77145002e-04]]
[[1.81630922e-03 9.98917042e-01 9.98917106e-01 1.75975758e-04]]
[[0.00123958 0.99808288 0.99838184 0.00153635]]
[[0.00123995 0.99838172 0.99808295 0.00153614]]
[[0.00216768 0.99829308 0.99829311 0.00236723]]
[[1.81598818e-03 9.98917211e-01 9.98917153e-01 1.76879441e-04]]
[[0.00124046 0.99808203 0.99838098 0.00153665]]
[[0.00291201 0.99781058 0.99791786 0.00202809]]
[[1.81559595e-03 9.98917301e-01 9.98917324e-01 1.77959687e-04]]
[[0.00291155 0.99781066 0.99791821 0.00202818]]
[[0.00217386 0.9982884  0.9982884  0.00237382]]
[[0.00216867 0.99829236 0.99829235 0.00236827]]
[[0.00216928 0.99829189 0.9982919  0.00236892]]
[[1.81592081e-03 9.98917217e-01 9.98917203e-01 1.76988663e-04]]
[[0.00216774 0.99829308 0.99829302 0.00236729]]
[[0.00123957 0.9983819  0.99808299 0.00153628]]
[[0.00217207 0.99828977 0.9982898  0.00237189]]
[[0.00217132 0.99829037 0.99829034 0.00237108]]
[[1.81617080e-03 9.98917120e-01 9.98917076e-01 1.76610652e-04]]
[[1.81571336e-03 9.98917269e-01 9.98917234e-01 1.77879498e-04]]
[[0.00217002 0.99829137 0.99829132 0.0023697 ]]
[[0.00217675 0.99828622 0.99828622 0.00237689]]
[[1.81522294e-03 9.98917406e-01 9.98917377e-01 1.79493248e-04]]
[[1.81624389e-03 9.98917193e-01 9.98917106e-01 1.75563742e-04]]
[[0.00124086 0.99838021 0.99808099 0.00153728]]
[[0.00291307 0.99791709 0.99781003 0.00202844]]
[[9.94760783e-05 9.96406477e-01 9.96406476e-01 4.90213667e-03]]
[[0.00123931 0.99808318 0.99838212 0.00153618]]
[[1.81747538e-03 9.98916939e-01 9.98916671e-01 1.71344599e-04]]
[[0.00216808 0.9982928  0.99829281 0.00236765]]
[[0.00123937 0.99838207 0.99808314 0.00153619]]
[[1.81480023e-03 9.98917506e-01 9.98917551e-01 1.80701625e-04]]
[[1.81640813e-03 9.98917053e-01 9.98917146e-01 1.75046042e-04]]
[[0.00216907 0.99829207 0.99829204 0.00236869]]
[[0.00123994 0.99838173 0.99808294 0.00153613]]
[[0.00216822 0.99829268 0.99829271 0.0023678 ]]
[[7.29942868e-05 9.96405940e-01 9.96405959e-01 4.90311053e-03]]
[[1.81612211e-03 9.98917199e-01 9.98917169e-01 1.75965971e-04]]
[[0.00123914 0.99838218 0.99808316 0.00153626]]
[[0.00291271 0.99781028 0.99791734 0.00202823]]
[[1.81783580e-03 9.98916937e-01 9.98916573e-01 1.69504349e-04]]
[[0.0029126  0.99791744 0.9978103  0.00202825]]
[[1.81487649e-03 9.98917519e-01 9.98917497e-01 1.80425747e-04]]
[[0.00216082 0.99829816 0.99829819 0.00236006]]
[[1.81505316e-03 9.98917365e-01 9.98917419e-01 1.80561983e-04]]
[[0.001239   0.99838224 0.99808316 0.00153631]]
[[1.81604636e-03 9.98917204e-01 9.98917201e-01 1.76250956e-04]]
[[0.00124059 0.99838115 0.99808243 0.0015363 ]]
[[0.0029129  0.99781011 0.99791722 0.0020284 ]]
[[8.33848657e-05 9.96406061e-01 9.96406083e-01 4.90285350e-03]]
[[7.54130019e-04 4.99998684e-01 9.99252006e-01 5.00000898e-01]]
[[0.00123991 0.99808304 0.99838178 0.0015361 ]]
[[1.81673001e-03 9.98917035e-01 9.98916937e-01 1.74212259e-04]]
[[0.00124045 0.99808207 0.99838101 0.00153664]]
[[0.00216874 0.99829231 0.9982923  0.00236835]]
[[9.33819366e-05 9.96406383e-01 9.96406379e-01 4.90233244e-03]]
[[0.00291316 0.99791703 0.99781005 0.00202838]]
[[0.00291331 0.99791693 0.99780995 0.00202845]]
[[0.00216904 0.99829207 0.99829209 0.00236866]]
[[0.00123954 0.99808307 0.99838197 0.00153617]]
[[1.81562691e-03 9.98917332e-01 9.98917285e-01 1.77798633e-04]]
[[0.00217269 0.99828931 0.99828931 0.00237255]]
[[1.81385784e-03 9.98917688e-01 9.98917821e-01 1.84207960e-04]]
[[0.0021711  0.99829052 0.99829053 0.00237085]]
[[1.81637872e-03 9.98917090e-01 9.98917131e-01 1.75110837e-04]]
[[0.00291272 0.99781025 0.99791734 0.00202827]]
[[0.00291222 0.9978105  0.9979177  0.00202811]]
[[1.81709959e-03 9.98916740e-01 9.98916879e-01 1.73760648e-04]]
[[0.00216731 0.99829339 0.99829336 0.00236684]]
[[1.81754777e-03 9.98916666e-01 9.98916941e-01 1.70876862e-04]]
[[0.00291303 0.99781011 0.99791712 0.00202834]]
[[0.00291382 0.99791657 0.99780965 0.00202868]]
[[0.00291476 0.9979159  0.9978091  0.00202909]]
[[0.00123984 0.99838175 0.99808289 0.00153621]]
[[0.00124049 0.99838061 0.99808141 0.00153709]]
[[0.00291295 0.99781011 0.99791718 0.00202837]]
[[1.81459398e-03 9.98917526e-01 9.98917667e-01 1.81253679e-04]]
[[0.00123978 0.99808292 0.99838176 0.00153628]]
[[1.81813232e-03 9.98916830e-01 9.98916384e-01 1.69217511e-04]]
[[1.81652621e-03 9.98917088e-01 9.98917083e-01 1.74428431e-04]]
[[0.00291311 0.99781004 0.99791706 0.00202841]]
[[0.00291357 0.99780979 0.99791674 0.00202858]]
[[1.81436095e-03 9.98917600e-01 9.98917704e-01 1.82135175e-04]]
[[1.81660634e-03 9.98916987e-01 9.98917097e-01 1.74405486e-04]]
[[0.0012391  0.99838223 0.99808321 0.00153623]]
[[0.00124112 0.99837992 0.99808069 0.00153742]]
[[1.81518836e-03 9.98917391e-01 9.98917446e-01 1.79418925e-04]]
[[1.81562406e-03 9.98917295e-01 9.98917270e-01 1.78100138e-04]]
[[0.00291206 0.99791782 0.99781048 0.00202822]]
[[0.00217159 0.99829017 0.99829014 0.00237137]]
[[0.00291302 0.99791713 0.99781012 0.00202833]]
[[0.00123923 0.99838204 0.998083   0.00153638]]
[[0.00216719 0.99829353 0.99829342 0.0023667 ]]
[[1.81537577e-03 9.98917368e-01 9.98917377e-01 1.78719786e-04]]
[[0.0021736  0.99828863 0.9982886  0.00237353]]
[[0.00291256 0.99791746 0.9978103  0.00202827]]
[[0.00123967 0.99808311 0.99838192 0.00153612]]
[[0.00291129 0.99791842 0.99781064 0.00202835]]
[[0.00217131 0.9982904  0.99829034 0.00237107]]
[[0.00124014 0.99808275 0.99838153 0.00153622]]
[[0.00216871 0.99829231 0.99829234 0.00236832]]
[[0.00291258 0.99791744 0.99781022 0.00202838]]
[[0.00124066 0.99808184 0.99838078 0.00153675]]
[[0.00123846 0.99838252 0.99808324 0.00153642]]
[[1.81619065e-03 9.98917176e-01 9.98917117e-01 1.75945845e-04]]
[[0.00123933 0.99838209 0.99808314 0.00153621]]
[[1.81463390e-03 9.98917580e-01 9.98917542e-01 1.81399211e-04]]
[[0.00123983 0.99838184 0.99808306 0.00153608]]
[[0.00123577 0.99808353 0.99838379 0.0015371 ]]
[[0.00291289 0.99791722 0.99781016 0.00202832]]
[[0.0012402  0.99838159 0.99808291 0.00153609]]
[[1.81272753e-03 9.98918114e-01 9.98918271e-01 1.86582992e-04]]
[[1.81570944e-03 9.98917268e-01 9.98917253e-01 1.77794653e-04]]
[[0.00123975 0.99808235 0.99838148 0.00153666]]
[[0.00124075 0.9983806  0.9980816  0.00153687]]
[[0.00124017 0.99808179 0.99838098 0.00153694]]
[[0.0021673  0.99829339 0.99829337 0.00236683]]
[[1.81655015e-03 9.98917082e-01 9.98917049e-01 1.74494942e-04]]
[[0.00124119 0.99838106 0.99808275 0.00153591]]
[[0.00216818 0.99829273 0.99829272 0.00236775]]
[[1.81682077e-03 9.98917053e-01 9.98916875e-01 1.73872531e-04]]
[[0.00291244 0.99791754 0.99781037 0.00202821]]
[[0.00216984 0.99829148 0.99829147 0.00236951]]
[[9.54636550e-05 9.96406441e-01 9.96406441e-01 4.90222828e-03]]
[[0.00291438 0.99780942 0.99791618 0.00202878]]
[[1.81605699e-03 9.98917175e-01 9.98917176e-01 1.76490614e-04]]
[[0.00291286 0.99781005 0.99791725 0.00202851]]
[[1.81309930e-03 9.98918136e-01 9.98917999e-01 1.85606261e-04]]
[[1.81487158e-03 9.98917506e-01 9.98917453e-01 1.80762982e-04]]
[[1.81609181e-03 9.98917159e-01 9.98917187e-01 1.76290476e-04]]
[[0.00217409 0.99828826 0.99828825 0.00237404]]
[[0.00291116 0.99781077 0.99791852 0.00202821]]
[[0.00216742 0.99829332 0.99829327 0.00236695]]
[[0.00291252 0.99791748 0.99781036 0.00202819]]
[[0.0029117  0.9979181  0.99781064 0.00202814]]
[[1.81653492e-03 9.98917124e-01 9.98917030e-01 1.74477572e-04]]
[[1.81645930e-03 9.98917028e-01 9.98917127e-01 1.74964646e-04]]
[[0.00291304 0.99791712 0.99781004 0.00202844]]
[[1.81630882e-03 9.98917126e-01 9.98917077e-01 1.75665875e-04]]
[[1.81472085e-03 9.98917497e-01 9.98917595e-01 1.81009747e-04]]
[[0.0021649  0.99829519 0.99829514 0.00236431]]
[[1.81506828e-03 9.98917433e-01 9.98917471e-01 1.79811161e-04]]
[[0.00291376 0.99780967 0.9979166  0.00202869]]
[[0.00123907 0.99838221 0.99808316 0.00153629]]
[[0.00124004 0.99838173 0.99808304 0.00153603]]
[[0.00123874 0.99838239 0.99808325 0.00153633]]
[[0.00123963 0.99808313 0.99838195 0.00153612]]
[[0.00216997 0.99829139 0.99829137 0.00236965]]
[[1.81656563e-03 9.98916999e-01 9.98917089e-01 1.74648054e-04]]
[[0.00291221 0.99791772 0.99781037 0.00202832]]
[[9.08613031e-05 9.96406261e-01 9.96406256e-01 4.90252534e-03]]
[[0.0021685  0.99829248 0.99829248 0.00236809]]
[[0.00217385 0.99828843 0.99828844 0.00237379]]
[[0.00123942 0.99838208 0.9980832  0.00153612]]
[[9.66314415e-05 9.96406417e-01 9.96406417e-01 4.90224916e-03]]
[[0.00291037 0.99781063 0.99791921 0.00202886]]
[[1.81668868e-03 9.98916989e-01 9.98917097e-01 1.73848167e-04]]
[[0.0012403  0.99808284 0.99838151 0.00153608]]
[[0.00124047 0.998083   0.99838153 0.0015359 ]]
[[0.00291103 0.99791866 0.99781054 0.00202864]]
[[0.00291262 0.99791741 0.99781031 0.00202822]]
[[0.00123936 0.99808284 0.99838191 0.00153646]]
[[1.81674414e-03 9.98917084e-01 9.98916933e-01 1.73875672e-04]]
[[1.81652258e-03 9.98917000e-01 9.98917131e-01 1.74698194e-04]]
[[0.00291307 0.99781004 0.99791709 0.00202843]]
[[1.81551360e-03 9.98917345e-01 9.98917316e-01 1.78286179e-04]]
[[0.00123906 0.99838221 0.99808318 0.00153628]]
[[0.0029121  0.99781054 0.99791778 0.0020281 ]]
[[0.00123822 0.99838264 0.99808331 0.00153647]]
[[0.00291178 0.99781059 0.99791804 0.00202818]]
[[0.0021597  0.99829905 0.99829894 0.0023589 ]]
[[0.00123916 0.99808322 0.9983822  0.00153621]]
[[1.81433660e-03 9.98917673e-01 9.98917650e-01 1.82200702e-04]]
[[0.00291196 0.9979179  0.99781055 0.00202817]]
[[1.81815698e-03 9.98916353e-01 9.98916778e-01 1.69530998e-04]]
[[1.81675644e-03 9.98916865e-01 9.98917054e-01 1.74365404e-04]]
[[0.00124023 0.99838135 0.99808251 0.00153638]]
[[1.81608678e-03 9.98917159e-01 9.98917203e-01 1.76238725e-04]]
[[0.0012413  0.99808287 0.99838108 0.00153574]]
[[1.81576047e-03 9.98917241e-01 9.98917219e-01 1.77800387e-04]]
[[0.00291347 0.99791681 0.99780985 0.00202853]]
[[1.81609132e-03 9.98917169e-01 9.98917163e-01 1.76368503e-04]]
[[0.00291222 0.9978105  0.99791769 0.00202811]]
[[0.00291316 0.99780999 0.99791703 0.00202846]]
[[0.00291334 0.99791691 0.99780992 0.00202849]]
[[1.81628046e-03 9.98917120e-01 9.98917098e-01 1.75770833e-04]]
[[0.00291268 0.99791736 0.9978103  0.00202821]]
[[1.81665097e-03 9.98916953e-01 9.98917085e-01 1.74368830e-04]]
[[1.81583604e-03 9.98917229e-01 9.98917254e-01 1.77195975e-04]]
[[0.00291262 0.99791743 0.9978102  0.00202839]]
[[0.00217137 0.99829033 0.99829032 0.00237113]]
[[0.00123713 0.99808343 0.99838316 0.00153673]]
[[0.00291291 0.99781017 0.99791721 0.0020283 ]]
[[0.00291287 0.99781018 0.99791725 0.00202831]]
[[0.0021621  0.99829721 0.99829726 0.00236139]]
[[0.00123848 0.99808315 0.99838243 0.00153654]]
[[0.00291204 0.99791785 0.99781047 0.00202825]]
[[0.00123984 0.99808309 0.99838185 0.00153605]]
[[0.00217334 0.99828881 0.99828883 0.00237324]]
[[0.00291299 0.99781008 0.99791715 0.0020284 ]]
[[0.00216528 0.99829489 0.9982949  0.00236469]]
[[1.81443612e-03 9.98917570e-01 9.98917695e-01 1.81870664e-04]]
[[0.00123949 0.99808313 0.99838202 0.00153616]]
[[5.48903681e-05 9.96405587e-01 9.96405585e-01 4.90373381e-03]]
[[0.00124074 0.99838089 0.99808209 0.00153654]]
[[0.00216609 0.99829429 0.99829429 0.00236555]]
[[0.00123995 0.99808306 0.99838178 0.00153606]]
[[1.81561502e-03 9.98917282e-01 9.98917283e-01 1.78173650e-04]]
[[0.00124105 0.99808109 0.99838017 0.00153716]]
[[0.0029123  0.99791765 0.99781048 0.00202811]]
[[0.00123932 0.99808304 0.99838204 0.00153632]]
[[0.00124003 0.99808309 0.99838176 0.00153599]]
[[0.00291268 0.99781018 0.99791737 0.0020284 ]]
[[0.0021743  0.99828815 0.99828806 0.00237426]]
[[0.00216413 0.99829573 0.99829575 0.0023635 ]]
[[0.00123959 0.99838192 0.99808303 0.00153619]]
[[0.00124024 0.99838157 0.99808292 0.00153609]]
[[0.00123938 0.9980831  0.99838205 0.0015362 ]]
[[1.81596566e-03 9.98917218e-01 9.98917223e-01 1.76581934e-04]]
[[0.00124047 0.99838099 0.99808205 0.00153665]]
[[0.00123934 0.99808317 0.9983821  0.00153618]]
[[1.81662949e-03 9.98917038e-01 9.98916998e-01 1.74508197e-04]]
[[7.38115687e-05 9.96405958e-01 9.96405956e-01 4.90309270e-03]]
[[0.00216994 0.9982914  0.99829139 0.00236962]]
[[0.00291392 0.99780969 0.99791649 0.00202858]]
[[0.00123729 0.99838304 0.99808333 0.00153678]]
[[0.00123918 0.99808317 0.99838217 0.00153623]]
[[0.0021687  0.99829234 0.99829233 0.0023683 ]]
[[0.00123857 0.99808317 0.99838241 0.00153646]]
[[0.00217602 0.99828678 0.99828678 0.00237611]]
[[0.00123885 0.99838235 0.99808323 0.00153629]]
[[0.00124155 0.99808293 0.998381   0.00153559]]
[[0.00291291 0.99781016 0.9979172  0.00202832]]
[[0.00123873 0.99838235 0.99808316 0.00153641]]
[[0.00291365 0.99780977 0.99791669 0.00202858]]
[[1.81504481e-03 9.98917425e-01 9.98917486e-01 1.79931874e-04]]
[[0.00124091 0.99808199 0.99838075 0.00153655]]
[[1.81641541e-03 9.98917032e-01 9.98917088e-01 1.75438406e-04]]
[[0.0012398  0.99838187 0.99808311 0.00153606]]
[[1.81533352e-03 9.98917394e-01 9.98917365e-01 1.78919916e-04]]
[[1.81624332e-03 9.98917196e-01 9.98917047e-01 1.75920654e-04]]
[[1.81445645e-03 9.98917699e-01 9.98917572e-01 1.81705170e-04]]
[[0.00123792 0.99838265 0.99808313 0.00153673]]
[[0.00123945 0.99838199 0.99808304 0.00153626]]
[[1.81500303e-03 9.98917418e-01 9.98917506e-01 1.80121051e-04]]
[[0.00217145 0.99829025 0.99829026 0.00237122]]
[[1.81560475e-03 9.98917325e-01 9.98917295e-01 1.77925296e-04]]
[[0.00217028 0.99829114 0.99829115 0.00236998]]
[[1.81624487e-03 9.98917070e-01 9.98917202e-01 1.75730244e-04]]
[[0.00291202 0.99781056 0.99791785 0.00202811]]
[[1.81517647e-03 9.98917379e-01 9.98917445e-01 1.79560252e-04]]
[[1.81645719e-03 9.98917056e-01 9.98917136e-01 1.74766423e-04]]
[[9.95188197e-05 9.96406516e-01 9.96406515e-01 4.90208278e-03]]
[[1.81067778e-03 9.98918792e-01 9.98919043e-01 1.91498968e-04]]
[[0.0012402  0.99838167 0.99808304 0.00153598]]
[[0.0012405  0.99808211 0.99838101 0.00153659]]
[[0.00217537 0.99828727 0.99828728 0.00237542]]
[[1.81605203e-03 9.98917125e-01 9.98917201e-01 1.76670477e-04]]
[[0.00216761 0.99829314 0.99829316 0.00236715]]
[[0.00124089 0.9980813  0.99838037 0.00153707]]
[[0.00291012 0.99791941 0.99781069 0.00202889]]
[[0.0012406  0.99838098 0.99808214 0.00153654]]
[[1.81517077e-03 9.98917405e-01 9.98917450e-01 1.79425064e-04]]
[[1.81569094e-03 9.98917291e-01 9.98917295e-01 1.77553690e-04]]
[[1.81706356e-03 9.98916786e-01 9.98917002e-01 1.73071072e-04]]
[[1.81475397e-03 9.98917568e-01 9.98917509e-01 1.80880565e-04]]
[[1.81560181e-03 9.98917265e-01 9.98917315e-01 1.78165890e-04]]
[[1.81691530e-03 9.98916957e-01 9.98916855e-01 1.73883541e-04]]
[[0.00123947 0.99808308 0.99838199 0.00153623]]
[[0.00123947 0.99808304 0.99838196 0.00153627]]
[[0.00217044 0.99829102 0.99829101 0.00237016]]
[[0.00124063 0.99808128 0.99838048 0.00153716]]
[[1.81661712e-03 9.98917091e-01 9.98916983e-01 1.74380072e-04]]
[[0.00291358 0.99791673 0.99780981 0.00202854]]
[[0.00291301 0.9978101  0.99791713 0.00202837]]
[[1.04316754e-04 9.96406548e-01 9.96406547e-01 4.90198463e-03]]
[[1.81685428e-03 9.98916908e-01 9.98917033e-01 1.73564882e-04]]
[[0.00291254 0.99791748 0.99781031 0.00202826]]
[[0.00123884 0.99808319 0.99838232 0.00153635]]
[[0.00291366 0.99791668 0.99780977 0.00202857]]
[[8.20874312e-05 9.96406168e-01 9.96406164e-01 4.90273594e-03]]
[[9.77056569e-05 9.96406497e-01 9.96406498e-01 4.90212742e-03]]
[[1.81521262e-03 9.98917431e-01 9.98917403e-01 1.79273719e-04]]
[[1.81693146e-03 9.98916893e-01 9.98916917e-01 1.73781602e-04]]
[[0.00217383 0.9982885  0.99828844 0.00237375]]
[[0.00482844 0.95262898 0.95262898 0.51233292]]
[[1.81379289e-03 9.98917788e-01 9.98917848e-01 1.83949252e-04]]
[[0.0012406  0.99838104 0.99808225 0.00153643]]
[[1.81647306e-03 9.98917102e-01 9.98917037e-01 1.74964369e-04]]
[[0.00124063 0.9980822  0.998381   0.00153646]]
[[1.81584289e-03 9.98917246e-01 9.98917227e-01 1.77195653e-04]]
[[8.54175440e-04 9.99310204e-01 4.99998709e-01 5.00000923e-01]]
[[1.81757105e-03 9.98916432e-01 9.98916973e-01 1.72044082e-04]]
[[0.00123909 0.9983822  0.99808315 0.00153627]]
[[0.00123975 0.99808318 0.99838194 0.00153602]]
[[0.00216811 0.99829277 0.99829278 0.00236768]]
[[0.00123908 0.9983822  0.99808316 0.00153628]]
[[0.00123808 0.99808336 0.99838273 0.00153646]]
[[0.00124052 0.99838098 0.99808208 0.00153661]]
[[1.81538075e-03 9.98917353e-01 9.98917374e-01 1.78784349e-04]]
[[1.81569669e-03 9.98917298e-01 9.98917283e-01 1.77548079e-04]]
[[0.00218374 0.99828086 0.99828087 0.00238442]]
[[1.81303513e-03 9.98917985e-01 9.98918163e-01 1.85945950e-04]]
[[0.00216238 0.99829701 0.99829706 0.00236168]]
[[0.00291079 0.99791883 0.99781075 0.00202843]]
[[0.00291333 0.99780998 0.99791691 0.0020284 ]]
[[0.00123824 0.99808319 0.99838258 0.00153657]]
[[1.81534337e-03 9.98917360e-01 9.98917408e-01 1.78789305e-04]]
[[1.38660710e-04 9.96407171e-01 9.96407170e-01 4.90067098e-03]]
[[0.00291326 0.99780996 0.99791696 0.00202847]]
[[0.00216643 0.99829404 0.99829404 0.0023659 ]]
[[1.81571081e-03 9.98917280e-01 9.98917286e-01 1.77542203e-04]]
[[0.00291206 0.99791782 0.99781051 0.00202817]]
[[1.81289365e-03 9.98918053e-01 9.98918209e-01 1.86206846e-04]]
[[0.00291201 0.9978105  0.99791786 0.00202822]]
[[0.00217223 0.99828966 0.99828968 0.00237205]]
[[0.00216811 0.99829279 0.99829275 0.00236769]]
[[1.81438840e-03 9.98917607e-01 9.98917690e-01 1.82026733e-04]]
[[0.0021679  0.99829292 0.99829294 0.00236747]]
[[1.81672522e-03 9.98917090e-01 9.98916989e-01 1.73636696e-04]]
[[1.81697737e-03 9.98916949e-01 9.98916961e-01 1.72926592e-04]]
[[0.00291399 0.99780958 0.99791644 0.0020287 ]]
[[0.00123928 0.99808317 0.99838212 0.0015362 ]]
[[0.00291289 0.99791722 0.99781021 0.00202825]]
[[0.00216924 0.99829194 0.99829192 0.00236887]]
[[0.00291251 0.99791749 0.99781033 0.00202824]]
[[0.00124043 0.99838152 0.99808296 0.00153598]]
[[7.19815542e-05 9.96405628e-01 9.96405629e-01 4.90355660e-03]]
[[0.00123926 0.99808317 0.99838214 0.0015362 ]]
[[0.00123844 0.99808325 0.99838253 0.00153643]]
[[0.00123698 0.99808341 0.99838321 0.00153679]]
[[1.16602125e-04 9.96406687e-01 9.96406687e-01 4.90164427e-03]]
[[0.00291374 0.99780962 0.99791662 0.00202876]]
[[1.81623839e-03 9.98917008e-01 9.98916961e-01 1.77417782e-04]]
[[1.81398712e-03 9.98917798e-01 9.98917716e-01 1.83365113e-04]]
[[0.00123978 0.99808309 0.99838187 0.00153608]]
[[1.81636349e-03 9.98917134e-01 9.98917130e-01 1.74973229e-04]]
[[6.14498070e-05 9.96405662e-01 9.96405665e-01 4.90358630e-03]]
[[0.0029124  0.9978104  0.99791758 0.00202818]]
[[0.00123942 0.99838207 0.99808317 0.00153614]]
[[0.00217439 0.99828803 0.99828802 0.00237436]]
[[1.81570484e-03 9.98917234e-01 9.98917262e-01 1.77964038e-04]]
[[0.00123963 0.99808311 0.99838195 0.00153612]]
[[0.0012392  0.99808312 0.99838213 0.00153628]]
[[0.00291205 0.99781054 0.99791783 0.00202813]]
[[1.81688674e-03 9.98916982e-01 9.98916918e-01 1.73582784e-04]]
[[0.0012395  0.99808298 0.99838193 0.00153629]]
