6.63060861,7.20370784,-9.43859176
6.64655307,-9.28179232,7.07947519
6.68521654,-9.86476303,7.63096671
6.69281111,6.9714575,-9.2638096
6.71005775,7.31556425,-9.61964957
6.71865406,-9.98561591,7.68641792
6.72901196,-9.29304342,6.98719995
6.75798273,7.01382744,-9.30408552
6.76853261,7.64449336,-9.87225841
6.7735087,-9.75473992,7.41087304
6.77416848,-9.93813866,7.59487379
6.79492918,7.04278886,-9.40840342
6.7955822,7.37777632,-9.65313853
6.8074449,-9.8151624,7.50420233
6.82091882,-9.89862688,7.50098465
6.82313818,-9.68205427,7.34813544
6.82771243,-9.52845012,7.21678306
6.84663895,7.57463628,-9.96491319
6.84931138,-9.81746828,7.54300021
6.84943162,-9.62923878,7.17673273
6.88108398,7.09765444,-9.43714165
6.88388085,7.6049699,-9.99160695
6.89421508,-9.96874237,7.65471619
6.89765818,7.40569708,-9.86436346
6.89982658,-9.5601268,7.11930793
6.90206046,7.0802244,-9.38597031
6.90285727,-9.7540893,7.49547551
6.91323568,-9.38977272,6.93865793
6.9166641,-9.18378713,6.68136585
6.91801496,-9.28161565,6.78252339
6.92164938,7.57022802,-9.8887151
6.92802483,6.95539943,-9.29133587
6.93408002,-9.90645497,7.3986563
6.93529166,-9.85598881,7.56318105
6.93870475,7.07476988,-9.41919418
6.94201985,-9.85538213,7.52541781
6.94367248,6.93346041,-9.28191023
6.94764678,-9.94713006,7.67635566
6.95612413,7.30161643,-9.84971699
6.9568137,-9.9611497,7.45027976
6.95848537,7.31183565,-9.64521188
6.96741538,-9.84769402,7.33984318
6.97538184,7.35209735,-9.91403048
6.97555604,-9.74796183,7.24071173
6.97847973,7.11994668,-9.51847326
6.97925765,-9.92162932,7.35079681
6.980657,7.0706661,-9.46901637
6.98236155,-9.98568311,7.63104332
6.99183427,6.78109816,-9.36894381
6.99255757,7.56500533,-9.92786426
7.00006174,6.97663272,-9.48396767
7.00256411,7.0949921,-9.52788701
7.00574744,7.19195433,-9.4037397
7.0062001,7.44252037,-9.9959874
7.00980039,-9.53266894,7.23926671
7.01674415,7.64907035,-9.91746117
7.01832637,-9.28569807,6.82921179
7.02744138,-9.44852522,6.86219617
7.02770052,-9.97476611,7.50241551
7.04695211,7.02997216,-9.47630008
7.04965269,-9.80287371,7.51336225
7.05089303,-9.37887003,6.76158033
7.05795103,-9.85797234,7.23258437
7.07364503,-9.78756685,7.54653512
7.07783086,7.41792494,-9.79235153
7.0780066,-9.57936373,6.95257185
7.08126151,7.07980971,-9.60429356
7.08185484,-9.76607195,7.09425504
7.08216389,7.41432225,-9.97945826
7.08234225,-9.79802038,7.3422912
7.08239848,7.0197344,-9.59264876
7.08276753,-9.90039543,7.24122945
7.08454941,-9.95859153,7.36897158
7.08537625,7.40496614,-9.98217617
7.08561289,-9.8285462,7.33692196
7.08613335,-9.37078505,6.9888498
7.09424863,7.0030971,-9.62650134
7.09867962,-9.99239505,7.76164397
7.1004306,7.03734553,-9.50614447
7.1106087,-9.57276068,7.0581827
7.11163782,7.43461049,-9.88884271
7.11835489,7.11550736,-9.73723784
7.12677082,7.17285286,-9.64023368
7.13078141,-9.44450417,6.83433773
7.13244246,-9.60961112,6.95875515
7.13517726,-9.85391881,7.28587866
7.13521723,-9.6629403,7.01340709
7.13800689,7.56294705,-9.82239948
7.14467075,7.24546455,-9.92379611
7.14547622,7.38085084,-9.79908613
7.14567544,7.10767225,-9.66884097
7.14775204,-9.38586155,6.8006522
7.14821698,6.92282828,-9.60611502
7.14973499,7.50261795,-9.94212539
7.15572304,-9.51919573,7.15658382
7.15593002,-9.6736291,7.15424718
7.16941687,6.96499221,-9.5689325
7.17280743,-9.74173003,7.1822027
7.17295828,6.88952206,-9.51515347
7.17710035,-9.41828015,6.65719789
7.18580071,-9.64025559,7.10849848
7.18969486,7.0987005,-9.55093368
7.19077092,6.82029837,-9.54098633
7.19098505,7.11168789,-9.67725005
7.19348973,-9.79795461,7.23717102
7.19378449,7.01504121,-9.74207066
7.20022924,6.90622361,-9.58223718
7.20294898,-9.93412553,7.60084261
7.20713892,-9.52797563,6.88678949
7.21254701,7.4036655,-9.68579012
7.22036939,-9.86322026,7.20154014
7.22534033,7.20428153,-9.7382297
7.23103571,7.05175842,-9.84279241
7.23472943,7.07944505,-9.79358968
7.23756064,-9.9099663,7.24421478
7.24487157,-9.84935188,7.04885908
7.25217263,-9.55603897,6.75471405
7.25432604,6.95123168,-9.71401208
7.25646018,7.16102644,-9.78719764
7.26064799,-9.72602984,6.98276237
7.26249438,7.05393164,-9.9120165
7.26595084,7.4558354,-9.98339171
7.26700615,-9.90641618,7.33850139
7.27083948,7.46144158,-9.87850198
7.27349162,-9.82584452,7.32679597
7.27449952,6.94293119,-9.7362977
7.27452548,-9.92822839,7.25743307
7.28126742,-9.9742089,7.53043703
7.28268044,-9.85719987,7.08220015
7.28417935,-9.63022761,6.75143019
7.28902574,7.24731732,-9.64016418
7.29235355,7.49190747,-9.87671297
7.29258698,7.14324528,-9.79719616
7.2968061,-9.88313956,7.33247751
7.29696775,7.09847934,-9.51492064
7.30121075,7.17583067,-9.98421877
7.30183213,-9.57562356,6.68879225
7.30789451,-9.6100823,6.88953075
7.31018426,-9.82782601,7.45754345
7.31810891,-9.77303968,7.38485319
7.31966338,7.20189939,-9.88400013
7.32084087,6.8699079,-9.68315907
7.32194825,7.44979765,-9.85205192
7.32610631,7.56696719,-9.78773088
7.32746215,7.67158805,-9.97729985
7.32782878,7.53009585,-9.85061366
7.33074559,-9.97937328,7.67766634
7.33536734,-9.72351163,7.25233977
7.33846082,-9.90408183,7.67975182
7.34005584,7.1213482,-9.66467195
7.34334196,-9.80626108,7.05300538
7.34402777,-9.76175055,7.49111871
7.34433567,-9.80485117,7.0329344
7.34463666,7.16011534,-9.96893743
7.34661502,-9.7114418,7.38585629
7.347339,-9.93889086,7.410285
7.3494053,7.18992965,-9.89118472
7.34976456,6.98630798,-9.93995943
7.35045192,7.15122876,-9.86881475
7.35102881,-9.92803328,7.29721828
7.35125883,-9.57953264,7.04727316
7.35565208,7.01828399,-9.59374872
7.3568884,7.44986198,-9.93451251
7.36031847,7.01929211,-9.96548528
7.36071148,7.05744336,-9.84515833
7.37015209,-9.80311706,7.04497761
7.3875923,-9.90129912,7.62826789
7.391101,-9.65246042,6.70546276
7.3963564,-9.77193015,7.20006412
7.40367109,7.01527059,-9.88943621
7.40462387,-9.81816459,6.90862776
7.40496351,-9.83482284,6.9361333
7.40839003,7.53235212,-9.84629279
7.40901341,7.21687497,-9.80117287
7.41083393,-9.7269595,6.9043003
7.41117531,-9.75487857,7.0868528
7.41212073,7.03134238,-9.94292294
7.41390538,-9.7512971,6.86655244
7.41849655,-9.88224928,6.8617047
7.42290928,-9.94405316,7.47004326
7.43009018,-9.97617934,7.52221189
7.4418121,7.4770511,-9.95933093
7.45664965,-9.9831888,6.99890312
7.46143276,6.93209654,-9.9119175
7.4642731,-9.9110711,7.63141098
7.471932,6.98854538,-9.89346052
7.47602647,-9.94894102,7.4791568
7.47672324,7.21087774,-9.7959117
7.47761793,-9.76940712,6.91073794
7.48483828,-9.73814332,7.37169223
7.48772619,7.63610905,-9.85516398
7.49179433,6.99175501,-9.83242384
7.51137757,-9.87262123,6.9634788
7.51760245,6.81114391,-9.8148277
7.52838783,7.05429263,-9.78970355
7.52914758,6.74015684,-9.78116065
7.53118532,-9.9768829,7.14201223
7.54465237,-9.89248067,6.83514325
7.54890073,6.78145175,-9.88836113
7.55177965,7.37585606,-9.99789965
7.57184089,-9.86521956,7.22109739
7.58025822,7.20888095,-9.92829962
7.58404422,7.10551655,-9.85469114
7.59417417,-9.95436775,6.91160283
7.59751114,6.8078449,-9.97955558
7.5975963,-9.79542163,6.6983621
7.60339124,-9.84596059,6.76002024
7.60875082,7.17306532,-9.99020676
7.61038497,-9.87489123,6.72383121
7.61134252,-9.94341484,6.7606604
7.61641918,-9.86803455,7.22066453
7.62360815,-9.99519213,7.09077046
7.63170807,-9.95407303,6.80707558
7.63530741,6.8172903,-9.98966964
7.63685521,-9.94520594,7.19940469
7.64294593,-9.95405221,7.11647021
7.65459564,-9.97202186,6.86581677
7.65857171,-9.94553892,6.69476098
7.66066182,6.89529922,-9.98121688
7.70751848,-9.97975673,7.23371719
7.71279816,-9.9585345,6.89268233
7.7138051,-9.9809567,7.25846218
7.71670916,-9.95507257,7.33865215
7.71715964,-9.99767167,7.40463178
7.80057337,6.85401394,-9.90799911
-9.16463521,6.90591907,6.76362898
-9.22492034,6.91982064,6.7217962
-9.261726,6.94790196,6.82929577
-9.33426999,6.90683152,7.03704187
-9.34921768,6.98770993,6.78034915
-9.35202165,6.93678932,6.8098356
-9.39031364,6.99197956,6.99113819
-9.3925594,7.044043,6.95524689
-9.39713511,7.05884519,6.9122159
-9.40107256,7.0689634,7.03704893
-9.41762691,6.93985852,7.1570844
-9.45673312,6.88201873,7.1231445
-9.46770979,7.19590412,6.78730977
-9.4786697,7.02018382,6.888294
-9.49308149,6.78185579,7.26920709
-9.50736973,7.16031996,6.98154422
-9.52412245,7.22204048,7.15475172
-9.52533751,6.9637306,7.03079187
-9.5428667,6.96303765,7.1852066
-9.55928807,6.95358892,7.15377712
-9.57058989,6.86406879,7.15387184
-9.57159914,6.83548703,7.14837689
-9.57543214,7.14523643,7.12166812
-9.58134732,7.13317824,6.98958502
-9.61133733,6.96590217,7.15516432
-9.61277965,7.23212294,6.8175214
-9.64379558,6.8571704,7.28469614
-9.64879865,7.01441781,7.13675172
-9.65956511,7.4152611,7.40663049
-9.66326262,7.26976127,7.15730338
-9.66668138,7.08826711,7.2147093
-9.66808459,6.70870669,7.3687235
-9.6778166,6.87716292,7.38447913
-9.69471479,7.05024328,7.07008191
-9.70527815,7.35301741,6.77864105
-9.7209463,7.06610482,7.419678
-9.74105319,7.29199594,6.86019498
-9.74248573,7.33361813,7.18625949
-9.74423318,7.15673686,7.14928415
-9.74635303,7.38303772,7.15498708
-9.7576251,7.1580958,7.16079259
-9.7602449,7.35925794,7.51858081
-9.76293562,6.83864228,7.49731328
-9.76299977,7.34763842,7.44583944
-9.77211084,7.43552267,7.33507431
-9.77860945,7.21898637,7.5128648
-9.779605,7.46949256,6.72069946
-9.78020178,7.24009488,7.17236731
-9.78168167,7.45875651,6.81437568
-9.7856413,6.91050857,7.49396324
-9.79009581,7.15139169,7.1024052
-9.79193849,7.06804125,7.30013142
-9.80009873,7.37185823,7.2689306
-9.81434753,7.43194184,7.48438939
-9.81642273,7.38521415,7.43581271
-9.81741417,7.30578379,6.9212932
-9.81779443,7.22962211,7.07000191
-9.81913299,7.45731971,7.43342968
-9.82143635,7.11767701,7.31260343
-9.84845535,7.55083997,7.28819066
-9.84994934,7.5455827,6.92456689
-9.8641151,7.54567477,6.75343682
-9.8694698,7.32886617,7.53431046
-9.8782141,7.41831679,7.42176308
-9.87837887,7.47943532,7.24764549
-9.87870544,6.95603343,7.58896311
-9.87997637,6.90391241,7.41575104
-9.88734138,7.46917555,6.85635501
-9.89140577,6.91672936,7.48931479
-9.89466187,7.19459927,7.12056652
-9.89654783,7.62815518,6.88873666
-9.89906487,7.51356274,7.25515893
-9.90689077,7.50863699,7.22291428
-9.91281293,7.50193438,6.86109247
-9.91426654,7.49035598,7.57889399
-9.9147763,7.50259226,7.1735312
-9.91619888,7.10401108,7.23090699
-9.91685706,7.56509451,7.29709367
-9.92488004,6.98959616,7.64644197
-9.92822955,7.26441592,7.52229971
-9.92959619,7.72329741,6.63346822
-9.93689774,7.24764583,7.28633074
-9.9395223,7.08788964,7.3003922
-9.94199339,6.99881993,7.37559843
-9.94432331,6.84421743,7.571451
-9.94997813,7.6432455,7.10539375
-9.95396902,7.42434604,7.43436522
-9.95957485,7.21370486,7.65902433
-9.95994741,7.31747916,7.44746663
-9.96947462,7.17826358,7.69966618
-9.96963061,7.60212187,6.90244453
-9.97315668,7.59129621,7.07129549
-9.97446853,7.38214943,7.33996081
-9.98065713,6.94378396,7.43691077
-9.9818512,7.17414324,7.21294803
-9.98413942,7.35652997,7.13650958
-9.98745787,7.37532817,7.30426644
-9.98762023,7.10680549,7.37893799
-9.98886786,6.84814613,7.69188609
-9.99036609,7.53065841,7.69504287
-9.9929402,7.71912814,7.12435405
-9.99425207,7.39056775,7.33152119
-9.99881511,6.7668087,7.72138117
