3.35198566,-7.19849717,8.87451819,3.79530348,-6.86929563,9.29197506
3.83344361,8.89947214,-3.67362913,4.04944016,-5.61161651,8.26453377
4.14757165,-6.62459322,9.88193172,4.16532995,-3.4635017,8.82143905
4.19284198,-5.69278573,6.94014982,4.26571588,5.41322256,-4.8353232
4.64591611,5.59847254,-2.84866813,4.66921432,-4.61305806,2.81863227
4.68092673,-6.4322117,8.21210638,4.73466411,3.93974896,-4.0413402
4.78995249,-5.21382378,8.50903372,4.79635173,6.70485683,-3.22019568
4.82447607,6.3036027,-4.65758692,4.84773468,9.61582267,-5.98714491
4.88165139,-5.9045847,9.48386558,4.95191409,-3.97684441,4.89103841
4.99710062,6.12863359,-4.58823811,5.05488014,4.73076235,-7.46156468
5.05829133,-5.36666328,9.07163985,5.09638731,-5.98835246,5.99926857
5.22453495,4.32475213,-6.21486906,5.23313912,-5.74775033,5.70271687
5.24668069,-4.59184948,8.55801255,5.26674142,-4.07115246,6.03556542
5.28019771,8.80287747,-3.81987814,5.31193285,8.60899406,-4.0997385
5.39838369,8.48889536,-5.70353218,5.43052179,8.42770134,-5.23991786
5.48490097,-8.72410177,9.37472377,5.48796017,7.53601318,-4.37805792
5.51221606,7.46180421,-5.1993095,5.62808522,-6.52168078,5.32001234
5.63906273,-6.58349146,9.64650596,5.66433574,9.947123,-5.80094733
5.67892112,-6.84143097,8.76810057,5.68500385,-6.84891538,9.29548383
5.69365512,8.92099882,-4.29012935,5.69520132,9.99741578,-6.03912981
5.69859753,-3.45338808,7.48859244,5.69942921,9.57817161,-2.47950798
5.71705116,-3.00525891,4.74006044,5.75384029,9.87967626,-8.42441442
5.7647365,-5.26767896,6.49272276,5.76831474,8.36038074,-5.36492518
5.79489021,8.27962658,-3.35908745,5.81800842,9.0695613,-3.9789562
5.87765237,-3.94457366,6.28814402,5.9096671,8.45369583,-4.74958652
5.92651029,-5.16238561,8.6483167,6.09435791,6.56243016,-7.76708461
6.15061913,-4.96105877,7.27131431,6.15672767,-6.31984634,5.47490168
6.17067902,6.28585764,-6.3686856,6.20367502,-4.27560723,8.79843671
6.2417107,-6.74557087,8.41242912,6.2964302,-5.30932764,8.27939437
6.35201813,-7.03757711,4.56638718,6.37993932,-5.44322288,8.2289417
6.40112806,-4.04262583,6.5109876,6.53409713,-5.365127,9.67696242
6.57631412,-4.67486002,8.2958049,6.60929073,9.52693975,-3.6127941
6.66490744,-4.72631219,7.13074914,6.67897682,-4.37469361,6.54724737
6.84241773,7.42139285,-7.52458477,6.85964032,9.96778338,-5.92961982
6.87286859,6.07528008,-5.12953718,6.88681948,-6.47007262,6.5384709
6.88792542,8.99717749,-6.18863853,6.89290098,8.93681349,-2.76941306
6.90038848,7.22009746,-5.3315785,6.99736637,8.16110403,-6.02078451
7.00701568,-5.06033908,5.73279034,7.06721997,3.02813133,-6.59622463
7.07608287,-6.58708971,4.72971494,7.08316359,4.13211905,-5.65347518
7.08885093,-4.05244768,4.8904592,7.13137921,-4.26964474,9.31535481
7.14140051,7.06783891,-4.05808194,7.17336856,-7.99334527,5.38547607
7.19263301,8.3712405,-2.58138607,7.21365954,-4.52861583,9.85354167
7.21637868,-6.24423238,9.1177876,7.22065654,-6.55074491,6.43884701
7.24062015,8.8847507,-4.90331854,7.28832052,7.0891721,-5.65031602
7.30283566,-5.85853543,5.27828261,7.3040898,4.46731818,-5.31348914
7.31320505,9.42789423,-4.48173531,7.31654431,-7.08384582,9.82139436
7.34039924,9.36432855,-6.34637475,7.35342258,-6.22101979,5.07677314
7.36226701,4.38020276,-5.21018809,7.36876658,7.02211791,-4.46484669
7.3745772,7.30928069,-4.54019123,7.39486949,-4.49726318,4.04195852
7.43251749,8.47157915,-7.78221442,7.45811078,8.01787279,-8.2418314
7.46666841,-6.68047598,7.59292374,7.50802441,8.16935077,-7.81218459
7.571822,6.17003145,-4.97244065,7.57855768,-3.04685574,5.78177568
7.58967382,-8.07914931,5.58219001,7.61592949,-6.62913473,4.54424179
7.63850433,-3.57567052,4.73159317,7.66730012,-4.01706149,8.23554507
7.67663023,-5.83108731,4.45049353,7.71379295,6.62416388,-3.00929661
7.78715048,-3.71990205,5.70389024,7.79778159,-6.83216328,9.54074798
7.8188997,5.77436366,-6.82561147,7.83925755,-4.56813952,9.2402996
7.89569197,-3.72098015,8.11192334,7.89876815,-3.24610357,5.3543721
7.9285573,-3.55814686,4.04549899,7.98326994,-3.15999896,9.76313591
8.02946341,9.37195048,-5.75449518,8.05962615,7.14760331,-7.30848482
8.07562041,6.94019045,-2.23426095,8.09833432,7.31628837,-5.32734764
8.10863709,9.19858782,-4.26617183,8.12891259,-6.85200362,3.88732005
8.14257147,-8.13322501,9.98304563,8.14342735,-5.47426872,5.60051187
8.16729287,6.58158798,-5.27533725,8.1777869,8.19167194,-5.41139865
8.19422871,-4.6462179,8.64601493,8.44445758,7.37444938,-5.00968015
8.45526482,6.23390207,-3.37935349,8.48228181,8.72910067,-6.36504251
8.5077591,-5.26105855,4.79023244,8.50978924,7.75649714,-8.26940964
8.52163295,-4.77584587,9.52219915,8.55126951,-3.43804119,6.49364167
8.5895798,-6.21643113,7.72001686,8.59417282,-5.4228607,7.12758074
8.61996741,-3.85434315,9.26441198,8.62721438,9.95972113,-5.64263294
8.6492686,9.2988082,-2.99403525,8.66198445,-4.9568098,9.38567511
8.67575297,-2.90212318,7.7954455,8.68230369,4.76531093,-6.5533555
8.69173437,-2.49279417,7.77151499,8.750866,8.03447818,-2.76545269
8.7649812,-6.77804953,9.27918791,8.76819164,8.48576208,-5.59419841
8.77156788,-3.07945058,8.699818,8.77460806,9.53555479,-4.66680953
8.80058905,4.21294556,-6.08758618,8.80923745,6.48057664,-6.2067756
8.81581712,5.232501,-2.97715823,8.83910776,-3.34496656,9.16847113
8.91672618,-4.79281357,9.42301362,8.92712556,7.57120669,-4.40998556
8.93981125,9.95993408,-4.50211016,8.94235725,-4.14525083,4.22601171
8.94388651,9.99950415,-2.94703395,8.95308089,9.85849422,-5.66578801
8.96280692,-4.48579863,8.11137722,8.97096342,8.1537954,-5.56505391
9.01901298,8.6910729,-6.24638436,9.06267247,5.72163636,-4.35197032
9.07394435,6.08147031,-5.95937958,9.08234241,-2.64289946,9.12897804
9.08692663,8.91947717,-8.22635476,9.09190618,9.68044992,-6.86794436
9.0948015,-5.04485593,5.96655447,9.11013916,9.27978651,-4.51124653
9.21741593,8.80540871,-3.45196969,9.21864722,8.41492633,-7.66178395
9.22145568,-6.38811917,6.60781137,9.26110006,-3.57354427,8.40526864
9.26385386,9.3629351,-4.05571649,9.265178,9.72266235,-4.97526285
9.27615511,-4.03892677,9.71539593,9.28067494,-5.4506613,8.46172074
9.30005409,2.83549499,-3.18746485,9.32379554,7.53564854,-3.38098894
9.32727089,-4.93492106,9.51631194,9.34614179,6.9952296,-3.54403578
9.36831742,-3.82171251,5.56482264,9.38141652,-4.98795916,5.06285283
9.39586144,-5.18071777,9.50671401,9.4250167,9.60608469,-5.53650386
9.42844424,-6.4712542,7.58808568,9.43984145,-6.81157573,4.9229877
9.44665105,-4.22281116,5.35683783,9.46810488,-5.88229871,9.58363951
9.47055039,8.37437248,-5.73187868,9.48898533,6.88862066,-4.65678688
9.49499838,9.80244181,-6.39010855,9.53762534,-5.83015819,5.29107579
9.54349566,-5.776853,8.29052872,9.54517434,9.55985239,-4.69693349
9.56290905,9.20363496,-4.13513812,9.56336883,6.65630179,-5.38810678
9.62423787,9.28206618,-5.3463616,9.65633006,9.13152942,-3.60466744
9.66019278,-6.56354746,6.58562185,9.67103113,-7.51749375,8.76890096
9.70311653,6.7725987,-2.32268068,9.7067542,-5.64224309,5.84156249
9.72420844,7.85159824,-3.67517624,9.73393796,7.94755765,-5.95447621
9.7447733,-7.25009044,3.54150618,9.78463827,-7.90129637,7.11173088
9.78773859,-6.08747808,4.7723348,9.78922373,-5.35664606,5.0138609
9.81721604,-4.8203409,3.30574,9.82300395,9.24387652,-4.82126293
9.82809858,5.22914229,-4.19449466,9.84217317,-4.79348362,9.88397312
9.87140136,9.76998313,-5.49230812,9.89301243,6.42692495,-5.33578772
9.89327847,-6.68001067,8.86287889,9.93580277,8.50564133,-5.20178439
9.94237863,6.4521569,-4.38931328,9.95077614,-6.81845374,7.76614787
9.97450919,5.22737615,-3.76913853,-2.3480728,8.86724478,8.8274967
-2.38220231,4.80762401,9.67157357,-2.52581732,7.50402354,9.26424425
-2.74234931,5.98741036,8.97147468,-2.80507905,9.75375761,7.44819109
-2.90407771,7.46042354,5.93139184,-2.97014091,9.2580269,9.89245648
-2.97028109,7.9922229,7.34428067,-3.06441838,4.36405711,8.95344304
-3.07770281,8.85630496,4.95954053,-3.08693632,5.33861668,9.41121912
-3.12669335,2.70371163,5.8989802,-3.13843424,7.8219793,3.40446257
-3.15046418,9.19816064,4.61409605,-3.19798018,6.9396184,9.06197521
-3.20247246,5.92464191,4.93114522,-3.20848396,4.22299556,8.65765317
-3.21958188,9.7687128,9.0247507,-3.2525955,8.34797735,5.28378637
-3.28459864,8.12854625,9.40907096,-3.4353025,8.23369883,6.70498269
-3.45732862,8.75087545,7.90448076,-3.460788,8.91563762,6.58317167
-3.61348737,8.76232487,7.05324385,-3.75737511,8.06318589,7.13676297
-3.76465668,6.3855725,7.53428139,-3.77629623,9.22838544,9.26031337
-3.80358647,5.72025731,9.63438439,-3.80394168,7.24444858,8.12456251
-3.83405478,6.70760742,9.32588274,-3.88042507,8.37400983,8.89018144
-3.8848134,9.77813048,6.74764441,-3.89261924,9.9405919,8.50353277
-3.89307055,8.60377297,6.17041918,-3.90670632,8.66041791,5.96290184
-3.91601848,9.82384045,9.11146622,-3.93107359,9.90174118,3.59340423
-4.01079587,3.40615779,9.11264472,-4.08556157,8.43202629,5.83025655
-4.138545,7.2024899,8.49367508,-4.13978802,6.40364205,9.42845859
-4.14914828,3.49661917,8.59087546,-4.23229411,4.96617356,9.15431102
-4.26432126,6.76884282,4.47675251,-4.38225322,7.88502546,9.46593771
-4.41423054,5.29310985,9.93757858,-4.41757226,5.57045853,8.16924077
-4.44750633,8.09247997,9.73039425,-4.44963148,9.72147571,8.75809344
-4.46777663,9.20044047,9.86459381,-4.48292897,8.85922517,9.26705782
-4.49175883,8.04079696,4.08731119,-4.51038879,9.00376749,5.52721828
-4.64455443,5.60841451,5.73239827,-4.64598375,9.32041753,8.73841764
-4.75373859,8.88682759,7.23778991,-4.83815374,9.26921279,8.06202995
-4.85856563,6.38691331,9.84331809,-4.88093224,8.59818554,7.7405242
-4.88938559,6.25018337,9.91566673,-4.90516033,6.77960517,5.88692657
-4.93624795,6.07712323,9.15500292,-4.93942575,8.87223767,6.50643543
-4.94102111,9.03954273,9.78906451,-4.94504354,8.06278425,7.67042706
-4.95307543,6.10589036,6.22259805,-4.95699333,5.73620728,9.47649493
-4.97168477,6.88123033,6.77017092,-5.00631121,7.74425169,9.56962227
-5.04264931,9.1174403,9.08844141,-5.06992589,5.81792167,7.72695477
-5.08662451,9.05132885,7.51610769,-5.1179952,6.45725888,6.68704717
-5.13313833,6.47363698,8.8318005,-5.29063689,6.00962242,9.92046908
-5.37270341,7.66738237,8.29679225,-5.38384961,7.03292294,5.28868473
-5.47800839,8.80425356,7.21383465,-5.49200415,9.20615574,9.88450581
-5.53723107,6.98992169,7.89594774,-5.63955072,8.72798724,7.5040075
-5.71897155,6.56853173,8.15494346,-5.76245156,9.34794494,8.72986975
-5.76514472,9.12107988,5.02266266,-5.78174533,7.5316971,6.23678473
-5.79123067,8.21568333,9.94689752,-5.82013531,9.175879,8.7568823
-5.88185339,9.52187588,5.16867117,-6.01820771,9.99388387,4.04966833
-6.12583313,9.16465597,7.3743636,-6.20376243,8.2833792,8.01359686
-6.22773467,6.48700597,3.22357097,-6.27895366,8.49720099,8.15233351
-6.28214802,8.67645039,3.85913474,-6.32192244,6.45240987,6.31120363
-6.47430975,9.46004973,9.3333114,-6.76169845,9.67668178,8.33995065
-6.79813238,6.2640632,8.35562091,-7.01170302,8.75781224,7.89148175
-7.15726604,7.72801568,6.05702401,-7.24487455,8.83316226,5.47426743
-7.26986588,6.44876787,8.09512116,-7.31717384,9.9561609,7.16013026
-7.41769732,7.95495676,9.85045409,-7.48692163,6.21076705,9.80087979
-8.38551078,9.89994749,9.10531503,-8.89846599,8.80226889,9.90625329
3.2165642,8.68959505,-5.8636169,3.26353688,9.02200987,-4.20242749
3.3333665,8.60082692,-5.40930447,3.46838791,-4.09562996,9.24411171
3.78181204,-5.36068147,8.27990739,3.924593,-4.97839893,7.73044547
4.06405419,7.99877271,-3.51391157,4.09647696,9.34381426,-4.26969168
4.20727672,6.43952878,-2.66992223,4.44276301,-4.17051248,4.9689764
4.56773571,9.2934658,-5.87728578,4.59389701,9.62697885,-4.66759964
4.65162395,-3.09515156,6.68198325,4.67978352,8.98168897,-3.64064075
4.68332273,-5.25503306,9.95078044,4.75234252,-4.42305462,9.77323803
4.76903871,-3.39534581,9.65279743,4.77795874,-5.4343375,5.29681272
4.83927683,-5.46209083,8.73313533,4.88926431,9.08333958,-6.55386351
4.98512926,8.99260613,-5.7898387,5.03631349,-4.48913929,4.52314408
5.05163352,9.09032222,-4.05833124,5.06789941,-6.45893214,9.85699822
5.07179777,9.70916453,-6.45669138,5.13801894,-7.68582089,9.71543337
5.16230674,6.48978222,-4.02770718,5.22424048,6.96258424,-4.39293866
5.2774307,-5.44549553,8.87796962,5.43349846,5.51806773,-3.3690558
5.43740125,7.92450833,-6.77451424,5.45994198,-2.29744522,9.04588534
5.49663991,6.86107534,-5.56822777,5.50987607,3.52720445,-5.34400123
5.51386771,-3.89517587,6.34183249,5.53272963,-4.433501,8.25118357
5.59676213,5.02641866,-6.10674326,5.65076258,8.06383287,-4.58370455
5.6796986,-5.20339785,6.21819134,5.70836765,4.88840287,-6.46226211
5.71401062,-5.89827649,8.08589261,5.7354624,8.19979704,-3.56811996
5.82146695,-4.22535617,6.95236953,5.96349163,-5.21019037,5.33469119
6.0180642,8.87263142,-3.97567039,6.06068824,-6.91072558,7.80345334
6.12126999,-5.8058961,3.47183048,6.12323037,9.07876847,-6.005684
6.16603556,-5.6677893,9.48240931,6.20873018,5.4900285,-5.4340203
6.23366166,7.11133555,-2.79215718,6.26570801,9.33241075,-3.46731245
6.2822195,-7.25772454,3.47899853,6.29091868,-5.16697012,9.11641048
6.33356367,9.92165312,-7.70371353,6.35438292,-3.99616957,9.12960113
6.35963396,8.36632909,-5.96177515,6.40351793,8.16336253,-7.83276708
6.42822327,9.41502875,-3.02660664,6.51323552,-3.6356806,5.38339122
6.51331247,7.34625112,-5.85964763,6.56814272,9.49674792,-5.21967127
6.61186007,8.05029222,-6.85732627,6.62333621,9.91376401,-5.76268798
6.77506754,-6.57623876,7.53530362,6.79521902,-6.74734142,7.93641774
6.79615318,9.41348125,-5.30847538,6.79853063,2.58907479,-4.98383474
6.81661495,-5.41297944,6.22975813,6.83622267,-4.97924718,8.53456099
6.83863618,5.1372311,-4.10120971,6.88490782,-4.01837486,9.35920117
6.90201272,-3.77884053,9.89065884,7.06822415,6.75182657,-4.42735412
7.08485672,-3.84664102,9.31846211,7.16238873,5.42175878,-8.2304677
7.17782051,-5.94651189,9.75841624,7.19537147,-7.49407873,8.00432852
7.19942728,-7.97128858,6.18822779,7.30646211,3.0611372,-4.49395712
7.33354775,6.35706005,-3.59459042,7.40886346,9.18542003,-3.5213507
7.41269204,8.9348716,-4.5849511,7.44336393,5.15365716,-6.72155578
7.44355845,-6.31113956,8.32630624,7.45997728,-4.16148004,3.01123736
7.47941561,8.85675665,-4.53340912,7.50248573,-8.72978458,9.37544177
7.50344515,9.86615651,-4.97237065,7.52017836,5.48102957,-7.17732681
7.53486958,-4.25439031,3.50576491,7.54239082,-4.02065968,4.2399721
7.55655346,-3.96139411,6.10291116,7.56301939,9.43684149,-3.5085258
7.56644584,-6.75224847,5.4312065,7.58536506,-3.08690914,4.4764205
7.63702874,5.36318493,-4.80533268,7.64939669,-6.07232244,6.59029207
7.6538909,8.74888725,-4.63295881,7.76447738,-6.25578754,9.84140063
7.7981359,-8.288376,8.21168828,7.90865476,7.39832225,-5.29373483
7.91851694,-3.20030041,5.71135117,7.93839364,8.60124926,-7.63072948
7.97432662,-5.72444988,3.94780141,7.97473149,9.66846496,-4.67194458
7.98339229,-3.6657986,9.89720833,8.01635197,-5.55892199,5.4169976
8.02267748,7.74888901,-3.40926726,8.03347529,8.16910673,-3.95177705
8.0758511,9.44854936,-2.83720207,8.12269376,8.32443921,-4.28823621
8.12919123,9.18454832,-6.86709781,8.14905034,-3.86849665,4.29909416
8.14986033,-8.62699994,9.00446032,8.17519761,5.28129327,-4.99404115
8.20155086,-6.94384987,8.24643262,8.24076146,7.85910442,-3.85433304
8.24162232,-3.15733295,4.76630007,8.24999468,9.77538479,-7.47423173
8.25503407,9.02928083,-4.22131892,8.26541661,7.706306,-8.02469827
8.31544374,6.83624843,-7.77454686,8.32945315,-5.95084049,6.64835467
8.37818945,-3.98032835,9.87595333,8.40003336,9.66740788,-5.82742711
8.40320229,9.53554054,-3.96837406,8.41418672,6.56554973,-3.97874865
8.42258773,-5.38545645,9.83154591,8.43438989,-7.59833367,7.69146718
8.4521769,-5.2810541,6.48413715,8.48559425,-6.71956725,9.18261772
8.51002825,8.44306932,-7.76318649,8.54591232,9.89009229,-2.88712913
8.55203097,-4.26591468,9.98258587,8.57565603,5.64154273,-5.00763526
8.60994745,-5.35453362,8.88818618,8.63510485,-6.45896624,6.65670014
8.64183512,-5.43264038,8.34272202,8.64793451,-4.62885799,9.21197037
8.6484253,-5.26902962,6.18724713,8.64851156,6.83172847,-5.12827898
8.68294762,7.58779247,-8.64393657,8.76971667,9.93495826,-7.51608781
8.77093485,7.95168165,-4.86134347,8.77652863,5.01408426,-7.44720606
8.82594662,9.12605248,-6.75781315,8.84812865,5.83808984,-6.30576386
8.93932706,-6.92910475,4.40797909,8.94558764,-4.62233646,5.80875914
8.98111129,-7.37390118,8.0640196,9.01099095,-4.92974323,6.80295091
9.02763865,7.08822789,-5.63174107,9.05885724,4.10806032,-3.92124296
9.06929894,9.95533556,-3.94018676,9.07104336,8.79967612,-5.25566419
9.07260384,-6.35660906,6.12186168,9.09162566,6.68969931,-8.43406995
9.13727237,7.42346748,-4.94262263,9.14091951,7.20127731,-4.83972921
9.1468715,5.16411003,-4.80501527,9.15314138,-6.40739157,6.69493951
9.18367136,-4.64755126,4.98134623,9.19952612,-4.98875806,7.64416175
9.21633229,8.83635329,-3.97892642,9.2285668,7.46495819,-2.77405071
9.22911942,9.46567448,-6.13155526,9.25323313,6.50182128,-5.18886781
9.31417777,-4.11047322,6.1214623,9.32219567,7.589127,-5.32453754
9.34885919,6.27250228,-5.90742182,9.3597513,7.46811756,-3.1720318
9.39202219,5.80164715,-7.70779588,9.40821604,8.97258194,-4.95748091
9.41085049,9.56655123,-5.75585532,9.41105927,-3.82274335,9.45379013
9.42429207,-8.74513109,5.27287422,9.4360924,-4.4211955,4.96528561
9.46091751,-3.82884325,5.89373029,9.46600002,-4.4687269,2.9244347
9.47338354,4.5553265,-4.27635029,9.47387474,7.27318322,-6.17767411
9.48648379,-7.0853341,5.74059076,9.49122672,8.17470009,-4.73379416
9.5236227,-7.34810587,9.3755864,9.53776453,8.40203258,-3.34636742
9.55677441,9.60514237,-3.3800954,9.56581432,-4.81611852,9.58118475
9.575376,-3.63695513,4.68096946,9.57593212,-2.24461058,6.82248582
9.59699254,-3.74784898,6.48062882,9.65978101,-6.80874608,6.17899494
9.68682276,7.9454012,-8.28961454,9.70849262,3.76010351,-5.57392678
9.75521966,-3.93358003,8.59929612,9.75726005,7.475965,-8.72526301
9.76066111,-6.18154981,5.05580879,9.76770876,7.95367831,-4.84338039
9.78254441,4.76459395,-3.77530896,9.8359531,-3.6384114,7.30143993
9.84500075,6.76445276,-7.32310873,9.85914983,6.01950861,-5.06428842
9.86207101,-6.43843644,7.04058518,9.8931662,8.9938486,-4.79607439
9.8971919,7.14117587,-6.19910571,9.9218272,9.55486318,-3.2838513
9.93575027,-4.52899536,6.1926263,9.96177401,8.76928192,-7.60933823
9.98635369,8.64092197,-3.912043,9.99552347,-3.94498577,6.91307915
-2.44843247,4.02983641,8.01889478,-2.45675359,9.88603888,5.74626478
-2.51208728,9.13590046,8.39607481,-2.59407004,8.41942185,9.05890525
-2.70514495,7.32613081,6.75204478,-2.81806581,8.21561401,8.21938945
-2.84453599,5.51560535,9.22289389,-2.86804328,8.0839755,8.68871831
-2.9226679,9.43578309,7.07626599,-3.020944,7.45520956,8.88223019
-3.02887899,5.63238446,6.07615169,-3.04241709,9.02942092,5.07148423
-3.08748408,9.88684974,6.9043054,-3.14657652,6.66212435,6.87451803
-3.17478408,6.23935207,9.9339819,-3.20225775,7.92764331,6.94072005
-3.20773709,7.51326134,8.47113344,-3.21404485,7.09813304,9.75397618
-3.21713883,6.51364935,9.07055522,-3.22115686,8.41461913,9.23927231
-3.23227806,9.02977818,5.9890453,-3.26428047,8.73557654,9.37417706
-3.26431825,5.83562635,6.99589513,-3.29392889,9.92065777,7.72442908
-3.29921574,8.39115036,4.80523538,-3.33493658,7.07336877,5.80655853
-3.51794085,9.59063565,7.77528931,-3.55749074,9.44853242,8.59698073
-3.56506786,7.16010815,6.53944951,-3.56879696,6.18792972,7.65127117
-3.57641572,3.21708952,8.82674375,-3.57939755,8.51718333,9.30453929
-3.61976207,9.2754841,7.45559117,-3.72820564,7.97886352,6.77265039
-3.73977869,7.20633945,7.47527556,-3.75352786,8.54190814,6.94824633
-3.81816534,8.03079445,9.82733498,-3.8221808,4.91695264,4.66722815
-3.84964862,5.30014662,8.64957088,-3.9722509,5.04959715,9.14104015
-3.99906526,9.82982987,8.18474946,-4.01444906,9.96534548,4.8715342
-4.13908255,9.25871813,6.45338242,-4.16999228,5.41251748,9.78392098
-4.26805017,9.68243163,9.74634574,-4.27996872,6.30550401,9.1097438
-4.36655821,5.9682751,8.54923369,-4.37984394,6.39787283,6.19878197
-4.39613053,8.72766539,9.76625938,-4.40921019,4.11645877,7.65074955
-4.42349383,7.29914656,3.6340519,-4.43723196,5.14117868,9.17343693
-4.44520605,9.01852091,5.1828858,-4.46438345,9.12900576,4.29256268
-4.51782836,9.2637811,7.86445923,-4.64945573,9.79385202,9.28487957
-4.6653096,8.90689314,6.22534376,-4.69879588,9.58236828,7.13356571
-4.71615223,7.05662897,9.99937733,-4.76844634,3.70123199,6.89553436
-4.80761866,7.12508782,9.28765582,-4.85184782,7.47233006,6.3874175
-4.86520889,8.5284132,7.58967211,-4.87344309,3.42042107,7.20371825
-4.91071238,9.69301122,6.34723703,-4.95787251,5.28217244,9.2530329
-5.03137673,7.79374576,7.74843437,-5.03599925,8.81332004,9.96619256
-5.11595707,3.63913317,8.6035556,-5.13311301,7.90088688,3.19927627
-5.1731227,9.1057842,9.64896615,-5.21471648,8.38257056,5.80266022
-5.21858591,7.61234529,8.39265146,-5.22891481,9.11937274,6.9413948
-5.24638283,7.93291624,6.88190961,-5.29690093,4.441405,7.90813694
-5.31403888,6.17230754,3.87650705,-5.31691897,5.43658678,8.66633521
-5.36066303,6.16736586,7.67502522,-5.40348577,6.83277869,6.33535315
-5.52987103,6.65504965,8.08443233,-5.53051186,8.40144472,5.41528478
-5.68108879,5.70202979,9.61267754,-5.71442375,9.13828949,8.87280249
-5.7779864,8.22388874,8.59403133,-5.82506935,5.35279594,9.07647201
-5.87054829,9.64502348,7.78080826,-5.89127787,7.18636663,9.92739463
-5.91075431,8.57650023,8.92130818,-5.93078969,8.92852442,6.56881899
-5.9544558,9.18580625,7.1771864,-5.99994031,9.80445167,6.39401876
-6.01690703,9.70196172,8.84383049,-6.03635654,8.79244387,6.6580187
-6.12298592,7.22911759,6.28509078,-6.13225337,8.45934758,6.37444662
-6.28308656,8.48162514,5.80804905,-6.32733555,7.31370188,7.35704213
-6.39716718,5.70166386,5.57723143,-6.45621527,9.28727771,7.61993498
-6.47699641,9.66748806,9.84291927,-6.47958583,7.45219662,3.98496713
-6.53795432,9.14068708,6.08260584,-6.55739804,6.44262543,9.78838816
-6.83824392,8.67166184,8.58444058,-7.01573108,6.81871309,5.05680175
-7.05855882,4.21600158,6.18001121,-7.10990226,8.68957921,8.8640282
-7.12318166,6.78956802,6.13434705,-7.18621914,4.29148739,8.90556735
-7.33711858,7.85818511,4.63725537,-7.46910265,5.20949356,8.29795535
-7.48190023,5.05386611,9.95250724,-7.65643314,8.72163699,5.32460722
-7.97503101,9.85593822,6.41609601,-8.46834371,6.08568001,9.52976491
-8.52924425,9.90811956,7.64638492,-9.01360171,9.70900062,7.37005478
