[[0.9002096  0.06695968 0.07141351 0.93247812]]
[[0.90021504 0.06527892 0.09533249 0.94546505]]
[[0.90026583 0.07643164 0.0591383  0.97005237]]
[[0.90033818 0.07189592 0.07656466 0.98628598]]
[[0.90033943 0.07819243 0.09342974 0.91485061]]
[[0.90044706 0.0627605  0.09760913 0.95640588]]
[[0.90051884 0.07009365 0.07671299 0.97134568]]
[[0.90067171 0.07641932 0.07438992 0.95319706]]
[[0.90080556 0.09466866 0.07195392 0.91898022]]
[[0.90099488 0.06939165 0.07401248 0.96362114]]
[[0.90114558 0.09103525 0.04330214 0.981328  ]]
[[0.90115933 0.09670187 0.04173884 0.91623912]]
[[0.90127513 0.05894758 0.08651518 0.95425251]]
[[0.90146932 0.08905239 0.09111333 0.98657872]]
[[0.90152249 0.08460617 0.0798332  0.95785815]]
[[0.90155223 0.05608602 0.0958737  0.95890864]]
[[0.90157168 0.09943142 0.08331639 0.96479336]]
[[0.90172028 0.04912578 0.07738845 0.94789788]]
[[0.90184652 0.09445133 0.06985156 0.982447  ]]
[[0.90188039 0.09885945 0.06775974 0.94088172]]
[[0.90205129 0.08593564 0.08647    0.92386061]]
[[0.90237302 0.09191413 0.07363742 0.98743828]]
[[0.90250587 0.0932151  0.06559517 0.94933235]]
[[0.90259013 0.08413384 0.07569698 0.9336418 ]]
[[0.90264298 0.08716995 0.09296698 0.91708019]]
[[0.90323461 0.09078164 0.09759879 0.98780164]]
[[0.9032436  0.08092516 0.06324006 0.93696115]]
[[0.90326605 0.06861696 0.07432358 0.97295388]]
[[0.90329071 0.07968373 0.08092954 0.97169556]]
[[0.9033897  0.07729096 0.09238529 0.91919284]]
[[0.90361304 0.09848989 0.08292564 0.91370703]]
[[0.90368262 0.06131412 0.07049431 0.97155535]]
[[0.90378468 0.079218   0.09433666 0.90087992]]
[[0.90391888 0.09187159 0.0884712  0.92585794]]
[[0.90404261 0.05349908 0.09781902 0.93638795]]
[[0.9040559  0.07377368 0.06927084 0.91727428]]
[[0.90431555 0.09368641 0.06156108 0.97665119]]
[[0.90456421 0.07654342 0.09359979 0.96738437]]
[[0.90456517 0.07679376 0.09783388 0.96912159]]
[[0.90466154 0.07250102 0.06218702 0.97137698]]
[[0.90541823 0.0650124  0.09215348 0.90312642]]
[[0.9056701  0.08652517 0.06320657 0.95992188]]
[[0.90572342 0.07762543 0.07780766 0.92400088]]
[[0.90584002 0.07590072 0.06715686 0.96177598]]
[[0.9059991  0.09484535 0.0753526  0.92845774]]
[[0.90603254 0.07823213 0.09475169 0.97571769]]
[[0.9060849  0.0778998  0.09548742 0.98130621]]
[[0.90620017 0.0982247  0.09331288 0.9889967 ]]
[[0.90638756 0.08097842 0.06002571 0.95827888]]
[[0.90654447 0.06017097 0.09112253 0.974861  ]]
[[0.90661566 0.08491917 0.07318741 0.93498524]]
[[0.90685314 0.09968894 0.08210848 0.95336157]]
[[0.90696501 0.0994015  0.08741529 0.980653  ]]
[[0.90699825 0.04885569 0.09578029 0.97397675]]
[[0.90702273 0.06340866 0.09748866 0.91225271]]
[[0.90708257 0.09453226 0.05992724 0.96876524]]
[[0.90708373 0.08767285 0.06085867 0.97377934]]
[[0.90710045 0.09677541 0.07803652 0.93139718]]
[[0.90717299 0.0795593  0.09924674 0.96047006]]
[[0.90820835 0.09812297 0.06909056 0.98724807]]
[[0.90825252 0.09469668 0.07397337 0.950341  ]]
[[0.90840134 0.09471458 0.09559643 0.92637588]]
[[0.90842972 0.09584153 0.09300237 0.95419581]]
[[0.90902598 0.05230919 0.08220261 0.98313302]]
[[0.90902894 0.09110362 0.07276799 0.94481817]]
[[0.90904849 0.07401082 0.08408949 0.95695526]]
[[0.90924593 0.07674898 0.08161722 0.98240036]]
[[0.90944366 0.07562745 0.0821025  0.92547625]]
[[0.90948168 0.08926096 0.05950311 0.98804464]]
[[0.90949946 0.08054967 0.09936446 0.98376221]]
[[0.9096209  0.09318627 0.0823306  0.98161117]]
[[0.90993066 0.0687617  0.09263952 0.98876158]]
[[0.91017683 0.09087174 0.09854564 0.92440764]]
[[0.91034162 0.09054322 0.08182261 0.90380737]]
[[0.91079925 0.09456639 0.06757666 0.96229802]]
[[0.91143418 0.07133969 0.06830159 0.97318765]]
[[0.91147503 0.06200099 0.09819509 0.9256223 ]]
[[0.91177135 0.06996655 0.07946428 0.97260297]]
[[0.91195417 0.09556728 0.0826473  0.97961534]]
[[0.91237369 0.07644139 0.09572791 0.97743695]]
[[0.91239597 0.08712244 0.08340018 0.98054003]]
[[0.91252478 0.06735626 0.09896844 0.97560077]]
[[0.91292787 0.07886295 0.07878454 0.97775156]]
[[0.91314162 0.09854476 0.09249998 0.97442667]]
[[0.91314373 0.08140907 0.0620757  0.95152301]]
[[0.91317093 0.09186683 0.09455741 0.98051559]]
[[0.91350452 0.09779278 0.09356941 0.98653571]]
[[0.91375334 0.08254227 0.08009373 0.98974506]]
[[0.91419461 0.07356266 0.09730997 0.9533407 ]]
[[0.9143494  0.09025319 0.0993352  0.98384087]]
[[0.91468901 0.09022678 0.07137432 0.97290986]]
[[0.91528716 0.08747856 0.09136098 0.91756541]]
[[0.91533271 0.09328446 0.05903171 0.96751764]]
[[0.915706   0.09844187 0.09001759 0.98053892]]
[[0.91607654 0.07332499 0.08830906 0.96281815]]
[[0.91608788 0.09156511 0.08082308 0.99040135]]
[[0.91629586 0.09762461 0.09891688 0.98579341]]
[[0.91638221 0.09651776 0.05149295 0.94866545]]
[[0.91676801 0.0952847  0.08746126 0.97788657]]
[[0.91687947 0.09766789 0.06218072 0.92074436]]
[[0.91688065 0.09163247 0.09463164 0.98697964]]
[[0.91712492 0.08322503 0.09129306 0.90068087]]
[[0.91747272 0.09208911 0.08483935 0.96634489]]
[[0.91757838 0.07883224 0.09105432 0.99110279]]
[[0.91768691 0.09525968 0.09780047 0.97902102]]
[[0.91774108 0.09322286 0.07619536 0.99065057]]
[[0.91785151 0.07998546 0.09696214 0.98236221]]
[[0.91839986 0.09187895 0.09668806 0.99123402]]
[[0.91858241 0.09377631 0.08785084 0.93216514]]
[[0.91863522 0.09650372 0.09148389 0.96752256]]
[[0.91881033 0.08555383 0.07616608 0.96775444]]
[[0.91883781 0.0915449  0.08401766 0.98548616]]
[[0.91914496 0.08722605 0.06894716 0.98815319]]
[[0.91927569 0.09730242 0.07256288 0.91573636]]
[[0.91942529 0.06285883 0.09881053 0.9105825 ]]
[[0.92051124 0.09952256 0.06895968 0.96001616]]
[[0.92147502 0.07255501 0.0788123  0.95413354]]
[[0.9217378  0.07431532 0.09460188 0.90913091]]
[[0.92178636 0.07550887 0.08320173 0.9841516 ]]
[[0.92258218 0.09794733 0.08472757 0.9747164 ]]
[[0.92346192 0.09681552 0.07939061 0.96791954]]
[[0.92487662 0.07792891 0.09197791 0.96860323]]
[[0.92511554 0.08594492 0.09917128 0.9839006 ]]
[[0.92516635 0.09628801 0.07840121 0.97295566]]
[[0.92591711 0.09787492 0.07655254 0.97876308]]
[[0.93042994 0.07954142 0.0960225  0.93802609]]
[[0.93258001 0.08991027 0.09428489 0.93533436]]
