[[0.06752831 0.90447267 0.90330133 0.01098071]]
[[0.07368403 0.91902502 0.90037479 0.04575645]]
[[0.07474537 0.90046085 0.90684761 0.01243117]]
[[0.07494677 0.90592476 0.92429172 0.01845775]]
[[0.07531453 0.90778907 0.91193426 0.02002386]]
[[0.07666578 0.91464488 0.90579799 0.01024403]]
[[0.07692749 0.92998522 0.90180656 0.07663658]]
[[0.07698683 0.90601053 0.91226478 0.02487751]]
[[0.07911164 0.91418588 0.90122659 0.0787399 ]]
[[0.07976889 0.90307772 0.93309544 0.01573148]]
[[0.07981294 0.9084599  0.91142235 0.045095  ]]
[[0.07983944 0.90631996 0.90692628 0.00823415]]
[[0.08022078 0.911785   0.93867296 0.07033513]]
[[0.08070608 0.91978945 0.90532396 0.07780553]]
[[0.08099105 0.91123144 0.91844542 0.01076825]]
[[0.08110989 0.91937637 0.90013544 0.06051623]]
[[0.08117307 0.9000393  0.91239603 0.01150969]]
[[0.08132876 0.90966389 0.93798904 0.05840879]]
[[0.08182692 0.91052857 0.90097651 0.03859504]]
[[0.08200747 0.90559683 0.90657124 0.01641956]]
[[0.08229016 0.91149181 0.93945322 0.0463208 ]]
[[0.08248053 0.90135086 0.91041832 0.02920372]]
[[0.08273828 0.93861396 0.91062848 0.04788885]]
[[0.08281232 0.91485677 0.90275134 0.00997384]]
[[0.08407303 0.90433384 0.90760706 0.03135654]]
[[0.08409127 0.90433548 0.93192049 0.01912774]]
[[0.08471318 0.91247133 0.91759178 0.02348047]]
[[0.08543213 0.92807552 0.92296449 0.02724321]]
[[0.08565679 0.90769558 0.90894319 0.06022487]]
[[0.08574256 0.91812762 0.92033456 0.02334249]]
[[0.08598366 0.90764758 0.922413   0.08273384]]
[[0.08616466 0.90521992 0.91217952 0.01661142]]
[[0.08633716 0.92348423 0.91475626 0.04547752]]
[[0.08650274 0.92676156 0.91821432 0.05198533]]
[[0.08670386 0.904712   0.92216266 0.01020726]]
[[0.08685086 0.92486226 0.9082168  0.031476  ]]
[[0.0868986  0.90519511 0.94488614 0.03981048]]
[[0.08695192 0.91238624 0.91608848 0.09403922]]
[[0.08743293 0.9279956  0.91159894 0.0398142 ]]
[[0.08755431 0.90390348 0.914143   0.01329008]]
[[0.08775865 0.91215652 0.90789345 0.05150514]]
[[0.08794723 0.9066177  0.90868138 0.06734507]]
[[0.08857233 0.91197229 0.9087414  0.01739761]]
[[0.08863159 0.91080564 0.91965633 0.04232678]]
[[0.08877588 0.90017233 0.9046777  0.03272736]]
[[0.0888157  0.90553824 0.91217185 0.01741626]]
[[0.08910775 0.90544674 0.92934995 0.02160644]]
[[0.08933988 0.91482779 0.94324081 0.01826295]]
[[0.08946565 0.9053949  0.90936244 0.06611402]]
[[0.09003571 0.90258364 0.92133651 0.01942121]]
[[0.09005152 0.92684556 0.93321191 0.04994769]]
[[0.09020769 0.90068388 0.92470375 0.01651719]]
[[0.09031979 0.90065781 0.90231474 0.02434746]]
[[0.09046431 0.90838819 0.93873264 0.07492306]]
[[0.09064203 0.93127882 0.93463511 0.03724058]]
[[0.09095069 0.91040314 0.91748012 0.01258626]]
[[0.09099087 0.9020212  0.92691212 0.01394217]]
[[0.09103274 0.91941264 0.93585359 0.01796187]]
[[0.09128469 0.90203931 0.93904604 0.02847848]]
[[0.0913557  0.91621509 0.93560645 0.0119394 ]]
[[0.09135716 0.92253127 0.91238356 0.03737069]]
[[0.09161158 0.93756822 0.92654104 0.02460697]]
[[0.0918233  0.93597326 0.91332583 0.01292764]]
[[0.0918657  0.90986801 0.91903622 0.01080475]]
[[0.0922044  0.94595465 0.91066248 0.0398464 ]]
[[0.09221624 0.90583259 0.91670403 0.03525348]]
[[0.09233842 0.90693221 0.90050428 0.07934277]]
[[0.09234137 0.91615671 0.90071807 0.01277561]]
[[0.09241274 0.90494191 0.93411439 0.03232499]]
[[0.0925115  0.95588489 0.91041211 0.06560774]]
[[0.09252944 0.93462991 0.90295138 0.08116791]]
[[0.09283361 0.91967162 0.90995375 0.02541019]]
[[0.09293312 0.94643896 0.90966163 0.054064  ]]
[[0.09321889 0.91004271 0.9509732  0.04709362]]
[[0.09335413 0.91769315 0.91792146 0.02072849]]
[[0.09359533 0.93251988 0.90680556 0.01608919]]
[[0.09393762 0.90093646 0.930523   0.01871995]]
[[0.0940369  0.93360285 0.91754049 0.03915951]]
[[0.09405093 0.93026692 0.90005603 0.02085081]]
[[0.09411184 0.90686082 0.90307271 0.02131249]]
[[0.09425731 0.91292257 0.92378892 0.03424048]]
[[0.09426564 0.91468283 0.92307104 0.04708087]]
[[0.0943386  0.91987543 0.9421934  0.02437682]]
[[0.09453417 0.9233289  0.90330349 0.04078894]]
[[0.09467552 0.9180356  0.90647667 0.0799591 ]]
[[0.09480136 0.91067486 0.90080966 0.09246918]]
[[0.09483738 0.91116362 0.90020634 0.08136242]]
[[0.09487506 0.92902334 0.90155334 0.03653227]]
[[0.09497831 0.91840384 0.93741328 0.01454794]]
[[0.09528442 0.93114965 0.91494454 0.02738953]]
[[0.0953186  0.93869384 0.90839537 0.0317452 ]]
[[0.09543228 0.92076154 0.92955538 0.02373297]]
[[0.09560221 0.91464917 0.91368176 0.09128387]]
[[0.09575716 0.90201069 0.92840191 0.01480742]]
[[0.09585807 0.9097109  0.92399184 0.02154857]]
[[0.09586716 0.91785719 0.91728193 0.06230906]]
[[0.09611185 0.9249757  0.90346411 0.06175758]]
[[0.09615338 0.94797073 0.90517458 0.02872263]]
[[0.09617438 0.91839036 0.91251616 0.04327093]]
[[0.09631056 0.92559456 0.9308244  0.04682405]]
[[0.09671561 0.94797773 0.91861586 0.03418268]]
[[0.09683838 0.91790919 0.91712137 0.03349912]]
[[0.09691931 0.94990029 0.92133389 0.07284018]]
[[0.09738469 0.90432431 0.91042017 0.02362573]]
[[0.09769417 0.91890296 0.92801026 0.05049669]]
[[0.09776319 0.92837435 0.90687631 0.01356166]]
[[0.09789362 0.91156145 0.91394621 0.0729849 ]]
[[0.09791358 0.92008066 0.9211257  0.02020257]]
[[0.09797068 0.94337511 0.90964964 0.04493935]]
[[0.09799419 0.92057863 0.90982313 0.01552659]]
[[0.09815008 0.92669601 0.93667222 0.02151759]]
[[0.09838282 0.95154824 0.90480221 0.03137106]]
[[0.09864436 0.90634546 0.93248493 0.01329227]]
[[0.09871177 0.91060326 0.91046757 0.02905682]]
[[0.09876426 0.90609753 0.92765153 0.0217207 ]]
[[0.09880194 0.93657675 0.90606049 0.05067324]]
[[0.09888253 0.96178283 0.90070006 0.01591458]]
[[0.09892381 0.92189422 0.94888355 0.0242403 ]]
[[0.09899034 0.91554876 0.90438827 0.02693936]]
[[0.09928032 0.90862177 0.95103112 0.08580779]]
[[0.09963119 0.9155292  0.92700899 0.02881436]]
[[0.09966182 0.94377124 0.91068842 0.03421206]]
[[0.09973492 0.92227071 0.92945233 0.08031819]]
[[0.09982959 0.94910316 0.93068265 0.08014869]]
