2.80121616,-5.02156213,5.10153456,3.09834295,9.2652144,-3.78001328
3.97797104,-5.7888268,8.72926273,4.15542678,-7.01389493,8.23086963
4.38974711,9.7993695,-2.71514462,4.43259715,-3.44834617,9.6768957
4.44017106,-3.6593134,9.91664968,4.58526725,-2.9746382,8.12565546
4.59749211,9.879683,-3.93292852,4.6235339,-4.22232504,8.2261454
4.66801181,-3.75071097,8.89379341,4.79056243,9.34442182,-4.81963
4.7947781,6.45650008,-5.97838322,4.87869674,9.82274577,-6.26877162
4.89590565,9.8905144,-4.86360747,4.93064613,-3.82973993,7.22107212
4.95345672,6.62642502,-6.46771324,5.04859298,-3.00397426,6.27435718
5.2375687,5.28228086,-4.312926,5.31043081,-6.19523181,7.56575789
5.33943058,9.96404834,-7.1856992,5.34617167,7.3046641,-3.83970362
5.35430677,-6.82317895,7.04117052,5.36212769,-7.22427895,9.13356111
5.42086636,5.59945795,-5.39908741,5.51722551,6.47635886,-6.4226996
5.55893208,-5.85271967,9.90150742,5.56626272,7.12287432,-3.9779203
5.60422104,-3.43039205,7.42318984,5.73116666,-4.21688684,9.97241935
5.736395,6.55324452,-5.91724897,5.747114,5.66282961,-3.00070452
5.96910208,6.9263262,-7.34639102,5.97182767,8.91170199,-2.83304593
5.98038782,-4.22777591,7.61192496,5.99397838,-6.33453981,7.92665279
6.01240601,6.24849073,-5.44488387,6.03358864,-4.8236209,6.35652059
6.05678407,4.77106791,-5.03099624,6.15518685,-6.93175917,7.32258281
6.15708747,-4.53264516,8.60644947,6.18094192,7.81684882,-4.66885012
6.19481448,9.89707917,-4.09398325,6.21664774,-6.09469072,9.48536801
6.25965581,5.79558733,-2.75760268,6.31971561,9.69290219,-5.37546329
6.34491306,7.39480072,-6.12860515,6.37252497,7.82618307,-7.56065577
6.39979947,5.17671038,-5.38789606,6.47188313,9.71199393,-4.32411703
6.53778013,-3.41141865,7.59492776,6.62633617,9.04197873,-2.6816661
6.63837674,-5.10988217,6.41302868,6.7299765,-4.65932946,9.33484148
6.77123844,9.85756999,-3.46512155,6.78176991,-4.13099655,9.9520239
6.80933565,3.6276153,-3.61469712,6.89423724,5.41653169,-2.16736396
6.92734929,7.67151509,-5.76891683,6.9441535,-4.03266721,8.91552946
6.97500877,9.94432827,-3.48009696,7.0009311,-4.47973184,6.62837921
7.00579716,9.21462373,-5.28761012,7.03406373,8.30014539,-4.62637068
7.03607044,9.57933129,-5.60229423,7.04465983,8.21368152,-5.49166963
7.0522129,7.09302563,-5.85321764,7.07516962,9.54933666,-3.35875667
7.09469161,-5.54548126,9.9571573,7.12374011,7.67503286,-4.44561636
7.12795202,-5.1339288,7.19294875,7.13786664,2.87289239,-5.96761511
7.15337846,-6.28116536,6.49996197,7.16766926,7.46453325,-3.62032282
7.17957483,8.86591074,-6.35633155,7.19141737,8.93322024,-6.23285035
7.20849533,-4.36215741,9.29967451,7.221318,8.68126367,-5.12825035
7.27889833,4.03446499,-7.70744616,7.35286464,-4.83807537,8.10187561
7.37312808,9.11152531,-7.19525933,7.37919615,9.17974823,-6.26949742
7.40189917,6.20326594,-4.62899766,7.41450249,-5.64684904,5.29808936
7.43872012,5.62573539,-7.43838931,7.44031249,9.09425845,-4.95228563
7.45338317,4.41191831,-8.20472594,7.4953829,9.82923768,-9.17601072
7.51511652,-3.76224116,8.66619501,7.52664211,6.00190971,-6.09307215
7.54682114,5.5499108,-4.34155546,7.5794893,-5.08405903,9.17652825
7.58535597,-6.98320386,9.6418959,7.6014855,-3.75962817,7.66932987
7.61650962,6.83773217,-6.10622867,7.67642442,7.37240678,-5.76416586
7.71574271,4.47475867,-3.61575918,7.7711616,-6.04440067,5.45297376
7.7752256,5.10160027,-5.60161355,7.87123931,-3.50479015,8.48032033
7.90455121,6.29811448,-3.48400463,7.90774773,-5.68090328,5.12616592
7.94635372,-4.29793862,6.49629455,7.9469668,-5.57098959,6.75326229
7.97672725,9.92171557,-5.08723388,7.98349624,8.49153318,-6.25975148
7.99271423,5.11392536,-2.55869095,8.00418387,-6.35499205,8.55396231
8.04567957,4.87914669,-3.84529815,8.09432188,-3.81426078,5.77060537
8.09926299,-5.67096256,7.5911744,8.10870482,-5.14388649,9.64022615
8.12015607,7.62724344,-3.34414275,8.12249435,-5.83995638,6.57461029
8.16371818,9.40302427,-4.00688299,8.21513941,8.2894789,-4.76601088
8.22336027,-6.32812799,5.16786192,8.23129854,-5.43536793,6.21159181
8.27353106,-6.86577286,8.81868134,8.31586557,-4.96894267,7.43202491
8.33682467,-4.15003014,6.74481386,8.33694476,8.42316473,-3.40907105
8.34586077,8.48412937,-5.48730647,8.37139066,-4.13593769,3.76949259
8.37461181,9.17460081,-7.19056333,8.39234603,5.10952495,-3.61509006
8.4018226,9.05300672,-3.0933789,8.43024192,-4.06578731,8.23871251
8.46682296,-3.54576634,6.64945004,8.47794865,9.98987858,-5.03590199
8.48081608,-5.80673342,6.11837505,8.51565432,8.51870972,-3.48814793
8.52432497,4.76155273,-4.24695527,8.55230503,5.74079011,-4.05180539
8.56391599,-3.6811146,3.75260228,8.5765653,-5.69223019,9.6551636
8.59433663,4.80732297,-6.89958458,8.64687248,9.65232351,-8.07500459
8.6697951,-7.68361025,6.39942032,8.70003487,-3.16291767,7.30875524
8.70083971,8.7948057,-5.1884771,8.70159596,-4.24648377,5.42023874
8.72688281,-7.18534659,5.16347232,8.76292768,6.00421553,-3.51555443
8.7633814,7.08524478,-5.6856519,8.7757553,8.00837899,-2.98158826
8.78735241,-5.17782775,8.59481227,8.79174406,-3.95438058,7.44866949
8.82451837,4.59999217,-4.95805065,8.8340624,9.52467741,-6.06994562
8.84027598,7.18658307,-3.52589003,8.85901367,-7.0520508,9.10536327
8.8618172,-4.22199632,5.68670842,8.87733898,6.5871519,-4.35015219
8.87823216,-5.83568902,9.56515442,8.89097036,6.13713458,-3.89242442
8.9180109,9.89704402,-4.48516612,8.95406639,5.42587717,-4.97337187
9.02206344,-8.3055634,6.96782247,9.03645497,-6.87228927,8.06159117
9.06085906,-7.96532533,8.37979225,9.07344395,-8.24171986,5.41663031
9.1044123,7.73669678,-5.36714217,9.10810545,9.49337322,-4.23740151
9.12773795,5.20854529,-5.07995382,9.13125603,6.14310901,-7.16272824
9.1377125,-3.82625117,4.93460506,9.14303672,-7.90269059,9.30110132
9.1778415,5.49269138,-5.95247055,9.17963652,-4.0591036,6.06605395
9.19702449,7.94267863,-3.23306119,9.22605909,-5.45730042,5.91010944
9.26761284,8.96448679,-6.71961228,9.29264268,-4.6797628,3.96251495
9.29387522,-3.80041738,4.97451669,9.29993939,8.68174845,-4.78497877
9.31135101,9.21462272,-4.46046462,9.31453558,-4.70411183,4.88488011
9.32333893,6.21788618,-4.84830296,9.35415182,9.8564737,-6.04238804
9.35517575,6.14461105,-4.92538489,9.3696544,8.56203199,-4.02413293
9.37007805,-3.80004129,9.25466462,9.3805455,-3.77263005,9.76628082
9.40748354,-5.09195767,8.33275946,9.4282941,5.7420652,-4.57253882
9.44089045,-5.74719377,4.25220174,9.44605744,7.69464614,-6.63806544
9.44813907,7.74106687,-3.42506024,9.45648962,9.48663707,-4.21880049
9.46102693,7.8243042,-4.08166886,9.48631749,-4.52123917,7.88983963
9.50268896,7.83983046,-5.3689452,9.50323397,-5.54858661,7.52609176
9.52252233,5.12701143,-4.8954751,9.55282443,4.56582089,-6.14015561
9.55419373,-4.07192198,9.21123151,9.55841958,-5.02884489,5.17386324
9.59927994,9.97401665,-7.63274817,9.61223919,-3.43012106,6.75429029
9.64608984,-3.23289053,8.02921845,9.65232078,7.33536464,-3.09179183
9.65441911,4.59852462,-3.84983761,9.66832696,-6.48149664,6.69420239
9.6694996,5.88151823,-4.16615269,9.69724224,6.83238398,-7.87967153
9.73954803,8.59795252,-3.51169115,9.76460787,3.81560307,-6.02550004
9.77880388,6.03969399,-6.36346241,9.79928211,-5.11664263,9.80345493
9.87301716,5.81076952,-5.67937646,9.87441976,-4.77895473,8.90600833
9.89627583,9.77098986,-5.69013394,9.90882145,5.83009548,-8.44290464
9.93043882,3.32328089,-3.58124117,9.94483627,-4.70530534,6.24063724
9.95726057,-6.87831786,6.73384303,9.96880241,-4.39083649,7.58302427
9.97387051,-6.39961894,9.80405197,9.97557762,8.33747632,-5.68269545
9.98153959,5.74695883,-4.47663401,9.98358628,-6.40302554,9.29735242
9.99711882,-5.45908624,8.5781182,-2.51983447,7.78879566,8.65367733
-2.7573532,6.10107521,9.07089434,-2.80745313,4.7987593,4.32403901
-2.83063644,8.89867874,7.19997166,-2.84544838,9.20190481,8.17531932
-2.87150563,8.34534806,6.62480916,-3.00623868,9.83629152,7.42855421
-3.03726536,5.38285117,8.21220881,-3.08983408,9.57202646,9.72859312
-3.1325112,7.10167855,8.88362197,-3.16322963,4.59865769,8.7088287
-3.17341866,9.43061153,7.78704852,-3.17404846,4.37978007,9.47842138
-3.28105793,7.97440162,8.59136255,-3.29296172,6.78719573,9.1797254
-3.30966729,7.68257258,5.83236223,-3.3276409,8.61023917,7.00634049
-3.36662951,7.30334023,9.15891462,-3.44870419,8.49923252,8.70962757
-3.46027635,6.7246183,6.53816233,-3.53975187,4.26389306,9.98301578
-3.62811614,6.95090535,6.78680599,-3.64765152,9.77710155,9.17009718
-3.65708744,5.78884113,4.87480587,-3.66249313,5.6809647,9.16629632
-3.67634377,8.3824738,9.89147282,-3.6824224,9.70876009,9.40308539
-3.9088709,9.56081727,9.74120084,-4.03356695,9.46669422,8.40597526
-4.05315866,4.3027287,6.39833032,-4.07467829,9.13563732,9.48120534
-4.09516338,5.77051138,5.83413331,-4.09639957,8.19507084,8.94326651
-4.10009561,7.97660448,3.83750658,-4.12709964,4.96741549,5.87484931
-4.17184355,8.24854822,5.91271329,-4.23492352,8.53727749,9.80558994
-4.23672038,9.83957216,4.45261342,-4.24943615,8.83738924,7.68387862
-4.25709991,7.94816377,7.30934963,-4.27917966,6.91620913,9.39671468
-4.3107044,8.76178084,6.05547936,-4.37059662,6.90331655,5.8110067
-4.43313,4.2355249,8.72338508,-4.46420454,6.33906137,7.47854651
-4.54782894,6.63371466,2.58749459,-4.59324507,7.26674841,5.54101658
-4.74787851,6.0923653,9.96865301,-4.78248404,8.65530109,9.1797579
-4.78884298,5.79399647,6.10785795,-4.79632338,5.06393643,9.13077359
-4.82259237,9.43555423,4.55122843,-4.82267095,6.56529134,8.5952711
-4.84866544,7.21036499,8.74302141,-4.8607088,9.36701309,2.76295623
-4.8703579,8.92354736,6.06783156,-4.87864918,9.63964378,7.99321778
-4.89369198,7.9814104,9.95998633,-4.89713216,6.77202964,8.9395363
-4.97524325,6.28985135,5.35145207,-5.00532652,8.72261772,7.3994603
-5.07305317,7.69050378,6.74672845,-5.10078264,7.38571307,7.44620395
-5.19251178,9.92096944,6.72251256,-5.22961852,9.94510445,8.38210481
-5.27251386,7.81534169,3.76666938,-5.38136686,8.59298101,5.65512295
-5.39310022,9.8528824,9.30232421,-5.44138921,8.45188778,9.78244738
-5.45373462,8.30097664,4.80929164,-5.5376744,3.9941116,7.30947069
-5.53926959,9.35987046,6.74922589,-5.55192819,6.75771652,8.72056329
-5.56433402,8.33002289,7.54010113,-5.6548329,8.39702481,4.8453391
-5.68628412,9.4711712,9.32807966,-5.69293313,8.20088604,9.47366018
-5.72028832,9.00355816,6.31900316,-5.75294084,8.43182147,6.28152361
-5.78704344,5.99684886,6.73058122,-5.80165284,6.4997378,7.26794967
-5.81429756,3.77752539,6.04662224,-5.87593378,9.68819959,8.26304166
-6.00966683,8.3079673,6.21334358,-6.03596351,9.61518886,7.79512285
-6.04593981,6.21200185,8.27654386,-6.09853582,7.01091995,4.46470309
-6.11455967,8.00393509,8.84572916,-6.1860356,9.3890617,5.98084659
-6.2619011,9.05920165,7.05857551,-6.29503339,7.42789354,9.19591228
-6.3015092,9.55357031,9.94688139,-6.30980696,9.84643248,5.15227526
-6.3156503,7.18022843,8.46277656,-6.42386386,9.86526547,8.14473985
-6.44240059,6.61963436,8.72956639,-6.46619066,9.65698092,8.7229665
-6.64160819,9.81009025,4.82223697,-6.64429778,5.0264135,9.20187012
-6.66990222,7.0050745,8.11132664,-6.69306159,8.02876271,8.8953474
-6.72220636,8.5881772,6.04492734,-6.74012206,9.52413457,9.99272085
-6.81623786,5.35922934,9.32805964,-6.91272249,3.72864972,9.2865287
-7.10080137,9.60390399,9.29796449,-7.11289617,8.88160964,4.77168635
-7.17212147,8.39873968,6.00022417,-7.1954967,6.37949239,8.53508272
-7.19777705,8.52409905,8.54033376,-7.25040336,8.53523997,6.91426887
-7.52663169,6.3538809,7.89795919,-7.67736772,6.37094396,5.79491415
-7.87198274,8.30007588,7.02358213,-8.0223582,7.3225489,9.40053222
-8.2287443,3.75804592,8.72225306,3.41554686,-6.79317913,9.53069378
3.41899793,8.28908695,-4.09654022,3.45396162,-5.03218454,5.30199634
3.5207195,8.14890959,-4.56233214,3.52132383,8.11748112,-4.6468471
3.9316964,4.89410122,-5.29340911,3.93895619,8.76201985,-7.09265168
3.94339784,9.87226926,-4.27035872,4.07312007,-4.87749832,9.87608796
4.07686265,6.09717076,-5.09096036,4.15376663,8.4382405,-3.1058476
4.15959495,4.70251922,-4.98540649,4.22031923,7.11461223,-5.29385964
4.34047313,-5.5850941,7.73567974,4.34365843,-2.47098904,9.45349305
4.58289667,-3.51690081,9.71639636,4.64091326,-5.86502667,7.90482286
4.64425657,8.49433534,-4.52577594,4.65600553,6.36535663,-5.33104941
4.67406412,7.49052261,-7.34947677,4.73301534,-8.22315824,4.61214876
4.75823895,-3.18743386,6.80942588,4.77296582,-8.2273426,7.56638452
4.94036212,7.08750821,-6.71129699,4.94841952,-8.14575862,6.28179971
4.99750196,4.68616624,-5.25550942,5.03383034,8.37375276,-3.82825226
5.04769307,-4.80425645,9.34163453,5.15778454,-6.47006768,5.08150827
5.22024209,8.49695595,-6.07008359,5.23219072,9.64887768,-5.75589241
5.297429,-3.28318908,9.17316596,5.33787461,-6.27849802,9.71783286
5.34229166,-6.27418732,3.89611368,5.45370486,-7.01803841,8.11579354
5.46657976,-4.83846158,9.21279858,5.46900205,-8.25446331,6.8442912
5.51970484,-4.67589684,9.6219466,5.52256486,8.59416374,-5.65610478
5.54920504,7.27388577,-3.73837158,5.64028794,8.21716172,-8.2652076
5.65627475,-6.2071016,6.5742929,5.75604965,-7.19233521,9.8200063
5.7705424,8.20455014,-2.92154642,5.82978553,-3.93632162,6.82352628
5.84011111,3.99995558,-6.20494355,5.84108716,8.38190243,-3.18680912
5.86962725,6.18763583,-4.07241377,5.88326855,-5.20467995,7.29397141
6.01602984,7.11196498,-6.02853507,6.05495769,-4.19539022,6.09219401
6.15928515,-3.34361569,9.54235765,6.2529912,8.2443297,-6.14780156
6.26552295,-2.93936133,8.22141332,6.46116742,-8.04282759,6.86812925
6.48244604,9.56711593,-7.39022142,6.48641411,8.9490722,-5.24609302
6.49194294,8.67698534,-7.02062246,6.61434346,-3.91161809,9.76806245
6.61564989,-3.60516032,3.98064272,6.63178049,8.72400837,-4.16007559
6.64999361,5.70632648,-5.1164663,6.66112548,-3.61954809,9.20672053
6.71473586,5.07278901,-4.37388105,6.73889516,5.31402022,-5.7310476
6.76904435,-5.34903112,7.11210737,6.82624118,-6.74187473,9.75125198
6.83165054,-3.41402465,8.27967773,6.86499178,6.12640073,-5.70496368
6.95836009,-6.11372089,5.68118738,6.9934578,-4.71681074,5.54965542
7.00556833,-4.42173475,6.84061323,7.04028489,-5.56205381,9.20635105
7.05156444,-4.11135888,8.15722506,7.08229756,-6.66344459,5.24903979
7.08420236,-2.91974099,4.96578778,7.09752049,-7.4045162,7.34470837
7.11243325,9.48341026,-6.5433312,7.11333165,-4.78427959,6.9295827
7.13600585,-5.81143466,4.9560593,7.14176974,7.24888458,-2.93958509
7.14285908,6.73319924,-4.95328045,7.14867383,-5.35635532,8.09444728
7.15337469,5.15617119,-7.81624713,7.16949279,-5.80033466,6.90732887
7.22685772,6.80859536,-4.11832821,7.22844874,-5.77787112,7.77394989
7.23119062,8.01059782,-4.15294892,7.2316313,6.18609336,-7.11057343
7.30457101,3.99178563,-6.31323157,7.31496289,-3.82755803,5.45193229
7.32982969,-7.12010252,7.00768666,7.35370638,-3.79302398,6.30162103
7.37484018,-4.94624546,9.49469434,7.38116354,8.46791909,-7.12847371
7.40608094,-3.7231114,8.88407968,7.41365708,-6.47626165,6.53313494
7.42512869,-5.79171363,8.03044766,7.44240554,-4.95108903,8.32081513
7.44604074,-6.81812899,6.04120308,7.5777089,-4.96072758,6.73691192
7.58999424,9.1772417,-2.97952999,7.60602711,6.08751208,-3.66837215
7.63582801,-5.39000073,7.90583299,7.63936765,9.9986538,-4.85601383
7.65484073,-3.91703402,9.11068508,7.65881981,-6.40581337,7.36906604
7.69847254,6.44456158,-6.64436877,7.72644286,-6.26121702,4.10454436
7.74411138,-4.26545076,5.36662738,7.77345123,7.87162061,-2.89795915
7.80256581,9.15881238,-3.74169784,7.81753966,5.15001013,-4.74216435
7.82909002,-5.37029475,7.86220004,7.83721237,-7.63157324,4.3682582
7.83908107,7.00667647,-5.27501526,7.86610917,8.46108123,-6.80481568
7.88852226,7.5970692,-7.08941135,7.89999545,-4.18418982,5.32965027
7.92695798,-6.50769521,6.10716494,7.94147854,8.29688059,-4.53538974
7.94466945,8.92249639,-3.9800933,7.95389908,8.75293248,-2.78922922
7.97200063,8.72677691,-5.60690298,8.00342051,-4.95246772,6.78628378
8.00451049,-4.62878485,4.31474429,8.00490983,-6.35195321,7.86338947
8.01223828,5.24243084,-4.0432023,8.1337401,4.52069137,-5.51459146
8.1935545,8.174999,-4.5920441,8.27386703,3.99657818,-3.09771136
8.30411219,9.89103689,-9.03227488,8.30946154,-5.08156321,9.6857577
8.33300278,-5.93760023,6.03641443,8.36579187,-6.99605252,6.18353226
8.37433978,9.36559248,-4.33208533,8.37498781,5.36064446,-2.97168171
8.38738404,6.92231005,-4.21100408,8.40675064,6.66219776,-4.8937848
8.41873033,6.13454011,-4.5417155,8.42262706,-4.08938519,6.46503313
8.44048136,5.38331561,-6.723114,8.45084189,-4.44973249,8.81639359
8.46654294,5.27936841,-4.87555499,8.4731439,3.64385506,-6.22941357
8.47327221,-4.96876984,5.33125263,8.4758638,-3.97806976,9.81146179
8.49743247,8.4898519,-4.66412697,8.49973004,-3.54869012,4.53949837
8.50162319,6.83906776,-2.6970044,8.53830356,3.34396304,-3.88760389
8.53930474,-8.15927033,8.19206206,8.55000239,7.62128725,-8.06516909
8.58694492,5.28953505,-4.32325592,8.59666637,-3.59109082,8.8133688
8.59998218,-4.82521526,9.68751553,8.62361128,-6.66491914,6.70573877
8.64849497,-3.74381021,9.49995504,8.64856526,7.36728909,-5.47813866
8.65786066,8.99540664,-6.92963052,8.69883539,-5.97190564,8.45443098
8.74720532,-6.82496636,5.07711327,8.75428501,8.54412108,-6.60178117
8.76164583,-6.13161399,9.73306455,8.79643917,8.16330152,-6.0266498
8.82717078,-6.05301213,7.67674292,8.88296813,3.68717972,-5.15146151
8.89237819,-6.20731217,7.24940001,8.89709222,8.88225034,-5.8071776
8.912645,4.28975076,-4.92073058,8.91331332,-3.84054333,6.46793541
8.92725355,-3.57301653,5.82082113,8.93279124,-5.03299255,9.42413885
8.96182495,-5.85484572,7.19947152,8.97861255,8.36882238,-6.87557499
9.01559108,6.10841711,-4.89305672,9.0248647,-3.35492739,9.11992034
9.03044363,-5.06765248,8.69894423,9.06106754,-7.98492617,6.78480495
9.07298419,9.91155649,-4.71801215,9.07462961,3.79101868,-7.07951824
9.10969681,-4.91587748,8.25403258,9.1415659,-6.05899048,6.65916891
9.14762892,-3.44159117,8.33665149,9.17443432,-2.51313398,7.63306495
9.20248678,4.77417203,-5.27908037,9.22531558,-6.27720895,8.85871238
9.22901196,-3.27450476,8.12095748,9.23125103,4.487334,-6.02249588
9.27502026,7.16045001,-4.3757826,9.29379223,5.99191918,-4.50168878
9.3765134,-7.20247145,7.80779891,9.38242162,8.83773738,-5.13733652
9.41058588,-3.58009227,8.20898251,9.43377116,-5.85968015,9.8036494
9.46765551,7.2567329,-3.41944348,9.46805046,-8.26099749,9.51037475
9.4705533,-6.82081483,8.42448538,9.47806349,-7.39499157,7.41535522
9.48800085,4.38554518,-6.08676278,9.48914845,6.91537792,-4.75353081
9.50207476,8.61512794,-7.52532058,9.53046556,-7.96723756,8.28088152
9.5320443,8.37703484,-1.91786453,9.57393314,-6.08825999,4.06221385
9.5826195,4.84521268,-4.19112614,9.61210843,-4.15059677,5.97290204
9.66053307,4.85864572,-3.52632442,9.66570532,9.2083865,-4.32181809
9.66734451,-4.43354631,9.49470833,9.67426982,-4.68354833,4.69357748
9.7090542,-7.33690649,3.42056083,9.73131959,-6.42031209,8.43242617
9.74619925,4.4621229,-7.2465396,9.75026147,-4.27204549,6.51415299
9.75481894,9.01406731,-5.74715583,9.76867669,6.55418399,-5.32787023
9.78575319,4.34896203,-4.98975067,9.78761475,7.94629893,-6.40140283
9.80926045,8.56595269,-3.65095478,9.83816299,-3.83222872,3.19996329
9.84717981,9.17847369,-6.14518479,9.90835738,-6.65830133,8.10941885
9.92083753,7.75726244,-3.65434655,9.99013817,-7.50866787,3.93489635
-2.65357804,8.63138,4.37193763,-2.72989874,6.4547763,7.84115518
-2.98637182,9.43790488,9.11954572,-3.00400556,7.18331434,8.70010772
-3.0641189,9.77895004,9.81606982,-3.24865132,9.53733799,8.42574043
-3.32613811,4.90043405,7.8573355,-3.3816734,9.13161969,8.15102029
-3.39620504,3.19728023,9.69745889,-3.40497214,9.10086697,9.85979321
-3.45392147,9.52753442,5.90915151,-3.45819957,9.45511929,9.18100261
-3.47322178,7.91116762,8.26379234,-3.66993487,5.89140966,5.030755
-3.71958824,8.23200069,6.07005239,-3.72169764,8.84254707,6.83288568
-3.73556473,8.2282017,9.46045696,-3.7605927,9.38284581,5.66725381
-3.7642974,8.11449341,8.18265499,-3.80806118,8.6829736,6.77568032
-3.88624901,9.3636111,8.8498818,-3.92464604,5.83003073,7.43372276
-3.93248148,8.0021965,4.42266001,-3.94022909,8.50058802,5.09094397
-3.94903668,8.48813146,9.66278132,-3.97135167,9.51886739,5.76580557
-4.03192335,7.32633503,5.32701951,-4.09007678,8.48423415,7.27027987
-4.12262899,3.5139221,9.88527109,-4.1758877,8.47637938,7.70796756
-4.20092798,8.2927736,8.21978765,-4.22511798,8.54102806,5.47248686
-4.28470355,9.7994866,6.48351561,-4.316045,6.11703556,7.93231685
-4.3184625,6.97928791,6.74689344,-4.31935318,4.17608358,7.19955612
-4.36533583,9.06135526,7.98901607,-4.4213133,9.20028091,5.06507014
-4.46829464,6.32967554,9.6413425,-4.51244442,6.64205301,9.49573618
-4.51463045,8.83820174,9.31488962,-4.54080055,9.03769092,8.5908542
-4.55629404,7.85685137,7.93431105,-4.57591756,9.73099296,9.54352772
-4.6117264,8.53519955,9.2205306,-4.7230231,6.02150218,7.98288622
-4.75920641,5.03652338,8.58675989,-4.77365735,9.13998407,9.79889205
-4.84926677,7.49416089,5.31297644,-4.87291317,7.26493982,6.55899459
-4.88337384,9.25159928,5.08179475,-4.8842338,5.32893655,6.21399826
-4.91744358,9.9277007,7.50220408,-4.93205017,7.91917305,5.41302192
-4.95494762,7.83848298,5.31020935,-4.95909306,6.02861116,9.11195645
-4.96323764,4.22873192,7.92682526,-5.02921292,7.11797007,9.67774391
-5.15010447,5.84989777,7.2268,-5.1751851,3.10353657,9.53893022
-5.23111911,8.89415649,9.57316743,-5.31609101,5.40573251,8.2566869
-5.33262787,4.87004299,8.14818927,-5.33452384,7.47474639,8.67087248
-5.36930676,5.10122713,6.55244647,-5.37084777,6.58968564,6.34328984
-5.38340342,7.29574027,6.36064363,-5.39617146,7.25270496,7.17873595
-5.40037603,7.09493541,4.63006012,-5.41218314,9.74898073,8.13373827
-5.5021717,5.96546169,5.35027644,-5.52629873,9.07714134,5.55257842
-5.57975436,9.48082925,5.15887178,-5.61149578,8.50239762,6.78223838
-5.61532083,7.08805992,5.70536822,-5.70592116,7.20035134,6.96416352
-5.72108147,4.87305312,9.97197231,-5.72747983,7.9663426,4.01606675
-5.74273688,7.00621129,7.97122032,-5.75696529,7.19128412,7.05565373
-5.8128963,8.28086728,9.67287326,-5.85427699,4.90733808,8.13199657
-5.9252279,6.3198892,9.94653497,-5.96112425,5.71516114,9.12870998
-5.97197581,3.18594733,8.63318849,-5.98913442,9.76906515,4.7298565
-6.11943504,8.66578711,5.87758066,-6.12129,8.309646,7.9919106
-6.25661091,6.34132297,9.26520904,-6.27450456,8.99171358,4.10585251
-6.37652343,8.92832279,5.53958545,-6.38454387,9.35194946,7.52304242
-6.39416611,6.11537187,6.49049395,-6.4617138,8.86855353,6.1034547
-6.50392551,9.32098492,5.60843931,-6.51269267,8.99649926,7.45708553
-6.56532606,6.80406396,5.72020368,-6.58344438,9.87222683,8.56619583
-6.71771193,7.16155992,8.50050059,-6.75425375,7.70952208,7.3356299
-6.76256145,7.78581713,7.15432877,-7.15007243,9.15822742,8.74827221
-7.22434064,5.55648399,9.02412348,-7.22760206,5.2913835,7.12199079
-7.35031793,7.76058436,8.74862812,-7.5018696,8.45857192,7.59851732
-7.54681269,7.88113567,7.84314364,-7.55081527,8.13835293,8.9574688
-7.5648971,5.93457952,8.0441782,-7.66867224,6.71627411,9.85740665
-7.75615131,7.81754868,7.39906426,-7.75972511,8.23252719,9.90761972
-7.86446206,6.53397981,9.70196878,-8.07446758,9.77515753,9.48340075
