[[0.         0.52245211 0.52245211 0.        ]]
[[0.         0.57245314 0.57245314 0.        ]]
[[0.        0.4551298 0.4551298 0.       ]]
[[0.         0.52916649 0.52916649 0.        ]]
[[0.         0.47955961 0.47955961 0.        ]]
[[0.         0.46590123 0.46590123 0.        ]]
[[0.         0.24401306 0.24401306 0.        ]]
[[0.         0.49740854 0.49740854 0.        ]]
[[0.         0.43206324 0.43206324 0.        ]]
[[0.         0.59305684 0.59305684 0.        ]]
[[0.         0.59964162 0.59964162 0.        ]]
[[0.         1.24281124 1.24281124 0.27185091]]
[[0.         0.51879835 0.51879835 0.        ]]
[[0.         1.23902277 1.23902277 0.18246367]]
[[0.         0.28846018 0.28846018 0.        ]]
[[0.         0.48233073 0.48233073 0.        ]]
[[0.         0.47254733 0.47254733 0.        ]]
[[0.         0.48039658 0.48039658 0.        ]]
[[0.         0.45195869 0.45195869 0.        ]]
[[0.         0.51531474 0.51531474 0.        ]]
[[0.         0.47306787 0.47306787 0.        ]]
[[0.         0.38490042 0.38490042 0.        ]]
[[0.         1.2428585  1.2428585  0.15417507]]
[[0.         0.49856938 0.49856938 0.        ]]
[[0.         1.24395029 1.24395029 0.12671112]]
[[0.         0.52798329 0.52798329 0.        ]]
[[0.         0.33769371 0.33769371 0.        ]]
[[0.        0.2577072 0.2577072 0.       ]]
[[0.         0.48928131 0.48928131 0.        ]]
[[0.         0.51657059 0.51657059 0.        ]]
[[0.         0.30272369 0.30272369 0.        ]]
[[0.         0.41825612 0.41825612 0.        ]]
[[0.         0.46613252 0.46613252 0.        ]]
[[0.        0.4340625 0.4340625 0.       ]]
[[0.         0.42971084 0.42971084 0.        ]]
[[0.         1.24395064 1.24395064 0.12673052]]
[[0.         0.58945238 0.58945238 0.        ]]
[[0.         1.23866805 1.23866805 0.1844509 ]]
[[0.         0.32418775 0.32418775 0.        ]]
[[0.         0.26240256 0.26240256 0.        ]]
[[0.         0.47611156 0.47611156 0.        ]]
[[0.         0.45126509 0.45126509 0.        ]]
[[0.         0.48943052 0.48943052 0.        ]]
[[0.         1.22990129 1.22990129 0.22317888]]
[[0.         0.40498314 0.40498314 0.        ]]
[[0.         1.13581754 1.13581754 0.21925281]]
[[0.       0.323013 0.323013 0.      ]]
[[0.         0.45432182 0.45432182 0.        ]]
[[0.         0.27578967 0.27578967 0.        ]]
[[0.         0.51539516 0.51539516 0.        ]]
[[0.         0.44767381 0.44767381 0.        ]]
[[0.         0.54858245 0.54858245 0.        ]]
[[0.         0.34971965 0.34971965 0.        ]]
[[0.         0.42707503 0.42707503 0.        ]]
[[0.         0.24259834 0.24259834 0.        ]]
[[0.         0.44440649 0.44440649 0.        ]]
[[0.         0.45042277 0.45042277 0.        ]]
[[0.         0.37867211 0.37867211 0.        ]]
[[0.         1.23368075 1.23368075 0.20821531]]
[[0.         0.59243448 0.59243448 0.        ]]
[[0.        0.3389269 0.3389269 0.       ]]
[[0.         0.62955051 0.62955051 0.        ]]
[[0.         0.70565163 0.70565163 0.        ]]
[[0.         1.24354569 1.24354569 0.11699214]]
[[0.         1.23191524 1.23191524 0.21543223]]
[[0.         0.43472178 0.43472178 0.        ]]
[[0.         0.49899721 0.49899721 0.        ]]
[[0.         0.51926129 0.51926129 0.        ]]
[[0.         1.24364347 1.24364347 0.14333175]]
[[0.         0.38125543 0.38125543 0.        ]]
[[0.         1.16717188 1.16717188 0.21908173]]
[[0.         0.52965421 0.52965421 0.        ]]
[[0.         1.21263353 1.21263353 0.23139635]]
[[0.         1.09273198 1.09273198 0.20781879]]
[[0.         0.43040229 0.43040229 0.        ]]
[[0.         0.23815278 0.23815278 0.        ]]
[[0.         0.32187626 0.32187626 0.        ]]
[[0.         0.44577742 0.44577742 0.        ]]
