[[0.         0.90914705 0.95538191 0.01062148]]
[[0.         0.52245211 0.52245211 0.        ]]
[[-1.41894975  0.52674416]
 [ 0.52674416 -1.41894975]]
[[0.99185172]
 [0.99185172]]
[[0.         0.92439307 0.90942546 0.07148109]]
[[0.         0.57245314 0.57245314 0.        ]]
[[ 0.56939447 -1.29553899]
 [-1.29553899  0.56939447]]
[[1.00537179]
 [1.00537179]]
[[0.         0.90321334 0.94527781 0.        ]]
[[0.        0.4551298 0.4551298 0.       ]]
[[ 0.46165444 -1.45592475]
 [-1.45592475  0.46165444]]
[[0.98586682]
 [0.98586682]]
[[0.         0.92573918 0.9054617  0.05204565]]
[[0.         0.52916649 0.52916649 0.        ]]
[[ 0.53327138 -1.41469982]
 [-1.41469982  0.53327138]]
[[0.99230243]
 [0.99230243]]
[[0.         0.91256971 0.91604413 0.        ]]
[[0.         0.47955961 0.47955961 0.        ]]
[[-1.44382051  0.48519398]
 [ 0.48519398 -1.44382051]]
[[0.9883874]
 [0.9883874]]
[[0.         0.93016266 0.91979745 0.05126244]]
[[0.         0.46590123 0.46590123 0.        ]]
[[ 0.47202112 -1.45079588]
 [-1.45079588  0.47202112]]
[[0.98703473]
 [0.98703473]]
[[0.         0.91377416 0.906497   0.09404202]]
[[0.         0.24401306 0.24401306 0.        ]]
[[-1.60444837  0.25632026]
 [ 0.25632026 -1.60444837]]
[[0.95198509]
 [0.95198509]]
[[0.         0.9083645  0.96719849 0.04057554]]
[[0.         0.49740854 0.49740854 0.        ]]
[[-1.43398127  0.50245221]
 [ 0.50245221 -1.43398127]]
[[0.98996189]
 [0.98996189]]
[[0.         0.94762788 0.91226209 0.06815032]]
[[0.         0.43206324 0.43206324 0.        ]]
[[ 0.43952504 -1.46567285]
 [-1.46567285  0.43952504]]
[[0.98302305]
 [0.98302305]]
[[0.         0.92398177 0.92675939 0.02303669]]
[[0.         0.59305684 0.59305684 0.        ]]
[[-1.37036746  0.59565205]
 [ 0.59565205 -1.37036746]]
[[0.99564307]
 [0.99564307]]
[[0.         0.95023876 0.94504325 0.0049275 ]]
[[0.         0.59964162 0.59964162 0.        ]]
[[ 0.60210688 -1.36544923]
 [-1.36544923  0.60210688]]
[[0.99590561]
 [0.99590561]]
[[0.         0.96531636 0.91577842 0.08151157]]
[[0.         1.24281124 1.24281124 0.27185091]]
[[-0.8904028   0.99974417]
 [ 0.99974417 -0.8904028 ]]
[[1.24312927]
 [1.24312927]]
[[0.         0.92920655 0.9118529  0.        ]]
[[0.         0.51879835 0.51879835 0.        ]]
[[-1.42122502  0.52319474]
 [ 0.52319474 -1.42122502]]
[[0.99159703]
 [0.99159703]]
[[0.         0.9584213  0.98160268 0.09828601]]
[[0.         1.23902277 1.23902277 0.18246367]]
[[-0.92576313  0.99934715]
 [ 0.99934715 -0.92576313]]
[[1.23983219]
 [1.23983219]]
[[0.         0.90200176 0.94535568 0.08396053]]
[[0.         0.28846018 0.28846018 0.        ]]
[[-1.57487139  0.30010937]
 [ 0.30010937 -1.57487139]]
[[0.96118351]
 [0.96118351]]
[[0.         0.94667387 0.95581019 0.        ]]
[[0.         0.48233073 0.48233073 0.        ]]
[[-1.44234477  0.48787021]
 [ 0.48787021 -1.44234477]]
[[0.98864558]
 [0.98864558]]
[[0.         0.95805725 0.91227392 0.0489768 ]]
[[0.         0.47254733 0.47254733 0.        ]]
[[ 0.47842719 -1.44746502]
 [-1.44746502  0.47842719]]
[[0.98771001]
 [0.98771001]]
[[0.         0.95502345 0.93866531 0.0518134 ]]
[[0.         0.48039658 0.48039658 0.        ]]
[[-1.44337687  0.48600216]
 [ 0.48600216 -1.44337687]]
[[0.98846593]
 [0.98846593]]
[[0.         0.92145296 0.90962756 0.01434854]]
[[0.         0.45195869 0.45195869 0.        ]]
[[-1.45736806  0.45860634]
 [ 0.45860634 -1.45736806]]
[[0.98550466]
 [0.98550466]]
[[0.         0.92579709 0.9326933  0.        ]]
[[0.         0.51531474 0.51531474 0.        ]]
[[ 0.51981226 -1.42336911]
 [-1.42336911  0.51981226]]
[[0.99134781]
 [0.99134781]]
[[0.         0.95746993 0.91729293 0.04545739]]
[[0.         0.47306787 0.47306787 0.        ]]
[[ 0.47892924 -1.44719899]
 [-1.44719899  0.47892924]]
[[0.98776151]
 [0.98776151]]
[[0.         0.94242678 0.90605639 0.06777717]]
[[0.         0.38490042 0.38490042 0.        ]]
[[ 0.39436272 -1.50022385]
 [-1.50022385  0.39436272]]
[[0.97600611]
 [0.97600611]]
[[0.         0.94677554 0.95776211 0.07254159]]
[[0.         1.2428585  1.2428585  0.15417507]]
[[ 1.00008158 -0.93805213]
 [-0.93805213  1.00008158]]
[[1.24275711]
 [1.24275711]]
[[0.         0.96236221 0.92446048 0.        ]]
[[0.         0.49856938 0.49856938 0.        ]]
[[-1.43331491  0.50357627]
 [ 0.50357627 -1.43331491]]
[[0.99005734]
 [0.99005734]]
[[0.         0.98353699 0.96823957 0.03709956]]
[[0.         1.24395029 1.24395029 0.12671112]]
[[ 1.00054925 -0.94959034]
 [-0.94959034  1.00054925]]
[[1.24326742]
 [1.24326742]]
[[0.         0.93057515 0.92023469 0.08826612]]
[[0.         0.52798329 0.52798329 0.        ]]
[[ 0.5288952  -1.35108246]
 [-1.35108246  0.5288952 ]]
[[0.99827582]
 [0.99827582]]
[[0.         0.9279148  0.96429879 0.04682107]]
[[0.         0.33769371 0.33769371 0.        ]]
[[ 0.34853893 -1.53944697]
 [-1.53944697  0.34853893]]
[[0.96888376]
 [0.96888376]]
[[0.         0.90605794 0.90930335 0.02821545]]
[[0.        0.2577072 0.2577072 0.       ]]
[[ 0.26957951 -1.59384949]
 [-1.59384949  0.26957951]]
[[0.95595991]
 [0.95595991]]
[[0.         0.9003258  0.95143031 0.03667063]]
[[0.         0.48928131 0.48928131 0.        ]]
[[-1.43855798  0.494588  ]
 [ 0.494588   -1.43855798]]
[[0.98927048]
 [0.98927048]]
[[0.         0.90122629 0.9485326  0.03403425]]
[[0.         0.51657059 0.51657059 0.        ]]
[[-1.36464797  0.51840709]
 [ 0.51840709 -1.36464797]]
[[0.99645742]
 [0.99645742]]
[[0.         0.91485751 0.95512494 0.06636456]]
[[0.         0.30272369 0.30272369 0.        ]]
[[-1.56521513  0.31420014]
 [ 0.31420014 -1.56521513]]
[[0.96347407]
 [0.96347407]]
[[0.         0.94576733 0.91049403 0.07643231]]
[[0.         0.41825612 0.41825612 0.        ]]
[[ 0.42632907 -1.47060121]
 [-1.47060121  0.42632907]]
[[0.98106405]
 [0.98106405]]
[[0.         0.92530061 0.9524716  0.03943237]]
[[0.         0.46613252 0.46613252 0.        ]]
[[-1.45068204  0.47224393]
 [ 0.47224393 -1.45068204]]
[[0.98705879]
 [0.98705879]]
[[0.         0.90867422 0.93627058 0.03995983]]
[[0.        0.4340625 0.4340625 0.       ]]
[[-1.45411915  0.4413473 ]
 [ 0.4413473  -1.45411915]]
[[0.98349418]
 [0.98349418]]
[[0.         0.90748569 0.91229106 0.        ]]
[[0.         0.42971084 0.42971084 0.        ]]
[[ 0.43727397 -1.46656365]
 [-1.46656365  0.43727397]]
[[0.98270391]
 [0.98270391]]
[[0.         0.99690971 0.95669867 0.03364733]]
[[0.         1.24395064 1.24395064 0.12673052]]
[[ 1.00054901 -0.94958232]
 [-0.94958232  1.00054901]]
[[1.24326807]
 [1.24326807]]
[[0.         0.92343472 0.94823026 0.00099285]]
[[0.         0.58945238 0.58945238 0.        ]]
[[ 0.59212063 -1.3730348 ]
 [-1.3730348   0.59212063]]
[[0.99549374]
 [0.99549374]]
[[0.         0.97350285 0.95003623 0.05740868]]
[[0.         1.23866805 1.23866805 0.1844509 ]]
[[-0.9248834   0.99928555]
 [ 0.99928555 -0.9248834 ]]
[[1.23955365]
 [1.23955365]]
[[0.         0.90565272 0.9095333  0.05080127]]
[[0.         0.32418775 0.32418775 0.        ]]
[[ 0.33531348 -1.54974104]
 [-1.54974104  0.33531348]]
[[0.96681989]
 [0.96681989]]
[[0.         0.90112877 0.91210492 0.09125809]]
[[0.         0.26240256 0.26240256 0.        ]]
[[ 0.27425329 -1.59112435]
 [-1.59112435  0.27425329]]
[[0.95678911]
 [0.95678911]]
[[0.         0.93915322 0.90986065 0.        ]]
[[0.         0.47611156 0.47611156 0.        ]]
[[ 0.48186567 -1.44562888]
 [-1.44562888  0.48186567]]
[[0.9880587]
 [0.9880587]]
[[0.         0.90323046 0.92292134 0.05184044]]
[[0.         0.45126509 0.45126509 0.        ]]
[[-1.45767957  0.45793989]
 [ 0.45793989 -1.45767957]]
[[0.98542429]
 [0.98542429]]
[[0.         0.93561253 0.95926465 0.04049325]]
[[0.         0.48943052 0.48943052 0.        ]]
[[ 0.4947323  -1.43847538]
 [-1.43847538  0.4947323 ]]
[[0.98928355]
 [0.98928355]]
[[0.         0.97468612 0.93084417 0.06377687]]
[[0.         1.22990129 1.22990129 0.22317888]]
[[-0.90727864  0.99781038]
 [ 0.99781038 -0.90727864]]
[[1.23260022]
 [1.23260022]]
[[0.         0.93220996 0.92196258 0.07818109]]
[[0.         0.40498314 0.40498314 0.        ]]
[[ 0.41365112 -1.48203667]
 [-1.48203667  0.41365112]]
[[0.97904518]
 [0.97904518]]
[[0.         0.99734841 0.91646936 0.09282191]]
[[0.         1.13581754 1.13581754 0.21925281]]
[[ 0.97996749 -0.88538336]
 [-0.88538336  0.97996749]]
[[1.15903594]
 [1.15903594]]
[[0.         0.91532545 0.9251755  0.08189327]]
[[0.       0.323013 0.323013 0.      ]]
[[ 0.33416089 -1.55061637]
 [-1.55061637  0.33416089]]
[[0.96663915]
 [0.96663915]]
[[0.         0.92321491 0.9757145  0.04174654]]
[[0.         0.45432182 0.45432182 0.        ]]
[[ 0.46087764 -1.45629545]
 [-1.45629545  0.46087764]]
[[0.98577536]
 [0.98577536]]
[[0.         0.95174056 0.90318878 0.08527908]]
[[0.         0.27578967 0.27578967 0.        ]]
[[-1.58300671  0.28755459]
 [ 0.28755459 -1.58300671]]
[[0.95908631]
 [0.95908631]]
[[0.         0.95036838 0.92196313 0.06070725]]
[[0.         0.51539516 0.51539516 0.        ]]
[[-1.42331989  0.51989033]
 [ 0.51989033 -1.42331989]]
[[0.99135363]
 [0.99135363]]
[[0.         0.93602227 0.91821056 0.07835057]]
[[0.         0.44767381 0.44767381 0.        ]]
[[-1.45926804  0.45449054]
 [ 0.45449054 -1.45926804]]
[[0.98500138]
 [0.98500138]]
[[0.         0.97035122 0.95669957 0.02311592]]
[[0.         0.54858245 0.54858245 0.        ]]
[[ 0.55217817 -1.40193693]
 [-1.40193693  0.55217817]]
[[0.99348813]
 [0.99348813]]
[[0.         0.90602785 0.92728427 0.08641454]]
[[0.         0.34971965 0.34971965 0.        ]]
[[ 0.36027373 -1.52992912]
 [-1.52992912  0.36027373]]
[[0.97070539]
 [0.97070539]]
[[0.         0.93339381 0.90342006 0.07332028]]
[[0.         0.42707503 0.42707503 0.        ]]
[[ 0.43475304 -1.4675374 ]
 [-1.4675374   0.43475304]]
[[0.98233938]
 [0.98233938]]
[[0.         0.90451612 0.90137246 0.05495637]]
[[0.         0.24259834 0.24259834 0.        ]]
[[ 0.25337094 -1.57800045]
 [-1.57800045  0.25337094]]
[[0.9574829]
 [0.9574829]]
[[0.         0.91804448 0.91004351 0.00915064]]
[[0.         0.44440649 0.44440649 0.        ]]
[[-1.46067697  0.45135441]
 [ 0.45135441 -1.46067697]]
[[0.98460652]
 [0.98460652]]
[[0.         0.93307304 0.90557787 0.01308235]]
[[0.         0.45042277 0.45042277 0.        ]]
[[ 0.45713064 -1.45805583]
 [-1.45805583  0.45713064]]
[[0.98532612]
 [0.98532612]]
[[0.         0.90153071 0.92561046 0.08032669]]
[[0.         0.37867211 0.37867211 0.        ]]
[[-1.50568311  0.38835488]
 [ 0.38835488 -1.50568311]]
[[0.97506723]
 [0.97506723]]
[[0.         0.98234353 0.91241437 0.08815191]]
[[0.         1.23368075 1.23368075 0.20821531]]
[[-0.91418687  0.99844335]
 [ 0.99844335 -0.91418687]]
[[1.23560415]
 [1.23560415]]
[[0.         0.96916911 0.90402835 0.00543799]]
[[0.         0.59243448 0.59243448 0.        ]]
[[ 0.59504221 -1.37082928]
 [-1.37082928  0.59504221]]
[[0.99561758]
 [0.99561758]]
[[0.         0.90648205 0.92236867 0.03494037]]
[[0.        0.3389269 0.3389269 0.       ]]
[[-1.53848612  0.34974409]
 [ 0.34974409 -1.53848612]]
[[0.96907112]
 [0.96907112]]
[[0.         0.94441208 0.97612364 0.01788834]]
[[0.         0.62955051 0.62955051 0.        ]]
[[-1.34241673  0.63147981]
 [ 0.63147981 -1.34241673]]
[[0.9969448]
 [0.9969448]]
[[0.         0.90330411 0.92878331 0.08206489]]
[[0.         0.70565163 0.70565163 0.        ]]
[[ 0.68710374 -1.15802783]
 [-1.15802783  0.68710374]]
[[1.0269943]
 [1.0269943]]
[[0.         0.96280104 0.95818048 0.07992365]]
[[0.         1.24354569 1.24354569 0.11699214]]
[[ 1.00065928 -0.95358852]
 [-0.95358852  1.00065928]]
[[1.24272639]
 [1.24272639]]
[[0.         0.90489085 0.97747718 0.08337623]]
[[0.         1.23191524 1.23191524 0.21543223]]
[[-0.91087217  0.99814818]
 [ 0.99814818 -0.91087217]]
[[1.23420076]
 [1.23420076]]
[[0.         0.9072657  0.94394722 0.        ]]
[[0.         0.43472178 0.43472178 0.        ]]
[[-1.46464192  0.44207039]
 [ 0.44207039 -1.46464192]]
[[0.98337683]
 [0.98337683]]
[[0.         0.92773999 0.9582199  0.01121386]]
[[0.         0.49899721 0.49899721 0.        ]]
[[ 0.50399059 -1.43306854]
 [-1.43306854  0.50399059]]
[[0.99009231]
 [0.99009231]]
[[0.         0.91197006 0.90436009 0.0802068 ]]
[[0.         0.51926129 0.51926129 0.        ]]
[[ 0.51344049 -1.31623169]
 [-1.31623169  0.51344049]]
[[1.01133684]
 [1.01133684]]
[[0.         0.96786667 0.95662818 0.06822267]]
[[0.         1.24364347 1.24364347 0.14333175]]
[[-0.94265167  1.00029437]
 [ 1.00029437 -0.94265167]]
[[1.24327748]
 [1.24327748]]
[[0.         0.91414233 0.92171515 0.        ]]
[[0.         0.38125543 0.38125543 0.        ]]
[[ 0.39084821 -1.50342919]
 [-1.50342919  0.39084821]]
[[0.97545651]
 [0.97545651]]
[[0.         0.9508434  0.9331244  0.07985084]]
[[0.         1.16717188 1.16717188 0.21908173]]
[[-0.89367463  0.98623422]
 [ 0.98623422 -0.89367463]]
[[1.18346318]
 [1.18346318]]
[[0.         0.92237018 0.92053551 0.0554142 ]]
[[0.         0.52965421 0.52965421 0.        ]]
[[ 0.53042744 -1.34907245]
 [-1.34907245  0.53042744]]
[[0.99854225]
 [0.99854225]]
[[0.         0.95701244 0.93819608 0.08818222]]
[[0.         1.21263353 1.21263353 0.23139635]]
[[-0.89988141  0.99479552]
 [ 0.99479552 -0.89988141]]
[[1.21897767]
 [1.21897767]]
[[0.         0.95214316 0.9027355  0.09959568]]
[[0.         1.09273198 1.09273198 0.20781879]]
[[-0.87824458  0.970534  ]
 [ 0.970534   -0.87824458]]
[[1.12590798]
 [1.12590798]]
[[0.         0.9423693  0.9078631  0.06898178]]
[[0.         0.43040229 0.43040229 0.        ]]
[[-1.46630393  0.43793552]
 [ 0.43793552 -1.46630393]]
[[0.98279832]
 [0.98279832]]
[[0.         0.92631607 0.91289566 0.09036426]]
[[0.         0.23815278 0.23815278 0.        ]]
[[-1.60833396  0.25064026]
 [ 0.25064026 -1.60833396]]
[[0.95017768]
 [0.95017768]]
[[0.         0.94397999 0.91088915 0.01563193]]
[[0.         0.32187626 0.32187626 0.        ]]
[[-1.55146028  0.33304526]
 [ 0.33304526 -1.55146028]]
[[0.96646403]
 [0.96646403]]
[[0.         0.93182226 0.9072616  0.00846408]]
[[0.         0.44577742 0.44577742 0.        ]]
[[-1.46009006  0.45267006]
 [ 0.45267006 -1.46009006]]
[[0.98477339]
 [0.98477339]]
