3.35198566,-7.19849717,8.87451819,3.43233906,-5.77378073,8.14769738
3.52797185,-4.28092001,6.51436747,3.77104413,7.52613668,-2.85313739
3.79530348,-6.86929563,9.29197506,3.85270791,8.97812784,-4.76290693
3.9721199,-5.40464329,7.83891806,4.01817294,8.7582411,-3.01509316
4.04944016,-5.61161651,8.26453377,4.1838961,5.16641512,-7.71500759
4.53741535,6.94599529,-6.03352659,4.61371148,5.13596191,-4.04473877
4.66350102,9.91511699,-7.88183872,4.66921432,-4.61305806,2.81863227
4.79635173,6.70485683,-3.22019568,4.95191409,-3.97684441,4.89103841
4.99710062,6.12863359,-4.58823811,5.02587987,7.19795262,-5.38386062
5.05829133,-5.36666328,9.07163985,5.09638731,-5.98835246,5.99926857
5.21914587,-3.8178413,9.48509998,5.22453495,4.32475213,-6.21486906
5.34593131,8.78839503,-3.87100821,5.41912416,-5.00954461,8.77322981
5.44897566,-5.15617206,8.88128289,5.48490097,-8.72410177,9.37472377
5.66433574,9.947123,-5.80094733,5.67892112,-6.84143097,8.76810057
5.68500385,-6.84891538,9.29548383,5.69365512,8.92099882,-4.29012935
5.69419622,8.92207211,-3.24590252,5.69859753,-3.45338808,7.48859244
5.71705116,-3.00525891,4.74006044,5.73755703,6.3387937,-4.51011853
5.7424972,7.22477996,-3.74671601,5.80311872,-5.58914214,9.23350187
5.83300461,-3.18983814,7.08769249,5.8724579,7.63438149,-4.19016903
5.87765237,-3.94457366,6.28814402,5.9096671,8.45369583,-4.74958652
5.9162346,-3.37476461,8.69597429,5.92651029,-5.16238561,8.6483167
5.93861498,9.56808632,-5.99776574,5.96359678,-5.20824895,8.73585487
6.05556416,8.50001681,-2.87981414,6.09435791,6.56243016,-7.76708461
6.10587602,-6.68769083,7.50079708,6.15061913,-4.96105877,7.27131431
6.20367502,-4.27560723,8.79843671,6.27587232,-7.40808507,6.33442431
6.27715891,5.87893202,-5.37657274,6.35201813,-7.03757711,4.56638718
6.35685162,6.73003781,-3.51192497,6.48639529,-6.72695989,9.93030116
6.57631412,-4.67486002,8.2958049,6.58524387,9.32882491,-3.74653646
6.59526542,-3.75464649,9.33749904,6.65306284,-5.78309146,9.65953388
6.67897682,-4.37469361,6.54724737,6.72574843,-2.83931692,6.94511703
6.79548646,-5.6461367,6.20532831,6.84241773,7.42139285,-7.52458477
6.86423072,5.93192606,-4.96754361,6.88792542,8.99717749,-6.18863853
7.00701568,-5.06033908,5.73279034,7.02917204,-2.37185337,7.76461882
7.05697809,9.60510145,-2.03459214,7.06721997,3.02813133,-6.59622463
7.07608287,-6.58708971,4.72971494,7.08316359,4.13211905,-5.65347518
7.09820967,-7.72437322,9.81441644,7.13137921,-4.26964474,9.31535481
7.17336856,-7.99334527,5.38547607,7.18841887,-2.54043865,6.73632655
7.19263301,8.3712405,-2.58138607,7.21365954,-4.52861583,9.85354167
7.22278577,9.13548571,-4.31965283,7.22322512,6.69402341,-6.34182378
7.24062015,8.8847507,-4.90331854,7.26008102,-6.47954171,7.38757715
7.28021444,-6.93172642,7.67076939,7.28832052,7.0891721,-5.65031602
7.30283566,-5.85853543,5.27828261,7.32133286,-3.06769034,8.18420967
7.34039924,9.36432855,-6.34637475,7.35342258,-6.22101979,5.07677314
7.36226701,4.38020276,-5.21018809,7.36876658,7.02211791,-4.46484669
7.37973372,7.16705527,-4.32525612,7.43251749,8.47157915,-7.78221442
7.45811078,8.01787279,-8.2418314,7.46666841,-6.68047598,7.59292374
7.50330742,5.13185005,-6.03687444,7.50649831,4.77925708,-3.03749646
7.58967382,-8.07914931,5.58219001,7.66730012,-4.01706149,8.23554507
7.66950717,8.63340326,-3.73755579,7.67663023,-5.83108731,4.45049353
7.69488478,8.08609603,-3.72937343,7.71379295,6.62416388,-3.00929661
7.74194503,-4.33178774,8.07209873,7.89876815,-3.24610357,5.3543721
8.00757778,3.52418109,-3.97355022,8.05962615,7.14760331,-7.30848482
8.11982789,-4.75720986,8.78599144,8.14257147,-8.13322501,9.98304563
8.14342735,-5.47426872,5.60051187,8.1777869,8.19167194,-5.41139865
8.25153289,-4.29141381,7.79653499,8.29582734,8.94207301,-6.05043647
8.31575007,-4.01731457,8.53702286,8.32190096,7.56506071,-6.09190908
8.37275493,9.93391313,-6.52708032,8.44445758,7.37444938,-5.00968015
8.45261295,6.19747618,-2.88571628,8.46540774,-5.36518231,5.22870925
8.48228181,8.72910067,-6.36504251,8.50978924,7.75649714,-8.26940964
8.52163295,-4.77584587,9.52219915,8.54741356,9.5360458,-3.94586657
8.58863677,-5.04483135,9.39018215,8.5895798,-6.21643113,7.72001686
8.59417282,-5.4228607,7.12758074,8.61548249,8.97291744,-3.77800498
8.61996741,-3.85434315,9.26441198,8.67575297,-2.90212318,7.7954455
8.68211595,6.12442489,-3.0159387,8.6880364,6.7412817,-5.57647466
8.72601968,-5.29522195,8.18192666,8.7649812,-6.77804953,9.27918791
8.77044305,9.5493376,-7.6657331,8.77156788,-3.07945058,8.699818
8.80923745,6.48057664,-6.2067756,8.8156011,-4.55824014,9.98990544
8.81581712,5.232501,-2.97715823,8.86295512,-6.61583113,8.53527585
8.88993898,7.35944079,-5.82668211,8.91672618,-4.79281357,9.42301362
8.92712556,7.57120669,-4.40998556,8.95308089,9.85849422,-5.66578801
8.96280692,-4.48579863,8.11137722,8.98868382,-5.80149918,8.36587877
9.01772716,3.59312564,-4.13123109,9.02268067,-5.88969165,9.0207457
9.06267247,5.72163636,-4.35197032,9.15565918,-4.4388461,5.27183704
9.17556678,-6.40844769,5.27735197,9.1959338,-4.43341656,8.11719045
9.21741593,8.80540871,-3.45196969,9.21864722,8.41492633,-7.66178395
9.22145568,-6.38811917,6.60781137,9.265178,9.72266235,-4.97526285
9.26925113,6.1788022,-4.34586655,9.27615511,-4.03892677,9.71539593
9.28067494,-5.4506613,8.46172074,9.32379554,7.53564854,-3.38098894
9.32727089,-4.93492106,9.51631194,9.38340347,-4.20515392,9.34416755
9.42098464,-5.30800166,4.5187676,9.4250167,9.60608469,-5.53650386
9.43984145,-6.81157573,4.9229877,9.44665105,-4.22281116,5.35683783
9.449277,-4.73100431,4.77882123,9.45759454,7.4235238,-5.23677816
9.46403598,-5.19729035,6.99768712,9.5194096,9.5689199,-6.40268053
9.54517434,9.55985239,-4.69693349,9.56088601,-2.74524271,5.83307374
9.56290905,9.20363496,-4.13513812,9.56336883,6.65630179,-5.38810678
9.61721273,9.83149097,-7.41691092,9.66019278,-6.56354746,6.58562185
9.67103113,-7.51749375,8.76890096,9.72607632,-4.89926859,7.75502796
9.7447733,-7.25009044,3.54150618,9.74612052,-6.28688345,8.09989105
9.78773859,-6.08747808,4.7723348,9.82809858,5.22914229,-4.19449466
9.84217317,-4.79348362,9.88397312,9.86349552,9.81059953,-7.96282769
9.91458887,9.91449598,-5.19012101,9.93069388,-3.41720775,9.43684582
9.95077614,-6.81845374,7.76614787,9.96417237,-5.3216847,8.24843056
9.97196349,8.3860905,-5.7161019,-2.4030362,9.65966291,8.57084746
-2.41929457,9.37385432,9.68581513,-2.74234931,5.98741036,8.97147468
-3.06441838,4.36405711,8.95344304,-3.07770281,8.85630496,4.95954053
-3.08693632,5.33861668,9.41121912,-3.13843424,7.8219793,3.40446257
-3.20247246,5.92464191,4.93114522,-3.21958188,9.7687128,9.0247507
-3.2297717,8.09311749,9.77157333,-3.28459864,8.12854625,9.40907096
-3.4353025,8.23369883,6.70498269,-3.50276226,8.58091286,9.24350249
-3.53179872,9.27831489,9.96781438,-3.62813854,7.93964602,8.20708867
-3.73620431,6.83297024,5.95185232,-3.75737511,8.06318589,7.13676297
-3.80394168,7.24444858,8.12456251,-3.83405478,6.70760742,9.32588274
-3.8848134,9.77813048,6.74764441,-3.88955753,7.10054772,9.05975809
-3.89261924,9.9405919,8.50353277,-3.90670632,8.66041791,5.96290184
-3.94656219,9.59692234,9.43800332,-3.96965338,6.98288746,4.78517419
-3.98560144,8.02360741,5.35130408,-4.01079587,3.40615779,9.11264472
-4.01977222,8.02717667,9.37305574,-4.02410414,8.67956931,6.80231033
-4.0606183,7.51736786,2.43876131,-4.08556157,8.43202629,5.83025655
-4.14914828,3.49661917,8.59087546,-4.20300082,6.38693407,7.43955736
-4.39960709,8.23458534,4.73442619,-4.44963148,9.72147571,8.75809344
-4.46777663,9.20044047,9.86459381,-4.73824961,6.36977856,8.63598293
-4.75373859,8.88682759,7.23778991,-4.7981103,9.28479879,6.16230596
-4.83815374,9.26921279,8.06202995,-4.85856563,6.38691331,9.84331809
-4.86463605,5.65943767,9.95841717,-4.88938559,6.25018337,9.91566673
-4.93624795,6.07712323,9.15500292,-4.93942575,8.87223767,6.50643543
-4.95307543,6.10589036,6.22259805,-4.95699333,5.73620728,9.47649493
-5.00631121,7.74425169,9.56962227,-5.02129445,9.52484766,6.02362341
-5.05858419,5.10804033,7.41893796,-5.06992589,5.81792167,7.72695477
-5.10373662,8.96383788,7.2973168,-5.1179952,6.45725888,6.68704717
-5.13313833,6.47363698,8.8318005,-5.16211472,7.51027682,8.72735577
-5.37270341,7.66738237,8.29679225,-5.38384961,7.03292294,5.28868473
-5.47800839,8.80425356,7.21383465,-5.49200415,9.20615574,9.88450581
-5.53723107,6.98992169,7.89594774,-5.69703358,9.77424295,7.21406646
-5.82013531,9.175879,8.7568823,-5.85916151,9.56292681,9.74070381
-5.88185339,9.52187588,5.16867117,-5.95676782,8.71795484,7.84374343
-6.02726735,9.60371988,7.42958934,-6.22773467,6.48700597,3.22357097
-6.28214802,8.67645039,3.85913474,-6.32438828,5.76990906,9.94011484
-6.47430975,9.46004973,9.3333114,-6.69308015,9.21455023,5.56177219
-6.72264881,6.79250122,8.75187913,-6.81817349,4.19550162,7.3575914
-7.41769732,7.95495676,9.85045409,-7.48692163,6.21076705,9.80087979
-7.57506821,7.73721061,9.06974341,-7.72904977,8.21062196,9.05629391
-7.87379691,8.4320408,5.23720872,-8.33714518,5.70096493,6.28811994
-8.89846599,8.80226889,9.90625329,2.99763441,9.91899928,-7.46557511
3.26353688,9.02200987,-4.20242749,3.3333665,8.60082692,-5.40930447
3.75937853,6.81401241,-3.821498,4.09647696,9.34381426,-4.26969168
4.20727672,6.43952878,-2.66992223,4.24752438,6.02255957,-6.79794198
4.44276301,-4.17051248,4.9689764,4.67978352,8.98168897,-3.64064075
4.68332273,-5.25503306,9.95078044,4.76903871,-3.39534581,9.65279743
4.87375237,5.5903224,-6.02315667,4.88926431,9.08333958,-6.55386351
5.03424562,7.089675,-6.95175572,5.03631349,-4.48913929,4.52314408
5.20836158,8.84278586,-6.1357157,5.22424048,6.96258424,-4.39293866
5.2774307,-5.44549553,8.87796962,5.28060341,6.50111011,-3.92577579
5.30293055,6.42932159,-7.88363709,5.41863793,8.18051285,-6.15328649
5.43349846,5.51806773,-3.3690558,5.50987607,3.52720445,-5.34400123
5.51386771,-3.89517587,6.34183249,5.53272963,-4.433501,8.25118357
5.57792726,8.46438976,-6.19289649,5.59676213,5.02641866,-6.10674326
5.61102293,7.93593958,-5.45373924,5.6796986,-5.20339785,6.21819134
5.71401062,-5.89827649,8.08589261,5.7354624,8.19979704,-3.56811996
5.81625248,6.79456955,-5.707427,5.82146695,-4.22535617,6.95236953
5.84156543,6.8497661,-6.5170351,5.85356513,-7.86953967,9.0527117
5.92701397,5.76379096,-6.14731063,5.96260248,8.21764931,-6.47123151
6.00028972,-4.0047435,8.52711078,6.11453304,8.4314525,-7.08837563
6.20873018,5.4900285,-5.4340203,6.26570801,9.33241075,-3.46731245
6.31573733,9.37666473,-4.40628901,6.31926142,5.05439699,-4.83594781
6.32343069,-6.72744957,8.15944416,6.35438292,-3.99616957,9.12960113
6.35963396,8.36632909,-5.96177515,6.40190599,-6.90982041,7.60612313
6.47982293,-4.7469831,7.89603129,6.50788505,-7.36648417,8.52239805
6.55685074,9.71891104,-2.99931477,6.56814272,9.49674792,-5.21967127
6.62333621,9.91376401,-5.76268798,6.63539126,9.30540579,-4.9973546
6.7517958,-5.24238337,9.44593397,6.76306229,-6.54225431,4.7469249
6.81661495,-5.41297944,6.22975813,6.8665967,7.73656632,-7.96223434
6.88490782,-4.01837486,9.35920117,6.91622045,8.38672345,-4.07989021
6.93091429,9.08672163,-2.47202591,7.00556759,-6.4928382,8.96813291
7.06822415,6.75182657,-4.42735412,7.16238873,5.42175878,-8.2304677
7.18690075,-7.13620741,7.67852129,7.24464202,8.2070411,-4.96145389
7.28470753,8.96513242,-5.48180955,7.3107251,-4.5501501,8.49869835
7.33562563,-5.08468464,7.09755992,7.37095422,6.00655806,-5.11091002
7.40886346,9.18542003,-3.5213507,7.41269204,8.9348716,-4.5849511
7.42826335,-4.46813355,7.86625044,7.43072672,6.4541334,-4.24538577
7.43727197,-4.91888637,8.70825399,7.44355845,-6.31113956,8.32630624
7.45997728,-4.16148004,3.01123736,7.47941561,8.85675665,-4.53340912
7.49286544,-8.50076829,6.54374696,7.50248573,-8.72978458,9.37544177
7.50344515,9.86615651,-4.97237065,7.50934765,-4.10695186,4.58075292
7.5470786,9.39748425,-5.75922655,7.55655346,-3.96139411,6.10291116
7.56301939,9.43684149,-3.5085258,7.58536506,-3.08690914,4.4764205
7.63502791,3.54220738,-3.88954685,7.63702874,5.36318493,-4.80533268
7.6538909,8.74888725,-4.63295881,7.71142255,8.89045159,-6.7257051
7.76447738,-6.25578754,9.84140063,7.77258685,-4.67017941,7.92863109
7.88445128,-7.65478819,9.60143248,7.90932052,-5.70484847,7.54330128
7.97552675,4.79848303,-5.55782388,7.98339229,-3.6657986,9.89720833
7.99336798,-4.08013137,4.32218197,8.02267748,7.74888901,-3.40926726
8.12269376,8.32443921,-4.28823621,8.12919123,9.18454832,-6.86709781
8.16822176,6.33036189,-3.85778457,8.17519761,5.28129327,-4.99404115
8.20405062,-7.90393077,9.70421506,8.24162232,-3.15733295,4.76630007
8.25226467,3.91808577,-4.02569025,8.25655942,-5.17262061,9.21360358
8.27546424,-6.49277893,8.67623051,8.31544374,6.83624843,-7.77454686
8.37818945,-3.98032835,9.87595333,8.41418672,6.56554973,-3.97874865
8.42258773,-5.38545645,9.83154591,8.4467611,-3.83502773,7.11407333
8.4521769,-5.2810541,6.48413715,8.49308451,-5.18763774,6.28655539
8.51002825,8.44306932,-7.76318649,8.60994745,-5.35453362,8.88818618
8.63510485,-6.45896624,6.65670014,8.64793451,-4.62885799,9.21197037
8.6484253,-5.26902962,6.18724713,8.76971667,9.93495826,-7.51608781
8.77652863,5.01408426,-7.44720606,8.82594662,9.12605248,-6.75781315
8.85268876,9.09290956,-5.32981566,8.90259845,-3.14083299,7.44214263
8.95454533,9.29794932,-4.40362462,8.97621459,5.14547275,-4.05626816
8.98111129,-7.37390118,8.0640196,9.01099095,-4.92974323,6.80295091
9.0296012,-6.61135792,8.75123499,9.05885724,4.10806032,-3.92124296
9.06929894,9.95533556,-3.94018676,9.07104336,8.79967612,-5.25566419
9.09162566,6.68969931,-8.43406995,9.15263073,9.32904655,-6.1145453
9.21134828,9.51992209,-8.51335081,9.22911942,9.46567448,-6.13155526
9.25942543,-7.44438497,9.91436531,9.31417777,-4.11047322,6.1214623
9.32219567,7.589127,-5.32453754,9.34885919,6.27250228,-5.90742182
9.35148987,5.66435044,-8.83503856,9.3597513,7.46811756,-3.1720318
9.44529503,9.7271928,-5.03962532,9.46600002,-4.4687269,2.9244347
9.47696408,8.47672543,-3.39159217,9.48107617,-4.87837775,6.39675385
9.48374518,7.67688502,-6.21309977,9.49122672,8.17470009,-4.73379416
9.53776453,8.40203258,-3.34636742,9.56581432,-4.81611852,9.58118475
9.63731759,9.54499917,-6.53259392,9.68682276,7.9454012,-8.28961454
9.70849262,3.76010351,-5.57392678,9.74530738,-6.19008247,9.77657407
9.75144397,-5.51601048,8.04843118,9.75726005,7.475965,-8.72526301
9.78254441,4.76459395,-3.77530896,9.80297491,7.44441229,-3.305524
9.80406252,-5.90512166,7.67929061,9.81498165,-4.85121082,3.8508929
9.83801654,-3.33865891,3.95807827,9.84450821,6.64375848,-5.95081426
9.88627914,7.0994013,-7.42559261,9.92507104,7.68798535,-5.75200146
9.93745029,-5.93136121,6.22032096,9.96025999,9.48639879,-4.19281369
9.96177401,8.76928192,-7.60933823,9.99552347,-3.94498577,6.91307915
-2.1778893,6.04944521,9.91580589,-2.2380799,3.9958466,9.20461404
-2.36646274,8.48013971,8.5889513,-2.44843247,4.02983641,8.01889478
-2.45675359,9.88603888,5.74626478,-2.51208728,9.13590046,8.39607481
-2.55927219,5.71304171,6.39378144,-2.60854456,8.02924246,9.8840595
-2.71333419,9.79064284,6.39245876,-2.86804328,8.0839755,8.68871831
-3.020944,7.45520956,8.88223019,-3.02887899,5.63238446,6.07615169
-3.04241709,9.02942092,5.07148423,-3.08748408,9.88684974,6.9043054
-3.14657652,6.66212435,6.87451803,-3.22115686,8.41461913,9.23927231
-3.23227806,9.02977818,5.9890453,-3.26037916,6.58225585,5.99583863
-3.29392889,9.92065777,7.72442908,-3.29921574,8.39115036,4.80523538
-3.324071,4.17587629,7.64253197,-3.36155761,4.17251448,9.56565632
-3.46466986,6.73813046,9.54792289,-3.5052067,3.78219101,6.23966612
-3.51794085,9.59063565,7.77528931,-3.52733139,8.93410004,9.60124791
-3.55060437,8.74111658,8.33707185,-3.55749074,9.44853242,8.59698073
-3.56508191,6.8015004,8.29367162,-3.57641572,3.21708952,8.82674375
-3.57939755,8.51718333,9.30453929,-3.70541264,3.76178765,9.60288043
-3.72820564,7.97886352,6.77265039,-3.73977869,7.20633945,7.47527556
-3.75352786,8.54190814,6.94824633,-3.77078031,8.23527596,7.19802721
-3.81816534,8.03079445,9.82733498,-3.82937098,9.82575104,9.47905581
-3.92758537,8.2906376,8.38989029,-4.00660737,9.23012125,9.89676712
-4.01444906,9.96534548,4.8715342,-4.12722141,9.07344238,8.64880499
-4.13908255,9.25871813,6.45338242,-4.16999228,5.41251748,9.78392098
-4.25913059,8.44231309,5.94847105,-4.26805017,9.68243163,9.74634574
-4.31070448,6.25572371,8.83119035,-4.39613053,8.72766539,9.76625938
-4.42349383,7.29914656,3.6340519,-4.55528857,4.54091599,6.24677398
-4.57214323,4.04079114,6.66026432,-4.64945573,9.79385202,9.28487957
-4.6653096,8.90689314,6.22534376,-4.79869296,6.1579448,7.69344503
-4.80761866,7.12508782,9.28765582,-4.85184782,7.47233006,6.3874175
-4.8940521,9.71545114,9.0968949,-4.91071238,9.69301122,6.34723703
-5.03137673,7.79374576,7.74843437,-5.03599925,8.81332004,9.96619256
-5.11595707,3.63913317,8.6035556,-5.1731227,9.1057842,9.64896615
-5.21471648,8.38257056,5.80266022,-5.22891481,9.11937274,6.9413948
-5.24638283,7.93291624,6.88190961,-5.31691897,5.43658678,8.66633521
-5.36066303,6.16736586,7.67502522,-5.40348577,6.83277869,6.33535315
-5.52097815,9.79524679,6.33157864,-5.56526062,6.26298836,9.40353063
-5.57223502,5.94940936,8.17240204,-5.62250273,9.42516949,8.03000775
-5.83532075,9.44873834,9.18886085,-5.87054829,9.64502348,7.78080826
-5.89127787,7.18636663,9.92739463,-5.91075431,8.57650023,8.92130818
-6.03877032,9.33612914,9.55023038,-6.04843137,5.55253914,9.91744778
-6.08267464,5.56819866,9.71954053,-6.10830507,4.83440201,9.52340829
-6.13225337,8.45934758,6.37444662,-6.21382468,7.70948224,4.78952719
-6.28308656,8.48162514,5.80804905,-6.39845389,5.80351584,5.47418007
-6.41267653,6.62738953,8.15237768,-6.47699641,9.66748806,9.84291927
-6.47958583,7.45219662,3.98496713,-6.48587568,9.044516,3.23779418
-6.53795432,9.14068708,6.08260584,-6.55739804,6.44262543,9.78838816
-6.91068316,8.64469019,8.50988003,-7.05855882,4.21600158,6.18001121
-7.10990226,8.68957921,8.8640282,-7.16629431,6.71405302,7.43397295
-7.33711858,7.85818511,4.63725537,-7.67888556,8.42988479,7.50484759
-7.77160322,6.13600776,6.64294295,-7.92049336,8.85787066,6.47859479
