[[-5.31691897  5.43658678  8.66633521]
 [ 9.4250167   9.60608469 -5.53650386]]
[[ 9.3597513   7.46811756 -3.1720318 ]
 [-5.06992589  5.81792167  7.72695477]]
[[-4.16999228  5.41251748  9.78392098]
 [ 8.05962615  7.14760331 -7.30848482]]
[[ 9.99552347 -3.94498577  6.91307915]
 [-3.20247246  5.92464191  4.93114522]]
[[-6.47699641  9.66748806  9.84291927]
 [ 9.67103113 -7.51749375  8.76890096]]
[[-3.55749074  9.44853242  8.59698073]
 [ 6.84241773  7.42139285 -7.52458477]]
[[-2.51208728  9.13590046  8.39607481]
 [ 3.79530348 -6.86929563  9.29197506]]
[[-7.10990226  8.68957921  8.8640282 ]
 [ 9.54517434  9.55985239 -4.69693349]]
[[ 7.55655346 -3.96139411  6.10291116]
 [-3.75737511  8.06318589  7.13676297]]
[[ 9.01099095 -4.92974323  6.80295091]
 [-6.28214802  8.67645039  3.85913474]]
