[[ 7.50248573 -8.72978458  9.37544177]
 [-3.21958188  9.7687128   9.0247507 ]]
[[ 9.75726005  7.475965   -8.72526301]
 [-7.41769732  7.95495676  9.85045409]]
[[-5.1731227   9.1057842   9.64896615]
 [ 7.46666841 -6.68047598  7.59292374]]
[[-5.03599925  8.81332004  9.96619256]
 [ 9.43984145 -6.81157573  4.9229877 ]]
[[-4.42349383  7.29914656  3.6340519 ]
 [ 7.13137921 -4.26964474  9.31535481]]
[[-4.6653096   8.90689314  6.22534376]
 [ 6.35201813 -7.03757711  4.56638718]]
[[ 8.60994745 -5.35453362  8.88818618]
 [-4.08556157  8.43202629  5.83025655]]
