[[ 9.78254441  4.76459395 -3.77530896]
 [-8.89846599  8.80226889  9.90625329]]
[[ 8.63510485 -6.45896624  6.65670014]
 [-5.82013531  9.175879    8.7568823 ]]
[[ 5.82146695 -4.22535617  6.95236953]
 [ 7.71379295  6.62416388 -3.00929661]]
[[ 7.44355845 -6.31113956  8.32630624]
 [-5.37270341  7.66738237  8.29679225]]
[[-3.75352786  8.54190814  6.94824633]
 [ 6.15061913 -4.96105877  7.27131431]]
[[-4.01444906  9.96534548  4.8715342 ]
 [ 7.58967382 -8.07914931  5.58219001]]
[[ 5.7354624   8.19979704 -3.56811996]
 [ 8.67575297 -2.90212318  7.7954455 ]]
[[ 6.20873018  5.4900285  -5.4340203 ]
 [-4.88938559  6.25018337  9.91566673]]
[[-4.13908255  9.25871813  6.45338242]
 [ 8.59417282 -5.4228607   7.12758074]]
