[[ 7.18969486  7.0987005  -9.55093368]]
[[ 6.90206046  7.0802244  -9.38597031]]
[[ 7.22534033  7.20428153 -9.7382297 ]]
[[ 7.08613335 -9.37078505  6.9888498 ]]
[[ 7.65857171 -9.94553892  6.69476098]]
[[ 7.13521723 -9.6629403   7.01340709]]
[[-9.82143635  7.11767701  7.31260343]]
[[-9.97446853  7.38214943  7.33996081]]
[[ 7.35102881 -9.92803328  7.29721828]]
[[ 6.89765818  7.40569708 -9.86436346]]
[[-9.46770979  7.19590412  6.78730977]]
[[-9.94199339  6.99881993  7.37559843]]
[[-9.95957485  7.21370486  7.65902433]]
[[-9.98065713  6.94378396  7.43691077]]
[[ 7.63530741  6.8172903  -9.98966964]]
[[-9.33426999  6.90683152  7.03704187]]
