[[ 6.63572158  7.16686085 -9.39817875]]
[[ 6.6992083   7.05223641 -9.33902978]]
[[ 6.74182917 -9.19731101  6.90936625]]
[[ 6.75791613  7.33959465 -9.61750569]]
[[ 6.77902627  7.46692972 -9.74795667]]
[[ 6.81826278 -9.9059706   7.6055722 ]]
[[ 6.83515499 -9.716643    7.41497158]]
[[ 6.85991227 -9.36361211  6.95638196]]
[[ 6.90609675  7.41884104 -9.87718969]]
[[ 6.91461584  7.35568194 -9.58057846]]
[[ 6.92327394  7.03487189 -9.42589256]]
[[ 6.92809581 -9.47851596  7.09641003]]
[[ 6.93588181  7.43486649 -9.82643958]]
[[ 6.95278402  6.95345771 -9.49682086]]
[[ 6.96121707  7.07792842 -9.4211158 ]]
[[ 6.96491566  7.29880115 -9.77147167]]
[[ 7.0005553   7.2050201  -9.60190436]]
[[ 7.01003395 -9.2357345   6.85729245]]
[[ 7.02134687 -9.48130067  7.0750309 ]]
[[ 7.02181815 -9.53299574  7.19711432]]
[[ 7.02537376  7.28224776 -9.90725794]]
[[ 7.04013372 -9.64942405  7.14075814]]
[[ 7.04693588 -9.62761539  6.97979077]]
[[ 7.07819394 -9.85133961  7.17237812]]
[[ 7.08192117 -9.524843    6.87143539]]
[[ 7.08445615  7.12129927 -9.71950447]]
[[ 7.09309072 -9.93700243  7.4795382 ]]
[[ 7.09447263 -9.90203697  7.20953985]]
[[ 7.09448356  7.0208381  -9.69866571]]
[[ 7.12030245 -9.82037261  7.16817564]]
[[ 7.1357444  -9.88710347  7.45663628]]
[[ 7.17488952 -9.86615555  7.42713907]]
[[ 7.17578926 -9.60246955  7.03082403]]
[[ 7.17643812  7.15564011 -9.92607271]]
[[ 7.21540567 -9.85438675  7.166716  ]]
[[ 7.21684027 -9.73589653  7.13277806]]
[[ 7.2175405  -9.68546015  7.18861838]]
[[ 7.22386271  7.15824285 -9.58366014]]
[[ 7.24371048 -9.97226899  7.41505254]]
[[ 7.24980793 -9.66284512  7.22085563]]
[[ 7.25332362  7.38316738 -9.78317064]]
[[ 7.28554062 -9.67973888  7.06966269]]
[[ 7.28604858 -9.77430077  7.22017553]]
[[ 7.28725043 -9.92566162  7.66782311]]
[[ 7.29016861 -9.73962313  6.91812444]]
[[ 7.30157951 -9.61382965  6.75270496]]
[[ 7.30558892 -9.82152554  7.44832875]]
[[ 7.32910583  7.14886092 -9.69728236]]
[[ 7.32949286  7.27555689 -9.93413474]]
[[ 7.3347947  -9.77437817  7.2199729 ]]
[[ 7.34594964 -9.78613885  7.42087145]]
[[ 7.35631833 -9.73728397  7.12552735]]
[[ 7.35894331  7.20054048 -9.71159051]]
[[ 7.36453362 -9.98653453  7.48357284]]
[[ 7.37326365  7.14228433 -9.72944621]]
[[ 7.40531149 -9.97351014  7.49331637]]
[[ 7.44245026  7.09016983 -9.66752752]]
[[ 7.47507589 -9.86484935  6.85715932]]
[[ 7.4780457  -9.81217646  7.17573465]]
[[ 7.49078582  7.19075366 -9.86175911]]
[[ 7.50476407  7.71873675 -9.969474  ]]
[[ 7.50902337  6.97367975 -9.86805788]]
[[ 7.5103725  -9.93228068  7.19267756]]
[[ 7.54736255  7.05454693 -9.99830996]]
[[ 7.55329993 -9.83926657  7.04708313]]
[[ 7.55875815  6.85299117 -9.98212732]]
[[ 7.56275498  6.804212   -9.94692997]]
[[ 7.56588953  6.95265259 -9.87167597]]
[[ 7.56963038 -9.88898402  6.79029093]]
[[ 7.57097408 -9.86463475  7.09502939]]
[[ 7.59233297  7.37391179 -9.91504443]]
[[ 7.59622416 -9.97464447  6.96232515]]
[[ 7.61194837 -9.95329672  7.16400056]]
[[ 7.62908987 -9.9139657   6.99083914]]
[[ 7.64132663 -9.90876906  6.98183475]]
[[ 7.68553168  6.65142282 -9.91660876]]
[[ 7.68740015  7.42680425 -9.92757952]]
[[ 7.76291703 -9.95080238  6.77642453]]
[[ 7.80029389 -9.99092994  7.05976409]]
[[-9.21584093  6.88636565  6.81256883]]
[[-9.28505327  6.93250323  6.94177145]]
[[-9.30029552  7.06739811  6.9381213 ]]
[[-9.34351828  6.84396161  7.05702539]]
[[-9.3459557   6.92278129  6.97478067]]
[[-9.35889499  6.70535742  7.09012689]]
[[-9.51963445  6.72872413  7.28893173]]
[[-9.53466208  7.12798821  7.25315444]]
[[-9.53695656  7.05340506  7.24349289]]
[[-9.55736532  6.81479702  7.14457176]]
[[-9.58612316  7.31477564  6.82839196]]
[[-9.59204795  7.09406538  7.02298487]]
[[-9.6221058   6.78618926  7.28668262]]
[[-9.6256076   7.21624838  6.83230656]]
[[-9.6280551   7.26873681  6.88307219]]
[[-9.63159024  7.15575859  7.29281943]]
[[-9.65624628  7.40260425  7.28158649]]
[[-9.68317847  6.91063419  7.3296162 ]]
[[-9.725734    7.11057704  7.51378404]]
[[-9.73682885  7.28987877  7.00120656]]
[[-9.75435477  7.20122396  7.25297087]]
[[-9.75619272  7.41089329  7.14669894]]
[[-9.7752862   7.26949579  7.35837388]]
[[-9.78668473  7.18101994  7.42975167]]
[[-9.78955085  7.16968146  7.08746107]]
[[-9.8116889   7.1023205   7.53638259]]
[[-9.82723514  7.57194446  6.74123523]]
[[-9.8320238   7.24373095  7.08854802]]
[[-9.8354872   7.58173954  6.68293123]]
[[-9.85296963  7.32070375  7.00832654]]
[[-9.86888498  7.01059915  7.39448022]]
[[-9.87858706  7.43123727  7.05627446]]
[[-9.88678219  6.80284938  7.64312392]]
[[-9.88783491  7.64995252  7.19380138]]
[[-9.88864299  7.06398879  7.26047819]]
[[-9.89474232  7.34570846  7.48277283]]
[[-9.89757561  6.92984605  7.40070284]]
[[-9.90031762  7.30155057  7.13937443]]
[[-9.90630067  7.26604986  7.26582789]]
[[-9.91348886  7.13776534  7.36068834]]
[[-9.96133921  6.81952469  7.69685905]]
[[-9.96985792  6.75261968  7.6445544 ]]
[[-9.97302467  7.26973794  7.25891164]]
[[-9.97345375  7.0614904   7.38962233]]
[[-9.97469968  7.72013111  7.04292317]]
[[-9.98275584  7.62775912  7.37605384]]
[[-9.98413817  7.31348266  7.33320237]]
[[-9.99322308  7.40091387  7.25586818]]
