[[-6.47958583  7.45219662  3.98496713]
 [ 8.14342735 -5.47426872  5.60051187]]
[[-5.36066303  6.16736586  7.67502522]
 [ 8.1777869   8.19167194 -5.41139865]]
[[ 5.71401062 -5.89827649  8.08589261]
 [ 4.79635173  6.70485683 -3.22019568]]
[[-3.02887899  5.63238446  6.07615169]
 [ 8.61996741 -3.85434315  9.26441198]]
[[ 7.6538909   8.74888725 -4.63295881]
 [ 5.67892112 -6.84143097  8.76810057]]
[[ 8.4521769  -5.2810541   6.48413715]
 [-3.8848134   9.77813048  6.74764441]]
[[ 7.41269204  8.9348716  -4.5849511 ]
 [ 8.5895798  -6.21643113  7.72001686]]
[[ 5.50987607  3.52720445 -5.34400123]
 [-4.46777663  9.20044047  9.86459381]]
[[ 9.68682276  7.9454012  -8.28961454]
 [ 9.84217317 -4.79348362  9.88397312]]
[[ 7.76447738 -6.25578754  9.84140063]
 [ 9.32379554  7.53564854 -3.38098894]]
[[-4.80761866  7.12508782  9.28765582]
 [ 7.19263301  8.3712405  -2.58138607]]
[[ 7.56301939  9.43684149 -3.5085258 ]
 [ 9.95077614 -6.81845374  7.76614787]]
[[-3.14657652  6.66212435  6.87451803]
 [ 5.66433574  9.947123   -5.80094733]]
[[-7.33711858  7.85818511  4.63725537]
 [ 9.27615511 -4.03892677  9.71539593]]
[[-6.13225337  8.45934758  6.37444662]
 [ 8.81581712  5.232501   -2.97715823]]
[[-5.21471648  8.38257056  5.80266022]
 [ 9.56290905  9.20363496 -4.13513812]]
[[ 5.2774307  -5.44549553  8.87796962]
 [ 9.21864722  8.41492633 -7.66178395]]
[[ 6.62333621  9.91376401 -5.76268798]
 [-5.53723107  6.98992169  7.89594774]]
[[-4.64945573  9.79385202  9.28487957]
 [ 7.66730012 -4.01706149  8.23554507]]
[[ 8.77652863  5.01408426 -7.44720606]
 [-3.28459864  8.12854625  9.40907096]]
[[-6.55739804  6.44262543  9.78838816]
 [ 8.48228181  8.72910067 -6.36504251]]
[[ 9.09162566  6.68969931 -8.43406995]
 [-4.85856563  6.38691331  9.84331809]]
[[ 4.76903871 -3.39534581  9.65279743]
 [ 7.36226701  4.38020276 -5.21018809]]
[[ 8.37818945 -3.98032835  9.87595333]
 [ 7.45811078  8.01787279 -8.2418314 ]]
[[-3.81816534  8.03079445  9.82733498]
 [ 9.32727089 -4.93492106  9.51631194]]
[[-3.020944    7.45520956  8.88223019]
 [ 5.87765237 -3.94457366  6.28814402]]
[[ 4.09647696  9.34381426 -4.26969168]
 [ 7.30283566 -5.85853543  5.27828261]]
[[ 8.64793451 -4.62885799  9.21197037]
 [-5.13313833  6.47363698  8.8318005 ]]
[[ 9.53776453  8.40203258 -3.34636742]
 [ 4.95191409 -3.97684441  4.89103841]]
[[-2.86804328  8.0839755   8.68871831]
 [ 9.7447733  -7.25009044  3.54150618]]
[[ 6.35963396  8.36632909 -5.96177515]
 [ 3.35198566 -7.19849717  8.87451819]]
[[ 9.96177401  8.76928192 -7.60933823]
 [-7.48692163  6.21076705  9.80087979]]
[[ 9.49122672  8.17470009 -4.73379416]
 [ 8.96280692 -4.48579863  8.11137722]]
[[ 8.24162232 -3.15733295  4.76630007]
 [-4.95307543  6.10589036  6.22259805]]
[[ 6.35438292 -3.99616957  9.12960113]
 [-3.90670632  8.66041791  5.96290184]]
[[ 9.34885919  6.27250228 -5.90742182]
 [-3.08693632  5.33861668  9.41121912]]
[[ 6.88490782 -4.01837486  9.35920117]
 [ 6.88792542  8.99717749 -6.18863853]]
[[ 7.58536506 -3.08690914  4.4764205 ]
 [-5.88185339  9.52187588  5.16867117]]
[[ 8.17519761  5.28129327 -4.99404115]
 [-5.47800839  8.80425356  7.21383465]]
[[-4.26805017  9.68243163  9.74634574]
 [ 7.34039924  9.36432855 -6.34637475]]
[[ 4.88926431  9.08333958 -6.55386351]
 [ 5.05829133 -5.36666328  9.07163985]]
[[-3.51794085  9.59063565  7.77528931]
 [ 8.80923745  6.48057664 -6.2067756 ]]
[[ 4.67978352  8.98168897 -3.64064075]
 [ 5.69859753 -3.45338808  7.48859244]]
[[ 3.26353688  9.02200987 -4.20242749]
 [ 9.28067494 -5.4506613   8.46172074]]
[[ 5.43349846  5.51806773 -3.3690558 ]
 [ 7.89876815 -3.24610357  5.3543721 ]]
[[-6.53795432  9.14068708  6.08260584]
 [ 9.06267247  5.72163636 -4.35197032]]
[[-4.39613053  8.72766539  9.76625938]
 [ 4.99710062  6.12863359 -4.58823811]]
[[ 9.32219567  7.589127   -5.32453754]
 [ 6.57631412 -4.67486002  8.2958049 ]]
[[-5.40348577  6.83277869  6.33535315]
 [ 7.21365954 -4.52861583  9.85354167]]
[[-3.29921574  8.39115036  4.80523538]
 [ 9.78773859 -6.08747808  4.7723348 ]]
[[-3.04241709  9.02942092  5.07148423]
 [ 6.67897682 -4.37469361  6.54724737]]
[[ 8.12919123  9.18454832 -6.86709781]
 [-4.83815374  9.26921279  8.06202995]]
[[-5.22891481  9.11937274  6.9413948 ]
 [ 7.24062015  8.8847507  -4.90331854]]
[[ 5.6796986  -5.20339785  6.21819134]
 [-3.83405478  6.70760742  9.32588274]]
[[-3.73977869  7.20633945  7.47527556]
 [ 9.66019278 -6.56354746  6.58562185]]
[[ 5.03631349 -4.48913929  4.52314408]
 [-3.07770281  8.85630496  4.95954053]]
[[-6.28308656  8.48162514  5.80804905]
 [ 8.52163295 -4.77584587  9.52219915]]
[[-3.72820564  7.97886352  6.77265039]
 [ 4.66921432 -4.61305806  2.81863227]]
[[ 5.53272963 -4.433501    8.25118357]
 [ 9.56336883  6.65630179 -5.38810678]]
[[ 9.70849262  3.76010351 -5.57392678]
 [-4.01079587  3.40615779  9.11264472]]
[[-5.11595707  3.63913317  8.6035556 ]
 [ 7.06721997  3.02813133 -6.59622463]]
[[ 6.56814272  9.49674792 -5.21967127]
 [ 8.91672618 -4.79281357  9.42301362]]
[[ 7.63702874  5.36318493 -4.80533268]
 [-5.1179952   6.45725888  6.68704717]]
[[-3.57939755  8.51718333  9.30453929]
 [ 7.43251749  8.47157915 -7.78221442]]
[[-5.91075431  8.57650023  8.92130818]
 [ 7.67663023 -5.83108731  4.45049353]]
[[ 7.16238873  5.42175878 -8.2304677 ]
 [-5.49200415  9.20615574  9.88450581]]
[[ 7.47941561  8.85675665 -4.53340912]
 [ 5.68500385 -6.84891538  9.29548383]]
[[-3.29392889  9.92065777  7.72442908]
 [ 9.21741593  8.80540871 -3.45196969]]
[[ 9.46600002 -4.4687269   2.9244347 ]
 [-4.93942575  8.87223767  6.50643543]]
[[ 5.22424048  6.96258424 -4.39293866]
 [ 7.00701568 -5.06033908  5.73279034]]
[[ 8.02267748  7.74888901 -3.40926726]
 [-3.89261924  9.9405919   8.50353277]]
[[ 8.98111129 -7.37390118  8.0640196 ]
 [-3.4353025   8.23369883  6.70498269]]
[[ 8.41418672  6.56554973 -3.97874865]
 [-4.93624795  6.07712323  9.15500292]]
[[-2.44843247  4.02983641  8.01889478]
 [ 5.69365512  8.92099882 -4.29012935]]
[[-3.23227806  9.02977818  5.9890453 ]
 [ 7.17336856 -7.99334527  5.38547607]]
[[ 8.31544374  6.83624843 -7.77454686]
 [-3.06441838  4.36405711  8.95344304]]
[[ 7.40886346  9.18542003 -3.5213507 ]
 [-5.38384961  7.03292294  5.28868473]]
[[-3.22115686  8.41461913  9.23927231]
 [ 5.22453495  4.32475213 -6.21486906]]
[[ 4.68332273 -5.25503306  9.95078044]
 [ 8.50978924  7.75649714 -8.26940964]]
[[ 8.12269376  8.32443921 -4.28823621]
 [ 8.7649812  -6.77804953  9.27918791]]
[[-4.91071238  9.69301122  6.34723703]
 [ 5.71705116 -3.00525891  4.74006044]]
[[ 9.56581432 -4.81611852  9.58118475]
 [ 7.36876658  7.02211791 -4.46484669]]
[[ 7.06822415  6.75182657 -4.42735412]
 [ 5.92651029 -5.16238561  8.6483167 ]]
[[ 7.98339229 -3.6657986   9.89720833]
 [ 6.09435791  6.56243016 -7.76708461]]
[[-5.87054829  9.64502348  7.78080826]
 [ 7.28832052  7.0891721  -5.65031602]]
