[[-7.25892637 -7.18463957  9.70974283]]
[[-7.13206007  9.5361354  -7.10170615]]
[[-7.35400782  9.9046341  -7.42871898]]
[[-6.72581604  9.38375353 -7.13464296]]
[[-7.30507138 -7.6328161   9.98711095]]
[[-7.06047038 -6.99912134  9.65366933]]
[[-6.73470263 -7.40209387  9.72825604]]
[[-7.29410014 -7.21585687  9.96591657]]
[[-6.88714261  9.47829219 -7.03551538]]
[[ 9.88117381 -7.42461312 -7.3910536 ]]
[[-7.5470113   9.99268902 -7.3379217 ]]
[[-7.15684182 -7.54700476  9.98118732]]
[[-7.24875734  9.68493694 -7.3611572 ]]
[[ 9.85031298 -7.53769405 -7.3711698 ]]
[[ 9.9837564  -7.18181821 -7.26623158]]
[[-7.26681154 -7.05792189  9.89638795]]
[[-7.5051212  -7.48902689  9.95868613]]
[[-7.45984877 -7.06462825  9.70934593]]
[[-6.97309844 -7.21396235  9.50559488]]
[[-7.32549457  9.93150285 -7.06421255]]
[[-7.01084436  9.86314966 -7.35406286]]
[[-7.29681337 -7.42460734  9.87402197]]
[[ 9.85320114 -7.6109285  -7.28589109]]
[[ 9.94129675 -7.00364638 -7.68179184]]
[[ 9.71036712 -7.249194   -7.11895757]]
[[-6.94160166  9.822475   -7.56897219]]
[[ 9.25607984 -6.88071443 -6.87726997]]
[[ 9.52737842 -7.07298557 -7.12632328]]
[[-7.22599496  9.67814433 -7.03572786]]
[[-6.89697803  9.390818   -6.92238942]]
[[ 9.62234633 -7.03191178 -7.11821744]]
[[-6.96360454 -7.56241479  9.96313065]]
[[ 9.47142282 -7.03467904 -7.22693494]]
[[-7.04320999  9.63248063 -7.09458592]]
[[-7.49213678 -6.80647835  9.78618552]]
[[-7.19028025 -7.45129764  9.97686854]]
[[-7.13483249  9.63411473 -6.95331649]]
[[-7.05779855  9.60955595 -7.09434164]]
[[-7.68830722 -7.05346787  9.9416198 ]]
[[-7.18395692 -7.00107634  9.57038018]]
[[-7.47974506 -7.02849504  9.72462458]]
[[ 9.8265271  -7.29627026 -7.09363957]]
[[ 9.78101689 -7.31331114 -6.9893875 ]]
[[-7.30785715 -7.31085388  9.80504708]]
[[-7.41261459  9.82832502 -7.40694787]]
[[-7.44114348  9.96605672 -7.41546771]]
[[ 9.95567188 -7.36442526 -7.3997982 ]]
[[-6.73853413  9.21691135 -6.90807001]]
[[-7.65233247 -6.90637899  9.89905392]]
[[-7.28367052  9.57053195 -7.31430639]]
[[-7.01761008 -7.38901827  9.7234952 ]]
[[-6.99403778  9.95627639 -7.56092046]]
[[-6.8802763   9.61198116 -7.16383621]]
[[-7.05973991 -7.5017521   9.73973975]]
[[-7.08235644 -7.37225492  9.71694123]]
[[-7.05830654 -7.13079057  9.51660592]]
[[ 9.82674305 -7.07383582 -7.17489305]]
[[ 9.81468676 -7.04502008 -7.16983893]]
[[ 9.54967905 -6.76700159 -7.28432074]]
[[ 9.8539298  -7.38675597 -7.05750237]]
[[ 9.8570687  -7.47692284 -7.43529176]]
[[-7.36202475  9.73196116 -7.04206037]]
[[ 9.62231214 -7.26872482 -6.83329106]]
[[-7.14869625  9.95881752 -7.49768141]]
[[-6.99171348  9.73963557 -7.18604529]]
[[ 9.69404128 -7.08249766 -7.05667922]]
[[-7.07191606 -7.42175412  9.97651567]]
[[-7.46243155 -6.97326023  9.98140267]]
[[-7.25558171 -7.14429992  9.89865607]]
[[-6.78657555  9.36058621 -7.12886102]]
[[-6.69927334 -7.16637611  9.4704528 ]]
[[ 9.99934176 -7.16339769 -7.72828235]]
[[ 9.70475226 -7.06009034 -7.07661787]]
[[-7.31335578  9.6831204  -7.11994195]]
[[-7.17329134 -7.18163727  9.77991951]]
[[ 9.85734305 -7.26704857 -7.32081999]]
[[ 9.95088777 -7.37639713 -6.99681089]]
[[-7.22570016  9.61555045 -6.98158346]]
[[-7.49419105  9.92611335 -6.98384818]]
[[-7.18085209 -7.72591947  9.98190201]]
[[ 9.97877381 -7.59089192 -7.62472782]]
[[ 9.96204884 -7.41685184 -7.01904953]]
