[[ 9.15496905 -6.72344619 -6.84851032]]
[[ 9.26535718 -6.87434184 -6.96183786]]
[[ 9.31060767 -7.01452438 -6.95244671]]
[[ 9.40594841 -6.8046508  -7.09186279]]
[[ 9.45222165 -7.22605784 -6.84836706]]
[[ 9.47385379 -6.80031343 -7.2398088 ]]
[[ 9.51473457 -6.98562688 -7.04478355]]
[[ 9.52920694 -7.02509917 -6.96982408]]
[[ 9.53404434 -6.86164979 -7.20268795]]
[[ 9.53470963 -7.21009508 -7.14283763]]
[[ 9.54349922 -7.12310937 -7.15610477]]
[[ 9.60195333 -6.99820844 -7.08613095]]
[[ 9.62492743 -7.11671124 -6.96147097]]
[[ 9.63897466 -7.1083591  -7.34008608]]
[[ 9.63971084 -6.71546236 -7.34631057]]
[[ 9.65566796 -7.05363275 -7.32941757]]
[[ 9.68695136 -7.4698298  -7.24908494]]
[[ 9.68875253 -7.26259112 -6.9671722 ]]
[[ 9.69811064 -7.23488526 -6.97184602]]
[[ 9.70037561 -7.03793464 -7.32482647]]
[[ 9.70358245 -7.19533667 -7.24177159]]
[[ 9.71311139 -7.49676924 -7.27920086]]
[[ 9.720705   -6.9233359  -7.28539471]]
[[ 9.7510273  -7.17242386 -7.07668392]]
[[ 9.75455575 -7.32904003 -7.40258748]]
[[ 9.79030061 -7.54097243 -7.15828575]]
[[ 9.79944992 -6.962907   -7.36716545]]
[[ 9.80643998 -7.38053084 -7.31497029]]
[[ 9.80757679 -7.20819521 -7.04560485]]
[[ 9.81878432 -7.30363425 -6.95980795]]
[[ 9.82403308 -7.6093638  -7.18435823]]
[[ 9.85251082 -7.37970131 -6.89128913]]
[[ 9.85985183 -7.62068828 -6.75813987]]
[[ 9.8684199  -6.95932127 -7.37762379]]
[[ 9.87280113 -7.57590883 -7.54747613]]
[[ 9.88116457 -7.31508876 -7.15430455]]
[[ 9.88149958 -7.3736473  -7.52341347]]
[[ 9.89727167 -7.57384189 -6.82414556]]
[[ 9.90669822 -7.05618541 -7.4939564 ]]
[[ 9.91208323 -7.27113591 -7.26695942]]
[[ 9.92946982 -7.60743216 -6.7526853 ]]
[[ 9.93132077 -7.48166366 -7.03178619]]
[[ 9.94687926 -7.35195086 -7.18931439]]
[[ 9.94853275 -6.88299557 -7.62220927]]
[[ 9.95932839 -7.47161524 -7.22917195]]
[[ 9.95938074 -7.55134956 -7.37604934]]
[[ 9.96458051 -7.4184974  -7.16204072]]
[[ 9.9663262  -7.61161605 -7.06012372]]
[[ 9.96777774 -7.76781793 -7.05468306]]
[[ 9.98306557 -7.09749426 -7.28591809]]
[[ 9.98917207 -6.94031381 -7.62288097]]
[[-6.75011977 -7.25834709  9.47551235]]
[[-6.76522985  9.27985925 -6.93787134]]
[[-6.79301455 -7.54471974  9.93575871]]
[[-6.79886019 -6.92310031  9.28025827]]
[[-6.79991944 -7.4755426   9.86496857]]
[[-6.82494068  9.41432486 -7.07033098]]
[[-6.85186476 -6.85140264  9.1913654 ]]
[[-6.86127664  9.59564517 -7.30341825]]
[[-6.87116831 -7.36205528  9.65948361]]
[[-6.87781099 -7.35088648  9.74046215]]
[[-6.89695447 -7.18326529  9.55476592]]
[[-6.90015642  9.98183888 -7.64837834]]
[[-6.94792826  9.70447307 -7.35089569]]
[[-6.94930219 -7.49162502  9.97706095]]
[[-6.96238614 -7.2867154   9.59994488]]
[[-6.9640077   9.41127867 -6.94141762]]
[[-6.97851635  9.80368938 -7.2499306 ]]
[[-7.00671799  9.95721162 -7.34873254]]
[[-7.00913689  9.36381876 -7.03731026]]
[[-7.03948691 -7.17414617  9.61044107]]
[[-7.04782015 -7.32411295  9.93603225]]
[[-7.05225436 -6.94605851  9.59565459]]
[[-7.06059437 -7.1170229   9.47475074]]
[[-7.06155638  9.70366324 -7.26850489]]
[[-7.06543066  9.39764832 -6.86108162]]
[[-7.06792125 -7.30261674  9.59403639]]
[[-7.07654164  9.67824666 -7.26262276]]
[[-7.07920479 -6.86454243  9.32427426]]
[[-7.09414939  9.6571793  -7.00245553]]
[[-7.11096007  9.37188295 -6.7736641 ]]
[[-7.13513414  9.77942629 -7.12210769]]
[[-7.14798103  9.97080502 -7.6460833 ]]
[[-7.15101348 -7.19913566  9.77939698]]
[[-7.15228046 -7.02527437  9.53720113]]
[[-7.1536372   9.88391989 -7.50631071]]
[[-7.16061675  9.47820183 -7.14834287]]
[[-7.18460579  9.91091959 -7.22782233]]
[[-7.19010439  9.60739659 -7.27032077]]
[[-7.19404273 -7.37644782  9.98734469]]
[[-7.19607016 -7.17649314  9.53700391]]
[[-7.20676965  9.71176567 -7.39477874]]
[[-7.22081475 -7.29022718  9.65312742]]
[[-7.22863133 -7.32113165  9.94559928]]
[[-7.23838809 -6.86216405  9.44320436]]
[[-7.24285102  9.60605455 -7.08598421]]
[[-7.24342466  9.82294237 -7.09054195]]
[[-7.24775893 -7.60653792  9.97559478]]
[[-7.25130939 -7.05129772  9.86135708]]
[[-7.27146422 -7.3150136   9.97483629]]
[[-7.27179185 -7.32535534  9.88802368]]
[[-7.29481011 -7.30337514  9.88397661]]
[[-7.32358904 -7.08519721  9.84975189]]
[[-7.32523367 -6.7715775   9.67559549]]
[[-7.32800963 -7.00789853  9.81064962]]
[[-7.33086225 -7.14782706  9.93198568]]
[[-7.33675685 -7.17052131  9.74734568]]
[[-7.34400091  9.97428245 -7.65642792]]
[[-7.36541785  9.97566796 -7.21242985]]
[[-7.39469093  9.62324819 -6.82465471]]
[[-7.39478762 -7.20811753  9.73732112]]
[[-7.39574207  9.86694697 -7.18960799]]
[[-7.40941306  9.8590779  -7.14044415]]
[[-7.40979534  9.68049955 -6.95844276]]
[[-7.47113267  9.8179159  -6.82821334]]
[[-7.52308354 -6.99940751  9.99894103]]
[[-7.53141611 -7.25883704  9.97883226]]
[[-7.56548392 -6.88318526  9.89876767]]
[[-7.59305452  9.95140063 -6.7983036 ]]
[[-7.59505012  9.96588459 -7.04875633]]
[[-7.62584053 -7.20682166  9.94167967]]
[[-7.63176531  9.8951829  -6.96762765]]
[[-7.65911147  9.96198952 -6.72228403]]
[[-7.6964693   9.98972476 -7.14211266]]
