[[ 7.88852226  7.5970692  -7.08941135]
 [-2.7573532   6.10107521  9.07089434]]
[[ 6.76904435 -5.34903112  7.11210737]
 [ 8.87733898  6.5871519  -4.35015219]]
[[ 7.60602711  6.08751208 -3.66837215]
 [-4.05315866  4.3027287   6.39833032]]
[[ 9.5826195   4.84521268 -4.19112614]
 [-4.78884298  5.79399647  6.10785795]]
[[ 6.82624118 -6.74187473  9.75125198]
 [-4.25709991  7.94816377  7.30934963]]
[[ 7.44240554 -4.95108903  8.32081513]
 [ 8.7757553   8.00837899 -2.98158826]]
[[ 9.01559108  6.10841711 -4.89305672]
 [-7.52663169  6.3538809   7.89795919]]
[[-3.45819957  9.45511929  9.18100261]
 [ 7.07516962  9.54933666 -3.35875667]]
[[ 7.69847254  6.44456158 -6.64436877]
 [-4.07467829  9.13563732  9.48120534]]
[[ 6.2529912   8.2443297  -6.14780156]
 [ 4.6235339  -4.22232504  8.2261454 ]]
[[-7.54681269  7.88113567  7.84314364]
 [ 9.3696544   8.56203199 -4.02413293]]
[[-3.73556473  8.2282017   9.46045696]
 [ 7.27889833  4.03446499 -7.70744616]]
[[ 4.07686265  6.09717076 -5.09096036]
 [ 8.31586557 -4.96894267  7.43202491]]
[[ 8.37498781  5.36064446 -2.97168171]
 [-4.12709964  4.96741549  5.87484931]]
[[ 8.89237819 -6.20731217  7.24940001]
 [ 7.37919615  9.17974823 -6.26949742]]
[[ 8.27386703  3.99657818 -3.09771136]
 [-6.91272249  3.72864972  9.2865287 ]]
[[ 9.23125103  4.487334   -6.02249588]
 [-6.3156503   7.18022843  8.46277656]]
[[ 6.61434346 -3.91161809  9.76806245]
 [ 5.2375687   5.28228086 -4.312926  ]]
[[-6.71771193  7.16155992  8.50050059]
 [ 9.13125603  6.14310901 -7.16272824]]
