[[-7.43191976  9.97117392 -7.0640754 ]]
[[ 9.98351154 -7.36914052 -7.63264602]]
[[-7.09483339  9.95514713 -7.63084211]]
[[-7.29381857  9.97184991 -7.63387608]]
[[-7.24431637 -6.74903758  9.48486227]]
[[-7.19168411  9.79709539 -7.27993503]]
[[-6.857033    9.21509881 -6.96795782]]
[[-7.10785546 -7.50625707  9.86711657]]
[[-7.41651639  9.85603537 -7.28215236]]
[[ 9.66944674 -6.94487244 -7.2363938 ]]
[[ 9.67463696 -7.34478718 -6.92711992]]
[[-7.55401024  9.86510502 -6.99463794]]
[[ 9.61512484 -7.24525792 -6.89149138]]
[[ 9.68509499 -7.29847597 -7.04037705]]
[[ 9.93466345 -7.468914   -7.69832125]]
