[[-7.55081527  8.13835293  8.9574688 ]
 [ 9.19702449  7.94267863 -3.23306119]]
[[ 7.94466945  8.92249639 -3.9800933 ]
 [-4.78248404  8.65530109  9.1797579 ]]
[[ 6.05495769 -4.19539022  6.09219401]
 [-4.27917966  6.91620913  9.39671468]]
[[-5.61532083  7.08805992  5.70536822]
 [ 8.84027598  7.18658307 -3.52589003]]
[[ 8.44048136  5.38331561 -6.723114  ]
 [-6.46619066  9.65698092  8.7229665 ]]
[[ 8.912645    4.28975076 -4.92073058]
 [-7.1954967   6.37949239  8.53508272]]
[[-5.41218314  9.74898073  8.13373827]
 [ 6.25965581  5.79558733 -2.75760268]]
