[[ 8.33300278 -5.93760023  6.03641443]
 [-7.17212147  8.39873968  6.00022417]]
[[ 7.63936765  9.9986538  -4.85601383]
 [-6.11455967  8.00393509  8.84572916]]
[[ 8.79643917  8.16330152 -6.0266498 ]
 [-6.81623786  5.35922934  9.32805964]]
[[-5.75696529  7.19128412  7.05565373]
 [ 9.76460787  3.81560307 -6.02550004]]
[[ 9.57393314 -6.08825999  4.06221385]
 [-6.29503339  7.42789354  9.19591228]]
[[-8.07446758  9.77515753  9.48340075]
 [ 9.98358628 -6.40302554  9.29735242]]
[[-4.28470355  9.7994866   6.48351561]
 [ 8.37139066 -4.13593769  3.76949259]]
[[-4.4213133   9.20028091  5.06507014]
 [ 5.98038782 -4.22777591  7.61192496]]
[[ 4.65600553  6.36535663 -5.33104941]
 [-3.36662951  7.30334023  9.15891462]]
[[ 5.51970484 -4.67589684  9.6219466 ]
 [ 9.59927994  9.97401665 -7.63274817]]
[[-4.95909306  6.02861116  9.11195645]
 [ 8.47794865  9.98987858 -5.03590199]]
[[-5.38340342  7.29574027  6.36064363]
 [ 9.17963652 -4.0591036   6.06605395]]
[[ 9.78575319  4.34896203 -4.98975067]
 [-5.69293313  8.20088604  9.47366018]]
[[ 8.00490983 -6.35195321  7.86338947]
 [ 8.21513941  8.2894789  -4.76601088]]
[[ 8.91331332 -3.84054333  6.46793541]
 [ 7.99271423  5.11392536 -2.55869095]]
[[-5.33452384  7.47474639  8.67087248]
 [ 8.23129854 -5.43536793  6.21159181]]
[[-7.35031793  7.76058436  8.74862812]
 [ 9.94483627 -4.70530534  6.24063724]]
[[ 8.96182495 -5.85484572  7.19947152]
 [-7.10080137  9.60390399  9.29796449]]
[[ 9.99013817 -7.50866787  3.93489635]
 [-6.00966683  8.3079673   6.21334358]]
[[ 7.80256581  9.15881238 -3.74169784]
 [-4.17184355  8.24854822  5.91271329]]
[[-5.74273688  7.00621129  7.97122032]
 [ 8.7633814   7.08524478 -5.6856519 ]]
[[-6.4617138   8.86855353  6.1034547 ]
 [ 7.87123931 -3.50479015  8.48032033]]
[[ 5.82978553 -3.93632162  6.82352628]
 [ 7.61650962  6.83773217 -6.10622867]]
[[ 7.09752049 -7.4045162   7.34470837]
 [ 4.87869674  9.82274577 -6.26877162]]
[[ 3.41554686 -6.79317913  9.53069378]
 [ 6.92734929  7.67151509 -5.76891683]]
[[ 8.88296813  3.68717972 -5.15146151]
 [-6.44240059  6.61963436  8.72956639]]
[[ 5.46900205 -8.25446331  6.8442912 ]
 [ 7.97672725  9.92171557 -5.08723388]]
[[ 4.64091326 -5.86502667  7.90482286]
 [ 9.44813907  7.74106687 -3.42506024]]
[[-4.96323764  4.22873192  7.92682526]
 [ 9.31135101  9.21462272 -4.46046462]]
[[-4.88337384  9.25159928  5.08179475]
 [ 9.65441911  4.59852462 -3.84983761]]
[[ 9.22901196 -3.27450476  8.12095748]
 [ 4.7947781   6.45650008 -5.97838322]]
[[ 7.08229756 -6.66344459  5.24903979]
 [-5.39310022  9.8528824   9.30232421]]
[[ 8.47327221 -4.96876984  5.33125263]
 [ 9.46102693  7.8243042  -4.08166886]]
[[ 7.14176974  7.24888458 -2.93958509]
 [-5.10078264  7.38571307  7.44620395]]
[[-2.65357804  8.63138     4.37193763]
 [ 6.21664774 -6.09469072  9.48536801]]
[[-4.03192335  7.32633503  5.32701951]
 [ 8.12249435 -5.83995638  6.57461029]]
[[ 8.1337401   4.52069137 -5.51459146]
 [-4.82267095  6.56529134  8.5952711 ]]
[[ 6.71473586  5.07278901 -4.37388105]
 [-3.46027635  6.7246183   6.53816233]]
[[ 9.06106754 -7.98492617  6.78480495]
 [-5.87593378  9.68819959  8.26304166]]
[[-5.70592116  7.20035134  6.96416352]
 [ 8.8618172  -4.22199632  5.68670842]]
[[ 5.65627475 -6.2071016   6.5742929 ]
 [-3.44870419  8.49923252  8.70962757]]
[[ 7.81753966  5.15001013 -4.74216435]
 [ 8.70003487 -3.16291767  7.30875524]]
[[ 6.63178049  8.72400837 -4.16007559]
 [ 8.00418387 -6.35499205  8.55396231]]
[[-5.37084777  6.58968564  6.34328984]
 [ 7.35286464 -4.83807537  8.10187561]]
[[ 9.48800085  4.38554518 -6.08676278]
 [-6.64429778  5.0264135   9.20187012]]
[[ 8.75428501  8.54412108 -6.60178117]
 [-3.00623868  9.83629152  7.42855421]]
[[ 9.46805046 -8.26099749  9.51037475]
 [ 9.35415182  9.8564737  -6.04238804]]
[[ 8.01223828  5.24243084 -4.0432023 ]
 [-6.74012206  9.52413457  9.99272085]]
[[ 4.94841952 -8.14575862  6.28179971]
 [-3.08983408  9.57202646  9.72859312]]
[[ 8.65786066  8.99540664 -6.92963052]
 [-6.04593981  6.21200185  8.27654386]]
[[ 8.00451049 -4.62878485  4.31474429]
 [-6.3015092   9.55357031  9.94688139]]
[[ 7.22685772  6.80859536 -4.11832821]
 [-5.80165284  6.4997378   7.26794967]]
[[-5.36930676  5.10122713  6.55244647]
 [ 9.89627583  9.77098986 -5.69013394]]
[[ 6.66112548 -3.61954809  9.20672053]
 [-5.55192819  6.75771652  8.72056329]]
[[ 6.61564989 -3.60516032  3.98064272]
 [-5.45373462  8.30097664  4.80929164]]
[[-4.6117264   8.53519955  9.2205306 ]
 [ 5.55893208 -5.85271967  9.90150742]]
[[ 5.33787461 -6.27849802  9.71783286]
 [ 5.56626272  7.12287432 -3.9779203 ]]
[[ 4.07312007 -4.87749832  9.87608796]
 [ 8.76292768  6.00421553 -3.51555443]]
[[ 9.67426982 -4.68354833  4.69357748]
 [ 3.09834295  9.2652144  -3.78001328]]
[[ 7.08420236 -2.91974099  4.96578778]
 [ 9.45648962  9.48663707 -4.21880049]]
[[ 4.64425657  8.49433534 -4.52577594]
 [ 9.40748354 -5.09195767  8.33275946]]
[[ 9.27502026  7.16045001 -4.3757826 ]
 [-5.5376744   3.9941116   7.30947069]]
[[ 4.75823895 -3.18743386  6.80942588]
 [ 6.01240601  6.24849073 -5.44488387]]
[[-5.33262787  4.87004299  8.14818927]
 [ 9.50268896  7.83983046 -5.3689452 ]]
[[-6.39416611  6.11537187  6.49049395]
 [ 8.12015607  7.62724344 -3.34414275]]
[[ 7.42512869 -5.79171363  8.03044766]
 [ 9.65232078  7.33536464 -3.09179183]]
[[-4.7230231   6.02150218  7.98288622]
 [ 8.56391599 -3.6811146   3.75260228]]
[[ 8.92725355 -3.57301653  5.82082113]
 [-4.10009561  7.97660448  3.83750658]]
[[-4.51463045  8.83820174  9.31488962]
 [ 9.22605909 -5.45730042  5.91010944]]
[[-7.15007243  9.15822742  8.74827221]
 [ 8.82451837  4.59999217 -4.95805065]]
[[-6.58344438  9.87222683  8.56619583]
 [ 8.43024192 -4.06578731  8.23871251]]
[[ 5.75604965 -7.19233521  9.8200063 ]
 [ 8.64687248  9.65232351 -8.07500459]]
[[ 5.7705424   8.20455014 -2.92154642]
 [ 8.46682296 -3.54576634  6.64945004]]
[[ 7.14285908  6.73319924 -4.95328045]
 [-3.30966729  7.68257258  5.83236223]]
[[ 8.74720532 -6.82496636  5.07711327]
 [-6.2619011   9.05920165  7.05857551]]
[[ 9.66570532  9.2083865  -4.32181809]
 [ 9.37007805 -3.80004129  9.25466462]]
[[ 4.67406412  7.49052261 -7.34947677]
 [ 9.87441976 -4.77895473  8.90600833]]
[[ 7.86610917  8.46108123 -6.80481568]
 [-5.68628412  9.4711712   9.32807966]]
[[-3.39620504  3.19728023  9.69745889]
 [ 6.39979947  5.17671038 -5.38789606]]
[[-7.5648971   5.93457952  8.0441782 ]
 [ 9.96880241 -4.39083649  7.58302427]]
[[ 7.63582801 -5.39000073  7.90583299]
 [ 7.37312808  9.11152531 -7.19525933]]
[[ 3.93895619  8.76201985 -7.09265168]
 [ 4.58526725 -2.9746382   8.12565546]]
