 [ 2.7408475  -6.14003668  9.17881967]]
 [ 3.25980194 -4.23424307  9.95758581]]
 [ 3.4181011  -5.46798567  8.49630221]]
 [ 3.62052258 -6.46196599  9.05618653]]
 [ 3.85362274 -4.33126851  8.33436658]]
 [ 3.93561564  9.21181431 -7.62147217]]
 [ 4.03743255 -5.44056663  7.07041573]]
 [ 4.08920298  8.14762477 -5.76154957]]
 [ 4.25125694  9.03763301 -8.56120312]]
 [ 4.28361627  9.57454567 -3.53117088]]
 [ 4.36023715  6.70345617 -8.33257738]]
 [ 4.48745155  5.17897303 -5.35681413]]
 [ 4.51706644  7.79148094 -3.21359659]]
 [ 4.89024308  6.38998067 -5.79096996]]
 [ 4.94628616 -5.46774361  9.24589207]]
 [ 4.97018153  8.11193801 -5.57801089]]
 [ 5.06352055  7.65267503 -3.49579366]]
 [ 5.13263482  8.93649775 -5.55373412]]
 [ 5.22375596 -4.1070238   5.22886283]]
 [ 5.23505456 -3.04560173  7.9255994 ]]
 [ 5.47607837 -4.01995344  9.34610203]]
 [ 5.50573395  9.64488672 -6.21305188]]
 [ 5.56692333  9.99245667 -4.09877415]]
 [ 5.60620213  9.82034661 -6.12036965]]
 [ 5.69657181  9.64697716 -7.22737754]]
 [ 5.82331464  7.61596192 -3.62437069]]
 [ 6.30039308 -3.16546384  7.0317015 ]]
 [ 6.36754137  6.75740988 -5.41599037]]
 [ 6.50479101 -6.28782629  9.94770048]]
 [ 6.5086738   6.66960083 -4.1836976 ]]
 [ 7.11546903 -5.18691644  7.71352332]]
 [ 7.14401263  8.15274452 -3.86096368]]
 [ 7.18202479 -3.45788038  9.16563359]]
 [ 7.26550146  9.44384353 -4.3199847 ]]
 [ 7.36482524  9.46600992 -5.23900062]]
 [ 7.56119982 -5.02228142  6.57684579]]
 [ 7.60512659  9.98497919 -3.94848179]]
 [ 7.60787307  7.80574723 -6.72095551]]
 [ 7.61212436  8.84663285 -6.60863587]]
 [ 7.61377289 -4.4023525   9.90227704]]
 [ 7.63826535  6.03193693 -3.61658601]]
 [ 7.7653788  -5.60125739  7.95436167]]
 [ 7.79742372 -4.33041885  7.81746553]]
 [ 7.80614954  9.44651493 -4.02073547]]
 [ 7.88793004 -5.31680108  9.75709685]]
 [ 7.90039045  9.82085277 -7.75473621]]
 [ 7.90409648 -4.39243929  5.87383054]]
 [ 7.91167442  6.38790227 -3.77447234]]
 [ 8.0127503  -8.2771699   9.84927113]]
 [ 8.12924341  7.47530825 -3.60916995]]
 [ 8.16600667  5.19107377 -7.05964972]]
 [ 8.25163156  7.31760767 -6.04165531]]
 [ 8.26643626 -5.79036902  9.37834147]]
 [ 8.29206328  7.15764344 -5.62647701]]
 [ 8.34767785  8.88591219 -3.31692254]]
 [ 8.37545434 -6.28927127  7.10525268]]
 [ 8.45224902  5.03200201 -3.48862914]]
 [ 8.6236424  -3.74643795  8.8231324 ]]
 [ 8.70227022 -7.3979187   8.16618391]]
 [ 8.82138635  9.0896499  -3.54209631]]
 [ 8.8226427  -6.88588616  7.404754  ]]
 [ 8.8807811  -5.77211383  4.97921094]]
 [ 8.92255459 -3.95621851  3.74216105]]
 [ 8.9280538   7.50296599 -6.53558467]]
 [ 9.06342351  9.69882034 -4.0170026 ]]
 [ 9.09878073 -4.95281808  8.65052635]]
 [ 9.1087643   8.95738344 -7.26900017]]
 [ 9.20061915 -4.50423728  7.05638408]]
 [ 9.25763331 -5.16693082  8.10170223]]
 [ 9.27508986 -7.95230524  5.69698067]]
 [ 9.30519101  9.81732956 -3.71068293]]
 [ 9.3208933  -5.90453494  7.73270401]]
 [ 9.35902932 -4.64521085  6.51702049]]
 [ 9.49083545  5.47607043 -5.95831933]]
 [ 9.50779157  6.11001701 -7.72746587]]
 [ 9.63204978 -3.13157025  7.23094011]]
 [ 9.66281125 -7.92093598  3.51342702]]
 [ 9.66497204 -7.10436029  9.84202984]]
 [ 9.76674383  8.56003647 -7.12014167]]
 [ 9.76935184 -4.21982282  7.69231582]]
 [ 9.89609253  4.43047552 -7.17065118]]
 [ 9.95023781  8.73918175 -7.19731851]]
 [-2.92842267  8.45198087  8.45430217]]
 [-3.06700103  7.08945231  5.28156261]]
 [-3.12174396  7.54391179  7.68129381]]
 [-3.14568298  8.43631989  5.86690364]]
 [-3.15497144  9.12776283  7.96979404]]
 [-3.28855425  7.76773029  8.76351997]]
 [-3.30518858  7.81627308  7.1402353 ]]
 [-3.5106527   8.5129828   9.93850909]]
 [-3.52636046  9.99899773  6.03225642]]
 [-3.99055828  6.8764216   8.87582022]]
 [-4.00726534  6.95518107  4.95892571]]
 [-4.12626154  5.4137303   8.1530498 ]]
 [-4.15133277  9.11326515  4.47632449]]
 [-4.25627152  9.04472842  9.87984414]]
 [-4.26770014  6.61935551  7.05715872]]
 [-4.29134938  4.94814488  6.90152681]]
 [-4.31188302  5.55520144  8.53853163]]
 [-4.38230272  6.16068234  7.99473321]]
 [-4.4499544   8.90003579  7.50995335]]
 [-4.84924628  9.1213543   9.61659363]]
 [-4.95474626  4.09894841  7.83370421]]
 [-4.99240746  6.37139918  6.33471425]]
 [-5.0427575   4.71616308  5.2182789 ]]
 [-5.17444166  7.47904899  6.4009706 ]]
 [-5.23600169  9.87017333  6.11302465]]
 [-5.35316988  9.92795266  9.91830538]]
 [-5.39781208  9.64955065  8.975863  ]]
 [-5.66007216  3.92666234  7.73714101]]
 [-5.66726642  3.40850912  7.24916311]]
 [-5.77600662  7.70562271  7.37372557]]
 [-5.81059098  5.00235934  9.2073515 ]]
 [-6.0902973   5.99355546  9.51421926]]
 [-6.21014144  6.42853145  5.51140901]]
 [-6.54099425  7.93391632  9.71988924]]
 [-6.58357715  5.97879002  9.55808019]]
 [-6.76344436  9.59919933  8.37009282]]
 [-6.82695871  3.91409014  6.21080272]]
 [-6.84006641  7.9570361   5.80952937]]
 [-6.84415375  9.94104818  6.2084834 ]]
 [-7.13468959  8.75165448  6.84222371]]
 [-7.58768408  8.69296676  6.19957956]]
 [-8.81806373  9.37440631  5.95968825]]
[[ 3.16795168 -4.66741156  9.43818777]
[[ 3.26721543  8.36513905 -6.63758395]
[[ 3.68943491  4.44596926 -3.88869168]
[[ 4.24172869 -4.65270741  8.33338224]
[[ 4.49141535 -4.79679522  4.27879622]
[[ 4.53026249  8.59936949 -3.26019581]
[[ 4.5441902   8.05688905 -5.59537459]
[[ 4.6096414   9.40934541 -3.98207231]
[[ 4.68284262 -3.20228164  5.76862855]
[[ 4.88657686 -6.12945492  9.82309128]
[[ 5.01892836  7.795084   -4.33308374]
[[ 5.11794546 -4.94249916  6.19489092]
[[ 5.1698807   4.38895747 -6.37529548]
[[ 5.23799292  8.25703262 -6.37729446]
[[ 5.45319342 -5.60402709  9.57759951]
[[ 5.46812756 -5.8528565   6.80284185]
[[ 5.60215253  8.39382834 -5.45114067]
[[ 5.65748355 -6.65642154  4.5564419 ]
[[ 5.80767954  7.4597697  -6.27787846]
[[ 5.85201162 -6.57178545  6.78847099]
[[ 5.91425744  8.54845468 -3.45049697]
[[ 5.92572893 -4.74050853  9.58383656]
[[ 5.98674399  8.66961609 -3.96269129]
[[ 6.13953571 -3.7387031   7.78791379]
[[ 6.17656464 -6.77708164  4.65278302]
[[ 6.50404201 -6.98580584  7.98467037]
[[ 6.56555763  9.55087911 -5.59877891]
[[ 6.9866396   4.65996204 -5.6011077 ]
[[ 7.01589731  8.2183138  -4.65839634]
[[ 7.09242721  9.99707189 -4.50379134]
[[ 7.10236332 -5.84744468  7.25338761]
[[ 7.1321558  -3.38853683  4.87887399]
[[ 7.20337519 -5.7081279   5.43020825]
[[ 7.34037948 -8.22044682  9.89451859]
[[ 7.41760765  6.58463813 -6.24238227]
[[ 7.63412582  9.65851215 -5.57455811]
[[ 7.67269598 -4.51227504  7.76676788]
[[ 7.73663379 -4.34926428  9.61528099]
[[ 7.81898879  8.61495703 -4.90043067]
[[ 7.81931688 -5.48574222  6.43843421]
[[ 7.84218977 -6.21576573  9.1421977 ]
[[ 7.86368427 -6.13117574  4.0267881 ]
[[ 7.92513953 -5.48929708  7.83798534]
[[ 7.96799615 -5.62338158  9.61200189]
[[ 7.98688039  8.51550242 -2.91149065]
[[ 8.07618432  7.06037927 -3.70020595]
[[ 8.11969699 -2.77300479  8.50995926]
[[ 8.24906558 -3.93576053  9.72617405]
[[ 8.2613868   4.13021477 -5.81260301]
[[ 8.27311734  7.49975204 -4.73821342]
[[ 8.31650086 -5.56251528  4.91612461]
[[ 8.3912913  -4.58801396  7.78270188]
[[ 8.41420309  8.84766139 -3.28901809]
[[ 8.5446186   7.61684113 -5.38865997]
[[ 8.55854887 -4.02848927  9.76660139]
[[ 8.58949221  6.06069104 -4.26311406]
[[ 8.62586715  8.01939282 -3.57435843]
[[ 8.71484062  9.34280294 -7.50108633]
[[ 8.73371981 -3.81112273  8.78248814]
[[ 8.73774397 -3.60861748  8.43301707]
[[ 8.77911794  4.79234693 -7.32189111]
[[ 8.84183407  9.81502231 -7.67422895]
[[ 8.84437751  9.96817723 -4.80392433]
[[ 8.84948399 -7.83369388  9.65645687]
[[ 8.92020893 -5.23413519  9.72822998]
[[ 8.95533186 -5.3925014   3.25894179]
[[ 9.02204633 -4.9790367   7.52903744]
[[ 9.0784976  -3.03656205  5.81744407]
[[ 9.10499374 -5.93454251  7.63034797]
[[ 9.1287707  -6.01729245  9.91641982]
[[ 9.15822808 -3.50952686  9.44093941]
[[ 9.17410081  6.59686497 -4.42130624]
[[ 9.19197615 -4.0003968   9.34313427]
[[ 9.27925824  4.73210682 -7.09279335]
[[ 9.28344738 -4.69988851  8.15725554]
[[ 9.31086701 -5.78181092  7.84159568]
[[ 9.3262403  -3.5328906   9.40849492]
[[ 9.36053011  7.66275534 -4.589687  ]
[[ 9.38251422  9.85834504 -9.08858808]
[[ 9.39629333  9.39957064 -6.1988123 ]
[[ 9.41255765  6.80592542 -3.83282471]
[[ 9.48173479 -3.76367234  7.34860605]
[[ 9.58939888 -6.52446842  9.50746014]
[[ 9.61023556 -4.45911758  6.56934769]
[[ 9.63270812 -5.85198657  4.18900358]
[[ 9.7118581   4.67584393 -4.12816426]
[[ 9.76884476  6.46605259 -3.52941385]
[[ 9.79091975 -4.09197911  7.48229553]
[[ 9.86145758  8.3192355  -4.23633278]
[[ 9.88584456 -5.182204    4.31458703]
[[ 9.92815956  6.03902414 -6.18120129]
[[ 9.93270208  8.3955852  -5.19982813]
[[ 9.94927005 -5.90156891  9.53424987]
[[-2.56561061  8.37010537  8.4285623 ]
[[-2.71788989  7.70373323  9.04732438]
[[-2.90783367  3.69072009  6.06566274]
[[-3.03744893  8.59493226  9.44255336]
[[-3.13013376  5.32553851  9.63921904]
[[-3.15432996  6.53620113  9.09161386]
[[-3.31896969  7.62765777  7.09329595]
[[-3.55964172  9.98669814  9.65034896]
[[-3.85827831  7.74363583  8.53968449]
[[-4.06778126  8.49176992  9.85481936]
[[-4.25048821  9.50702856  4.48800287]
[[-4.39035026  8.79740528  8.23006535]
[[-4.41963586  7.10105566  6.50564329]
[[-4.48262421  8.45202729  8.42828002]
[[-4.71670646  4.99623594  5.11306253]
[[-4.84246841  5.74418037  7.00669486]
[[-4.96999779  7.02370086  9.74458747]
[[-5.00980998  6.42540554  9.14701561]
[[-5.18521554  8.30079418  7.75300808]
[[-5.41209284  6.08363436  4.63282798]
[[-5.84178331  5.29751881  6.43097268]
[[-6.37749501  3.43340161  8.73376943]
[[-6.49613657  8.87771943  3.42969141]
[[-6.5155976   8.60825306  8.9880533 ]
[[-6.58338517  7.34447717  8.76554431]
[[-6.79487458  9.00647461  4.16932984]
[[-6.79621193  9.56933279  5.44646485]
[[-6.98201594  7.47776769  8.53491741]
[[-7.04604858  9.92817401  9.31361968]
[[-7.76265437  9.23106506  7.34099685]
[[-7.96222429  7.19670828  5.87256053]
