[[-3.88624901  9.3636111   8.8498818 ]
 [ 5.31043081 -6.19523181  7.56575789]]
[[ 7.31496289 -3.82755803  5.45193229]
 [-2.80745313  4.7987593   4.32403901]]
[[ 9.80926045  8.56595269 -3.65095478]
 [-5.53926959  9.35987046  6.74922589]]
[[ 9.10969681 -4.91587748  8.25403258]
 [-5.19251178  9.92096944  6.72251256]]
[[-4.12262899  3.5139221   9.88527109]
 [ 7.45338317  4.41191831 -8.20472594]]
[[ 6.46116742 -8.04282759  6.86812925]
 [ 4.89590565  9.8905144  -4.86360747]]
[[ 8.49973004 -3.54869012  4.53949837]
 [ 8.4018226   9.05300672 -3.0933789 ]]
[[-3.94903668  8.48813146  9.66278132]
 [ 9.99711882 -5.45908624  8.5781182 ]]
[[ 9.29379223  5.99191918 -4.50168878]
 [-4.43313     4.2355249   8.72338508]]
[[ 8.64849497 -3.74381021  9.49995504]
 [ 9.44605744  7.69464614 -6.63806544]]
[[-4.95494762  7.83848298  5.31020935]
 [ 9.55841958 -5.02884489  5.17386324]]
