-16.35695613,1.4359166,-4.4237809	1.39656115,-16.38762414,-8.33387635	9.44664642,9.3582893,-0.1446482	0.9999113,0.99948599,0.99947841,0.5000014
1.43449998,-6.83474224,-16.37832903	-16.38940782,-7.43090646,1.42203742	9.3590591,1.88976195,9.38712426	0.99996697,0.99948144,0.99947962,0.5000018
-16.30661268,-5.67733508,1.43318017	1.34224592,-8.22187459,-16.38617061	9.56716137,1.17460827,9.35801552	0.99995681,0.99949261,0.99947921,0.50000178
-1.63620952e+01,7.09828339e-01,1.24213440e-02	1.40403494e+00,-1.53519731e+01,-1.45407885e+01	9.42760637,6.79356955,6.01738562	0.99998518,0.99948391,0.99949048,0.50000223
-10.09152574,-16.36718459,1.42778962	-4.34531477,1.4316961,-16.38447203	2.44330745,9.31355574,9.3766166	0.99997424,0.99947357,0.99948089,0.50000184
-7.27202573,1.42342333,-16.37304172	-6.35059913,-16.38060014,1.41642339	0.74562387,9.38603371,9.39927562	0.9999426,0.99948231,0.99948172,0.50000173
-15.61678039,-14.30149144,1.37929385	0.94628133,-0.09479257,-16.33959356	7.17764514,4.97882288,9.48243481	0.99997999,0.99946997,0.9994873,0.50000221
0.91103818,-16.34643904,-0.24558276	-15.59708491,1.38698645,-14.21352179	7.28458445,9.46513505,5.37926246	0.99998434,0.9994862,0.99947756,0.50000222
1.43402268,-6.76233725,-16.37084672	-16.39076199,-6.61911483,1.41313058	9.36389283,0.44151535,9.40811665	0.99993273,0.99948311,0.99948049,0.50000167
-15.08220728,1.40334149,-14.94895281	0.50978946,-16.36158461,0.41955126	6.38282385,9.42923393,5.94097352	0.9999811,0.99948579,0.99948405,0.50000223
1.39947133,-9.56046892,-16.33191038	-16.35841312,-4.23819489,1.3850285	9.43825505,1.0516549,9.44112761	0.99995301,0.99948248,0.99948483,0.50000178
-16.36600574,-10.71376986,1.40417065	1.44688701,-3.63458997,-16.3623922	9.23459539,2.31651496,9.42747999	0.99997217,0.9994663,0.99948398,0.50000186
1.04590826,-16.36274259,-0.47913672	-15.76298393,1.40466001,-13.9234463	7.69105772,9.42630503,4.8158347	0.99998273,0.99948385,0.99946523,0.5000022
-16.37183875,-3.18905711,1.47669438	1.41441296,-11.355204,-16.36833307	9.40518515,3.12371255,9.07441139	0.99997963,0.99948258,0.99945319,0.5000019
-16.37435762,-5.91034393,1.43570384	1.41699279,-8.11477458,-16.38907664	9.39949125,1.39762626,9.3533634	0.99995789,0.99948238,0.99947904,0.50000178
-9.62570569,1.41122234,-16.37304907	-4.23463702,-16.36942288,1.43036432	1.15789629,9.41277409,9.34035567	0.99995254,0.99947616,0.99948331,0.50000178
1.47027749,-16.36742789,-2.44053151	-16.32321568,1.40962973,-12.01384962	8.8912544,9.4155744,3.2149031	0.99997879,0.99948323,0.99944005,0.50000196
-14.50552696,1.40732224,-15.42539883	0.03741717,-16.36522673,0.77955795	5.50970722,9.42053278,6.94110503	0.99998219,0.99948204,0.9994835,0.50000223
-0.14090894,0.91779515,-16.37523157	-14.26770994,-15.59679002,1.4179551	5.01192587,7.302774,9.39765907	0.99998072,0.99948214,0.99947322,0.50000221
1.37058444,-8.53806561,-16.36421573	-16.330723,-6.52749315,1.41161094	9.50012689,4.61401346,9.39904179	0.99999216,0.99948135,0.99948817,0.50000184
1.35652985,-16.40271199,-10.88989077	-16.31922759,1.49100988,-3.43669251	9.53419453,9.12595766,2.30906655	0.99997204,0.99945862,0.99949051,0.50000187
-16.33789916,1.42679558,-9.18794754	1.38715877,-16.3836902,-4.91467201	9.44388288,9.3789031,1.5766949	0.99996282,0.99948349,0.99948112,0.5000018
1.4036905,-16.39199645,-8.82377876	-16.36238781,1.44225023,-4.99469938	9.42903231,9.33310903,1.05582453	0.99995028,0.99947718,0.99948431,0.50000177
-16.35128445,-2.58592535,1.48262798	1.39201089,-11.71557913,-16.35553172	9.45425919,2.54416886,8.98070986	0.99997218,0.99948563,0.99944568,0.50000192
1.41867629,-15.31774179,-14.67100965	-16.37591617,0.69596244,0.19571743	9.39611866,6.78302006,5.54075991	0.99998079,0.99948296,0.99948205,0.50000222
1.41919238,-7.03311788,-16.37729796	-16.37796324,-5.54292863,1.42014748	9.39793299,-0.29234701,9.39537913	0.99990394,0.99948227,0.99948306,0.50000125
1.40821029,-7.11093065,-16.34184599	-16.36467938,-7.28038382,1.38311804	9.41542411,2.19359013,9.47113752	0.99997355,0.99948643,0.99948299,0.50000182
-16.38610901,0.56657602,0.29016536	1.42951252,-15.16906459,-14.80939128	9.37302668,6.61584566,5.86817641	0.99998206,0.99948064,0.99948844,0.50000223
1.41960869,-12.7274626,-16.19877462	-16.37668338,-1.75608197,1.39716787	9.39402133,4.02297041,8.58375636	0.9999833,0.9994329,0.99948189,0.50000207
1.43317881,-13.76414414,-15.77357214	-16.38945038,-0.73675241,1.03617445	9.36516019,5.29727189,7.8948709	0.99998736,0.99947,0.99948012,0.5000022
1.40207857,-6.38357744,-16.38048558	-16.35762328,-7.99485443,1.42412475	9.42540375,2.16648383,9.38325135	0.99997212,0.99948121,0.99948337,0.50000181
1.4296251,-15.81009906,-13.76748036	-16.38615344,1.07681479,-0.65238346	9.37273288,7.8976667,4.78486699	0.99998375,0.99946322,0.99948061,0.50000219
1.42221283,-16.37596695,-10.12578656	-16.3797664,1.44195171,-3.80092783	9.38920493,9.2946819,1.31174712	0.9999545,0.99947196,0.99948189,0.5000018
1.41834412,-16.3827492,-4.55155028	-16.36356534,1.4256251,-9.49230961	9.36862709,9.38161713,1.47821416	0.9999595,0.99948134,0.99947831,0.5000018
1.42921931,-16.37931539,-8.06453447	-16.38707235,1.42498598,-5.17914882	9.3753596,9.37933936,0.2964538	0.99992704,0.99948071,0.99948144,0.50000163
-16.34813743,1.36151386,-8.85946099	1.39775963,-16.3247014,-4.02173512	9.43539581,9.52452036,-0.03515205	0.99992228,0.99948196,0.9994905,0.50000149
-16.3820847,1.44471251,-2.339579	1.42530426,-16.28592127,-12.18164958	9.38190189,8.85994051,3.59510404	0.99998188,0.99948117,0.99943905,0.50000199
-0.31932846,1.00003231,-16.36735232	-14.09928773,-15.69633248,1.40958604	5.06541474,7.39886649,9.41563665	0.99998227,0.99948321,0.9994693,0.50000221
-16.3450103,1.42514338,-5.27133023	1.38398238,-16.38054111,-7.62655757	9.47393167,9.38215943,-0.03653799	0.99991809,0.99948746,0.99948105,0.50000148
-0.12311861,-16.37252484,0.83324909	-14.37022155,1.41519306,-15.4979332	5.71754984,9.40348441,7.00828445	0.99998434,0.99948245,0.99948358,0.50000223
1.4009647,-16.38034912,-9.92813074	-16.3594774,1.44259035,-4.31587978	9.43451251,9.30016629,1.93687925	0.99996755,0.99947312,0.99948445,0.50000182
-16.32651822,-4.73077013,1.45312647	1.36462322,-9.34598955,-16.39807578	9.51573137,1.53559419,9.2993113	0.9999619,0.99948945,0.99947434,0.5000018
-16.38500474,1.42187627,-8.48240597	1.43606705,-16.38121535,-3.81966945	9.36350804,9.39295462,-0.46524306	0.99989332,0.99947641,0.99948311,0.50000097
-1.11944822,-16.31290384,1.2045263	-13.42218106,1.34973593,-15.9612342	5.2590664,9.54958682,8.0782643	0.99998928,0.99949133,0.99945227,0.50000218
1.42636942,-8.28917543,-16.39493185	-16.38312311,-5.87274732,1.44250804	9.37935988,1.67224443,9.3374533	0.99996263,0.99947795,0.99948112,0.50000179
1.14014264,-16.33292439,-0.53120207	-15.86531229,1.37192565,-13.80520962	7.78398316,9.49901017,4.36323486	0.99998007,0.99948831,0.99945457,0.50000219
-16.34538703,0.99812648,-0.47200023	1.38586037,-15.71315396,-13.96949561	9.46761792,7.64941934,5.0882797	0.99998493,0.99948634,0.99947099,0.50000221
1.44836368,-5.45324067,-16.3898204	-16.39509867,-9.17868272,1.43368905	9.31132385,2.93537163,9.36367554	0.99997971,0.99948004,0.99947539,0.50000182
-15.92050122,-13.6124845,1.39466363	1.17934036,-0.8184551,-16.35347194	7.90072086,4.7976736,9.44815049	0.99998448,0.99945339,0.99948516,0.50000218
1.4025171,-9.22791116,-16.37550473	-16.36262361,-3.46051654,1.43234403	9.43378244,-0.17929322,9.36156369	0.99990931,0.99947512,0.99948528,0.50000137
-4.97886835,1.46252177,-16.34372693	-9.45984788,-16.40604629,1.38400846	2.38447043,9.27559587,9.4716122	0.99997422,0.99948663,0.99947276,0.50000182
1.24836395,-16.38167386,-1.02032191	-16.00393013,1.42487278,-13.40828044	8.0890924,9.38281816,4.57146011	0.99998366,0.99948122,0.99944536,0.50000216
1.4156395,-10.42325302,-16.40064564	-16.37312373,-3.94728479,1.47429335	9.40268062,2.32104685,9.2047346	0.99997146,0.99946566,0.99948249,0.50000184
1.4164927,-9.09644988,-16.36741842	-16.37501678,-4.20235133,1.41914296	9.40241499,0.37537797,9.38168484	0.99993089,0.99947924,0.99948302,0.50000166
-16.25002536,-12.43446974,1.4200797	1.424707,-1.93586065,-16.37726753	8.77310201,3.2396259,9.39315445	0.99997752,0.99943623,0.99948189,0.50000201
1.41671872,-10.49143242,-16.34310145	-16.37397009,-3.9598969,1.4155303	9.4002031,2.54788152,9.32040995	0.99997592,0.9994727,0.99948229,0.50000185
1.41825339,-9.77135333,-16.39270658	-16.37540864,-4.69223326,1.45289915	9.39683108,2.48102763,9.28445076	0.99997461,0.99947262,0.99948209,0.50000183
-16.34718412,-6.72451811,1.42409572	1.38785962,-6.88623553,-16.38069424	9.46273699,0.72834678,9.38372221	0.99994385,0.99948627,0.99948145,0.50000173
-16.36711252,1.45033234,-3.88232074	1.40903199,-16.38119005,-10.26503344	9.41715959,9.26665443,1.76052648	0.99996365,0.99948345,0.99946994,0.50000183
1.43422051,-5.16724363,-16.37543982	-16.38219584,-9.11335163,1.41819957	9.34308175,1.96215696,9.39698145	0.99996804,0.99948215,0.99947742,0.50000181
-12.95913027,1.4001833,-16.16184159	-1.49439957,-16.35858632,1.37675127	4.18419011,9.43605442,8.3990971	0.99998346,0.99943223,0.99948444,0.5000021
1.42009362,-6.32357668,-16.29784662	-16.37388091,-8.12268002,1.3329623	9.38538072,2.3458056,9.58776414	0.99997652,0.99949365,0.99948082,0.50000182
0.58101372,0.30158611,-16.34897644	-15.17812198,-14.81747569,1.38970008	6.558569,5.86015314,9.45916941	0.99998225,0.99948585,0.99948694,0.50000223
-13.63871065,1.41379547,-15.88271748	-0.85627768,-16.3711487,1.14140199	5.22235095,9.40642769,7.87038799	0.99998699,0.99945932,0.99948261,0.50000219
-12.85441071,1.37015266,-16.19142853	-1.44995071,-16.33136778,1.39599164	3.38449653,9.50306504,8.5198869	0.99997754,0.99943163,0.99948858,0.50000207
-16.37813836,-9.06690224,1.42283829	1.42961823,-4.62657543,-16.38054436	9.35653817,0.87306665,9.38812729	0.99994504,0.9994782,0.99948194,0.50000175
1.43417775,-16.37184741,-6.87669086	-16.39031351,1.41468146,-6.86605952	9.36229927,9.40370865,0.91687731	0.9999468,0.99948265,0.99948017,0.50000175
-4.39267607,-16.37056909,1.44990344	-9.48864513,1.4124249,-16.39341801	1.186146,9.41018157,9.30351241	0.99995227,0.99948317,0.99947426,0.50000178
-16.30592778,1.38823391,-9.1334148	1.35273726,-16.34864424,-3.93241921	9.53156144,9.46398432,0.1363055	0.99992993,0.99948775,0.9994867,0.50000159
1.41409611,-4.7827654,-16.34580936	-16.36789123,-8.23749044,1.38491841	9.40276591,0.07774276,9.47164351	0.99992334,0.99948727,0.99948165,0.50000155
1.4107857,-16.37113926,-4.34716248	-16.35426678,1.41329615,-9.67333558	9.37932765,9.40800585,1.44460068	0.99995957,0.99948293,0.99947857,0.5000018
-1.54902375e+01,-1.44568818e+01,1.39837129e+00	8.40582336e-01,1.20642943e-02,-1.63569924e+01	6.96238008,5.3530853,9.44010115	0.99998113,0.99947758,0.99948471,0.50000222
-4.21646705,-16.32862761,1.47365428	-10.03111584,1.36705485,-16.40850451	1.95879768,9.51012702,9.23171089	0.99996802,0.99948906,0.99946862,0.50000183
-8.96274272,-16.3896229,1.41539836	-5.10960941,1.44075637,-16.37303705	1.5092284,9.33296571,9.40329515	0.99995985,0.99947701,0.99948263,0.50000179
-16.37416204,1.4279216,-10.34487654	1.44478065,-16.3847343,-3.98477984	9.27104687,9.37651471,2.19815468	0.99997026,0.99947005,0.99948093,0.50000184
0.66660225,-16.3654917,0.23065107	-15.27516162,1.40755456,-14.72525526	6.62512017,9.42006766,5.7257312	0.99998127,0.99948349,0.99948409,0.50000223
-13.6968598,1.4268241,-15.90867395	-0.67318294,-16.38361505,1.17502754	4.50617862,9.37876157,7.83606322	0.9999808,0.99945233,0.999481,0.50000218
-16.38013422,-5.8049671,1.41959677	1.4222166,-7.46784309,-16.37589748	9.38982301,0.32245259,9.39301289	0.99992899,0.99948221,0.99948195,0.50000164
-16.38597567,0.48084827,0.41062137	1.4293405,-15.05608758,-14.95058395	9.3734139,6.40014128,6.02375393	0.99998152,0.99948067,0.99948799,0.50000223
-9.87050068,1.42311287,-16.38779527	-3.81700938,-16.38095162,1.44992255	0.90519132,9.38773518,9.29287789	0.99994416,0.99947237,0.99948195,0.50000176
1.43925477,-16.33984414,-4.66198431	-16.39207233,1.37798097,-8.0824721	9.35217737,9.4877771,-0.15841673	0.99991224,0.99948843,0.99947848,0.50000139
-16.35377809,0.19555893,0.73228508	1.39486587,-14.66777314,-15.34769262	9.44781784,5.56870483,6.67328688	0.9999805,0.99948518,0.99948057,0.50000222
-16.37114762,-10.68692058,1.4221814	1.45170171,-4.03117757,-16.37898372	9.22387375,3.47372976,9.38835432	0.999984,0.99946587,0.99948152,0.50000187
-16.37425512,-0.17496511,0.91109358	1.41695412,-14.23420971,-15.59715127	9.39977661,4.97542143,7.40241873	0.99998133,0.99948226,0.99947428,0.50000221
-16.34809819,1.40786404,-6.60956977	1.38835362,-16.36633458,-6.35859422	9.4632874,9.42072665,0.02119295	0.99992152,0.99948652,0.99948401,0.50000152
-4.613693,-16.34372144,1.45241803	-9.66472302,1.38385127,-16.39370345	1.99369576,9.47219658,9.29026753	0.99996889,0.99948672,0.99947318,0.50000182
-16.3638302,-6.52630217,1.43965932	1.40607968,-7.50667953,-16.39438764	9.42234551,1.40615734,9.34836832	0.99995844,0.9994837,0.99947903,0.50000178
-16.37162785,1.48117353,-3.35077677	1.41387468,-16.39317021,-10.89022054	9.40667695,9.14681506,2.09059182	0.9999671,0.99948279,0.99945988,0.50000186
-8.94156539,-16.40192398,1.41189936	-5.11431905,1.45334213,-16.36980451	1.47677962,9.30737528,9.41087508	0.99995882,0.99947551,0.9994831,0.50000179
-3.0985829,1.49413406,-16.3664997	-11.61415337,-16.37047533,1.40881105	3.92151382,8.97247506,9.41716427	0.9999857,0.99948327,0.9994456,0.50000193
1.43583879,-16.35621446,-6.09041151	-16.38772353,1.39804897,-8.43108236	9.34925577,9.43979613,2.56338792	0.99997691,0.99948462,0.99947846,0.50000182
-14.07494669,-15.72447209,1.4136855	-0.32791167,1.02649595,-16.37120955	4.95672491,7.41599148,9.40681273	0.99998135,0.99946651,0.99948269,0.50000221
-16.34564456,-5.0832661,1.43405127	1.38518387,-8.39409756,-16.38642296	9.47025811,0.56739579,9.35659212	0.99993854,0.99948696,0.999479,0.5000017
-16.3808285,-4.62196231,1.44326847	1.42330781,-9.23892112,-16.38972301	9.38688082,1.13955915,9.32353188	0.99995107,0.99948178,0.99947598,0.50000177
-3.48347257,-16.36139896,1.46357147	-10.78712457,1.40298154,-16.37960392	2.13651093,9.43019267,9.19363244	0.99996896,0.99948419,0.99946333,0.50000186
-7.43032532,-16.38637646,1.428819	-6.19984503,1.43073793,-16.38588439	0.75689296,9.36839677,9.37481908	0.99994171,0.99948043,0.9994811,0.50000173
-13.73987366,1.42279934,-15.87031602	-0.65650068,-16.37975076,1.13927615	4.68463603,9.38726602,7.81094726	0.99998229,0.99945658,0.9994815,0.50000219
-1.2080732,-16.37410348,1.31608375	-13.12200694,1.41672642,-16.09365212	3.7269153,9.40032208,8.40315002	0.99997888,0.99948231,0.99943802,0.50000211
-0.05364949,-16.34961792,0.82052597	-14.38384444,1.39042333,-15.49021241	5.19520683,9.45755294,7.24916798	0.99998246,0.99948575,0.99948012,0.50000222
-16.34559402,1.430849,-11.54940666	1.46475916,-16.38722998,-3.18282171	9.0480804,9.37003344,3.94302283	0.99998606,0.99945074,0.99948042,0.50000192
-16.39279855,1.38698761,-8.10635082	1.43998489,-16.34571478,-6.5792237	9.34329476,9.46345091,3.06635143	0.9999822,0.99947828,0.99948598,0.50000182
1.43674046,-16.36403557,-6.26156045	-16.38980702,1.40647395,-8.12346281	9.35035309,9.42135887,2.18585683	0.99997187,0.99948353,0.99947876,0.50000181
1.43576106,-5.81074561,-16.35379714	-16.38469835,-8.95409192,1.3954568	9.34181096,3.37539189,9.44557084	0.9999846,0.99948494,0.9994775,0.50000183
-16.34233305,-2.08188487,1.41960381	1.38245478,-12.36548962,-16.24918598	9.47525445,3.4643432,8.81648755	0.99998113,0.99948683,0.9994382,0.50000201
-14.04530325,-15.74389925,1.33221813	-0.35412714,1.04308829,-16.29774189	4.92519518,7.44059739,9.59075669	0.99998293,0.99946514,0.99949391,0.50000221
1.40689691,-6.07679925,-16.37420665	-16.3626466,-7.87691534,1.41689775	9.41647476,1.26428824,9.39959691	0.99995639,0.99948238,0.99948299,0.50000178
-9.33878658,1.41882306,-16.39383044	-4.34833903,-16.37685139,1.44873962	0.87499478,9.39681482,9.31126444	0.99994408,0.99947494,0.99948249,0.50000175
-16.35180461,-3.18776347,1.41316716	1.39295439,-11.43916525,-16.30398894	9.45181893,3.43668958,9.18557587	0.99998391,0.99948537,0.99946023,0.50000192
-11.47143312,1.385237,-16.36496077	-3.12781827,-16.3448248,1.47973845	3.37930977,9.46898683,9.04097164	0.99998235,0.99945053,0.99948644,0.50000192
1.4648232,-16.35982179,-4.56695138	-16.40499185,1.40135212,-9.72190341	9.26287515,9.43360976,2.02428322	0.99996834,0.99948439,0.99947141,0.50000182
-16.38390255,1.44428916,-5.99592539	1.42765072,-16.39489851,-8.62688554	9.37602761,9.32923706,2.87706178	0.99997942,0.99948075,0.9994771,0.50000182
-3.92290366,1.45567531,-16.35669604	-10.1281061,-16.38911488,1.39768683	1.54607764,9.26475332,9.44201137	0.99995999,0.999485,0.99947021,0.50000182
-1.32476852,-16.37334098,1.3435334	-13.06526736,1.41597157,-16.12271595	3.97781819,9.40188587,8.37629506	0.99998113,0.99948239,0.99943518,0.50000211
1.4443697,-4.76774912,-16.36930193	-16.38727258,-9.56772102,1.41164235	9.30994394,2.12369706,9.41114588	0.99997024,0.999483,0.99947462,0.50000182
1.39361027,-16.39603964,-10.77558438	-16.3526762,1.48017137,-3.59228101	9.45063765,9.1602191,2.38865949	0.99997246,0.99946135,0.9994854,0.50000186
-16.35480983,0.18847707,0.74814956	1.39596421,-14.65806974,-15.36356979	9.44541705,5.56202073,6.65668492	0.99998024,0.99948504,0.99947977,0.50000222
1.40631469,-9.71852471,-16.37493746	-16.36544025,-3.67787791,1.43487182	9.42426367,0.51237812,9.33361583	0.99993461,0.9994747,0.99948429,0.5000017
1.42161155,-10.95439565,-16.38214112	-16.37860018,-3.60361316,1.47266758	9.38974421,3.00579328,9.15066317	0.99997904,0.99945999,0.99948165,0.50000187
-16.38930908,1.41134489,-9.36559232	1.4446018,-16.36996783,-4.181699	9.32047866,9.41311211,0.68350534	0.99993924,0.99947527,0.99948354,0.50000173
1.42764085,-16.39983565,-10.54685163	-16.38432397,1.4769087,-4.0009994	9.37692434,9.18775273,2.8585292	0.99997772,0.99946417,0.99948089,0.50000185
-0.15439613,0.91271205,-16.35944386	-14.24668529,-15.59718395,1.40105168	4.92105686,7.39664409,9.43421815	0.99998109,0.99948434,0.99947357,0.50000221
-1.80811164,1.40616366,-16.3658592	-12.64612387,-16.21428256,1.40801948	3.79269074,8.64223807,9.41899947	0.99998203,0.99948341,0.99943344,0.50000205
1.41964753,-16.34153955,-6.63750003	-16.37554492,1.3819794,-7.34738186	9.39119097,9.47524317,1.31619991	0.99995856,0.99948688,0.99948162,0.50000178
-13.37079413,1.3702244,-16.03062649	-1.04455444,-16.331292,1.27298938	4.46883137,9.50275983,8.10018047	0.99998389,0.99944246,0.99948851,0.50000216
-16.39085616,-5.11883088,1.4566337	1.43480512,-9.68723752,-16.39745965	9.36137407,3.59819327,9.27902541	0.99998518,0.99947988,0.99947251,0.50000184
-16.37306046,1.4429536,-2.55260023	1.41544986,-16.32034184,-11.67698469	9.403255,9.07577627,2.31304593	0.99996945,0.99948256,0.99945197,0.50000192
-6.20985188,1.44231879,-16.35811823	-7.80655071,-16.39629364,1.39970685	1.37753247,9.34146964,9.43665924	0.999958,0.9994846,0.99947849,0.50000178
-4.00696987,-16.36449046,1.46688095	-10.11038005,1.4061511,-16.40038028	1.67984239,9.42346611,9.24229601	0.99996181,0.99948385,0.99946896,0.50000182
-16.39127432,1.37541953,-8.6342504	1.4405022,-16.33678569,-4.8565611	9.3407474,9.49213092,0.58866509	0.99993938,0.99947775,0.99948829,0.50000171
-0.44090825,-16.36797068,1.09069238	-13.90035799,1.41016138,-15.80878461	4.42297057,9.41447024,7.73523446	0.99997932,0.99948317,0.99945904,0.50000219
-5.24039033,-16.36230533,1.35125416	-8.95567153,1.40425385,-16.30753047	1.76123647,9.42700716,9.52932615	0.99996829,0.99948394,0.99948906,0.50000181
1.43444124,-16.32720735,-7.29241057	-16.39095578,1.3665505,-6.33811936	9.36260656,9.50928825,0.75599737	0.99994532,0.99948896,0.99948027,0.50000173
1.3831833,-13.99048836,-15.75387823	-16.34307188,-0.37538974,1.04414359	9.47369322,4.61875118,7.63765175	0.99998089,0.99946361,0.99948675,0.5000022
-7.96813376,1.42741851,-16.38286709	-5.7812345,-16.38458822,1.42849302	0.93254684,9.37786819,9.37033989	0.99994675,0.99948023,0.99948125,0.50000175
-16.2673614,-12.10349193,1.42157477	1.41599199,-2.21211122,-16.37871545	8.97597455,2.78326561,9.39001701	0.99997444,0.99944593,0.99948172,0.50000197
-16.36599365,1.45457032,-3.70629338	1.4066102,-16.39586707,-9.53361398	9.4240197,9.30011982,0.32921309	0.99992712,0.99948441,0.99947286,0.50000165
1.29333504,-1.20996468,-16.37944943	-16.06663899,-13.17421529,1.42247852	8.36004863,4.03742585,9.38795482	0.99998141,0.99948154,0.99944036,0.50000212
-16.37814398,-4.32148219,1.44476191	1.41986758,-9.1204802,-16.3918334	9.39504587,0.54204037,9.32596483	0.99993438,0.99948254,0.99947605,0.5000017
-13.78966337,-15.84370754,1.35274789	-0.61348476,1.11668298,-16.31570079	4.76290467,7.76307801,9.54273921	0.99998386,0.99945899,0.99949095,0.5000022
-2.36777073,1.45524341,-16.36426347	-12.18428843,-16.2954232,1.40634251	3.72984735,8.83432952,9.42259719	0.99998319,0.99948361,0.99943742,0.50000199
1.40432081,-16.40426334,-9.98946952	-16.36305779,1.46872322,-3.90937375	9.42779639,9.24688797,1.2521099	0.99995291,0.99946945,0.99948423,0.50000179
-12.06894363,-16.30269075,1.41331104	-2.36570788,1.45271076,-16.37086354	3.17770535,8.90443826,9.40762966	0.99997845,0.99944112,0.99948275,0.50000197
-16.36600327,1.41325728,-6.26789404	1.40841673,-16.36846049,-7.87083339	9.41740185,9.40233926,1.61709102	0.99996351,0.99948336,0.99948208,0.5000018
-16.39249811,-6.58729054,1.42390137	1.43662734,-7.5815767,-16.37915338	9.35689649,1.67762348,9.38101872	0.99996312,0.9994797,0.99948092,0.50000179
-16.39005921,-8.59960093,1.41057496	1.43910211,-5.94354812,-16.36787696	9.34047637,2.63210449,9.41264761	0.99997729,0.9994778,0.99948298,0.50000182
1.39705894,-15.07310435,-14.87972248	-16.3556693,0.46773776,0.34236833	9.44288709,6.69927269,5.92856481	0.99998388,0.99949268,0.99948484,0.50000223
1.43038045,-10.14298074,-16.34597449	-16.38702492,-4.1617273,1.40995626	9.37127412,2.10326609,9.3579385	0.99997006,0.99947616,0.99948061,0.50000183
1.42073026,-14.23583355,-15.4868281	-16.37759583,-0.3012787,0.78899829	9.3915126,5.88350745,7.38987011	0.99998802,0.99949139,0.99948169,0.50000223
1.4121741,-16.37976402,-11.22763489	-16.36983347,1.4818186,-3.20884486	9.4101089,9.09135264,2.72469516	0.99997541,0.99945483,0.99948292,0.50000189
1.44198104,-16.3824351,-6.17841798	-16.39491665,1.42592633,-8.12594023	9.33957615,9.37982257,1.98751109	0.99996812,0.99948107,0.99947815,0.5000018
-16.38429199,-7.64771057,1.40997202	1.42915127,-6.04843258,-16.36804796	9.37065389,0.85103588,9.41503352	0.99994556,0.99948041,0.99948346,0.50000174
-8.90150961,-16.36490243,1.41424139	-3.8029537,1.41681029,-16.37351551	-0.17616904,9.39672092,9.40834658	0.9999099,0.99947887,0.99948373,0.50000137
1.42013197,-7.35108294,-16.35592641	-16.37727828,-6.38814433,1.39831625	9.39269785,0.91226953,9.4379512	0.99994838,0.99948456,0.99948203,0.50000175
-16.40530027,1.38078688,-10.89121152	1.49372413,-16.34093369,-3.53408412	9.11906178,9.47907264,2.58213677	0.99997484,0.99945826,0.99948711,0.50000187
-14.5233112,-15.27221719,1.42120911	-0.08770969,0.61363606,-16.37802547	6.68376245,6.80337196,9.39047068	0.99998923,0.9995044,0.99948162,0.50000224
1.46495479,-3.37813265,-16.3341298	-16.39458832,-10.24765482,1.37240969	9.2454492,0.84748977,9.49895224	0.99994433,0.99948868,0.99946779,0.50000177
-4.10430422,1.40005225,-16.36830672	-9.35601745,-16.34741277,1.40963741	0.57108957,9.41650438,9.41677505	0.99993885,0.99948375,0.99948102,0.50000171
-16.37110829,1.14732889,-0.781991	1.41369845,-15.88567689,-13.66165242	9.40668345,7.87481455,4.90892768	0.99998482,0.99948264,0.99945709,0.50000219
-16.3381346,-1.0042045,1.25492677	1.3777855,-13.3606201,-16.01508251	9.48573958,4.14046151,8.20350477	0.99998181,0.99948748,0.99944373,0.50000215
1.40649005,-16.38592754,-3.23517628	-16.31615864,1.42919221,-11.06611452	9.2770008,9.37385041,2.27352086	0.9999714,0.99948076,0.99946754,0.50000187
1.3960925,-16.36523414,-10.18629095	-16.35525102,1.43189836,-3.78765108	9.4455732,9.31176084,1.40275885	0.99995809,0.99947285,0.99948523,0.50000181
1.39764162,-15.69835559,-14.05578449	-16.35624919,0.99460492,-0.35372133	9.4416436,7.53955081,4.93853693	0.99998261,0.99946936,0.99948478,0.50000221
-16.37723149,-0.5046996,1.08759674	1.42009666,-13.87047799,-15.80820501	9.39306263,4.62179779,7.734209	0.99998107,0.99948186,0.99946057,0.50000219
-10.80214035,1.41844278,-16.38060343	-3.34438755,-16.37599475,1.46506786	1.84851406,9.39697804,9.19103657	0.9999635,0.99946298,0.99948224,0.50000185
-16.26876062,-12.31529636,1.4305276	1.43781467,-2.2439927,-16.38701343	8.79589192,3.88619989,9.37081171	0.99998373,0.99943644,0.99948049,0.50000201
-16.36711617,-3.38934612,1.48253225	1.40905754,-10.85635937,-16.39569702	9.41706367,2.09423469,9.14812067	0.99996735,0.99948342,0.99946013,0.50000185
0.73424735,-16.3512582,0.02464317	-15.37918691,1.39225969,-14.52499374	6.89071811,9.45345311,5.76542643	0.99998419,0.99948549,0.99948691,0.50000223
-2.57206407,1.47747169,-16.32647373	-11.76383224,-16.34734145,1.36468356	2.66867851,8.97457576,9.51551259	0.99997457,0.99948935,0.99944522,0.50000193
-6.07123903,-16.38658248,1.39379015	-7.91156312,1.43000523,-16.3504595	1.31649927,9.37167067,9.44488386	0.99995752,0.9994807,0.9994847,0.50000178
-14.72934091,1.40815667,-15.24217967	0.2248427,-16.3659948,0.62834929	5.77017984,9.41871717,6.69606175	0.99998231,0.99948698,0.99948339,0.50000223
1.42600758,-16.35958288,-9.71448626	-16.38354707,1.41745959,-4.00079009	9.38141467,9.36639605,0.93423544	0.99994678,0.9994774,0.99948152,0.50000177
-16.36565913,-0.652518,1.1738836	1.40770764,-13.69781887,-15.90783934	9.41975797,4.37894945,7.86666472	0.99998026,0.99948348,0.99945183,0.50000218
-16.37698241,-0.63549231,1.11729044	1.41988199,-13.76065737,-15.84774084	9.39347917,4.67699944,7.83204883	0.99998246,0.99948187,0.99945861,0.50000219
-16.38791246,1.40428666,-10.07198066	1.45325612,-16.36278157,-3.99913002	9.27250807,9.42755853,1.57998949	0.99996053,0.9994709,0.99948411,0.50000181
-16.35571114,-4.36718954,1.43457829	1.39659676,-9.5890574,-16.37754917	9.44443488,1.32171395,9.3318331	0.99995677,0.99948517,0.99947578,0.50000179
-8.73789015,1.40487661,-16.4051465	-5.19954088,-16.36336304,1.45526634	1.25240251,9.42622836,9.30692741	0.99995427,0.99947574,0.99948409,0.50000178
-8.10884962,-16.38782045,1.41931753	-6.80386723,1.43484243,-16.37539123	3.91562433,9.3538733,9.39241588	0.999988,0.9994789,0.9994816,0.50000183
-15.03023296,1.42694904,-14.88608233	0.41306627,-16.38358086,0.3348972	6.8160737,9.37837097,5.99040009	0.99998477,0.99949688,0.99948093,0.50000223
1.41362273,-12.18036672,-16.307958	-16.37099962,-2.47001724,1.4689399	9.40679306,4.16083577,8.80093586	0.99998611,0.99943535,0.99948264,0.50000199
