-0.1446482,9.3582893,9.44664642
1.88976195,9.3590591,9.38712426
1.17460827,9.35801552,9.56716137
6.01738562,6.79356955,9.42760637
2.44330745,9.31355574,9.3766166
0.74562387,9.38603371,9.39927562
4.97882288,7.17764514,9.48243481
5.37926246,7.28458445,9.46513505
0.44151535,9.36389283,9.40811665
5.94097352,6.38282385,9.42923393
1.0516549,9.43825505,9.44112761
2.31651496,9.23459539,9.42747999
4.8158347,7.69105772,9.42630503
3.12371255,9.07441139,9.40518515
1.39762626,9.3533634,9.39949125
1.15789629,9.34035567,9.41277409
3.2149031,8.8912544,9.4155744
5.50970722,6.94110503,9.42053278
5.01192587,7.302774,9.39765907
4.61401346,9.39904179,9.50012689
2.30906655,9.12595766,9.53419453
1.5766949,9.3789031,9.44388288
1.05582453,9.33310903,9.42903231
2.54416886,8.98070986,9.45425919
5.54075991,6.78302006,9.39611866
-0.29234701,9.39537913,9.39793299
2.19359013,9.41542411,9.47113752
5.86817641,6.61584566,9.37302668
4.02297041,8.58375636,9.39402133
5.29727189,7.8948709,9.36516019
2.16648383,9.38325135,9.42540375
4.78486699,7.8976667,9.37273288
1.31174712,9.2946819,9.38920493
1.47821416,9.36862709,9.38161713
0.2964538,9.3753596,9.37933936
-0.03515205,9.43539581,9.52452036
3.59510404,8.85994051,9.38190189
5.06541474,7.39886649,9.41563665
-0.03653799,9.38215943,9.47393167
5.71754984,7.00828445,9.40348441
1.93687925,9.30016629,9.43451251
1.53559419,9.2993113,9.51573137
-0.46524306,9.36350804,9.39295462
5.2590664,8.0782643,9.54958682
1.67224443,9.3374533,9.37935988
4.36323486,7.78398316,9.49901017
5.0882797,7.64941934,9.46761792
2.93537163,9.31132385,9.36367554
4.7976736,7.90072086,9.44815049
-0.17929322,9.36156369,9.43378244
2.38447043,9.27559587,9.4716122
4.57146011,8.0890924,9.38281816
2.32104685,9.2047346,9.40268062
0.37537797,9.38168484,9.40241499
3.2396259,8.77310201,9.39315445
2.54788152,9.32040995,9.4002031
2.48102763,9.28445076,9.39683108
0.72834678,9.38372221,9.46273699
1.76052648,9.26665443,9.41715959
1.96215696,9.34308175,9.39698145
4.18419011,8.3990971,9.43605442
2.3458056,9.38538072,9.58776414
5.86015314,6.558569,9.45916941
5.22235095,7.87038799,9.40642769
3.38449653,8.5198869,9.50306504
0.87306665,9.35653817,9.38812729
0.91687731,9.36229927,9.40370865
1.186146,9.30351241,9.41018157
0.1363055,9.46398432,9.53156144
0.07774276,9.40276591,9.47164351
1.44460068,9.37932765,9.40800585
5.3530853,6.96238008,9.44010115
1.95879768,9.23171089,9.51012702
1.5092284,9.33296571,9.40329515
2.19815468,9.27104687,9.37651471
5.7257312,6.62512017,9.42006766
4.50617862,7.83606322,9.37876157
0.32245259,9.38982301,9.39301289
6.02375393,6.40014128,9.3734139
0.90519132,9.29287789,9.38773518
-0.15841673,9.35217737,9.4877771
5.56870483,6.67328688,9.44781784
3.47372976,9.22387375,9.38835432
4.97542143,7.40241873,9.39977661
0.02119295,9.42072665,9.4632874
1.99369576,9.29026753,9.47219658
1.40615734,9.34836832,9.42234551
2.09059182,9.14681506,9.40667695
1.47677962,9.30737528,9.41087508
3.92151382,8.97247506,9.41716427
2.56338792,9.34925577,9.43979613
4.95672491,7.41599148,9.40681273
0.56739579,9.35659212,9.47025811
1.13955915,9.32353188,9.38688082
2.13651093,9.19363244,9.43019267
0.75689296,9.36839677,9.37481908
4.68463603,7.81094726,9.38726602
3.7269153,8.40315002,9.40032208
5.19520683,7.24916798,9.45755294
3.94302283,9.0480804,9.37003344
3.06635143,9.34329476,9.46345091
2.18585683,9.35035309,9.42135887
3.37539189,9.34181096,9.44557084
3.4643432,8.81648755,9.47525445
4.92519518,7.44059739,9.59075669
1.26428824,9.39959691,9.41647476
0.87499478,9.31126444,9.39681482
3.43668958,9.18557587,9.45181893
3.37930977,9.04097164,9.46898683
2.02428322,9.26287515,9.43360976
2.87706178,9.32923706,9.37602761
1.54607764,9.26475332,9.44201137
3.97781819,8.37629506,9.40188587
2.12369706,9.30994394,9.41114588
2.38865949,9.1602191,9.45063765
5.56202073,6.65668492,9.44541705
0.51237812,9.33361583,9.42426367
3.00579328,9.15066317,9.38974421
0.68350534,9.32047866,9.41311211
2.8585292,9.18775273,9.37692434
4.92105686,7.39664409,9.43421815
3.79269074,8.64223807,9.41899947
1.31619991,9.39119097,9.47524317
4.46883137,8.10018047,9.50275983
3.59819327,9.27902541,9.36137407
2.31304593,9.07577627,9.403255
1.37753247,9.34146964,9.43665924
1.67984239,9.24229601,9.42346611
0.58866509,9.3407474,9.49213092
4.42297057,7.73523446,9.41447024
1.76123647,9.42700716,9.52932615
0.75599737,9.36260656,9.50928825
4.61875118,7.63765175,9.47369322
0.93254684,9.37033989,9.37786819
2.78326561,8.97597455,9.39001701
0.32921309,9.30011982,9.4240197
4.03742585,8.36004863,9.38795482
0.54204037,9.32596483,9.39504587
4.76290467,7.76307801,9.54273921
3.72984735,8.83432952,9.42259719
1.2521099,9.24688797,9.42779639
3.17770535,8.90443826,9.40762966
1.61709102,9.40233926,9.41740185
1.67762348,9.35689649,9.38101872
2.63210449,9.34047637,9.41264761
5.92856481,6.69927269,9.44288709
2.10326609,9.3579385,9.37127412
5.88350745,7.38987011,9.3915126
2.72469516,9.09135264,9.4101089
1.98751109,9.33957615,9.37982257
0.85103588,9.37065389,9.41503352
-0.17616904,9.39672092,9.40834658
0.91226953,9.39269785,9.4379512
2.58213677,9.11906178,9.47907264
6.68376245,6.80337196,9.39047068
0.84748977,9.2454492,9.49895224
0.57108957,9.41650438,9.41677505
4.90892768,7.87481455,9.40668345
4.14046151,8.20350477,9.48573958
2.27352086,9.2770008,9.37385041
1.40275885,9.31176084,9.4455732
4.93853693,7.53955081,9.4416436
4.62179779,7.734209,9.39306263
1.84851406,9.19103657,9.39697804
3.88619989,8.79589192,9.37081171
2.09423469,9.14812067,9.41706367
5.76542643,6.89071811,9.45345311
2.66867851,8.97457576,9.51551259
1.31649927,9.37167067,9.44488386
5.77017984,6.69606175,9.41871717
0.93423544,9.36639605,9.38141467
4.37894945,7.86666472,9.41975797
4.67699944,7.83204883,9.39347917
1.57998949,9.27250807,9.42755853
1.32171395,9.3318331,9.44443488
1.25240251,9.30692741,9.42622836
3.91562433,9.3538733,9.39241588
5.99040009,6.8160737,9.37837097
4.16083577,8.80093586,9.40679306
