-7.92643153,14.94582796,12.98634369
-7.59453113,13.8745703,13.1191365
-7.4745088,11.18057514,14.87523603
12.75855776,-7.88927144,15.02481786
15.50238833,-7.73578106,10.59713007
12.59597363,12.97236167,-7.12051698
15.48002346,10.46023518,-7.71932882
15.52330015,-7.71195534,10.01726311
-7.76350897,11.03512199,15.48614906
9.44664642,9.3582893,-0.1446482
-7.74123275,15.46365258,10.86838587
-7.71322176,15.52815853,9.95359884
15.54901336,-7.71569682,9.85265629
-7.71572738,15.47742634,10.42903484
11.03981763,15.61137487,-7.78904287
9.3590591,1.88976195,9.38712426
9.56716137,1.17460827,9.35801552
10.93521731,15.44517921,-7.73922117
15.43103744,11.10419985,-7.74909802
9.42760637,6.79356955,6.01738562
-7.79411465,15.34418796,11.75323463
2.44330745,9.31355574,9.3766166
13.76572378,11.45655791,-7.02159731
0.74562387,9.38603371,9.39927562
15.61382153,9.55485531,-7.73248042
12.83392148,-7.67083852,14.31475612
7.17764514,4.97882288,9.48243481
15.75560771,-7.78910237,9.39331009
-7.76406592,15.47235486,11.142257
-8.00413687,14.4924117,13.66900393
10.20419673,-7.76650707,15.61021623
10.15942662,-7.7038539,15.48363391
-7.75380528,15.63782944,9.76425598
-8.00291379,13.85960892,14.26800727
15.1897608,10.02880694,-7.55307654
9.85481019,-7.73944206,15.59520014
11.01307464,-7.76242392,15.4895278
-7.71775108,15.53817362,10.02269856
10.89148346,15.45447066,-7.73941951
15.55066413,-7.72802503,10.1006791
-7.01938645,11.14170334,13.93394906
7.28458445,9.46513505,5.37926246
-7.79044317,15.42712015,11.52685276
15.54814576,9.70389058,-7.70836284
14.4656644,10.67871299,-7.17763088
9.36389283,0.44151535,9.40811665
-7.75131987,11.12914323,15.42980586
11.1791934,-7.76567543,15.47709284
15.05355796,-7.91228042,12.81664165
15.14786927,-7.60723435,10.82167513
-7.43511051,14.88359136,10.89812427
-7.96856048,13.32962372,14.747428
-7.76248083,15.45591805,11.15565891
15.37965788,-7.78299136,11.58539624
6.38282385,9.42923393,5.94097352
10.35041084,-7.72750771,15.51779475
-7.74197948,15.60694719,9.69599962
13.20006379,14.80413129,-7.94956592
9.43825505,1.0516549,9.44112761
15.42448602,10.66110677,-7.71135636
9.23459539,2.31651496,9.42747999
15.02133069,9.91525635,-7.42911187
13.64598057,-7.81104994,13.81776931
-8.00215875,14.3314808,13.79991506
13.83717598,-7.61289055,13.21011407
7.69105772,9.42630503,4.8158347
9.40518515,3.12371255,9.07441139
-7.7107508,15.51913286,10.02487754
14.93472812,-7.37308557,10.16310107
9.92083325,-7.71702919,15.55162928
-7.87282827,12.35411176,15.27068929
15.13658196,12.54348141,-7.87198858
15.52805549,10.31127699,-7.72804639
-7.7426888,10.64983772,15.50952862
14.40588711,13.73888694,-8.00378887
-7.70366108,15.54734189,9.66453868
15.52824327,9.88540929,-7.70726306
15.1306752,12.61027774,-7.87769612
15.59813844,-7.71799926,9.51700763
15.48588714,10.50002437,-7.72356369
10.16893762,-7.72461537,15.53490919
-7.67643746,15.37752743,10.45776625
15.52862336,9.89097651,-7.70833641
9.39949125,1.39762626,9.3533634
15.49091537,-7.70693206,10.16429782
-7.76739168,11.30945619,15.42502722
1.15789629,9.41277409,9.34035567
10.47360241,15.52158767,-7.73618879
11.22163601,15.49719249,-7.77487356
8.8912544,9.4155744,3.2149031
9.69579736,15.53976677,-7.70087173
14.59952098,-7.47439419,11.8803863
-7.69950512,15.496442,10.01120865
5.50970722,9.42053278,6.94110503
15.56579748,-7.74799113,10.39186459
15.50935864,10.85496332,-7.75683932
10.49079857,-7.72060009,15.48235255
15.63464957,-7.74612276,9.73202394
-7.87288731,12.44660922,15.22157627
10.34814688,-7.72362826,15.51051963
12.10201327,14.54965016,-7.51231761
5.01192587,7.302774,9.39765907
-7.74539468,11.03144418,15.43784081
9.50012689,4.61401346,9.39904179
11.00038123,15.49613624,-7.76406401
15.05938063,-7.55263506,10.77706276
15.48114872,-7.75263248,10.93027872
10.81589459,-7.73077119,15.44612568
9.53419453,9.12595766,2.30906655
11.54939412,15.38945688,-7.78224116
15.555704,-7.77333533,10.82559767
-7.74604626,15.46416492,10.92690337
15.11115191,12.60813261,-7.87632149
15.47271232,10.7081896,-7.73263121
11.22043959,-7.75546613,15.41683835
14.36426865,-8.00309212,13.77590298
15.59493989,10.30386568,-7.75780567
-7.74227675,10.98621106,15.45013963
-7.71888898,10.36879228,15.49474122
-7.73185121,10.04772007,15.56908523
10.14205267,15.55198918,-7.7316568
13.25208432,14.00747668,-7.70681618
9.44388288,9.3789031,1.5766949
9.42903231,9.33310903,1.05582453
9.45425919,2.54416886,8.98070986
11.55473193,15.3741149,-7.7773
10.23309587,-7.71358664,15.49865671
-7.72560459,15.47302769,10.60326167
9.39611866,6.78302006,5.54075991
15.63649756,9.736668,-7.74180891
10.88714867,-7.74433536,15.4684485
9.75737904,-7.72708089,15.58764753
15.49312888,-7.72342705,10.44616311
9.39793299,-0.29234701,9.39537913
9.64234887,15.61225624,-7.7348126
-7.72216528,15.5476974,10.02905153
9.41542411,2.19359013,9.47113752
-7.57379263,11.95685486,14.7323115
-6.90225622,-10.03363589,37.1958775
9.37302668,6.61584566,5.86817641
-7.70633292,15.44363774,10.49863218
-7.73949222,9.67466873,15.6138385
-7.75964668,11.10459288,15.46299618
9.39402133,4.02297041,8.58375636
10.88984721,-7.76241514,15.52037079
11.10010356,14.84611051,-7.44213976
15.27385872,-7.81459556,12.04958482
9.85708243,-7.70555123,15.5239106
9.36516019,5.29727189,7.8948709
15.3251379,-7.87054781,12.40014621
15.45692098,10.94597006,-7.74396523
9.76910077,15.55092684,-7.71161157
-7.71106766,15.49505102,10.20323935
9.42540375,2.16648383,9.38325135
15.4449413,-7.75422952,11.12218827
-7.99186449,13.71057278,14.38469848
9.96701764,15.60823851,-7.75460163
13.65749825,-7.66471629,13.52091391
9.82752766,15.58619931,-7.73577101
-7.72588863,15.50697845,10.4024708
9.37273288,7.8976667,4.78486699
9.38920493,9.2946819,1.31174712
15.89521608,9.3445646,-7.84933175
9.36862709,9.38161713,1.47821416
-7.72108894,9.9124863,15.54761298
7.49510611,-14.97351851,21.70312957
15.49447413,-7.75521058,10.90674604
9.3753596,9.37933936,0.2964538
10.13717466,-7.71159039,15.50821522
15.5437722,-7.7052319,9.74692631
15.54575377,-7.72019542,9.93543074
-7.78886914,11.56921739,15.40392008
9.43539581,9.52452036,-0.03515205
15.50174557,10.24164518,-7.71499329
15.53565463,-7.72908255,10.2279629
-7.73814937,15.45986523,10.84699788
11.17176078,14.90473915,-7.49457309
15.51162651,-7.70935745,10.05627497
9.60614653,15.61375582,-7.72995903
-7.76529619,11.35774241,15.40783988
9.65005112,-7.71986813,15.57497039
-7.74329849,14.02586111,13.29358521
-7.72751794,10.52862266,15.49383321
9.4860541,15.64955425,-7.74444669
14.57197675,-7.59333787,12.30940092
9.38190189,8.85994051,3.59510404
-7.75183265,9.55749796,15.65928092
10.22649998,-7.71608111,15.50628958
14.95901201,-7.96713719,13.13363934
14.9346796,11.04411803,-7.49519789
9.2319369,15.98275974,-7.88453429
-7.72692448,15.47292713,10.62780492
-7.73716417,10.61483942,15.50159198
13.50914871,-7.98632725,14.61257242
-7.72875071,15.55467888,10.0272518
-8.00295583,13.66712669,14.50832274
13.0717841,-7.93058497,14.85626183
15.67225947,10.1780025,-7.80832984
15.5319422,-7.70569838,9.84614337
9.41807133,-7.75091963,15.67179232
-7.70467708,10.16401765,15.48665262
13.30020309,-7.9548829,14.70334404
15.52340735,-7.69547004,9.65772055
-7.9137066,12.96198054,14.91532283
-7.7480956,15.645451,9.67641549
-7.71298774,10.1492234,15.51173173
-7.73678414,10.71306939,15.48258626
10.42318627,-7.72952347,15.51225883
15.46427691,-7.73158005,10.74073776
-7.73909888,10.03867918,15.58151789
10.02596725,15.49955302,-7.70196447
15.61572528,-7.75449708,10.09857079
5.06541474,7.39886649,9.41563665
15.57476273,-7.74868392,10.34521409
13.2704694,-7.82806614,14.23368823
9.47393167,9.38215943,-0.03653799
15.4563063,10.86277571,-7.7379535
14.85557442,11.29000367,-7.48416374
5.71754984,9.40348441,7.00828445
9.43451251,9.30016629,1.93687925
10.76855894,15.53560402,-7.76119428
12.63891386,-7.88987735,15.13036579
10.49105564,-7.65804287,15.32713584
-7.74913809,15.67674183,9.41917007
10.64639294,-7.73116059,15.48001913
15.64094166,9.62534661,-7.75421692
9.62218213,15.64830624,-7.74760408
15.41269222,11.24936753,-7.75660239
12.43208323,15.29447177,-7.86911091
9.51573137,1.53559419,9.2993113
10.32738816,-7.72345613,15.51365649
9.515859,15.59790859,-7.71838672
14.38154922,12.72410317,-7.65570337
10.52507448,-6.80397385,13.72233334
11.94301065,15.29303843,-7.80548078
-7.88900044,12.74733967,15.02135774
9.36350804,9.39295462,-0.46524306
-7.74146349,15.44301818,10.96438861
15.50571714,-7.70254346,9.93203939
5.2590664,9.54958682,8.0782643
11.78052794,15.441806,-7.82495258
9.37935988,1.67224443,9.3374533
7.78398316,9.49901017,4.36323486
15.39238432,11.62016859,-7.79310326
9.46761792,7.64941934,5.0882797
9.73010138,-7.68987213,15.50616781
10.39241068,15.47161811,-7.71182171
10.16154776,-7.73090989,15.54630594
9.31132385,2.93537163,9.36367554
9.90346456,-7.72162792,15.56208361
14.92770488,-7.46109524,10.89910236
10.08741956,15.49359199,-7.7028025
7.90072086,4.7976736,9.44815049
14.49692054,10.63574238,-7.19124703
15.48446263,-7.72256983,10.50069856
9.43378244,-0.17929322,9.36156369
2.38447043,9.27559587,9.4716122
-14.84047106,7.57237837,21.22418643
15.4916245,10.11029767,-7.70240256
-7.73490224,15.55002443,10.22372579
-7.33036262,14.85624609,10.20198596
11.42270852,15.4166634,-7.77337325
11.88674697,-7.82982427,15.38893477
15.27077552,-7.83618631,12.1852196
8.0890924,9.38281816,4.57146011
9.40268062,2.32104685,9.2047346
10.25927671,-7.71938972,15.50808656
12.56630439,14.97130089,-7.83976756
11.82871813,-7.80615943,15.35829085
11.04832719,14.64306499,-7.32731123
-7.73238619,10.74686232,15.46500992
-7.77428223,15.37251326,11.52517271
10.07724427,-7.70603981,15.50144897
9.43134332,-1.40160456,9.36419887
15.56384164,-7.75291012,10.46951107
-7.74036654,15.57135362,10.15602877
15.51484601,-7.71408811,10.16893499
-7.59127752,13.30533589,13.6722289
12.24660844,-7.8323862,15.22016572
9.72048257,15.54733007,-7.71057581
13.55996464,-7.70547698,13.71696086
9.40241499,0.37537797,9.38168484
9.84019519,-7.69989473,15.51284455
12.51220613,14.54627812,-7.66843682
-7.85070914,15.23737894,12.29202471
8.77310201,3.2396259,9.39315445
15.57575191,-7.74298546,10.04997279
10.10472547,-7.70032398,15.48457426
13.30987987,-7.96328518,14.73434579
9.4002031,2.54788152,9.32040995
15.56149872,9.67314956,-7.71343325
14.62242427,-7.64675791,12.34659642
15.52533744,10.30742113,-7.72825243
9.39683108,2.48102763,9.28445076
14.91827088,12.94708873,-7.91042184
15.10771073,12.60634847,-7.87682793
13.56655025,-7.97811909,14.49517559
10.93138864,-7.71856597,15.38654446
-7.87790779,12.64737147,15.09848911
15.51729765,-7.71085717,9.99558096
10.15518521,15.54593434,-7.73016611
9.46273699,0.72834678,9.38372221
15.54984186,-7.72985038,10.13445724
-7.76841406,15.41697519,11.3514229
9.41715959,9.26665443,1.76052648
10.41813416,-7.73413272,15.52451008
14.03512922,-8.02669117,14.1890331
14.89418753,-7.92123151,13.02732951
-7.64673809,14.92280716,11.78953526
14.71280675,12.29887663,-7.67832583
-7.7082019,9.95042234,15.52275818
-7.44030002,11.3760843,14.76201953
10.85986168,15.46227776,-7.73983411
15.57863241,-7.71193344,9.54335986
9.46307992,-7.71816526,15.5998999
-7.77046086,11.34035178,15.42622586
15.49779642,-7.70412266,10.0495742
10.26651047,15.49486666,-7.71329361
-7.73045793,10.44041589,15.5115394
15.3976539,-7.71851092,10.88260609
-7.72480773,11.14001201,15.350269
15.49161583,10.11131717,-7.70331252
9.34308175,1.96215696,9.39698145
14.32279897,13.81831554,-8.00419597
4.18419011,9.43605442,8.3990971
13.18005644,-7.96274346,14.8641803
15.34586198,-7.79580282,11.76610899
14.98342882,-7.59970042,11.42616872
15.40800493,10.55987127,-7.69623103
9.38538072,2.3458056,9.58776414
12.9566324,14.91992623,-7.91411604
15.20787359,12.20240074,-7.82418334
-7.7613807,12.85619467,14.45813259
6.558569,5.86015314,9.45916941
11.79200416,-7.66166614,14.94846585
12.70006067,15.06016161,-7.8875845
12.46432587,-7.8786932,15.23291518
14.93002953,10.8912382,-7.47032012
15.0728378,-7.6397508,11.36140254
-7.77523379,11.54903151,15.36808822
9.86214095,-7.71411387,15.54261398
15.27200035,-7.8222943,12.0895304
15.49262467,-7.73859562,10.69172023
15.55595722,9.79153146,-7.71287359
5.22235095,9.40642769,7.87038799
15.06819232,12.68266768,-7.88564978
-7.91386344,14.956504,12.92031845
15.52921982,-7.70709003,9.86853602
3.38449653,9.50306504,8.5198869
12.50374799,-7.87186023,15.18280985
9.35653817,0.87306665,9.38812729
12.44646284,14.42525093,-7.56583099
9.36229927,9.40370865,0.91687731
-7.70889917,15.5197696,10.02437329
15.56054731,-7.72796453,10.02502078
15.55228456,10.23076958,-7.73376554
-7.91209818,14.36779107,13.42695521
-7.96438998,14.69338882,13.3457703
-7.7479842,15.45281274,10.99909921
9.43981335,-0.96509468,9.38663245
10.32528502,-7.72619123,15.51779674
14.33786535,-7.99031386,13.74383661
10.60569236,15.47083481,-7.72480127
15.49675235,-7.76511611,11.00703772
-7.75045933,10.00216643,15.60346185
11.0173718,-7.77257079,15.52023234
15.77574204,9.38470332,-7.80505922
14.67764044,12.51963839,-7.73493145
10.28763932,15.55622384,-7.73821829
1.186146,9.41018157,9.30351241
11.80928422,15.35821713,-7.80443433
15.55963648,9.66847712,-7.71382835
14.42783504,13.87493424,-8.0426058
15.58228895,9.95926735,-7.73096605
10.34287696,-7.75782413,15.57367391
9.53156144,9.46398432,0.1363055
11.97189472,-7.81308743,15.32603072
14.25845397,12.93873864,-7.69458638
-7.76801885,15.41956342,11.36530878
-8.01727804,13.75301202,14.47061316
15.66944813,10.19510145,-7.78097408
9.40276591,0.07774276,9.47164351
-7.72458521,15.54417723,10.06496323
-7.73715681,15.61501946,9.72259934
-7.74731575,15.49603451,10.79008896
9.37932765,9.40800585,1.44460068
15.12000595,12.54905793,-7.86932479
13.9437634,-7.99172493,14.13048247
15.52561873,-7.75084821,10.68283487
15.5060384,-7.74191342,10.67211646
11.36071945,15.48919098,-7.79686837
6.96238008,5.3530853,9.44010115
15.3007798,-7.86474586,12.32762697
1.95879768,9.51012702,9.23171089
9.99533722,-7.71266576,15.52366834
-7.72286297,15.5528454,9.908897
10.16310644,15.52024993,-7.71881037
-7.48582668,14.97478908,10.73167614
-7.83724059,12.2839073,15.21622833
15.55791335,9.71158085,-7.71301784
1.5092284,9.33296571,9.40329515
14.96048739,10.72935739,-7.47229604
15.42000007,11.05235123,-7.74079867
12.73574845,14.61594814,-7.77812551
15.55201468,10.77291414,-7.76716207
14.02964565,-7.53509495,12.80330429
-7.79352526,15.32964539,11.79153129
-7.72362682,10.40331973,15.5011402
9.68156468,15.56101765,-7.71789649
-7.69937395,9.70637449,15.53444607
-12.27484069,37.26409911,-4.58346538
10.28524452,-7.71433948,15.49634025
15.47553126,-7.7119746,10.3661371
-7.32317505,14.54810564,11.28584701
15.48129219,-7.71163579,10.32409452
9.27104687,9.37651471,2.19815468
6.62512017,9.42006766,5.7257312
4.50617862,9.37876157,7.83606322
15.5499673,-7.70011618,9.52524778
-7.7195103,13.61733352,13.67270397
10.00295228,-7.70985983,15.51961823
-7.73208414,10.71654063,15.46988233
15.59223147,-7.73785458,9.79310752
15.40948319,11.82168154,-7.82601843
-7.73373193,9.89346553,15.5875574
13.25156018,14.76552312,-7.95602623
-7.73338051,9.62224766,15.61665456
11.31915099,-7.68505971,15.18670611
-7.62696728,12.41406109,14.55989907
9.38982301,0.32245259,9.39301289
9.3734139,6.40014128,6.02375393
-8.29582672,16.89008793,9.04847631
9.80936167,-7.72204357,15.57357261
14.95756067,10.72265062,-7.46726764
15.51972676,-7.7141442,10.06862603
15.47712228,10.71557856,-7.73469428
15.52181979,-7.71877894,10.15992951
-7.77816538,15.69066542,9.83251273
12.5613638,15.12491701,-7.86727504
-7.72980732,9.57962665,15.613741
10.79032677,-7.73750771,15.47122839
-7.86077888,15.15620404,12.46988233
15.17573863,-7.56462919,10.3246128
15.51884705,-7.7223105,10.24319491
-7.72448794,15.52651713,10.21988453
-7.76750738,15.42437496,11.31240292
10.66898237,15.47037185,-7.7285903
14.94336508,-7.5376805,11.20120703
9.62040948,15.53480144,-7.6996158
15.54696281,10.08079605,-7.72341859
10.21925721,15.54184837,-7.7299531
11.59691644,-7.32110818,14.41351187
-8.04331739,14.30345935,13.99445862
9.71651611,15.70831717,-7.79904278
9.73519113,15.62399424,-7.75303908
9.96277908,15.50218697,-7.700679
15.39975612,11.9042875,-7.82772465
15.51806196,-7.71689309,10.13121648
14.49109906,-7.99511226,13.64642747
10.14361383,15.00341583,-7.43562724
-7.70130608,15.50171511,9.99878307
0.90519132,9.38773518,9.29287789
10.01407705,-7.71276718,15.51866694
-7.71172381,10.17980255,15.50453638
9.35217737,9.4877771,-0.15841673
15.5952261,9.74117484,-7.74287223
14.57978933,12.3217203,-7.60439112
-7.6979817,15.52387703,9.74669944
11.44205512,15.41151855,-7.77533126
14.94934856,10.93095697,-7.49181542
10.35626253,-7.37406169,14.90368663
-7.73347976,15.45960974,10.78996488
-7.77413475,11.2949569,15.4462449
10.43113144,-7.73228517,15.51767246
15.50423371,-7.72685089,10.43121351
15.5030236,10.10951096,-7.70847292
-7.73623534,10.75411736,15.47369682
15.38318432,-7.7726906,11.48906669
-7.72138951,15.46012231,10.61197696
10.34549913,-7.40418694,14.94324295
14.02108217,14.15242378,-8.01531243
11.11713719,-7.74253018,15.40795769
-7.83500295,9.15356002,15.88462007
9.44781784,5.56870483,6.67328688
15.46832779,-7.74997049,10.96111216
-7.71328423,9.78352056,15.54973782
15.59810065,10.58691439,-7.76900756
9.22387375,3.47372976,9.38835432
15.37341734,-7.79587973,11.69971139
15.42930072,-7.72607321,10.83523925
10.07529945,-7.70063872,15.48807417
9.39977661,4.97542143,7.40241873
9.4632874,9.42072665,0.02119295
14.2527695,-8.01444837,13.92473253
13.62411006,14.50509609,-7.9952406
10.28697656,-7.72570162,15.52042374
15.48128341,-7.71200377,10.34143341
12.25398203,-7.83752047,15.23669214
10.72306152,15.88507464,-7.97578937
-7.7260809,10.11543034,15.54368771
1.99369576,9.47219658,9.29026753
10.27238697,-7.7136354,15.4952927
9.42234551,1.40615734,9.34836832
15.46827032,-7.72207923,10.5760584
11.50801667,-7.55365215,14.87226416
-7.73122358,9.52879619,15.61655908
-7.70749316,9.8243027,15.53535975
9.40667695,9.14681506,2.09059182
15.53503475,9.91559101,-7.71090887
9.9286378,-7.71661638,15.54399425
10.48541025,-5.36509644,10.12784247
-7.78826752,9.25346905,15.77877361
12.09641677,14.58042028,-7.52376548
1.47677962,9.30737528,9.41087508
3.92151382,8.97247506,9.41716427
-7.73090311,15.47534119,10.66890456
11.7967918,-7.7907749,15.31938933
14.95676305,10.76487274,-7.4725461
13.3203008,14.00586239,-7.74871658
9.85043646,-7.71349351,15.54736169
9.34925577,9.43979613,2.56338792
12.78471098,-7.78555529,14.58791901
15.45133076,10.90823244,-7.73993365
14.84189246,11.69271017,-7.57582336
-7.72194306,9.95591158,15.55011066
10.2295221,-7.73765805,15.55355023
-7.69304893,9.9501629,15.48888325
9.78865689,15.65285338,-7.76944262
15.54362997,10.4811982,-7.74560592
9.9106504,15.5026206,-7.69840801
10.82608762,12.81755094,-6.47842784
4.95672491,7.41599148,9.40681273
10.77212663,15.49415835,-7.74533908
-7.97987763,13.35561967,14.74730456
-7.4821457,15.04384507,10.23636563
10.43915774,-7.76121677,15.58925171
15.51483977,-7.71537477,10.14948497
9.47025811,0.56739579,9.35659212
-7.78023576,15.46301136,11.3326514
-7.45443787,10.77701698,14.93305139
9.8342377,-7.73144918,15.58266438
10.08419969,-7.71075341,15.51244945
9.38688082,1.13955915,9.32353188
13.62407898,-7.54368152,13.21233952
2.13651093,9.43019267,9.19363244
15.60825226,-7.75045016,9.87620924
15.58672781,10.09574439,-7.73942564
15.46954836,10.49870508,-7.71776321
-7.75446668,15.59610593,10.26446218
15.54258781,-7.70711306,9.73647146
15.31462337,-7.84031218,12.19578249
-7.71495011,15.49284449,10.30363993
10.95600337,-7.58838294,15.08181273
-7.72468216,15.55216245,10.05725079
-7.94596187,14.81785113,13.16895096
0.75689296,9.36839677,9.37481908
-7.72493213,10.27201748,15.52109317
9.40437727,-7.80611839,15.80487135
15.2852471,-7.67613903,10.88848038
12.79456592,15.07894049,-7.91047658
-7.72508286,10.16667949,15.533214
15.48623524,-7.71661719,10.37396102
4.68463603,9.38726602,7.81094726
3.7269153,9.40032208,8.40315002
10.04078618,15.56950875,-7.73498736
5.19520683,9.45755294,7.24916798
-7.71629991,15.48277628,10.39759624
15.476528,-7.74662405,10.87676812
11.51419676,-7.77663373,15.3842043
9.70200198,-7.70418534,15.54227763
15.48494406,-7.74834433,10.8572801
-7.7414379,10.17550445,15.56818219
10.3275553,-7.5004661,15.05821491
15.56799431,-7.73765637,10.12281427
12.31635124,14.58873005,-7.59710238
-7.71905238,10.10185463,15.53130081
-7.90249803,12.75936305,15.09931015
-7.70987237,10.20247523,15.49683849
15.48026611,10.35197377,-7.71230901
15.47996608,-7.71124726,10.3327742
-7.99712188,14.47984735,13.64898731
12.8812155,14.49656935,-7.78557938
-7.72545313,10.51491699,15.48811844
15.52206394,10.36691052,-7.73024605
-7.52039484,10.70657557,15.02845026
10.42970971,-7.75871485,15.58417824
9.0480804,9.37003344,3.94302283
9.34329476,9.46345091,3.06635143
14.70097192,12.04560171,-7.58179143
-7.53629449,15.11416546,10.34781653
9.35035309,9.42135887,2.18585683
-7.92209226,13.88599555,13.90532252
9.34181096,3.37539189,9.44557084
-7.71746084,9.9187637,15.53851396
14.94508858,-7.9331957,13.01365438
-7.72033806,15.5646696,9.85964859
15.42602435,10.88487518,-7.72886512
9.47525445,3.4643432,8.81648755
-7.34379812,-9.5998513,37.20443319
13.1813305,14.5758084,-7.8981277
10.44837059,15.51715796,-7.73117936
9.72852858,-7.68971482,15.50945622
9.88742113,-7.71053063,15.53320658
15.59138686,9.61149346,-7.73249753
15.42336901,11.72722205,-7.80994507
15.46729689,10.94647097,-7.74865864
15.59137276,9.78062501,-7.73015757
-7.7404899,9.61250715,15.6203095
-7.99201916,13.49374639,14.64351003
4.92519518,7.44059739,9.59075669
-7.73640993,15.56002298,10.15894077
-7.76130598,15.24755855,11.73122299
15.54747147,9.93587677,-7.72073033
-7.79493033,11.82798636,15.31690103
11.89965043,-7.80123578,15.30118701
-7.8828288,15.06690908,12.67852725
9.41647476,1.26428824,9.39959691
-7.71513485,15.54062432,9.91418856
15.24265082,-7.63211439,10.61784651
12.50756595,-7.86518399,15.15777935
-7.71252968,15.52594273,10.03010574
-7.71147126,15.49157618,10.25987981
15.46528486,-7.72421573,10.62685356
15.44662251,-7.76573888,11.21601085
0.87499478,9.39681482,9.31126444
9.45181893,3.43668958,9.18557587
15.47304086,10.41173762,-7.71332015
15.46766924,-7.76254724,11.12444798
-7.71928505,15.56659172,9.65304022
-7.69744285,15.52809187,9.67876542
16.03678883,-7.91775086,9.15487926
-7.5433932,12.34361494,14.46456835
-7.76576636,15.48351228,11.08388984
-7.71814454,10.51370454,15.46816461
-7.72599185,9.9468805,15.55739745
15.52851823,-7.7328171,10.36307862
9.6741167,15.65939465,-7.76577929
10.50146387,15.50301092,-7.73067762
15.49586474,-7.72794403,10.50603943
15.54609608,10.50385596,-7.74787449
3.37930977,9.46898683,9.04097164
9.67432943,15.55220679,-7.70639846
12.25923426,-7.53718483,14.49665015
15.45900884,11.0631059,-7.75471943
15.09618152,11.9820191,-7.750294
15.52575842,-7.70604295,9.88560291
9.26287515,9.43360976,2.02428322
15.12194332,12.764267,-7.91495664
15.65667233,-7.77220477,9.76728689
15.37212238,11.00908113,-7.72024742
12.19073604,15.24055354,-7.83077286
13.01573011,-7.92619294,14.91874498
15.01747532,10.26187296,-7.46186329
10.85019021,-7.77448366,15.55562043
12.08336865,-7.82178995,15.26917549
11.38306057,15.40655648,-7.76702875
10.52782725,15.20350003,-7.60376792
-7.69505582,12.56140373,14.56093544
9.37602761,9.32923706,2.87706178
-7.04697337,13.02203066,12.34793554
9.56882825,-7.70333967,15.55349223
37.13182408,-0.70212062,-15.39072189
14.79379707,-7.54618804,11.72861504
-7.7885981,15.44744164,11.44917537
14.17266179,12.87248611,-7.61383251
1.54607764,9.26475332,9.44201137
13.17563606,-7.94449777,14.80831936
3.97781819,9.40188587,8.37629506
14.20511851,-7.68747779,12.99500223
9.30994394,2.12369706,9.41114588
9.45063765,9.1602191,2.38865949
-7.73645155,10.80790067,15.46534528
10.82194698,15.44797598,-7.73164654
10.99729215,14.84619988,-7.42720013
15.5287491,-7.75184564,10.67398704
15.3895862,11.58507098,-7.78575105
-7.71009158,15.54346753,9.74678868
10.17549584,15.49866868,-7.71023286
10.28460911,15.4829163,-7.70928217
-7.77148549,11.36097138,15.43495637
15.39287155,-7.76796091,11.44282794
9.44541705,5.56202073,6.65668492
15.33596827,11.83382668,-7.80216266
-7.73395629,15.44194584,10.87678684
10.35231937,14.85172663,-7.34264647
12.80843277,-7.89717696,15.03213577
11.91933035,14.76845501,-7.59061531
9.42426367,0.51237812,9.33361583
9.38974421,3.00579328,9.15066317
-7.79016731,9.43703437,15.73881362
-7.86970797,12.90959571,14.76008703
15.50841356,10.08415283,-7.70763219
15.49452585,-7.69877739,10.01657514
9.98149527,15.58280395,-7.73331895
-7.70231446,9.56572574,15.55047589
14.88955058,-8.00068247,13.43580113
11.73579497,-7.78558837,15.32817704
15.63945696,-7.78453421,10.46705739
11.53426211,15.40382265,-7.78187931
13.67080618,-7.45655665,12.91599073
-7.6994069,9.76956259,15.52510533
9.32047866,9.41311211,0.68350534
-7.71796003,9.84072786,15.55164063
9.37692434,9.18775273,2.8585292
-7.49893029,11.30149619,14.87064805
-7.72975175,10.75801908,15.45577894
-7.80217967,11.82320673,15.34651382
13.46894123,13.9348286,-7.78391337
15.75688738,-7.78958727,9.37391896
15.64766629,10.09935513,-7.78888222
4.92105686,7.39664409,9.43421815
3.79269074,8.64223807,9.41899947
15.51206677,10.37586126,-7.72642359
9.39119097,9.47524317,1.31619991
4.46883137,9.50275983,8.10018047
15.48447848,-7.73590588,10.69965392
-8.01212723,13.95373445,14.20921891
-7.28719823,14.58892599,10.96334053
10.90638961,-7.74194804,15.46006235
9.47920132,15.58653608,-7.71238446
-7.74066056,12.84806752,14.42379513
10.10506206,15.25211916,-7.59195796
9.36137407,3.59819327,9.27902541
15.4746986,-7.71225295,10.38837774
-7.72508695,15.46985932,10.61506254
12.34291113,14.55011296,-7.58896758
-7.72959034,10.52590934,15.496707
11.58016244,-7.50410056,14.79278331
-7.38594802,10.03124593,14.96747701
15.54411028,10.01123071,-7.71874405
9.403255,9.07577627,2.31304593
1.37753247,9.34146964,9.43665924
-7.71633964,10.12115311,15.52150034
10.34055001,15.49985332,-7.71887983
10.19425142,15.48343552,-7.70404981
15.55644288,10.13540455,-7.73192576
10.04833793,15.64403669,-7.78257784
15.57233763,10.15702865,-7.74071416
-7.48682266,14.42019451,12.19951626
1.67984239,9.42346611,9.24229601
11.68431438,15.35870421,-7.78665921
-7.4258953,10.40021717,14.96135762
11.93961333,14.34727733,-7.37600444
14.93665504,-7.37560362,10.13326229
9.3407474,9.49213092,0.58866509
4.42297057,9.41447024,7.73523446
-7.75642896,9.72760487,15.65696734
1.76123647,9.42700716,9.52932615
-7.70149921,15.52112304,9.83468131
9.36260656,9.50928825,0.75599737
15.42858044,11.18547893,-7.755988
14.95570269,10.74952735,-7.47078815
10.68901715,15.47612115,-7.73251849
-7.61201073,13.91535291,13.12678295
12.71411452,14.6069124,-7.76933353
-7.7021389,13.42015165,13.84379814
-7.78383827,15.37661158,11.61188722
-7.74493683,15.43740158,11.0392997
15.48046862,10.82185,-7.74199546
15.22352637,12.50062735,-7.87405758
-7.51350689,11.43043631,14.85792709
10.87033056,15.52567766,-7.76500276
15.5540958,-7.70914897,9.67152723
9.47369322,4.61875118,7.63765175
-7.72711436,15.5835629,9.81330399
15.46802023,10.72168349,-7.73117526
10.2815217,15.53309993,-7.72915436
15.47323749,10.52698971,-7.72056601
-7.79999363,11.90216232,15.30077027
0.93254684,9.37786819,9.37033989
-7.54244452,14.98252578,11.04836876
8.97597455,2.78326561,9.39001701
9.4240197,9.30011982,0.32921309
15.02690769,12.71389808,-7.88126915
15.58146835,-7.71629675,9.63295585
8.36004863,4.03742585,9.38795482
-7.77694189,15.65327218,10.17100816
9.72404328,15.5765985,-7.72959121
-7.83596186,15.26409343,12.22813002
15.64257283,-7.74130338,9.60552189
-7.99015905,13.4066151,14.73744059
-7.72323558,15.57358799,9.86638542
9.89841634,15.54841709,-7.71517789
11.08864668,15.41060569,-7.74102881
-7.69780831,9.68412957,15.52619629
9.39504587,0.54204037,9.32596483
-7.70169886,9.96024022,15.51150771
15.55211557,9.64547348,-7.70631592
10.2116036,-7.74520074,15.56356468
15.00032575,10.8058927,-7.51568634
10.52851336,15.45290669,-7.71321245
14.10076862,-7.68509831,13.11802871
-7.79702805,10.16644705,15.69932695
10.89152778,-7.46497337,14.92469021
-7.90780972,9.26175776,16.04061137
10.7145933,-7.72346016,15.44692748
4.76290467,7.76307801,9.54273921
15.54574007,9.85469839,-7.71766968
-7.73106478,10.3850634,15.52102446
-7.71234561,9.947568,15.52848451
3.72984735,8.83432952,9.42259719
9.42779639,9.24688797,1.2521099
11.22470507,15.31739944,-7.72212025
12.0856302,-7.81931959,15.28429401
3.17770535,8.90443826,9.40762966
9.41740185,9.40233926,1.61709102
15.59830454,-7.74005304,9.9196548
7.37981201,22.93133276,-15.2703365
-7.73238913,9.80292484,15.59621812
9.35689649,1.67762348,9.38101872
9.80883909,15.53061496,-7.70609146
10.22337844,15.60375192,-7.77134491
-7.73079329,10.29286322,15.53345286
15.46897747,-7.70728675,10.34364654
15.29173829,-7.81088476,11.97635183
15.53782914,-7.71543827,9.90311323
15.54386414,10.28178882,-7.73184028
10.40899102,-7.39874384,14.92550341
22.26672453,7.52936001,-15.1532534
15.50952296,10.34898288,-7.72431549
15.44838123,10.84910861,-7.73414108
-7.76478056,15.53021626,10.91085701
11.62084873,15.40391127,-7.78678796
15.18880298,-7.83370081,12.27939466
15.44713671,10.95540911,-7.74103253
9.34047637,2.63210449,9.41264761
-7.70659977,9.85904174,15.5307735
15.56261144,-7.71646994,9.74559946
9.44288709,6.69927269,5.92856481
13.4147719,-7.73803272,13.90287429
15.34332992,-7.80252799,11.8340666
9.37127412,2.10326609,9.3579385
15.52395786,-7.72375776,10.22623108
9.3915126,5.88350745,7.38987011
9.4101089,9.09135264,2.72469516
15.47885731,-7.71689509,10.42744188
-7.73438556,15.46594215,10.77433151
9.33957615,9.37982257,1.98751109
-7.75272781,15.42233935,11.17227192
9.37065389,0.85103588,9.41503352
12.09508893,15.27347526,-7.81868965
21.07704528,-14.8023319,7.62132263
15.61946024,9.83923361,-7.75328267
-7.71685157,15.57745594,9.6624925
13.24835926,-7.96736363,14.83661453
10.08744997,15.74590608,-7.84674796
9.99343805,15.60538273,-7.74077164
14.88035347,-7.92563769,13.03710702
-7.89027888,12.75472311,15.03379753
-7.61378917,15.24690134,10.39730292
-7.70340144,9.89910206,15.51592978
14.96549847,-7.45951937,10.63157341
11.61438234,-7.78656304,15.38769475
-7.62803297,12.10887966,14.72616138
-7.73535005,10.60266901,15.49941716
10.11415471,-7.72508993,15.54029919
10.07594604,-7.73178857,15.5628898
-0.17616904,9.39672092,9.40834658
15.30646824,-7.71892417,11.23101183
9.80881142,15.53970741,-7.71017475
15.56232395,9.76658698,-7.71623509
-7.7230478,15.47995698,10.52001219
15.61007608,-7.72384174,9.41968601
9.39269785,0.91226953,9.4379512
9.68210525,-7.72513263,15.57584725
15.40441771,-7.76300312,11.33740361
15.48349667,-7.71501118,10.36738187
13.34992563,-7.9557363,14.63861921
14.88929828,-7.49268311,11.21636757
9.11906178,9.47907264,2.58213677
-7.81778853,15.30548548,11.99274671
11.42597995,15.39514628,-7.76998458
6.68376245,6.80337196,9.39047068
9.2454492,0.84748977,9.49895224
15.44023842,10.89580313,-7.73468167
15.20053075,12.31454083,-7.84281575
0.57108957,9.41650438,9.41677505
15.49045151,9.99183913,-7.69555975
9.40668345,7.87481455,4.90892768
15.46668103,-7.74641552,10.9204379
-7.64810211,13.42377166,13.71120171
9.48573958,4.14046151,8.20350477
-7.57143812,14.99719803,11.17462166
15.4125066,11.47162289,-7.78089195
-7.76581665,15.51410012,10.93659803
14.89586361,10.35779981,-7.37492332
15.44440034,-7.7586451,11.16758708
9.2770008,9.37385041,2.27352086
-7.75223222,15.44811903,11.0652239
9.91197488,15.53586729,-7.7119604
15.5785589,10.19889625,-7.74663763
15.5333268,-7.7122902,9.90401636
11.04123363,-7.76524817,15.51947217
-7.97185503,14.81431201,13.26229484
-7.73191085,15.58534991,9.92592945
-7.76832239,15.41974439,11.37472594
10.22246192,-7.7185067,15.51457585
15.57536834,-7.72963478,9.94168495
9.4455732,9.31176084,1.40275885
-7.73678459,10.74580774,15.47695196
9.4416436,7.53955081,4.93853693
9.5923867,15.54124991,-7.70233665
10.25737045,15.5755298,-7.74912747
10.02431623,-7.7283371,15.56637318
-7.86673822,15.85731377,9.53743749
15.39434235,-7.79529807,11.64165448
15.5376956,-7.7266951,10.1793237
15.42551183,-7.66899714,10.06554467
9.39306263,4.62179779,7.734209
10.92308959,14.92187078,-7.46246256
1.84851406,9.39697804,9.19103657
8.79589192,3.88619989,9.37081171
15.25982067,-7.84370473,12.26296111
15.07524754,12.82390673,-7.90524171
10.14246024,-7.7079161,15.49647708
-7.72209962,15.52336829,10.19457959
15.45734991,-7.76606798,11.19469218
10.10673057,-7.72804096,15.54491052
10.28793818,-7.72610793,15.52260936
-7.17150082,14.47240882,10.61595525
15.59800495,-7.72937789,9.72510362
-7.74236482,10.15731119,15.57475548
9.78861179,15.53271305,-7.70495849
-7.69629501,10.47035968,15.42358025
9.41706367,2.09423469,9.14812067
-7.90377159,14.98808169,12.84187165
10.0175175,-7.71278493,15.5187116
-7.71468661,15.52733262,10.05162019
-7.99991627,14.62850011,13.56218294
-7.86089621,12.51908192,15.10643015
-7.73909901,15.57200913,9.97074752
-7.72538868,10.19149834,15.5346956
15.57645582,9.68731009,-7.72356172
-7.72737291,15.50027935,10.46429205
15.74370332,-7.87352609,11.12429602
11.53163322,-7.78331287,15.47125837
-7.71994725,10.04289972,15.54386729
14.8917439,10.31621303,-7.3676243
6.89071811,9.45345311,5.76542643
9.69391581,-7.71194182,15.56471078
9.78605372,15.52802998,-7.70193402
-7.78989852,15.3469264,11.71520319
15.51299951,-7.69895205,9.82382879
15.49096414,10.79122656,-7.74551718
-7.93021645,13.00343684,14.92555143
10.5268995,15.50363313,-7.73202247
2.66867851,8.97457576,9.51551259
-7.73138981,15.60150579,9.66386869
-7.60793457,14.39709435,12.60466428
1.31649927,9.37167067,9.44488386
-7.74862117,15.52428318,10.65255179
-7.724045,15.50523571,10.37087414
5.77017984,9.41871717,6.69606175
-7.96439152,13.2777855,14.78278569
11.15433803,-7.75395912,15.4308706
15.54070681,-7.77558287,10.93026245
11.83726001,15.3082072,-7.79315216
15.5816929,9.62876744,-7.71678632
15.58305003,-7.72603325,9.64449871
-7.76126439,11.03147333,15.48241463
15.40471196,11.53668977,-7.78184854
-7.84065072,12.76403498,14.8013025
9.38141467,9.36639605,0.93423544
12.21199532,-7.4764508,14.3844786
14.30316797,12.52005265,-7.53981712
9.94728567,-7.70853737,15.52230297
21.2334154,7.56002797,-14.83468819
9.41975797,4.37894945,7.86666472
9.39347917,4.67699944,7.83204883
9.27250807,9.42755853,1.57998949
9.10346842,15.92972275,-7.85539115
-7.36422,14.86947849,10.44021459
-7.71061562,15.58092455,9.46559995
9.84483694,-7.70348326,15.52830418
15.52310522,-7.72234781,10.18852092
-7.73131942,15.52886092,10.33205084
-7.69358256,9.92263726,15.49400253
9.44443488,1.32171395,9.3318331
1.25240251,9.42622836,9.30692741
15.57556959,-7.72615807,9.79644223
14.40514715,13.7922403,-8.01497294
15.61578987,9.99301966,-7.75013731
15.49801265,-7.74985817,10.82179857
14.28435994,13.95821172,-8.03006144
3.91562433,9.3538733,9.39241588
15.54425028,10.39980058,-7.74112792
-7.87378185,15.14072095,12.55713782
11.04937192,15.46009952,-7.75403718
10.65764238,-7.86179496,15.71395244
6.8160737,9.37837097,5.99040009
9.40679306,4.16083577,8.80093586
15.54330345,-7.70097429,9.65456573
10.02294771,-7.73114548,15.56442501
14.60159595,12.62335103,-7.73496901
15.50621426,-7.76811102,11.04082081
9.99412587,15.53580654,-7.71741968
10.13477438,15.55266715,-7.7316594
-7.696616,9.68248632,15.52709689
13.06224989,-7.91724006,14.8070197
-7.76246646,15.40232661,11.34412108
