2.19343573,3.56124735,-7.84655336 0.39951296,-8.19447089,3.14069256
1.57037858,4.10365215,-14.45095774 0.88382271,-14.47634534,3.91113008
3.57249816,-12.82992789,4.37489253 -0.4374589,3.45288642,-12.89248088
3.1060967,0.26707551,-8.28328864 -7.82534382,2.40034931,3.61875575
-8.1562025,-1.04643004,2.70621496 3.60530597,4.42257228,-7.28163318
-15.90423279,3.77492544,1.41540067 3.63562377,-15.9417174,1.03233255
3.66286132,-7.07462742,4.63724872 -8.26467132,2.58824374,-1.18403466
-8.19271322,-1.5266189,2.51553833 3.62893406,5.12904422,-6.88423763
4.03326431,-7.34631815,3.58856066 -0.78125229,2.73989613,-8.12956805
-16.35695613,1.4359166,-4.4237809 1.39656115,-16.38762414,-8.33387635
-0.86575358,-8.21157458,2.75702359 4.16183207,3.63092298,-7.38268833
-1.66536882,-8.20750903,2.38354421 5.35208917,3.63980841,-6.63470771
3.60839381,5.39102977,-6.7113426 -8.14863342,-1.7045801,2.44121986
-1.17186634,-8.25706009,2.65333193 4.61371259,3.65790464,-7.1870986
-6.07355568,3.5401407,4.92154907 1.95934988,-7.99097375,-1.28542536
1.43449998,-6.83474224,-16.37832903 -16.38940782,-7.43090646,1.42203742
-16.30661268,-5.67733508,1.43318017 1.34224592,-8.22187459,-16.38617061
2.65958158,-8.28770452,-0.86778568 -7.22112071,3.67063815,4.17644721
3.65677204,-7.37405885,3.9740343 -8.26617662,2.75034232,-0.73562989
-1.63620952e+01,7.09828339e-01,1.24213440e-02 1.40403494e+00,-1.53519731e+01,-1.45407885e+01
3.33547725,3.62898361,-7.65468999 -0.32197636,-8.23394897,2.93564196
-10.09152574,-16.36718459,1.42778962 -4.34531477,1.4316961,-16.38447203
-15.91403764,3.1984171,0.10396261 3.99381111,-15.85967738,2.74032609
-7.27202573,1.42342333,-16.37304172 -6.35059913,-16.38060014,1.41642339
3.54812124,-6.42016191,5.92354133 -8.02440406,2.33613639,-2.06663809
4.000349,0.60047699,-11.55522855 -11.58051592,1.93589041,4.28134954
-15.61678039,-14.30149144,1.37929385 0.94628133,-0.09479257,-16.33959356
3.41109539,6.16854629,-6.26349335 -7.75467314,-2.26909189,2.31212871
4.07052022,3.62803304,-7.08484229 -0.79172657,-8.2027153,2.58022321
1.55910268,3.46293141,-7.99897415 0.85437308,-8.11598991,3.30062318
1.8727031,-2.00302798,-8.04739423 -5.76481391,5.98039448,3.57758086
-6.92172585,4.98833203,3.67968805 2.51811545,-1.42157145,-8.29342587
-1.90523927,-7.97237628,2.28975881 5.68080158,3.52307774,-6.37843853
1.3645872,-8.12260635,3.4665486 1.02061014,3.39177237,-8.17132667
-9.17531419,3.23532716,-1.21814 4.07810664,-8.67917807,4.73164958
2.26459903,-1.84800191,-8.06416049 -6.37409913,5.62224082,3.57070007
2.68458683,-0.81645216,-8.14306569 -7.25285254,4.08969514,3.59658795
5.10202604,3.60674766,-6.91144419 -1.51250563,-8.14973246,2.53283401
-7.2476356,3.65732116,4.1991441 2.67657037,-8.26136418,-0.88553123
3.59553211,5.07261912,-6.81989388 -8.12543816,-1.48955969,2.47779937
3.15174544,-15.84402051,4.033042 -0.15053181,3.08749226,-15.86163438
0.91103818,-16.34643904,-0.24558276 -15.59708491,1.38698645,-14.21352179
3.6192801,3.60155966,-7.39025374 -0.50332644,-8.16587227,2.77210524
-8.15867545,2.43259967,-1.83876684 3.61364634,-6.66397647,5.59070468
4.18685964,-15.35434851,4.05403993 -15.4120322,2.89221814,-0.69202191
1.43402268,-6.76233725,-16.37084672 -16.39076199,-6.61911483,1.41313058
-0.70606464,2.79149946,-8.24849819 3.92685402,-7.44295354,3.6469089
-6.95869663,4.1133549,3.6324401 2.50141547,-0.81122669,-8.20813384
-8.13949183,0.2918031,3.10463459 3.54420062,2.35848067,-7.81088847
-9.17016249,-0.6936179,3.3631929 4.0713624,3.9410667,-8.73282654
3.85175204,4.33598214,-13.52594895 -0.61468761,-13.47875979,3.32103274
0.61084008,3.19133757,-8.18630472 1.88283228,-7.87381885,3.5326607
3.95145843,3.62182948,-7.31706011 -0.72163551,-8.19654215,2.72010809
3.63268619,3.51100486,-7.55292652 -8.23331035,-0.43380569,2.8684441
-15.08220728,1.40334149,-14.94895281 0.50978946,-16.36158461,0.41955126
-6.60993213,5.00821392,3.64641898 2.32845353,-1.41417857,-8.21888924
6.07748878,3.57188015,-6.11165463 -2.13222047,-8.05668189,2.14498993
3.20867614,-8.2051858,0.5439611 -7.92706953,3.54995453,1.97810191
1.39947133,-9.56046892,-16.33191038 -16.35841312,-4.23819489,1.3850285
3.71150763,-7.34135063,4.35885065 -8.36820172,2.72953786,-0.99419735
-16.36600574,-10.71376986,1.40417065 1.44688701,-3.63458997,-16.3623922
4.39091637,-11.03249892,4.89828162 -11.06795561,3.19507936,-1.3073075
-9.61225575,1.27976519,4.07214556 3.99652448,1.12433253,-9.72918441
1.42170656,3.47338959,-8.0924376 0.97005968,-8.17001203,3.36805544
-14.3276996,0.93824821,3.93812059 4.09662832,1.50438988,-14.30722816
1.04590826,-16.36274259,-0.47913672 -15.76298393,1.40466001,-13.9234463
-16.37183875,-3.18905711,1.47669438 1.41441296,-11.355204,-16.36833307
5.11674458,3.63409679,-6.89441557 -1.51804055,-8.20312631,2.52008248
-13.43615251,-1.19524084,2.94594856 4.33574103,4.79733222,-13.46030021
-6.94409737,5.17989976,3.58845817 2.5623201,-1.57166852,-8.11484727
0.01381581,3.02248902,-8.04535375 2.79586903,-7.73182242,3.5179613
3.59159067,-7.8065843,2.60061319 -8.20857423,3.07751905,0.13933638
-8.132398,2.64150065,-1.25494449 3.59536796,-7.1431045,4.72256574
4.43839507,-7.13549369,3.60634077 -1.05337409,2.62171071,-8.15578911
-8.12163767,3.35435243,0.9213313 3.45558869,-8.08012714,1.47822691
-1.81903903,-8.14835986,2.50640457 5.55077272,3.60647846,-6.79268403
-8.18837002,2.50317801,-1.6355954 3.62706855,-6.83847669,5.28795648
3.61291713,-7.65196666,2.59628057 -8.24948173,2.99049232,0.14497526
-8.03591758,-1.97844201,2.47916939 3.54967429,5.77387018,-6.68633155
3.64252284,-7.18549581,4.54998132 -8.22707584,2.65133467,-1.12900541
2.51739433,-1.41678872,-8.15322656 -6.9053131,4.96703442,3.60865975
-1.03802522,-8.48092386,2.93075311 4.42388047,3.76597283,-7.70863351
-8.19185967,2.4820629,-1.64507152 3.62932404,-6.80040215,5.30432342
-16.37435762,-5.91034393,1.43570384 1.41699279,-8.11477458,-16.38907664
-8.27032563,-1.41154584,2.5296958 3.66773363,4.96977358,-6.94011229
-0.60084697,2.81400576,-8.21130067 3.76635318,-7.47351215,3.62603208
-9.62570569,1.41122234,-16.37304907 -4.23463702,-16.36942288,1.43036432
-6.84670193,3.62160397,4.73763944 2.46095049,-8.17772292,-1.24688942
2.45908557,-8.16024086,-0.81196707 -6.88758859,3.6090177,4.11916937
1.47027749,-16.36742789,-2.44053151 -16.32321568,1.40962973,-12.01384962
-6.86543522,3.6109932,5.47554198 2.5397234,-8.15860362,-1.76867656
4.26119253,2.81904781,-14.27471112 -14.27898135,0.03593602,3.57307177
5.06577649,3.65613945,-7.03378924 -1.48452595,-8.24966319,2.59425194
-14.50552696,1.40732224,-15.42539883 0.03741717,-16.36522673,0.77955795
3.60283454,5.28036699,-6.23184861 -8.11914349,-1.56802977,2.10922056
-8.13956943,2.59810751,-0.9451296 3.59752897,-7.10238238,4.28428207
-7.34546024,4.4936137,3.63349572 2.74237583,-1.09434206,-8.21212655
3.51111598,5.51032984,-6.64517275 -7.95775981,-1.8086699,2.43854214
2.73496992,-7.6713089,3.55939743 0.05480095,2.9914016,-8.1313279
2.62551719,-1.23817099,-8.17926444 -7.12348216,4.70454536,3.61931969
-14.14315361,4.23532881,2.59583844 3.67283074,-14.0604852,0.17181606
-0.14090894,0.91779515,-16.37523157 -14.26770994,-15.59679002,1.4179551
-0.77177745,2.76067173,-8.25672645 4.0260057,-7.39169343,3.65242524
1.37058444,-8.53806561,-16.36421573 -16.330723,-6.52749315,1.41161094
-7.27996355,3.5857696,4.08721035 2.70159907,-8.12215907,-0.81672376
-9.70004976,-0.68703757,3.48859874 4.23182761,3.93916432,-9.46795412
-8.17166869,-0.8537652,2.70385042 3.6112702,4.14484874,-7.28786527
-7.29048396,4.24476508,3.67140848 2.7012946,-0.91735274,-8.28928821
1.35652985,-16.40271199,-10.88989077 -16.31922759,1.49100988,-3.43669251
2.87412752,-8.21454626,-0.45121186 -7.56404603,3.6236321,3.53674701
-8.00735461,-0.93016457,2.67397923 3.52903688,4.24326708,-7.21676548
-0.85154412,-8.21668342,2.71109388 4.14406679,3.63390431,-7.30389234
3.60911535,-7.75320631,2.56051923 -8.24659009,3.05086461,0.16578535
3.65230221,-7.16363282,4.3857458 -8.24758356,2.63143472,-1.01235713
-7.4717319,3.84168702,3.65082782 2.80940151,-0.64927727,-8.25862042
-8.16794909,0.94518212,3.34676153 3.47616753,1.4504842,-8.05945524
3.57339678,-6.15953389,5.40614726 -8.05887438,2.08377896,-1.65838905
-0.89881581,2.53453589,-8.30488783 4.23981658,-7.01529958,3.68173629
-1.2254622,2.62296413,-8.22146639 4.69012527,-7.12492857,3.64066543
5.07490982,-6.88861603,3.56841604 -1.4999231,2.52434233,-8.07406601
2.38860157,-8.13506847,-1.51884967 -6.66909026,3.60261192,5.13148806
4.07525172,-11.73968061,0.88982072 -11.70866437,4.23520126,1.55380272
-16.33789916,1.42679558,-9.18794754 1.38715877,-16.3836902,-4.91467201
1.4036905,-16.39199645,-8.82377876 -16.36238781,1.44225023,-4.99469938
-16.35128445,-2.58592535,1.48262798 1.39201089,-11.71557913,-16.35553172
2.86632383,-8.26133916,-0.44988699 -7.5526514,3.64722572,3.53692507
2.53595947,-1.36084691,-8.24213905 -6.95739708,4.89408363,3.6532073
-1.07072278,-8.256206,2.64009895 4.4693761,3.65700027,-7.17431437
1.41867629,-15.31774179,-14.67100965 -16.37591617,0.69596244,0.19571743
3.49200144,-6.90062317,5.352696 -7.92647755,2.57504565,-1.71174892
2.67449204,-0.88972543,-8.22287022 -7.24089222,4.20281216,3.63797024
-6.68423866,5.48816095,3.56267775 2.44581309,-1.78136624,-8.05909466
-8.23312305,-1.20373311,2.56831605 3.64737479,4.66563139,-7.03620835
1.41919238,-7.03311788,-16.37729796 -16.37796324,-5.54292863,1.42014748
2.36568315,-8.02106607,-1.95090461 -6.49841959,3.54550102,5.74353791
-1.51260777,-8.12723049,2.52514523 5.09992655,3.59546806,-6.89490013
1.40821029,-7.11093065,-16.34184599 -16.36467938,-7.28038382,1.38311804
2.78049431,-11.58010238,4.33991686 0.05041259,3.8028623,-11.50577806
-4.46815178,-4.96467401,-1.53106726 9.03604812,10.03008269,0.5552156
-16.38610901,0.56657602,0.29016536 1.42951252,-15.16906459,-14.80939128
4.47346285,3.68524681,-7.40340158 -1.0763723,-8.315663,2.76951811
5.81931302,-6.36646228,3.55104792 -1.99080306,2.28989157,-8.02700728
4.03364666,-7.22289109,3.62858464 -0.7736234,2.66353749,-8.20686622
1.41960869,-12.7274626,-16.19877462 -16.37668338,-1.75608197,1.39716787
-6.97521473,4.31983488,3.59287542 2.522349,-0.96337802,-8.12753016
3.35811275,-13.65010381,-0.48622681 -13.59986976,4.34579989,3.65775779
3.64898005,3.08753768,-7.64386159 -8.28587756,-0.16299537,2.94433261
2.45420238,-1.69143453,-8.21190904 -6.74439773,5.37762778,3.64016631
1.43317881,-13.76414414,-15.77357214 -16.38945038,-0.73675241,1.03617445
3.56561635,2.97893185,-7.22812931 -8.12013402,-0.0830711,2.71294124
3.65723713,-7.17452423,4.1876152 -8.26017566,2.63289585,-0.87446706
2.47292087,-8.14217594,-1.7516037 -6.75117062,3.60427122,5.45386833
4.98614353,3.66712192,-6.84831844 -1.41723306,-8.26676248,2.47503793
1.40207857,-6.38357744,-16.38048558 -16.35762328,-7.99485443,1.42412475
-8.25718325,-0.76562973,2.65717999 3.65395924,4.0258332,-7.21596185
0.9150957,3.37443062,-8.20321018 1.48623978,-8.12180517,3.49808763
2.03428819,-8.05117289,-2.00006225 -5.98736951,3.5730266,5.91598717
4.09770067,1.26972395,-13.7370797 -13.77364033,1.14625089,4.05211685
2.20900839,-8.09211124,-1.92795396 -6.27156648,3.587014,5.76048399
4.67393429,3.62524269,-7.08791987 -1.21472129,-8.19043996,2.60229557
1.4296251,-15.81009906,-13.76748036 -16.38615344,1.07681479,-0.65238346
1.42221283,-16.37596695,-10.12578656 -16.3797664,1.44195171,-3.80092783
-7.53145725,2.3260707,-2.30766588 3.29559433,-6.21030481,6.15754908
1.41834412,-16.3827492,-4.55155028 -16.36356534,1.4256251,-9.49230961
-1.78311901,2.28147626,-8.17313161 5.54234008,-6.43726457,3.62553923
4.00891428,-4.38999759,-5.47710357 2.59472439,9.28374726,1.13031455
3.60920535,4.22189917,-7.15164876 -8.1642901,-0.90245671,2.62479625
1.42921931,-16.37931539,-8.06453447 -16.38707235,1.42498598,-5.17914882
2.5615409,-1.41298162,-8.2162619 -6.98844209,4.9633398,3.63975376
3.60460263,5.40058011,-6.88659187 -8.14622636,-1.72011815,2.5469552
-8.1679912,-1.70637119,2.3496878 3.62073872,5.41320763,-6.56419444
-0.45537013,2.83698576,-8.18571243 3.54335314,-7.49813106,3.60962963
-16.34813743,1.36151386,-8.85946099 1.39775963,-16.3247014,-4.02173512
-8.22798832,2.55799137,-1.34294166 3.6455642,-6.99627473,4.8646051
3.62060337,5.04568415,-6.69233829 -8.17091779,-1.45552046,2.39093963
4.21417339,3.64757701,-7.29680146 -0.89830954,-8.24257012,2.70640211
3.52796519,-12.01164258,-0.43667703 -12.0548192,4.36449929,3.55959282
3.64327133,5.0860898,-6.90132182 -8.22125986,-1.49506729,2.51973959
2.46444935,-8.00201484,-1.90318426 -6.67321694,3.53293641,5.65550629
3.75339039,-7.40872222,3.65359111 -0.58880401,2.77491078,-8.26558184
2.34076756,-1.96707154,-8.10921492 -6.47085374,5.78980112,3.59120582
0.9005262,-10.53847179,4.06299565 1.53833035,4.2064432,-10.49025336
4.46582197,-7.32686709,3.61672634 -1.07615862,2.73228278,-8.17896069
-6.40504139,3.50901354,5.99889053 2.34681173,-7.94853497,-2.12860452
-12.47378244,0.2701957,3.8467375 4.32582995,2.4344148,-12.48578436
-16.3820847,1.44471251,-2.339579 1.42530426,-16.28592127,-12.18164958
-2.04400656,2.35503974,-7.92611813 5.86397917,-6.43528987,3.49731592
2.54858558,-1.35850753,-8.21889661 -6.97642983,4.88686018,3.64118531
-8.0157651,0.46081955,3.11099218 3.46453624,2.09808316,-7.76765733
4.36953269,-11.47812512,3.68594521 -11.47331852,3.50791766,-0.51745228
2.31027539,-7.41038714,-2.47495998 -6.106039,3.23411123,6.37731639
4.40518981,3.64590519,-7.27548835 -1.03005381,-8.23650629,2.69799641
-1.06540987,2.63981201,-8.17535125 4.45586613,-7.1673828,3.61607426
3.23363953,0.73313087,-8.19148906 -7.91358408,1.71548447,3.51906937
5.40663397,3.61349662,-6.45444546 -1.69125661,-8.14962093,2.27860493
1.59390698,-7.87489342,3.50845728 0.8277451,3.2287386,-8.19521896
3.22959432,0.47943732,-8.22141487 -7.98595021,2.07267224,3.56520953
3.53596585,-5.38015192,6.58413286 -7.94178403,1.6799734,-2.38656532
3.61787046,5.28441094,-6.91103233 -8.17223116,-1.63835851,2.54775831
-6.37228728,6.10953202,3.48658814 2.34482551,-2.20719749,-7.90456273
4.93845832,-7.00318229,3.6690041 -1.39205554,2.56434128,-8.2742777
-8.02734851,1.85934888,3.5547526 3.27639354,0.62741542,-8.23638548
-8.22189967,-1.86798206,2.44930367 3.64519956,5.6406185,-6.69370102
2.19225012,-7.90724289,3.60090844 0.40093745,3.1729391,-8.27434609
-1.8588923,-7.93719896,2.43751033 5.58007729,3.50059706,-6.62574981
4.92340314,-7.0437231,3.63011984 -1.38810558,2.59203009,-8.19845664
-0.99841412,2.65681613,-8.21186246 4.3606185,-7.20449882,3.63374961
2.57028636,-1.21805335,-8.18264941 -7.03208318,4.68103473,3.62185194
-8.27464347,-1.00364146,2.6084411 3.66624678,4.3776363,-7.12782068
5.22456368,-6.64953748,3.56901726 -1.59201988,2.39416724,-8.0690993
-6.98788963,3.6545101,5.0742685 2.56795989,-8.24540806,-1.48865536
-7.97105372,-1.48182954,2.49526218 3.51639333,5.03693123,-6.82635245
-0.31932846,1.00003231,-16.36735232 -14.09928773,-15.69633248,1.40958604
-8.01660088,-1.23676855,2.63788438 3.53640821,4.68426165,-7.12463894
-9.20661565,1.63944253,4.00749748 3.84096809,0.80886295,-9.308537
-16.3450103,1.42514338,-5.27133023 1.38398238,-16.38054111,-7.62655757
-8.25332161,2.69726766,-0.89301721 3.65306329,-7.2823296,4.20800235
-12.93523133,3.51513449,-0.36102845 4.36067022,-12.94707643,3.44508937
-0.12311861,-16.37252484,0.83324909 -14.37022155,1.41519306,-15.4979332
1.4009647,-16.38034912,-9.92813074 -16.3594774,1.44259035,-4.31587978
2.63837475,-8.07217602,-0.97749105 -7.1606446,3.56299732,4.32033425
3.05622674,0.18040902,-8.15810256 -7.75558055,2.53483478,3.5634117
-7.86517665,4.36501941,3.83654727 3.00281494,-0.99183207,-8.62615978
5.96762579,3.47213579,-6.52502001 -2.12449442,-7.88152998,2.42638946
2.62944979,-1.05023495,-8.23453916 -7.1561875,4.43941283,3.64605856
-7.98516041,2.15942845,-2.18970966 3.53498149,-6.10182082,6.14283248
2.41546026,-7.93693933,-1.92677011 -6.57002975,3.50103474,5.6828243
-8.26935506,2.79640899,-0.63838408 3.65617942,-7.44928426,3.82662558
-7.27485959,3.5826106,2.92698499 2.74390795,-8.15789063,-0.05144723
-16.32651822,-4.73077013,1.45312647 1.36462322,-9.34598955,-16.39807578
2.63398548,-1.24757564,-8.170382 -7.13580283,4.71652088,3.61472503
2.46505123,-8.03888233,-1.99106579 -6.65958845,3.5515555,5.79503782
-11.67156761,3.96337352,0.52765085 4.29232769,-11.6768195,2.04171428
-16.04323308,3.74436492,3.93306569 2.73819515,-0.50258944,-15.97181844
-7.70557779,3.64142089,3.15765976 2.97469676,-8.26773701,-0.20842324
0.27557527,3.15148043,-8.25665681 2.38550827,-7.90425117,3.60408388
-16.38500474,1.42187627,-8.48240597 1.43606705,-16.38121535,-3.81966945
4.05676675,3.64337884,-7.4593295 -0.79420654,-8.23904312,2.79967338
-8.26279592,-1.64913789,2.42852419 3.66660118,5.32602607,-6.71826625
-1.11944822,-16.31290384,1.2045263 -13.42218106,1.34973593,-15.9612342
-7.31881613,3.54832138,3.43938185 2.74177882,-8.06552235,-0.38740224
1.42636942,-8.28917543,-16.39493185 -16.38312311,-5.87274732,1.44250804
1.14014264,-16.33292439,-0.53120207 -15.86531229,1.37192565,-13.80520962
-8.15954539,2.91892332,-0.39979965 3.59405985,-7.63256312,3.45348729
-16.34538703,0.99812648,-0.47200023 1.38586037,-15.71315396,-13.96949561
2.52249321,-1.7505295,-8.25097784 -6.85212905,5.4615633,3.6582302
-7.12142151,3.67429345,4.6762562 2.61689142,-8.28796659,-1.21226349
-6.45275538,5.28678296,3.62177979 2.26052445,-1.60243465,-8.16530513
1.44836368,-5.45324067,-16.3898204 -16.39509867,-9.17868272,1.43368905
-6.85601631,5.24038845,3.58155468 2.51802073,-1.61227862,-8.09945263
-12.48539154,-0.62553633,3.35857541 4.37408014,3.86927507,-12.44756436
2.57785806,-8.25605316,-1.43861784 -7.01600218,3.65963665,5.00244529
-15.92050122,-13.6124845,1.39466363 1.17934036,-0.8184551,-16.35347194
-15.35719819,2.91193167,-0.7212028 4.19214353,-15.3345996,4.08897704
3.63667736,4.51352013,-7.27148803 -8.21717567,-1.10641287,2.70028248
1.4025171,-9.22791116,-16.37550473 -16.36262361,-3.46051654,1.43234403
-4.97886835,1.46252177,-16.34372693 -9.45984788,-16.40604629,1.38400846
9.09727006,2.10828396,1.29856273 -4.16013085,4.03731133,-6.21038189
-8.24883274,2.62594643,-1.39667049 3.65503766,-7.10581496,4.93728488
-1.4797604,-8.13948783,2.36086761 5.08250784,3.60545575,-6.63468919
-1.16787255,-14.20758792,2.8695558 4.7823335,4.3102624,-14.20141583
-7.3049304,3.64622727,3.74358915 2.71467052,-8.24973006,-0.57937064
-7.67139514,3.21617737,3.53010977 2.95808961,-0.25138018,-8.04341273
-8.21547774,-0.09642029,2.94037309 3.61068043,2.98013634,-7.62026114
1.24836395,-16.38167386,-1.02032191 -16.00393013,1.42487278,-13.40828044
1.4156395,-10.42325302,-16.40064564 -16.37312373,-3.94728479,1.47429335
2.28555083,-1.50985172,-8.25743085 -6.52608578,5.15959146,3.66753121
-8.24604306,3.70474896,2.44781652 3.32820004,-8.45607062,0.23830086
-7.50170349,3.32758915,3.61849325 2.8490885,-0.31489286,-8.21156433
-14.90421149,4.23426111,3.63862177 3.20046737,-14.88179982,-0.46436264
-0.94864654,2.7241795,-8.23586002 4.28596457,-7.32547735,3.64449351
3.53256632,3.64190692,-7.63639112 -0.44850133,-8.25183472,2.91460647
-6.95668948,5.03918742,3.65334546 2.54729487,-1.46333002,-8.24238343
1.40518058,-6.73684864,-16.39368524 -16.36593397,-3.54894667,1.44222697
3.57570036,4.79941507,-6.72441673 -8.08429856,-1.29005701,2.39719859
-1.50758995,-8.08700365,2.39073809 5.10805584,3.57805209,-6.66781064
3.61680176,4.85463599,-7.15067697 -8.17432867,-1.34456947,2.65077087
1.04782037,3.95354217,-14.61032381 1.37952272,-14.59392101,4.04947776
-7.67558672,2.90576338,3.64784868 2.9759858,-0.04891006,-8.29517609
-6.55741598,3.62116048,5.65299178 2.37246912,-8.17004968,-1.87278181
-12.52286961,1.27402864,4.13875278 4.11782061,1.13939364,-12.49304958
1.4164927,-9.09644988,-16.36741842 -16.37501678,-4.20235133,1.41914296
2.46967495,-1.69431626,-8.23968407 -6.7732075,5.38296756,3.65384851
3.92911281,-10.39169061,0.38126225 -10.39073973,4.2719346,2.25808114
2.83171457e+00,3.57624197e+00,-7.78136167e+00 -6.41095275e-03,-8.15881764e+00,3.04431548e+00
-16.25002536,-12.43446974,1.4200797 1.424707,-1.93586065,-16.37726753
-8.12262589,-1.95391081,2.01072291 3.61011876,5.872414,-5.98209748
-7.03132729,4.98045425,3.6716102 2.58402111,-1.42262341,-8.28005225
3.23830529,0.61701167,-8.18693931 -7.95857258,1.87347028,3.53149973
1.41671872,-10.49143242,-16.34310145 -16.37397009,-3.9598969,1.4155303
3.60096984,-6.59462446,5.66922406 -8.13209935,2.4019446,-1.89142314
-10.45372187,0.27653754,3.87702399 4.2987727,2.42175956,-10.36946106
-8.16654462,2.52784687,-1.31648178 3.61490072,-6.94344099,4.82459032
1.41825339,-9.77135333,-16.39270658 -16.37540864,-4.69223326,1.45289915
3.60954675,-7.90453802,2.20574676 -8.28971381,3.16984119,0.39225985
3.60120131,-7.79673852,2.54742178 -8.23262316,3.07659098,0.17334708
-8.0656473,1.61874802,3.54479841 3.32670716,0.80776116,-8.26441396
2.87409793,-0.78172323,-8.39166469 -7.59762405,4.04205534,3.71910926
2.54833797,-7.69002736,3.62653309 0.17523388,3.01581794,-8.28173083
-8.23551424,-1.63850226,2.37511923 3.65421801,5.31865398,-6.63167725
2.33183224,-8.15778267,-1.55048364 -6.57480344,3.61574823,5.19250083
-16.34718412,-6.72451811,1.42409572 1.38785962,-6.88623553,-16.38069424
3.59941393,5.07436533,-6.76655191 -8.13160022,-1.48650719,2.44451263
-0.58516601,-8.23171546,2.79502892 3.74489738,3.63622677,-7.4409196
-16.36711252,1.45033234,-3.88232074 1.40903199,-16.38119005,-10.26503344
-6.76600278,4.83505061,3.62526759 2.41718513,-1.30941183,-8.18244162
3.34322611,1.11744769,-8.07811656 -8.00005233,1.25946982,3.4053887
-8.3003467,0.42329728,3.13162166 3.61230048,2.15988942,-7.82599605
3.02009067,4.17866014,-9.1976955 -0.10045361,-9.54566083,3.5977753
-9.77572195,3.79001556,0.22471799 4.19646788,-9.65347869,2.50063066
5.19864112,-6.87949728,3.6311536 -1.57489891,2.51881113,-8.19716152
-0.30042008,3.40123478,-14.04380417 3.36489344,-14.03680533,4.29470723
2.66136527,-8.24854662,-0.91058054 -7.21996391,3.65135034,4.2359881
-8.08398756,-1.96738256,2.46083077 3.57467688,5.76753385,-6.66643675
2.42625692,-2.07935863,-8.04270342 -6.57141067,5.933868,3.55445808
3.75952795,-7.4244544,3.62672253 -0.59520633,2.78576672,-8.21223715
3.66635381,5.12188087,-6.85989535 -8.26574445,-1.51482353,2.49495538
-7.05280672,3.65002321,4.81625128 2.58722543,-8.23806407,-1.31041499
4.72796167,-6.91741335,3.63128601 -1.24361022,2.5026537,-8.1985212
3.71820805,4.11575325,-7.49839452 -8.38730598,-0.83035596,2.81719381
3.8306114,-7.72162083,3.73459421 -0.64019979,2.9466586,-8.4288759
3.66151235,-7.02076996,4.97814639 -8.25984042,2.57838972,-1.42136411
1.43422051,-5.16724363,-16.37543982 -16.38219584,-9.11335163,1.41819957
3.47815343,-8.06100698,1.41445292 -8.18062839,3.35236178,0.9765279
-12.95913027,1.4001833,-16.16184159 -1.49439957,-16.35858632,1.37675127
3.23449391,0.53379378,-8.04521395 -7.97290495,1.9899893,3.46943318
3.62960794,3.33653742,-7.62035301 -8.23476478,-0.32214351,2.91596985
4.2238808,3.37812662,-9.25774013 -9.68002485,-0.31908173,3.49690315
-8.4095512,2.7864566,-1.0309054 3.73184931,-7.44897113,4.41551089
1.42009362,-6.32357668,-16.29784662 -16.37388091,-8.12268002,1.3329623
3.17956909,-8.26002141,0.39969739 -7.91943066,3.5937241,2.19384138
3.65327032,-7.80042389,2.90126789 -8.30779348,3.04638444,-0.04733396
0.55913984,3.85589556,-9.57677797 1.98569719,-9.45911168,4.12143724
0.58101372,0.30158611,-16.34897644 -15.17812198,-14.81747569,1.38970008
3.59366461,-0.10276782,-9.38005446 -9.09059737,3.01922512,4.12517639
3.12650214,-8.2231089,0.24025216 -7.8679125,3.59052109,2.44056041
2.97059429,0.05532753,-8.10584528 -7.63326683,2.73412049,3.54677242
4.40075203,-12.18780125,3.84048967 -12.23389495,3.43949836,-0.61436124
-9.238137,-0.38010079,3.40753507 4.0913137,3.46062741,-8.75010227
3.52131704,-7.61191164,3.64764632 -0.44046241,2.90074929,-8.26341255
-6.67316976,5.41093253,3.61916001 2.41789127,-1.71381122,-8.16861778
-8.24271233,-0.13156768,2.97857901 3.62554143,3.03511771,-7.69594507
-8.21488614,-1.06141724,2.55283774 3.63747134,4.46321035,-7.02553551
-8.11644827,2.53163419,-1.69312673 3.58986525,-6.86285022,5.35897003
-13.63871065,1.41379547,-15.88271748 -0.85627768,-16.3711487,1.14140199
-8.22230842,3.12292818,0.22965376 3.59103571,-7.8644003,2.45727824
0.37119993,-8.22612126,3.1592103 2.23681138,3.57977356,-7.88960063
-8.18831969,-1.65130009,2.49952641 3.62710754,5.31032411,-6.82754964
-12.85441071,1.37015266,-16.19142853 -1.44995071,-16.33136778,1.39599164
-7.66682939,2.68560109,3.58797149 2.99180987,0.0873124,-8.19213145
-16.37813836,-9.06690224,1.42283829 1.42961823,-4.62657543,-16.38054436
-13.87105031,4.24445723,2.2685542 3.78697927,-13.85639737,0.38065397
1.43417775,-16.37184741,-6.87669086 -16.39031351,1.41468146,-6.86605952
-1.46923962,-8.18163888,2.6059427 5.03664905,3.62148051,-7.05008807
-8.10292141,-1.53772219,2.48960058 3.58389198,5.13684718,-6.82554253
3.57484225,-7.03337443,4.83718657 -8.08974753,2.58846114,-1.3357607
0.80330559,-8.70334707,3.51685655 1.63212497,3.76169043,-8.44638682
0.6492159,-8.20037781,3.26733198 1.82861809,3.53388409,-8.00274829
-0.79794946,-8.22611793,2.74218078 4.06400108,3.63758281,-7.35810675
1.40155251,-5.18006251,-16.38436967 -16.36045951,-6.21915558,1.42562226
-6.95776299,4.80414178,3.62343929 2.53354977,-1.30125854,-8.1837056
-8.20862273,0.95016225,3.40718298 3.49545933,1.44513077,-8.17368893
-7.02187135,3.67417043,4.54292455 2.55028132,-8.28662284,-1.1132756
-8.10670548,-0.79738576,2.74002431 3.57719721,4.05531599,-7.34463058
-1.81298254,2.16975528,-8.04839305 5.59572273,-6.23733841,3.56578602
-7.0440173,4.17939732,3.57781618 2.56289557,-0.87147448,-8.10113084
-7.73558624,2.18774715,-2.4427358 3.40696043,-6.0175873,6.45330531
-9.42630592,3.73597581,0.33379823 4.10469151,-9.2255168,2.32335711
-7.0846495,3.56429994,4.76006173 2.61483336,-8.07023947,-1.2846427
-4.39267607,-16.37056909,1.44990344 -9.48864513,1.4124249,-16.39341801
-7.53985822,3.61598449,3.32911351 2.87113001,-8.20699402,-0.31683354
-8.14389268,2.352804,-1.93857628 3.60846103,-6.50405264,5.75092407
-7.89166422,3.30819898,0.97766661 3.32890319,-7.96979321,1.41141468
3.5472645,-6.9781255,5.10862357 -8.03478673,2.58379834,-1.53086367
1.75430804,-2.06574567,-8.13458597 -5.60854812,6.13586444,3.62724418
-16.30592778,1.38823391,-9.1334148 1.35273726,-16.34864424,-3.93241921
-7.43766376,3.23521822,3.64186634 2.81594659,-0.25231763,-8.26139359
-11.05030092,4.03035432,0.66611841 4.27743364,-11.03508087,1.84282142
-0.6178235,-8.26442203,2.69495659 3.80384945,3.65464506,-7.27516466
1.5297162,-7.86175009,3.46780063 0.87911599,3.23113012,-8.12962845
-7.84411344,2.54827056,-1.38551544 3.44998725,-6.91416837,4.87487672
1.41409611,-4.7827654,-16.34580936 -16.36789123,-8.23749044,1.38491841
-1.56399964,-8.15629777,2.40509022 5.19555997,3.61308888,-6.68795395
-1.81470898,-7.99973764,2.44159717 5.52683431,3.53248571,-6.65712111
-0.92292348,-8.14298832,2.73066046 4.24170342,3.59718251,-7.32968946
1.4107857,-16.37113926,-4.34716248 -16.35426678,1.41329615,-9.67333558
3.602075,-7.84169024,2.58354161 -8.23150183,3.09815125,0.15023621
3.42204062,1.09989308,-8.30278786 -8.1598298,1.27950908,3.52255127
-8.13358343,-1.0787739,2.53256487 3.59674471,4.48311274,-6.98160294
3.62895322,4.53484518,-6.91856048 -8.1951581,-1.10620918,2.49159339
2.83797502,-8.02111987,-0.57027258 -7.4982039,3.52886427,3.70776998
-1.54902375e+01,-1.44568818e+01,1.39837129e+00 8.40582336e-01,1.20642943e-02,-1.63569924e+01
3.56155897,2.92900521,-7.44670356 -8.11863397,-0.06249673,2.84701902
-4.21646705,-16.32862761,1.47365428 -10.03111584,1.36705485,-16.40850451
2.42569885,-1.6020269,-8.21017286 -6.71935543,5.2529808,3.63997658
-1.77242617,-8.15824487,2.29696906 5.52043859,3.6174624,-6.46201847
-6.86110691,3.6317504,5.00434745 2.49004106,-8.19749811,-1.43679647
-0.70713762,-11.05218253,3.47798365 3.9747283,4.39003893,-11.00191006
2.88173537,-7.65299366,3.64413777 -0.03355747,2.96522245,-8.28910781
-8.13537617,2.4229205,-1.83941673 3.60208646,-6.64423213,5.58982505
-8.96274272,-16.3896229,1.41539836 -5.10960941,1.44075637,-16.37303705
4.40952562,-11.47859641,3.99569291 -11.56510957,3.42908364,-0.71653007
-8.30683037,2.75898896,-0.75974282 3.67748674,-7.39137323,4.01067793
-9.00430506,4.03300683,2.14922801 3.68724271,-9.24433021,0.44484548
3.56084347,-6.95276164,4.41558937 -8.06312197,2.5173362,-1.03500188
4.11643678,1.83143434,-14.71220521 -14.73336096,0.68512298,3.79978018
3.31758658,3.64856246,-7.61417983 -0.30892708,-8.27330293,2.91256156
4.66462101,-7.10924593,3.63165322 -1.20826134,2.61363722,-8.20353209
-6.32807249,3.61647203,5.8984144 2.25524109,-8.1530428,-2.02113823
-1.75947359,2.53970571,-8.17239878 5.46340709,-6.86919715,3.61800077
10.42033018,0.54107746,7.8696217 -5.15546491,-1.53093439,-3.88160108
2.62780365,-1.27740499,-8.22229345 -7.12615248,4.76422093,3.64123731
3.67873754,4.75745644,-7.00562138 -8.29396786,-1.26305539,2.55169191
3.33467969,4.18912749,-15.07594351 -0.27966471,-15.00132429,3.28881408
-8.27484927,-1.2766607,2.57802043 3.66864702,4.77177641,-7.04562419
-16.37416204,1.4279216,-10.34487654 1.44478065,-16.3847343,-3.98477984
0.66660225,-16.3654917,0.23065107 -15.27516162,1.40755456,-14.72525526
-13.6968598,1.4268241,-15.90867395 -0.67318294,-16.38361505,1.17502754
-8.15950468,-2.01131842,2.43112037 3.61381622,5.85064104,-6.61798541
1.17942341,4.15089113,-11.89736774 1.23062426,-11.84534373,4.17963738
2.50980461,-1.54074149,-8.20449111 -6.87290533,5.15140676,3.63504545
-0.99047047,2.66857611,-8.24315876 4.35090364,-7.22831613,3.64932481
-8.0825264,-1.98994077,2.18169519 3.58326688,5.85840339,-6.21094279
3.53332068,-7.59241129,3.29728555 -8.04517095,2.90842963,-0.30249386
5.3272598,-6.70625088,3.56024981 -1.67087024,2.44239211,-8.05413618
3.24579739,-8.1836589,0.58579105 -7.9821453,3.53354135,1.9174562
5.67840461,-6.60974744,3.53365467 -1.91596105,2.4291728,-8.00153221
3.30467835,-0.43429234,-8.79318559 -8.39551321,3.52760469,3.90313413
0.32301618,3.8717737,-11.2674306 2.35290212,-11.16574628,4.33165627
-16.38013422,-5.8049671,1.41959677 1.4222166,-7.46784309,-16.37589748
-16.38597567,0.48084827,0.41062137 1.4293405,-15.05608758,-14.95058395
6.65620889,2.78134398,-5.54283796 -2.86668882,-6.54612514,2.23507447
-6.80212901,5.36479838,3.57175679 2.50070324,-1.69892039,-8.07948282
4.39456596,-11.86260678,3.99719666 -11.85127334,3.42309602,-0.71945942
-8.21008314,-1.52223372,2.46218419 3.63893091,5.1320845,-6.79793966
3.63035527,-7.31485502,4.31381825 -8.2073771,2.72011953,-0.96919024
3.62516587,4.97085731,-6.92389341 -8.18608926,-1.4176356,2.52609069
-1.79255193,-7.85604866,2.34886468 5.47892586,3.46147224,-6.47900537
-7.69913755,3.63285916,2.62063989 3.01421581,-8.28774348,0.12941886
-1.95277617,2.43423913,-8.00820458 5.73411234,-6.61003385,3.53686586
-7.10918998,4.34426838,3.65450735 2.5973021,-0.98050699,-8.25144967
2.67429155,3.61010492,-7.77929894 0.09384475,-8.23863921,3.05504745
-9.17942129,-1.01041507,3.28557522 4.06196548,4.42266485,-8.84791438
3.62889127,4.91058063,-6.89775463 -8.19281828,-1.37267115,2.50464026
4.96137776,3.6233088,-6.84039193 -1.40647022,-8.18039322,2.4751471
3.7603771,3.62509313,-7.48364341 -0.59704984,-8.20972029,2.81998085
2.72554539,-8.22994768,-0.9938656 -7.32546798,3.64192125,4.35124609
-10.48020389,-0.4089067,3.64243912 4.32498104,3.50818488,-10.51254733
-6.60317487,3.63547014,5.74716118 2.40770386,-8.20052109,-1.93699289
3.58786968,-6.99832921,4.99634803 -8.11449253,2.5780814,-1.44474156
-6.92712088,3.59664994,4.9060184 2.52736645,-8.13019002,-1.37657348
3.35184838,-0.06148593,-15.18123318 -15.15346961,2.99305602,4.17523673
1.08629865,-7.85473755,3.37146189 1.29233441,3.29233099,-8.05744678
-5.70060364,3.48682175,6.52114215 1.94215325,-7.86922879,-2.41527248
-6.01272789,3.55725063,6.13427397 2.08855531,-8.0231797,-2.16340192
2.51735051,-8.25256648,-1.56604357 -6.8859753,3.65925369,5.19236178
-8.11052249,2.77683324,-0.30783521 3.56826936,-7.37089208,3.3170275
-8.21503859,-1.49169479,2.43909209 3.6419298,5.09293005,-6.76749703
3.52336889,1.59089113,-7.9355878 -8.22623476,0.83002042,3.26138383
-11.39858474,4.40152621,4.63276265 3.2395652,-11.43461128,-1.13199772
5.09788925,3.65185075,-6.99152787 -1.50593773,-8.24031936,2.57270665
-9.87050068,1.42311287,-16.38779527 -3.81700938,-16.38095162,1.44992255
-6.55053892,5.36300907,3.6565871 2.32729403,-1.66121254,-8.23741862
-1.36013372,2.60468887,-8.21312181 4.88358569,-7.07196572,3.63725273
1.43925477,-16.33984414,-4.66198431 -16.39207233,1.37798097,-8.0824721
3.59552041,-5.9108931,6.30808548 -8.09219551,2.02400472,-2.252955
-11.94832494,3.8712126,0.27508701 4.33548311,-11.94963377,2.4258227
5.4362598,3.63406754,-6.8453607 -1.73753824,-8.20316372,2.52071732
-7.39627969,3.63686085,3.68857781 2.77067115,-8.23396292,-0.5465888
4.38453372,-11.26290434,3.79027341 -11.29801495,3.499176,-0.58529108
-13.65035166,4.57004169,4.35163698 2.98541492,-1.04337733,-13.73488173
-0.96000488,-8.27233172,2.64017013 4.31127655,3.66417595,-7.18388377
-0.59614196,2.85287787,-8.14016039 3.75388491,-7.53606366,3.589601
-6.96800446,4.70567047,3.61926013 2.53370638,-1.23262544,-8.17608999
-8.20511728,-1.21648247,2.5629284 3.63336011,4.68198316,-7.02258778
-8.23789867,2.53607872,-1.44685627 3.65128227,-6.94103707,5.01689645
-0.94974015,2.71272506,-8.21410585 4.28670764,-7.30375479,3.63366334
-8.26000585,-0.4870022,2.85961011 3.647559,3.59393728,-7.54513755
4.46276105,3.67544245,-7.17866811 -1.06451299,-8.29286794,2.64072065
-13.05713279,4.50759942,4.38392779 3.1053164,-1.02407512,-13.13275203
3.38819251,-8.12069784,1.13094056 -8.08290961,3.42473682,1.24577709
-7.45514081,3.93395018,3.68029455 2.79648397,-0.70912242,-8.31487723
6.64360218,-6.1153858,3.3041111 -2.61304881,2.30305539,-7.5443704
-16.35377809,0.19555893,0.73228508 1.39486587,-14.66777314,-15.34769262
-8.21402675,-0.85095509,2.66822985 3.63313852,4.14654806,-7.23071102
5.50771398,-6.6516433,3.61178355 -1.78113237,2.41653053,-8.15403249
-8.05307537,1.86688886,-1.69174458 3.57822076,-5.85226758,5.5373704
-16.37114762,-10.68692058,1.4221814 1.45170171,-4.03117757,-16.37898372
3.61206109,3.40470901,-7.58297821 -8.1966094,-0.36654663,2.89200685
3.68904574,4.20713449,-7.35068543 -8.32576469,-0.89154899,2.73433422
2.55910498,-1.45753096,-8.27824656 -6.98122162,5.03249314,3.67122905
-16.37425512,-0.17496511,0.91109358 1.41695412,-14.23420971,-15.59715127
-16.34809819,1.40786404,-6.60956977 1.38835362,-16.36633458,-6.35859422
3.45297072,1.33804749,-8.02677165 -8.15013719,1.04451573,3.34533149
3.30404685,-8.16125667,0.82987846 -8.01405066,3.48946919,1.58996666
-6.68214863,5.00877517,3.64011292 2.3768176,-1.42379162,-8.20884256
-8.25767289,-1.23373387,2.64080168 3.6587207,4.70289561,-7.15726191
2.94994133,-0.05561337,-8.26191997 -7.63015537,2.91665928,3.6318565
1.31644984,-7.61603574,-2.72274558 -4.72456503,3.39818483,7.04323907
5.07430509,-6.8007194,3.60548089 -1.487417,2.46418391,-8.14440886
-4.613693,-16.34372144,1.45241803 -9.66472302,1.38385127,-16.39370345
2.60442027,-1.29758826,-8.23255422 -7.08337552,4.79553397,3.6468869
-16.3638302,-6.52630217,1.43965932 1.40607968,-7.50667953,-16.39438764
-8.27281533,-1.0861635,2.6416175 3.66547366,4.49229669,-7.17652308
3.71303591,-0.22295689,-10.71579601 -10.67747457,3.21708798,4.35665716
5.91357169,-6.46809291,3.54203818 -2.06471449,2.36616226,-8.01446315
5.37845873,-6.79081112,3.62129618 -1.69724587,2.48478343,-8.17617217
-16.37162785,1.48117353,-3.35077677 1.41387468,-16.39317021,-10.89022054
-8.1638606,2.53010421,-1.59492542 3.61402881,-6.8903589,5.22280886
2.47510354,-1.62023521,-8.15164294 -6.78908586,5.26411834,3.60906732
2.62881853,1.5856268,-16.35691806 -16.37520121,0.83230108,2.30200278
-2.38201617,2.36970081,-7.70416928 6.32515863,-6.32256285,3.38305465
-13.87381527,4.27139376,2.6233983 3.67555548,-13.86709191,0.15565543
-8.94156539,-16.40192398,1.41189936 -5.11431905,1.45334213,-16.36980451
-3.0985829,1.49413406,-16.3664997 -11.61415337,-16.37047533,1.40881105
-1.0336714,-8.24334817,2.63576673 4.41572268,3.65027864,-7.16907757
2.91271797,-0.30527949,-8.30193422 -7.61495797,3.31277793,3.662799
4.40102229,-11.60206193,3.96282538 -11.65558869,3.42864576,-0.69499135
-10.45224928,4.19460193,1.51289286 4.08149316,-10.44807206,0.92100945
2.49760226,-1.66733051,-8.14256796 -6.81430164,5.32818353,3.60392757
1.43583879,-16.35621446,-6.09041151 -16.38772353,1.39804897,-8.43108236
-9.03808748,2.0973382,4.02023931 3.71465923,0.47872718,-9.22174397
-8.24246586,2.75119615,-0.84484774 3.64632973,-7.37492159,4.13328906
-10.52031096,3.71428879,-0.12102778 4.3428106,-10.36315009,3.05805892
-1.6491233,2.40320269,-8.14760332 5.3168018,-6.66239072,3.60883409
2.04245262,-1.76124753,-8.16342838 -6.09033326,5.58845722,3.62869654
-1.52896647,2.59548607,-8.27365309 5.13265929,-7.03019439,3.66828122
-5.94301488,3.52895819,6.12539741 2.04899083,-7.96442488,-2.15897321
-8.10760469,2.52527241,-1.20661427 3.58449653,-6.94968105,4.6625996
-6.8531874,3.6616445,5.26508923 2.50412672,-8.25666391,-1.61470816
2.84217223,-16.17557342,0.11945004 -16.22349666,3.65120558,2.72024845
-14.07494669,-15.72447209,1.4136855 -0.32791167,1.02649595,-16.37120955
-7.2011413,3.61383133,4.31033814 2.65549036,-8.17307186,-0.96532223
0.63939081,3.24177919,-8.07767501 1.84067494,-7.95490373,3.47297401
-1.03890417,-10.27398641,3.37533307 4.47530473,4.34071654,-10.12943957
-7.02386634,4.64265812,3.52397107 2.57901849,-1.20679652,-7.99070816
-8.2045877,-1.42301504,2.52909738 3.63449938,4.98027015,-6.9302416
-16.34564456,-5.0832661,1.43405127 1.38518387,-8.39409756,-16.38642296
-0.64934671,-8.16086748,2.66866468 3.84714517,3.60333566,-7.22526686
-0.69207938,3.37213396,-12.60521536 3.96395418,-12.58767206,4.39033351
2.34025587,-1.79871524,-8.0843459 -6.51069371,5.53606141,3.57853381
-6.93985292,5.03786805,3.63862122 2.5390205,-1.46348855,-8.21295836
-16.3808285,-4.62196231,1.44326847 1.42330781,-9.23892112,-16.38972301
4.01884882,1.40279715,-14.9231178 -14.92256718,1.02846125,3.91681393
-3.48347257,-16.36139896,1.46357147 -10.78712457,1.40298154,-16.37960392
3.57125258,5.93352235,-6.0520888 -8.0513775,-2.02378306,2.08443651
-8.01054098,2.61360043,-1.41632001 3.53424406,-7.05044215,4.94003611
3.68011753,-7.03602488,4.62663068 -8.29807907,2.56262286,-1.17262698
-1.34281517,-7.9966087,2.53629093 4.83968292,3.52829788,-6.9290236
-8.16803432,-1.79321544,2.45440708 3.61784394,5.52122584,-6.71328151
3.61152464,3.08496136,-7.35516742 -8.2073475,-0.15467116,2.77875718
-1.29346815,-8.24496144,2.57247287 4.7938156,3.65370564,-7.03067302
-9.09740274,3.7919494,4.16025874 3.4624889,-0.59222328,-9.43503514
-1.4729142,-8.1073433,2.55814179 5.03748439,3.58465027,-6.95723677
1.99659475,3.54601923,-7.95743269 0.53094546,-8.19481253,3.22313971
-7.43032532,-16.38637646,1.428819 -6.19984503,1.43073793,-16.38588439
4.89438361,-6.87839524,3.62653253 -1.36053888,2.49210762,-8.18774402
2.41043174,-2.15187884,-7.65655721 -6.43077993,5.95098637,3.35700895
-8.66916634,-0.7311649,3.09181204 3.85356832,3.9767149,-8.01413574
3.05657677,-8.14527347,0.26283973 -7.73300516,3.5503194,2.4051592
5.1020418,-6.69356147,3.62520136 -1.49516683,2.3965391,-8.18001401
3.66117019,4.73491502,-7.02711524 -8.25984863,-1.25086434,2.56572685
-13.73987366,1.42279934,-15.87031602 -0.65650068,-16.37975076,1.13927615
-1.2080732,-16.37410348,1.31608375 -13.12200694,1.41672642,-16.09365212
-6.54727916,3.58965045,5.30610629 2.33334549,-8.10619908,-1.63586746
-0.05364949,-16.34961792,0.82052597 -14.38384444,1.39042333,-15.49021241
-1.21579786,-8.25766607,2.6042455 4.680873,3.65922863,-7.09753427
-8.17396599,-0.86133371,2.75836316 3.61184619,4.15309427,-7.38236119
-7.59623605,3.55491571,3.63307338 2.89126063,-0.46305532,-8.23305283
2.48244109,-1.80304626,-8.16388492 -6.7586642,5.53250467,3.61500858
-8.15969591,-0.87933506,2.74209265 3.60503134,4.17888626,-7.35220771
-1.7074036,2.13388701,-8.12345154 5.47045865,-6.2292735,3.60489521
3.36286221,-0.98492619,-10.01538392 -9.74482669,4.39822189,4.3057198
3.58569297,5.17316944,-6.6219541 -8.10060829,-1.54858136,2.36699388
3.79987689,-12.09780903,0.26152487 -11.99133189,4.33383252,2.45345298
-1.44649075,2.54746325,-8.16027867 5.00670948,-6.95106987,3.61170517
2.47009602,-7.64099359,3.57629271 0.22387496,2.99761674,-8.18862347
-1.33809688,2.6169294,-8.22995089 4.85244186,-7.0984259,3.64549683
3.66132231,-7.13741782,4.70337806 -8.2624363,2.62866615,-1.23284577
3.66471265,4.73195088,-7.11228449 -8.26854974,-1.25181075,2.61535549
1.5579509,3.47320635,-8.0589853 0.85543018,-8.1372569,3.33237165
-9.19693494,4.05235466,1.98847787 3.78592845,-9.33897336,0.55417603
4.55330133,-7.14898711,3.6417337 -1.13000634,2.62999469,-8.22485568
3.61566036,-6.96607814,4.76121028 -8.1687307,2.53673254,-1.27245581
-0.73262665,3.45406841,-10.07781857 4.01517917,-9.88689914,4.30047047
2.28857468,-1.39122531,-8.05539815 -6.52982627,4.96329419,3.56412371
-16.34559402,1.430849,-11.54940666 1.46475916,-16.38722998,-3.18282171
-16.39279855,1.38698761,-8.10635082 1.43998489,-16.34571478,-6.5792237
-11.51403529,3.80492406,0.10117748 4.35437967,-11.48392541,2.70186227
-0.97205132,-9.52694101,3.37338458 4.36876608,4.18233066,-9.27878538
1.43674046,-16.36403557,-6.26156045 -16.38980702,1.40647395,-8.12346281
1.20193483,-8.68871009,3.71121367 1.1825097,3.6961276,-8.71283971
1.43576106,-5.81074561,-16.35379714 -16.38469835,-8.95409192,1.3954568
-1.78239166,2.27652513,-8.19580585 5.54682755,-6.43395048,3.63723067
3.54548391,2.17381564,-7.83619867 -8.16572362,0.41210682,3.13759023
-1.6449951,-8.09458781,2.52088555 5.28673788,3.57901316,-6.85238888
-8.30949937,2.78517257,-0.8430298 3.6796654,-7.43818739,4.13235587
-16.34233305,-2.08188487,1.41960381 1.38245478,-12.36548962,-16.24918598
-4.53862082,-4.89332691,-1.5309653 9.17698405,9.88709988,0.55556995
3.51211776,-8.54703461,0.64442014 -8.47864572,3.70439181,1.84200701
-6.52177603,3.64958567,4.99620306 2.2672833,-8.22205689,-1.39316445
-6.92987845,5.41667467,3.64798175 2.5649087,-1.72407107,-8.23256274
2.46460016,-1.6597423,-8.18385259 -6.76592907,5.32655897,3.62567726
-8.0962989,2.13372515,-2.24324986 3.59276841,-6.07371656,6.25881817
3.58824702,-7.28916874,3.49996103 -8.14191409,2.71807585,-0.42222513
-8.21213465,2.68969613,-0.84980524 3.63187095,-7.26691553,4.14279566
-8.05175937,2.43440784,-1.76989206 3.55924384,-6.66666381,5.47157154
5.95412758,-6.30337191,3.54726161 -2.0782684,2.2661503,-8.01780785
1.71988304,-7.95812809,3.47241877 0.72866478,3.25815621,-8.09975956
-14.04530325,-15.74389925,1.33221813 -0.35412714,1.04308829,-16.29774189
-1.57100985,-8.1267335,2.30183322 5.2246251,3.60083938,-6.51816315
-0.28513468,-8.47494616,3.06280723 3.28253161,3.74692639,-7.88437113
3.61770312,-6.57393533,5.40476998 -8.16233316,2.35525391,-1.70165021
-0.2834576,2.92987298,-8.28403899 3.27738752,-7.64060847,3.65289227
2.96277835,-0.23492062,-8.27444129 -7.68959202,3.19984643,3.64595022
0.22222094,-8.24919543,3.10454981 2.47010627,3.60536265,-7.83429111
1.40689691,-6.07679925,-16.37420665 -16.3626466,-7.87691534,1.41689775
-1.6503274,-8.16598467,2.44760269 5.3136071,3.61703488,-6.73792692
-8.86662976,-0.85912308,3.18707982 3.94763103,4.17934461,-8.26425717
3.00060515,0.09485011,-8.25232743 -7.6827999,2.67508403,3.6176134
5.06425656,3.61817702,-6.97876618 -1.48673573,-8.17365957,2.5672288
-1.30717519,-8.24435508,2.60167553 4.8106541,3.65294144,-7.07853468
3.66263934,4.43042402,-7.2208495 -8.2685285,-1.04455172,2.66549118
3.61121883,3.85129819,-7.44727229 -8.17948521,-0.65810721,2.79797952
-9.33878658,1.41882306,-16.39383044 -4.34833903,-16.37685139,1.44873962
-16.35180461,-3.18776347,1.41316716 1.39295439,-11.43916525,-16.30398894
-8.27551229,2.64136672,-1.18815544 3.66748662,-7.16526814,4.63863099
-8.19874474,-0.77361189,2.63978425 3.62483209,4.03573321,-7.18259791
-2.05339596,-8.1413049,2.25200713 5.94529548,3.61063848,-6.31193373
5.5774759,3.63493608,-6.74565689 -1.82909779,-8.20288306,2.47526289
-7.35558251,-2.82091022,2.17464451 3.21480434,6.91234748,-5.79689415
0.31398314,3.71508683,-13.98699246 2.37658458,-13.96118959,4.24116761
-0.78449226,-8.15323543,2.66763947 4.04534441,3.60155294,-7.22532836
-1.15633918,2.57602999,-8.29718933 4.60163098,-7.06042337,3.67933066
5.44233202,-6.5045658,3.60864398 -1.72365107,2.31715123,-8.14226366
3.61213026,4.7983457,-6.89997048 -8.16017662,-1.29573691,2.49997473
-6.04196445,3.51809305,6.13125815 2.12362404,-7.94915854,-2.1812946
-6.94052251,3.63906941,4.66570188 2.51164597,-8.21469537,-1.19964879
-8.20854816,-1.14362101,2.6138336 3.63382344,4.57295669,-7.1184065
-8.0937252,2.55114767,-1.17881543 3.5768166,-6.99513078,4.61842955
-11.47143312,1.385237,-16.36496077 -3.12781827,-16.3448248,1.47973845
-6.77254248,3.60114536,5.5500154 2.49516785,-8.13726888,-1.81839742
3.72952803,0.26651159,-13.98856726 -14.01039903,2.44620279,4.25370849
3.63737392,-7.23088797,4.06472489 -8.22382309,2.66746456,-0.79432786
-8.75204886,3.20697763,-0.10280947 3.87301321,-8.13771675,3.0040325
3.62863733,5.2678918,-6.87171729 -8.19231339,-1.62356055,2.52138641
1.4648232,-16.35982179,-4.56695138 -16.40499185,1.40135212,-9.72190341
-8.0831069,3.03630942,0.23632436 3.52138036,-7.70146654,2.44533323
-7.9605389,-2.23854615,2.0113165 3.52901538,6.25715478,-5.86704897
-8.42564771,2.86430697,-0.74108797 3.73559692,-7.58113886,3.9834634
3.0048171,-8.25033465,-0.06946492 -7.72924652,3.62609257,2.9358794
-7.84248286,2.16725089,3.57859591 3.14073715,0.41737861,-8.232475
-10.7390948,3.31054399,-1.03742721 4.38615182,-10.57346971,4.48569896
-7.02883389,4.31083205,3.54542568 2.56203504,-0.96791873,-8.03550611
-7.74680663,3.02309035,3.62030483 3.00844424,-0.12483849,-8.23352478
-7.38287648,3.65553503,3.74334427 2.75993807,-8.26937179,-0.58122043
3.25067161,-9.02694409,-0.89494118 -8.4957539,4.01640138,4.24240397
0.39458521,3.86937999,-10.01378334 2.23687879,-9.8715488,4.2339927
-16.38390255,1.44428916,-5.99592539 1.42765072,-16.39489851,-8.62688554
0.88728768,-15.99158351,3.52411949 1.59165946,3.77885132,-15.93595739
2.45049291,-1.95106471,-8.14721296 -6.66286841,5.7537606,3.60711506
0.46009197,4.97751063,10.8976009 -1.53927899,-2.41362039,-5.37521818
-11.75279802,-0.09064664,3.71873867 4.35979231,3.00845875,-11.77524846
3.70012501,3.59245978,-7.34441279 -0.5563437,-8.14485874,2.74347368
-13.88319169,3.88921654,0.66290333 4.1994284,-13.85781195,1.85577585
-3.92290366,1.45567531,-16.35669604 -10.1281061,-16.38911488,1.39768683
-7.94501827,1.99348921,3.55868466 3.21638396,0.53351983,-8.220299
-1.32476852,-16.37334098,1.3435334 -13.06526736,1.41597157,-16.12271595
4.25689229,1.78357505,-11.64301019 -11.58072215,0.71023593,4.04291
1.4443697,-4.76774912,-16.36930193 -16.38727258,-9.56772102,1.41164235
1.39361027,-16.39603964,-10.77558438 -16.3526762,1.48017137,-3.59228101
4.33814845,-7.09489556,3.66354522 -0.97463593,2.58770912,-8.2691453
-7.1909008,3.67894022,4.28301987 2.64278472,-8.30210553,-0.93969214
3.31623227,-13.80322539,-0.54872703 -13.79322804,4.33300511,3.75584694
3.58346657,4.43323802,-7.09130868 -8.11003737,-1.05115337,2.59839712
-8.21770742,2.84319745,-0.44377542 3.62537993,-7.50953794,3.5269007
5.60966852,3.62510816,-6.57612538 -1.84371437,-8.17817902,2.37866043
2.55492037,-8.24222596,-1.38965964 -6.98376277,3.65296013,4.93267311
-7.12154501,3.66111153,4.77069687 2.62320195,-8.26144769,-1.27953797
3.84393322,-7.19539783,3.64387835 -0.64179805,2.64709762,-8.24076854
3.670685,3.70514892,-7.35938611 -8.30024442,-0.55422516,2.74644058
-16.35480983,0.18847707,0.74814956 1.39596421,-14.65806974,-15.36356979
3.62526409,-7.62726947,3.27690703 -8.22880089,2.92366993,-0.2843212
-0.87936945,-8.29009833,2.70859152 4.18891939,3.67129184,-7.30399846
2.92756258,-14.21030071,-1.04437957 -14.15680992,4.31917617,4.58494595
3.03693696,0.26880936,-8.28510205 -7.7013624,2.40051408,3.62051315
3.77756919,-10.70631181,0.01853726 -10.57968685,4.34745035,2.83395857
1.40631469,-9.71852471,-16.37493746 -16.36544025,-3.67787791,1.43487182
1.42161155,-10.95439565,-16.38214112 -16.37860018,-3.60361316,1.47266758
-2.37260888,2.18895094,-7.79888844 6.36394496,-6.05359559,3.43907018
0.45749927,3.41244778,-8.56587368 2.11131896,-8.3438199,3.73751292
-8.20671682,2.61367053,-1.42199876 3.63398736,-7.07554904,4.97077418
-8.25235165,-1.47604254,2.60255249 3.65734446,5.05348531,-7.05058145
2.54912608,-8.03983882,-1.53432286 -6.91823298,3.55051093,5.11706283
5.78327817,-6.63404245,3.61239328 -1.96761599,2.43446884,-8.15671557
-8.08663148,0.54889522,2.9181282 3.49520212,1.98750995,-7.40534224
2.91777716,-0.33539702,-8.29969459 -7.62865758,3.35951622,3.66260556
3.49935236,4.88082118,-6.55024113 -7.9303377,-1.35191934,2.31083868
2.75015688,-8.2393245,-0.50619901 -7.35813244,3.63894569,3.62950853
-15.25172219,0.87839181,3.8074486 4.00399748,1.58290734,-15.25332265
-1.70999671,2.53313174,-8.19692457 5.39326029,-6.87197384,3.63064078
-16.38930908,1.41134489,-9.36559232 1.4446018,-16.36996783,-4.181699
-1.76955961,2.36905833,-8.15457894 5.49925284,-6.57679937,3.61340875
1.42764085,-16.39983565,-10.54685163 -16.38432397,1.4769087,-4.0009994
-0.35003935,3.5769688,-12.38880985 3.42132291,-12.44582789,4.36897568
-0.93205604,2.74754421,-8.25343759 4.26155254,-7.36782929,3.65290485
3.31859896,-7.53751869,3.63010796 -0.30926602,2.86963235,-8.23552189
-9.93597369,4.12127619,1.40856109 4.03933919,-9.96394707,1.008744
3.41172823,6.23816517,-6.22650226 -7.75456381,-2.31253041,2.29580211
3.55355248,-5.51883646,6.44758255 -7.98566619,1.76189845,-2.30366419
-0.15439613,0.91271205,-16.35944386 -14.24668529,-15.59718395,1.40105168
-1.80811164,1.40616366,-16.3658592 -12.64612387,-16.21428256,1.40801948
3.6223209,-7.04917813,4.71459139 -8.18374101,2.58215154,-1.24219701
1.41964753,-16.34153955,-6.63750003 -16.37554492,1.3819794,-7.34738186
-13.37079413,1.3702244,-16.03062649 -1.04455444,-16.331292,1.27298938
-8.24026923,-1.06299052,2.5397742 3.650559,4.46921417,-7.00596979
1.3021058,-8.0713577,3.44756235 1.07758181,3.37388842,-8.14963131
3.70811859,4.21412662,-15.0875479 -0.50388966,-15.06563814,3.13708597
2.61392511,-0.90563371,-8.26325709 -7.14167759,4.2349275,3.65943938
2.4512999,-8.06913391,-2.04046277 -6.62843301,3.56721668,5.87622241
0.56558537,3.88377929,-9.8424888 1.98032467,-9.6738699,4.18378985
-8.27662653,3.97064632,4.68170977 3.14533484,-8.91254201,-1.19265947
-16.39085616,-5.11883088,1.4566337 1.43480512,-9.68723752,-16.39745965
-8.27067526,-1.20066259,2.64651695 3.66504091,4.65639428,-7.17294621
4.53283319,3.67488776,-7.02598395 -1.10645398,-8.28821986,2.55236413
-12.73767894,4.31933586,2.40845082 3.81272156,-12.79287701,0.28902953
-1.13219562,2.61220538,-8.20499461 4.55633186,-7.11639875,3.6319763
-13.02341035,3.1635662,4.35399195 3.58298329,-0.18244471,-13.05993172
-1.27581799,2.99969058,-12.97423575 4.89364852,-13.07534926,4.34336774
-8.12775484,2.56929114,-1.49978364 3.59484059,-6.9733462,5.07727559
-16.37306046,1.4429536,-2.55260023 1.41544986,-16.32034184,-11.67698469
-6.20985188,1.44231879,-16.35811823 -7.80655071,-16.39629364,1.39970685
5.00398226,-6.93138927,3.62573839 -1.44099372,2.53289617,-8.18737173
2.63710027,-8.20579217,-1.23697511 -7.14640054,3.63256812,4.70432633
2.6344268,-8.26449932,-1.33426004 -7.13226702,3.66265429,4.84812172
-8.10644286,2.49095993,-1.45673564 3.58551844,-6.84646662,5.02169744
1.8177194,-7.98982586,-2.25276976 -5.60683688,3.55267917,6.35412337
-8.08262869,2.40359874,-1.49803273 3.57548007,-6.69001706,5.09126184
2.45667335,4.21093979,-14.56525513 0.2623895,-14.54992272,3.66070912
-4.00696987,-16.36449046,1.46688095 -10.11038005,1.4061511,-16.40038028
2.83521747,-8.27642686,-0.3932166 -7.49257011,3.6536285,3.45235579
-0.96384391,3.210706,-12.60912861 4.39320983,-12.57136938,4.39424968
3.47247313,-15.10416275,0.14687072 -15.03660332,4.17332797,2.65613492
4.3625871,4.81640375,-13.36954823 -13.40034641,-1.2098803,2.96791086
-16.39127432,1.37541953,-8.6342504 1.4405022,-16.33678569,-4.8565611
-0.44090825,-16.36797068,1.09069238 -13.90035799,1.41016138,-15.80878461
-1.83104655,2.41436827,-7.91599265 5.53761458,-6.58964158,3.49038319
-5.24039033,-16.36230533,1.35125416 -8.95567153,1.40425385,-16.30753047
5.33323698,3.63619986,-6.85809639 -1.66656146,-8.20707973,2.51778739
1.43444124,-16.32720735,-7.29241057 -16.39095578,1.3665505,-6.33811936
3.64556161,-7.41451424,3.89101085 -8.24626214,2.7758308,-0.6815561
4.39955353,-11.76621709,3.96719526 -11.77234547,3.44106335,-0.70026292
-7.14721991,3.65001795,4.40898435 2.62253449,-8.24252272,-1.02801609
0.87078134,-14.28972727,3.92632181 1.58522738,4.12586145,-14.25806373
3.71912718,-9.31564533,0.44054903 -9.08995989,4.05983698,2.15674015
1.39622943,-12.47939088,4.17977211 1.02586252,4.09128953,-12.4801361
3.51478678,3.64331662,-7.48529308 -0.43420635,-8.2535202,2.82861004
4.07828514,3.66931316,-7.25165367 -0.80175276,-8.28724583,2.67725189
-8.2429952,2.51850354,-1.00228098 3.651816,-6.97750529,4.38646803
-8.18500739,2.87982225,0.04234328 3.58885739,-7.48299625,2.7642015
-0.28288463,3.57657764,-11.93606016 3.3242402,-11.81202014,4.39153555
-7.29261513,3.55606806,4.1827583 2.7132867,-8.06233246,-0.88630919
3.60624673,5.6257203,-6.66249739 -8.14443359,-1.86445867,2.43719598
1.3831833,-13.99048836,-15.75387823 -16.34307188,-0.37538974,1.04414359
-1.71083056,-8.06031478,2.47847234 5.38140601,3.56251254,-6.75783728
-8.2813731,2.55305705,-1.0423094 3.67092309,-7.03340063,4.4409178
2.58330169,-8.13560775,-1.30393078 -7.0357966,3.59813666,4.79743552
-8.25895907,2.6572447,-1.10906605 3.6584076,-7.20015604,4.52305415
-0.24558147,2.92657241,-8.29801087 3.21879419,-7.62899339,3.65856294
-7.96813376,1.42741851,-16.38286709 -5.7812345,-16.38458822,1.42849302
-0.50958204,-10.1594705,3.57944784 3.66842196,4.32051175,-9.98154675
-16.2673614,-12.10349193,1.42157477 1.41599199,-2.21211122,-16.37871545
-16.36599365,1.45457032,-3.70629338 1.4066102,-16.39586707,-9.53361398
3.62712741,-7.87877178,2.42203125 -8.29827464,3.13327469,0.25296592
3.5654295,5.58706187,-6.76127792 -8.0674446,-1.85153131,2.50065531
1.29333504,-1.20996468,-16.37944943 -16.06663899,-13.17421529,1.42247852
-1.5463845,-7.91706596,2.32393438 5.14699518,3.49297977,-6.52054123
2.14461015,-8.12526868,-2.1042078 -6.13224914,3.60673263,6.05005959
2.99276029,3.63683596,-7.49709905 -0.10010524,-8.2652297,2.8673975
-7.93623883,-1.88717402,2.48588753 3.4987946,5.61710941,-6.70106826
1.81087762,-7.91330733,3.45628722 0.66082416,3.22343329,-8.04985932
5.23987176,3.56337924,-6.91610542 -1.61758889,-8.06534988,2.55662049
2.54188834,-8.12855443,-1.60112536 -6.9037687,3.59583865,5.22572971
-7.51148111,3.6722652,3.93715627 2.82914264,-8.29951478,-0.7126842
-1.83900622,2.45547897,-8.21272823 5.59500276,-6.7098232,3.64042125
-16.37814398,-4.32148219,1.44476191 1.41986758,-9.1204802,-16.3918334
5.08918924,-7.07907745,3.63215128 -1.50539672,2.62554127,-8.20336603
3.60665421,-6.69633834,5.63471131 -8.14640669,2.45816441,-1.87211122
-5.80672114,5.96764645,3.63087864 1.88375814,-1.98130836,-8.1532909
4.3292839,-10.27337214,3.89556361 -10.33742768,3.52590871,-0.65775168
-7.17405509,3.69159148,4.53793775 2.63941976,-8.32412585,-1.11541241
-12.2884023,0.80074253,4.04153679 4.21293564,1.66634443,-12.3720081
-1.55513755,2.31783825,-7.82838662 5.1423603,-6.48974071,3.44757746
3.41847338,-0.61591643,-12.48955583 -12.47237599,3.84425284,4.38944655
-2.36340052,2.36651963,-7.32854649 6.17232516,-6.1982644,3.18841907
2.70451784,-0.97463047,-8.29972833 -7.29473859,4.32856069,3.67720816
-13.78966337,-15.84370754,1.35274789 -0.61348476,1.11668298,-16.31570079
-8.17904634,2.29520836,-1.82053711 3.62815179,-6.44929037,5.59436078
-1.2918624,2.48143576,-8.1818038 4.79823286,-6.87290183,3.62346875
5.31740752,-6.69293488,3.63552912 -1.64591747,2.41648931,-8.20083566
-2.36777073,1.45524341,-16.36426347 -12.18428843,-16.2954232,1.40634251
1.40432081,-16.40426334,-9.98946952 -16.36305779,1.46872322,-3.90937375
-7.87351107,3.75482842,3.71715729 3.03411575,-8.47433668,-0.56510229
-7.51128144,3.10809566,3.65276512 2.86667262,-0.17298351,-8.29059117
-12.06894363,-16.30269075,1.41331104 -2.36570788,1.45271076,-16.37086354
-16.36600327,1.41325728,-6.26789404 1.40841673,-16.36846049,-7.87083339
-8.03214392,-1.6654207,2.42081241 3.54957115,5.31901447,-6.66796568
3.91371086,-4.80879969,-4.45823678 2.17938248,1.03498976,9.13666939
5.40834028,-6.7206105,3.54978134 -1.73089699,2.4621627,-8.03457441
-16.39249811,-6.58729054,1.42390137 1.43662734,-7.5815767,-16.37915338
-6.71088383,3.63345316,5.44931368 2.44224949,-8.19807054,-1.74015922
-5.53003292,3.59901317,6.3540507 1.73653967,-8.07467288,-2.21895042
4.84588363,-6.92182854,3.60614565 -1.33200446,2.51794051,-8.14880968
3.67408374,4.6891058,-7.19119927 -8.28873777,-1.2234651,2.65816706
-8.24442832,-0.18721923,2.98809291 3.62872822,3.12288141,-7.72397915
3.63197331,5.46014691,-6.5547685 -8.1898339,-1.73568589,2.34631119
3.57193418,-7.18789748,4.72501862 -8.08707854,2.67069462,-1.26093743
3.1049034,-0.97573626,-13.41799618 -13.38329182,4.4339181,4.36346886
-5.47891855,3.74427563,-4.38365097 1.32127573,1.29574579,9.07370139
-8.20397153,2.53478245,-1.28471047 3.63361952,-6.96467729,4.78231744
-8.27287778,2.71535771,-0.89264662 3.66267772,-7.31430983,4.20696551
-1.01156244,-8.12556757,2.41379579 4.40946585,3.59444536,-6.7981858
2.65939843,-8.25731357,-0.49946977 -7.20811869,3.6492004,3.6313871
-8.28737426e+00,4.37744473e-04,3.07050795e+00 3.64015013e+00,2.82402187e+00,-7.83168135e+00
3.67162491,-7.17066358,4.18342759 -8.28869848,2.62937969,-0.87017508
-16.39005921,-8.59960093,1.41057496 1.43910211,-5.94354812,-16.36787696
5.3010288,-6.86029094,3.62260328 -1.64670557,2.5183774,-8.18027005
-8.12164339,-1.80448773,2.42893835 3.59496295,5.53505838,-6.66097589
1.39705894,-15.07310435,-14.87972248 -16.3556693,0.46773776,0.34236833
-10.85903528,1.42205813,4.19452994 4.10754192,1.00031569,-10.85703807
-8.23915244,-0.303106,2.8707392 3.63170693,3.3092994,-7.53887417
1.43038045,-10.14298074,-16.34597449 -16.38702492,-4.1617273,1.40995626
3.62647022,4.95649625,-6.84131778 -8.18661941,-1.40236284,2.47462333
1.42073026,-14.23583355,-15.4868281 -16.37759583,-0.3012787,0.78899829
1.4121741,-16.37976402,-11.22763489 -16.36983347,1.4818186,-3.20884486
-8.27003696,-1.2024208,2.59264664 3.66559713,4.66328794,-7.07997925
-0.9898533,-8.26892231,2.59656485 4.35902554,3.6634284,-7.10872734
1.44198104,-16.3824351,-6.17841798 -16.39491665,1.42592633,-8.12594023
-0.68073004,-8.25943709,2.79545441 3.88931205,3.65195431,-7.44916215
-16.38429199,-7.64771057,1.40997202 1.42915127,-6.04843258,-16.36804796
2.89059874,-8.29991701,-0.15869257 -7.55016325,3.65650724,3.08429493
-6.73625864,-4.12219682,3.83171435 1.51265936,9.10589895,1.47391891
3.55674378,-6.10118187,5.90265563 -8.02576377,2.12043438,-2.01521742
-1.83962575,-8.07965777,2.48034021 5.57359162,3.57218988,-6.73171429
-7.82373766,1.97331754,3.50758821 3.15417177,0.54698116,-8.12073258
1.65948337,-7.81473112,-2.54790567 -5.27612078,3.47473501,6.78870757
-7.06245804,3.51327415,5.02472983 2.63160419,-7.96992498,-1.48037108
3.57868522,2.11724373,-7.93771401 -8.24101143,0.45001567,3.19818307
2.40958621,-7.80951357,3.61357958 0.26119415,3.09654758,-8.27172908
4.38223943,3.95871432,-8.29984422 -0.99351974,-8.88965877,3.18353976
5.28547083,-6.82771787,3.64487553 -1.63062595,2.4938697,-8.22308939
4.39500145,4.10269529,-11.85329859 -11.86487292,-0.78553719,3.37224015
2.78591841,-0.44980505,-8.24272459 -7.41332228,3.5410966,3.63882838
2.65260677,-10.19091926,4.30612705 0.13024788,3.82849203,-10.30848839
-1.05600732,2.67629698,-8.17240495 4.43921425,-7.23032766,3.61398676
-6.74758497,5.11053871,3.61355104 2.43362955,-1.50812282,-8.15881218
-6.80839238,5.09673226,3.58120648 2.47596277,-1.50892548,-8.09713619
-8.90150961,-16.36490243,1.41424139 -3.8029537,1.41681029,-16.37351551
3.76951556,3.70649243,-7.89630577 -8.50440929,-0.55741057,3.04607749
-6.67596815,3.62328705,5.46857682 2.42484084,-8.17711656,-1.75317592
3.59037453,-6.73785591,5.4589727 -8.11459523,2.46819688,-1.75719363
4.59183009,3.66137581,-7.06214407 -1.15164382,-8.26178778,2.57862365
3.55244051,6.14022745,-6.40264141 -8.03380975,-2.20760216,2.34561385
1.42013197,-7.35108294,-16.35592641 -16.37727828,-6.38814433,1.39831625
-6.26989997,5.94500771,3.60092295 2.22663462,-2.05109456,-8.12032146
-8.25997619,-0.58143094,2.82236059 3.65006128,3.73897727,-7.48934452
3.6645849,4.73874072,-7.03434779 -8.26670292,-1.25309621,2.56947182
-8.13366284,1.78671149,3.55075212 3.34192644,0.68000014,-8.24321536
-12.23759413,-0.41108327,3.52137575 4.38135053,3.52370133,-12.20692029
-16.40530027,1.38078688,-10.89121152 1.49372413,-16.34093369,-3.53408412
3.1161027,3.60773332,-7.70266812 -0.18368694,-8.2027205,2.97754178
2.87222982,-8.23852478,-0.51642777 -7.56930979,3.63731083,3.63753306
-14.5233112,-15.27221719,1.42120911 -0.08770969,0.61363606,-16.37802547
1.46495479,-3.37813265,-16.3341298 -16.39458832,-10.24765482,1.37240969
3.66990285,-7.32248697,4.16661586 -8.2879681,2.71889024,-0.86428975
3.62006664,-7.77908771,2.81111236 -8.24761369,3.04289699,0.00826909
-4.10430422,1.40005225,-16.36830672 -9.35601745,-16.34741277,1.40963741
-8.26361701,2.60601509,-1.49224918 3.66300727,-7.05551937,5.07837865
-16.37110829,1.14732889,-0.781991 1.41369845,-15.88567689,-13.66165242
3.63176247,4.15268645,-7.29524209 -8.21217985,-0.85735739,2.7062451
1.08479486,4.03208188,-13.98302519 1.33572593,-14.02860177,4.07905596
-16.3381346,-1.0042045,1.25492677 1.3777855,-13.3606201,-16.01508251
3.56254612,4.25937108,-9.60463333 -0.4419651,-9.83455255,3.57570664
-8.18699524,2.84752856,-0.50275496 3.61130277,-7.52170712,3.61523787
-0.81856602,-8.05784757,2.78866894 4.08046655,3.55210407,-7.4244742
-13.83774933,3.03919069,-1.01663821 4.34444567,-13.81550413,4.50909304
-8.2385591,-0.72757881,2.68838961 3.64355522,3.96557824,-7.26653026
1.40649005,-16.38592754,-3.23517628 -16.31615864,1.42919221,-11.06611452
-0.74236533,-8.2092998,2.79080967 3.97854421,3.62772645,-7.44026957
-6.83434233,3.61715322,5.25750518 2.50021811,-8.1687288,-1.61660095
-8.09601926,2.15391811,-1.66948609 3.59007707,-6.26426945,5.40435115
-8.19050719,-1.68004112,2.41734676 3.63028116,5.36505535,-6.68409722
-6.68302936,4.39727889,3.61088718 2.33396969,-0.98561113,-8.15485775
0.58237943,-8.05165872,3.23775766 1.92032001,3.46683995,-7.96426991
5.1921286,3.5509431,-6.87919898 -1.58575026,-8.04001134,2.53337799
-0.62074114,-8.26949352,2.67640279 3.81060578,3.6575265,-7.24474408
2.58286598,-1.34295315,-8.18844248 -7.03448616,4.85839259,3.62508086
-8.07011634,-1.59630316,2.49690729 3.56707639,5.21534699,-6.81911495
1.3960925,-16.36523414,-10.18629095 -16.35525102,1.43189836,-3.78765108
-0.99331615,2.6255787,-8.23255119 4.35805457,-7.15405049,3.64462912
1.39764162,-15.69835559,-14.05578449 -16.35624919,0.99460492,-0.35372133
2.36491247,-8.19170441,-2.00258406 -6.51413399,3.63226615,5.85207381
1.97181571,-8.11464399,-1.82150125 -5.96625551,3.60675754,5.69330865
2.57076127,-1.48996926,-8.07176316 -6.97023614,5.05621988,3.56632392
-2.65504277,-7.62722072,1.94488784 6.80368956,3.36549706,-5.5738534
-8.17027499,-0.40496569,2.87197715 3.60011457,3.46360892,-7.55174113
-8.15238013,-1.43102456,2.48166991 3.60901601,4.99239634,-6.84297274
-8.39059431,-1.32924311,2.83671417 3.72317211,4.84457547,-7.50999264
-16.37723149,-0.5046996,1.08759674 1.42009666,-13.87047799,-15.80820501
3.37495705,-12.53626968,-0.60734138 -12.47941992,4.38201893,3.84013619
-10.80214035,1.41844278,-16.38060343 -3.34438755,-16.37599475,1.46506786
-16.26876062,-12.31529636,1.4305276 1.43781467,-2.2439927,-16.38701343
3.61494805,2.93962827,-7.55221147 -8.22563283,-0.06924118,2.90436682
3.59996635,-7.56750473,2.44269038 -8.23755493,2.95760334,0.24437879
2.52781196,-1.428125,-8.25634074 -6.93236179,4.99252575,3.6607383
5.02171323,3.63196437,-6.783562 -1.44369213,-8.19584408,2.44380167
-8.19355756,-0.71033641,2.69685265 3.62045723,3.93661836,-7.27716336
2.26323863,-1.64195132,-8.17150246 -6.44747961,5.3435014,3.62497233
-6.93042207,4.85040932,3.62008559 2.52103948,-1.33319119,-8.17637568
-0.74565468,-15.40248285,2.85416621 4.14535558,4.18475116,-15.35302197
3.54949379,5.50776776,-6.69920836 -8.03398405,-1.7988601,2.46002314
5.18181742,-6.56208602,3.58010987 -1.55021636,2.33063935,-8.08774335
-6.77281867,3.62671026,5.42924735 2.47869478,-8.18662157,-1.73100797
4.48219125,-7.46333941,3.71234217 -1.08041364,2.80038892,-8.37025195
-16.36711617,-3.38934612,1.48253225 1.40905754,-10.85635937,-16.39569702
0.33134724,-8.22260506,3.16857306 2.29794793,3.58170398,-7.91838224
-6.59074184,5.32694155,3.65438236 2.34996688,-1.64056466,-8.23444789
-1.48221436,-8.17316975,2.54793032 5.05953176,3.61829942,-6.94647168
1.71139752,3.50402446,-7.79280702 0.73704173,-8.16060864,3.16918518
2.58658726,-7.91324122,3.6180793 0.14835945,3.13695167,-8.26393813
5.9717093,3.61677318,-5.97299066 -2.0211033,-8.13548082,2.01664128
4.92335398,-6.9478773,3.6052409 -1.38837471,2.53968399,-8.14750366
3.59340984,-6.39815026,5.80828277 -8.11061221,2.29640715,-1.97305334
4.66223672,3.63890143,-7.00756562 -1.20107904,-8.21584093,2.55209657
3.31535649,3.96307043,-7.19283832 -7.5975841,-0.77138059,2.69185437
-6.77703181,3.97008072,3.62974281 2.38113122,-0.69069059,-8.20104878
5.03007982,-7.00646102,3.59206961 -1.46803153,2.58488433,-8.12293697
4.33312172,-13.90477831,4.56123138 -13.89590919,3.01405945,-1.04903339
0.73424735,-16.3512582,0.02464317 -15.37918691,1.39225969,-14.52499374
2.51705431,-1.78555168,-8.10213661 -6.8121481,5.49339697,3.58279489
2.5160113,-8.19195791,-1.7075885 -6.84253464,3.62852664,5.3909403
-0.34108564,-8.24132141,2.93725253 3.36556747,3.6332867,-7.66101942
3.65304652,5.39252549,-6.78540813 -8.23853624,-1.70184884,2.47818795
3.60597541,-7.31072451,4.2492425 -8.15998116,2.71891099,-0.92681021
0.42974763,3.20532611,-8.15248754 2.14595953,-7.95433512,3.536023
2.4573224,-8.22204193,-1.21464117 -6.85100857,3.64397912,4.69723828
-2.57206407,1.47747169,-16.32647373 -11.76383224,-16.34734145,1.36468356
5.72865373,3.55807059,-6.49555533 -1.93680418,-8.04526683,2.35863382
0.46280459,-13.24684121,3.85404033 2.14293237,4.27227363,-13.20431748
-6.07123903,-16.38658248,1.39379015 -7.91156312,1.43000523,-16.3504595
4.43677766,3.58739231,-7.12492168 -1.05435522,-8.11831324,2.61785697
-1.28585806,-8.22025108,2.50686983 4.78934423,3.64241571,-6.91974641
-14.72934091,1.40815667,-15.24217967 0.2248427,-16.3659948,0.62834929
1.92248592,-7.89466156,3.52300303 0.58238479,3.19821378,-8.16071763
-7.41751841,3.91522878,3.6456165 2.77721771,-0.6979484,-8.24585501
3.52445736,4.09892689,-7.37356948 -8.00261734,-0.83379158,2.76295325
-7.63407121,3.66507231,3.27176001 2.92599665,-8.30854498,-0.27926756
3.56726376,-6.72797193,5.6139709 -8.07023246,2.4833982,-1.86810553
-8.10238972,-2.06109587,2.25247356 3.59083509,5.94919448,-6.30338441
4.07479262,-7.25555772,3.60442775 -0.80552582,2.68534742,-8.15884608
3.64103839,-7.33467265,3.638048 -8.24289007,2.73578991,-0.51075277
2.24062513,-8.34573219,3.81000173 0.37446415,3.39584432,-8.69692408
1.42600758,-16.35958288,-9.71448626 -16.38354707,1.41745959,-4.00079009
-14.670244,2.42943526,4.20409046 3.65361117,0.28047418,-14.67379666
4.19744463,-14.37294473,2.1576112 -14.38253048,3.75866041,0.45629166
-6.8285489,5.23168098,3.63547184 2.49102004,-1.59494297,-8.20443624
-6.14522324,4.07089208,-4.18373244 1.25996231,2.30673855,9.13805008
-16.36565913,-0.652518,1.1738836 1.40770764,-13.69781887,-15.90783934
-16.37698241,-0.63549231,1.11729044 1.41988199,-13.76065737,-15.84774084
-16.38791246,1.40428666,-10.07198066 1.45325612,-16.36278157,-3.99913002
-6.01148681,3.27403311,6.85047735 2.26749894,-7.4816189,-2.75546605
4.44924493,4.33318277,-13.98312456 -0.96744862,-14.04555271,3.00542035
5.95728325,3.57785175,-6.55915064 -2.08778371,-8.08801472,2.41488971
2.56698695,-1.62764841,-8.17697917 -6.94810142,5.26830798,3.61989313
-8.21777357,-1.54213805,2.31028473 3.64681171,5.19408499,-6.55150152
4.83862387,3.61439181,-6.87679096 -1.32271381,-8.16395976,2.48862281
5.16491763,-7.0184433,3.66210303 -1.55178091,2.59219011,-8.26129548
-16.35571114,-4.36718954,1.43457829 1.39659676,-9.5890574,-16.37754917
-8.73789015,1.40487661,-16.4051465 -5.19954088,-16.36336304,1.45526634
-8.09923751,-1.81249492,2.36307372 3.58544279,5.55429003,-6.54649373
3.45720089,-7.95425316,1.46903664 -8.12474936,3.28896029,0.92919169
3.52392786,-6.73781823,5.18990987 -7.98377603,2.45578336,-1.58458551
3.61721973,4.32565302,-7.08059737 -8.17747919,-0.97039545,2.58368895
-8.03204813,3.32775864,1.05271665 3.39098376,-7.98835384,1.32826101
-8.10884962,-16.38782045,1.41931753 -6.80386723,1.43484243,-16.37539123
-8.13814985,2.3894473,-1.33986282 3.60353748,-6.71017445,4.87842008
0.1348758,-8.21679802,3.0431108 2.60891711,3.59647295,-7.74654068
2.6712049,-8.22174335,-0.80031772 -7.23706439,3.63634995,4.07302411
-5.00720416,6.76928699,3.51605016 1.41923346,-2.48268188,-7.87460175
-15.03023296,1.42694904,-14.88608233 0.41306627,-16.38358086,0.3348972
1.41362273,-12.18036672,-16.307958 -16.37099962,-2.47001724,1.4689399
-8.15596018,-1.81808801,2.52046105 3.60999209,5.5492362,-6.81850653
2.39690116,-1.60182613,-8.11001277 -6.65821987,5.24445761,3.58981136
4.12810386,-9.379816,2.21438289 -9.54970814,3.78370359,0.40643219
-8.14039754,-0.86953218,2.5388812 3.59813645,4.184065,-7.00929475
-6.73072017,3.62291346,5.23955191 2.43468938,-8.17701892,-1.59683491
-6.65762619,3.60259068,5.14578563 2.3829079,-8.13470022,-1.52815395
-1.80698115,2.50090109,-8.20144804 5.54051065,-6.79373633,3.63356162
3.27368111,0.49324854,-8.32473282 -8.06578467,2.05350792,3.61521582
3.74851089,3.65785926,-7.45051427 -0.58636583,-8.27474978,2.79908991
