-8.19447089,-7.84655336,0.39951296
3.56124735,3.14069256,2.19343573
-14.47634534,-14.45095774,0.88382271
4.10365215,3.91113008,1.57037858
-12.89248088,-12.82992789,-0.4374589
4.37489253,3.45288642,3.57249816
-8.28328864,-7.82534382,0.26707551
3.61875575,3.1060967,2.40034931
-8.1562025,-7.28163318,-1.04643004
3.60530597,2.70621496,4.42257228
-15.9417174,-15.90423279,1.03233255
3.77492544,3.63562377,1.41540067
-8.26467132,-7.07462742,-1.18403466
3.66286132,2.58824374,4.63724872
-8.19271322,-6.88423763,-1.5266189
3.62893406,2.51553833,5.12904422
-8.12956805,-7.34631815,-0.78125229
3.58856066,2.73989613,4.03326431
-16.38762414,-16.35695613,-8.33387635
1.4359166,1.39656115,-4.4237809
-8.21157458,-7.38268833,-0.86575358
3.63092298,2.75702359,4.16183207
-8.20750903,-6.63470771,-1.66536882
3.63980841,2.38354421,5.35208917
-8.14863342,-6.7113426,-1.7045801
3.60839381,2.44121986,5.39102977
-8.25706009,-7.1870986,-1.17186634
3.65790464,2.65333193,4.61371259
-7.99097375,-6.07355568,-1.28542536
3.5401407,1.95934988,4.92154907
-16.38940782,-16.37832903,-7.43090646
1.43449998,1.42203742,-6.83474224
-16.38617061,-16.30661268,-8.22187459
1.43318017,1.34224592,-5.67733508
-8.28770452,-7.22112071,-0.86778568
3.67063815,2.65958158,4.17644721
-8.26617662,-7.37405885,-0.73562989
3.65677204,2.75034232,3.9740343
-1.63620952e+01,-1.53519731e+01,-1.45407885e+01
1.40403494e+00,7.09828339e-01,1.24213440e-02
-8.23394897,-7.65468999,-0.32197636
3.62898361,2.93564196,3.33547725
-16.38447203,-16.36718459,-10.09152574
1.42778962,1.4316961,-4.34531477
-15.91403764,-15.85967738,0.10396261
3.99381111,3.1984171,2.74032609
-16.38060014,-16.37304172,-7.27202573
1.42342333,1.41642339,-6.35059913
-8.02440406,-6.42016191,-2.06663809
3.54812124,2.33613639,5.92354133
-11.58051592,-11.55522855,0.60047699
4.000349,4.28134954,1.93589041
-16.33959356,-15.61678039,-14.30149144
1.37929385,0.94628133,-0.09479257
-7.75467314,-6.26349335,-2.26909189
3.41109539,2.31212871,6.16854629
-8.2027153,-7.08484229,-0.79172657
3.62803304,2.58022321,4.07052022
-8.11598991,-7.99897415,0.85437308
3.46293141,3.30062318,1.55910268
-8.04739423,-5.76481391,-2.00302798
3.57758086,1.8727031,5.98039448
-8.29342587,-6.92172585,-1.42157145
3.67968805,2.51811545,4.98833203
-7.97237628,-6.37843853,-1.90523927
3.52307774,2.28975881,5.68080158
-8.17132667,-8.12260635,1.02061014
3.4665486,3.39177237,1.3645872
-9.17531419,-8.67917807,-1.21814
4.07810664,3.23532716,4.73164958
-8.06416049,-6.37409913,-1.84800191
3.57070007,2.26459903,5.62224082
-8.14306569,-7.25285254,-0.81645216
3.59658795,2.68458683,4.08969514
-8.14973246,-6.91144419,-1.51250563
3.60674766,2.53283401,5.10202604
-8.26136418,-7.2476356,-0.88553123
3.65732116,2.67657037,4.1991441
-8.12543816,-6.81989388,-1.48955969
3.59553211,2.47779937,5.07261912
-15.86163438,-15.84402051,-0.15053181
4.033042,3.08749226,3.15174544
-16.34643904,-15.59708491,-14.21352179
1.38698645,0.91103818,-0.24558276
-8.16587227,-7.39025374,-0.50332644
3.60155966,2.77210524,3.6192801
-8.15867545,-6.66397647,-1.83876684
3.61364634,2.43259967,5.59070468
-15.4120322,-15.35434851,-0.69202191
4.18685964,2.89221814,4.05403993
-16.39076199,-16.37084672,-6.76233725
1.43402268,1.41313058,-6.61911483
-8.24849819,-7.44295354,-0.70606464
3.6469089,2.79149946,3.92685402
-8.20813384,-6.95869663,-0.81122669
3.6324401,2.50141547,4.1133549
-8.13949183,-7.81088847,0.2918031
3.54420062,3.10463459,2.35848067
-9.17016249,-8.73282654,-0.6936179
4.0713624,3.3631929,3.9410667
-13.52594895,-13.47875979,-0.61468761
3.32103274,4.33598214,3.85175204
-8.18630472,-7.87381885,0.61084008
3.5326607,3.19133757,1.88283228
-8.19654215,-7.31706011,-0.72163551
3.62182948,2.72010809,3.95145843
-8.23331035,-7.55292652,-0.43380569
3.63268619,2.8684441,3.51100486
-16.36158461,-15.08220728,-14.94895281
1.40334149,0.50978946,0.41955126
-8.21888924,-6.60993213,-1.41417857
3.64641898,2.32845353,5.00821392
-8.05668189,-6.11165463,-2.13222047
3.57188015,2.14498993,6.07748878
-8.2051858,-7.92706953,0.5439611
3.54995453,3.20867614,1.97810191
-16.35841312,-16.33191038,-9.56046892
1.39947133,1.3850285,-4.23819489
-8.36820172,-7.34135063,-0.99419735
3.71150763,2.72953786,4.35885065
-16.36600574,-16.3623922,-10.71376986
1.44688701,1.40417065,-3.63458997
-11.06795561,-11.03249892,-1.3073075
4.39091637,3.19507936,4.89828162
-9.72918441,-9.61225575,1.12433253
4.07214556,3.99652448,1.27976519
-8.17001203,-8.0924376,0.97005968
3.47338959,3.36805544,1.42170656
-14.3276996,-14.30722816,0.93824821
4.09662832,3.93812059,1.50438988
-16.36274259,-15.76298393,-13.9234463
1.40466001,1.04590826,-0.47913672
-16.37183875,-16.36833307,-11.355204
1.41441296,1.47669438,-3.18905711
-8.20312631,-6.89441557,-1.51804055
3.63409679,2.52008248,5.11674458
-13.46030021,-13.43615251,-1.19524084
2.94594856,4.33574103,4.79733222
-8.11484727,-6.94409737,-1.57166852
3.58845817,2.5623201,5.17989976
-8.04535375,-7.73182242,0.01381581
3.5179613,3.02248902,2.79586903
-8.20857423,-7.8065843,0.13933638
3.59159067,3.07751905,2.60061319
-8.132398,-7.1431045,-1.25494449
3.59536796,2.64150065,4.72256574
-8.15578911,-7.13549369,-1.05337409
3.60634077,2.62171071,4.43839507
-8.12163767,-8.08012714,0.9213313
3.45558869,3.35435243,1.47822691
-8.14835986,-6.79268403,-1.81903903
3.60647846,2.50640457,5.55077272
-8.18837002,-6.83847669,-1.6355954
3.62706855,2.50317801,5.28795648
-8.24948173,-7.65196666,0.14497526
3.61291713,2.99049232,2.59628057
-8.03591758,-6.68633155,-1.97844201
3.54967429,2.47916939,5.77387018
-8.22707584,-7.18549581,-1.12900541
3.64252284,2.65133467,4.54998132
-8.15322656,-6.9053131,-1.41678872
3.60865975,2.51739433,4.96703442
-8.48092386,-7.70863351,-1.03802522
3.76597283,2.93075311,4.42388047
-8.19185967,-6.80040215,-1.64507152
3.62932404,2.4820629,5.30432342
-16.38907664,-16.37435762,-8.11477458
1.43570384,1.41699279,-5.91034393
-8.27032563,-6.94011229,-1.41154584
3.66773363,2.5296958,4.96977358
-8.21130067,-7.47351215,-0.60084697
3.62603208,2.81400576,3.76635318
-16.37304907,-16.36942288,-9.62570569
1.43036432,1.41122234,-4.23463702
-8.17772292,-6.84670193,-1.24688942
3.62160397,2.46095049,4.73763944
-8.16024086,-6.88758859,-0.81196707
3.6090177,2.45908557,4.11916937
-16.36742789,-16.32321568,-12.01384962
1.40962973,1.47027749,-2.44053151
-8.15860362,-6.86543522,-1.76867656
3.6109932,2.5397234,5.47554198
-14.27898135,-14.27471112,0.03593602
4.26119253,3.57307177,2.81904781
-8.24966319,-7.03378924,-1.48452595
3.65613945,2.59425194,5.06577649
-16.36522673,-15.42539883,-14.50552696
1.40732224,0.77955795,0.03741717
-8.11914349,-6.23184861,-1.56802977
3.60283454,2.10922056,5.28036699
-8.13956943,-7.10238238,-0.9451296
3.59752897,2.59810751,4.28428207
-8.21212655,-7.34546024,-1.09434206
3.63349572,2.74237583,4.4936137
-7.95775981,-6.64517275,-1.8086699
3.51111598,2.43854214,5.51032984
-8.1313279,-7.6713089,0.05480095
3.55939743,2.9914016,2.73496992
-8.17926444,-7.12348216,-1.23817099
3.61931969,2.62551719,4.70454536
-14.14315361,-14.0604852,0.17181606
3.67283074,4.23532881,2.59583844
-16.37523157,-15.59679002,-14.26770994
1.4179551,0.91779515,-0.14090894
-8.25672645,-7.39169343,-0.77177745
3.65242524,2.76067173,4.0260057
-16.36421573,-16.330723,-8.53806561
1.41161094,1.37058444,-6.52749315
-8.12215907,-7.27996355,-0.81672376
3.5857696,2.70159907,4.08721035
-9.70004976,-9.46795412,-0.68703757
4.23182761,3.48859874,3.93916432
-8.17166869,-7.28786527,-0.8537652
3.6112702,2.70385042,4.14484874
-8.28928821,-7.29048396,-0.91735274
3.67140848,2.7012946,4.24476508
-16.40271199,-16.31922759,-10.88989077
1.49100988,1.35652985,-3.43669251
-8.21454626,-7.56404603,-0.45121186
3.6236321,2.87412752,3.53674701
-8.00735461,-7.21676548,-0.93016457
3.52903688,2.67397923,4.24326708
-8.21668342,-7.30389234,-0.85154412
3.63390431,2.71109388,4.14406679
-8.24659009,-7.75320631,0.16578535
3.60911535,3.05086461,2.56051923
-8.24758356,-7.16363282,-1.01235713
3.65230221,2.63143472,4.3857458
-8.25862042,-7.4717319,-0.64927727
3.65082782,2.80940151,3.84168702
-8.16794909,-8.05945524,0.94518212
3.47616753,3.34676153,1.4504842
-8.05887438,-6.15953389,-1.65838905
3.57339678,2.08377896,5.40614726
-8.30488783,-7.01529958,-0.89881581
3.68173629,2.53453589,4.23981658
-8.22146639,-7.12492857,-1.2254622
3.64066543,2.62296413,4.69012527
-8.07406601,-6.88861603,-1.4999231
3.56841604,2.52434233,5.07490982
-8.13506847,-6.66909026,-1.51884967
3.60261192,2.38860157,5.13148806
-11.73968061,-11.70866437,0.88982072
4.23520126,4.07525172,1.55380272
-16.3836902,-16.33789916,-9.18794754
1.42679558,1.38715877,-4.91467201
-16.39199645,-16.36238781,-8.82377876
1.44225023,1.4036905,-4.99469938
-16.35553172,-16.35128445,-11.71557913
1.48262798,1.39201089,-2.58592535
-8.26133916,-7.5526514,-0.44988699
3.64722572,2.86632383,3.53692507
-8.24213905,-6.95739708,-1.36084691
3.6532073,2.53595947,4.89408363
-8.256206,-7.17431437,-1.07072278
3.65700027,2.64009895,4.4693761
-16.37591617,-15.31774179,-14.67100965
1.41867629,0.69596244,0.19571743
-7.92647755,-6.90062317,-1.71174892
3.49200144,2.57504565,5.352696
-8.22287022,-7.24089222,-0.88972543
3.63797024,2.67449204,4.20281216
-8.05909466,-6.68423866,-1.78136624
3.56267775,2.44581309,5.48816095
-8.23312305,-7.03620835,-1.20373311
3.64737479,2.56831605,4.66563139
-16.37796324,-16.37729796,-7.03311788
1.41919238,1.42014748,-5.54292863
-8.02106607,-6.49841959,-1.95090461
3.54550102,2.36568315,5.74353791
-8.12723049,-6.89490013,-1.51260777
3.59546806,2.52514523,5.09992655
-16.36467938,-16.34184599,-7.28038382
1.40821029,1.38311804,-7.11093065
-11.58010238,-11.50577806,0.05041259
3.8028623,4.33991686,2.78049431
-4.96467401,-4.46815178,-1.53106726
10.03008269,9.03604812,0.5552156
-16.38610901,-15.16906459,-14.80939128
1.42951252,0.56657602,0.29016536
-8.315663,-7.40340158,-1.0763723
3.68524681,2.76951811,4.47346285
-8.02700728,-6.36646228,-1.99080306
3.55104792,2.28989157,5.81931302
-8.20686622,-7.22289109,-0.7736234
3.62858464,2.66353749,4.03364666
-16.37668338,-16.19877462,-12.7274626
1.41960869,1.39716787,-1.75608197
-8.12753016,-6.97521473,-0.96337802
3.59287542,2.522349,4.31983488
-13.65010381,-13.59986976,-0.48622681
4.34579989,3.35811275,3.65775779
-8.28587756,-7.64386159,-0.16299537
3.64898005,2.94433261,3.08753768
-8.21190904,-6.74439773,-1.69143453
3.64016631,2.45420238,5.37762778
-16.38945038,-15.77357214,-13.76414414
1.43317881,1.03617445,-0.73675241
-8.12013402,-7.22812931,-0.0830711
3.56561635,2.71294124,2.97893185
-8.26017566,-7.17452423,-0.87446706
3.65723713,2.63289585,4.1876152
-8.14217594,-6.75117062,-1.7516037
3.60427122,2.47292087,5.45386833
-8.26676248,-6.84831844,-1.41723306
3.66712192,2.47503793,4.98614353
-16.38048558,-16.35762328,-7.99485443
1.42412475,1.40207857,-6.38357744
-8.25718325,-7.21596185,-0.76562973
3.65395924,2.65717999,4.0258332
-8.20321018,-8.12180517,0.9150957
3.49808763,3.37443062,1.48623978
-8.05117289,-5.98736951,-2.00006225
3.5730266,2.03428819,5.91598717
-13.77364033,-13.7370797,1.14625089
4.09770067,4.05211685,1.26972395
-8.09211124,-6.27156648,-1.92795396
3.587014,2.20900839,5.76048399
-8.19043996,-7.08791987,-1.21472129
3.62524269,2.60229557,4.67393429
-16.38615344,-15.81009906,-13.76748036
1.4296251,1.07681479,-0.65238346
-16.3797664,-16.37596695,-10.12578656
1.42221283,1.44195171,-3.80092783
-7.53145725,-6.21030481,-2.30766588
3.29559433,2.3260707,6.15754908
-16.3827492,-16.36356534,-9.49230961
1.4256251,1.41834412,-4.55155028
-8.17313161,-6.43726457,-1.78311901
3.62553923,2.28147626,5.54234008
-5.47710357,-4.38999759,2.59472439
1.13031455,9.28374726,4.00891428
-8.1642901,-7.15164876,-0.90245671
3.60920535,2.62479625,4.22189917
-16.38707235,-16.37931539,-8.06453447
1.42921931,1.42498598,-5.17914882
-8.2162619,-6.98844209,-1.41298162
3.63975376,2.5615409,4.9633398
-8.14622636,-6.88659187,-1.72011815
3.60460263,2.5469552,5.40058011
-8.1679912,-6.56419444,-1.70637119
3.62073872,2.3496878,5.41320763
-8.18571243,-7.49813106,-0.45537013
3.60962963,2.83698576,3.54335314
-16.34813743,-16.3247014,-8.85946099
1.39775963,1.36151386,-4.02173512
-8.22798832,-6.99627473,-1.34294166
3.6455642,2.55799137,4.8646051
-8.17091779,-6.69233829,-1.45552046
3.62060337,2.39093963,5.04568415
-8.24257012,-7.29680146,-0.89830954
3.64757701,2.70640211,4.21417339
-12.0548192,-12.01164258,-0.43667703
3.52796519,4.36449929,3.55959282
-8.22125986,-6.90132182,-1.49506729
3.64327133,2.51973959,5.0860898
-8.00201484,-6.67321694,-1.90318426
3.53293641,2.46444935,5.65550629
-8.26558184,-7.40872222,-0.58880401
3.65359111,2.77491078,3.75339039
-8.10921492,-6.47085374,-1.96707154
3.59120582,2.34076756,5.78980112
-10.53847179,-10.49025336,0.9005262
4.2064432,4.06299565,1.53833035
-8.17896069,-7.32686709,-1.07615862
3.61672634,2.73228278,4.46582197
-7.94853497,-6.40504139,-2.12860452
3.50901354,2.34681173,5.99889053
-12.48578436,-12.47378244,0.2701957
3.8467375,4.32582995,2.4344148
-16.3820847,-16.28592127,-12.18164958
1.42530426,1.44471251,-2.339579
-7.92611813,-6.43528987,-2.04400656
3.49731592,2.35503974,5.86397917
-8.21889661,-6.97642983,-1.35850753
3.64118531,2.54858558,4.88686018
-8.0157651,-7.76765733,0.46081955
3.46453624,3.11099218,2.09808316
-11.47812512,-11.47331852,-0.51745228
3.50791766,4.36953269,3.68594521
-7.41038714,-6.106039,-2.47495998
3.23411123,2.31027539,6.37731639
-8.23650629,-7.27548835,-1.03005381
3.64590519,2.69799641,4.40518981
-8.17535125,-7.1673828,-1.06540987
3.61607426,2.63981201,4.45586613
-8.19148906,-7.91358408,0.73313087
3.51906937,3.23363953,1.71548447
-8.14962093,-6.45444546,-1.69125661
3.61349662,2.27860493,5.40663397
-8.19521896,-7.87489342,0.8277451
3.50845728,3.2287386,1.59390698
-8.22141487,-7.98595021,0.47943732
3.56520953,3.22959432,2.07267224
-7.94178403,-5.38015192,-2.38656532
3.53596585,1.6799734,6.58413286
-8.17223116,-6.91103233,-1.63835851
3.61787046,2.54775831,5.28441094
-7.90456273,-6.37228728,-2.20719749
3.48658814,2.34482551,6.10953202
-8.2742777,-7.00318229,-1.39205554
3.6690041,2.56434128,4.93845832
-8.23638548,-8.02734851,0.62741542
3.5547526,3.27639354,1.85934888
-8.22189967,-6.69370102,-1.86798206
3.64519956,2.44930367,5.6406185
-8.27434609,-7.90724289,0.40093745
3.60090844,3.1729391,2.19225012
-7.93719896,-6.62574981,-1.8588923
3.50059706,2.43751033,5.58007729
-8.19845664,-7.0437231,-1.38810558
3.63011984,2.59203009,4.92340314
-8.21186246,-7.20449882,-0.99841412
3.63374961,2.65681613,4.3606185
-8.18264941,-7.03208318,-1.21805335
3.62185194,2.57028636,4.68103473
-8.27464347,-7.12782068,-1.00364146
3.66624678,2.6084411,4.3776363
-8.0690993,-6.64953748,-1.59201988
3.56901726,2.39416724,5.22456368
-8.24540806,-6.98788963,-1.48865536
3.6545101,2.56795989,5.0742685
-7.97105372,-6.82635245,-1.48182954
3.51639333,2.49526218,5.03693123
-16.36735232,-15.69633248,-14.09928773
1.40958604,1.00003231,-0.31932846
-8.01660088,-7.12463894,-1.23676855
3.53640821,2.63788438,4.68426165
-9.308537,-9.20661565,0.80886295
4.00749748,3.84096809,1.63944253
-16.38054111,-16.3450103,-7.62655757
1.42514338,1.38398238,-5.27133023
-8.25332161,-7.2823296,-0.89301721
3.65306329,2.69726766,4.20800235
-12.94707643,-12.93523133,-0.36102845
3.51513449,4.36067022,3.44508937
-16.37252484,-15.4979332,-14.37022155
1.41519306,0.83324909,-0.12311861
-16.38034912,-16.3594774,-9.92813074
1.44259035,1.4009647,-4.31587978
-8.07217602,-7.1606446,-0.97749105
3.56299732,2.63837475,4.32033425
-8.15810256,-7.75558055,0.18040902
3.5634117,3.05622674,2.53483478
-8.62615978,-7.86517665,-0.99183207
3.83654727,3.00281494,4.36501941
-7.88152998,-6.52502001,-2.12449442
3.47213579,2.42638946,5.96762579
-8.23453916,-7.1561875,-1.05023495
3.64605856,2.62944979,4.43941283
-7.98516041,-6.10182082,-2.18970966
3.53498149,2.15942845,6.14283248
-7.93693933,-6.57002975,-1.92677011
3.50103474,2.41546026,5.6828243
-8.26935506,-7.44928426,-0.63838408
3.65617942,2.79640899,3.82662558
-8.15789063,-7.27485959,-0.05144723
3.5826106,2.74390795,2.92698499
-16.39807578,-16.32651822,-9.34598955
1.45312647,1.36462322,-4.73077013
-8.170382,-7.13580283,-1.24757564
3.61472503,2.63398548,4.71652088
-8.03888233,-6.65958845,-1.99106579
3.5515555,2.46505123,5.79503782
-11.6768195,-11.67156761,0.52765085
3.96337352,4.29232769,2.04171428
-16.04323308,-15.97181844,-0.50258944
2.73819515,3.93306569,3.74436492
-8.26773701,-7.70557779,-0.20842324
3.64142089,2.97469676,3.15765976
-8.25665681,-7.90425117,0.27557527
3.60408388,3.15148043,2.38550827
-16.38500474,-16.38121535,-8.48240597
1.43606705,1.42187627,-3.81966945
-8.23904312,-7.4593295,-0.79420654
3.64337884,2.79967338,4.05676675
-8.26279592,-6.71826625,-1.64913789
3.66660118,2.42852419,5.32602607
-16.31290384,-15.9612342,-13.42218106
1.34973593,1.2045263,-1.11944822
-8.06552235,-7.31881613,-0.38740224
3.54832138,2.74177882,3.43938185
-16.39493185,-16.38312311,-8.28917543
1.44250804,1.42636942,-5.87274732
-16.33292439,-15.86531229,-13.80520962
1.37192565,1.14014264,-0.53120207
-8.15954539,-7.63256312,-0.39979965
3.59405985,2.91892332,3.45348729
-16.34538703,-15.71315396,-13.96949561
1.38586037,0.99812648,-0.47200023
-8.25097784,-6.85212905,-1.7505295
3.6582302,2.52249321,5.4615633
-8.28796659,-7.12142151,-1.21226349
3.67429345,2.61689142,4.6762562
-8.16530513,-6.45275538,-1.60243465
3.62177979,2.26052445,5.28678296
-16.39509867,-16.3898204,-9.17868272
1.44836368,1.43368905,-5.45324067
-8.09945263,-6.85601631,-1.61227862
3.58155468,2.51802073,5.24038845
-12.48539154,-12.44756436,-0.62553633
4.37408014,3.35857541,3.86927507
-8.25605316,-7.01600218,-1.43861784
3.65963665,2.57785806,5.00244529
-16.35347194,-15.92050122,-13.6124845
1.39466363,1.17934036,-0.8184551
-15.35719819,-15.3345996,-0.7212028
4.19214353,2.91193167,4.08897704
-8.21717567,-7.27148803,-1.10641287
3.63667736,2.70028248,4.51352013
-16.37550473,-16.36262361,-9.22791116
1.43234403,1.4025171,-3.46051654
-16.40604629,-16.34372693,-9.45984788
1.46252177,1.38400846,-4.97886835
-6.21038189,-4.16013085,2.10828396
1.29856273,9.09727006,4.03731133
-8.24883274,-7.10581496,-1.39667049
3.65503766,2.62594643,4.93728488
-8.13948783,-6.63468919,-1.4797604
3.60545575,2.36086761,5.08250784
-14.20758792,-14.20141583,-1.16787255
4.3102624,2.8695558,4.7823335
-8.24973006,-7.3049304,-0.57937064
3.64622727,2.71467052,3.74358915
-8.04341273,-7.67139514,-0.25138018
3.53010977,2.95808961,3.21617737
-8.21547774,-7.62026114,-0.09642029
3.61068043,2.94037309,2.98013634
-16.38167386,-16.00393013,-13.40828044
1.42487278,1.24836395,-1.02032191
-16.40064564,-16.37312373,-10.42325302
1.47429335,1.4156395,-3.94728479
-8.25743085,-6.52608578,-1.50985172
3.66753121,2.28555083,5.15959146
-8.45607062,-8.24604306,0.23830086
3.70474896,3.32820004,2.44781652
-8.21156433,-7.50170349,-0.31489286
3.61849325,2.8490885,3.32758915
-14.90421149,-14.88179982,-0.46436264
3.20046737,4.23426111,3.63862177
-8.23586002,-7.32547735,-0.94864654
3.64449351,2.7241795,4.28596457
-8.25183472,-7.63639112,-0.44850133
3.64190692,2.91460647,3.53256632
-8.24238343,-6.95668948,-1.46333002
3.65334546,2.54729487,5.03918742
-16.39368524,-16.36593397,-6.73684864
1.44222697,1.40518058,-3.54894667
-8.08429856,-6.72441673,-1.29005701
3.57570036,2.39719859,4.79941507
-8.08700365,-6.66781064,-1.50758995
3.57805209,2.39073809,5.10805584
-8.17432867,-7.15067697,-1.34456947
3.61680176,2.65077087,4.85463599
-14.61032381,-14.59392101,1.04782037
4.04947776,3.95354217,1.37952272
-8.29517609,-7.67558672,-0.04891006
3.64784868,2.9759858,2.90576338
-8.17004968,-6.55741598,-1.87278181
3.62116048,2.37246912,5.65299178
-12.52286961,-12.49304958,1.13939364
4.11782061,4.13875278,1.27402864
-16.37501678,-16.36741842,-9.09644988
1.4164927,1.41914296,-4.20235133
-8.23968407,-6.7732075,-1.69431626
3.65384851,2.46967495,5.38296756
-10.39169061,-10.39073973,0.38126225
4.2719346,3.92911281,2.25808114
-8.15881764e+00,-7.78136167e+00,-6.41095275e-03
3.57624197e+00,3.04431548e+00,2.83171457e+00
-16.37726753,-16.25002536,-12.43446974
1.4200797,1.424707,-1.93586065
-8.12262589,-5.98209748,-1.95391081
3.61011876,2.01072291,5.872414
-8.28005225,-7.03132729,-1.42262341
3.6716102,2.58402111,4.98045425
-8.18693931,-7.95857258,0.61701167
3.53149973,3.23830529,1.87347028
-16.37397009,-16.34310145,-10.49143242
1.41671872,1.4155303,-3.9598969
-8.13209935,-6.59462446,-1.89142314
3.60096984,2.4019446,5.66922406
-10.45372187,-10.36946106,0.27653754
4.2987727,3.87702399,2.42175956
-8.16654462,-6.94344099,-1.31648178
3.61490072,2.52784687,4.82459032
-16.39270658,-16.37540864,-9.77135333
1.45289915,1.41825339,-4.69223326
-8.28971381,-7.90453802,0.39225985
3.60954675,3.16984119,2.20574676
-8.23262316,-7.79673852,0.17334708
3.60120131,3.07659098,2.54742178
-8.26441396,-8.0656473,0.80776116
3.54479841,3.32670716,1.61874802
-8.39166469,-7.59762405,-0.78172323
3.71910926,2.87409793,4.04205534
-8.28173083,-7.69002736,0.17523388
3.62653309,3.01581794,2.54833797
-8.23551424,-6.63167725,-1.63850226
3.65421801,2.37511923,5.31865398
-8.15778267,-6.57480344,-1.55048364
3.61574823,2.33183224,5.19250083
-16.38069424,-16.34718412,-6.88623553
1.42409572,1.38785962,-6.72451811
-8.13160022,-6.76655191,-1.48650719
3.59941393,2.44451263,5.07436533
-8.23171546,-7.4409196,-0.58516601
3.63622677,2.79502892,3.74489738
-16.38119005,-16.36711252,-10.26503344
1.45033234,1.40903199,-3.88232074
-8.18244162,-6.76600278,-1.30941183
3.62526759,2.41718513,4.83505061
-8.07811656,-8.00005233,1.11744769
3.4053887,3.34322611,1.25946982
-8.3003467,-7.82599605,0.42329728
3.61230048,3.13162166,2.15988942
-9.54566083,-9.1976955,-0.10045361
4.17866014,3.5977753,3.02009067
-9.77572195,-9.65347869,0.22471799
4.19646788,3.79001556,2.50063066
-8.19716152,-6.87949728,-1.57489891
3.6311536,2.51881113,5.19864112
-14.04380417,-14.03680533,-0.30042008
4.29470723,3.40123478,3.36489344
-8.24854662,-7.21996391,-0.91058054
3.65135034,2.66136527,4.2359881
-8.08398756,-6.66643675,-1.96738256
3.57467688,2.46083077,5.76753385
-8.04270342,-6.57141067,-2.07935863
3.55445808,2.42625692,5.933868
-8.21223715,-7.4244544,-0.59520633
3.62672253,2.78576672,3.75952795
-8.26574445,-6.85989535,-1.51482353
3.66635381,2.49495538,5.12188087
-8.23806407,-7.05280672,-1.31041499
3.65002321,2.58722543,4.81625128
-8.1985212,-6.91741335,-1.24361022
3.63128601,2.5026537,4.72796167
-8.38730598,-7.49839452,-0.83035596
3.71820805,2.81719381,4.11575325
-8.4288759,-7.72162083,-0.64019979
3.73459421,2.9466586,3.8306114
-8.25984042,-7.02076996,-1.42136411
3.66151235,2.57838972,4.97814639
-16.38219584,-16.37543982,-9.11335163
1.43422051,1.41819957,-5.16724363
-8.18062839,-8.06100698,0.9765279
3.47815343,3.35236178,1.41445292
-16.35858632,-16.16184159,-12.95913027
1.4001833,1.37675127,-1.49439957
-8.04521395,-7.97290495,0.53379378
3.46943318,3.23449391,1.9899893
-8.23476478,-7.62035301,-0.32214351
3.62960794,2.91596985,3.33653742
-9.68002485,-9.25774013,-0.31908173
4.2238808,3.49690315,3.37812662
-8.4095512,-7.44897113,-1.0309054
3.73184931,2.7864566,4.41551089
-16.37388091,-16.29784662,-8.12268002
1.42009362,1.3329623,-6.32357668
-8.26002141,-7.91943066,0.39969739
3.5937241,3.17956909,2.19384138
-8.30779348,-7.80042389,-0.04733396
3.65327032,3.04638444,2.90126789
-9.57677797,-9.45911168,0.55913984
4.12143724,3.85589556,1.98569719
-16.34897644,-15.17812198,-14.81747569
1.38970008,0.58101372,0.30158611
-9.38005446,-9.09059737,-0.10276782
4.12517639,3.59366461,3.01922512
-8.2231089,-7.8679125,0.24025216
3.59052109,3.12650214,2.44056041
-8.10584528,-7.63326683,0.05532753
3.54677242,2.97059429,2.73412049
-12.23389495,-12.18780125,-0.61436124
4.40075203,3.43949836,3.84048967
-9.238137,-8.75010227,-0.38010079
4.0913137,3.40753507,3.46062741
-8.26341255,-7.61191164,-0.44046241
3.64764632,2.90074929,3.52131704
-8.16861778,-6.67316976,-1.71381122
3.61916001,2.41789127,5.41093253
-8.24271233,-7.69594507,-0.13156768
3.62554143,2.97857901,3.03511771
-8.21488614,-7.02553551,-1.06141724
3.63747134,2.55283774,4.46321035
-8.11644827,-6.86285022,-1.69312673
3.58986525,2.53163419,5.35897003
-16.3711487,-15.88271748,-13.63871065
1.41379547,1.14140199,-0.85627768
-8.22230842,-7.8644003,0.22965376
3.59103571,3.12292818,2.45727824
-8.22612126,-7.88960063,0.37119993
3.57977356,3.1592103,2.23681138
-8.18831969,-6.82754964,-1.65130009
3.62710754,2.49952641,5.31032411
-16.33136778,-16.19142853,-12.85441071
1.37015266,1.39599164,-1.44995071
-8.19213145,-7.66682939,0.0873124
3.58797149,2.99180987,2.68560109
-16.38054436,-16.37813836,-9.06690224
1.42283829,1.42961823,-4.62657543
-13.87105031,-13.85639737,0.38065397
3.78697927,4.24445723,2.2685542
-16.39031351,-16.37184741,-6.87669086
1.43417775,1.41468146,-6.86605952
-8.18163888,-7.05008807,-1.46923962
3.62148051,2.6059427,5.03664905
-8.10292141,-6.82554253,-1.53772219
3.58389198,2.48960058,5.13684718
-8.08974753,-7.03337443,-1.3357607
3.57484225,2.58846114,4.83718657
-8.70334707,-8.44638682,0.80330559
3.76169043,3.51685655,1.63212497
-8.20037781,-8.00274829,0.6492159
3.53388409,3.26733198,1.82861809
-8.22611793,-7.35810675,-0.79794946
3.63758281,2.74218078,4.06400108
-16.38436967,-16.36045951,-6.21915558
1.42562226,1.40155251,-5.18006251
-8.1837056,-6.95776299,-1.30125854
3.62343929,2.53354977,4.80414178
-8.20862273,-8.17368893,0.95016225
3.49545933,3.40718298,1.44513077
-8.28662284,-7.02187135,-1.1132756
3.67417043,2.55028132,4.54292455
-8.10670548,-7.34463058,-0.79738576
3.57719721,2.74002431,4.05531599
-8.04839305,-6.23733841,-1.81298254
3.56578602,2.16975528,5.59572273
-8.10113084,-7.0440173,-0.87147448
3.57781618,2.56289557,4.17939732
-7.73558624,-6.0175873,-2.4427358
3.40696043,2.18774715,6.45330531
-9.42630592,-9.2255168,0.33379823
4.10469151,3.73597581,2.32335711
-8.07023947,-7.0846495,-1.2846427
3.56429994,2.61483336,4.76006173
-16.39341801,-16.37056909,-9.48864513
1.44990344,1.4124249,-4.39267607
-8.20699402,-7.53985822,-0.31683354
3.61598449,2.87113001,3.32911351
-8.14389268,-6.50405264,-1.93857628
3.60846103,2.352804,5.75092407
-7.96979321,-7.89166422,0.97766661
3.30819898,3.32890319,1.41141468
-8.03478673,-6.9781255,-1.53086367
3.5472645,2.58379834,5.10862357
-8.13458597,-5.60854812,-2.06574567
3.62724418,1.75430804,6.13586444
-16.34864424,-16.30592778,-9.1334148
1.38823391,1.35273726,-3.93241921
-8.26139359,-7.43766376,-0.25231763
3.64186634,2.81594659,3.23521822
-11.05030092,-11.03508087,0.66611841
4.27743364,4.03035432,1.84282142
-8.26442203,-7.27516466,-0.6178235
3.65464506,2.69495659,3.80384945
-8.12962845,-7.86175009,0.87911599
3.46780063,3.23113012,1.5297162
-7.84411344,-6.91416837,-1.38551544
3.44998725,2.54827056,4.87487672
-16.36789123,-16.34580936,-8.23749044
1.41409611,1.38491841,-4.7827654
-8.15629777,-6.68795395,-1.56399964
3.61308888,2.40509022,5.19555997
-7.99973764,-6.65712111,-1.81470898
3.53248571,2.44159717,5.52683431
-8.14298832,-7.32968946,-0.92292348
3.59718251,2.73066046,4.24170342
-16.37113926,-16.35426678,-9.67333558
1.41329615,1.4107857,-4.34716248
-8.23150183,-7.84169024,0.15023621
3.602075,3.09815125,2.58354161
-8.30278786,-8.1598298,1.09989308
3.52255127,3.42204062,1.27950908
-8.13358343,-6.98160294,-1.0787739
3.59674471,2.53256487,4.48311274
-8.1951581,-6.91856048,-1.10620918
3.62895322,2.49159339,4.53484518
-8.02111987,-7.4982039,-0.57027258
3.52886427,2.83797502,3.70776998
-1.63569924e+01,-1.54902375e+01,-1.44568818e+01
1.39837129e+00,8.40582336e-01,1.20642943e-02
-8.11863397,-7.44670356,-0.06249673
3.56155897,2.84701902,2.92900521
-16.40850451,-16.32862761,-10.03111584
1.47365428,1.36705485,-4.21646705
-8.21017286,-6.71935543,-1.6020269
3.63997658,2.42569885,5.2529808
-8.15824487,-6.46201847,-1.77242617
3.6174624,2.29696906,5.52043859
-8.19749811,-6.86110691,-1.43679647
3.6317504,2.49004106,5.00434745
-11.05218253,-11.00191006,-0.70713762
4.39003893,3.47798365,3.9747283
-8.28910781,-7.65299366,-0.03355747
3.64413777,2.96522245,2.88173537
-8.13537617,-6.64423213,-1.83941673
3.60208646,2.4229205,5.58982505
-16.3896229,-16.37303705,-8.96274272
1.44075637,1.41539836,-5.10960941
-11.56510957,-11.47859641,-0.71653007
4.40952562,3.42908364,3.99569291
-8.30683037,-7.39137323,-0.75974282
3.67748674,2.75898896,4.01067793
-9.24433021,-9.00430506,0.44484548
4.03300683,3.68724271,2.14922801
-8.06312197,-6.95276164,-1.03500188
3.56084347,2.5173362,4.41558937
-14.73336096,-14.71220521,0.68512298
4.11643678,3.79978018,1.83143434
-8.27330293,-7.61417983,-0.30892708
3.64856246,2.91256156,3.31758658
-8.20353209,-7.10924593,-1.20826134
3.63165322,2.61363722,4.66462101
-8.1530428,-6.32807249,-2.02113823
3.61647203,2.25524109,5.8984144
-8.17239878,-6.86919715,-1.75947359
3.61800077,2.53970571,5.46340709
-5.15546491,-3.88160108,-1.53093439
10.42033018,7.8696217,0.54107746
-8.22229345,-7.12615248,-1.27740499
3.64123731,2.62780365,4.76422093
-8.29396786,-7.00562138,-1.26305539
3.67873754,2.55169191,4.75745644
-15.07594351,-15.00132429,-0.27966471
3.28881408,4.18912749,3.33467969
-8.27484927,-7.04562419,-1.2766607
3.66864702,2.57802043,4.77177641
-16.3847343,-16.37416204,-10.34487654
1.4279216,1.44478065,-3.98477984
-16.3654917,-15.27516162,-14.72525526
1.40755456,0.66660225,0.23065107
-16.38361505,-15.90867395,-13.6968598
1.4268241,1.17502754,-0.67318294
-8.15950468,-6.61798541,-2.01131842
3.61381622,2.43112037,5.85064104
-11.89736774,-11.84534373,1.17942341
4.17963738,4.15089113,1.23062426
-8.20449111,-6.87290533,-1.54074149
3.63504545,2.50980461,5.15140676
-8.24315876,-7.22831613,-0.99047047
3.64932481,2.66857611,4.35090364
-8.0825264,-6.21094279,-1.98994077
3.58326688,2.18169519,5.85840339
-8.04517095,-7.59241129,-0.30249386
3.53332068,2.90842963,3.29728555
-8.05413618,-6.70625088,-1.67087024
3.56024981,2.44239211,5.3272598
-8.1836589,-7.9821453,0.58579105
3.53354135,3.24579739,1.9174562
-8.00153221,-6.60974744,-1.91596105
3.53365467,2.4291728,5.67840461
-8.79318559,-8.39551321,-0.43429234
3.90313413,3.30467835,3.52760469
-11.2674306,-11.16574628,0.32301618
4.33165627,3.8717737,2.35290212
-16.38013422,-16.37589748,-7.46784309
1.4222166,1.41959677,-5.8049671
-16.38597567,-15.05608758,-14.95058395
1.4293405,0.48084827,0.41062137
-6.54612514,-5.54283796,-2.86668882
2.78134398,2.23507447,6.65620889
-8.07948282,-6.80212901,-1.69892039
3.57175679,2.50070324,5.36479838
-11.86260678,-11.85127334,-0.71945942
3.42309602,4.39456596,3.99719666
-8.21008314,-6.79793966,-1.52223372
3.63893091,2.46218419,5.1320845
-8.2073771,-7.31485502,-0.96919024
3.63035527,2.72011953,4.31381825
-8.18608926,-6.92389341,-1.4176356
3.62516587,2.52609069,4.97085731
-7.85604866,-6.47900537,-1.79255193
3.46147224,2.34886468,5.47892586
-8.28774348,-7.69913755,0.12941886
3.63285916,3.01421581,2.62063989
-8.00820458,-6.61003385,-1.95277617
3.53686586,2.43423913,5.73411234
-8.25144967,-7.10918998,-0.98050699
3.65450735,2.5973021,4.34426838
-8.23863921,-7.77929894,0.09384475
3.61010492,3.05504745,2.67429155
-9.17942129,-8.84791438,-1.01041507
4.06196548,3.28557522,4.42266485
-8.19281828,-6.89775463,-1.37267115
3.62889127,2.50464026,4.91058063
-8.18039322,-6.84039193,-1.40647022
3.6233088,2.4751471,4.96137776
-8.20972029,-7.48364341,-0.59704984
3.62509313,2.81998085,3.7603771
-8.22994768,-7.32546798,-0.9938656
3.64192125,2.72554539,4.35124609
-10.51254733,-10.48020389,-0.4089067
3.64243912,4.32498104,3.50818488
-8.20052109,-6.60317487,-1.93699289
3.63547014,2.40770386,5.74716118
-8.11449253,-6.99832921,-1.44474156
3.58786968,2.5780814,4.99634803
-8.13019002,-6.92712088,-1.37657348
3.59664994,2.52736645,4.9060184
-15.18123318,-15.15346961,-0.06148593
4.17523673,3.35184838,2.99305602
-8.05744678,-7.85473755,1.08629865
3.37146189,3.29233099,1.29233441
-7.86922879,-5.70060364,-2.41527248
3.48682175,1.94215325,6.52114215
-8.0231797,-6.01272789,-2.16340192
3.55725063,2.08855531,6.13427397
-8.25256648,-6.8859753,-1.56604357
3.65925369,2.51735051,5.19236178
-8.11052249,-7.37089208,-0.30783521
3.56826936,2.77683324,3.3170275
-8.21503859,-6.76749703,-1.49169479
3.6419298,2.43909209,5.09293005
-8.22623476,-7.9355878,0.83002042
3.52336889,3.26138383,1.59089113
-11.43461128,-11.39858474,-1.13199772
4.40152621,3.2395652,4.63276265
-8.24031936,-6.99152787,-1.50593773
3.65185075,2.57270665,5.09788925
-16.38779527,-16.38095162,-9.87050068
1.44992255,1.42311287,-3.81700938
-8.23741862,-6.55053892,-1.66121254
3.6565871,2.32729403,5.36300907
-8.21312181,-7.07196572,-1.36013372
3.63725273,2.60468887,4.88358569
-16.39207233,-16.33984414,-8.0824721
1.43925477,1.37798097,-4.66198431
-8.09219551,-5.9108931,-2.252955
3.59552041,2.02400472,6.30808548
-11.94963377,-11.94832494,0.27508701
3.8712126,4.33548311,2.4258227
-8.20316372,-6.8453607,-1.73753824
3.63406754,2.52071732,5.4362598
-8.23396292,-7.39627969,-0.5465888
3.63686085,2.77067115,3.68857781
-11.29801495,-11.26290434,-0.58529108
4.38453372,3.499176,3.79027341
-13.73488173,-13.65035166,-1.04337733
4.35163698,2.98541492,4.57004169
-8.27233172,-7.18388377,-0.96000488
3.66417595,2.64017013,4.31127655
-8.14016039,-7.53606366,-0.59614196
3.589601,2.85287787,3.75388491
-8.17608999,-6.96800446,-1.23262544
3.61926013,2.53370638,4.70567047
-8.20511728,-7.02258778,-1.21648247
3.63336011,2.5629284,4.68198316
-8.23789867,-6.94103707,-1.44685627
3.65128227,2.53607872,5.01689645
-8.21410585,-7.30375479,-0.94974015
3.63366334,2.71272506,4.28670764
-8.26000585,-7.54513755,-0.4870022
3.647559,2.85961011,3.59393728
-8.29286794,-7.17866811,-1.06451299
3.67544245,2.64072065,4.46276105
-13.13275203,-13.05713279,-1.02407512
4.38392779,3.1053164,4.50759942
-8.12069784,-8.08290961,1.13094056
3.42473682,3.38819251,1.24577709
-8.31487723,-7.45514081,-0.70912242
3.68029455,2.79648397,3.93395018
-7.5443704,-6.1153858,-2.61304881
3.3041111,2.30305539,6.64360218
-16.35377809,-15.34769262,-14.66777314
1.39486587,0.73228508,0.19555893
-8.21402675,-7.23071102,-0.85095509
3.63313852,2.66822985,4.14654806
-8.15403249,-6.6516433,-1.78113237
3.61178355,2.41653053,5.50771398
-8.05307537,-5.85226758,-1.69174458
3.57822076,1.86688886,5.5373704
-16.37898372,-16.37114762,-10.68692058
1.4221814,1.45170171,-4.03117757
-8.1966094,-7.58297821,-0.36654663
3.61206109,2.89200685,3.40470901
-8.32576469,-7.35068543,-0.89154899
3.68904574,2.73433422,4.20713449
-8.27824656,-6.98122162,-1.45753096
3.67122905,2.55910498,5.03249314
-16.37425512,-15.59715127,-14.23420971
1.41695412,0.91109358,-0.17496511
-16.36633458,-16.34809819,-6.60956977
1.40786404,1.38835362,-6.35859422
-8.15013719,-8.02677165,1.04451573
3.45297072,3.34533149,1.33804749
-8.16125667,-8.01405066,0.82987846
3.48946919,3.30404685,1.58996666
-8.20884256,-6.68214863,-1.42379162
3.64011292,2.3768176,5.00877517
-8.25767289,-7.15726191,-1.23373387
3.6587207,2.64080168,4.70289561
-8.26191997,-7.63015537,-0.05561337
3.6318565,2.94994133,2.91665928
-7.61603574,-4.72456503,-2.72274558
3.39818483,1.31644984,7.04323907
-8.14440886,-6.8007194,-1.487417
3.60548089,2.46418391,5.07430509
-16.39370345,-16.34372144,-9.66472302
1.45241803,1.38385127,-4.613693
-8.23255422,-7.08337552,-1.29758826
3.6468869,2.60442027,4.79553397
-16.39438764,-16.3638302,-7.50667953
1.43965932,1.40607968,-6.52630217
-8.27281533,-7.17652308,-1.0861635
3.66547366,2.6416175,4.49229669
-10.71579601,-10.67747457,-0.22295689
4.35665716,3.71303591,3.21708798
-8.01446315,-6.46809291,-2.06471449
3.54203818,2.36616226,5.91357169
-8.17617217,-6.79081112,-1.69724587
3.62129618,2.48478343,5.37845873
-16.39317021,-16.37162785,-10.89022054
1.48117353,1.41387468,-3.35077677
-8.1638606,-6.8903589,-1.59492542
3.61402881,2.53010421,5.22280886
-8.15164294,-6.78908586,-1.62023521
3.60906732,2.47510354,5.26411834
-16.37520121,-16.35691806,0.83230108
2.62881853,2.30200278,1.5856268
-7.70416928,-6.32256285,-2.38201617
3.38305465,2.36970081,6.32515863
-13.87381527,-13.86709191,0.15565543
3.67555548,4.27139376,2.6233983
-16.40192398,-16.36980451,-8.94156539
1.45334213,1.41189936,-5.11431905
-16.37047533,-16.3664997,-11.61415337
1.49413406,1.40881105,-3.0985829
-8.24334817,-7.16907757,-1.0336714
3.65027864,2.63576673,4.41572268
-8.30193422,-7.61495797,-0.30527949
3.662799,2.91271797,3.31277793
-11.65558869,-11.60206193,-0.69499135
4.40102229,3.42864576,3.96282538
-10.45224928,-10.44807206,0.92100945
4.08149316,4.19460193,1.51289286
-8.14256796,-6.81430164,-1.66733051
3.60392757,2.49760226,5.32818353
-16.38772353,-16.35621446,-8.43108236
1.43583879,1.39804897,-6.09041151
-9.22174397,-9.03808748,0.47872718
4.02023931,3.71465923,2.0973382
-8.24246586,-7.37492159,-0.84484774
3.64632973,2.75119615,4.13328906
-10.52031096,-10.36315009,-0.12102778
4.3428106,3.71428879,3.05805892
-8.14760332,-6.66239072,-1.6491233
3.60883409,2.40320269,5.3168018
-8.16342838,-6.09033326,-1.76124753
3.62869654,2.04245262,5.58845722
-8.27365309,-7.03019439,-1.52896647
3.66828122,2.59548607,5.13265929
-7.96442488,-5.94301488,-2.15897321
3.52895819,2.04899083,6.12539741
-8.10760469,-6.94968105,-1.20661427
3.58449653,2.52527241,4.6625996
-8.25666391,-6.8531874,-1.61470816
3.6616445,2.50412672,5.26508923
-16.22349666,-16.17557342,0.11945004
2.84217223,3.65120558,2.72024845
-16.37120955,-15.72447209,-14.07494669
1.4136855,1.02649595,-0.32791167
-8.17307186,-7.2011413,-0.96532223
3.61383133,2.65549036,4.31033814
-8.07767501,-7.95490373,0.63939081
3.47297401,3.24177919,1.84067494
-10.27398641,-10.12943957,-1.03890417
4.34071654,3.37533307,4.47530473
-7.99070816,-7.02386634,-1.20679652
3.52397107,2.57901849,4.64265812
-8.2045877,-6.9302416,-1.42301504
3.63449938,2.52909738,4.98027015
-16.38642296,-16.34564456,-8.39409756
1.43405127,1.38518387,-5.0832661
-8.16086748,-7.22526686,-0.64934671
3.60333566,2.66866468,3.84714517
-12.60521536,-12.58767206,-0.69207938
4.39033351,3.37213396,3.96395418
-8.0843459,-6.51069371,-1.79871524
3.57853381,2.34025587,5.53606141
-8.21295836,-6.93985292,-1.46348855
3.63862122,2.5390205,5.03786805
-16.38972301,-16.3808285,-9.23892112
1.44326847,1.42330781,-4.62196231
-14.9231178,-14.92256718,1.02846125
3.91681393,4.01884882,1.40279715
-16.37960392,-16.36139896,-10.78712457
1.46357147,1.40298154,-3.48347257
-8.0513775,-6.0520888,-2.02378306
3.57125258,2.08443651,5.93352235
-8.01054098,-7.05044215,-1.41632001
3.53424406,2.61360043,4.94003611
-8.29807907,-7.03602488,-1.17262698
3.68011753,2.56262286,4.62663068
-7.9966087,-6.9290236,-1.34281517
3.52829788,2.53629093,4.83968292
-8.16803432,-6.71328151,-1.79321544
3.61784394,2.45440708,5.52122584
-8.2073475,-7.35516742,-0.15467116
3.61152464,2.77875718,3.08496136
-8.24496144,-7.03067302,-1.29346815
3.65370564,2.57247287,4.7938156
-9.43503514,-9.09740274,-0.59222328
4.16025874,3.4624889,3.7919494
-8.1073433,-6.95723677,-1.4729142
3.58465027,2.55814179,5.03748439
-8.19481253,-7.95743269,0.53094546
3.54601923,3.22313971,1.99659475
-16.38637646,-16.38588439,-7.43032532
1.43073793,1.428819,-6.19984503
-8.18774402,-6.87839524,-1.36053888
3.62653253,2.49210762,4.89438361
-7.65655721,-6.43077993,-2.15187884
3.35700895,2.41043174,5.95098637
-8.66916634,-8.01413574,-0.7311649
3.85356832,3.09181204,3.9767149
-8.14527347,-7.73300516,0.26283973
3.5503194,3.05657677,2.4051592
-8.18001401,-6.69356147,-1.49516683
3.62520136,2.3965391,5.1020418
-8.25984863,-7.02711524,-1.25086434
3.66117019,2.56572685,4.73491502
-16.37975076,-15.87031602,-13.73987366
1.42279934,1.13927615,-0.65650068
-16.37410348,-16.09365212,-13.12200694
1.41672642,1.31608375,-1.2080732
-8.10619908,-6.54727916,-1.63586746
3.58965045,2.33334549,5.30610629
-16.34961792,-15.49021241,-14.38384444
1.39042333,0.82052597,-0.05364949
-8.25766607,-7.09753427,-1.21579786
3.65922863,2.6042455,4.680873
-8.17396599,-7.38236119,-0.86133371
3.61184619,2.75836316,4.15309427
-8.23305283,-7.59623605,-0.46305532
3.63307338,2.89126063,3.55491571
-8.16388492,-6.7586642,-1.80304626
3.61500858,2.48244109,5.53250467
-8.15969591,-7.35220771,-0.87933506
3.60503134,2.74209265,4.17888626
-8.12345154,-6.2292735,-1.7074036
3.60489521,2.13388701,5.47045865
-10.01538392,-9.74482669,-0.98492619
4.3057198,3.36286221,4.39822189
-8.10060829,-6.6219541,-1.54858136
3.58569297,2.36699388,5.17316944
-12.09780903,-11.99133189,0.26152487
4.33383252,3.79987689,2.45345298
-8.16027867,-6.95106987,-1.44649075
3.61170517,2.54746325,5.00670948
-8.18862347,-7.64099359,0.22387496
3.57629271,2.99761674,2.47009602
-8.22995089,-7.0984259,-1.33809688
3.64549683,2.6169294,4.85244186
-8.2624363,-7.13741782,-1.23284577
3.66132231,2.62866615,4.70337806
-8.26854974,-7.11228449,-1.25181075
3.66471265,2.61535549,4.73195088
-8.1372569,-8.0589853,0.85543018
3.47320635,3.33237165,1.5579509
-9.33897336,-9.19693494,0.55417603
4.05235466,3.78592845,1.98847787
-8.22485568,-7.14898711,-1.13000634
3.6417337,2.62999469,4.55330133
-8.1687307,-6.96607814,-1.27245581
3.61566036,2.53673254,4.76121028
-10.07781857,-9.88689914,-0.73262665
4.30047047,3.45406841,4.01517917
-8.05539815,-6.52982627,-1.39122531
3.56412371,2.28857468,4.96329419
-16.38722998,-16.34559402,-11.54940666
1.430849,1.46475916,-3.18282171
-16.39279855,-16.34571478,-8.10635082
1.43998489,1.38698761,-6.5792237
-11.51403529,-11.48392541,0.10117748
4.35437967,3.80492406,2.70186227
-9.52694101,-9.27878538,-0.97205132
4.18233066,3.37338458,4.36876608
-16.38980702,-16.36403557,-8.12346281
1.43674046,1.40647395,-6.26156045
-8.71283971,-8.68871009,1.1825097
3.71121367,3.6961276,1.20193483
-16.38469835,-16.35379714,-8.95409192
1.43576106,1.3954568,-5.81074561
-8.19580585,-6.43395048,-1.78239166
3.63723067,2.27652513,5.54682755
-8.16572362,-7.83619867,0.41210682
3.54548391,3.13759023,2.17381564
-8.09458781,-6.85238888,-1.6449951
3.57901316,2.52088555,5.28673788
-8.30949937,-7.43818739,-0.8430298
3.6796654,2.78517257,4.13235587
-16.34233305,-16.24918598,-12.36548962
1.38245478,1.41960381,-2.08188487
-4.89332691,-4.53862082,-1.5309653
9.88709988,9.17698405,0.55556995
-8.54703461,-8.47864572,0.64442014
3.70439181,3.51211776,1.84200701
-8.22205689,-6.52177603,-1.39316445
3.64958567,2.2672833,4.99620306
-8.23256274,-6.92987845,-1.72407107
3.64798175,2.5649087,5.41667467
-8.18385259,-6.76592907,-1.6597423
3.62567726,2.46460016,5.32655897
-8.0962989,-6.07371656,-2.24324986
3.59276841,2.13372515,6.25881817
-8.14191409,-7.28916874,-0.42222513
3.58824702,2.71807585,3.49996103
-8.21213465,-7.26691553,-0.84980524
3.63187095,2.68969613,4.14279566
-8.05175937,-6.66666381,-1.76989206
3.55924384,2.43440784,5.47157154
-8.01780785,-6.30337191,-2.0782684
3.54726161,2.2661503,5.95412758
-8.09975956,-7.95812809,0.72866478
3.47241877,3.25815621,1.71988304
-16.29774189,-15.74389925,-14.04530325
1.33221813,1.04308829,-0.35412714
-8.1267335,-6.51816315,-1.57100985
3.60083938,2.30183322,5.2246251
-8.47494616,-7.88437113,-0.28513468
3.74692639,3.06280723,3.28253161
-8.16233316,-6.57393533,-1.70165021
3.61770312,2.35525391,5.40476998
-8.28403899,-7.64060847,-0.2834576
3.65289227,2.92987298,3.27738752
-8.27444129,-7.68959202,-0.23492062
3.64595022,2.96277835,3.19984643
-8.24919543,-7.83429111,0.22222094
3.60536265,3.10454981,2.47010627
-16.37420665,-16.3626466,-7.87691534
1.41689775,1.40689691,-6.07679925
-8.16598467,-6.73792692,-1.6503274
3.61703488,2.44760269,5.3136071
-8.86662976,-8.26425717,-0.85912308
3.94763103,3.18707982,4.17934461
-8.25232743,-7.6827999,0.09485011
3.6176134,3.00060515,2.67508403
-8.17365957,-6.97876618,-1.48673573
3.61817702,2.5672288,5.06425656
-8.24435508,-7.07853468,-1.30717519
3.65294144,2.60167553,4.8106541
-8.2685285,-7.2208495,-1.04455172
3.66263934,2.66549118,4.43042402
-8.17948521,-7.44727229,-0.65810721
3.61121883,2.79797952,3.85129819
-16.39383044,-16.37685139,-9.33878658
1.44873962,1.41882306,-4.34833903
-16.35180461,-16.30398894,-11.43916525
1.39295439,1.41316716,-3.18776347
-8.27551229,-7.16526814,-1.18815544
3.66748662,2.64136672,4.63863099
-8.19874474,-7.18259791,-0.77361189
3.62483209,2.63978425,4.03573321
-8.1413049,-6.31193373,-2.05339596
3.61063848,2.25200713,5.94529548
-8.20288306,-6.74565689,-1.82909779
3.63493608,2.47526289,5.5774759
-7.35558251,-5.79689415,-2.82091022
3.21480434,2.17464451,6.91234748
-13.98699246,-13.96118959,0.31398314
4.24116761,3.71508683,2.37658458
-8.15323543,-7.22532836,-0.78449226
3.60155294,2.66763947,4.04534441
-8.29718933,-7.06042337,-1.15633918
3.67933066,2.57602999,4.60163098
-8.14226366,-6.5045658,-1.72365107
3.60864398,2.31715123,5.44233202
-8.16017662,-6.89997048,-1.29573691
3.61213026,2.49997473,4.7983457
-7.94915854,-6.04196445,-2.1812946
3.51809305,2.12362404,6.13125815
-8.21469537,-6.94052251,-1.19964879
3.63906941,2.51164597,4.66570188
-8.20854816,-7.1184065,-1.14362101
3.63382344,2.6138336,4.57295669
-8.0937252,-6.99513078,-1.17881543
3.5768166,2.55114767,4.61842955
-16.36496077,-16.3448248,-11.47143312
1.47973845,1.385237,-3.12781827
-8.13726888,-6.77254248,-1.81839742
3.60114536,2.49516785,5.5500154
-14.01039903,-13.98856726,0.26651159
3.72952803,4.25370849,2.44620279
-8.22382309,-7.23088797,-0.79432786
3.63737392,2.66746456,4.06472489
-8.75204886,-8.13771675,-0.10280947
3.87301321,3.20697763,3.0040325
-8.19231339,-6.87171729,-1.62356055
3.62863733,2.52138641,5.2678918
-16.40499185,-16.35982179,-9.72190341
1.4648232,1.40135212,-4.56695138
-8.0831069,-7.70146654,0.23632436
3.52138036,3.03630942,2.44533323
-7.9605389,-5.86704897,-2.23854615
3.52901538,2.0113165,6.25715478
-8.42564771,-7.58113886,-0.74108797
3.73559692,2.86430697,3.9834634
-8.25033465,-7.72924652,-0.06946492
3.62609257,3.0048171,2.9358794
-8.232475,-7.84248286,0.41737861
3.57859591,3.14073715,2.16725089
-10.7390948,-10.57346971,-1.03742721
4.38615182,3.31054399,4.48569896
-8.03550611,-7.02883389,-0.96791873
3.54542568,2.56203504,4.31083205
-8.23352478,-7.74680663,-0.12483849
3.62030483,3.00844424,3.02309035
-8.26937179,-7.38287648,-0.58122043
3.65553503,2.75993807,3.74334427
-9.02694409,-8.4957539,-0.89494118
4.01640138,3.25067161,4.24240397
-10.01378334,-9.8715488,0.39458521
4.2339927,3.86937999,2.23687879
-16.39489851,-16.38390255,-8.62688554
1.44428916,1.42765072,-5.99592539
-15.99158351,-15.93595739,0.88728768
3.77885132,3.52411949,1.59165946
-8.14721296,-6.66286841,-1.95106471
3.60711506,2.45049291,5.7537606
-5.37521818,-2.41362039,-1.53927899
10.8976009,4.97751063,0.46009197
-11.77524846,-11.75279802,-0.09064664
3.71873867,4.35979231,3.00845875
-8.14485874,-7.34441279,-0.5563437
3.59245978,2.74347368,3.70012501
-13.88319169,-13.85781195,0.66290333
4.1994284,3.88921654,1.85577585
-16.38911488,-16.35669604,-10.1281061
1.45567531,1.39768683,-3.92290366
-8.220299,-7.94501827,0.53351983
3.55868466,3.21638396,1.99348921
-16.37334098,-16.12271595,-13.06526736
1.41597157,1.3435334,-1.32476852
-11.64301019,-11.58072215,0.71023593
4.04291,4.25689229,1.78357505
-16.38727258,-16.36930193,-9.56772102
1.4443697,1.41164235,-4.76774912
-16.39603964,-16.3526762,-10.77558438
1.48017137,1.39361027,-3.59228101
-8.2691453,-7.09489556,-0.97463593
3.66354522,2.58770912,4.33814845
-8.30210553,-7.1909008,-0.93969214
3.67894022,2.64278472,4.28301987
-13.80322539,-13.79322804,-0.54872703
4.33300511,3.31623227,3.75584694
-8.11003737,-7.09130868,-1.05115337
3.58346657,2.59839712,4.43323802
-8.21770742,-7.50953794,-0.44377542
3.62537993,2.84319745,3.5269007
-8.17817902,-6.57612538,-1.84371437
3.62510816,2.37866043,5.60966852
-8.24222596,-6.98376277,-1.38965964
3.65296013,2.55492037,4.93267311
-8.26144769,-7.12154501,-1.27953797
3.66111153,2.62320195,4.77069687
-8.24076854,-7.19539783,-0.64179805
3.64387835,2.64709762,3.84393322
-8.30024442,-7.35938611,-0.55422516
3.670685,2.74644058,3.70514892
-16.35480983,-15.36356979,-14.65806974
1.39596421,0.74814956,0.18847707
-8.22880089,-7.62726947,-0.2843212
3.62526409,2.92366993,3.27690703
-8.29009833,-7.30399846,-0.87936945
3.67129184,2.70859152,4.18891939
-14.21030071,-14.15680992,-1.04437957
4.31917617,2.92756258,4.58494595
-8.28510205,-7.7013624,0.26880936
3.62051315,3.03693696,2.40051408
-10.70631181,-10.57968685,0.01853726
4.34745035,3.77756919,2.83395857
-16.37493746,-16.36544025,-9.71852471
1.43487182,1.40631469,-3.67787791
-16.38214112,-16.37860018,-10.95439565
1.47266758,1.42161155,-3.60361316
-7.79888844,-6.05359559,-2.37260888
3.43907018,2.18895094,6.36394496
-8.56587368,-8.3438199,0.45749927
3.73751292,3.41244778,2.11131896
-8.20671682,-7.07554904,-1.42199876
3.63398736,2.61367053,4.97077418
-8.25235165,-7.05058145,-1.47604254
3.65734446,2.60255249,5.05348531
-8.03983882,-6.91823298,-1.53432286
3.55051093,2.54912608,5.11706283
-8.15671557,-6.63404245,-1.96761599
3.61239328,2.43446884,5.78327817
-8.08663148,-7.40534224,0.54889522
3.49520212,2.9181282,1.98750995
-8.29969459,-7.62865758,-0.33539702
3.66260556,2.91777716,3.35951622
-7.9303377,-6.55024113,-1.35191934
3.49935236,2.31083868,4.88082118
-8.2393245,-7.35813244,-0.50619901
3.63894569,2.75015688,3.62950853
-15.25332265,-15.25172219,0.87839181
3.8074486,4.00399748,1.58290734
-8.19692457,-6.87197384,-1.70999671
3.63064078,2.53313174,5.39326029
-16.38930908,-16.36996783,-9.36559232
1.4446018,1.41134489,-4.181699
-8.15457894,-6.57679937,-1.76955961
3.61340875,2.36905833,5.49925284
-16.39983565,-16.38432397,-10.54685163
1.4769087,1.42764085,-4.0009994
-12.44582789,-12.38880985,-0.35003935
3.5769688,4.36897568,3.42132291
-8.25343759,-7.36782929,-0.93205604
3.65290485,2.74754421,4.26155254
-8.23552189,-7.53751869,-0.30926602
3.63010796,2.86963235,3.31859896
-9.96394707,-9.93597369,1.008744
4.12127619,4.03933919,1.40856109
-7.75456381,-6.22650226,-2.31253041
3.41172823,2.29580211,6.23816517
-7.98566619,-5.51883646,-2.30366419
3.55355248,1.76189845,6.44758255
-16.35944386,-15.59718395,-14.24668529
1.40105168,0.91271205,-0.15439613
-16.3658592,-16.21428256,-12.64612387
1.40801948,1.40616366,-1.80811164
-8.18374101,-7.04917813,-1.24219701
3.6223209,2.58215154,4.71459139
-16.37554492,-16.34153955,-7.34738186
1.41964753,1.3819794,-6.63750003
-16.331292,-16.03062649,-13.37079413
1.3702244,1.27298938,-1.04455444
-8.24026923,-7.00596979,-1.06299052
3.650559,2.5397742,4.46921417
-8.14963131,-8.0713577,1.07758181
3.44756235,3.37388842,1.3021058
-15.0875479,-15.06563814,-0.50388966
3.13708597,4.21412662,3.70811859
-8.26325709,-7.14167759,-0.90563371
3.65943938,2.61392511,4.2349275
-8.06913391,-6.62843301,-2.04046277
3.56721668,2.4512999,5.87622241
-9.8424888,-9.6738699,0.56558537
4.18378985,3.88377929,1.98032467
-8.91254201,-8.27662653,-1.19265947
3.97064632,3.14533484,4.68170977
-16.39745965,-16.39085616,-9.68723752
1.4566337,1.43480512,-5.11883088
-8.27067526,-7.17294621,-1.20066259
3.66504091,2.64651695,4.65639428
-8.28821986,-7.02598395,-1.10645398
3.67488776,2.55236413,4.53283319
-12.79287701,-12.73767894,0.28902953
4.31933586,3.81272156,2.40845082
-8.20499461,-7.11639875,-1.13219562
3.6319763,2.61220538,4.55633186
-13.05993172,-13.02341035,-0.18244471
4.35399195,3.58298329,3.1635662
-13.07534926,-12.97423575,-1.27581799
2.99969058,4.34336774,4.89364852
-8.12775484,-6.9733462,-1.49978364
3.59484059,2.56929114,5.07727559
-16.37306046,-16.32034184,-11.67698469
1.41544986,1.4429536,-2.55260023
-16.39629364,-16.35811823,-7.80655071
1.44231879,1.39970685,-6.20985188
-8.18737173,-6.93138927,-1.44099372
3.62573839,2.53289617,5.00398226
-8.20579217,-7.14640054,-1.23697511
3.63256812,2.63710027,4.70432633
-8.26449932,-7.13226702,-1.33426004
3.66265429,2.6344268,4.84812172
-8.10644286,-6.84646662,-1.45673564
3.58551844,2.49095993,5.02169744
-7.98982586,-5.60683688,-2.25276976
3.55267917,1.8177194,6.35412337
-8.08262869,-6.69001706,-1.49803273
3.57548007,2.40359874,5.09126184
-14.56525513,-14.54992272,0.2623895
3.66070912,4.21093979,2.45667335
-16.40038028,-16.36449046,-10.11038005
1.46688095,1.4061511,-4.00696987
-8.27642686,-7.49257011,-0.3932166
3.6536285,2.83521747,3.45235579
-12.60912861,-12.57136938,-0.96384391
4.39424968,3.210706,4.39320983
-15.10416275,-15.03660332,0.14687072
4.17332797,3.47247313,2.65613492
-13.40034641,-13.36954823,-1.2098803
4.3625871,2.96791086,4.81640375
-16.39127432,-16.33678569,-8.6342504
1.4405022,1.37541953,-4.8565611
-16.36797068,-15.80878461,-13.90035799
1.41016138,1.09069238,-0.44090825
-7.91599265,-6.58964158,-1.83104655
3.49038319,2.41436827,5.53761458
-16.36230533,-16.30753047,-8.95567153
1.40425385,1.35125416,-5.24039033
-8.20707973,-6.85809639,-1.66656146
3.63619986,2.51778739,5.33323698
-16.39095578,-16.32720735,-7.29241057
1.43444124,1.3665505,-6.33811936
-8.24626214,-7.41451424,-0.6815561
3.64556161,2.7758308,3.89101085
-11.77234547,-11.76621709,-0.70026292
4.39955353,3.44106335,3.96719526
-8.24252272,-7.14721991,-1.02801609
3.65001795,2.62253449,4.40898435
-14.28972727,-14.25806373,0.87078134
4.12586145,3.92632181,1.58522738
-9.31564533,-9.08995989,0.44054903
4.05983698,3.71912718,2.15674015
-12.4801361,-12.47939088,1.02586252
4.17977211,4.09128953,1.39622943
-8.2535202,-7.48529308,-0.43420635
3.64331662,2.82861004,3.51478678
-8.28724583,-7.25165367,-0.80175276
3.66931316,2.67725189,4.07828514
-8.2429952,-6.97750529,-1.00228098
3.651816,2.51850354,4.38646803
-8.18500739,-7.48299625,0.04234328
3.58885739,2.87982225,2.7642015
-11.93606016,-11.81202014,-0.28288463
4.39153555,3.57657764,3.3242402
-8.06233246,-7.29261513,-0.88630919
3.55606806,2.7132867,4.1827583
-8.14443359,-6.66249739,-1.86445867
3.60624673,2.43719598,5.6257203
-16.34307188,-15.75387823,-13.99048836
1.3831833,1.04414359,-0.37538974
-8.06031478,-6.75783728,-1.71083056
3.56251254,2.47847234,5.38140601
-8.2813731,-7.03340063,-1.0423094
3.67092309,2.55305705,4.4409178
-8.13560775,-7.0357966,-1.30393078
3.59813666,2.58330169,4.79743552
-8.25895907,-7.20015604,-1.10906605
3.6584076,2.6572447,4.52305415
-8.29801087,-7.62899339,-0.24558147
3.65856294,2.92657241,3.21879419
-16.38458822,-16.38286709,-7.96813376
1.42741851,1.42849302,-5.7812345
-10.1594705,-9.98154675,-0.50958204
4.32051175,3.57944784,3.66842196
-16.37871545,-16.2673614,-12.10349193
1.42157477,1.41599199,-2.21211122
-16.39586707,-16.36599365,-9.53361398
1.45457032,1.4066102,-3.70629338
-8.29827464,-7.87877178,0.25296592
3.62712741,3.13327469,2.42203125
-8.0674446,-6.76127792,-1.85153131
3.5654295,2.50065531,5.58706187
-16.37944943,-16.06663899,-13.17421529
1.42247852,1.29333504,-1.20996468
-7.91706596,-6.52054123,-1.5463845
3.49297977,2.32393438,5.14699518
-8.12526868,-6.13224914,-2.1042078
3.60673263,2.14461015,6.05005959
-8.2652297,-7.49709905,-0.10010524
3.63683596,2.8673975,2.99276029
-7.93623883,-6.70106826,-1.88717402
3.4987946,2.48588753,5.61710941
-8.04985932,-7.91330733,0.66082416
3.45628722,3.22343329,1.81087762
-8.06534988,-6.91610542,-1.61758889
3.56337924,2.55662049,5.23987176
-8.12855443,-6.9037687,-1.60112536
3.59583865,2.54188834,5.22572971
-8.29951478,-7.51148111,-0.7126842
3.6722652,2.82914264,3.93715627
-8.21272823,-6.7098232,-1.83900622
3.64042125,2.45547897,5.59500276
-16.3918334,-16.37814398,-9.1204802
1.44476191,1.41986758,-4.32148219
-8.20336603,-7.07907745,-1.50539672
3.63215128,2.62554127,5.08918924
-8.14640669,-6.69633834,-1.87211122
3.60665421,2.45816441,5.63471131
-8.1532909,-5.80672114,-1.98130836
3.63087864,1.88375814,5.96764645
-10.33742768,-10.27337214,-0.65775168
4.3292839,3.52590871,3.89556361
-8.32412585,-7.17405509,-1.11541241
3.69159148,2.63941976,4.53793775
-12.3720081,-12.2884023,0.80074253
4.04153679,4.21293564,1.66634443
-7.82838662,-6.48974071,-1.55513755
3.44757746,2.31783825,5.1423603
-12.48955583,-12.47237599,-0.61591643
4.38944655,3.41847338,3.84425284
-7.32854649,-6.1982644,-2.36340052
3.18841907,2.36651963,6.17232516
-8.29972833,-7.29473859,-0.97463047
3.67720816,2.70451784,4.32856069
-16.31570079,-15.84370754,-13.78966337
1.35274789,1.11668298,-0.61348476
-8.17904634,-6.44929037,-1.82053711
3.62815179,2.29520836,5.59436078
-8.1818038,-6.87290183,-1.2918624
3.62346875,2.48143576,4.79823286
-8.20083566,-6.69293488,-1.64591747
3.63552912,2.41648931,5.31740752
-16.36426347,-16.2954232,-12.18428843
1.40634251,1.45524341,-2.36777073
-16.40426334,-16.36305779,-9.98946952
1.46872322,1.40432081,-3.90937375
-8.47433668,-7.87351107,-0.56510229
3.75482842,3.03411575,3.71715729
-8.29059117,-7.51128144,-0.17298351
3.65276512,2.86667262,3.10809566
-16.37086354,-16.30269075,-12.06894363
1.41331104,1.45271076,-2.36570788
-16.36846049,-16.36600327,-7.87083339
1.41325728,1.40841673,-6.26789404
-8.03214392,-6.66796568,-1.6654207
3.54957115,2.42081241,5.31901447
-4.80879969,-4.45823678,2.17938248
1.03498976,9.13666939,3.91371086
-8.03457441,-6.7206105,-1.73089699
3.54978134,2.4621627,5.40834028
-16.39249811,-16.37915338,-7.5815767
1.43662734,1.42390137,-6.58729054
-8.19807054,-6.71088383,-1.74015922
3.63345316,2.44224949,5.44931368
-8.07467288,-5.53003292,-2.21895042
3.59901317,1.73653967,6.3540507
-8.14880968,-6.92182854,-1.33200446
3.60614565,2.51794051,4.84588363
-8.28873777,-7.19119927,-1.2234651
3.67408374,2.65816706,4.6891058
-8.24442832,-7.72397915,-0.18721923
3.62872822,2.98809291,3.12288141
-8.1898339,-6.5547685,-1.73568589
3.63197331,2.34631119,5.46014691
-8.08707854,-7.18789748,-1.26093743
3.57193418,2.67069462,4.72501862
-13.41799618,-13.38329182,-0.97573626
4.36346886,3.1049034,4.4339181
-5.47891855,-4.38365097,1.29574579
1.32127573,9.07370139,3.74427563
-8.20397153,-6.96467729,-1.28471047
3.63361952,2.53478245,4.78231744
-8.27287778,-7.31430983,-0.89264662
3.66267772,2.71535771,4.20696551
-8.12556757,-6.7981858,-1.01156244
3.59444536,2.41379579,4.40946585
-8.25731357,-7.20811869,-0.49946977
3.6492004,2.65939843,3.6313871
-8.28737426e+00,-7.83168135e+00,4.37744473e-04
3.64015013e+00,3.07050795e+00,2.82402187e+00
-8.28869848,-7.17066358,-0.87017508
3.67162491,2.62937969,4.18342759
-16.39005921,-16.36787696,-8.59960093
1.43910211,1.41057496,-5.94354812
-8.18027005,-6.86029094,-1.64670557
3.62260328,2.5183774,5.3010288
-8.12164339,-6.66097589,-1.80448773
3.59496295,2.42893835,5.53505838
-16.3556693,-15.07310435,-14.87972248
1.39705894,0.46773776,0.34236833
-10.85903528,-10.85703807,1.00031569
4.10754192,4.19452994,1.42205813
-8.23915244,-7.53887417,-0.303106
3.63170693,2.8707392,3.3092994
-16.38702492,-16.34597449,-10.14298074
1.43038045,1.40995626,-4.1617273
-8.18661941,-6.84131778,-1.40236284
3.62647022,2.47462333,4.95649625
-16.37759583,-15.4868281,-14.23583355
1.42073026,0.78899829,-0.3012787
-16.37976402,-16.36983347,-11.22763489
1.4818186,1.4121741,-3.20884486
-8.27003696,-7.07997925,-1.2024208
3.66559713,2.59264664,4.66328794
-8.26892231,-7.10872734,-0.9898533
3.6634284,2.59656485,4.35902554
-16.39491665,-16.3824351,-8.12594023
1.44198104,1.42592633,-6.17841798
-8.25943709,-7.44916215,-0.68073004
3.65195431,2.79545441,3.88931205
-16.38429199,-16.36804796,-7.64771057
1.42915127,1.40997202,-6.04843258
-8.29991701,-7.55016325,-0.15869257
3.65650724,2.89059874,3.08429493
-6.73625864,-4.12219682,1.47391891
1.51265936,9.10589895,3.83171435
-8.02576377,-6.10118187,-2.01521742
3.55674378,2.12043438,5.90265563
-8.07965777,-6.73171429,-1.83962575
3.57218988,2.48034021,5.57359162
-8.12073258,-7.82373766,0.54698116
3.50758821,3.15417177,1.97331754
-7.81473112,-5.27612078,-2.54790567
3.47473501,1.65948337,6.78870757
-7.96992498,-7.06245804,-1.48037108
3.51327415,2.63160419,5.02472983
-8.24101143,-7.93771401,0.45001567
3.57868522,3.19818307,2.11724373
-8.27172908,-7.80951357,0.26119415
3.61357958,3.09654758,2.40958621
-8.88965877,-8.29984422,-0.99351974
3.95871432,3.18353976,4.38223943
-8.22308939,-6.82771787,-1.63062595
3.64487553,2.4938697,5.28547083
-11.86487292,-11.85329859,-0.78553719
4.39500145,3.37224015,4.10269529
-8.24272459,-7.41332228,-0.44980505
3.63882838,2.78591841,3.5410966
-10.30848839,-10.19091926,0.13024788
4.30612705,3.82849203,2.65260677
-8.17240495,-7.23032766,-1.05600732
3.61398676,2.67629698,4.43921425
-8.15881218,-6.74758497,-1.50812282
3.61355104,2.43362955,5.11053871
-8.09713619,-6.80839238,-1.50892548
3.58120648,2.47596277,5.09673226
-16.37351551,-16.36490243,-8.90150961
1.41424139,1.41681029,-3.8029537
-8.50440929,-7.89630577,-0.55741057
3.76951556,3.04607749,3.70649243
-8.17711656,-6.67596815,-1.75317592
3.62328705,2.42484084,5.46857682
-8.11459523,-6.73785591,-1.75719363
3.59037453,2.46819688,5.4589727
-8.26178778,-7.06214407,-1.15164382
3.66137581,2.57862365,4.59183009
-8.03380975,-6.40264141,-2.20760216
3.55244051,2.34561385,6.14022745
-16.37727828,-16.35592641,-7.35108294
1.42013197,1.39831625,-6.38814433
-8.12032146,-6.26989997,-2.05109456
3.60092295,2.22663462,5.94500771
-8.25997619,-7.48934452,-0.58143094
3.65006128,2.82236059,3.73897727
-8.26670292,-7.03434779,-1.25309621
3.6645849,2.56947182,4.73874072
-8.24321536,-8.13366284,0.68000014
3.55075212,3.34192644,1.78671149
-12.23759413,-12.20692029,-0.41108327
4.38135053,3.52137575,3.52370133
-16.40530027,-16.34093369,-10.89121152
1.49372413,1.38078688,-3.53408412
-8.2027205,-7.70266812,-0.18368694
3.60773332,2.97754178,3.1161027
-8.23852478,-7.56930979,-0.51642777
3.63731083,2.87222982,3.63753306
-16.37802547,-15.27221719,-14.5233112
1.42120911,0.61363606,-0.08770969
-16.39458832,-16.3341298,-10.24765482
1.46495479,1.37240969,-3.37813265
-8.2879681,-7.32248697,-0.86428975
3.66990285,2.71889024,4.16661586
-8.24761369,-7.77908771,0.00826909
3.62006664,3.04289699,2.81111236
-16.36830672,-16.34741277,-9.35601745
1.40963741,1.40005225,-4.10430422
-8.26361701,-7.05551937,-1.49224918
3.66300727,2.60601509,5.07837865
-16.37110829,-15.88567689,-13.66165242
1.41369845,1.14732889,-0.781991
-8.21217985,-7.29524209,-0.85735739
3.63176247,2.7062451,4.15268645
-14.02860177,-13.98302519,1.08479486
4.03208188,4.07905596,1.33572593
-16.3381346,-16.01508251,-13.3606201
1.3777855,1.25492677,-1.0042045
-9.83455255,-9.60463333,-0.4419651
4.25937108,3.57570664,3.56254612
-8.18699524,-7.52170712,-0.50275496
3.61130277,2.84752856,3.61523787
-8.05784757,-7.4244742,-0.81856602
3.55210407,2.78866894,4.08046655
-13.83774933,-13.81550413,-1.01663821
4.34444567,3.03919069,4.50909304
-8.2385591,-7.26653026,-0.72757881
3.64355522,2.68838961,3.96557824
-16.38592754,-16.31615864,-11.06611452
1.42919221,1.40649005,-3.23517628
-8.2092998,-7.44026957,-0.74236533
3.62772645,2.79080967,3.97854421
-8.1687288,-6.83434233,-1.61660095
3.61715322,2.50021811,5.25750518
-8.09601926,-6.26426945,-1.66948609
3.59007707,2.15391811,5.40435115
-8.19050719,-6.68409722,-1.68004112
3.63028116,2.41734676,5.36505535
-8.15485775,-6.68302936,-0.98561113
3.61088718,2.33396969,4.39727889
-8.05165872,-7.96426991,0.58237943
3.46683995,3.23775766,1.92032001
-8.04001134,-6.87919898,-1.58575026
3.5509431,2.53337799,5.1921286
-8.26949352,-7.24474408,-0.62074114
3.6575265,2.67640279,3.81060578
-8.18844248,-7.03448616,-1.34295315
3.62508086,2.58286598,4.85839259
-8.07011634,-6.81911495,-1.59630316
3.56707639,2.49690729,5.21534699
-16.36523414,-16.35525102,-10.18629095
1.43189836,1.3960925,-3.78765108
-8.23255119,-7.15405049,-0.99331615
3.64462912,2.6255787,4.35805457
-16.35624919,-15.69835559,-14.05578449
1.39764162,0.99460492,-0.35372133
-8.19170441,-6.51413399,-2.00258406
3.63226615,2.36491247,5.85207381
-8.11464399,-5.96625551,-1.82150125
3.60675754,1.97181571,5.69330865
-8.07176316,-6.97023614,-1.48996926
3.56632392,2.57076127,5.05621988
-7.62722072,-5.5738534,-2.65504277
3.36549706,1.94488784,6.80368956
-8.17027499,-7.55174113,-0.40496569
3.60011457,2.87197715,3.46360892
-8.15238013,-6.84297274,-1.43102456
3.60901601,2.48166991,4.99239634
-8.39059431,-7.50999264,-1.32924311
3.72317211,2.83671417,4.84457547
-16.37723149,-15.80820501,-13.87047799
1.42009666,1.08759674,-0.5046996
-12.53626968,-12.47941992,-0.60734138
4.38201893,3.37495705,3.84013619
-16.38060343,-16.37599475,-10.80214035
1.46506786,1.41844278,-3.34438755
-16.38701343,-16.26876062,-12.31529636
1.4305276,1.43781467,-2.2439927
-8.22563283,-7.55221147,-0.06924118
3.61494805,2.90436682,2.93962827
-8.23755493,-7.56750473,0.24437879
3.59996635,2.95760334,2.44269038
-8.25634074,-6.93236179,-1.428125
3.6607383,2.52781196,4.99252575
-8.19584408,-6.783562,-1.44369213
3.63196437,2.44380167,5.02171323
-8.19355756,-7.27716336,-0.71033641
3.62045723,2.69685265,3.93661836
-8.17150246,-6.44747961,-1.64195132
3.62497233,2.26323863,5.3435014
-8.17637568,-6.93042207,-1.33319119
3.62008559,2.52103948,4.85040932
-15.40248285,-15.35302197,-0.74565468
4.18475116,2.85416621,4.14535558
-8.03398405,-6.69920836,-1.7988601
3.54949379,2.46002314,5.50776776
-8.08774335,-6.56208602,-1.55021636
3.58010987,2.33063935,5.18181742
-8.18662157,-6.77281867,-1.73100797
3.62671026,2.47869478,5.42924735
-8.37025195,-7.46333941,-1.08041364
3.71234217,2.80038892,4.48219125
-16.39569702,-16.36711617,-10.85635937
1.48253225,1.40905754,-3.38934612
-8.22260506,-7.91838224,0.33134724
3.58170398,3.16857306,2.29794793
-8.23444789,-6.59074184,-1.64056466
3.65438236,2.34996688,5.32694155
-8.17316975,-6.94647168,-1.48221436
3.61829942,2.54793032,5.05953176
-8.16060864,-7.79280702,0.73704173
3.50402446,3.16918518,1.71139752
-8.26393813,-7.91324122,0.14835945
3.6180793,3.13695167,2.58658726
-8.13548082,-5.97299066,-2.0211033
3.61677318,2.01664128,5.9717093
-8.14750366,-6.9478773,-1.38837471
3.6052409,2.53968399,4.92335398
-8.11061221,-6.39815026,-1.97305334
3.59340984,2.29640715,5.80828277
-8.21584093,-7.00756562,-1.20107904
3.63890143,2.55209657,4.66223672
-7.5975841,-7.19283832,-0.77138059
3.31535649,2.69185437,3.96307043
-8.20104878,-6.77703181,-0.69069059
3.62974281,2.38113122,3.97008072
-8.12293697,-7.00646102,-1.46803153
3.59206961,2.58488433,5.03007982
-13.90477831,-13.89590919,-1.04903339
3.01405945,4.33312172,4.56123138
-16.3512582,-15.37918691,-14.52499374
1.39225969,0.73424735,0.02464317
-8.10213661,-6.8121481,-1.78555168
3.58279489,2.51705431,5.49339697
-8.19195791,-6.84253464,-1.7075885
3.62852664,2.5160113,5.3909403
-8.24132141,-7.66101942,-0.34108564
3.6332867,2.93725253,3.36556747
-8.23853624,-6.78540813,-1.70184884
3.65304652,2.47818795,5.39252549
-8.15998116,-7.31072451,-0.92681021
3.60597541,2.71891099,4.2492425
-8.15248754,-7.95433512,0.42974763
3.536023,3.20532611,2.14595953
-8.22204193,-6.85100857,-1.21464117
3.64397912,2.4573224,4.69723828
-16.34734145,-16.32647373,-11.76383224
1.47747169,1.36468356,-2.57206407
-8.04526683,-6.49555533,-1.93680418
3.55807059,2.35863382,5.72865373
-13.24684121,-13.20431748,0.46280459
4.27227363,3.85404033,2.14293237
-16.38658248,-16.3504595,-7.91156312
1.43000523,1.39379015,-6.07123903
-8.11831324,-7.12492168,-1.05435522
3.58739231,2.61785697,4.43677766
-8.22025108,-6.91974641,-1.28585806
3.64241571,2.50686983,4.78934423
-16.3659948,-15.24217967,-14.72934091
1.40815667,0.62834929,0.2248427
-8.16071763,-7.89466156,0.58238479
3.52300303,3.19821378,1.92248592
-8.24585501,-7.41751841,-0.6979484
3.6456165,2.77721771,3.91522878
-8.00261734,-7.37356948,-0.83379158
3.52445736,2.76295325,4.09892689
-8.30854498,-7.63407121,-0.27926756
3.66507231,2.92599665,3.27176001
-8.07023246,-6.72797193,-1.86810553
3.56726376,2.4833982,5.6139709
-8.10238972,-6.30338441,-2.06109587
3.59083509,2.25247356,5.94919448
-8.15884608,-7.25555772,-0.80552582
3.60442775,2.68534742,4.07479262
-8.24289007,-7.33467265,-0.51075277
3.64103839,2.73578991,3.638048
-8.69692408,-8.34573219,0.37446415
3.81000173,3.39584432,2.24062513
-16.38354707,-16.35958288,-9.71448626
1.42600758,1.41745959,-4.00079009
-14.67379666,-14.670244,0.28047418
4.20409046,3.65361117,2.42943526
-14.38253048,-14.37294473,0.45629166
4.19744463,3.75866041,2.1576112
-8.20443624,-6.8285489,-1.59494297
3.63547184,2.49102004,5.23168098
-6.14522324,-4.18373244,2.30673855
1.25996231,9.13805008,4.07089208
-16.36565913,-15.90783934,-13.69781887
1.40770764,1.1738836,-0.652518
-16.37698241,-15.84774084,-13.76065737
1.41988199,1.11729044,-0.63549231
-16.38791246,-16.36278157,-10.07198066
1.45325612,1.40428666,-3.99913002
-7.4816189,-6.01148681,-2.75546605
3.27403311,2.26749894,6.85047735
-14.04555271,-13.98312456,-0.96744862
4.33318277,3.00542035,4.44924493
-8.08801472,-6.55915064,-2.08778371
3.57785175,2.41488971,5.95728325
-8.17697917,-6.94810142,-1.62764841
3.61989313,2.56698695,5.26830798
-8.21777357,-6.55150152,-1.54213805
3.64681171,2.31028473,5.19408499
-8.16395976,-6.87679096,-1.32271381
3.61439181,2.48862281,4.83862387
-8.26129548,-7.0184433,-1.55178091
3.66210303,2.59219011,5.16491763
-16.37754917,-16.35571114,-9.5890574
1.43457829,1.39659676,-4.36718954
-16.4051465,-16.36336304,-8.73789015
1.45526634,1.40487661,-5.19954088
-8.09923751,-6.54649373,-1.81249492
3.58544279,2.36307372,5.55429003
-8.12474936,-7.95425316,0.92919169
3.45720089,3.28896029,1.46903664
-7.98377603,-6.73781823,-1.58458551
3.52392786,2.45578336,5.18990987
-8.17747919,-7.08059737,-0.97039545
3.61721973,2.58368895,4.32565302
-8.03204813,-7.98835384,1.05271665
3.39098376,3.32775864,1.32826101
-16.38782045,-16.37539123,-8.10884962
1.43484243,1.41931753,-6.80386723
-8.13814985,-6.71017445,-1.33986282
3.60353748,2.3894473,4.87842008
-8.21679802,-7.74654068,0.1348758
3.59647295,3.0431108,2.60891711
-8.22174335,-7.23706439,-0.80031772
3.63634995,2.6712049,4.07302411
-7.87460175,-5.00720416,-2.48268188
3.51605016,1.41923346,6.76928699
-16.38358086,-15.03023296,-14.88608233
1.42694904,0.41306627,0.3348972
-16.37099962,-16.307958,-12.18036672
1.41362273,1.4689399,-2.47001724
-8.15596018,-6.81850653,-1.81808801
3.60999209,2.52046105,5.5492362
-8.11001277,-6.65821987,-1.60182613
3.58981136,2.39690116,5.24445761
-9.54970814,-9.379816,0.40643219
4.12810386,3.78370359,2.21438289
-8.14039754,-7.00929475,-0.86953218
3.59813645,2.5388812,4.184065
-8.17701892,-6.73072017,-1.59683491
3.62291346,2.43468938,5.23955191
-8.13470022,-6.65762619,-1.52815395
3.60259068,2.3829079,5.14578563
-8.20144804,-6.79373633,-1.80698115
3.63356162,2.50090109,5.54051065
-8.32473282,-8.06578467,0.49324854
3.61521582,3.27368111,2.05350792
-8.27474978,-7.45051427,-0.58636583
3.65785926,2.79908991,3.74851089
