[[-8.39998898 11.5428069  11.35086341]]
[[-4.93547751 -3.13332919 21.882594  ]]
[[-4.78906004 21.88200969 -3.27916254]]
[[21.85484472 -5.58890895 -2.45621695]]
[[21.85862621 -6.40777549 -1.64282753]]
[[21.86972361 -5.1842523  -2.873485  ]]
[[ 9.1233911  13.77867214 -8.41120337]]
[[14.69377507 -8.42973177  8.22356875]]
[[-5.13618614 -2.92047194 21.86875986]]
[[21.81337106 -0.70818949 -7.30202598]]
[[-6.95711084 21.84487254 -1.08269007]]
[[-8.39713277 10.94162114 11.94914009]]
[[13.85518366 -8.41249523  9.04787759]]
[[-8.59854224 19.13958915  3.8358994 ]]
[[21.87490529 -2.65627038 -5.40644576]]
[[-7.17865259 21.8232219  -0.84129439]]
[[21.88508617 -3.98058917 -4.08994411]]
[[21.88095135 -2.59050323 -5.47779984]]
[[11.80208942 11.09068283 -8.39913747]]
[[10.44748949 -8.39216906 12.43762872]]
[[-5.03197769 21.86599084 -3.02227131]]
[[11.07701694 11.80941475 -8.39303557]]
[[-4.73750262 21.87995436 -3.32882631]]
[[-4.13461379 21.83055155 -3.88667177]]
[[20.05999476  2.83067758 -8.61859305]]
[[ 2.6982897  -8.61774025 20.17199678]]
[[-4.20345598 -3.85539171 21.87176121]]
[[21.86894038 -4.99389426 -3.06294859]]
[[-8.47997267  6.48165952 16.47197565]]
[[-8.39425829 11.55290527 11.33476367]]
[[16.50607145 -8.47900327  6.44594688]]
[[21.87123364 -5.0774334  -2.98160865]]
[[-8.46475055 15.96199238  6.98221111]]
[[-8.42276405  8.66108903 14.25134064]]
[[21.86114202 -1.56156006 -6.49149458]]
[[ 9.81141584 -8.40254526 13.08333778]]
[[ 4.25039774 -8.57826126 18.73397617]]
[[-8.44303716 15.27839189  7.64921983]]
[[21.85031307 -2.20696456 -5.83475621]]
[[21.87182484 -5.56690683 -2.49348535]]
[[-3.84070328 21.87600314 -4.2219009 ]]
[[-4.19348273 21.88474492 -3.87677742]]
[[-8.39945166 12.37282182 10.51976387]]
[[15.40598975  7.52205342 -8.44443425]]
[[-3.94375719 21.87439671 -4.1173992 ]]
[[-4.68439717 -3.36277711 21.85851049]]
[[-8.40804754  9.69926909 13.20101722]]
[[21.87401987 -5.91839111 -2.14485932]]
[[13.19526578 -8.40204702  9.69865872]]
[[18.00984267 -8.54871816  4.97827573]]
[[-5.49011372 21.87871782 -2.57597746]]
[[-8.51974702 17.52346195  5.45083685]]
[[-8.39599756 12.3313912  10.55791935]]
[[17.14375083 -8.50799958  5.82695447]]
[[ 6.26129527 16.69439063 -8.48548228]]
[[21.59888916 -8.08883285  0.32195671]]
[[-8.46951206 16.13453007  6.81253874]]
[[12.23298267 10.65612224 -8.39578898]]
[[ 8.47882662 -8.42381941 14.43371409]]
[[-2.36730854 21.872303   -5.69364637]]
[[16.68924215 -8.49078185  6.27222209]]
[[21.86667182 -2.74721255 -5.30779294]]
[[21.87880174 -4.33099979 -3.7340441 ]]
[[-8.39561386 11.48933111 11.39987689]]
[[-2.13681592 -5.92230943 21.86933022]]
[[10.52978626 12.35910146 -8.39570549]]
[[-0.88205973 21.82868992 -7.1428934 ]]
[[-8.44319989 15.2679673   7.65996434]]
[[14.5925096  -8.42537693  8.32092778]]
[[-2.85468939 -5.21247486 21.88029645]]
[[-4.21464767 -3.84073315 21.8679483 ]]
[[16.11511752  6.8283033  -8.46563595]]
[[21.88240704 -3.35194334 -4.71655326]]
[[-8.45432834  7.27850435 15.65776194]]
[[16.96339918  5.9991515  -8.49634866]]
[[-5.10430723 21.87433618 -2.9574725 ]]
[[12.83009983 10.06200467 -8.39952322]]
[[ 2.65430504 20.20886743 -8.61940224]]
[[21.87530926 -4.27107512 -3.79086947]]
[[14.95433971  7.9691553  -8.43684189]]
[[-3.06313147 -4.98955822 21.86426547]]
[[-4.87752172 21.86299442 -3.17368891]]
[[12.49788404 10.39738041 -8.40203929]]
[[ 6.94714852 15.99803426 -8.46581645]]
[[ 6.05926437 -8.49367811 16.90168519]]
[[-8.55180379  4.81121717 18.17337333]]
[[-8.4519033   7.31846455 15.61559138]]
[[18.53321463  4.4520616  -8.56746515]]
[[21.86212941 -3.55114768 -4.49917947]]
[[-8.44115756  7.79859003 15.12812988]]
[[-2.79782681 21.88037809 -5.26922328]]
[[14.92644837 -8.43363817  7.99378723]]
[[-5.01834068 21.87034544 -3.03975817]]
[[ 8.93635638 13.9674791  -8.41339762]]
[[-1.10207003 -6.93754258 21.8445968 ]]
[[12.97149197  9.92494169 -8.40410532]]
[[-4.47458694 -3.58108058 21.86815701]]
[[21.87362191 -3.58205204 -4.47851351]]
[[-6.28527124 -1.77456114 21.8689238 ]]
[[ 9.20541039 -8.41267856 13.69833869]]
[[-4.27983961 21.88444699 -3.79012803]]
[[-8.48104265  6.4850503  16.46961794]]
[[-5.70412188 -2.34846544 21.86267913]]
[[-3.10778537 21.87848586 -4.95747184]]
[[ 9.11073747 13.78944692 -8.40958414]]
[[15.10408337 -8.43576315  7.81738531]]
[[18.22440728 -8.5512524   4.75755195]]
[[14.24478015 -8.42058971  8.66528057]]
[[21.88398948 -4.31654926 -3.75304933]]
[[ 9.24464708 13.66034069 -8.41370442]]
[[21.88010738 -4.44971695 -3.616548  ]]
[[-8.40166847 12.84641473 10.04784634]]
[[-2.57652364 21.85552922 -5.46906584]]
[[-6.15271319e-03  2.16894678e+01 -7.87278333e+00]]
[[ 5.41002438 -8.52612162 17.5689459 ]]
[[10.22132852 -8.40189432 12.67341654]]
[[ 8.19478777 14.71931212 -8.42682186]]
[[-4.94136552 21.88045575 -3.12555751]]
[[-8.42534979  8.46000979 14.45400259]]
[[-8.57765402  4.21232814 18.7683675 ]]
[[11.41930965 11.47239635 -8.39813552]]
[[17.3333421   5.63637697 -8.51065225]]
[[21.87963454 -4.88663192 -3.17955106]]
[[21.8633686  -4.83677835 -3.21495663]]
[[21.87967906 -4.5462428  -3.51974741]]
[[ 9.6490529  13.24714118 -8.40433122]]
[[12.63555732 -8.39734108 10.25467706]]
[[-8.39362993 10.77667358 12.11024092]]
[[ 9.35639504 13.54219021 -8.40728572]]
[[21.88057939 -3.8923385  -4.17420331]]
[[14.26120293 -8.42281226  8.65119175]]
[[-3.24097917 -4.82157575 21.87553864]]
[[ 7.2310084  -8.45770126 15.70832928]]
[[-8.58330581  4.18019795 18.80391525]]
[[-0.87625613 21.82118297 -7.14235214]]
[[-8.60549185 19.42226213  3.53498693]]
[[-5.55600358 -2.51193832 21.8803247 ]]
[[-3.46624965 -4.59028226 21.86900631]]
[[-3.68816296 -4.37679616 21.87862222]]
[[-6.00156677 21.8605888  -2.04951966]]
[[-8.40672541 13.67224567  9.22536722]]
[[-8.45911924  7.05159631 15.88743597]]
[[-8.42112291 14.20667211  8.70401128]]
[[-4.79532241 21.85149025 -3.24556078]]
[[17.66336725 -8.52764097  5.31424881]]
[[21.88009725 -2.8213021  -5.24573791]]
[[ 9.16562749 -8.41496357 13.7404219 ]]
[[ 9.56211568 -8.4079467  13.33763054]]
[[-8.39440206 11.64401702 11.24391011]]
[[-3.06882251 -4.96419271 21.84266111]]
[[ 7.76873956 15.16077348 -8.44389643]]
[[-2.84935239 21.87563532 -5.2137861 ]]
[[-6.52903591 -1.52918725 21.86640869]]
[[21.87668743 -2.66318796 -5.40123126]]
[[-2.39625669 -5.64896398 21.85478464]]
[[-8.41249241  9.15771496 13.7457847 ]]
[[14.19359479  8.71537245 -8.41936286]]
[[-4.08677729 -3.96687334 21.8659953 ]]
[[11.98552529 10.90518482 -8.39718242]]
[[-8.40063168 12.85904972 10.03424668]]
[[-5.22941786 21.86892277 -2.82773082]]
[[ 4.04334719 18.92905114 -8.57631484]]
[[21.87131709 -3.46803915 -4.59057638]]
[[21.87321157 -5.9014123  -2.16092928]]
[[-8.42069345 14.18554888  8.7249508 ]]
[[-4.04208105 -4.00899802 21.86312444]]
[[14.80971743 -8.43182992  8.10920342]]
[[-7.99986288 21.63636429  0.18037344]]
[[ 9.62949474 -8.40725131 13.26975055]]
[[21.86767854 -4.12576062 -3.9293691 ]]
[[11.2053507  -8.39601492 11.68446543]]
[[-8.53744814  5.06179263 17.9187487 ]]
[[ 9.10576267 13.79995437 -8.41488251]]
[[13.77180831  9.13463589 -8.41546818]]
[[ 9.51082525 -8.40363366 13.38440126]]
[[-8.52510954 17.5878388   5.38978057]]
[[-3.48421953 21.86679844 -4.57026174]]
[[13.63624315 -8.41273638  9.26773074]]
[[-4.21381514 21.87201587 -3.84518589]]
[[-8.46065692 15.88706797  7.05366871]]
[[ 8.66272772 -8.42116791 14.24776189]]
[[-8.39682501 10.94550738 11.94479839]]
[[-4.70081185 -3.36253357 21.87681606]]
[[-3.48129141 21.87132007 -4.57723146]]
[[18.70410161 -8.56875965  4.27478762]]
[[-8.39781187 10.84815282 12.04300942]]
[[-4.50155505 -3.55713667 21.87146755]]
[[ 7.8050808  -8.44056535 15.12108119]]
[[21.86925942 -5.28549444 -2.7721057 ]]
[[21.86096654 -3.04060297 -5.00915541]]
[[-4.04893676 21.86561013 -4.00438759]]
[[-8.40738243 13.53739667  9.36145336]]
[[-8.40081183 10.17341647 12.72005006]]
[[21.8193498  -7.22791707 -0.78842239]]
[[-8.4964545   6.1307362  16.83413667]]
[[-5.16464991 21.88306837 -2.90496902]]
[[ 8.12651586 -8.4289313  14.78965614]]
[[-1.69614539 21.84173074 -6.33937143]]
[[21.88098245 -4.35148541 -3.7154565 ]]
[[-3.04944674 -5.01448617 21.87688553]]
[[-8.39777566 12.2749818  10.6160417 ]]
[[10.15144719 -8.40261375 12.7439979 ]]
[[14.30841964 -8.42375751  8.60475703]]
[[-5.93032649 21.87036352 -2.1297344 ]]
[[-4.68849686 21.86403258 -3.36366251]]
[[-8.51658392  5.6410799  17.33437904]]
[[-7.12608011 -0.89634574 21.8256208 ]]
[[ 9.44778176 -8.41167062 13.45558265]]
[[ 5.68956854 -8.50697425 17.2780716 ]]
[[-7.83439136 -0.05596867 21.69763331]]
[[10.80723232 12.07859677 -8.39254503]]
[[21.87539504 -5.461861   -2.60119491]]
[[11.55914654 -8.39524843 11.32949385]]
[[21.8687833  -4.86370737 -3.19289776]]
[[16.48104716 -8.47873726  6.4717354 ]]
[[21.88804407 -4.46494163 -3.60827611]]
[[12.3823562  10.50802972 -8.39732689]]
[[21.87130179 -3.76540668 -4.29301288]]
[[16.14849276  6.7974658  -8.46821236]]
[[21.87111648 -1.95545145 -6.10553491]]
[[-2.02077373 21.87914053 -6.04733496]]
[[ 8.40096618 -8.42304354 14.51024664]]
[[ 0.18014098 -8.000336   21.6384569 ]]
[[-4.44390953 21.87317074 -3.61623922]]
[[10.48930794 -8.39834872 12.40220359]]
[[21.87323272 -1.92450462 -6.13867408]]
[[-3.36696859 21.87086313 -4.69131144]]
[[11.52502919 11.36355262 -8.39503328]]
[[21.87915769 -3.24724247 -4.81852033]]
[[21.87569119 -3.57916223 -4.48327322]]
[[-0.7866919  -7.22716906 21.81649112]]
[[-3.45312094 21.87302185 -4.60694154]]
[[12.33141497 10.56327188 -8.4013182 ]]
[[-4.68764421 -3.37606921 21.87720914]]
[[10.30574186 12.58409137 -8.3970229 ]]
[[-2.3882859  -5.65560421 21.85319196]]
[[21.87486262 -5.75065116 -2.31244825]]
[[-8.56958876 18.77084308  4.20530821]]
[[-1.80897118 -6.23540676 21.85227224]]
[[ 3.98683651 18.99196091 -8.58982661]]
[[11.131319   11.75807055 -8.39581378]]
[[-3.78611797 21.85931817 -4.26145834]]
[[-3.45189739 21.88340182 -4.61738054]]
[[21.8811147  -3.39003716 -4.67728925]]
[[11.64047057 11.24723345 -8.39413308]]
[[10.95288608 -8.39487479 11.935494  ]]
[[11.30881901 11.58307348 -8.39823426]]
[[18.13416001 -8.54710525  4.8477247 ]]
[[-5.79703496 21.85977417 -2.25269904]]
[[-2.11773481 -5.94310493 21.87121251]]
[[10.81446745 -8.4003259  12.07930034]]
[[10.81013295 12.07938559 -8.39625679]]
[[-6.50721209 -1.55000329 21.86529426]]
[[-2.33183961 21.86912948 -5.72658486]]
[[21.87378992 -6.0068691  -2.05626248]]
[[10.7014227  -8.39702647 12.18880226]]
[[11.02970041 -8.39345665 11.85723829]]
[[-3.96342883 -4.09466144 21.87096047]]
[[15.89425203  7.04307591 -8.45744997]]
[[-8.40209783 10.17403916 12.72077684]]
[[-8.39790186 12.24828336 10.6428772 ]]
[[15.43772967  7.49433623 -8.44846954]]
[[-3.36874801 -4.69527576 21.87732879]]
[[10.68616912 -8.3986336  12.20580982]]
[[-1.62634867 -6.4318616  21.86717279]]
[[21.86402611 -2.98160148 -5.07100727]]
[[21.88333202 -4.72298438 -3.34618509]]
[[-3.09116018 21.85889415 -4.95650627]]
[[14.96348645 -8.43824673  7.96136132]]
[[-3.13191919 21.88548998 -4.93936945]]
[[-8.48133276  6.32019043 16.63260775]]
[[-6.67145084 21.85703713 -1.37870103]]
[[11.26799695 -8.39786323 11.62342555]]
[[21.88458974 -3.9538821  -4.11612209]]
[[11.30309641 -8.39104894 11.58163142]]
[[-8.40253963 12.97947331  9.9153855 ]]
[[21.87185517 -4.86133023 -3.19795706]]
[[-8.61815149 20.03048005  2.86452573]]
[[21.8759379  -5.39464164 -2.66910912]]
[[ 9.0825821  13.8235135  -8.41533979]]
[[11.15565538 -8.39800098 11.73603459]]
[[-3.85934609 -4.20701896 21.88036313]]
[[12.49826702 -8.40037082 10.39531336]]
[[-4.42016809 21.86409179 -3.63184936]]
[[-8.46357838 16.16062927  6.77998945]]
[[21.8762511  -5.02805254 -3.03528435]]
[[ 8.40286314 -8.42492756 14.5104881 ]]
[[11.77083971 -8.39628274 11.11924483]]
[[21.79362596 -7.35024569 -0.64237831]]
[[-4.37321842 -3.67852498 21.86378594]]
[[13.28565135  9.60981209 -8.40347018]]
[[11.96821875 -8.39847116 10.92369733]]
[[12.40235337 10.49110653 -8.4002489 ]]
[[-4.08978948 21.81373919 -3.91573037]]
[[ 8.00619542 14.91454256 -8.43397446]]
[[11.12001966 11.77284561 -8.39927156]]
[[14.12133667 -8.41590958  8.7844891 ]]
[[ 9.31763516 -8.41007041 13.58402243]]
[[-5.17123711 21.8816055  -2.8970132 ]]
[[-1.31756744 -6.72492452 21.84832431]]
[[12.32750828 10.56420711 -8.39844029]]
[[21.8757524  -3.54148378 -4.52102597]]
[[15.28867195 -8.44570914  7.64165772]]
[[-8.42238143 14.22341116  8.68850907]]
[[-2.57459477 21.86184858 -5.47671554]]
[[14.88151839 -8.43297487  8.03821001]]
[[12.6422724  -8.40078621 10.25141234]]
[[-3.48251729 -4.58497883 21.88141893]]
[[-4.62911366 -3.43967126 21.88289033]]
[[-0.73951944 21.79604727 -7.25609688]]
[[-8.4435403   7.76258124 15.16645056]]
[[-8.53223405 17.69208092  5.2895289 ]]
[[15.34110714  7.58901272 -8.44574364]]
[[21.87727355 -5.46352819 -2.6014625 ]]
[[-2.45009061 -5.61048032 21.87188927]]
[[-8.40784217  9.49551851 13.40412282]]
[[ 9.08255841 -8.41613928 13.82454825]]
[[10.86654971 12.02513558 -8.39826695]]
[[-8.39775945 11.9937663  10.89755628]]
[[-1.66505521 -6.38085199 21.85342737]]
[[-6.3340287  -1.70867633 21.84976044]]
[[10.92172463 11.96978084 -8.39785205]]
[[ 4.5456121  18.43858585 -8.5631143 ]]
[[ 8.66265163 14.25083504 -8.42386475]]
[[16.44756071  6.505561   -8.47929781]]
[[-3.70465079 -4.34502003 21.86146539]]
[[21.8712678  -5.2907508  -2.76866805]]
[[-4.1488158  -3.9116954  21.87365007]]
[[ 8.44285612 14.47092539 -8.42502187]]
[[-4.1325079  -3.92638276 21.87186702]]
[[12.57256206 10.31878583 -8.39845982]]
[[11.55638997 11.33407314 -8.39678391]]
[[21.84299317 -3.37882777 -4.65412743]]
[[-3.11281027 -4.95523467 21.88160926]]
[[14.45389948 -8.42231389  8.45726149]]
[[-3.03140852 21.8726783  -5.02886964]]
[[10.28755788 -8.39943637 12.60464901]]
[[ 6.61142063 16.34095765 -8.47658597]]
[[-3.47431373 -4.59507312 21.88352546]]
[[-8.42215485  8.45854024 14.45246805]]
[[11.23195007 -8.39724891 11.65881125]]
[[21.85622888 -5.66772103 -2.37893662]]
[[ 9.7039155  -8.40207609 13.19001583]]
[[21.87684338 -1.87040711 -6.19600311]]
[[21.88186338 -2.57111414 -5.497869  ]]
[[13.89996744  9.00791239 -8.41719625]]
[[-8.42345582 14.42298419  8.48920286]]
[[21.77086111 -7.52203759 -0.44739929]]
[[-4.01514021 21.87509278 -4.0465768 ]]
[[12.66528877 -8.39829718 10.22565938]]
[[21.83793676 -6.91183334 -1.12155603]]
[[-1.96340621 21.87706587 -6.10264522]]
[[-5.48744588 -2.56652413 21.86486477]]
[[-4.92040057 21.87601689 -3.14262252]]
[[21.86346941 -4.78874697 -3.26301229]]
[[21.8781816  -2.39418175 -5.67208787]]
[[-4.43217289 -3.63436088 21.88036622]]
[[-8.52684224 17.58324177  5.39620039]]
[[-5.85501345 21.86866883 -2.20329467]]
[[21.8616618  -3.32500816 -4.72502721]]
[[10.15902718 -8.40017012 12.73383192]]
[[21.87259346 -5.03384231 -3.02635486]]
[[19.235349    3.72778644 -8.59328596]]
[[21.87709986 -5.71907451 -2.34631979]]
[[-8.39031987 11.9219324  10.96162518]]
[[11.13565161 -8.39886381 11.75660845]]
[[21.86993465 -3.54195378 -4.51526598]]
[[ 9.09054948 13.80840676 -8.40812597]]
[[-3.38422165 21.87843379 -4.68068654]]
[[-8.53329766  5.27828307 17.7044235 ]]
[[ 7.5889651  15.33913974 -8.44409691]]
[[12.17362708 10.72065522 -8.40092586]]
[[13.46075239  9.43494754 -8.40425822]]
[[21.87469442 -4.13048236 -3.93093744]]
[[21.87818904 -5.58924129 -2.47665181]]
[[13.46551823  9.43330959 -8.40717697]]
[[21.86456532 -6.52444826 -1.53187911]]
[[21.29608657  1.05907146 -8.42127176]]
[[-8.42259877  8.33252818 14.57803797]]
[[-8.12386489 21.57972036  0.37973759]]
[[21.86543558 -3.02562708 -5.02814666]]
[[-1.17963828 -6.86290791 21.84781984]]
[[-8.3994049  10.57852918 12.31406565]]
[[-4.73385297 21.8839305  -3.33599655]]
[[-5.47562638 21.87953862 -2.59138765]]
[[21.88993439 -3.55481124 -4.52001571]]
[[21.45238945  0.71639402 -8.29128563]]
[[21.87620727 -5.88578063 -2.17898352]]
[[13.11936696 -8.4067515   9.77970124]]
[[-2.31756369 -5.74005961 21.86830889]]
[[-2.17752674 21.87237095 -5.88407149]]
[[-5.64132716 -2.4263842  21.87987583]]
[[ 8.74990921 -8.41886984 14.1586537 ]]
[[-3.41443152 21.86978621 -4.64274804]]
[[11.68925054 -8.39787759 11.20225453]]
[[-8.40978643  9.32740586 13.57368624]]
[[11.24195467 11.64577078 -8.39414616]]
[[-8.39575424 12.08344843 10.80566934]]
[[-6.33960065 21.87239496 -1.72341765]]
[[13.63885782  9.25896394 -8.40684218]]
[[-5.15817714 -2.90166712 21.87203929]]
[[-0.32993732 21.75611201 -7.62285405]]
[[10.79727758 12.09393217 -8.39769548]]
[[21.88110588 -2.67928524 -5.38898093]]
[[12.71830156 10.17634194 -8.40201823]]
[[-1.86153385 -6.2055039  21.87755605]]
[[-8.40024001 12.36752278 10.52586218]]
[[-5.49590491 -2.56490383 21.87246993]]
[[12.50159291 10.39446935 -8.40271379]]
[[-6.05998735 -2.00770583 21.87914399]]
[[-4.83435859 21.86620538 -3.2199013 ]]
[[ 8.45315215 -8.42428867 14.45984019]]
[[-3.2234068  -4.83886971 21.8752083 ]]
[[-4.30547046 21.87935003 -3.76002003]]
[[10.5036615  -8.40123123 12.39081164]]
[[14.66452969 -8.42358159  8.24653107]]
[[-4.81692672 21.87256936 -3.24301586]]
[[21.8659097  -4.91662491 -3.13713498]]
[[21.74300913 -7.67451626 -0.26472319]]
[[-4.19141221 21.86988817 -3.8656754 ]]
[[11.65264155 -8.39659876 11.23752861]]
[[-8.39896756 10.09157165 12.79987892]]
[[10.52883219 -8.39905718 12.36340115]]
[[21.86894789 -2.02819171 -6.03076218]]
[[-8.39298612  0.98674041 21.33284208]]
[[ 5.41971129 17.55821775 -8.52470487]]
[[-4.31386572 -3.74542472 21.87227721]]
[[-3.39206166 -4.66548324 21.87021728]]
[[-5.75952403 21.8763643  -2.30527948]]
[[-8.42044386 14.18323165  8.72682772]]
[[-5.00078943 21.86909551 -3.05595707]]
[[-5.14466803 21.87308749 -2.91608668]]
[[ 5.3620956  -8.53088772 17.62034091]]
[[21.87975555 -2.25704449 -5.81081161]]
[[10.25840847 -8.40257925 12.63734583]]
[[21.8718811  -2.25901657 -5.80203035]]
[[13.67579691 -8.41076682  9.22605115]]
[[-5.69550312 21.8783737  -2.37102058]]
[[21.87558462 -2.96743304 -5.0954141 ]]
[[-4.70357058 -3.35988234 21.87669621]]
[[21.8697596  -5.47368228 -2.58472988]]
[[-6.13487882 -1.91403769 21.85741585]]
[[21.87527546 -5.0124405  -3.05007146]]
[[ 9.02968446 -8.41539015 13.87628541]]
[[-8.3970801  11.84322329 11.04717552]]
[[-8.4101574  13.80923706  9.09160702]]
[[ 6.20578498 16.75278379 -8.48867032]]
[[21.87989549 -5.27505126 -2.7917095 ]]
[[ 8.80911702 14.10077389 -8.41987151]]
[[21.87147841 -2.22415598 -5.8365202 ]]
[[ 8.37898865 14.53939458 -8.42979295]]
[[21.86507249 -6.38544334 -1.67122649]]
[[-5.57147588 21.87547647 -2.49208303]]
[[-1.806839   21.85635933 -6.24163231]]
[[ 9.93620996 12.96343649 -8.40708613]]
[[15.41915688  7.5122819  -8.44747068]]
[[11.08872075 11.80216041 -8.39734253]]
[[ 9.91296788 -8.40075548 12.98037548]]
[[-3.12932078 -4.93562902 21.87815787]]
[[-0.73275398 21.81504006 -7.27910712]]
[[-8.4123521  13.81112106  9.09191539]]
[[-4.12568998 -3.92781744 21.86596966]]
[[21.87619588 -5.78709079 -2.2777109 ]]
[[-8.43151241  8.20983205 14.70946582]]
[[-3.25489807 21.88134338 -4.81266765]]
[[10.09859482 12.7937428  -8.39944808]]
[[21.85640631 -3.54354238 -4.50160184]]
[[-8.39546648 21.33169302  0.98633479]]
[[12.36560889 10.52277266 -8.3952625 ]]
[[ 9.0627509  13.84314164 -8.41511976]]
[[21.87843356 -4.43254362 -3.63226943]]
[[-8.56134021  4.53657961 18.44536464]]
[[-5.69995823 -2.36778797 21.88007289]]
[[13.77298318 -8.41474183  9.13271985]]
[[11.03717483 -8.39769721 11.85398145]]
[[13.97391477  8.93285105 -8.41650116]]
[[-8.39836041  9.94143211 12.94926942]]
[[12.35836557 -8.3984842  10.53330862]]
[[-6.42260636 -1.62271205 21.85236068]]
[[21.87832514 -5.14490434 -2.92028838]]
[[11.10642233 11.78620011 -8.39888004]]
[[13.65668914 -8.40961342  9.2441876 ]]
[[-4.97107615 -3.08515198 21.86824966]]
[[21.85569376 -4.32134522 -3.72305108]]
[[11.16615226 -8.39872947 11.72598268]]
[[-8.39850909 11.2169719  11.67507679]]
[[-2.95275614 21.88423158 -5.11778713]]
[[ 0.06415295 21.67122123 -7.92245012]]
[[13.447154   -8.40659704  9.45100659]]
[[ 7.79577562 -8.43763711 15.12767873]]
[[11.15826397 -8.39824893 11.73362963]]
[[-2.88410793 -5.1774762  21.87412298]]
[[21.85459249 -3.58730696 -4.45619669]]
[[ 8.84433621 -8.41931239 14.06510676]]
[[11.69988952 11.18670248 -8.39313235]]
[[21.45912626 -8.28516508  0.70322173]]
[[21.87174718 -5.77457906 -2.28625302]]
[[16.89131541 -8.49728336  6.07330379]]
[[ 1.54541473 21.02429189 -8.53135185]]
[[-8.40854767  9.58971232 13.31080662]]
[[-3.88280154 21.87891936 -4.18236207]]
[[11.13390311 -8.39305163 11.75261858]]
[[14.52014683  8.39091241 -8.42282425]]
[[14.37239051 -8.42531518  8.54200121]]
[[-1.1092495  -6.93144516 21.84605148]]
[[-5.64222601 -2.43129087 21.88658559]]
[[-8.39843266 10.01544727 12.8753532 ]]
[[21.8649241  -3.2733965  -4.77964241]]
[[18.10859679  4.87128979 -8.54350019]]
[[ 8.11484017 -8.43394903 14.80639841]]
[[-8.55055808  1.65466215 20.95390204]]
[[-3.94011447 -4.12525226 21.87922599]]
[[ 9.96664465 12.92745451 -8.40154878]]
[[12.73365925 -8.39830178 10.1572876 ]]
[[12.46819485 -8.39588316 10.42058799]]
[[-8.43042657  8.30985926 14.60876408]]
[[11.760963   -8.39879875 11.13134866]]
[[ 9.20694897 13.69652336 -8.41238119]]
[[21.84882267 -1.50851973 -6.53412592]]
[[-3.11587615 -4.94437661 21.87279694]]
[[-8.43370449  8.04288049 14.8776833 ]]
[[21.84520518 -6.41244974 -1.62637735]]
[[16.06467276  6.88078352 -8.4668884 ]]
[[-1.32065239 21.84964198 -6.7228295 ]]
[[-8.40135236 10.27295088 12.62132099]]
[[21.87275249 -5.17071176 -2.88980432]]
[[-8.4011816   9.94231944 12.95125344]]
[[ 5.26102697 17.72019134 -8.5324328 ]]
[[12.24715346 10.64068088 -8.39461011]]
[[19.27845921  3.68876042 -8.6017602 ]]
[[-3.18710927 21.87187894 -4.87227029]]
[[-3.04847155 -4.99550853 21.85461963]]
[[ 8.99734885 13.91031225 -8.41711213]]
[[-8.61794061  2.96423192 19.94359047]]
[[-4.70118512 21.87526417 -3.36073638]]
[[-3.42518841 -4.64144652 21.88037813]]
[[12.64132434 -8.39762262 10.24898117]]
[[21.87829415 -4.60179707 -3.4629685 ]]
[[-8.40449718 10.21789795 12.67953283]]
[[-4.82913147 -3.22511935 21.86628852]]
[[ 9.0551292  -8.4163918  13.85214127]]
[[ 8.07234836 -8.43493165 14.84962377]]
[[-2.44025524 -5.61483087 21.86591928]]
[[-2.33743672 21.87084661 -5.72206608]]
[[-8.43486241 14.90817482  8.01338459]]
[[11.13800024 -8.38877799 11.7440342 ]]
[[21.87050497 -4.17239688 -3.88531243]]
[[ 6.01355947 16.94608738 -8.49262219]]
[[-4.91376034 21.88407235 -3.1564079 ]]
[[21.81696582 -7.18897763 -0.82565694]]
[[-1.75767861 -6.30918875 21.87693945]]
[[-8.39929319 12.15600187 10.73671938]]
[[14.08591519 -8.41900044  8.82310722]]
[[-8.55402636 18.16449577  4.82274429]]
[[-8.40768368  9.77697881 13.12305002]]
[[21.85063009 -3.59391092 -4.44586744]]
[[-8.45277456 15.58039399  7.35500654]]
[[-3.90628872 -4.14675572 21.86528952]]
[[11.35877611 -8.39712923 11.53198831]]
[[10.99217049 11.8964464  -8.39542248]]
[[-8.39241844 12.07987711 10.80582254]]
[[ 0.19145984 -8.00886923 21.63739204]]
[[21.87562815 -2.84474533 -5.21825147]]
[[-8.43214684  8.0314292  14.88734004]]
[[11.59811156 11.29038519 -8.39509016]]
[[-6.7620951  21.85030458 -1.2824619 ]]
[[-8.39555057 11.63722222 11.25180105]]
[[21.77045365 -7.55191774 -0.41554965]]
[[-3.61286629 -4.44629023 21.8720247 ]]
[[ 5.07457379 -8.53592878 17.90467595]]
[[21.86180227 -3.65387533 -4.39611261]]
[[-5.78672862 21.87773564 -2.27938036]]
[[21.87296582 -4.96223873 -3.09820496]]
[[11.6912535  -8.39352395 11.19565625]]
[[21.87958177 -2.89791924 -5.16854383]]
[[-7.54188878 -0.42893112 21.77370321]]
[[-8.50715737 17.22724148  5.74153443]]
[[-8.28451194  0.69519923 21.46116217]]
[[11.82361905 11.06953428 -8.39952791]]
[[13.1839257  -8.40719331  9.71534499]]
[[-8.4157306  13.89691613  9.00936145]]
[[19.32710568  3.64366528 -8.60840747]]
[[-8.40622633 13.04476774  9.85379908]]
[[12.13486062 10.7497519  -8.39152908]]
[[-8.39523904 11.77721153 11.11147767]]
[[21.85970233 -6.4660177  -1.58607994]]
[[ 6.03077423 -8.49539723 16.93120971]]
[[-8.47078001  6.80426343 16.14417761]]
[[13.75085977  9.15540901 -8.4153231 ]]
[[-4.11326355 21.87211985 -3.94578396]]
[[-8.40097196 12.40938335 10.48467065]]
[[-8.4133819  13.78611168  9.11805642]]
[[-6.73108549 21.86126614 -1.32293999]]
[[-5.52957334 21.87523425 -2.53373276]]
[[12.19614363 -8.39613861 10.69325119]]
[[-5.82190579 21.87763117 -2.24421158]]
[[14.53541685  8.37995183 -8.42681143]]
[[21.8514274  -6.08256736 -1.96090727]]
[[-3.60954784 -4.44654643 21.86859337]]
[[-3.12136233 21.88064747 -4.9458434 ]]
[[21.88683422 -3.45457255 -4.61766613]]
[[-1.68188918 -6.37723073 21.86854912]]
[[ 8.09238602 -8.43418642 14.82898144]]
[[11.65715487 11.23054051 -8.39414581]]
[[10.70319297 12.18334888 -8.39321701]]
[[12.68594061 10.21146089 -8.40440095]]
[[17.90295137  5.08212547 -8.54207938]]
[[-8.41032765  8.99770961 13.90287719]]
[[-8.40231025 10.21817119 12.6772529 ]]
[[-3.53958032 -4.51591788 21.86790584]]
[[-8.39415508 11.12876606 11.7589215 ]]
[[-8.46137916  7.00959401 15.93146236]]
[[12.51810267 10.37541614 -8.40048262]]
[[-8.44145441  7.75940821 15.1673603 ]]
[[ 9.45544035 -8.40802901 13.44426752]]
[[-8.39188763 11.12519154 11.75988615]]
[[21.8730584  -5.89986628 -2.16246262]]
[[-8.41242514 13.50259647  9.40144329]]
[[11.88511467 -8.39573507 11.00411806]]
[[13.95983528 -8.41521142  8.94581295]]
[[-5.3217615  21.86592617 -2.73282849]]
[[-8.39472016 11.2638487  11.62434196]]
[[ 8.66574986 -8.42263499 14.24639472]]
[[21.85766888 -6.39007213 -1.65981139]]
[[-7.43395438 -0.54396131 21.77862728]]
[[-2.24074138 -5.82936305 21.88208451]]
[[19.55370617  3.39719429 -8.61285879]]
[[11.38994592 -8.39518585 11.49887974]]
[[-8.39572717 10.79682823 12.09244567]]
[[-7.98729974 21.64188075  0.16119577]]
[[21.87949386 -4.53635099 -3.5294125 ]]
[[-5.70863974 21.87654172 -2.35631673]]
[[-6.8107165  21.83304327 -1.2184801 ]]
[[-8.53193835 17.83716683  5.13996246]]
[[-8.40057933 12.38841817 10.50523729]]
[[14.43725026 -8.42691036  8.47848517]]
[[-1.40013972 21.86102009 -6.65355494]]
[[12.70614362 10.18763871 -8.40078338]]
[[11.3615209  -8.3974717  11.52943347]]
[[21.8556895  -2.52904451 -5.51671436]]
[[-3.4010445  21.87681831 -4.66250822]]
[[-2.37304878 21.87235233 -5.68787195]]
[[-5.09790842 -2.9680924  21.87923483]]
[[10.47022832 12.41989202 -8.39698246]]
[[-3.24752471 21.87943613 -4.81842595]]
[[19.35866544 -8.60356494  3.60282002]]
[[-7.30081558 21.81137198 -0.70761966]]
[[11.57853702 11.31152857 -8.3963665 ]]
[[16.18414399 -8.46774248  6.7604608 ]]
[[-1.8633802  21.86279202 -6.19042024]]
[[ 4.04868663 18.93575054 -8.5926174 ]]
[[13.82327548 -8.41443128  9.08203668]]
[[-2.79214774 21.86515421 -5.26170525]]
[[-2.9075297  -5.14563657 21.86462101]]
[[-2.62341221 -5.43231284 21.86692805]]
[[13.2276008   9.66611876 -8.40186493]]
[[10.38006819 12.511398   -8.39853762]]
[[-8.61543066 20.09238346  2.79121802]]
[[-4.77054571 -3.28615754 21.8691777 ]]
[[-3.61169154 -4.45405722 21.87956129]]
[[-2.82062494 -5.2435765  21.87683509]]
[[21.86980275 -3.97421064 -4.0828686 ]]
[[21.8768077  -4.88039726 -3.1832906 ]]
[[-8.43743365 14.97616377  7.94767589]]
[[-3.47304307 21.87913413 -4.59242361]]
[[-8.40936071  9.25199728 13.64850399]]
[[ 7.68351844 -8.44378976 15.24507317]]
[[-3.65337414 21.85973265 -4.39476343]]
[[21.8724762  -4.44057455 -3.61894936]]
[[21.86030237 -3.76495343 -4.28361865]]
[[21.8819911  -4.3037004  -3.76414039]]
[[-7.3443396  21.80513368 -0.6581501 ]]
[[21.84604738 -1.2287632  -6.81186005]]
[[12.92787764  9.96836101 -8.40359021]]
[[21.85908354 -6.67455335 -1.37764772]]
[[11.94611412 10.94449199 -8.39735082]]
[[-8.41270471 13.65397208  9.24986672]]
[[12.13032812 10.76111064 -8.39791626]]
[[ 9.84859618 13.04945607 -8.40562958]]
[[-4.56384015 21.87515858 -3.49815198]]
[[-0.36244572 -7.59911833 21.7655931 ]]
[[21.87511811 -3.78656303 -4.27524097]]
[[13.57181472  9.3305957  -8.41081551]]
[[-8.56110563  4.54686448 18.43669244]]
[[21.84659356 -3.09152525 -4.94504362]]
[[21.86727468 -6.12689426 -1.9306819 ]]
[[14.93361801  7.9863936  -8.43326429]]
[[10.34242494 -8.39800846 12.54851876]]
[[-6.67213943 21.86412088 -1.38436054]]
[[-4.49109577 -3.57263651 21.87720947]]
[[-8.23788599  0.58496585 21.50152088]]
[[21.88127819 -2.51494683 -5.5536178 ]]
[[21.80917757 -7.28321304 -0.72355276]]
[[-2.04892698 21.87184883 -6.01240491]]
[[-5.01603108 -3.04291708 21.87133974]]
[[-2.10092311 -5.95931537 21.87047427]]
[[11.98364474 -8.39640809 10.90623245]]
[[19.71016133 -8.61259318  3.22355671]]
[[21.81268835 -0.71767291 -7.29210058]]
[[14.44881259  8.46358429 -8.42362745]]
[[-4.92295037 -3.14465168 21.88125369]]
[[21.86097796 -3.95268768 -4.0964199 ]]
[[-8.40866013 13.20853157  9.69223031]]
[[-4.05207904 -4.02022789 21.88747616]]
[[-4.46385533 -3.60095779 21.87860857]]
[[-8.29747923  0.70791398 21.45433845]]
[[-8.40091502 12.71585105 10.17794627]]
[[11.9997588  10.89188084 -8.39802907]]
[[21.87861041 -4.68209219 -3.38300882]]
[[ 8.60483976 14.30496708 -8.42052361]]
[[-8.42036043 14.14247361  8.76768233]]
[[21.8058346  -5.25684511 -2.74210023]]
[[11.69229247 11.19158527 -8.3907046 ]]
[[-3.02705974 21.8503949  -5.01307032]]
[[-2.54583615 21.88242572 -5.52384238]]
[[ 0.22543441 -8.031594   21.62687207]]
[[-8.4299096  14.68298267  8.23482089]]
[[-4.82810161 21.86303127 -3.22323395]]
[[15.19292002 -8.43836429  7.73072218]]
[[-4.18121353 21.87493862 -3.88031668]]
[[-4.71871235 21.86968239 -3.33851998]]
[[ 7.28318126 15.64849716 -8.44965521]]
[[-3.94006927 21.8673492  -4.11470128]]
[[11.69785677 -8.39818809 11.19400035]]
[[-6.77435624 -1.27416466 21.85506891]]
[[21.87178836 -2.9708717  -5.08861974]]
[[-8.39409887 11.30176698 11.5857763 ]]
[[21.87522474 -4.77841718 -3.28379049]]
[[-4.01945604 -4.04712403 21.88075168]]
[[21.87544221 -2.6417323  -5.42158431]]
[[-2.86949434 21.87211596 -5.1903023 ]]
[[-2.37568027 -5.68394499 21.87062711]]
[[-8.40016322 10.65057195 12.2428038 ]]
[[ 8.79043812 14.11467352 -8.41530902]]
[[-2.83855019 21.86296472 -5.21322513]]
[[21.84731427 -1.99892462 -6.04057658]]
[[14.41792579  8.4944335  -8.42356433]]
[[11.20666856 11.68140097 -8.39472526]]
[[-8.49894537 16.95680295  6.00943065]]
[[-3.16585783 21.86817665 -4.89024539]]
[[14.28992488  8.62307455 -8.42349283]]
[[-4.82874517 21.86376045 -3.22332614]]
[[21.88069703 -3.47084917 -4.59597818]]
[[21.86363266 -4.8336728  -3.2181979 ]]
[[-3.70045259 21.86923801 -4.35609401]]
[[-8.40020252 12.67449527 10.21826399]]
[[-5.26363571 -2.78123408 21.85516096]]
[[-4.61787376 -3.4519113  21.8839705 ]]
[[-8.46218609 15.98527185  6.95603346]]
[[-4.96716398 21.87772919 -3.09745428]]
[[12.8015204  10.09700852 -8.40558724]]
[[17.58795954  5.38339627 -8.51839941]]
[[12.3164606  10.56929022 -8.39264878]]
[[ 0.10945357 -7.95361434 21.65987424]]
[[21.87125737 -3.77182174 -4.2865769 ]]
[[-8.42958513  8.23498012 14.68231342]]
[[-8.3945947  11.0856556  11.80219478]]
[[-7.71519832 -0.21344545 21.7334866 ]]
[[-1.95719838 21.87646025 -6.10875222]]
[[-2.04791849 21.87197511 -6.01380329]]
[[-5.53387662 21.88254165 -2.53571848]]
[[-3.91288582 21.88011176 -4.15333109]]
[[21.87386649 -5.70330553 -2.35923093]]
[[20.06754729 -8.6134317   2.81773564]]
[[-8.05847737 21.61655862  0.26800614]]
[[-2.26592835 21.87748716 -5.79998562]]
[[ 7.90591214 15.01144787 -8.43150797]]
[[12.92439207  9.97182451 -8.40365432]]
[[-8.41739306 14.07487912  8.83246066]]
[[14.75798062 -8.43048566  8.15980528]]
[[-5.03451807 -3.0083999  21.85338421]]
[[21.87312345 -6.29954479 -1.76360635]]
[[11.59383201 11.2983844  -8.39870755]]
[[15.44007528  7.49310328 -8.44953689]]
[[21.87564226 -4.45057962 -3.61176253]]
[[21.87593952 -2.72004531 -5.34354053]]
[[-6.04001058 21.86603373 -2.01648903]]
[[15.40274268  7.52673181 -8.44555316]]
[[-6.42273699 -1.63785724 21.8693482 ]]
[[21.88050092 -5.18737027 -2.87997453]]
[[-8.43566145  8.11310556 14.80998423]]
[[-5.10589842 21.87162863 -2.95351522]]
[[-3.52235654 21.86137961 -4.52728161]]
[[ 2.55885293 20.28698502 -8.61152178]]
[[-8.42786355  8.38217045 14.53418967]]
[[ 8.49828473 -8.42519725 14.41600821]]
[[-3.94278204 -4.1193315  21.87559602]]
[[21.87524952 -2.0758717  -5.98862367]]
[[21.87524154 -5.50385253 -2.55946545]]
[[21.84728159 -1.51478292 -6.52611276]]
[[21.86993022 -2.22700179 -5.83221391]]
[[21.87252298 -4.99154279 -3.06847492]]
[[-5.64424251 -2.4179993  21.87372838]]
[[ 4.84965277 -8.55067327 18.13566663]]
[[-4.99561977 -3.05945312 21.8669116 ]]
[[16.57218576 -8.48564317  6.3861271 ]]
[[-3.86795902 -4.19462623 21.87598053]]
[[ 5.70665984 17.26135765 -8.5077647 ]]
[[-8.39418791 11.28719954 11.60028553]]
[[-8.39549803 11.4393573  11.44956623]]
[[21.57928456 -8.12489566  0.38056969]]
[[21.86955674 -3.88461028 -4.17225484]]
[[-3.40986112 21.87371654 -4.65087154]]
[[21.87963384 -4.41293901 -3.65289473]]
[[-8.52221793 21.05619355  1.49585871]]
[[21.87466369 -4.24611389 -3.81532787]]
[[13.82783162 -8.4117654   9.07448949]]
[[-4.15897713 21.87049422 -3.89872709]]
[[-4.53434296 -3.52920844 21.8770476 ]]
[[-4.85407518 21.85420601 -3.18929095]]
[[11.78525377 11.09913824 -8.39093602]]
[[21.88094021 -2.81777119 -5.2500442 ]]
[[-8.41735492  8.94756618 13.96031452]]
[[21.84352034 -6.80556412 -1.23298924]]
[[16.33931559 -8.47123017  6.60725955]]
[[ 7.05090078 -8.46126845 15.89039498]]
[[21.87118758 -3.86034644 -4.19789398]]
[[13.85416423 -8.41593511  9.05251384]]
[[21.86583672 -3.66035616 -4.39324617]]
[[12.70748828 10.1863187  -8.40102969]]
[[12.40890661 10.48508158 -8.40071374]]
[[-8.41273059  9.17558682 13.72804615]]
[[20.56108294  2.21296951 -8.60418946]]
[[15.02681076 -8.43697002  7.89651469]]
[[-0.58505951 21.79710194 -7.40941348]]
[[-4.85675415 21.84437186 -3.1776989 ]]
[[-8.44153278  7.66893936 15.25728028]]
[[18.20769189 -8.547861    4.77218061]]
[[-2.45899034 21.87208096 -5.6017438 ]]
[[12.57025888 -8.40166266 10.32430941]]
[[11.37246648 -8.39828263 11.51924954]]
[[-3.7379984  -4.32142955 21.87250678]]
[[12.15727841 -8.40030374 10.73628118]]
[[-6.01319419 21.85809825 -2.03596542]]
[[21.85925674 -4.2383125  -3.80934091]]
[[10.5321737  -8.39625269 12.35735941]]
[[-8.41221163  9.11378153 13.78935104]]
[[-2.50600612 -5.55650088 21.87467075]]
[[-6.88003308 21.82440732 -1.14144976]]
[[-5.6360202  -2.42031182 21.86720787]]
[[21.86221362 -1.53338944 -6.52089002]]
[[21.87324008 -4.31884042 -3.74132269]]
[[12.05898025 10.83552983 -8.40096138]]
[[-4.82371432 21.88172353 -3.24413583]]
[[ 8.63068714 -8.42257025 14.28115606]]
[[ 8.5723032  14.33899567 -8.4220108 ]]
[[-3.15389467 21.87092408 -4.90437745]]
[[11.50554404 -8.39877335 11.38695579]]
[[-8.47211135 16.22810521  6.72088743]]
[[-4.31429736 21.86010706 -3.73402938]]
[[-8.39768143 12.46922957 10.42142381]]
[[15.01860915 -8.43643351  7.90384755]]
[[12.98478077 -8.40263691  9.91021627]]
[[-8.5502073  18.23893994  4.74341446]]
[[-6.38515612 -1.67747269 21.87182395]]
[[12.94602509 -8.40303095  9.9494842 ]]
[[-3.34439101 -4.70945461 21.86588897]]
[[-4.63122322 21.88239976 -3.43711892]]
[[13.81561358 -8.41186508  9.08706697]]
[[11.52410096 11.36603071 -8.39669847]]
[[21.7570618  -0.32825724 -7.62520913]]
[[-8.41670311  8.8467447  14.06006146]]
[[21.87496953 -5.75013147 -2.31326679]]
[[-4.79221821 -3.26476877 21.86928992]]
[[ 6.90188939 -8.46537958 16.04193568]]
[[21.8657695  -6.15022357 -1.90639469]]
[[ 9.1482599  -8.4097079  13.75221223]]
[[-2.58760982 -5.47562761 21.8754682 ]]
[[ 7.70339261 -8.44140401 15.22305059]]
[[-4.82828169 21.88043058 -3.23853366]]
[[-8.45669885 15.81373526  7.12345483]]
[[-3.68993869 21.86987256 -4.36725751]]
[[21.87316579 -3.55911939 -4.50099507]]
[[ 6.10810588 -8.49189742 16.8516124 ]]
[[ 8.9723486  13.93633823 -8.41804643]]
[[12.33603518 10.55460406 -8.39758303]]
[[-6.40749076 21.87388903 -1.65689249]]
[[13.32063226  9.57550544 -8.4042996 ]]
[[-1.30104003 -6.74080991 21.84734903]]
[[11.9258354  -8.39415152 10.96162209]]
[[ 2.95933429 -8.61293149 19.94402322]]
[[21.87527228 -5.77898625 -2.28502276]]
[[-8.43713335 14.95629648  7.96736022]]
[[14.55757543  8.35415973 -8.42373522]]
[[-5.01957231 21.87743092 -3.04470494]]
[[21.85942924 -4.51493096 -3.53280218]]
[[10.23025733 -8.39640955 12.65880841]]
[[21.8845256  -3.24275979 -4.82747234]]
[[-4.57257733 21.87684953 -3.49091268]]
[[ 4.38434777 18.60056792 -8.57237818]]
[[-1.27858184 21.85181218 -6.76737711]]
[[ 7.6329503  -8.44346867 15.29493928]]
[[21.86322295 -5.67276421 -2.38007872]]
[[-5.90340486 21.86114595 -2.14777656]]
[[-4.28195114 21.87481881 -3.77961284]]
[[-4.77754035 -3.28439478 21.87490529]]
[[ 5.90328088 -8.50139665 17.06222775]]
[[21.87515632 -5.84715615 -2.21690313]]
[[10.63608029 12.25831229 -8.40107556]]
[[-8.4397291  15.03017725  7.89575349]]
[[21.86888025 -1.84131839 -6.21828445]]
[[-0.43291115 21.76405347 -7.530363  ]]
[[17.93167372  5.04608638 -8.53507075]]
[[-3.21522345 -4.85242488 21.88130063]]
[[-4.43964047 21.86742327 -3.61538636]]
[[21.8686939  -6.09332126 -1.96571499]]
[[12.46908126 -8.403301   10.42742515]]
[[21.88286727 -4.58843654 -3.48014139]]
[[-5.52828351 -2.53688619 21.87762069]]
[[11.74724596 11.14318015 -8.39678351]]
[[-3.76130825 -4.28516687 21.85806517]]
[[ 9.73233573 13.16145029 -8.40186225]]
[[ 8.9899258  -8.41396188 13.91453132]]
[[-2.74238275 21.87137212 -5.31683501]]
[[13.2040974  -8.40584658  9.69394018]]
[[-8.41060025  9.52290899 13.37971929]]
[[17.40374174 -8.52109307  5.57443472]]
[[17.70089461 -8.52772438  5.27575228]]
[[10.48369794 -8.40315373 12.41274428]]
[[-5.05367552 -2.99406747 21.85874772]]
[[21.87643597 -5.43742208 -2.62684008]]
[[-8.39654167 10.6748875  12.21490982]]
[[-0.31838443 21.75554772 -7.6332728 ]]
[[-8.44535455  7.46549436 15.46310256]]
[[21.8582305  -4.87850711 -3.16855139]]
[[-8.42585467 14.43809755  8.47673565]]
[[21.83310138 -7.07815467 -0.95084828]]
[[-8.42017003 14.24826115  8.66133295]]
[[-5.10491992 -2.96186907 21.87995727]]
[[-6.27189848 -1.78123942 21.86186109]]
[[-6.25035348 -1.80754207 21.86716066]]
[[-8.47663364  1.30549774 21.1653144 ]]
[[13.2353729   9.66456892 -8.40787783]]
[[-8.40395703 12.70335556 10.19342887]]
[[21.87185125 -5.53073829 -2.52965324]]
[[21.86642538 -4.19409609 -3.85998192]]
[[-4.93210598 -3.12971795 21.87460106]]
[[21.87322696 -3.29662247 -4.76360976]]
[[-8.41438945 13.95938775  8.94519277]]
[[-3.73625624 -4.31894616 21.86768798]]
[[-0.76607564 21.81859325 -7.24930676]]
[[-5.86236433 21.87172848 -2.19859054]]
[[10.69852626 -8.3966372  12.19152088]]
[[21.86959052 -2.44641374 -5.61213113]]
[[-6.88480923 -1.1551844  21.84544459]]
[[21.85133211 -3.39849196 -4.64209258]]
[[-4.16850644 -3.89947802 21.88213527]]
[[-8.40854286 13.42543324  9.4747384 ]]
[[-5.30138543 -2.77035344 21.88530052]]
[[10.3676827  -8.39352333 12.51864361]]
[[-8.40501215 13.39242142  9.50415542]]
[[-8.40021302  9.93613308 12.95651146]]
[[-6.25092017 -1.77879222 21.83577169]]
[[-8.41337988  9.11278762 13.79133754]]
[[12.45899089 -8.40087692 10.43512291]]
[[21.87602539 -5.25243563 -2.81098223]]
[[13.12268228  9.77446425 -8.40478163]]
[[21.87658345 -3.09169172 -4.97192319]]
[[13.57667918 -8.40882138  9.32342575]]
[[-8.57916471  4.25550237 18.72902553]]
[[ 7.6443589  15.2871949  -8.44677414]]
[[-5.14607541 21.88325469 -2.92361424]]
[[-4.7208611  21.8815446  -3.34665988]]
[[-4.17763253 21.87991371 -3.88823805]]
[[-3.83424819 21.8483982  -4.20352409]]
[[ 7.82701855 -8.43888834 15.09752236]]
[[21.8799611  -3.73965368 -4.32644408]]
[[21.87684013 -4.53419231 -3.52929448]]
[[-3.88048823 -4.18007145 21.87377547]]
[[ 7.54600301 15.38410804 -8.44614323]]
[[-3.59442008 21.88060365 -4.47225595]]
[[-4.98931268 -3.07338536 21.87552198]]
[[-4.76997163 21.87020863 -3.28771898]]
[[-3.44473132 -4.60921915 21.866198  ]]
[[-3.3770514  -4.68579726 21.87604603]]
[[-8.40421653  9.79613671 13.10031171]]
[[-8.4612787   6.9751126  15.96579228]]
[[11.34663291 -8.39612194 11.54306664]]
[[ 3.5897771  19.36981191 -8.6018728 ]]
[[12.38569418 -8.39772412 10.50523257]]
[[ 7.30611645 15.62797551 -8.45205941]]
[[21.83821978 -0.98283157 -7.05096986]]
[[11.25424699 -8.38874612 11.62775518]]
[[21.86241926 -1.65715805 -6.39726254]]
[[21.88008394 -4.10516847 -3.9609861 ]]
[[10.46185958 12.42971897 -8.39827865]]
[[-8.40275761 10.26639742 12.62930011]]
[[12.2930741  10.60205345 -8.40164524]]
[[15.05396948 -8.43547395  7.86725182]]
[[21.86819857 -3.98327755 -4.07229057]]
[[-1.54735219 21.86554801 -6.50982402]]
[[21.87972395 -4.76212347 -3.30391833]]
[[12.15686677 -8.39761243 10.73406089]]
[[10.56910623 12.31937049 -8.39524399]]
[[ 0.3986121  -8.13569356 21.57060035]]
[[14.28950371  8.62279428 -8.42282654]]
[[12.5635338  10.32936377 -8.40001444]]
[[-5.84351078 -2.21544846 21.86953066]]
[[15.93000845 -8.464227    7.01415365]]
[[-8.39713669 10.49808556 12.39212868]]
