[[-15.40182661   7.90568219  -7.04770614]]
[[-13.19002226   7.91240468  -9.27462803]]
[[-14.12394804  -8.35273678   7.90378731]]
[[ -6.71490577   7.85272262 -15.75755859]]
[[  6.38346468 -21.30038129   1.09008719]]
[[-10.31625528   7.89720243 -12.13227723]]
[[  7.9366771   -9.59280966 -12.8915139 ]]
[[-10.32437773 -12.03487263   7.81160473]]
[[-14.62680696  -7.81671332   7.909519  ]]
[[ -8.71106814   7.89172039 -13.73894063]]
[[-14.80705409  -7.68681335   7.90171608]]
[[-13.37879857  -9.09891697   7.92933089]]
[[  7.87164752 -10.03422149 -12.38748862]]
[[-10.32359827 -12.1302405    7.90628378]]
[[  7.93874703  -9.70372838 -12.77397391]]
[[  7.93281489  -8.95237563 -13.5300446 ]]
[[  7.93692641 -11.44856368 -11.02369696]]
[[  7.92767367  -8.60806579 -13.85954887]]
[[  7.92848303  -8.48619559 -13.98334059]]
[[-12.25107931 -10.21969762   7.93547779]]
[[-15.56987875   7.904386    -6.86296886]]
[[-17.3125793    7.86578545  -5.09047645]]
[[-12.85857047   7.94087016  -9.62376563]]
[[-13.61391921   7.93668879  -8.86496384]]
[[  7.95938909 -10.21103207 -12.28583686]]
[[  7.92064796 -13.27765112  -9.19123145]]
[[-12.10403214 -10.3658957    7.93329809]]
[[ -8.92907542 -13.37616871   7.76206287]]
[[-16.97980244  -5.43389416   7.86588185]]
[[ -9.53691206   7.86421296 -12.87921399]]
[[  7.89429042 -15.16883876  -7.25758336]]
[[-13.12783451   7.89232549  -9.32248857]]
[[-13.48572081   7.91829667  -8.98679252]]
[[-13.9104166   -8.56146289   7.93026911]]
[[ -9.90838171   7.93047404 -12.5606686 ]]
[[  4.10882537 -21.33422701   3.38983062]]
[[ -8.23737923 -14.22035043   7.91391735]]
[[ -8.86113859   7.92892563 -13.61735247]]
[[-21.30934831   4.41552802   3.05976785]]
[[  1.6378015  -21.3126286    5.84393375]]
[[-10.36789557 -12.10200703   7.93118384]]
[[-14.55428086  -7.90248274   7.89237513]]
[[-21.32172461   6.36405295   1.13192888]]
[[ -6.63745415   7.87848568 -15.78924308]]
[[  7.90969241 -13.20101844  -9.26256503]]
[[  7.93292734 -10.16231509 -12.30889697]]
[[-13.51859205   7.92890217  -8.95662568]]
[[-11.18503728 -11.15692415   7.79617819]]
[[  7.908687   -12.6157755   -9.83528117]]
[[-10.6149341  -11.84213241   7.90922947]]
[[ -9.6206734    7.91635644 -12.83999012]]
[[-11.01808051   7.65157231 -11.15601806]]
[[-14.88077716   7.8921538   -7.5492076 ]]
[[  7.93972216 -12.09717022 -10.38004911]]
[[ -8.35094803   7.90655456 -14.09781435]]
[[  7.93197666 -10.63665993 -11.83148261]]
[[  7.91151861 -14.65039845  -7.83025136]]
[[  7.89885172  -1.889579   -20.22070114]]
[[ -9.2939677  -13.18199628   7.92756477]]
[[  7.93603366 -13.62275114  -8.85540406]]
[[  7.84783651 -15.00682319  -7.43358096]]
[[  5.41620477 -21.32795407   2.0786731 ]]
[[ -9.50499636 -12.97219336   7.93194189]]
[[-11.83804926   7.92351442 -10.62345978]]
[[-11.65984007 -10.80215486   7.9219154 ]]
[[  7.86321956  -9.97120279 -12.44060297]]
[[-15.15711027  -7.34796738   7.84239044]]
[[-14.07852285   7.91643332  -8.37573218]]
[[  3.7877845  -21.33821222   3.71472072]]
[[-13.16591172  -9.31154093   7.93748126]]
[[-11.22910085 -11.15935274   7.83985932]]
[[ -6.59538025 -15.91116643   7.75555169]]
[[  7.92649778  -8.58851846 -13.88522131]]
[[-13.25190402  -9.22906417   7.93971665]]
[[-10.20693427   7.93589036 -12.26855311]]
[[-12.67994438  -9.77697608   7.9031256 ]]
[[ -4.77239029   7.89318567 -17.61948553]]
[[  3.08825156   4.41360219 -21.33639211]]
[[ -8.03197997 -14.38717585   7.85017405]]
[[  7.94088726  -9.51274768 -12.96565323]]
[[-10.29489866   7.82658749 -12.08341267]]
[[-12.40072763 -10.06206692   7.9235922 ]]
[[ -7.79572244   7.91845907 -14.67278221]]
[[-14.67071691   7.89986293  -7.80720372]]
[[-11.0927347  -11.35272018   7.90665527]]
[[-14.51683304  -7.97550189   7.91855028]]
[[-14.63101562  -7.85475739   7.88582861]]
[[ -9.16897794   7.93698499 -13.31278315]]
[[  7.8591306  -10.99706426 -11.41791122]]
[[  7.90332678 -13.24617435  -9.21031743]]
[[-16.08806813  -6.34537551   7.86585171]]
[[  7.89394337 -11.81571548 -10.61935966]]
[[ -8.36003698   7.92256444 -14.10080591]]
[[ -8.04401126   7.91062896 -14.43114985]]
[[ -8.60084956 -13.8723719    7.93195313]]
[[-10.68763455 -11.71238389   7.84521856]]
[[-21.31777098   1.27040721   6.22002205]]
[[  7.91034914  -6.86737797 -15.57051751]]
[[-13.21067709  -9.18495921   7.84481533]]
[[ -6.07477128 -16.34340168   7.88343045]]
[[-11.42590299   7.94061024 -11.04992977]]
[[ -8.84507109   7.92602578 -13.6381665 ]]
[[-10.87209835   7.87211007 -11.55352118]]
[[ -8.1589192    7.87670233 -14.28212927]]
[[-11.14928248   7.93962466 -11.32587331]]
[[ -9.1222995  -13.32917879   7.90288556]]
[[-10.25760939   7.83963139 -12.13648008]]
[[-10.171258   -12.28972234   7.919001  ]]
[[  7.92611304 -13.98870337  -8.47764041]]
[[ -4.11549039   7.87507305 -18.25707387]]
[[  7.8695471   -6.6273303  -15.82766263]]
[[-14.32601065  -8.11620637   7.89105309]]
[[-13.24961765  -9.18415359   7.87371492]]
[[  7.92801506 -12.30457952 -10.16380042]]
[[-13.843809    -8.63285971   7.93623834]]
[[-12.54509341  -9.90883765   7.91146318]]
[[-11.47115476   7.93071687 -10.9949406 ]]
[[-10.94679701   7.92504883 -11.51555401]]
[[-11.86672142   7.86656227 -10.55358312]]
[[-12.07919712 -10.40103187   7.94432512]]
[[  7.89429667  -6.93767081 -15.49942512]]
[[  7.88803153 -10.52882082 -11.9013042 ]]
[[ -7.07009016   7.88087051 -15.44730053]]
[[  7.92067096 -11.4865958  -10.97556946]]
[[-10.92361504   7.8515925  -11.48086341]]
[[  7.93263183  -9.78186306 -12.69867216]]
[[  7.9011407  -13.73998979  -8.70972478]]
[[-12.60671345  -9.8595526    7.92615236]]
[[  7.90511313  -8.81001113 -13.6393323 ]]
[[  7.94713432 -12.5405477   -9.94472553]]
[[ -7.84915964 -14.64436077   7.91434255]]
[[-14.24173174  -8.22459737   7.92318101]]
[[  1.67962096 -21.3232983    5.81246299]]
[[  7.86621925 -10.96790205 -11.44611583]]
[[  7.88929474  -7.295763   -15.18310553]]
[[-10.89917302   7.88993338 -11.54089903]]
[[-11.39433359 -11.01427123   7.85965822]]
[[  3.92001244 -21.31912937   3.56400204]]
[[-10.57863823 -11.89274321   7.93619141]]
[[-21.32971131   2.75929904   4.73572914]]
[[ -9.77879201   7.92975276 -12.68795913]]
[[-12.58114207  -9.88321895   7.92681182]]
[[-10.86771439 -11.52633386   7.84410491]]
[[  7.88392123 -11.5575896  -10.87715885]]
[[-11.27712221   7.85287525 -11.13056566]]
[[  7.92596929 -13.73522631  -8.73206023]]
[[  7.85686552 -16.66679182  -5.76042685]]
[[  7.82547597 -11.2579392  -11.11699094]]
[[-13.2213544    7.61598907  -8.91812891]]
[[-11.57254374 -10.81725923   7.83642661]]
[[  7.9280533   -9.13962599 -13.34197343]]
[[  7.90250371  -9.05016042 -13.41365681]]
[[-13.12599189   7.89688778  -9.32767527]]
[[ -8.91583897   7.91451186 -13.55822999]]
[[-11.48243082 -10.92858575   7.85614577]]
[[-11.63051036   7.94509911 -10.85064118]]
[[  4.67268699   2.82630395 -21.333918  ]]
[[  7.90880615 -10.33257354 -12.12210658]]
[[  7.84222628  -6.16036958 -16.28426475]]
[[-11.95164339   7.92938915 -10.5150038 ]]
[[  7.90895618 -10.31220155 -12.14360381]]
[[  7.88417663  -7.80307769 -14.61722197]]
[[  7.84870625 -11.43317602 -10.96706635]]
[[  7.94544338 -12.70100733  -9.78792224]]
[[-13.189265     7.92898052  -9.28445227]]
[[-10.21579488 -12.22746713   7.88579147]]
[[ -8.28899595 -14.15373375   7.89142575]]
[[  7.90553406 -11.57620149 -10.87411603]]
[[  7.93173408 -13.56214702  -8.91579241]]
[[  7.92603975  -8.43011404 -14.03894608]]
[[ -8.35762968 -14.10215461   7.90966045]]
[[-17.50519832   7.88661791  -4.8920869 ]]
[[ -8.56377673   7.62849288 -13.59457229]]
[[-10.16504224   7.91703737 -12.29905478]]
[[ -9.58237559 -12.88665331   7.92607381]]
[[-12.71976754   7.51118348  -9.31203522]]
[[ -9.56494184   7.71620954 -12.68488629]]
[[  7.91641649 -10.7042481  -11.75232518]]
[[-11.15373958 -11.23817855   7.83831284]]
[[-10.55737681 -11.90965575   7.9279608 ]]
[[ -5.98095014 -16.44461067   7.87902318]]
[[-11.83217802 -10.64941857   7.94483138]]
[[  7.89355571 -15.22128283  -7.29313126]]
[[-10.99615219   7.94910623 -11.48806216]]
[[-10.68042121 -11.80700656   7.95130092]]
[[-16.5548619    7.87810708  -5.85619347]]
[[-12.81226216  -9.65269156   7.91479688]]
[[  7.83589295 -11.4301866  -10.95689718]]
[[  7.86441646  -9.05551557 -13.36402465]]
[[-10.13459592 -12.29774698   7.87547553]]
[[-10.27510035   7.87291801 -12.15395694]]
[[-11.16354312   7.92415085 -11.29797012]]
[[-13.30807134  -9.16204361   7.91817253]]
[[  7.9311017  -11.61796615 -10.84929306]]
[[-14.250107     7.86301902  -8.17773356]]
[[  3.56705609   3.91543637 -21.31751143]]
[[  7.90413253 -13.58760459  -8.86453667]]
[[  7.85691793 -15.59646434  -6.85133527]]
[[  7.90007401  -5.8775445  -16.5363861 ]]
[[-13.29140012  -9.18470416   7.93369499]]
[[-10.17229345 -12.29395875   7.92899324]]
[[-12.93197231  -9.53480816   7.92631582]]
[[-10.03599623 -12.42056595   7.90591225]]
[[  7.86765838 -12.06280595 -10.36077572]]
[[  7.83248294 -10.71526383 -11.67051462]]
[[-11.21839038 -11.2512359    7.93130194]]
[[-11.69675265   7.83878045 -10.69495907]]
[[  2.23534476 -21.32045909   5.25129714]]
[[-13.97049805   7.85611564  -8.45215343]]
[[ -9.84627682 -12.62355302   7.92088025]]
[[-12.51572854   7.93542112  -9.9566542 ]]
[[  7.89854789 -16.95648688  -5.44883119]]
[[ -9.43071744   7.93623234 -13.05160078]]
[[-12.37913168 -10.04117643   7.86351589]]
[[-10.50657294 -11.97126587   7.94170797]]
[[  7.9271301   -8.88923225 -13.58183888]]
[[ -9.35196548   7.91569874 -13.1141784 ]]
[[-10.57212086   7.90677982 -11.88286192]]
[[  1.58333413 -21.29801096   5.88566864]]
[[ -7.18011541   7.69287544 -15.22267564]]
[[-11.24910987   7.93305438 -11.22056954]]
[[  7.90431691 -13.39322382  -9.06984961]]
[[-11.90854146 -10.57251924   7.94473781]]
[[-12.12211889   7.94559122 -10.35799658]]
[[  7.91968076 -13.27649942  -9.19367398]]
[[  7.88238412  -5.99576178 -16.44018528]]
[[  7.89730402  -8.81755386 -13.64499896]]
[[ -9.5309176    7.93810729 -12.95169593]]
[[  7.92768898 -11.32487726 -11.14099374]]
[[-11.56973242   7.84186067 -10.82560553]]
[[ -9.65084451 -12.78664361   7.88174818]]
[[ -8.30146469   7.93686129 -14.19813873]]
[[  3.88329049   3.60043298 -21.31892459]]
[[-21.3337166    2.21505534   5.2858288 ]]
[[-15.25607361   7.90350579  -7.20687611]]
[[  7.8679709   -9.77443446 -12.65272285]]
[[-10.10535576   7.91667305 -12.35488947]]
[[  7.77559035  -6.18261458 -16.28677316]]
[[-11.40763739 -10.99574288   7.84807561]]
[[  7.73933118  -7.83453245 -14.4655847 ]]
[[ -7.78211887   7.88847165 -14.64603205]]
[[ -6.67819324   7.85292513 -15.81994966]]
[[ -9.6593531    7.86882697 -12.7574369 ]]
[[  7.93354734  -2.70507624 -19.5889239 ]]
[[  7.91659205  -9.53053941 -12.93286129]]
[[  7.93507372 -13.11198913  -9.36226437]]
[[ -9.95458078   7.94618559 -12.52828995]]
[[  4.83259258 -21.33585082   2.66940073]]
[[  3.76857831   3.705536   -21.30825066]]
[[-11.1363895  -11.34178541   7.94056698]]
[[ -9.70097387 -12.72608975   7.87168259]]
[[  7.93026364  -9.42706951 -13.0499039 ]]
[[-21.31952386   2.75679103   4.72817795]]
[[-11.8492165    7.93070836 -10.61795881]]
[[  7.93532622  -9.49825302 -12.97937424]]
[[  7.87891508 -16.37717137  -6.03295888]]
[[ -9.89394784 -12.57256767   7.92332633]]
[[ -9.8502847  -12.62327988   7.93663895]]
[[ -9.50021164   7.93302202 -12.97410286]]
[[  7.84001933 -12.38978443 -10.00423969]]
[[-21.31825026   3.96223161   3.52121613]]
[[  7.93634728 -10.58400731 -11.89192314]]
[[-12.02981627 -10.44170903   7.93475726]]
[[ -0.83838529 -20.87651912   7.76663675]]
[[  3.50813962 -21.33990278   3.99663212]]
[[ -5.34633178   7.81855801 -17.05887428]]
[[  7.91682606 -12.17593355 -10.2814074 ]]
[[-14.07709816   7.87313334  -8.36029185]]
[[-10.47493417 -11.99643986   7.92675042]]
[[-13.07228664   7.92930864  -9.3985584 ]]
[[-13.13719545   7.91119667  -9.3253527 ]]
[[ -8.49135632   7.92459981 -13.9864169 ]]
[[-12.49344369  -9.98933626   7.94664774]]
[[  7.90983469 -10.56250698 -11.8842045 ]]
[[  5.15264522 -21.34678838   2.36046057]]
[[-21.33878019   3.51176004   3.99224025]]
[[  7.93333215  -8.62941633 -13.83800917]]
[[ -8.92648056   7.92489096 -13.54313145]]
[[-11.23526667   7.86157331 -11.18146616]]
[[-11.29506643   7.87184878 -11.12594392]]
[[ -9.65589876 -12.82592527   7.93982714]]
[[  3.10751055 -21.31401587   4.37216648]]
[[  7.90331031 -12.45364386  -9.99405149]]
[[ -9.22677327 -13.17023737   7.84048988]]
[[-10.00244053   7.9299744  -12.46389388]]
[[ -8.74397815 -13.73020408   7.92793976]]
[[ -9.57476966 -12.91313114   7.94177814]]
[[-10.33853561 -12.1469785    7.9501978 ]]
[[ -9.13590523 -13.34731349   7.92807539]]
[[  7.85682763 -10.41808486 -11.99363552]]
[[  7.95537586 -10.31235149 -12.18037159]]
[[-12.36523694 -10.10339764   7.93012271]]
[[  4.60997692   2.87643725 -21.32124598]]
[[  7.86086338 -10.66198013 -11.75149534]]
[[  7.93331504  -9.72752191 -12.74578452]]
[[  7.91791341 -10.70708378 -11.75296903]]
[[ -9.87399022 -12.62001217   7.94904876]]
[[  7.93147287 -11.97075987 -10.49567132]]
[[-12.3913791    7.95464517 -10.10000615]]
[[-10.86988925 -11.56852813   7.88681085]]
[[  7.90549296  -8.74199634 -13.7107833 ]]
[[-10.41636739 -11.96968691   7.83477946]]
[[  7.89959507  -7.67514048 -14.80065229]]
[[-10.98242909 -11.43377071   7.86486113]]
[[-21.32718096   4.19628146   3.29565939]]
[[  7.90779489 -12.87960699  -9.57315378]]
[[  7.92751173 -12.80528383  -9.66400767]]
[[-11.38857345 -11.07974167   7.93336715]]
[[-12.13932921 -10.18739204   7.78680629]]
[[ -8.83995192   7.91117859 -13.62898081]]
[[-13.02007937  -9.46162527   7.94356867]]
[[-14.1564567   -8.32578807   7.92760055]]
[[  7.87424147  -5.65708836 -16.76231388]]
[[ -6.57209228 -15.92297478   7.86270991]]
[[  7.88939718 -13.96133549  -8.49411005]]
[[-12.59000845  -9.81046144   7.85082234]]
[[  7.89790407 -16.36257864  -6.0648111 ]]
[[-11.09846773   7.93939015 -11.37663863]]
[[-13.65936944   7.92045788  -8.81155454]]
[[  7.56866701  -0.38106643 -21.05332915]]
[[ -9.48861755 -12.98836532   7.92613586]]
[[  7.94540435 -10.67365706 -11.80744821]]
[[  7.88102073  -8.70180875 -13.73490534]]
[[  7.87402012 -12.12671264 -10.3051713 ]]
[[ -9.31329438   7.93160834 -13.16645031]]
[[  3.24529495   4.22684719 -21.30597374]]
[[  7.92130202  -8.41814291 -14.04594912]]
[[-14.45908782   7.87719959  -7.98920827]]
[[ -8.91127653   7.88343077 -13.53123766]]
[[  7.8271332  -11.81770324 -10.56091478]]
[[  7.93130537 -10.93508796 -11.53150201]]
[[  7.93819852 -11.91427466 -10.55956366]]
[[  7.87708765  -6.87043641 -15.62683772]]
[[-15.37914889   7.70004819  -7.11721007]]
[[  7.92488628 -12.20014116 -10.26196488]]
[[  5.68880163 -21.30805708   1.78788347]]
[[ -9.36817938 -13.11101567   7.93320655]]
[[  7.9395489  -12.42132779 -10.0559686 ]]
[[-12.45061032 -10.03064158   7.94519454]]
[[-11.39671506 -11.06408437   7.92534914]]
[[-11.98764294 -10.47549831   7.92402612]]
[[-17.81414061   7.85749728  -4.56072804]]
[[-12.5197187   -9.87727774   7.84954727]]
[[  7.92494219  -8.84432051 -13.62775496]]
[[  2.60948475   4.89210663 -21.33657188]]
[[ -7.87608652   7.91502982 -14.58543829]]
[[  7.66751445 -11.45929165 -10.73240827]]
[[ -9.78523677 -12.66127355   7.88890234]]
[[-11.68620633   7.90932488 -10.76575916]]
[[ -9.24177427 -13.22416348   7.91409643]]
[[-11.41678479 -11.05507757   7.93591537]]
[[-12.21429958   7.92518009 -10.25090814]]
[[  7.92057326  -9.98440723 -12.4781513 ]]
[[-14.64734595  -7.8416214    7.92794306]]
[[  7.90963305 -13.8370902   -8.63562129]]
[[  7.92747697 -13.15813965  -9.30738798]]
[[-10.58437283 -11.89740303   7.94509848]]
[[-10.44272996 -12.02064014   7.9206862 ]]
[[  7.82429375 -12.10610196 -10.26905744]]
[[  7.92920307  -8.20295297 -14.27306529]]
[[ -7.72357371 -14.70998351   7.89607875]]
[[-12.18369037 -10.273315     7.9064968 ]]
[[  7.9420116  -10.60193337 -11.8761016 ]]
[[  7.83396876 -12.52513149  -9.85962321]]
[[-21.33383986   5.37997122   2.12064146]]
[[  7.9388955  -13.63697782  -8.85069752]]
[[ -9.14241814 -13.20363985   7.797387  ]]
[[-10.17965614   7.93375816 -12.29002543]]
[[-15.52602315  -7.02001281   7.80777954]]
[[  7.91138042 -13.31403471  -9.15440476]]
[[-15.63610546  -6.87800822   7.76863627]]
[[  7.90664413  -1.9074641  -20.21671089]]
[[  7.93327328  -9.83397614 -12.65244003]]
[[  7.94277592 -12.45424778 -10.02490817]]
[[  7.89003142 -11.06877542 -11.37131974]]
[[  7.9164392   -9.07484003 -13.39233565]]
[[  2.99493848 -21.3332642    4.50333982]]
[[-13.04044848   7.90650193  -9.4125475 ]]
[[-11.73040545 -10.73979421   7.93377728]]
[[-15.05255836   7.90471867  -7.4267584 ]]
[[-13.8465175    7.86257732  -8.57775756]]
[[  7.91425827 -13.08919796  -9.37787218]]
[[-15.14042847   7.84460693  -7.31748847]]
[[-11.43356525   7.92225959 -11.02962137]]
[[-13.44491428   7.93227701  -9.03215446]]
[[  7.94023429 -11.93746856 -10.53997542]]
[[  7.93285388 -11.38232112 -11.08635925]]
[[  7.92734556 -10.97255996 -11.49482816]]
[[ -7.610992   -14.8318029    7.89476058]]
[[-12.21936673   7.88523536 -10.22074886]]
[[ -8.56925107   7.93499855 -13.90867138]]
[[-12.12193861 -10.34465229   7.9283298 ]]
[[-10.3538418    7.79242233 -11.98369997]]
[[-12.27160207 -10.14941745   7.86532487]]
[[  7.92050273 -12.44187529 -10.0241251 ]]
[[-12.60078249  -9.84807013   7.90313984]]
[[ -7.47971169   7.8853245  -14.94022232]]
[[-13.33882303  -9.12420672   7.91869808]]
[[-10.48012792   7.82336583 -11.89178957]]
[[  3.95876056   3.54785188 -21.34177652]]
[[ -8.75637173 -13.71058002   7.92687171]]
[[  7.92874757 -11.1137669  -11.35216123]]
[[-10.68865309   7.91640101 -11.76892097]]
[[ -6.48227735   7.7992413  -15.99525218]]
[[  7.92482102 -11.93744791 -10.52621236]]
[[  7.88650485 -14.43624382  -7.99492936]]
[[ -9.80279392   7.91606861 -12.65513294]]
[[  7.87530515 -12.05962547 -10.37113581]]
[[ -6.9880078    7.89400432 -15.43939404]]
[[-15.41357623   7.87956221  -7.00711471]]
[[-14.18311623   7.89874417  -8.27990376]]
[[  7.91883481 -13.8255106   -8.63874322]]
[[  7.9258399   -8.44360972 -14.04357199]]
[[ -7.11462182   7.90890808 -15.34106479]]
[[-11.38008176 -11.08219344   7.91836838]]
[[ -8.49523327   7.8898192  -13.94237198]]
[[  7.66472393 -13.4864973   -8.71160643]]
[[-10.66913255   7.92131213 -11.79182255]]
[[ -6.09057908 -16.36083915   7.88099294]]
[[ -9.89402851   7.9424751  -12.58908583]]
[[  7.87657004 -16.51864886  -5.90443713]]
[[-13.10111179   7.90732276  -9.35716391]]
[[  7.79985817 -15.82928452  -6.60490867]]
[[  7.88731857 -12.64844191  -9.79001331]]
[[-11.33544816 -11.12381867   7.91997078]]
[[  7.91118933 -11.39274631 -11.06273674]]
[[ -5.63816051 -16.7970388    7.87414578]]
[[  7.92066729 -11.48904457 -10.97094089]]
[[-10.15230702   7.95633881 -12.33935651]]
[[-13.12595323  -9.35386719   7.93268355]]
[[-21.33140374   3.28279441   4.21349386]]
[[-14.92342301   7.91420922  -7.52451267]]
[[  7.84807417 -15.78916726  -6.71695787]]
[[  7.94392863 -12.82990678  -9.65607617]]
[[ -8.06522943 -14.40134682   7.92162287]]
[[  7.92252126  -7.89727722 -14.55993137]]
[[  7.91658963 -11.5741422  -10.88003327]]
[[-17.64586441   7.90781466  -4.76226105]]
[[-11.1567718    7.9202195  -11.30609268]]
[[-14.1950249    7.93053646  -8.31003946]]
[[-15.80675276  -6.66258128   7.88551863]]
[[  7.86596784 -10.12239873 -12.30028965]]
[[  7.89580284 -12.28839805 -10.16063645]]
[[  7.91896583 -11.34327246 -11.11847753]]
[[-13.51148097   7.92184899  -8.95577008]]
[[ -9.40724934   7.83155216 -12.97647521]]
[[  7.92814339  -9.62256976 -12.84699228]]
[[ -4.77818697 -17.61405521   7.87653987]]
[[-11.23956732   7.9431228  -11.23893696]]
[[  7.91988861 -11.74857975 -10.71236304]]
[[  1.31817755   6.17483948 -21.32129167]]
[[  7.9427617  -11.60663974 -10.8719421 ]]
[[-15.52155662   7.89903913  -6.90988717]]
[[  7.87763893 -12.83069396  -9.60630288]]
[[ -9.34042292   7.89165411 -13.10999645]]
[[  7.92140922  -9.1890866  -13.2721809 ]]
[[  7.84411857  -8.47802811 -13.9281806 ]]
[[ -8.72790221 -13.73177254   7.91521126]]
[[ -9.01847117   7.8425341  -13.38072162]]
[[-17.76051798   7.90736221  -4.63686106]]
[[ -8.89294365   7.93742492 -13.58333188]]
[[-11.56464059   7.91795871 -10.89434652]]
[[  7.92480863  -9.88670858 -12.58195511]]
[[-13.42716374   7.93457303  -9.05364928]]
[[ -8.78354022   7.9246754  -13.68515778]]
[[  3.19431297   4.32054159 -21.34835239]]
[[-11.74605057 -10.61775489   7.81437278]]
[[ -9.58509109   7.95019564 -12.90554819]]
[[ -7.55888935   7.87987807 -14.85799452]]
[[  7.94346802 -10.01681483 -12.46819811]]
[[ -9.19778728   7.74885953 -13.09180541]]
[[-11.65421232 -10.81433586   7.93338071]]
[[-14.66257557  -7.77581978   7.90142785]]
[[-10.31194731 -12.13275699   7.89061598]]
[[ -8.96523579 -13.48511421   7.89506923]]
[[-10.43684214   7.93322233 -12.03589361]]
[[-15.55598803  -6.86332624   7.87566593]]
[[ -9.01104569 -13.46048599   7.92380665]]
[[ -5.47676213   7.87879206 -16.94870731]]
[[-12.49589819  -9.98021405   7.93923513]]
[[  7.94072226  -9.33057181 -13.15480972]]
[[-11.68646386 -10.79560728   7.94767481]]
[[-14.47241199  -7.98779675   7.92445752]]
[[-10.85585355 -11.60156834   7.91206041]]
[[ -9.02814287   7.7947711  -13.31431235]]
[[ -9.88563184 -12.57644679   7.91087226]]
[[ -9.47655001   7.92426201 -12.98655249]]
[[-11.87746697 -10.56345789   7.88768667]]
[[  7.9501055  -12.55885682  -9.93707192]]
[[  7.93887649 -10.51937942 -11.95493354]]
[[  7.91437222 -12.1290894  -10.32872222]]
[[-12.708537     7.9329259   -9.77007197]]
[[-10.92914043   7.83658849 -11.45919561]]
[[  7.90227024 -15.74228226  -6.70306371]]
[[  7.82304735 -10.06239456 -12.30656378]]
[[ -8.76454587 -13.68204482   7.8822116 ]]
[[-10.88577676 -11.56927556   7.90891916]]
[[  7.92906781 -10.93352579 -11.53590246]]
[[-12.02648462 -10.32670837   7.8052299 ]]
[[-21.33080117   3.19172611   4.30410363]]
[[  7.78309349 -10.70786279 -11.6189861 ]]
[[  7.89689416 -14.24385947  -8.20265714]]
[[-11.83053362 -10.63869312   7.93176352]]
[[-11.40058286 -11.03115974   7.87758044]]
[[  7.94155681 -12.80228936  -9.67957482]]
[[ -9.48466472 -13.0045136    7.94985239]]
[[  4.27308492 -21.31274809   3.20544249]]
[[-13.93817243   7.93373567  -8.54096512]]
[[ -5.45442027   7.87599122 -16.94972137]]
[[  3.10268832 -21.32655192   4.38850164]]
[[  7.84986582 -11.53888489 -10.86341362]]
[[-17.57243285  -4.83113797   7.87889882]]
[[-10.59842907   7.9155841  -11.85537284]]
[[ -8.8879286  -13.55377975   7.89480465]]
[[  4.16019287   3.3397307  -21.33516136]]
[[-13.10302564  -9.36703533   7.92218159]]
[[  7.91329309  -9.7902002  -12.67316761]]
[[  7.89968791 -10.14005115 -12.30560138]]
[[-12.91010963  -9.49524627   7.84834667]]
[[  7.8059166  -11.53096275 -10.82192686]]
[[-12.24871533  -9.78264326   7.51652857]]
[[ -7.81397984 -14.67053816   7.92664543]]
[[ -8.71638895   7.92958699 -13.75914016]]
[[-13.9617667   -8.39215484   7.79697581]]
[[-13.55954536   7.91177741  -8.90998776]]
[[  7.92148393 -14.64900816  -7.81316176]]
[[-13.33746878   7.92385332  -9.13200739]]
[[  7.94172202  -9.75217829 -12.73370337]]
[[  7.8897641   -8.49906276 -13.93572558]]
[[-21.32504238   5.01554422   2.47520087]]
[[  7.92067933  -7.87821496 -14.6198621 ]]
[[ -8.47260259 -13.9985241    7.92892263]]
[[-10.7860224    7.93934013 -11.69045909]]
[[-12.3832572  -10.08093014   7.92109802]]
[[-12.00704884 -10.45727688   7.92787171]]
[[-15.20865219  -7.26188613   7.91205773]]
[[ -9.02127478 -13.42748817   7.89595944]]
[[  7.92529292 -19.41969934  -2.89276648]]
[[-17.09411787   7.85466584  -5.32369558]]
[[-11.62306198   7.92464477 -10.84004468]]
[[  7.84395683 -16.83940572  -5.58155828]]
[[-11.47095037 -11.00351053   7.93778814]]
[[-21.29918002   6.39029749   1.08209079]]
[[  7.93467782  -9.61435119 -12.86843563]]
[[-12.10579324 -10.32797593   7.88493392]]
[[ -8.95269339 -13.48032864   7.8799787 ]]
[[-21.30536407   3.01436001   4.4573489 ]]
[[  7.89052664  -8.014964   -14.41680737]]
[[-13.01367285   7.9398565   -9.46533781]]
[[-10.21413049 -12.22446677   7.88099242]]
[[-11.73050601 -10.74348654   7.93922733]]
[[-12.1123906  -10.34413083   7.9094471 ]]
[[-10.74851156 -11.68643401   7.88595975]]
[[-16.66601589  -5.77523132   7.83617148]]
[[-12.06118432   7.92692295 -10.4083576 ]]
[[ -2.84408978 -19.47775004   7.94596692]]
[[-11.06799205 -11.39532988   7.92199783]]
[[  7.85993491 -12.08350764 -10.33235871]]
[[-11.66467135 -10.79649058   7.92207855]]
[[  7.89219683  -8.42596492 -14.01355482]]
[[-13.40126167   7.89691406  -9.04603947]]
[[  7.93803156 -10.6901052  -11.78418828]]
[[-10.78520414   7.92860136 -11.68117989]]
[[ -4.71702464 -17.68109276   7.90448078]]
[[ -9.19000609   7.9078469  -13.27056409]]
[[-11.0187     -11.44348995   7.91885182]]
[[-11.94694034 -10.52315742   7.93220608]]
[[ -8.2722681  -14.17568061   7.90049723]]
[[-21.30968869   5.83654977   1.64244516]]
[[  5.52102742 -21.32887369   1.97487932]]
[[-11.69587089   7.85226181 -10.71242499]]
[[-17.40028464  -4.99036649   7.8365136 ]]
[[  7.91955942 -10.82899737 -11.6276881 ]]
[[  7.88176858 -14.79753696  -7.62055075]]
[[  7.89743015  -6.21041364 -16.20634431]]
[[-10.28903555 -12.04927423   7.79387623]]
[[-21.33547749   5.4527714    2.05061569]]
[[-11.84629549   7.92575812 -10.6195276 ]]
[[  7.93280215 -11.69414296 -10.77664946]]
[[ -9.52119685   7.92075148 -12.95059782]]
[[ -5.58298139   7.86797565 -16.84064947]]
[[-13.95090497   7.93451119  -8.52670529]]
[[ -8.96060334 -13.51379228   7.91821176]]
[[  7.92457324  -9.68949431 -12.78390082]]
[[-13.82213943   7.88034635  -8.61658191]]
[[ -9.80036764 -12.68224144   7.93860432]]
[[-15.15408041   7.90004351  -7.35404051]]
[[-13.92416748   7.93008066  -8.55512865]]
[[-11.14515765   7.87223589 -11.27747292]]
[[-13.22418044  -9.21319676   7.87763019]]
[[  7.90957854 -12.48732565  -9.97256863]]
[[-12.14693764 -10.26131133   7.86044722]]
[[-12.41352494   7.88575547 -10.01915189]]
[[-14.2135957    7.91689022  -8.24481553]]
[[  7.90002924 -13.72854583  -8.72069397]]
[[-14.22826226   7.92469995  -8.24243998]]
[[-11.62913661   7.92821906 -10.8356774 ]]
[[ -7.16599097 -15.32454679   7.90547364]]
[[-10.18634766 -12.26666266   7.89761512]]
[[ -5.42689452   7.88052171 -16.99259207]]
[[  7.94101097 -12.48239473  -9.99555228]]
[[-21.33289299   3.15337867   4.34532846]]
[[  7.91609606 -15.11804332  -7.38186115]]
[[ -8.20048218   7.84917335 -14.21231676]]
[[ -5.76681043   7.8810738  -16.63310315]]
[[ -7.78582182   7.92365542 -14.70803148]]
[[  2.82594151   4.65906154 -21.31978832]]
[[ -9.85567084 -12.61872685   7.93810398]]
[[-13.77706602  -8.69561011   7.92839854]]
[[  7.87944337 -15.36966392  -7.11992658]]
[[-13.63371292  -8.81452868   7.89804362]]
[[-11.44256746 -11.02984918   7.93727228]]
[[ -9.97187334   7.89939808 -12.48136882]]
[[ -9.42384911   7.93075268 -13.04899616]]
[[  7.94502013 -12.61234612  -9.8738518 ]]
[[ -5.4982718  -16.89129329   7.85542306]]
[[  5.28445758   2.22223351 -21.33940245]]
[[-12.51512924  -9.91757167   7.87509724]]
[[-10.51993967 -11.9465013    7.93029536]]
[[  7.93160526 -12.31144043 -10.15813353]]
[[ -8.54806175   7.93099877 -13.94193901]]
[[-14.39324943  -8.04143434   7.89393031]]
[[  7.88548819  -6.04273424 -16.4033622 ]]
[[  7.86809502  -9.45206083 -12.97569061]]
[[-11.72232334   7.93675783 -10.7503052 ]]
[[-10.73674438 -11.67943668   7.87458086]]
[[-10.80734122   7.89059596 -11.63421227]]
[[ -8.42639737 -14.00674454   7.89000993]]
[[-15.38673016  -7.07934051   7.90037671]]
[[ -5.76447972   7.88642659 -16.66268456]]
[[  7.9190039  -12.64258392  -9.81512333]]
[[-13.95031429   7.80649007  -8.41158183]]
[[ -9.68793533 -12.76664596   7.90075745]]
[[-11.83320934   7.92873349 -10.63276108]]
[[  7.83812023 -10.03639105 -12.35395653]]
[[  7.88388579  -9.95207242 -12.49027969]]
[[-13.88495649  -8.59487022   7.91314541]]
[[  4.55642913   2.95237173 -21.34378994]]
[[  7.86453582 -15.53957302  -6.96605695]]
[[-11.62301394 -10.77321658   7.84173762]]
[[-12.87819982   7.7034497   -9.35795971]]
[[-18.12500128   7.88132885  -4.25848402]]
[[  7.88402642 -11.92199064 -10.50901773]]
[[  7.93677453  -2.8399511  -19.47473603]]
[[ -9.21076483   7.92425144 -13.25356654]]
[[  7.95381246 -11.41376377 -11.07474091]]
[[  7.93366566 -11.88718098 -10.583905  ]]
[[  7.90238899  -8.72219154 -13.72992202]]
[[  2.54512568 -21.33306141   4.95329142]]
[[-11.61200972   7.92830137 -10.85359297]]
[[  7.89834498 -11.35516738 -11.09551294]]
[[ -7.51084707 -14.91595219   7.88878836]]
[[ -9.95798725   7.90508807 -12.49208332]]
[[-10.72138974   7.85485804 -11.68938546]]
[[-15.05577085   7.85857185  -7.38497365]]
[[ -6.59942759   7.87749673 -15.80653338]]
[[  7.906512   -10.04135046 -12.408318  ]]
[[-11.35543553   7.9405712  -11.12035739]]
[[-15.54213469  -6.89185077   7.89375034]]
[[-11.71557314 -10.7710587    7.95210349]]
[[  7.88864899 -13.45244436  -8.99727304]]
[[ -9.51250282   7.84225314 -12.88639844]]
[[ -9.43422837 -12.9872396    7.86363379]]
[[-14.97385327   7.91537295  -7.50100761]]
[[-11.35919684   7.9129114  -11.09262958]]
[[-14.42712302   7.86756602  -8.01494423]]
[[ -5.5741123  -16.84397061   7.89102946]]
[[ -7.58115883 -14.91202662   7.90393268]]
[[  7.93779504 -10.07746862 -12.40012366]]
[[  2.82835795   4.66471813 -21.3283629 ]]
[[  7.89863131 -12.08288835 -10.3570954 ]]
[[-15.48774383  -6.94994497   7.89076957]]
[[  7.94551569  -9.43643855 -13.05072312]]
[[  7.87253133 -10.18408256 -12.23143312]]
[[  7.90453417 -11.68126217 -10.76475575]]
[[ -8.02422647   7.9002062  -14.42124106]]
[[ -7.02243048 -15.47003028   7.90510368]]
[[  7.9249399   -8.70437343 -13.76765776]]
[[-10.57342665   7.92663182 -11.89188322]]
[[  7.86657131  -9.75676587 -12.6684445 ]]
[[-10.97191653 -11.49923262   7.93463514]]
[[-13.45655322  -9.02037865   7.93169639]]
[[  7.93344395  -8.90360511 -13.57138565]]
[[-16.10418397   7.73159726  -6.36948289]]
[[  7.85649094 -10.56865052 -11.84361193]]
[[  7.91130168  -9.69933636 -12.76323924]]
[[  7.90559734 -10.9343775  -11.51519293]]
[[ -7.36029221 -15.10470118   7.86682326]]
[[  7.90354226  -8.77874702 -13.67136028]]
[[-15.64540745   7.7958001   -6.90662141]]
[[-14.97982572   7.91840744  -7.49733321]]
[[  5.75232324   1.72640075 -21.3090299 ]]
[[-10.80710745 -11.6501352    7.91733767]]
[[ -8.08847908   7.91503913 -14.36645549]]
[[ -8.24704296 -14.21554031   7.9188492 ]]
[[ -9.48684521 -12.99231149   7.9362562 ]]
[[  7.94635765 -12.11814033 -10.36474055]]
[[  7.92436783 -13.80755638  -8.66275759]]
[[  7.86393136 -11.14798913 -11.25884023]]
[[-17.362335     7.84306318  -5.03328865]]
[[-14.92014709  -7.57905251   7.90985021]]
[[-11.34255192   7.88376308 -11.09278124]]
[[-13.71129295  -8.76601518   7.91093891]]
[[  7.87770294 -14.36979404  -8.04628347]]
[[-14.51921314   7.90165318  -7.92475838]]
[[-11.99435129   7.92588015 -10.47068954]]
[[-14.88382286  -7.53580658   7.8848771 ]]
[[ -8.63825904   7.92758993 -13.83711376]]
[[-10.04530373 -12.32686643   7.82043382]]
[[  1.20073159   6.29728841 -21.3243609 ]]
[[ -5.54936042   7.88079952 -16.87149931]]
[[ -9.62503948   7.91294109 -12.83609858]]
[[  7.91911634  -9.77205541 -12.7009255 ]]
[[  2.98963942   4.48650819 -21.3102149 ]]
[[ -8.29497024   7.91606322 -14.16336774]]
[[ -9.85337773 -12.58737511   7.88676372]]
[[-15.0904189   -7.33739883   7.88733837]]
[[ -8.28617364   7.93477167 -14.20648935]]
[[ -9.15865305   7.84185709 -13.23932806]]
[[  7.85504971  -9.42126842 -12.99056034]]
[[ -9.36141323   7.93367908 -13.11518031]]
[[-14.80556566  -7.63217893   7.8895889 ]]
[[-21.31561206   1.8419282    5.64158204]]
[[-10.06768217 -12.3961339    7.92515945]]
[[-12.79325199  -9.68827944   7.94063788]]
[[-10.15939478   7.9302768  -12.31135781]]
[[-14.63731171  -7.8322423    7.85919741]]
[[ -9.34825132 -12.89704928   7.71169114]]
[[-21.27861484   6.67098581   0.78354148]]
[[-10.48357638   7.85340473 -11.92547023]]
[[-13.09425064  -9.38518762   7.93495918]]
[[-11.13410789   7.91785509 -11.32599157]]
[[ -9.19292361 -13.25195091   7.88500992]]
[[  7.87991004  -7.39633458 -15.02102791]]
[[  7.91002242 -10.20401847 -12.25227521]]
[[ -9.78642737   7.90572834 -12.67409906]]
[[  3.50128948   3.99697005 -21.33365269]]
[[  7.92099912  -9.91345111 -12.55266754]]
[[ -9.70719177   7.88337241 -12.72858762]]
[[  7.89476844 -12.5594126   -9.89251812]]
[[  7.9314492   -9.85538551 -12.61533969]]
[[-11.04726648   7.93050785 -11.41968923]]
[[  7.87523741 -13.00353289  -9.42019863]]
[[  7.7578582   -0.82305517 -20.88014337]]
[[-13.81813377  -8.47789128   7.74755683]]
[[  7.92587472 -12.41364776 -10.05331434]]
[[-10.47361573   7.84567697 -11.92738143]]
[[-10.97398409 -11.48135115   7.91630107]]
[[ -9.00296629   7.93386814 -13.47155132]]
[[ -7.8564265    7.92098166 -14.61714795]]
[[  7.9275352   -8.48825997 -13.97964547]]
[[  3.44896588 -21.32716388   4.04305579]]
[[ -8.05041035   7.87950107 -14.36706942]]
[[-10.10982511 -12.38558142   7.95324859]]
[[  7.93853253 -12.93349123  -9.54351995]]
[[ -9.81904711 -12.6611466    7.94363757]]
[[  7.83677373 -10.48884412 -11.90178728]]
[[-12.43965713   7.92228835 -10.02570658]]
[[-10.5735822    7.93922206 -11.90302895]]
[[-11.84208985   7.91521393 -10.61610544]]
[[-11.70030608   7.90682399 -10.74868468]]
[[-14.05508708   7.9308869   -8.41416798]]
[[  7.944214    -9.80446979 -12.67632051]]
[[  7.91602688 -12.82700382  -9.63090562]]
[[-21.3258483    2.26185849   5.23009128]]
[[ -9.76920464   7.93305713 -12.70165121]]
[[ -7.67801858   7.88522164 -14.74143079]]
[[-10.36541432   7.86574003 -12.04985418]]
[[-11.66588206   7.94286386 -10.81257863]]
[[-10.42195797   7.9243411  -12.04265498]]
[[ -9.41994957 -13.05396479   7.93364485]]
[[  4.86672398 -21.33630849   2.63483644]]
[[-13.94016263  -8.54672377   7.92810269]]
[[  7.93947566  -9.66155278 -12.81689316]]
[[  7.94947921 -10.67972568 -11.80526737]]
[[  7.92581016  -9.42869045 -13.04696345]]
[[-10.77912947 -11.62921073   7.85245229]]
[[  7.91059339  -7.43604439 -15.04530412]]
[[-15.62581076   7.82360992  -6.91274668]]
[[  7.57132578 -21.05379672  -0.38436434]]
[[-14.59608911   7.91531955  -7.90649245]]
[[-11.42156092   7.93325053 -11.04949737]]
[[  7.89079894 -10.34187461 -12.10406602]]
[[-10.17986966   7.85144925 -12.21354245]]
[[-12.39074178   7.90874825 -10.06860427]]
[[-21.31882653   3.03923524   4.44487086]]
[[ -8.95726215 -13.51779407   7.93434953]]
[[  7.94668813 -11.99019942 -10.49150345]]
[[-11.67266303 -10.72032431   7.83932442]]
[[-10.1416977  -12.27496108   7.86051853]]
[[-11.92579139   7.92523133 -10.53988459]]
[[  7.91948217 -14.57088164  -7.89400281]]
[[  7.86696954 -14.26516966  -8.17020876]]
[[  7.93056834 -11.99673712 -10.47166181]]
[[-21.30727149   4.54631286   2.92722479]]
[[  7.92660941 -11.57339465 -10.89079301]]
[[-11.98090949 -10.47253694   7.90951444]]
[[ -8.98533156   7.91585889 -13.47572759]]
[[-13.08390628   7.90546482  -9.37498075]]
[[  7.84565826 -11.05826075 -11.34077331]]
[[  7.55357918 -10.02059346 -12.04706447]]
[[  7.92138942 -12.74229342  -9.7196246 ]]
[[-16.74267349   7.89333868  -5.6725284 ]]
[[ -9.36264562   7.87978691 -13.07780037]]
[[-12.43447476 -10.03076071   7.92403874]]
[[-12.02121602   7.90161472 -10.42901633]]
[[  7.9381351  -12.13642217 -10.34162217]]
[[-12.91913318  -9.40567827   7.77858926]]
[[  7.93192148 -13.74690418  -8.7422249 ]]
[[-14.90207778   7.92536927  -7.60728005]]
[[ -9.18501934   7.89781033 -13.26006822]]
[[  7.93480302 -13.73398485  -8.74073397]]
[[-15.55572043  -6.87318303   7.89753681]]
[[  7.93898074  -9.09937728 -13.37774884]]
[[ -8.86951945 -13.57891651   7.90152432]]
[[  7.92081877 -11.91247061 -10.55213206]]
[[ -7.5753778  -14.92321957   7.89802961]]
[[  7.91896423 -11.67626076 -10.78188383]]
[[  7.93439996  -9.15389781 -13.32434017]]
[[ -8.86579979   7.90570026 -13.58828639]]
[[-10.27785978   7.92030042 -12.18455283]]
[[-13.40389656  -9.06484072   7.92141828]]
[[  7.90025327 -12.50603761  -9.94301549]]
[[-10.58506927 -11.88256812   7.93049541]]
[[-11.81074245   7.90398713 -10.63965788]]
[[ -9.77737872   7.86208863 -12.6396695 ]]
[[-10.99377754 -11.48074164   7.93986276]]
[[  2.79999924 -21.33501118   4.70004902]]
[[  7.91135231  -8.73506334 -13.7391202 ]]
[[-12.12770277   7.79828629 -10.21723902]]
[[-14.18774648  -8.2362329    7.86312376]]
[[  6.94796848 -21.25309198   0.48216102]]
[[  7.93684317 -13.11891412  -9.36113416]]
[[-12.92721259   7.93533923  -9.55020759]]
[[  7.92542056 -14.5854823   -7.88811624]]
[[ -9.80324155 -12.66373313   7.92594623]]
[[-11.98118164 -10.47964403   7.92138185]]
[[  6.16909429 -21.32576271   1.32815126]]
[[-11.79971973 -10.64592972   7.89611655]]
[[-12.6498089   -9.83201134   7.94305455]]
[[  7.91555162 -12.43358725 -10.02364328]]
[[  7.88604305 -16.71943756  -5.70929762]]
[[  4.87992253   2.61313914 -21.32789984]]
[[-16.76826346  -5.64674724   7.84390724]]
[[  7.87780092 -10.74312828 -11.68899041]]
[[ -6.83081675   7.83611655 -15.58564545]]
[[-21.30813092   3.90500616   3.56897471]]
[[  7.94449965 -12.44620288 -10.03598042]]
[[-14.44314728  -8.00677181   7.90586063]]
[[  5.09233878   2.39788774 -21.32430512]]
[[ -9.34696353 -13.12712785   7.93530612]]
[[  7.92420214  -8.84147039 -13.62747311]]
[[  7.83527999  -9.87697162 -12.50958872]]
[[-10.96811224 -11.50948506   7.94298336]]
[[-14.76300622   7.89525669  -7.69146817]]
[[-11.13198774 -11.33345147   7.92705773]]
[[-13.82123591  -8.65936026   7.93903699]]
[[-15.76120734  -6.71283678   7.85713331]]
[[  7.93892814 -10.57017346 -11.90527504]]
[[-13.47886084  -9.00367926   7.93252852]]
[[  7.92767611 -11.6579103  -10.8067119 ]]
[[-14.84933544   7.8882113   -7.57925368]]
[[  7.94439516 -13.52718019  -8.95561617]]
[[  7.87988752 -16.24068299  -6.21678081]]
[[ -9.27422769   7.89631397 -13.17869666]]
[[-12.18929993 -10.22602764   7.86167215]]
[[  7.87483233 -11.58233096 -10.84034396]]
[[-12.04457457 -10.42553622   7.93289141]]
[[ -7.93843596 -14.28643118   7.66927647]]
[[-13.11708384   7.93399848  -9.35982363]]
[[-11.94521121   7.95675901 -10.54925372]]
[[ -9.33700278 -13.08766185   7.86476431]]
[[  7.87681994 -14.45467483  -7.98996398]]
[[-13.20071799  -9.27366423   7.93194633]]
[[  7.91848296 -11.61771213 -10.84370888]]
[[  7.92925735 -14.09594167  -8.37268697]]
[[ -7.02192712   7.89851077 -15.41745926]]
[[ -9.84038577   7.93987363 -12.63788911]]
[[-13.19259933   7.90909601  -9.27329795]]
[[  7.94602327 -12.11145404 -10.37385942]]
[[-13.79721625   7.92562902  -8.67610427]]
[[  7.90396629 -10.76339216 -11.68572501]]
[[-11.62790295   7.88700248 -10.8029249 ]]
[[  7.88373347 -12.2836731  -10.14663029]]
[[-21.32520714   6.11881447   1.37766316]]
[[-11.49214611   7.90430845 -10.95627159]]
[[-11.86543815 -10.56582456   7.88819525]]
[[  7.91328654 -14.30771727  -8.15046442]]
[[  7.84663204 -10.51263851 -11.88921835]]
[[-11.49535451   7.94805014 -10.98797183]]
[[  2.89158328   4.59566473 -21.32194943]]
[[  5.94990293 -21.30978226   1.53007764]]
[[  7.2632172  -21.17836571   0.0858554 ]]
[[-16.54589288   7.89172492  -5.8661284 ]]
[[ -8.38781475   7.93498128 -14.08312716]]
[[-11.79540104 -10.5599589    7.81188258]]
[[ -7.81549315 -14.66681876   7.89309877]]
[[ -8.1361759  -14.32364578   7.88638854]]
[[  6.31205057   1.17769269 -21.31754858]]
[[-21.32233042   3.05428741   4.43310251]]
[[  7.90787431 -11.57529163 -10.87353606]]
[[  7.86018297 -10.19652949 -12.22025965]]
[[  7.85698688 -13.41116772  -9.00084266]]
[[-10.92342538 -11.52113599   7.90431427]]
[[-21.31851871   4.7976996    2.68661807]]
[[-10.54202744 -11.90452228   7.89079259]]
[[  2.39520138 -21.32064402   5.09140396]]
[[  7.87129896 -17.14595063  -5.25684868]]
[[-21.34267043   2.11429917   5.39625699]]
[[  7.92460364  -9.29504827 -13.1794242 ]]
[[-12.28742667   7.90034979 -10.16471134]]
[[-13.10220529  -9.37823566   7.93455658]]
[[  1.06643251 -21.31967326   6.42812721]]
[[ -9.8903384    7.94967621 -12.59861027]]
[[  7.87474991 -11.36424344 -11.05753239]]
[[-14.40110165   7.898853    -8.04332474]]
[[  7.86132404 -13.01275616  -9.40761512]]
[[  7.91478787 -14.1687525   -8.28655413]]
[[ -4.88798284 -17.52146833   7.89985896]]
[[-11.1268389  -11.28826381   7.86070033]]
[[  7.94011219 -10.55142688 -11.92539278]]
[[-14.6750951    7.89201145  -7.78851284]]
[[-21.32588639   5.85827104   1.63660127]]
[[-10.58962568 -11.85717414   7.90856145]]
[[-13.19111786  -9.29069694   7.93875915]]
[[-12.28412995 -10.18576736   7.93043019]]
[[  7.94082954 -12.45119304 -10.0278825 ]]
[[-21.32869142   2.82311399   4.67034268]]
[[-14.12511858   7.89307808  -8.34268328]]
[[-10.11704009 -12.35741664   7.93608482]]
[[-21.23453183   0.29772484   7.11451017]]
[[-10.05845472 -12.36621478   7.88540898]]
[[  7.90883157 -11.74929775 -10.70322283]]
[[ -9.8513443  -12.56718815   7.86212249]]
[[ -7.50391094 -15.01300168   7.88976329]]
[[  7.91230853  -9.33319444 -13.13412308]]
[[-10.30267013 -12.17073042   7.9349453 ]]
[[ -8.22256552 -14.21988169   7.88923553]]
[[  7.84490039  -9.6159712  -12.78458143]]
[[  7.8813349  -12.26696993 -10.17048234]]
[[  3.13781896   4.3454041  -21.31797415]]
[[-10.81839212 -11.63663962   7.91072695]]
[[  7.95450494 -11.79615886 -10.69443114]]
[[  7.92603696 -10.58379743 -11.88147562]]
[[-13.39905365   7.90986158  -9.06109936]]
[[  7.84018505  -8.97432357 -13.42155704]]
[[  7.91287257 -15.01959057  -7.50230715]]
[[-11.39758363   7.95672175 -11.09561004]]
[[-11.01405199 -11.45310452   7.93143523]]
[[ -9.16634965 -13.27688818   7.89177909]]
[[-11.22391162   7.92274402 -11.23637797]]
[[-12.19029335 -10.24598364   7.89319139]]
[[-11.65345628   7.88004741 -10.78169932]]
[[  7.87313994 -14.3324938   -8.10894048]]
[[-10.19308053 -12.27967391   7.93221693]]
[[  7.89877411  -6.32663741 -16.12069015]]
[[ -9.5451892    7.94163941 -12.93806361]]
[[  7.95293512 -12.78255886  -9.70575151]]
[[  7.60543426 -13.14128422  -8.98611341]]
[[-17.16756147  -5.24606221   7.8821472 ]]
[[  7.93353354  -8.36987063 -14.12753589]]
[[-14.02273535  -8.42275521   7.89463896]]
[[  7.89498055  -8.2541332  -14.19713579]]
[[-13.14360452  -9.31454819   7.90776448]]
[[ -9.34370188 -13.10574566   7.88887247]]
[[ -8.66149988 -13.80459891   7.92716267]]
[[  7.9274134   -8.49550821 -13.96898159]]
[[-13.44206536   7.92261248  -9.03473277]]
[[-21.27033113   6.87936986   0.56799083]]
[[ -9.93356487   7.92104331 -12.52825395]]
[[-11.06089384   7.9271369  -11.40112308]]
[[-12.28767401   7.91295252 -10.17101485]]
[[ -8.96244704   7.94206537 -13.52107361]]
[[  7.93113083 -13.69803944  -8.7827366 ]]
[[-10.93111309 -11.5194433    7.90610603]]
[[-12.51606787   7.93628001  -9.96328427]]
[[ -8.8047523  -13.66642015   7.9327561 ]]
[[ -7.26436923 -15.02747532   7.66024577]]
[[ -5.70703226   7.89227149 -16.69902292]]
[[  7.88885997 -17.52442128  -4.87120447]]
[[-10.36283081   7.80180361 -11.9834285 ]]
[[  7.9507891  -11.33425295 -11.15199464]]
[[  7.87103916 -17.7859703   -4.59254937]]
[[-13.93894817  -8.48654533   7.86303966]]
[[  7.90419341 -10.74785148 -11.69611392]]
[[ -7.14111185   7.89017787 -15.28623351]]
[[-14.92655875  -7.51661425   7.90393589]]
[[  7.91256614  -7.32419782 -15.13361344]]
[[  7.93758863  -9.24486444 -13.2303146 ]]
[[  7.91745078  -7.2019007  -15.30488015]]
[[  7.88716809  -7.73904778 -14.69165304]]
[[ -8.086625   -14.37497856   7.90909905]]
[[ -9.13214337 -13.34585077   7.9242943 ]]
[[ -7.88074973   7.883982   -14.55269921]]
[[-11.48309839   7.83615283 -10.9055752 ]]
[[-11.96898039   7.94091433 -10.50844907]]
[[-11.19805773 -11.24599445   7.89187857]]
[[-12.21011377   7.90511791 -10.24465051]]
[[  7.93456015 -10.37655104 -12.09493077]]
[[-12.27872368   7.93849011 -10.19892232]]
