[[-4.32342365  3.72626863 -3.60778727]
 [ 6.20881493 -3.08688473  1.02016927]]
[[-4.1401493   3.55625841 -4.16607497]
 [ 5.86639714 -4.08122245  1.21068721]]
[[-4.3608719  -3.59410581  3.79409848]
 [ 6.7013555   2.79529901 -1.92308538]]
[[-3.29061418  4.33056102 -4.32501902]
 [ 1.8716311   0.24075899  7.02577401]]
[[ 4.39513958 -5.00532357  2.21638897]
 [-1.42924562  6.16043982 -0.28927651]]
[[-3.86298301  3.9579627  -4.11229307]
 [ 4.38565578 -2.0899372   5.28570956]]
[[ 3.65026526 -4.04612816 -4.04094808]
 [-4.4308873   1.6584185   5.48607476]]
[[-3.97940615 -4.2887506   4.15497393]
 [ 4.65021061  5.73532832 -0.45778884]]
[[-4.23016665 -3.77811455  3.746467  ]
 [ 5.62718224  1.0397546  -4.03912161]]
[[-4.16732061  3.48109309 -4.29041685]
 [ 1.16481248 -3.47083847  6.3815722 ]]
[[-4.33639913 -3.71793306  3.59980527]
 [ 6.94967714  1.6542824  -2.29015312]]
[[-4.16428976 -3.96726107  3.58951085]
 [ 5.80987074  1.84261288 -3.85607772]]
[[ 3.95356538 -3.85586363 -4.23671653]
 [-1.91358638  4.19589153  5.6705877 ]]
[[-3.86918901 -4.10847131  3.89706777]
 [ 4.28690482  5.19527529 -2.4696413 ]]
[[ 3.71600889 -3.85436504 -4.11830141]
 [-3.89981328  2.89215947  5.31077889]]
[[ 3.60405188 -3.84230159 -4.22281283]
 [-3.42836611  2.27433113  5.97029365]]
[[ 3.78568916 -3.99917082 -3.94966065]
 [-3.82651369  4.45635531  4.0784437 ]]
[[ 3.69355032 -3.77904623 -4.20966816]
 [-3.64711667  2.31580598  5.66982368]]
[[ 3.68146668 -3.78418874 -4.20898947]
 [-3.68063546  2.0688891   5.72335835]]
[[-4.07146066 -3.87917049  3.77658021]
 [ 4.79998293  3.68147389 -3.81007633]]
[[-4.34104194  3.8179453  -3.5231636 ]
 [ 5.8213058  -3.56082194  1.17404789]]
[[-4.49643544  4.20027974 -2.99397814]
 [ 6.57313112 -1.53652309  0.80825302]]
[[-4.12010693  3.68079759 -3.87380502]
 [ 5.43267589 -3.92183439  2.659769  ]]
[[-4.20150046  3.72345108 -3.7263771 ]
 [ 5.63521227 -3.35507515  2.81010957]]
[[ 3.76492513 -3.85732884 -4.00871098]
 [-4.28296329  3.10695578  4.85854953]]
[[ 3.61353342 -4.10839576 -4.0839541 ]
 [-4.2316971   5.68653798  1.23884311]]
[[-4.06962384 -3.88648256  3.78277639]
 [ 4.82870248  3.80900319 -3.63587133]]
[[-3.86866762 -4.58351086  4.23425758]
 [ 4.04802823  6.59315308  1.3840362 ]]
[[-4.46281238 -3.07988437  4.18069531]
 [ 6.58404053  1.18570899 -1.50969096]]
[[-3.79369946  4.02770353 -4.26592899]
 [ 4.13569109 -1.53429219  5.78479701]]
[[ 3.74763012 -4.30856777 -3.72053302]
 [-3.76800599  5.84091556  0.37954381]]
[[-4.25744133  4.00774232 -3.67968335]
 [ 5.9584586  -1.61733908  3.80355273]]
[[-4.24355078  3.87574854 -3.64469157]
 [ 5.90846761 -2.28783902  3.44116667]]
[[-4.21877078 -3.75559024  3.6880293 ]
 [ 5.73372857  2.38218571 -3.50196051]]
[[-3.86293208  3.73027372 -4.13690276]
 [ 3.21985392 -3.67548927  5.2996835 ]]
[[ 3.8479398  -4.94670082  3.55649073]
 [-1.31796697  6.02983509 -1.61728293]]
[[-3.88655272 -4.22788436  3.63700125]
 [ 1.13118227  5.89826226 -3.76361375]]
[[-3.65841016  3.79650212 -4.2353252 ]
 [ 3.19066728 -2.70280876  5.8385532 ]]
[[-4.99605401  4.02201384  3.53413559]
 [ 6.22197274 -0.37724155  0.08707569]]
[[ 2.61228193 -5.03537803  4.34738109]
 [-0.73458716  6.22916963 -0.40847046]]
[[-3.8821359  -4.08787135  3.77464617]
 [ 3.82110235  4.97308093 -3.43419476]]
[[-4.32233256 -4.04604942  3.48994949]
 [ 6.60837498  0.47024861 -3.04223392]]
[[-4.95783426  4.23457181  2.24434053]
 [ 5.844621   -2.90742198 -0.92920166]]
[[-3.66062481  3.72138291 -4.36395119]
 [-0.35601505 -2.85579038  6.45754672]]
[[ 3.92687559 -4.21828286 -3.68752057]
 [-2.12165974  5.76464465  3.73642111]]
[[ 3.76874165 -3.86113185 -4.10189334]
 [-3.51234076  3.65658277  5.04456645]]
[[-4.23352738  3.74348197 -3.71048675]
 [ 5.79954808 -2.98406117  3.04499718]]
[[-4.12710329 -4.17674083  4.23746132]
 [ 5.13027047  5.35523404  0.6354118 ]]
[[ 3.71952429 -4.2307604  -3.87136939]
 [-3.19572186  5.68567854  3.33471261]]
[[-3.90518998 -4.06432296  3.89743197]
 [ 4.43931591  5.03935544 -2.48055672]]
[[-3.80108172  3.75819753 -4.22158264]
 [ 3.43608313 -2.9796876   5.65359797]]
[[-4.73190415  4.09823845 -4.76140928]
 [ 5.83700925 -0.06031959  5.96072055]]
[[-4.30307469  3.68214949 -3.8201394 ]
 [ 5.98425179 -3.6290914   0.55201285]]
[[ 3.76894023 -4.06341019 -3.87714955]
 [-3.67763704  4.87661778  3.69927493]]
[[-3.92567413  3.64474045 -4.22704755]
 [ 1.19605528 -3.8573774   5.85625294]]
[[ 3.78577385 -3.92446027 -4.040003  ]
 [-3.63903857  4.06043931  4.61171486]]
[[ 4.02868164 -4.29603026 -3.42452124]
 [-1.57446698  6.39310991  2.87829379]]
[[ 4.50111402 -1.1363577  -5.04919065]
 [-0.96043224  0.23187277  6.43231773]]
[[-4.04367285 -4.11083724  3.6068031 ]
 [ 1.55691618  5.68492103 -4.16126409]]
[[ 3.68668553 -4.19371469 -3.7742395 ]
 [-3.57948915  5.66405785  2.48761999]]
[[ 4.21744502 -4.4241331  -3.40660276]
 [ 0.04518489  7.09048659  2.53629209]]
[[ 4.17503733 -4.96646853  2.95858817]
 [-1.75763537  6.06654756 -0.84015577]]
[[-3.80531709 -4.20313361  3.69032571]
 [ 3.04676322  5.71009827 -3.26156641]]
[[-4.0831562   3.7774927  -3.92258706]
 [ 4.93151919 -3.42155508  3.9333685 ]]
[[-4.048106   -3.94240665  3.80472453]
 [ 4.77150551  4.27624154 -3.1714008 ]]
[[ 3.92429439 -3.87194844 -4.28246125]
 [-1.99350589  4.10541619  5.80076346]]
[[-4.35560232 -3.72677146  3.73247629]
 [ 7.418468    1.58800432 -1.51850013]]
[[-4.15159881  3.72395017 -3.89916716]
 [ 5.5120594  -4.28771896  1.07500241]]
[[ 3.68761771 -4.92532765  3.72263304]
 [-1.92619442  5.97414547 -1.31472645]]
[[-4.16159546 -3.79969581  3.71258815]
 [ 5.4470892   2.8895437  -3.63630492]]
[[-4.1073165  -4.07534155  4.06707436]
 [ 5.14765348  5.01226625 -1.31549406]]
[[-3.67465453 -4.27814412  4.27204103]
 [ 0.70573881  7.51060159  0.29348597]]
[[ 3.65527271 -3.75936689 -4.25513212]
 [-3.24555899  2.37632471  5.98823304]]
[[-4.13489739 -3.85134146  3.68020117]
 [ 5.48689759  2.41867385 -3.92545304]]
[[-3.87197696  3.73105172 -4.11201462]
 [ 3.38955236 -3.61785338  5.21879074]]
[[-4.19041211 -3.75584939  3.9437236 ]
 [ 5.65397766  3.97773448 -2.05643885]]
[[-2.92972968  4.02837256 -4.55660067]
 [-0.84640698 -3.09696228  6.06432478]]
[[ 3.51088846  3.87767883 -4.9169055 ]
 [-1.18131554 -2.27074008  5.92974387]]
[[-3.49389061 -4.43674618  4.19957356]
 [ 3.10777699  6.78901416 -0.132565  ]]
[[ 3.73627761 -3.81838106 -4.11996344]
 [-3.83102065  3.03005261  5.21153578]]
[[-3.92497323  4.26446679 -4.19965967]
 [ 4.69139585  0.36804128  5.57463312]]
[[-4.13271803 -3.85457065  3.78306662]
 [ 5.16721155  3.71293721 -3.31027046]]
[[-3.73596538  3.63922926 -4.28290331]
 [ 1.48715394 -3.18060972  6.20134606]]
[[-4.31772176  4.16090797 -3.38042289]
 [ 6.60110266 -0.86400674  2.85601528]]
[[-3.99480898 -4.05704482  3.81501523]
 [ 4.38389743  4.77954842 -3.1206273 ]]
[[-4.32277381 -3.59127308  3.70862866]
 [ 6.64677794  2.2922158  -2.2948831 ]]
[[-4.37977055 -3.58118419  3.78508487]
 [ 7.09647605  2.36126144 -1.63642515]]
[[-3.88091287  3.64046511 -4.15426031]
 [ 2.17513655 -3.858497    5.66827221]]
[[ 4.20254833 -3.97348179 -4.03732725]
 [-0.65514649  4.93719755  5.14511504]]
[[ 3.66567694 -4.32725188 -3.81811134]
 [-2.77696447  6.27516448  2.98296015]]
[[-4.34463038 -3.5950532   3.79825717]
 [ 6.69993248 -0.44227674 -2.38325504]]
[[ 3.84380016 -4.11916632 -3.96133033]
 [-2.80036152  5.03728259  4.36077123]]
[[-3.80955175  3.70539866 -4.19644267]
 [ 1.7183748  -3.93700006  5.6300429 ]]
[[-3.47295767  3.99358205 -4.29574817]
 [ 3.02440283 -1.72057848  6.29840241]]
[[-3.84367023 -4.1646788   3.6739425 ]
 [ 1.77760532  5.61576538 -3.95154724]]
[[-3.94451567 -4.09530559  4.26560237]
 [ 4.83931359  5.31882654 -0.07659104]]
[[-4.97015208  2.42327284  4.23734475]
 [ 5.96672075  0.34830512 -2.60670524]]
[[ 3.82354738 -3.50642533 -4.3288374 ]
 [-3.62247332  1.29571454  5.73745663]]
[[-4.40904791 -3.78631785  3.95250939]
 [ 6.26758902  3.75137038 -1.70827029]]
[[-3.43219196 -4.39869369  3.8415408 ]
 [-0.32779995  6.29442563 -2.91109915]]
[[-3.99754234  3.78264604 -3.94003885]
 [ 4.56657623 -3.97346218  3.85040625]]
[[-3.63290858  3.79175677 -4.27366215]
 [ 3.10294243 -2.41698737  6.13554038]]
[[-3.96338978  4.06534888 -4.06478479]
 [ 4.80807349 -1.45235566  5.15175851]]
[[-3.51450988  4.07801315 -4.36954148]
 [ 3.21121363 -1.11359317  6.47143456]]
[[-3.95112682  3.78067217 -3.99190576]
 [ 3.94547574 -3.89839637  4.53423799]]
[[-4.20462621 -4.10956346  3.61464516]
 [ 0.51111141  5.71901625 -4.32928146]]
[[-3.87291498  4.27075878 -4.18650031]
 [ 4.57201453  0.15688203  5.61870334]]
[[-3.86807343 -4.16412302  3.75715441]
 [ 3.65965876  5.38752434 -3.14871485]]
[[ 3.68120579 -4.20671294 -3.80044612]
 [-3.74471178  5.69618156  2.01364583]]
[[-2.62697641  4.34986506 -4.59938086]
 [-0.21359363 -1.25742739  6.53802995]]
[[ 4.12806319 -3.30272227 -4.36651189]
 [-1.12079742  1.98333235  6.77469208]]
[[-4.30138155 -4.01854629  3.55330708]
 [ 6.28553421  0.63375919 -3.44229527]]
[[-4.23262136 -3.65453926  4.23287787]
 [ 5.90294091  3.98523226 -0.59572133]]
[[ 3.7969218  -4.09845623 -3.86071948]
 [-3.20208273  5.0017437   3.94868109]]
[[-4.20305271 -3.71603829  3.72456219]
 [ 5.61710906  2.60525794 -3.48224452]]
[[-4.16755855 -3.8396968   3.81575312]
 [ 5.32020834  3.87861599 -2.89489097]]
[[-3.99465374  3.78830035 -3.97823143]
 [ 4.21924881 -3.73239642  4.42038548]]
[[-3.96089206  3.79395185 -4.02813999]
 [ 4.25181976 -3.44725683  4.60142486]]
[[-4.12593591  4.08396605 -3.91421782]
 [ 5.37049528 -1.3094391   4.63367303]]
[[-4.0406238  -3.88284309  3.77058138]
 [ 4.79697203  3.52308026 -3.98869297]]
[[ 3.71575569 -3.651372   -4.3425173 ]
 [-3.11831588  0.46009439  6.25960574]]
[[ 3.86102434 -3.95750195 -4.13484252]
 [-2.66462236  4.38808166  5.10616533]]
[[-3.51366713  3.85124463 -4.27479896]
 [ 1.48018583 -1.58642166  7.06912206]]
[[ 3.81458439 -4.03466968 -3.95407897]
 [-3.05298336  4.77387792  4.36136793]]
[[-3.9934179   4.12772369 -4.09466704]
 [ 4.88460196 -0.94776916  5.24140314]]
[[ 3.60421803 -4.01282169 -4.1136087 ]
 [-4.04577483  2.22013663  5.66528435]]
[[ 3.57145514 -4.22526958 -4.06836913]
 [-3.81059867  6.00896736  1.14610423]]
[[-4.15959911 -3.88577509  3.69886811]
 [ 5.46062982  3.07037588 -3.65602184]]
[[ 3.65057095 -4.08475272 -4.13925954]
 [-4.26957841  0.69685613  5.68211971]]
[[ 3.73507152 -4.07617824 -3.85361493]
 [-4.00398613  5.11117279  3.05677775]]
[[-3.84454768 -4.30916815  3.51388459]
 [ 1.28475223  6.78552597 -2.6600563 ]]
[[-4.26651148 -3.67331051  3.72578689]
 [ 5.90182825  2.45665448 -3.17739956]]
[[ 2.73291544 -4.97296048  4.21794225]
 [ 0.20065478  6.06980599 -2.04450121]]
[[ 3.96757711 -4.01339076 -4.10698429]
 [-1.94737079  4.76250362  5.13761204]]
[[ 4.27400776 -3.30038871 -4.31458791]
 [-0.38598052  2.49721155  6.75659329]]
[[-3.98701634  3.95076347 -4.03413949]
 [ 4.81930557 -2.07016308  4.92110299]]
[[-4.09236561 -4.03583463  4.0022302 ]
 [ 5.09506368  4.89478231 -1.71308745]]
[[ 3.88286103 -4.96003407  3.67588599]
 [-0.34721493  6.13742438 -1.08297953]]
[[-3.90789636 -4.03526534  3.79079385]
 [ 3.89786434  4.61615714 -3.82146563]]
[[-4.95050152  3.33085053  4.02543517]
 [ 6.05218968 -1.06203975 -1.63065146]]
[[-3.84621656  3.75040435 -4.13548326]
 [ 3.35557606 -3.64747863  5.17942696]]
[[-4.13982552 -3.85436887  3.75372095]
 [ 5.20461037  3.43353098 -3.56306282]]
[[-4.04097237 -4.1086524   4.08408288]
 [ 4.97808504  5.16590279 -1.2079134 ]]
[[ 3.98039271 -4.05404666 -3.97366043]
 [-1.93124273  5.0328897   4.77248274]]
[[-4.01884352  4.19980342 -4.02284865]
 [ 5.04075536 -0.56980177  5.08427935]]
[[ 3.6969358  -4.22670252 -3.76623288]
 [-3.45548767  5.73094143  2.56273232]]
[[ 4.20258642 -4.4109383  -3.17333298]
 [-1.12832081  6.72536512  1.28427514]]
[[ 4.16720247 -4.11251374 -4.08027838]
 [-0.52478122  5.20579838  5.08698569]]
[[-5.18615743  4.11726361 -4.62828184]
 [ 7.74526726  1.374004    4.69453046]]
[[-4.09139547 -3.98330179  4.27957019]
 [ 5.27322682  4.9363153   0.15160909]]
[[ 3.84419164 -3.65908092 -4.21894017]
 [-2.45403788  3.41571861  5.84189081]]
[[ 4.01766191 -3.61260658 -4.25969633]
 [-1.58111893  3.6176483   6.06246913]]
[[-4.29653108  3.88603159 -3.70338305]
 [ 6.10955855 -1.99183837  3.58610005]]
[[-3.92832881  3.52517155 -4.30491029]
 [ 2.1885051  -3.12418568  6.41814787]]
[[-4.05922226 -3.9733987   4.1865065 ]
 [ 5.18890952  4.90736519 -0.73533176]]
[[-4.00726683  3.77364275 -3.91741912]
 [ 4.68095604 -3.99842291  3.68287289]]
[[ 3.94842788  3.38355964 -4.94502685]
 [-2.03380084 -0.66143545  6.01690648]]
[[ 3.86466815 -3.87675165 -4.11446089]
 [-2.61426944  4.22699742  5.17916559]]
[[ 4.16912756 -3.30301446 -4.37217649]
 [-0.90993997  1.28821966  6.93792024]]
[[-4.07656712  3.77118373 -3.90807635]
 [ 4.8993306  -3.56565501  3.82324089]]
[[ 3.86499779 -3.86328251 -4.1269951 ]
 [-2.5666727   4.16788913  5.26532368]]
[[ 3.69884526 -3.9377268  -4.26057149]
 [-3.98338572 -0.29471551  5.81824279]]
[[ 4.10993665 -4.08688897 -4.02492243]
 [-1.08750445  5.16175146  4.96604535]]
[[ 3.66341194 -4.08765727 -3.91372432]
 [-4.07418534  5.42912802  2.50162615]]
[[-4.21366385  3.73154341 -3.75977357]
 [ 5.68409286 -3.09944486  3.16721789]]
[[-3.81907265 -4.10352705  4.12562468]
 [ 4.46080142  5.40409485 -1.33877276]]
[[-4.09638235 -4.27027426  3.54352922]
 [ 0.22801107  6.20424199 -3.60293436]]
[[ 3.87372551 -4.0502821  -3.95618103]
 [-2.65300917  4.89871926  4.5254286 ]]
[[ 3.63359677 -4.2123382  -3.82803339]
 [-3.52012139  5.85371495  2.31106871]]
[[ 3.67245959 -3.76603455 -4.23564042]
 [-3.50472801  2.11594227  5.85078479]]
[[-3.96771252 -4.2510527   3.56490846]
 [ 1.16575482  6.11057434 -3.55839496]]
[[-4.52064065  4.05119773 -2.97738847]
 [ 6.26387751 -2.66850112 -0.4339035 ]]
[[-4.50128789  4.1251712  -5.11971451]
 [ 4.34871976  1.20936305  7.88456705]]
[[-3.83176928  3.84272145 -4.13691944]
 [ 4.00876333 -2.65489074  5.33462277]]
[[-3.91938256 -4.16700103  3.65029261]
 [ 2.58884612  5.64069958 -3.80024914]]
[[-6.72786326  3.96900944 -6.39287273]
 [ 9.31055503  0.2612062   6.76277855]]
[[-4.14893111  4.18295579 -4.67341968]
 [ 4.57787407  1.10486026  6.5194017 ]]
[[ 3.80924655 -3.93649699 -4.07300824]
 [-3.1108252   4.23009511  4.87841141]]
[[-4.03184885 -4.04135727  4.26837521]
 [ 5.09041151  5.11574353  0.07628735]]
[[-3.91190261 -4.05421172  3.79984871]
 [ 4.15234711  4.76127127 -3.3104632 ]]
[[-3.39152324 -4.38445407  3.88380292]
 [ 0.02004706  6.47763892 -2.53343836]]
[[-4.02922392 -3.90675366  3.75782945]
 [ 4.8239165   3.53321543 -3.97699438]]
[[ 3.64976357 -4.27659874 -3.70134384]
 [-2.07357389  7.06168953  1.11618056]]
[[-3.92113334  3.79697746 -3.97024716]
 [ 3.95657153 -4.06324566  4.35491016]]
[[-3.90313573 -3.99598209  3.77428358]
 [ 3.41487181  4.7264384  -4.22970286]]
[[-4.42563502  3.87530457 -3.36770948]
 [ 6.3385352  -2.79313152 -0.34056448]]
[[-4.1859701  -3.75333912  3.87239783]
 [ 5.57983099  3.82806278 -2.43128754]]
[[ 4.16389051 -4.11050214 -4.03208129]
 [-0.61491298  5.24639188  4.9816359 ]]
[[ 4.07449651 -3.6961686  -4.31268777]
 [-1.23599265  3.8738588   6.03297826]]
[[-3.81990025 -4.14755763  4.12702981]
 [ 4.42023886  5.52988879 -1.14249286]]
[[-3.85084895  4.12656964 -4.13069654]
 [ 4.51530788 -1.15254564  5.45112921]]
[[-3.98329462  3.79249413 -4.01172414]
 [ 4.33780962 -3.43190176  4.53548797]]
[[-4.18376333 -4.06262542  3.55047402]
 [ 5.95987075  1.54551701 -3.8633539 ]]
[[ 3.78291201 -4.03624377 -3.93693827]
 [-3.67720187  4.68701678  3.97303013]]
[[-4.37250054  4.24625737 -3.49195859]
 [ 6.48732366 -0.10053397  3.32166114]]
[[ 3.73736435  3.77395441 -4.99629273]
 [ 0.37315816 -1.05974842  6.19371358]]
[[ 3.59288785 -4.16530193 -4.12530907]
 [-4.07775419  5.84142674  0.77979214]]
[[ 4.33888606 -4.37556372 -3.2818836 ]
 [ 0.44798385  6.88413247  2.25738239]]
[[ 3.92571455 -3.26896771 -4.43782126]
 [-3.71178984  0.45665826  5.72248654]]
[[-4.19648632 -3.75339832  3.73177144]
 [ 5.58590878  3.05521116 -3.28832448]]
[[-3.87152487 -4.10303467  3.77609089]
 [ 3.71762622  4.99088026 -3.53153681]]
[[-4.17922512 -3.79621236  3.75972047]
 [ 5.41533225  3.37800475 -3.27630614]]
[[-3.81089968 -4.13678548  3.9320718 ]
 [ 4.16275031  5.38554588 -2.26386781]]
[[ 4.13137007 -4.14561014 -3.86035796]
 [-1.05380557  5.50280693  4.51498071]]
[[ 4.31466969 -3.96536857 -4.10952732]
 [ 0.61820295  4.88441383  5.34139301]]
[[-3.97512678 -3.98088695  3.80232938]
 [ 4.40680592  4.43466376 -3.42755364]]
[[-4.13216179  4.21337086 -3.96684819]
 [ 5.38107538 -0.26493902  4.83031651]]
[[ 3.03385231 -5.01064279  4.18423239]
 [-0.45198731  6.20041624 -0.82983952]]
[[-4.38523113  4.28175083 -3.52021933]
 [ 6.60363826  0.34098429  3.36818014]]
[[-3.7802809  -4.13976621  3.87179541]
 [ 3.9615517   5.3803211  -2.53894684]]
[[-4.10777991  3.75191777 -3.85488146]
 [ 5.0860698  -3.74401003  3.38163746]]
[[ 3.97651091 -4.49270877 -3.1325192 ]
 [-3.69253236  5.74871506  0.10289155]]
[[-3.83805492  3.64656357 -4.1914161 ]
 [ 2.73896463 -3.46655206  5.751177  ]]
[[-4.15314517 -3.8201852   4.21015384]
 [ 5.54540375  4.47344222 -0.68160554]]
[[-3.89528308 -4.04101108  3.76956053]
 [ 3.62922014  4.78586868 -3.89934133]]
[[ 3.63613706 -3.8778855  -4.19112122]
 [-3.74563913  2.10889955  5.75464962]]
[[-4.16777293  3.60310793 -4.08824834]
 [ 0.99781014 -4.32830338  5.6978351 ]]
[[-3.89556297  3.8930949  -4.08773339]
 [ 4.37239064 -2.43667286  5.14142369]]
[[ 2.59376273 -5.12661785  4.32508618]
 [ 0.63581351  6.38117803 -0.13365871]]
[[-3.94725479  4.24530716 -4.53387171]
 [ 2.16702536  1.18333927  7.99550189]]
[[-3.97375016  3.78506545 -3.9908422 ]
 [ 4.23136796 -3.62533767  4.46890146]]
[[ 3.50342834 -4.30659444 -4.02696168]
 [-3.27379296  6.4153246   2.10181515]]
[[-4.03124655 -3.89172985  3.77197917]
 [ 4.75390191  3.63690212 -3.92408988]]
[[-4.0262424   3.79642957 -3.87225197]
 [ 4.64399033 -4.10597568  3.58969386]]
[[ 3.56782124 -4.15907645 -4.06668702]
 [-3.96249903  5.86432621  1.54225104]]
[[ 3.95119345 -3.30827741 -4.38052138]
 [-2.2537188   0.87590413  6.51616458]]
[[ 4.0802229  -3.55693398 -4.29059054]
 [-1.2453356   3.48540077  6.24984582]]
[[-3.95490901  3.6506197  -4.0928738 ]
 [ 2.14880358 -4.15699613  5.50988313]]
[[ 3.79360121 -3.99606996 -3.98227763]
 [-3.39534943  4.45683089  4.42441839]]
[[-4.08279635  4.22420742 -3.99589618]
 [ 5.21960427 -0.24799578  4.96991723]]
[[-3.74948192 -4.25277317  4.00347206]
 [ 3.9897996   5.87379407 -1.60463065]]
[[-3.53713976  3.80644295 -4.26558138]
 [ 2.76276634 -2.3476631   6.26015643]]
[[ 3.80738123  3.67383819 -5.00627105]
 [-0.32402681 -0.75701097  6.20514886]]
[[-4.93980616  3.08643832  4.07076036]
 [ 5.95001747 -0.48063223 -2.45830796]]
[[-4.33572348  3.87799002 -3.446656  ]
 [ 6.40606952 -2.26807171  2.21873308]]
[[ 4.25240258 -3.74492593 -4.18186365]
 [-0.47577582  4.26965613  5.71545341]]
[[-3.84448472  3.81424495 -4.14692323]
 [ 3.90087168 -2.8961537   5.29887111]]
[[ 4.29544451e+00 -3.59194515e+00 -4.26206879e+00]
 [-1.71992295e-01 -1.07911970e-03  7.27250217e+00]]
[[-4.04477754 -3.98309143  4.2672694 ]
 [ 5.17067268  4.97449517 -0.12722594]]
[[ 4.21730893 -3.77942424 -4.71286828]
 [ 1.24599852  3.19258308  7.48949559]]
[[-3.93271547  3.65670234 -4.27587395]
 [-0.06183275 -3.77375799  5.95561346]]
[[-3.62799456  3.84676117 -4.26135069]
 [ 0.54432811 -1.66920498  7.09534972]]
[[-3.83162747  3.93046744 -4.27687999]
 [ 4.03866339 -2.05525493  5.75473448]]
[[ 4.39429365 -1.75081901 -4.85561983]
 [-1.87231066  0.40551734  6.26132352]]
[[ 3.65920588 -3.85894165 -4.2497739 ]
 [-3.18819743  2.99817907  5.91319455]]
[[ 3.70448815 -4.1311516  -3.85801331]
 [-3.95891387  5.40587878  2.5945624 ]]
[[-3.85090718  3.75515422 -4.06708476]
 [ 3.16628073 -4.03873803  5.00146463]]
[[ 3.96033681 -4.9283674   3.33405261]
 [-2.48651611  5.92993953 -0.61040944]]
[[ 3.78475715  3.78084754 -5.02242029]
 [-0.1944193   0.19717543  6.25850994]]
[[-3.95260522 -3.97816187  3.78704356]
 [ 4.24958062  4.41808125 -3.61841385]]
[[-3.7732452  -4.24177061  4.05766523]
 [ 4.13782262  5.80647074 -1.34028905]]
[[ 3.62358927 -4.00662715 -4.10952783]
 [-4.14533783  1.87021601  5.63364838]]
[[-5.01202772  3.34921332  4.01659812]
 [ 6.20301314  0.16864648 -1.14310939]]
[[-4.05007266  3.7858688  -3.91892749]
 [ 4.70458641 -3.60624794  3.99250675]]
[[ 3.73039481 -3.7850577  -4.1742138 ]
 [-3.3164613   3.21237735  5.4893404 ]]
[[ 3.84611751 -4.42495588 -3.41986104]
 [-2.953922    6.27431419 -0.21927195]]
[[-3.88781804 -4.18996935  3.67708521]
 [ 3.12946369  5.63210031 -3.42902561]]
[[-3.83380216 -4.10976305  3.76430257]
 [ 3.39966536  5.07581724 -3.70769293]]
[[-3.85793808  3.68240538 -4.15971651]
 [ 2.76326835 -3.72511612  5.53066915]]
[[ 4.24747355 -4.21222352 -3.85098731]
 [-0.01805733  5.67218904  4.50044491]]
[[-5.02124321  3.83108047  3.62531539]
 [ 6.20947677 -0.31409404 -0.98670551]]
[[ 3.76884233 -3.88998177 -4.06702263]
 [-3.45062701  3.834443    4.94763308]]
[[-4.0558522  -3.89393851  3.78482492]
 [ 4.74299622  3.90958635 -3.62145257]]
[[-0.03076339 -4.99184417  4.38373067]
 [-0.40199954  5.97818556 -2.8090221 ]]
[[ 3.63702907 -4.91109955  3.76591848]
 [-1.64452405  5.91649796 -2.06885958]]
[[-3.22900551  4.32111098 -4.38513608]
 [-0.27858792 -0.5450294   6.90952822]]
[[ 3.80139313 -4.11662054 -3.88989105]
 [-3.08751723  5.06517743  4.02669057]]
[[-4.31636053  4.28073174 -3.50160944]
 [ 6.29468583 -0.17120525  3.47319959]]
[[-3.86458014 -4.09517727  3.81027669]
 [ 4.01651227  5.1508844  -2.93118572]]
[[-4.16462632  3.66966939 -3.88046315]
 [ 5.58103613 -3.8072344   2.57227865]]
[[-4.11802466  3.57929115 -4.1804616 ]
 [ 5.79625827 -4.21508493  1.041166  ]]
[[-3.62235632  3.77594915 -4.27662709]
 [ 2.90183688 -2.60001367  6.0893859 ]]
[[-4.06502797 -3.84043177  3.76851855]
 [ 4.89580179  3.36652313 -3.95972501]]
[[ 3.78325712 -3.93985161 -4.12104465]
 [-3.38380231  3.91216838  5.04193812]]
[[ 4.0365541  -4.92070633  3.07478599]
 [-2.4803672   5.84861227 -1.72257535]]
[[-4.90346295  3.61773886  3.80764962]
 [ 5.89770838 -1.9813308  -1.89225698]]
[[ 3.7715922  -3.74068258 -4.16579897]
 [-3.98246064  2.49024112  5.3112071 ]]
[[-3.7534037   3.70266924 -4.24377432]
 [ 2.8324424  -3.17857454  5.83412842]]
[[-4.01963013  4.1612795  -4.00273004]
 [ 5.06442419 -0.89727691  4.99995203]]
[[-4.06084477  3.97950561 -4.02465485]
 [ 5.0133748  -1.89793789  4.8681654 ]]
[[-3.85502421 -4.14112266  3.67913285]
 [ 2.88217886  5.47051737 -3.69812849]]
[[ 3.4841064  -5.0433665   3.94688574]
 [-0.26447677  6.25968223 -0.49600377]]
[[ 3.84321708 -4.17573528 -3.84839133]
 [-2.68418294  5.3811791   3.99109958]]
[[-3.70074833 -4.33207399  4.26048246]
 [ 3.98764571  6.14996817  0.26317809]]
[[-3.85997764  3.77728962 -4.10581423]
 [ 3.68754615 -3.59319964  4.95066071]]
[[-3.84552136 -4.21748126  3.62385657]
 [ 2.08531153  5.88724986 -3.56621532]]
[[-3.93707724 -4.11245766  3.62557905]
 [ 2.27448392  5.58759786 -3.99260993]]
[[-3.87417716 -4.01704945  3.78221414]
 [ 3.41628613  4.71691438 -4.19076377]]
[[-3.66496522 -4.24981374  3.79561604]
 [ 3.25491984  6.00582922 -2.49205383]]
[[ 4.17772755 -3.90758253 -4.12122765]
 [-0.73955297  4.70415638  5.3770076 ]]
[[ 3.75656977 -3.88227619 -4.00920416]
 [-4.28093111  3.13207059  4.87070279]]
[[-4.10636486 -3.85888362  3.77808877]
 [ 5.02130051  3.76417325 -3.40919357]]
[[ 4.0106219   3.37035183 -5.00781487]
 [-0.84033533 -0.62669446  6.19121084]]
[[ 4.08068706 -3.94797191 -4.12177276]
 [-1.30223911  4.71933324  5.31865223]]
[[ 3.72111678 -3.83703636 -4.15066484]
 [-3.55551719  3.18747028  5.3764181 ]]
[[ 3.820405   -3.9247953  -4.06841   ]
 [-2.97820892  4.2582896   4.92613826]]
[[-3.9780161  -4.01148946  3.68563544]
 [ 2.13623693  5.30924909 -4.47430476]]
[[ 3.79308547 -4.04825093 -3.91138224]
 [-3.76527973  4.64498133  3.92556907]]
[[-4.02638477  3.76424217 -3.85630273]
 [ 4.87868631 -4.23880401  3.12380916]]
[[-3.95334651 -4.056359    3.98780525]
 [ 4.71297783  5.08130486 -1.91508949]]
[[ 3.59722173 -4.09002096 -4.17655473]
 [-4.03330046  0.75086949  5.84984144]]
[[-3.94131319 -4.20865104  4.15469   ]
 [ 4.65685938  5.5766562  -0.63042753]]
[[ 4.1504087  -3.37346809 -4.3155727 ]
 [-0.9629888   2.81982291  6.55828286]]
[[-4.01479139 -4.06298975  4.04056895]
 [ 4.92398581  5.0642598  -1.54309938]]
[[-4.94084891  3.86711586  3.61452496]
 [ 6.06350481 -1.57583699 -0.76429132]]
[[ 3.79067827 -4.23524585 -3.79613141]
 [-2.79745616  5.67686006  3.56549409]]
[[ 3.74213971 -4.1798976  -3.81003355]
 [-3.26171936  5.47463006  3.35096125]]
[[-3.99624424 -3.96103554  3.79394063]
 [ 4.40134567  4.16465963 -3.80680649]]
[[-4.4284446  -4.08528909  4.0039156 ]
 [ 5.91986172  4.54112143 -1.58759858]]
[[-3.61145741  3.91707391 -4.27037483]
 [ 3.40868041 -2.02555489  6.05884921]]
[[-4.12150225 -3.80012535  3.73932914]
 [ 5.23777019  3.00840919 -3.79280566]]
[[-4.26252806 -3.81520813  3.5785269 ]
 [ 6.2237864   1.73184134 -3.22996565]]
[[ 4.08918417 -3.14807493 -4.4484017 ]
 [-1.91972502  1.30103135  6.49803617]]
[[-3.47988347 -4.26175438  3.95981146]
 [ 0.95390045  6.98581932 -1.54214823]]
[[ 4.19112529 -4.29379593 -3.50559454]
 [-0.82122484  6.27327907  3.43336427]]
[[-4.27574777 -3.86323737  4.0213448 ]
 [ 5.74835172  4.27837283 -1.53738705]]
[[ 3.88799363 -4.40297232 -3.32498482]
 [-2.98809018  6.13167112  0.817318  ]]
[[-3.94854835  3.78865424 -3.98774099]
 [ 4.08068975 -3.82244586  4.44797233]]
[[-4.22273891  3.56577923 -3.95550657]
 [ 6.02212535 -3.61785086  1.73363931]]
[[ 4.4148512   0.55178241 -5.02389535]
 [-2.55356852  0.13803837  6.03460057]]
[[-3.71210355 -4.18508498  3.85392305]
 [ 3.64287531  5.63620831 -2.53872432]]
[[ 3.78127732 -3.90278671 -4.01201346]
 [-3.9690134   3.74289019  4.62600861]]
[[ 3.49473165 -4.25808396 -4.27548798]
 [-3.64441754  0.54176295  6.29745101]]
[[ 4.1901931  -4.11104334 -3.83168   ]
 [-0.95945021  5.4452886   4.51757216]]
[[-3.82919963  3.63506932 -4.22443122]
 [ 2.70080586 -3.32864712  5.89968002]]
[[ 3.61905075  3.98741953 -5.00061445]
 [ 0.09941877 -0.03938087  6.23669147]]
[[ 3.7632263  -3.66598067 -4.26224746]
 [-3.05248498  2.81091216  5.82282751]]
[[-4.35415873  4.23390194 -3.43262901]
 [ 6.57497297 -0.27581034  3.10599296]]
[[-3.6331981   4.02303263 -4.31237618]
 [ 3.61893262 -1.44404084  6.16335108]]
[[ 4.23302125 -4.18580584 -3.9586768 ]
 [ 0.07719859  5.52986025  4.7555063 ]]
[[ 3.78942745 -3.94630552 -4.02222376]
 [-3.76787899  3.99793792  4.60022992]]
[[ 3.78557589 -4.04052102 -3.89795838]
 [-3.83504633  4.70391443  3.78482883]]
[[ 4.28059691 -3.28025404 -4.27857418]
 [-0.45482162  1.92826729  6.94405687]]
[[-4.39453287  4.14895841 -4.02208925]
 [ 7.91802933  0.24496329  1.67286683]]
[[ 3.77883819 -4.09903468 -3.89297006]
 [-3.46381215  4.93586852  3.85575317]]
[[ 4.31288057 -5.03310225  2.78751438]
 [-0.49343763  6.26451131  0.52916382]]
[[-3.92565372 -4.15529229  3.62117035]
 [ 2.22094025  5.70872666 -3.86574836]]
[[ 3.74568894 -4.09572859 -3.85751788]
 [-3.77670759  5.09430324  3.34181621]]
[[-4.06558961 -3.84940945  3.76545909]
 [ 4.88580174  3.40604735 -3.94251913]]
[[-4.00677792 -3.98229238  3.79516372]
 [ 4.40486658  4.32336462 -3.62998072]]
[[-4.07520363 -3.9083977   3.79711625]
 [ 4.85156832  4.10474015 -3.26519882]]
[[-4.60423717  4.47130641 -2.74450834]
 [ 6.60293866  0.20175693  1.06302127]]
[[-4.26283594 -3.89739908  3.99972455]
 [ 5.63260317  4.35829307 -1.72115375]]
[[ 3.60295127 -3.91689696 -4.20075955]
 [-3.73730773  1.81571749  5.87788611]]
[[ 3.2013487   4.06594154 -4.94500818]
 [-1.58745499 -1.52849762  6.01283167]]
[[-3.78381351  3.63566573 -4.27467444]
 [ 1.36198612 -3.36836838  6.09851745]]
[[ 4.15033191 -4.7073267  -4.56655986]
 [ 1.26369002  6.07512052  5.53084815]]
[[-3.75169296 -4.16879629  4.08667373]
 [ 4.19260392  5.63066092 -1.42136701]]
[[-4.07591141  3.83664332 -3.94248482]
 [ 4.95078282 -2.85127959  4.35098167]]
[[-3.90683904 -4.27950853  3.58380102]
 [ 2.52479203  6.17292769 -3.26063485]]
[[-3.98763044 -3.96017142  3.7912426 ]
 [ 4.34073179  4.27298642 -3.72429999]]
[[-4.14232028  3.72865944 -3.89121125]
 [ 5.32060407 -3.46791235  3.47074862]]
[[ 3.8126314  -3.84119983 -4.13122349]
 [-2.99960606  3.92654321  5.17055662]]
[[-4.28601128 -3.60606453  3.69384264]
 [ 6.37721697  2.07730613 -2.68284492]]
[[ 4.0275364  -4.2655307  -3.54149608]
 [-1.60845679  6.13838929  3.40070514]]
[[ 3.75679366 -4.17863461 -3.78657347]
 [-3.46553555  5.36674191  3.2130171 ]]
[[-3.89299064 -4.02594345  3.77426373]
 [ 3.81553788  4.66262047 -3.81256976]]
[[-3.8886049  -4.08520688  3.82412736]
 [ 4.15991316  5.00493261 -2.96021549]]
[[ 4.22723029 -4.22685888 -3.93003616]
 [ 0.04840084  5.63412856  4.65542247]]
[[ 3.65277599 -3.74214498 -4.2465325 ]
 [-3.36422784  1.88685274  5.99552147]]
[[-3.83775048 -4.27846746  3.68904268]
 [ 0.65470976  5.89495205 -3.76574317]]
[[-4.10490164 -3.84971788  3.92687967]
 [ 5.25018335  4.31345432 -2.26380953]]
[[ 3.76453994 -3.90705961 -4.03457571]
 [-3.98346936  3.56252317  4.79758562]]
[[ 4.13273178 -4.28062833 -3.87383184]
 [-0.77162926  5.78547749  4.41567266]]
[[-4.98625551  4.11672538  2.93762967]
 [ 6.04142171 -1.99552449 -1.07543004]]
[[ 3.72967852 -4.22471664 -3.68046677]
 [-2.9896831   5.86214904  2.88500132]]
[[-3.7973546  -4.45348467  4.25186745]
 [ 4.07031284  6.3336628   0.93998266]]
[[-3.88195642  3.76348747 -4.08513187]
 [ 3.56916264 -3.78013339  4.92749261]]
[[-4.26377293 -3.8111432   3.83778931]
 [ 7.49279204  0.87954274 -1.1881058 ]]
[[ 3.8282884  -4.28961932 -3.67613942]
 [-2.22834667  6.13674049  3.36411644]]
[[-4.29537312 -3.61418843  4.29435915]
 [ 7.563538    1.34772722  0.58165181]]
[[ 4.56960021 -1.15130612 -4.95546537]
 [-0.59809816 -0.24944413  6.39903197]]
[[ 3.61659388 -4.17432063 -4.00383348]
 [-4.54741185  1.32256843  5.54138659]]
[[ 3.76418948 -4.07601031 -3.84915753]
 [-3.90235543  4.95892558  3.36627323]]
[[ 3.94874992 -3.99674337 -4.02605142]
 [-2.0807085   4.82701922  4.91122922]]
[[ 3.56238361 -4.08818388 -4.16347851]
 [-3.96171087  1.33744828  5.88291642]]
[[ 3.38985868 -4.93641086  3.99989461]
 [-1.75632403  6.00611171 -1.32980382]]
[[-4.24086488  3.82206859 -3.76309077]
 [ 5.71087017 -2.64006317  3.5977531 ]]
[[-4.05233869 -3.92869968  3.76004011]
 [ 4.86995447  3.6686523  -3.81999851]]
[[-4.32445515  3.91949186 -3.43073568]
 [ 6.59057243 -1.84174255  2.37848484]]
[[-4.30925219  4.32510607 -3.55096546]
 [ 6.20944852  0.27094197  3.65624169]]
[[ 3.84305051 -4.24018779 -3.71218215]
 [-2.36251905  5.85949403  3.56932117]]
[[-4.40135017  4.20079478 -3.4074707 ]
 [ 7.23144636 -0.03288337  2.29939551]]
[[-4.03103781  3.80289061 -3.96105877]
 [ 4.74149595 -3.11486726  4.35052578]]
[[-4.21602798  3.66818834 -3.78971418]
 [ 5.78848603 -3.40116424  2.6350948 ]]
[[ 3.74264779 -4.05285521 -3.91362684]
 [-3.97464674  4.97464331  3.38548186]]
[[ 3.79457123 -3.98749095 -3.97050461]
 [-3.69538125  4.31552641  4.33347182]]
[[ 3.79366621 -3.94473934 -4.03344321]
 [-3.25039145  4.23046467  4.74949846]]
[[-3.87858058 -4.30947281  3.60714488]
 [ 0.34793021  6.26151504 -3.32236236]]
[[-4.12828164  4.0495961  -3.84080429]
 [ 5.41700955 -1.59912491  4.42665512]]
[[-3.76856876  3.67335341 -4.20390846]
 [ 2.15980715 -3.60443793  5.74722273]]
[[-4.10420915 -3.88990756  3.7606559 ]
 [ 5.06126026  3.69705413 -3.49893411]]
[[-4.03915142  4.23896989 -4.27671142]
 [ 4.87140254  0.70296798  5.61657134]]
[[-4.15269182 -3.84656706  4.15157169]
 [ 5.50929406  4.502856   -0.96629368]]
[[ 3.80637103 -4.15765851 -3.82101455]
 [-2.82541774  5.39944397  3.82286847]]
[[-4.22517444 -3.82422605  3.8086227 ]
 [ 5.63701091  3.73846795 -2.6953528 ]]
[[-3.84258863  3.70832914 -4.29862975]
 [-0.10161165 -3.8050414   5.88935006]]
[[-4.2398953  -3.84388294  3.65663523]
 [ 5.85991162  2.64877271 -3.40841109]]
[[-3.99978601  4.13307041 -4.2205529 ]
 [ 4.77780823 -0.72889415  5.51660551]]
[[ 3.74291965  3.6457075  -4.90889411]
 [-2.14104169 -1.69567947  5.89876161]]
[[-3.91777701 -4.1150299   3.70688746]
 [ 1.4822873   5.46374299 -4.3122029 ]]
[[ 3.79241454 -3.97708622 -3.99845946]
 [-3.5010054   4.35709709  4.4459921 ]]
[[-3.93611023  3.81612159 -4.06715497]
 [ 4.28873846 -3.025945    4.8717229 ]]
[[-3.49799145  4.18301477 -4.32314041]
 [ 0.99856335 -0.34969998  7.30922589]]
[[ 3.80106394 -4.05564683 -3.9227441 ]
 [-3.28474576  4.71812056  4.22871178]]
[[ 3.60217848 -4.27110147 -4.03253731]
 [-3.6972448   6.06566647 -0.16329694]]
[[-3.82244294  3.80789265 -4.16743647]
 [ 3.78129722 -2.98508673  5.32252517]]
[[ 4.06788952 -4.15638452 -3.85319187]
 [-1.37187299  5.53440852  4.42737528]]
[[-3.66618315  3.74383065 -4.33261398]
 [ 0.24950906 -3.52488247  5.97822217]]
[[-4.35352444  3.68649191 -3.76820498]
 [ 6.26370052 -3.23777724 -0.47935163]]
[[-4.27556453  4.15105195 -3.4838677 ]
 [ 6.18180829 -1.18222431  3.36349946]]
[[ 3.61944692 -4.19496418 -3.93834175]
 [-3.85696263  5.83871054  1.43974824]]
[[ 3.90593167 -3.53246272 -4.26248525]
 [-2.09499022  3.09604671  6.16155206]]
[[-3.58769954  3.7296134  -4.32053066]
 [ 1.29462868 -2.97725412  6.24720183]]
[[-4.0005425  -3.97302622  3.84564545]
 [ 4.6732941   4.59271343 -2.84684547]]
[[-4.14369099  3.57601397 -4.22466773]
 [ 0.16477206 -3.87965358  6.0028936 ]]
[[ 4.134295   -4.9427658  -4.30350904]
 [ 0.91021418  7.61444177  4.17526271]]
[[-3.91638583  3.79872435 -4.08075745]
 [ 4.04741168 -3.23865891  4.95591697]]
[[-3.26664255 -4.34559187  4.05161191]
 [ 1.27953212  6.61120041 -1.81238164]]
[[-3.85692121  3.70296991 -4.11563689]
 [ 3.0092014  -3.78825088  5.33417444]]
[[ 3.93511922 -4.41132329 -3.31481065]
 [-2.37369812  6.49791182  0.63610625]]
[[-4.08580456  3.60434549 -4.23137548]
 [ 5.71334713 -4.38652797  0.63864125]]
[[ 4.26371254 -4.44062872 -3.39952695]
 [ 0.35752884  7.31890146  1.63225725]]
[[ 3.96416257 -4.1981081  -3.80372485]
 [-1.98266005  5.56931701  4.14744006]]
[[-4.01226036 -3.98811533  3.80590421]
 [ 4.57621341  4.46320528 -3.21064738]]
[[ 3.8558159  -4.01240278 -3.98426385]
 [-2.74262809  4.71630975  4.64044083]]
[[-3.16131002 -4.38274321  4.13378507]
 [ 0.94992843  6.60186156 -1.67350365]]
[[ 3.80666848 -4.03891672 -3.9573096 ]
 [-3.22924108  4.74265709  4.27965712]]
[[-3.84485945  3.78973077 -4.01288407]
 [ 3.32389718 -4.27873403  4.68986165]]
[[-4.1070281  -3.9994035   3.62172492]
 [ 5.6347247   1.77746744 -4.14789317]]
[[-4.93423341  3.55942965  3.8829028 ]
 [ 6.01779334 -1.34559592 -1.62276251]]
[[-4.28264302  3.76531489 -3.63545319]
 [ 5.75822262 -3.61203476  1.66816099]]
[[ 4.30932447 -4.25783832 -3.34038232]
 [-0.20538217  7.12515035  1.5423865 ]]
[[ 3.67613534 -4.09593946 -3.89477893]
 [-4.05517408  5.39996201  2.52995721]]
[[-3.76173375 -4.2577618   3.6519238 ]
 [ 1.73753007  5.99137998 -3.40774107]]
[[ 3.74541009 -3.70664427 -4.22824491]
 [-3.83691238  1.73818952  5.60807491]]
[[ 3.7972137  -4.05799217 -3.96409528]
 [-3.33125183  4.75132092  4.21956859]]
[[-4.55575009  4.08331486 -2.83567658]
 [ 6.0413723  -2.87359649  0.79133441]]
[[-3.96624741  3.82729016 -4.01466432]
 [ 4.44762347 -2.96362861  4.74713543]]
[[-4.30746438  3.7034598  -3.59388661]
 [ 6.62760153 -2.27199885  2.49132418]]
[[-4.31899836 -3.25105362  4.2197516 ]
 [ 6.66078522  2.12373459 -0.93157346]]
[[ 4.18970747 -3.82625832 -4.1489101 ]
 [-0.83465059  4.47326347  5.53407285]]
[[ 3.95768183 -4.15750134 -3.82330855]
 [-1.95956813  5.49670042  4.23111629]]
[[ 3.82331361 -4.02659819 -3.96296823]
 [-2.94378914  4.79906257  4.41560694]]
[[-4.13734816  3.63446362 -3.99973384]
 [ 5.68392406 -4.13630395  1.37177066]]
[[-3.79237806  4.11152008 -4.37690743]
 [ 4.05847444 -0.78420246  6.16174455]]
[[ 3.74196304 -3.80578539 -4.18012559]
 [-3.30579268  3.29926707  5.47739695]]
[[-2.96186566 -4.51010887  4.10212719]
 [-0.82354439  6.40417547 -2.31648208]]
[[-3.96301075  3.79281242 -3.95546595]
 [ 4.28056158 -3.90834307  4.17228729]]
[[ 3.81515873 -4.06368595 -3.92564029]
 [-3.07915391  4.87815432  4.23375277]]
[[ 2.45226883  4.23234513 -4.96533275]
 [ 0.18477332 -2.51519719  5.97666498]]
[[ 3.78388787 -4.0026126  -3.92244642]
 [-3.87505968  4.53333529  3.93262883]]
[[-4.34696791  3.77781237 -3.57529561]
 [ 5.97624568 -3.41642777  0.93913524]]
[[ 4.1857719  -4.19546438 -3.71617261]
 [-0.89439656  5.7610671   4.14930724]]
[[-3.67791648  4.08444994 -4.215171  ]
 [ 3.94963452 -1.39575363  5.82034514]]
[[ 3.74320762 -3.78152741 -4.2136268 ]
 [-3.3311694   3.10660204  5.56376972]]
[[ 4.16116375 -3.59007157 -4.43458029]
 [-0.3429388   3.41993841  6.64023374]]
[[-3.98410243 -4.1752717   3.62646552]
 [ 1.36383922  5.7643678  -3.9935135 ]]
[[-3.67168053  4.2871701  -4.32478193]
 [ 3.94757931  0.45687327  6.1246962 ]]
[[-4.58488057  4.05177121 -2.82422709]
 [ 5.86613175 -3.4176489  -0.1664185 ]]
[[-3.84679293  3.71718469 -4.11610462]
 [ 2.01863329 -4.20039062  5.3885994 ]]
[[-4.05722642  3.81578167 -3.94218841]
 [ 4.87749256 -3.07436513  4.25723386]]
[[ 3.80169582 -3.81137055 -4.14786887]
 [-2.94335607  3.78806897  5.31521073]]
[[-4.2184075   3.71884659 -3.7284617 ]
 [ 5.77749137 -3.11484517  2.95466968]]
[[-3.90454069  3.63442236 -4.18320171]
 [ 1.80366616 -3.85948803  5.75304599]]
[[ 3.51252952  3.8272781  -4.87224906]
 [-2.09587502 -2.84741574  5.70383687]]
[[-4.21772949 -3.98864654  4.23955579]
 [ 5.58770987  4.78400537  0.36048437]]
[[-3.84907045  3.70453993 -4.08539903]
 [ 2.63080735 -4.06896535  5.28552056]]
[[-3.91338918  3.67872169 -4.29964021]
 [-0.69777805 -3.7565048   5.96586092]]
[[ 3.68384243 -3.88918008 -4.10151498]
 [-3.8565216   2.95308772  5.34638572]]
[[-3.96161542  4.19921787 -4.61214792]
 [ 4.1827568   0.90401918  6.63613446]]
[[-4.0325598  -3.93163712  3.78350806]
 [ 4.68072071  3.84212232 -3.84903705]]
[[-4.25397618 -3.8378169   3.69847178]
 [ 5.80202989  0.6048473  -3.88064765]]
[[-3.84802209 -4.1349825   3.99415224]
 [ 4.37133341  5.42934646 -1.7876428 ]]
[[-3.67118737 -4.3160805   3.88146847]
 [ 3.42938551  6.14759435 -2.08097852]]
[[-3.88437334  3.75302029 -4.09704743]
 [ 3.6442259  -3.49590227  5.10776544]]
[[-4.37460563 -3.73566805  3.69011491]
 [ 6.37717048 -0.45532885 -3.06672768]]
[[-3.91828936 -4.21071222  3.59752046]
 [ 2.07140617  5.91237292 -3.65025981]]
[[-3.09423443  4.13928942 -4.42452931]
 [ 1.06366689 -1.81455726  6.50613786]]
[[-4.09249951 -3.84390246  3.76501762]
 [ 4.98827266  3.48750309 -3.73023512]]
[[ 3.64360728 -3.91890496 -4.11190286]
 [-4.03818368  2.13594019  5.55339303]]
[[-3.98283162 -3.91033143  3.8014281 ]
 [ 4.28193911  3.99839052 -4.11267824]]
[[-4.24354834 -3.66465428  3.7569389 ]
 [ 5.65100926  2.18141434 -3.59546028]]
[[-3.94684742 -4.03804867  3.86419099]
 [ 4.51631928  4.86558062 -2.67688947]]
[[-3.79609334  4.25585361 -4.45863872]
 [ 4.0806372   1.05230342  6.30537587]]
[[-3.7821649  -4.16309258  3.89970728]
 [ 4.00984176  5.49963764 -2.29997927]]
[[-3.83339043  3.72288849 -4.1828861 ]
 [ 3.06418427 -3.56257622  5.46406096]]
[[-4.10121863 -3.89279769  4.00246214]
 [ 5.28765625  4.52787735 -1.79913133]]
[[ 3.66896024 -4.01433234 -3.985917  ]
 [-4.42479903  5.33757324  2.17856872]]
[[ 3.78714467 -3.89447771 -4.03951245]
 [-3.85600829  3.78743057  4.68021598]]
[[ 3.83152722 -4.11085824 -3.88198979]
 [-2.84398407  5.11742958  4.13884362]]
[[-4.19138747  3.66680137 -3.84731438]
 [ 5.70964426 -3.37683408  3.01547262]]
[[-4.02063105  4.18373348 -4.10682726]
 [ 4.96912394 -0.48876766  5.25531501]]
[[ 3.79363766 -4.34185464 -3.50209861]
 [-2.93338749  6.25295348  1.00267282]]
[[ 4.01613914 -3.95697209 -4.3383336 ]
 [-1.49383134  4.39162357  5.84541392]]
[[-3.57349723 -4.33227225  4.09205391]
 [ 3.49226808  6.35612087 -1.01613716]]
[[-3.94163569 -4.05142509  3.87214594]
 [ 4.48186427  4.95708138 -2.59935485]]
[[ 3.80625954 -3.95484691 -4.00513377]
 [-3.22322428  4.41911733  4.56709675]]
[[-4.26700614 -3.97476011  4.2516882 ]
 [ 5.69697766  4.71695681  0.7006839 ]]
[[-4.93943009  3.58115352  3.84880263]
 [ 6.01949235 -0.48008556 -2.03215517]]
[[ 4.2176815  -4.0840309  -4.30580117]
 [ 0.64886256  4.88135547  5.71327088]]
[[ 3.58074459 -4.3059172  -3.93049071]
 [-3.38596715  6.25201299  1.33524876]]
[[-4.04457823 -3.91838633  3.78709514]
 [ 4.69304235  4.0686815  -3.51186127]]
[[-4.03242138 -3.97470341  4.06048599]
 [ 5.06251087  4.86455876 -1.49705688]]
[[ 3.69639919 -4.11217892 -3.86582413]
 [-3.91811479  5.35537038  2.78702353]]
[[-3.84789461 -4.07776519  3.71545864]
 [ 2.58549142  5.22833057 -4.15195421]]
[[ 3.94448239 -5.04576329  3.50798118]
 [ 0.0130355   6.26324298 -0.6318139 ]]
[[-4.21785427  3.65210627 -3.77559907]
 [ 5.86099557 -3.50130163  2.1021199 ]]
[[-3.22881623  3.95785869 -4.45219874]
 [-0.60389926 -2.64664626  6.36174745]]
[[ 3.50241691 -4.94996798  3.95384702]
 [-0.92604304  6.0923137  -1.23600941]]
[[ 4.12820546 -4.08967246 -4.00534441]
 [-0.95699985  5.19454044  4.93533504]]
[[-4.51690071 -2.87308378  4.23939552]
 [ 6.47381846  0.83616098 -1.61099799]]
[[-3.93163962  3.78468233 -4.10202107]
 [ 3.99379086 -3.30451738  4.98904442]]
[[-4.19305088 -4.14733005  3.615577  ]
 [ 0.21562917  5.77923948 -4.23736732]]
[[ 3.80101047  3.62657749 -4.92272153]
 [-2.09370756 -0.93154194  5.97424703]]
[[-4.20711599 -3.7273422   3.81928267]
 [ 5.65230567  3.53911621 -2.68959842]]
[[ 3.89500704 -3.77232146 -4.16187491]
 [-2.39632165  3.96106534  5.47869147]]
[[ 3.8351369  -3.86035071 -4.19224202]
 [-2.59180866  3.97897367  5.49450536]]
[[-4.2851075  -3.73076975  4.24211185]
 [ 6.00293123  4.11175164 -0.0568919 ]]
[[ 4.19492941 -4.21538801 -4.0620728 ]
 [-0.05579057  5.48879792  4.9382616 ]]
[[-6.39069027 -6.0729608   4.014402  ]
 [ 8.63385611  6.79796639  1.29490361]]
[[-3.49103405 -4.27501291  3.85892828]
 [ 2.6309053   6.20109472 -2.37790985]]
[[-3.8733615   3.62149398 -4.19403698]
 [ 1.84974141 -3.71789595  5.82813283]]
[[-4.54173519 -3.66826153  4.24395152]
 [ 6.92652574  3.45168449  0.90994641]]
[[-4.30471324  3.81267022 -3.65379754]
 [ 6.21854593 -2.26027445  3.20557875]]
[[ 3.70740463 -4.26407365 -3.68635882]
 [-3.44558946  5.90074715  1.74062429]]
[[-4.1761214   3.61684324 -3.94708414]
 [ 5.77378433 -3.85473096  2.02668169]]
[[ 3.67648189 -3.83727371 -4.1540188 ]
 [-3.52734062  2.98022081  5.5556627 ]]
[[ 3.6107642  -4.12452959 -4.20734565]
 [-4.02196644  0.04813863  5.89133333]]
[[-4.96582399  4.09576515  3.21660323]
 [ 6.10859932 -1.518935   -0.4131908 ]]
[[ 3.97234043 -3.42076883 -4.29116116]
 [-1.62428626  2.70135339  6.54572108]]
[[-3.76396084 -4.22088101  3.68213838]
 [ 2.12297473  5.78653461 -3.57766631]]
[[-3.91728106  3.77457397 -4.027052  ]
 [ 3.91569029 -3.69198786  4.69210446]]
[[-4.15523936 -3.83993747  3.78579864]
 [ 5.34736475  3.75879973 -3.01617127]]
[[-4.0800477  -3.90326139  3.77993778]
 [ 4.90124304  3.77711431 -3.62549753]]
[[-4.31596257 -3.49932856  3.79804763]
 [ 6.38643204  1.97702479 -2.50301927]]
[[-4.20001901 -4.20890794  3.53321247]
 [ 0.94965553  6.06259513 -3.89775459]]
[[ 4.38580188 -4.81798288 -1.89311813]
 [-1.76690402  6.31441226  0.1287357 ]]
[[-4.39922625  4.22748942 -3.12611327]
 [ 6.70604127 -1.34160579  0.32839533]]
[[-4.03410785  3.80032685 -3.94963918]
 [ 4.65825114 -3.333461    4.27039228]]
[[ 4.0882072  -4.35966055 -3.32271676]
 [-1.62381217  6.78226933 -0.45775149]]
[[-3.99243711 -3.94597453  3.79203154]
 [ 4.42975422  4.20907371 -3.67294162]]
[[-5.03910981  4.40292467  2.15778694]
 [ 6.21204665 -1.01919536 -0.61602317]]
[[ 3.63223971 -4.04449454 -4.06288956]
 [-4.33120996  1.74405567  5.55444436]]
[[-4.16761908 -3.8903818   3.92175259]
 [ 5.41208979  4.31861298 -2.15208418]]
[[-4.28788882 -4.23700322  3.52346226]
 [ 0.63891682  6.14755459 -3.87023706]]
[[-5.00390379e+00  3.50441076e+00  4.07837373e+00]
 [ 6.24419684e+00  5.80559781e-03  3.00857824e-01]]
[[ 3.64405485 -3.97958163 -4.254395  ]
 [-3.84760965  0.11881342  5.93146585]]
[[-4.13861414  3.71753844 -3.81633494]
 [ 5.34138274 -3.73042471  2.95749454]]
[[-3.81411781 -4.13297187  4.12332411]
 [ 4.40775566  5.5110841  -1.22537633]]
[[-4.00729361 -3.92669794  3.79074666]
 [ 4.38558527  4.07456872 -3.90674086]]
[[-4.12059692 -3.86752406  3.86579796]
 [ 5.24551735  4.19379344 -2.55344697]]
[[-3.95970963 -4.08414186  3.94183468]
 [ 4.64812495  5.09401691 -2.11334252]]
[[-4.32803255 -3.27884141  4.25699724]
 [ 6.90353831  0.57472079 -0.82866038]]
[[-4.10719118  3.78451391 -3.87201666]
 [ 5.15266504 -3.09099055  3.90933995]]
[[-1.83601017 -4.80786325  4.32641874]
 [ 0.2635577   6.11654768 -2.48783846]]
[[-3.9831053  -3.99990111  3.81529564]
 [ 4.56290346  4.55589341 -3.07214582]]
[[ 4.18582211 -4.1440194  -3.86595615]
 [-0.72880511  5.49817262  4.56784125]]
[[-4.04771688 -3.93896293  3.80913903]
 [ 4.75739095  4.23113948 -3.25780172]]
[[ 3.58192218 -4.0815672  -4.24476871]
 [-3.80740452  0.42969419  6.0433046 ]]
[[-4.16232442  3.57036445 -4.21828353]
 [ 5.89404557 -4.11199135  0.61873957]]
[[ 3.78745203 -3.92123487 -4.01769993]
 [-3.70745112  4.1138188   4.4890487 ]]
[[-3.93000204  3.76426185 -4.06841117]
 [ 3.82527978 -3.5661109   4.93081724]]
[[-2.8696206  -4.56867004  4.03692601]
 [-0.32497941  5.91316489 -3.33796092]]
[[-4.06874609  3.53529361 -4.23433944]
 [ 1.83557477 -3.6752969   6.11041155]]
[[-3.96715428 -4.01371101  3.83353311]
 [ 4.53392816  4.7064572  -2.88901117]]
[[-4.08070981 -3.90125906  3.76046467]
 [ 4.9890934   3.69241633 -3.60657926]]
[[-3.99766078 -4.25183249  3.58862682]
 [ 0.6589831   6.06624211 -3.69328542]]
[[-5.03975077  4.37429372  2.61628519]
 [ 6.24636808  0.02884785 -0.70673894]]
[[ 4.18522828 -4.96973901  2.88732668]
 [-1.82220359  6.07020336 -0.64965325]]
[[-4.07991251  4.26650208 -3.92733688]
 [ 5.30472898 -0.22128853  4.81017668]]
[[-4.43656143 -3.10066762  4.26874079]
 [ 6.75231073 -0.88061506 -1.16727851]]
[[ 3.80134663 -3.96270531 -4.04285369]
 [-3.38900997  4.28750657  4.62712263]]
[[ 3.68875961 -4.29197637 -3.90569515]
 [-3.82400069  5.9184332  -0.4056055 ]]
[[ 3.87875202 -3.38538359 -4.403678  ]
 [-3.66161992  0.50689635  5.77445466]]
[[-4.04365784 -4.3086048   4.16827245]
 [ 4.81050282  5.67378397 -0.22587515]]
[[-4.93308683  4.10687497  2.97131939]
 [ 5.90853643 -2.56828231 -0.82142529]]
[[-4.07923048  3.79059773 -3.90458861]
 [ 4.97355275 -3.25994544  3.99234796]]
[[ 3.78874911 -4.03632665 -3.92232697]
 [-3.49166317  4.70805502  4.07087119]]
[[-3.73193515  3.81316561 -4.22163633]
 [ 3.54400398 -2.55437594  5.78106195]]
[[-3.09590234  4.22138559 -4.42973398]
 [ 1.37872259 -1.28379008  6.59660719]]
[[-4.22175003  3.70151576 -3.71562357]
 [ 5.77523688 -3.38757871  2.44148667]]
[[-3.62448587 -4.23405745  3.91761105]
 [ 3.50212343  5.90346046 -2.1319189 ]]
[[ 3.60297064 -4.08102507 -4.10034943]
 [-4.19568977  1.88438527  5.67825719]]
[[-4.34956536  3.49593627 -4.1162094 ]
 [ 6.53518739 -3.27904101  1.53355094]]
[[-3.839161   -4.16250354  3.68172505]
 [ 3.03428906  5.56882784 -3.48863307]]
[[-4.29950991  3.73993303 -3.56138594]
 [ 6.95676961 -1.94152084  1.67721462]]
[[-4.22923862  3.60443767 -3.83314785]
 [ 6.00341529 -3.47817247  1.85665387]]
[[-4.0182126   3.99793345 -4.05330549]
 [ 4.88018719 -1.78763478  5.02624586]]
[[-4.26344525 -3.66056443  4.13547131]
 [ 5.99861921  3.88985145 -0.98416731]]
[[ 3.89411226 -4.15681105 -3.80061141]
 [-2.34410678  5.45691525  4.04831467]]
[[-4.24752343 -3.91404107  3.94187285]
 [ 5.64887261  4.28643924 -1.96844096]]
[[-4.19731231  3.89723997 -3.86649943]
 [ 5.46686762 -2.30146483  4.17618737]]
[[-4.2214191   3.66262781 -3.84783385]
 [ 5.81098768 -3.80448932  1.37795924]]
[[ 3.5648423  -4.23448514 -4.07047895]
 [-3.77420137  6.04809984  1.17804575]]
[[-4.23793548  3.63011858 -3.80986285]
 [ 5.9616844  -3.52880167  1.61775519]]
[[-4.02866292  3.79615718 -3.94479975]
 [ 4.58509657 -3.55062954  4.17670223]]
[[-3.32079599 -4.29095018  4.0966955 ]
 [ 2.33337283  6.63126579 -1.32272532]]
[[-3.82193894 -4.10305028  4.03003966]
 [ 4.39202467  5.34996538 -1.76524866]]
[[-3.11825142  4.06569573 -4.44025738]
 [ 0.75296569 -2.12645321  6.45754876]]
[[ 3.74488845 -4.08533927 -3.86263559]
 [-3.93193874  5.0609423   3.22538566]]
[[-4.928209    3.56336059  3.84809853]
 [ 5.9481346  -0.89162636 -2.33310668]]
[[ 3.76778805 -4.2894479  -3.51073432]
 [-2.1620893   6.68887646  1.86676606]]
[[-3.53453915  4.18528913 -4.42684796]
 [ 3.29397742 -0.28945343  6.63250378]]
[[-3.32881246  3.88447818 -4.46106837]
 [-0.67221681 -3.25671575  6.06875983]]
[[-3.49399524  3.81932364 -4.29498139]
 [ 2.43822835 -2.16243323  6.48506025]]
[[ 3.33049017  4.11165262 -4.98186821]
 [-1.06523733 -0.0596776   6.16564428]]
[[-3.84307957 -4.10108459  3.75786097]
 [ 3.37878908  5.02099483 -3.79836222]]
[[-4.19435676 -3.86251658  3.6352047 ]
 [ 5.78055242  1.92159336 -3.73841738]]
[[ 4.27455318 -4.30609715 -3.29700953]
 [-0.23720377  6.95197116  2.19417846]]
[[-4.19807697 -4.16120151  3.55952988]
 [ 5.97757465  0.66556253 -3.94224039]]
[[-3.99324706 -3.95102221  3.78980527]
 [ 4.40709     4.11154751 -3.84720417]]
[[-3.78484484  3.91978754 -4.20357488]
 [ 3.99953181 -2.0450756   5.70063695]]
[[-3.76227679  3.77800206 -4.17317784]
 [ 3.43710948 -3.14204456  5.41681878]]
[[ 3.69001071 -4.08131435 -3.8976255 ]
 [-4.0663553   5.3178517   2.71073076]]
[[-3.05236433 -4.56434392  4.22742759]
 [ 1.93531061  6.48308719 -1.35301551]]
[[ 4.0459705   3.08626626 -4.91925425]
 [-2.72412527 -0.71574694  5.86523231]]
[[-4.17506426 -3.77948918  4.1445527 ]
 [ 5.64435245  4.30162306 -1.05515595]]
[[-3.90962226 -4.06617561  3.77841229]
 [ 3.8146988   4.82206672 -3.67682708]]
[[ 3.7558845  -4.10864557 -3.87116695]
 [-3.57233793  5.08751775  3.57193618]]
[[-3.55545916  3.87032326 -4.25057621]
 [ 3.09308788 -2.26999428  6.09047223]]
[[-4.25348157 -3.9498802   3.65075622]
 [ 5.90992829  0.4829746  -3.84671504]]
[[ 4.02275289 -3.25618471 -4.3634318 ]
 [-1.98587325  1.28748363  6.53352171]]
[[ 4.26396479 -3.69663228 -4.21260137]
 [-0.35526272  4.13093695  5.82477502]]
[[-4.02327031  3.7845641  -3.92418079]
 [ 4.5823176  -3.7589505   3.98731968]]
[[-3.99990845 -4.14948607  3.87355202]
 [ 4.4790058   5.14146653 -2.57510435]]
[[-3.94573893  3.9645328  -4.06197139]
 [ 4.66381966 -2.02159383  5.08294122]]
[[-4.10882336 -4.19487651  3.63575527]
 [-0.20004009  5.81259806 -4.1045815 ]]
[[-4.32400581 -3.59626733  3.71516971]
 [ 6.57945809  1.27467669 -2.54513114]]
[[-3.26006274  3.95984081 -4.39951467]
 [ 0.43905652 -2.49446358  6.40462693]]
[[ 3.78193188 -4.15992887 -3.84059076]
 [-3.27878276  5.23885689  3.6483559 ]]
[[-4.57182193  3.98660635 -3.75116469]
 [ 6.8723258  -1.24613378  3.37375059]]
[[-3.75808889 -4.16369959  3.98875407]
 [ 4.10928693  5.5324462  -1.94326047]]
[[-4.07296126  3.76726246 -3.92009047]
 [ 4.90198853 -3.58607341  3.82143838]]
[[ 4.17423009 -3.88050556 -4.23311636]
 [-0.52980218  4.51308952  5.67654128]]
[[ 4.14322203 -3.77566804 -4.14042614]
 [-1.16331867  4.33395263  5.54883946]]
[[-4.33704866 -3.61978509  3.77115604]
 [ 6.52949725  2.8974986  -2.13458804]]
[[ 3.90793603  3.40351473 -4.90751722]
 [-2.28797066 -1.52520036  5.88830951]]
[[ 3.73755265 -4.28101495 -3.68555416]
 [-1.8123712   7.14365653  0.82251898]]
[[-4.08496538 -3.95896546  4.29036056]
 [ 5.28593928  4.88723229  0.09399688]]
[[-4.7878559   4.053968   -4.24415404]
 [ 6.71617724 -0.84341556  4.48785362]]
[[-4.58870344  4.32649607 -2.6583975 ]
 [ 6.49067645 -1.41870352  0.2832376 ]]
[[ 3.91142719 -4.14548721 -3.92677719]
 [-2.27144607  5.2837759   4.41115515]]
[[ 4.27996315 -1.88777251 -4.78282605]
 [-2.62461657 -1.03664336  6.13713071]]
[[-3.76742056  3.76184536 -4.20032925]
 [ 3.27150618 -3.24325023  5.48020713]]
[[ 3.80470421 -3.94988401 -3.9186711 ]
 [-4.22928448  4.27133156  3.90804791]]
[[ 3.78441271 -4.04781199 -3.90862797]
 [-3.54480782  4.72173434  4.00331389]]
[[ 3.56391422 -4.11983789 -4.19949929]
 [-3.90545084  0.71304532  5.96743683]]
[[ 3.1774499  -4.95274602  4.09631059]
 [-1.48345313  6.03874409 -1.44082052]]
[[-4.03559554  3.79367463 -3.9392059 ]
 [ 4.67467818 -3.49796435  4.12425368]]
[[ 3.977433   -4.00027088 -3.96588645]
 [-2.0241078   4.9128688   4.79529342]]
[[-3.85155144 -4.29828817  3.68052858]
 [-0.04459334  5.98827627 -3.66876687]]
[[-3.83903343  3.8518446  -4.16902803]
 [ 4.01162303 -2.6468924   5.3651297 ]]
[[-3.93900581  4.24968831 -4.06425522]
 [ 4.85658369 -0.41969423  5.23782083]]
[[-4.40100953  4.28475706 -3.36018568]
 [ 6.87920916  0.29628167  2.6454475 ]]
[[-3.62184806  3.78037083 -4.38563811]
 [-0.88091056 -3.48345318  6.03233956]]
[[ 3.77499475 -3.86151265 -4.20783482]
 [-2.94580976  3.68692598  5.54856854]]
[[-3.97834698  3.78770338 -3.95455117]
 [ 4.32902266 -3.88917769  4.14780663]]
[[-4.34779639 -3.63354136  3.73018575]
 [ 6.21378255  0.4493984  -3.17199892]]
[[-3.97586381 -3.89885224  3.80252431]
 [ 4.33078131  3.86602195 -4.19560395]]
[[ 4.07806648 -4.27819374 -3.61722715]
 [-1.26716088  6.09649421  3.68829018]]
[[-3.73319692  4.31930114 -4.2714872 ]
 [ 4.16520189  0.63658926  5.96148152]]
[[-3.71609927 -4.27504189  4.14957868]
 [ 4.03144694  5.98290729 -0.77191284]]
[[-4.30702959  3.68641495 -3.62206194]
 [ 6.42860861 -2.72870456  1.68985714]]
[[-4.04685483  3.80669472 -3.98416711]
 [ 4.75140344 -3.17945029  4.34508845]]
[[-4.40707837  3.45941132 -4.12480574]
 [ 6.95914883 -2.78928057  1.10089102]]
[[-3.14375803 -4.45735754  4.00386597]
 [ 1.00277745  6.24671099 -2.60932948]]
[[-3.4516658  -4.32797303  3.89018623]
 [ 2.32017938  6.80613151 -1.66703661]]
[[ 3.74752895 -3.84455071 -4.11271438]
 [-3.50730523  3.49315327  5.17298979]]
[[ 3.34474378  4.02263151 -4.96655248]
 [-0.9901126  -1.17899772  6.10818578]]
[[ 3.82273695 -4.15704826 -3.91509829]
 [-2.86531934  5.23065293  4.09871971]]
[[-4.3387048  -3.69591586  3.69208819]
 [ 6.3518081   0.18024474 -3.0337493 ]]
[[ 3.68465349 -3.83562753 -4.12574849]
 [-3.84716845  2.64873541  5.43872345]]
[[ 3.88103329 -3.92675867 -4.21679571]
 [-2.46387994  4.22956088  5.42598559]]
[[ 3.83151578 -4.08880846 -3.95541416]
 [-2.88843105  4.96196124  4.34247548]]
[[-3.91313057  3.61413982 -4.27670871]
 [ 0.8401287  -3.58406514  6.08362571]]
[[-3.30704322 -4.28291096  4.09735782]
 [ 2.18772943  6.64072968 -1.39534172]]
[[ 3.68342314 -3.73934539 -4.25939997]
 [-3.11432606  2.64784938  5.96455095]]
[[-3.91257458  3.78685509 -4.07033347]
 [ 4.03158131 -3.35537858  4.8583008 ]]
[[ 4.1985984  -3.74468075 -4.21762943]
 [-0.64249665  4.1936553   5.82246288]]
[[-3.94364061 -4.02049181  3.77703751]
 [ 4.0017696   4.63909156 -3.69206846]]
[[-4.22085037 -3.71982201  3.7388859 ]
 [ 5.73444884  3.04434108 -3.07367791]]
[[ 3.67235974 -3.89166639 -4.13125823]
 [-4.08271448  1.90233328  5.52945942]]
[[-4.29771318  4.28896258 -3.77396538]
 [ 7.51518547  0.4494583  -0.05330302]]
[[ 4.21975254 -3.91315088 -4.09692352]
 [-0.54739336  4.75024113  5.33737158]]
[[ 3.91121267 -3.75873313 -4.16945028]
 [-2.28534723  3.96298997  5.52214237]]
[[ 3.85314499 -3.97968205 -4.04324242]
 [-2.70484145  4.58480757  4.8178101 ]]
[[-3.97221457 -4.36172636  3.52597726]
 [ 0.48154179  7.11058241 -2.35020994]]
[[ 3.60778141 -4.10340934 -4.16768679]
 [-4.09500465  0.72885658  5.81327327]]
[[-4.23953208  4.03183856 -3.70111435]
 [ 7.47801135 -0.75371955  0.96576952]]
[[-4.29775173  3.86843843 -3.46214957]
 [ 6.29191983 -2.32968847  2.42735375]]
[[ 4.25100446  2.66995489 -5.11028231]
 [-1.01272696 -0.31445515  6.30412687]]
[[-3.94387796 -4.05918107  3.81377953]
 [ 4.25365052  4.8331231  -3.14406599]]
[[-3.83350466  3.68009626 -4.22328722]
 [ 1.16974382 -3.85861361  5.77679434]]
[[-3.84534011 -4.23016863  3.64234253]
 [ 1.40107122  5.89280419 -3.69577739]]
[[-3.76154324 -4.16478237  3.76364284]
 [ 3.37512959  5.43258381 -3.18362953]]
[[ 3.7605006  -4.03819526 -3.88525886]
 [-4.08384505  4.88856614  3.33080722]]
[[ 3.67966707 -4.25720333 -3.74704565]
 [-3.1972275   5.94111513  2.56480025]]
[[ 3.91615033 -4.06970704 -4.0994593 ]
 [-2.33592083  4.81939168  4.96078455]]
[[-4.46970087  4.43835701 -2.97605374]
 [ 6.74471187  0.03711653  0.67527671]]
[[-4.31580151 -3.59537177  3.68924105]
 [ 6.83549655  1.83000295 -2.18711424]]
[[-4.0208813   3.99413301 -3.9996207 ]
 [ 4.93939033 -1.86671905  4.88561524]]
[[-4.27951075 -3.54177923  4.0149207 ]
 [ 6.25733504  3.36477697 -1.52078579]]
[[ 3.67360321 -4.23993511 -4.0549581 ]
 [-4.05308605  5.82761225 -0.88488599]]
[[-4.2640606   3.64299945 -3.88522549]
 [ 5.9802304  -3.67437047  0.76537136]]
[[-4.09136478  3.78531142 -3.89415639]
 [ 4.99471854 -3.33585036  3.90489549]]
[[-4.28620285 -3.86881733  3.70848781]
 [ 5.85847685 -0.37242774 -3.8683793 ]]
[[-3.82928977  3.61534145 -4.2332586 ]
 [ 2.09283686 -3.44164031  5.96698962]]
[[-3.86939875 -4.29205382  4.25483232]
 [ 4.42504137  5.90841455  0.51304428]]
[[ 2.31211981  4.21712366 -4.95784495]
 [-0.73363895 -2.93726343  5.84441875]]
[[-3.19347821  4.00683857 -4.42191794]
 [ 0.43933386 -2.30738771  6.45123512]]
[[-3.77320342  3.80712799 -4.22397392]
 [ 3.62456513 -2.63156246  5.70656044]]
[[ 3.64397172 -4.28252991 -3.98159869]
 [-4.73389788  0.56917353  5.52204164]]
[[ 3.5093364   4.05747111 -4.97949414]
 [-0.1235501  -0.50096494  6.19497787]]
[[-3.86574155  3.64872298 -4.22305369]
 [ 1.4354897  -3.77293137  5.83418191]]
[[-3.79775112 -4.17887041  4.01099201]
 [ 4.23034549  5.56325737 -1.71566194]]
[[-4.31946294 -3.83196455  3.66287681]
 [ 6.12425223 -0.16473358 -3.45787264]]
[[-3.57271078  3.77162069 -4.26632812]
 [ 2.68791709 -2.55560477  6.19059738]]
[[-3.69862408  4.24375378 -4.33158705]
 [ 3.98151839  0.0540863   6.12963383]]
[[ 4.19413561 -3.72787907 -4.27678227]
 [-0.49532224  4.09481749  5.95910065]]
[[-3.76096377  3.7450613  -4.18587429]
 [ 3.23017684 -3.21054134  5.53322236]]
[[-4.31701271 -3.90635056  3.6043119 ]
 [ 6.29005811  0.16179444 -3.33331576]]
[[-5.01506435  2.79494796  4.28633851]
 [ 6.20907994 -0.29078817 -0.8646065 ]]
[[-3.85962809 -4.12437418  3.77950391]
 [ 3.72400086  5.1127469  -3.36151067]]
[[-4.12774028 -3.85638175  3.69167853]
 [ 5.40412203  2.85411001 -3.80749023]]
[[-3.85177222  3.77569343 -4.11507502]
 [ 3.74014844 -3.28632803  5.14005364]]
[[-4.41605691 -3.61874227  3.8440592 ]
 [ 7.30608816  2.45635009 -1.27586821]]
[[-4.15031773 -4.72543725  4.15077941]
 [ 4.46898512  6.67408283  0.45574465]]
[[-5.05158976  4.45371603  1.84976674]
 [ 6.22414262 -0.90700394 -0.86739147]]
[[-3.89812232  4.22683291 -4.12202244]
 [ 4.68709421 -0.42168731  5.42302019]]
[[-4.19344267 -3.81242231  3.67469708]
 [ 5.69790765  2.82499003 -3.44077932]]
[[-3.98337928  3.8306655  -4.00478043]
 [ 4.56142746 -2.95997047  4.64294832]]
[[-3.65175908 -4.24651997  4.11842749]
 [ 3.87657223  5.94604493 -1.15277651]]
[[ 3.67975768 -3.86916715 -4.31896415]
 [-3.61817515 -0.60437772  6.04424941]]
[[ 3.86047901 -3.85176502 -4.13458872]
 [-2.61530944  4.11163504  5.28184988]]
[[-3.74482232  3.97427146 -4.16968539]
 [ 4.01957509 -2.00165661  5.60557468]]
[[ 3.59042829  3.85599385 -4.9299111 ]
 [-1.88316935 -1.09534078  6.00023092]]
[[ 3.68182377 -3.87014669 -4.21387193]
 [-3.24838749  3.20572438  5.73803168]]
[[-3.78230475  3.94972621 -4.24779453]
 [ 3.99347792 -1.91503756  5.78520798]]
[[ 4.04809738 -4.16004102 -3.76096706]
 [-1.60033902  5.59713415  4.18452622]]
[[ 3.76616934 -3.82762818 -4.13368055]
 [-3.40377521  3.53929847  5.20007213]]
[[-3.96621946  3.7944201  -4.00072202]
 [ 4.29115028 -3.59558654  4.43648157]]
[[ 3.8996896  -4.30173913 -3.78907201]
 [-2.16433452  5.88604719  3.81600645]]
[[ 4.41778222 -0.00772518 -5.00273067]
 [-2.48822394 -0.16433551  6.05986408]]
[[-4.66585926 -3.85200771  4.21922186]
 [ 7.18545472  3.63407561  1.24991356]]
[[ 3.77465277 -4.14207322 -3.84136686]
 [-3.22065938  5.27203209  3.66307988]]
[[-3.90531544  4.29734209 -4.11344891]
 [ 4.74323023  0.06710755  5.3958792 ]]
[[-3.97477642 -4.04186505  3.80494852]
 [ 4.36416947  4.7006425  -3.19504964]]
[[-3.79998576  3.69332126 -4.18169277]
 [ 2.54001201 -3.68983142  5.58442999]]
[[-3.7465916   3.62014925 -4.28189716]
 [ 1.50524341 -3.13442645  6.24788434]]
[[ 3.68246971 -3.84687501 -4.17120484]
 [-3.98126206  1.64281803  5.61994986]]
[[ 3.57145588 -4.95876436  3.89353026]
 [-1.70359633  6.07511934 -0.56361506]]
[[-4.04597956  3.68124217 -4.23274094]
 [-0.90233978 -4.09361516  5.79367541]]
[[-3.92411367 -4.02499506  3.69921963]
 [ 2.60643181  5.20943984 -4.31738568]]
[[ 3.72962434 -4.13413401 -3.81951872]
 [-3.75827209  5.3011753   3.00959352]]
[[-3.83639905 -4.08717518  3.75476383]
 [ 3.20316534  5.03717561 -3.93577351]]
[[ 4.27268512 -3.91426994 -4.1611251 ]
 [ 0.23770181  4.69235853  5.52339065]]
[[-4.16001872  3.77983937 -3.83325261]
 [ 5.37628629 -3.04167239  3.70102041]]
[[-3.89764964  3.76342601 -4.05362385]
 [ 3.7129512  -3.71985738  4.85594305]]
[[-4.06753315  3.83639592 -3.92299471]
 [ 4.91309552 -2.8740456   4.33831489]]
[[-4.06714882  3.83585729 -3.96281692]
 [ 4.85572525 -2.84539228  4.45948501]]
[[-4.21204042  3.72048345 -3.72585487]
 [ 5.61365061 -3.61279701  2.36920574]]
[[ 3.7574442  -3.83118617 -4.08722791]
 [-3.93014785  3.20621587  5.03437061]]
[[ 3.72959323 -4.21681295 -3.83371223]
 [-3.21914225  5.61668518  3.29259537]]
[[-4.9750739   3.00311772  4.23684523]
 [ 6.10656548 -1.48630311 -0.65233937]]
[[-3.82808698  3.76111178 -4.12913772]
 [ 3.44657624 -3.55383018  5.15272036]]
[[-3.88817813  3.72059727 -4.26945792]
 [-0.2499522  -4.00146546  5.78488521]]
[[-3.9208444   3.98835369 -4.18102139]
 [ 4.48622714 -1.79482498  5.44012287]]
[[-4.01133622  3.78013569 -3.91672392]
 [ 4.64523735 -3.97382671  3.74322282]]
[[-3.88733784  3.78558043 -4.10308466]
 [ 3.9090799  -3.23136645  5.06732658]]
[[-3.77612557 -4.16621439  3.75637196]
 [ 3.26786465  5.38820418 -3.36916717]]
[[ 4.01332462 -4.94346132  3.25541687]
 [-1.94277367  6.00127045 -1.1516776 ]]
[[-4.29455834 -3.70976474  3.63962413]
 [ 6.33744576  2.44824697 -2.7979883 ]]
[[ 3.73759881 -3.81509116 -4.13074678]
 [-3.65148464  3.17533659  5.26906258]]
[[ 3.7882116  -3.8928799  -4.00059865]
 [-4.0486798   3.7390594   4.55619177]]
[[ 3.57373557 -3.98226776 -4.18670994]
 [-3.74976926  2.16373027  5.89927977]]
[[-3.95408306 -4.05426679  4.26291443]
 [ 4.91153853  5.20194953 -0.24711473]]
[[ 3.80802482 -3.49604493 -4.31668632]
 [-2.21881754  2.12446003  6.56023618]]
[[-4.25127692  3.9146903  -3.67110933]
 [ 7.37145989 -1.14211087  0.95793057]]
[[ 4.40475125 -5.02319789  0.54574853]
 [-2.51629638  6.03599239  0.33147562]]
[[-4.30297043  4.03235968 -3.39686294]
 [ 6.734822   -1.27402453  2.66683851]]
[[-3.99273596  3.79496522 -3.96119605]
 [ 4.44914406 -3.49803539  4.33416131]]
[[ 4.03038807 -3.83760849 -4.12203432]
 [-1.7063875   4.38930912  5.42087973]]
[[-3.96428341  3.90748102 -4.26323473]
 [ 4.30978195 -2.3154156   5.5230177 ]]
[[-4.14181425  3.91159085 -3.80930343]
 [ 5.4132311  -2.31509453  4.11219388]]
[[-5.00793172  3.47598904  3.95257415]
 [ 6.19808804 -0.20909861 -1.00877572]]
[[-3.88786936 -4.11334888  3.69941253]
 [ 1.8392074   5.45792804 -4.22359489]]
[[ 3.78941804 -4.01913093 -3.8824106 ]
 [-4.08729964  4.64536239  3.61076842]]
[[-4.10393331 -3.96793172  4.25785934]
 [ 5.31171483  4.88650958  0.01860134]]
[[-3.83367174 -4.1755205   4.17699905]
 [ 4.45269853  5.60679301 -0.74917624]]
[[-4.07381362  3.80137539 -3.90150643]
 [ 4.91556605 -3.18606962  4.09245848]]
[[ 3.6465684  -4.26245987 -3.76749886]
 [-3.42533382  6.03386397  1.39309861]]
[[ 4.31505654 -4.35644448 -3.4582175 ]
 [ 0.34854061  6.534102    3.25737492]]
[[ 3.78075033 -4.07229321 -3.89789952]
 [-3.49075978  4.86929018  3.89751957]]
[[-5.00543477  4.10011554  3.44651141]
 [ 6.23953691  0.23584789 -0.1813458 ]]
[[ 3.79852881 -4.02822965 -3.94972331]
 [-3.4403298   4.62636739  4.22164826]]
[[-4.09655001 -3.90982694  3.84486515]
 [ 5.04535765  4.29641422 -2.74855499]]
[[-3.7907445   3.68477416 -4.26688151]
 [ 2.79018261 -3.17867106  5.93024524]]
[[-4.14432755  3.54812467 -4.22241364]
 [ 5.91004537 -4.11976669  1.08084721]]
[[ 4.18920085 -4.03222643 -4.04899658]
 [-0.54130278  5.07259527  5.09711839]]
[[ 4.04488297 -5.4016428  -5.70136057]
 [ 0.64164989  6.1333101   7.70362384]]
[[ 3.7790935  -4.17116761 -3.8167061 ]
 [-3.1800215   5.34746265  3.58264231]]
[[-4.45560823  3.94481382 -3.20640667]
 [ 6.12512131 -2.96863524  0.65969578]]
[[-3.67080255  4.09252316 -4.27878426]
 [ 3.84447773 -1.10198768  6.0853235 ]]
[[-4.15041277 -3.84787787  3.76557563]
 [ 5.30118771  3.65518686 -3.20080245]]
[[-4.10361291  3.90308809 -3.89272529]
 [ 5.17993988 -2.33473244  4.39302621]]
[[ 3.71655036 -4.0994621  -3.89182672]
 [-3.70143165  5.21195474  3.34276003]]
[[-4.50315701 -3.87422365  4.24191496]
 [ 6.49103121  4.13277707  1.21610542]]
[[ 3.76547946 -4.26495243 -3.62812705]
 [-2.53484309  6.14691083  2.95288166]]
[[-4.2836813   3.69412874 -3.5678911 ]
 [ 6.71384986 -2.3150682   1.8033016 ]]
[[-4.26709153  3.66916917 -4.05584094]
 [-0.25985324 -4.61475943  5.56070997]]
[[ 3.70039454 -4.12745255 -3.85944944]
 [-4.16673763  5.46789369  1.78178569]]
[[-4.34287282 -3.59870132  3.76894839]
 [ 5.94286167  0.62347116 -3.49821028]]
[[ 3.7232252  -3.8169401  -4.13003757]
 [-4.02140207  2.45919631  5.36489346]]
[[-4.14113794 -4.15054541  3.61386681]
 [ 0.53633069  5.78162675 -4.18693676]]
[[ 3.81911992 -4.09004271 -3.88928229]
 [-2.90863657  5.08247219  4.12663127]]
[[-3.3524518  -4.31415362  4.1323347 ]
 [ 2.45244547  6.91824266 -0.80893252]]
[[ 3.80032437 -4.06401412 -3.94326249]
 [-3.22413166  4.83041491  4.19700196]]
[[ 3.78043192 -3.71434121 -4.18949405]
 [-3.07627267  3.26440586  5.55265048]]
[[-4.11553547  3.59040034 -4.16766163]
 [ 0.77046322 -4.06466593  5.85399427]]
[[-3.87166756  3.80186118 -4.11866381]
 [ 3.96847205 -3.02536203  5.14882646]]
[[-4.12034689 -4.05117297  3.62006647]
 [ 5.69018379  1.20831637 -4.19594091]]
[[ 3.90809884 -4.16205698 -3.82486462]
 [-2.3111875   5.40414147  4.14746542]]
[[-3.91218386 -4.05566199  3.7869371 ]
 [ 3.96300517  4.77438086 -3.54616456]]
[[-4.07397607  3.87774358 -3.93386846]
 [ 5.0025026  -2.51136395  4.49240985]]
[[-3.80435658  4.13268808 -4.21073691]
 [ 4.33446523 -0.98341369  5.67423355]]
[[-3.94017215 -3.98806347  3.79721562]
 [ 4.07735105  4.35916001 -3.94512267]]
[[ 3.30161584 -4.94272495  4.02446561]
 [-1.62200796  6.00969822 -1.51798666]]
[[ 3.92805403 -3.57592201 -4.29200084]
 [-1.83019435  3.29498232  6.24154434]]
[[-4.30998239  4.23359101 -3.97814684]
 [ 5.79395174  0.57988878  4.66915831]]
[[-4.3474925  -3.51968706  4.24770793]
 [ 6.30331044  3.48113099 -0.2853029 ]]
[[ 4.41278234 -5.02280386  1.56577562]
 [-1.88896817  6.12738294 -0.42425913]]
[[ 3.74503089 -4.17927124 -3.75405968]
 [-3.2343263   5.53086994  3.1967982 ]]
[[-4.16609579  3.74385997 -3.78385008]
 [ 5.4388591  -3.28950053  3.30130779]]
[[ 3.71081412 -4.27841325 -3.63307535]
 [-3.01981963  6.09420107  2.14065687]]
[[-3.83691998 -4.17055951  3.73657698]
 [ 3.39730533  5.42217474 -3.3173665 ]]
[[-4.09271314 -3.9051299   3.79355497]
 [ 4.97293905  4.0146509  -3.2384917 ]]
[[ 4.24700891 -4.97256914  2.39032424]
 [-2.41021117  5.96702154 -0.96839089]]
[[-4.08588175 -3.91595339  3.93440349]
 [ 5.14715405  4.5067104  -2.21182845]]
[[-4.10054102 -3.85169039  3.7229965 ]
 [ 5.21962442  3.02124969 -3.89650548]]
[[ 3.81218774 -4.14610105 -3.84986395]
 [-2.99009607  5.2242229   3.90810632]]
[[ 4.11687041 -4.42766718 -3.11842284]
 [-1.94698315  6.38874361  1.58076503]]
[[ 4.05453039  3.27773418 -4.95941671]
 [-1.54008429 -0.54745794  6.09408804]]
[[-4.36905333 -3.37847129  4.02346104]
 [ 6.76089832 -0.97247263 -1.85683682]]
[[ 4.0663866  -3.95357867 -4.04687864]
 [-1.47203211  4.83269722  5.0901681 ]]
[[-3.32955317  4.26241328 -4.46598014]
 [ 2.33643042  0.07911153  6.93701467]]
[[-5.01635198  3.83777195  3.73743291]
 [ 6.2524908  -0.19130817  0.22747149]]
[[ 3.74559721 -4.07908809 -3.85388438]
 [-3.88077262  5.0559395   3.26647522]]
[[-4.25286009 -3.89984996  3.62638765]
 [ 5.98847151  0.81239394 -3.66176425]]
[[ 4.15410611  3.13162442 -4.97573396]
 [-1.18645077 -0.91113292  6.12285189]]
[[-3.7859913  -4.16043224  3.7416462 ]
 [ 3.1529953   5.34104642 -3.52860294]]
[[ 3.69617249 -3.75304808 -4.24815071]
 [-3.19315906  2.75771157  5.85834451]]
[[ 4.15188042 -3.8695949  -4.26688014]
 [-0.6742016   4.43818752  5.75461734]]
[[-3.93029189 -3.98706227  3.79535228]
 [ 3.9573762   4.4072462  -4.02427788]]
[[-4.31459534  3.5430201  -3.94507615]
 [ 6.50741102 -3.07103693  0.37546883]]
[[-3.96549305 -4.02032394  3.78820245]
 [ 4.22310962  4.66728936 -3.39315621]]
[[-4.20080682 -3.70649788  3.7239303 ]
 [ 5.63282302  2.66020611 -3.41269548]]
[[-4.30450454 -3.68590776  3.75783814]
 [ 7.03403639  0.3774205  -1.94139026]]
[[ 3.76591397 -3.90066834 -4.05077131]
 [-3.8289856   3.65198855  4.83558546]]
[[-4.23747857 -3.69431074  3.74042901]
 [ 5.90087271  3.04973651 -2.84688266]]
[[ 3.7910209  -4.04004042 -3.939359  ]
 [-3.51954386  4.66950499  4.11506106]]
[[-4.30385722  3.65499684 -3.87805808]
 [ 6.06168613 -3.59024631  0.05574894]]
[[ 3.75753441 -4.0608469  -3.85453587]
 [-4.49561909  5.21569509  1.88738031]]
[[ 3.95405718 -4.32287449 -3.36934161]
 [-1.98079774  6.67591598  0.91403789]]
[[-3.68507404  4.00507872 -4.23067876]
 [ 3.85761888 -1.71009902  5.83195689]]
[[-4.16880483 -3.87995097  4.09825555]
 [ 5.49839328  4.53119867 -1.17774626]]
[[ 3.9362378  -4.13375467 -3.96883169]
 [-2.09556256  5.26831685  4.55516014]]
[[-4.08072566 -3.89051729  3.76787665]
 [ 4.94847804  3.6863584  -3.64720754]]
[[-4.23735764 -5.01639277  4.00907609]
 [ 3.57588224  7.94614637 -0.48637557]]
[[-4.15850671  3.65783653 -3.8761979 ]
 [ 5.60765868 -3.81626703  2.47094717]]
[[-3.99770255  3.75532448 -3.89284118]
 [ 4.833871   -4.25245486  3.2340204 ]]
[[-3.67406244 -4.24357734  4.27087475]
 [ 4.03346081  5.94118224 -0.23265741]]
[[ 4.20767331 -4.35230186 -3.44924389]
 [-0.47843332  6.4911926   3.17074468]]
[[-4.19662593 -3.77859632  3.71646879]
 [ 5.59098921  3.06144704 -3.31118532]]
[[ 3.83923564 -4.04145583 -3.93540491]
 [-2.92144252  4.83872066  4.37866373]]
[[ 3.73009957 -4.22977539 -3.69856668]
 [-3.4438864   5.68079949  2.49099581]]
[[-3.60052333  3.74051052 -4.34735219]
 [ 1.14154165 -3.10561352  6.19323585]]
[[-3.87690899  3.72359674 -4.0915774 ]
 [ 2.87749762 -4.04316423  5.2301673 ]]
[[-4.23941453  3.92885115 -3.67031713]
 [ 5.90996618 -1.99517112  3.66382982]]
[[ 3.71777916 -4.05078643 -3.91081367]
 [-4.07957992  5.11739767  3.08081847]]
[[-4.21188025  3.60034133 -3.89278997]
 [ 5.92538213 -3.63647285  1.78804973]]
[[ 3.86521875 -3.95003563 -4.06908908]
 [-2.60532425  4.49530426  4.96056328]]
[[-4.0955627   3.88367285 -3.98687355]
 [ 4.9995222  -2.52126412  4.57896606]]
[[ 3.91626532 -4.16044971 -3.90123266]
 [-2.26140447  5.28928468  4.37902193]]
[[-4.95845499  4.21990777  2.48974733]
 [ 5.95177509 -2.54954624 -0.26889046]]
[[-4.04410946  3.86754321 -3.97323469]
 [ 4.84840134 -2.68652517  4.5671169 ]]
[[-4.11271671 -3.96804609  3.87513691]
 [ 5.02031368  4.51456064 -2.58062485]]
[[ 3.62891568 -4.25910822 -3.84242162]
 [-3.5464374   6.00499828  1.44056671]]
[[ 4.26546383 -3.90976511 -4.12207194]
 [-0.04944565  4.73001539  5.41924823]]
[[-3.97263245  3.79228093 -3.92621642]
 [ 4.31351238 -4.00759007  4.04313796]]
[[ 3.43522746e+00  3.97368498e+00 -4.98438157e+00]
 [ 4.24724988e-03 -1.42578684e+00  6.14824156e+00]]
[[ 4.3584987  -5.06260833  2.5072371 ]
 [-0.24554506  6.2474674  -1.02341917]]
[[ 4.44891104 -5.04056076  1.13076748]
 [-1.89803747  6.1588715   0.33784713]]
[[-4.44062504  3.90487733 -3.29870505]
 [ 6.01663327 -3.28129737  0.18186649]]
[[-3.72033017  3.74401368 -4.1858619 ]
 [ 2.29815796 -3.8340709   5.45818711]]
[[-4.27107431 -4.07181211  4.041709  ]
 [ 5.50868858  4.79527528 -1.42967056]]
[[-3.52012768 -4.36953949  3.84265846]
 [ 2.43607943  6.92875047 -1.6594434 ]]
[[-3.44366394 -4.34638979  4.17363511]
 [ 3.08986285  6.60541513 -0.61346902]]
[[ 4.28505451  2.27030451 -4.98393326]
 [-2.18243492 -0.5896665   6.03354082]]
[[-4.97096954  3.42652302  4.03924647]
 [ 6.12889812 -1.36074273 -0.24690748]]
[[ 3.82845443 -4.05288747 -3.97995153]
 [-2.94753473  4.76149111  4.49372679]]
[[ 4.21626991 -3.84174219 -4.1479137 ]
 [-0.58575132  4.52536408  5.52957707]]
[[ 4.11028707 -4.32712293 -3.69315706]
 [-1.01598283  6.06994122  3.88848715]]
[[-3.97418489 -4.07964885  3.82351414]
 [ 4.34964176  4.90570016 -2.9855739 ]]
[[-4.97841573  4.0422508   3.37159199]
 [ 6.15318904 -1.40492073  0.4630792 ]]
[[-3.86373781 -4.088923    4.04710947]
 [ 4.50683568  5.32274272 -1.63456195]]
[[ 3.16914463 -4.97935794  4.14774081]
 [-0.28840805  6.15411544 -1.18216808]]
[[ 4.02817287 -4.47182861 -3.13639453]
 [-2.30463495  6.47291253 -0.16363811]]
[[-4.92158172  2.9770224   4.07012684]
 [ 5.82198872 -1.26914108 -2.79886334]]
[[ 3.58356031 -4.07119091 -4.12388472]
 [-4.09062302  1.54227056  5.75634246]]
[[-4.1301419   3.95419379 -3.83068258]
 [ 5.37193575 -2.10826543  4.27058994]]
[[-4.17750062 -3.88110567  3.62773449]
 [ 5.74017385  2.50112406 -3.65226894]]
[[ 2.17771112 -4.96054051  4.236573  ]
 [-0.99098146  5.83377172 -2.9449413 ]]
[[-3.87717779  3.7295289  -4.05087554]
 [ 2.71797585 -4.24782687  5.15670635]]
[[ 3.94549769 -4.07227912 -4.02285295]
 [-2.12893308  4.99520778  4.80237539]]
[[-4.25757109  3.60520564 -3.96835677]
 [ 6.04413542 -3.67099275  0.40761767]]
[[ 4.27948421 -4.23708373 -3.69389267]
 [-0.17629356  5.89683923  4.09785449]]
[[ 3.66929724 -4.22680113 -3.84351537]
 [-3.7930588   5.79508767  1.55658834]]
[[-2.9059839  -4.51937261  4.08725014]
 [ 0.53875165  6.18618267 -2.64049185]]
[[-4.0064593  -4.03336076  4.13741683]
 [ 4.98770539  5.07911074 -0.99864835]]
[[ 3.78275828 -3.8952738  -4.03622875]
 [-3.71291638  3.8938831   4.67753405]]
[[-4.34162932  3.49116289 -3.98877844]
 [ 6.77095642 -2.8258632   0.71844973]]
[[-4.98971159  4.19912395  2.6659185 ]
 [ 6.06586671 -2.14837952  0.0316603 ]]
[[-3.93923443 -4.11365514  3.7984171 ]
 [ 4.07047125  5.00772401 -3.2101977 ]]
[[-4.12534776 -3.89219785  3.65988301]
 [ 5.53705586  2.23915866 -4.00006253]]
[[-4.10740843 -3.85693377  3.77948054]
 [ 5.08304029  3.74274993 -3.36428172]]
[[ 3.73529854 -4.09693064 -3.8590685 ]
 [-3.80951581  5.14375606  3.24652135]]
[[-4.97094062  3.33341104  4.02151784]
 [ 6.10838449 -1.05568506 -1.18315446]]
[[-4.35030979  4.06041789 -3.48878588]
 [ 6.66390442 -1.0100437   3.08526142]]
[[-3.85012542 -4.10261276  3.76395956]
 [ 3.5441717   5.08160834 -3.57975676]]
[[-4.98892509  1.4064536   4.33226712]
 [ 5.90532268 -0.05164225 -2.87578836]]
[[-3.90952431 -4.21282175  3.82784874]
 [ 3.9825471   5.36663082 -2.89242482]]
[[ 3.84621002 -4.07494768 -3.93691456]
 [-2.76273483  4.95999935  4.38930083]]
[[-3.8011932  -4.18454378  4.18988263]
 [ 4.39200218  5.63062059 -0.67936137]]
[[-3.3903444  -4.29849115  4.07375175]
 [ 2.19845399  7.13199988 -0.88716892]]
[[ 3.95247024 -3.68319822 -4.19782481]
 [-2.065887    3.79497671  5.71865048]]
[[-3.869737   -4.08392342  3.77383525]
 [ 3.75638652  4.96118315 -3.50426774]]
[[-4.0971829  -4.28824995  3.53095988]
 [ 0.19156022  6.29813368 -3.4983849 ]]
[[ 4.16722043 -3.76985726 -4.30967109]
 [-0.4508333   4.12187485  6.05341516]]
[[ 4.09282207 -4.13610869 -3.82431311]
 [-1.39670999  5.47802272  4.41179944]]
[[ 3.49080003  3.93419932 -5.02448536]
 [-0.51678209 -0.66057334  6.22297719]]
[[-3.95397736 -4.04226398  3.85685426]
 [ 4.52429447  4.83351432 -2.73371984]]
[[ 3.77821759 -3.98598853 -3.89730028]
 [-4.24838959  4.66283521  3.45595783]]
[[ 3.80081755 -3.91066133 -4.06304045]
 [-3.28886203  4.1046934   4.83296907]]
[[-4.158609    3.57486009 -4.12610608]
 [ 5.87228462 -4.06122483  1.0062829 ]]
[[ 4.25993495 -3.67863834 -4.34009252]
 [ 0.19177737  3.93947374  6.14081865]]
[[ 3.84535929 -4.28028463 -3.45998624]
 [-1.68246108  6.91807105  2.03975803]]
[[-3.95910789  3.77662709 -3.91879537]
 [ 4.50152465 -4.13306329  3.73406893]]
[[-3.95654981 -4.01586361  3.78406804]
 [ 4.09352586  4.55007794 -3.70875587]]
[[-4.29126643 -4.14643413  3.56863209]
 [ 0.32452758  5.88293827 -4.19877523]]
[[-4.01716776  3.78946819 -3.98679606]
 [ 4.61669396 -3.41278124  4.2814977 ]]
[[-4.1905266  -3.89750084  3.83139859]
 [ 5.4058624   4.0365138  -2.71537614]]
[[-4.05872814  4.07710641 -3.92574059]
 [ 5.18480806 -1.45406424  4.72879775]]
[[ 4.33450668 -4.33236839 -3.44049234]
 [ 0.25856663  6.45110687  3.26261623]]
[[-3.86239003 -4.1199831   3.74894812]
 [ 3.61029821  5.2031454  -3.37570593]]
[[ 4.00767105 -3.26480919 -4.36747628]
 [-2.21228711  1.89516283  6.30848558]]
[[-3.89009713  3.6784362  -4.10442982]
 [ 2.50482172 -4.03257347  5.41538739]]
[[ 3.78128006 -4.05265946 -3.81222576]
 [-4.19776977  4.87248453  3.10624838]]
[[ 4.11567108 -5.24215058 -4.71742513]
 [ 1.64501887  7.85633679  4.80306585]]
[[-4.47025291 -3.04746745  4.09281745]
 [ 6.4170816   0.78890654 -2.13238648]]
[[ 3.824199   -3.53943465 -4.26964603]
 [-2.25649406  2.83998434  6.28495297]]
[[-4.24647117 -4.11201881  3.54715161]
 [ 6.12844862  0.40193507 -3.69418753]]
[[ 3.51419532 -4.05199455 -4.30305601]
 [-3.35317342  0.78799545  6.39091374]]
[[-4.09962927 -4.20728725  3.60034721]
 [ 5.73301148  0.8040889  -4.32897651]]
[[-3.66185455 -4.22499822  4.12214248]
 [ 3.92479182  5.89733619 -1.17416588]]
[[-3.8723073  -4.13784674  3.71277675]
 [ 1.6407145   5.48590888 -4.21010374]]
[[ 3.74504592 -3.71572725 -4.21871526]
 [-3.5539979   2.61194409  5.55961728]]
[[-4.24521397  3.83988283 -3.65318277]
 [ 5.93690141 -2.3896123   3.36282315]]
[[-5.00853524  4.37084946  1.63938329]
 [ 6.05523518 -2.16327572 -0.9683837 ]]
[[-3.84404952  3.76828877 -4.1620119 ]
 [ 3.63455147 -3.19249802  5.32629501]]
[[-3.98126071  3.79671012 -3.99971787]
 [ 4.34299629 -3.71768607  4.31672917]]
[[-4.14415592  3.83595603 -3.84782167]
 [ 5.31731579 -2.69651415  4.02283529]]
[[-3.79421143  3.68846218 -4.15797314]
 [ 2.3857525  -3.78959044  5.54858479]]
[[ 3.75346089 -4.24589598 -3.66697021]
 [-2.83977509  5.92860585  2.95856905]]
[[-3.95948625 -4.05883536  3.8562961 ]
 [ 4.48090083  4.93047724 -2.68686329]]
[[-4.13711843  3.6622698  -3.90226244]
 [ 5.51367894 -3.73842264  2.90326631]]
[[-3.82339806 -4.14793823  3.71811872]
 [ 2.07943809  5.46642637 -4.07053404]]
[[-4.14180648 -4.90530474  4.02451239]
 [ 2.64410351  8.24762776 -0.22780613]]
[[-3.24794963e+00  3.92710602e+00 -4.46346512e+00]
 [ 2.28821531e-03 -3.49900584e+00  5.88344161e+00]]
[[ 4.02670427 -4.53294432 -2.97477057]
 [-2.81451199  6.19874288 -0.59645939]]
[[-4.0342845   4.08544926 -4.3342577 ]
 [ 4.66274444 -0.98384767  5.77024011]]
[[ 3.78982903 -3.94541382 -3.94579475]
 [-4.06734979  3.99742725  4.31564246]]
[[ 4.11801815 -4.5776359  -2.88405387]
 [-2.26312101  6.43947073 -0.79671798]]
[[-4.32520813 -3.53693461  4.30352942]
 [ 6.28184844  3.57788131  0.23312226]]
[[ 3.82743031 -3.97602863 -4.07329678]
 [-2.99657693  4.43974779  4.79905561]]
[[-3.72994077  3.70397778 -4.33586296]
 [ 0.29461184 -3.42845214  6.08408845]]
[[-4.29423792 -3.74778969  3.6912473 ]
 [ 5.99187518  0.91693362 -3.52732364]]
[[ 3.70934117 -3.63001508 -4.3062537 ]
 [-3.10959734  1.39030047  6.16797698]]
[[ 3.73220432 -3.79631705 -4.14754082]
 [-3.76317895  2.90835007  5.31678018]]
[[ 3.83517556 -3.44790049 -4.2684477 ]
 [-2.05173539  1.78487301  6.69037601]]
[[ 3.62330052 -3.94849328 -4.29392476]
 [-3.57978986 -0.14239213  6.1133891 ]]
[[-3.90667726 -4.27942928  3.56881239]
 [ 1.06818234  6.25546568 -3.35012034]]
[[-3.96543268 -4.22963281  3.5411977 ]
 [ 2.02711232  6.10125238 -3.52592796]]
[[-4.00866546  3.56868341 -4.31701184]
 [ 0.19933634 -3.40403906  6.3013803 ]]
[[-4.10233999  4.22392018 -4.00457734]
 [ 5.27606442 -0.19360821  4.95037101]]
[[-4.03384698  3.78366654 -3.89321701]
 [ 4.63479581 -3.72907671  3.92035468]]
[[-3.98820293 -4.00240572  3.98435479]
 [ 4.85231002  4.91387325 -1.93990597]]
[[-4.12858985  3.91210595 -3.84231959]
 [ 5.33504716 -2.33293068  4.21246316]]
[[ 3.78080406 -3.88250092 -4.06994937]
 [-3.64009729  3.76846023  4.85981683]]
[[-4.09474504  3.71552823 -3.89384962]
 [ 5.21608887 -3.85919578  3.16978252]]
