[[  0.09342013  -4.33528408]
 [-23.36407048   1.09096319]]
[[ 10.95532503 -17.82959824]
 [-11.66396301   0.92819713]]
[[  0.41916276 -21.21318932]
 [-15.42290073   0.11950239]]
[[ -6.93370109   3.30877089]
 [  1.01461559 -15.85714979]]
[[-21.91331263   8.45112149]
 [  6.61966136 -23.36612054]]
[[  2.31013854 -19.65615171]
 [-24.84464339   2.79667611]]
[[-12.62783768   1.3893267 ]
 [  3.45154085 -13.21542043]]
[[ 14.63781997 -20.58253896]
 [-22.31375345   1.64383403]]
[[-23.45803982   0.21019285]
 [  2.45246993  -5.21614299]]
[[  1.59947739 -18.31599647]
 [-24.574971     0.71611731]]
