[[-24.26648739   0.49381792]
 [  0.10461693 -14.75523431]]
[[  0.29758764  -1.82178643]
 [-15.74596475   0.32861628]]
[[  0.28305286 -18.90311152]
 [-20.90619999  18.76720218]]
[[ 19.06256835 -17.95602377]
 [-22.72583429   0.29721069]]
[[-10.85979167   1.25670137]
 [  0.34995344  -3.79193322]]
[[  1.90024206 -19.79650814]
 [-20.72963423   4.89432788]]
[[  8.94622973 -17.30412558]
 [ -9.96065104   0.11955796]]
[[-10.66030609   0.17892526]
 [  0.05932849  -1.73822753]]
[[ -7.30723693   0.46370499]
 [  5.78585999 -21.93217447]]
