[[0.         1.04226373 1.04875736 0.        ]]
[[0.         1.04712801 1.09567143 0.        ]]
[[0.         1.05058528 1.07664568 0.        ]]
[[0.         1.09209662 1.04821419 0.        ]]
[[0.         1.07225496 1.07463923 0.        ]]
[[0.         1.0049807  1.06749204 0.        ]]
[[0.         1.0372279  1.02020023 0.        ]]
[[0.         1.06948492 1.01186464 0.        ]]
[[0.         1.08105521 1.06257353 0.        ]]
[[0.         1.03428083 1.04124942 0.        ]]
[[0.         1.08369892 1.02744065 0.        ]]
[[0.         1.04733961 1.07073681 0.        ]]
[[0.         1.07193031 1.05441321 0.        ]]
[[0.         1.07070345 1.06984622 0.        ]]
[[0.         1.00760353 1.05771291 0.        ]]
[[0.         1.08065632 1.02062859 0.        ]]
[[0.         1.05137784 1.03862693 0.        ]]
[[0.         1.07200525 1.06866862 0.        ]]
[[0.         1.05554078 1.0347837  0.        ]]
[[0.         1.04707413 1.06499179 0.        ]]
[[0.         1.08364646 1.07968619 0.        ]]
[[0.         1.00445805 1.0906565  0.        ]]
[[0.         1.05177004 1.08931168 0.        ]]
[[0.         1.00935069 1.01758345 0.        ]]
[[0.         1.07629579 1.02982887 0.        ]]
[[0.         1.02361185 1.09726877 0.        ]]
[[0.         1.08014549 1.00654542 0.        ]]
[[0.         1.06536262 1.00289585 0.        ]]
[[0.         1.08953128 1.01633189 0.        ]]
[[0.         1.09917896 1.05196161 0.        ]]
[[0.         1.04170545 1.03290848 0.        ]]
[[0.         1.06114827 1.02214843 0.        ]]
[[0.         1.04398653 1.05015794 0.        ]]
[[0.         1.06293063 1.00452057 0.        ]]
[[0.         1.01245228 1.08961861 0.        ]]
[[0.         1.05635915 1.04410067 0.        ]]
[[0.         1.08068337 1.04612141 0.        ]]
[[0.         1.06160534 1.09659689 0.        ]]
[[0.         1.0502118  1.05044494 0.        ]]
[[0.         1.02700774 1.09890996 0.        ]]
[[0.         1.00848333 1.00240399 0.        ]]
[[0.         1.07049845 1.02088247 0.        ]]
[[0.         1.01757159 1.00620606 0.        ]]
[[0.         1.09597038 1.05476961 0.        ]]
[[0.         1.02917342 1.03352405 0.        ]]
[[0.         1.06593844 1.08529289 0.        ]]
[[0.         1.04742689 1.0061959  0.        ]]
[[0.         1.08962766 1.08907923 0.        ]]
[[0.         1.02995102 1.0094345  0.        ]]
[[0.         1.05401357 1.06194937 0.        ]]
[[0.         1.03576249 1.04643531 0.        ]]
[[0.         1.07895289 1.0466931  0.        ]]
[[0.         1.09663537 1.00064471 0.        ]]
[[0.         1.07677122 1.01786528 0.        ]]
[[0.         1.05321235 1.06989426 0.        ]]
[[0.         1.06600711 1.04910078 0.        ]]
[[0.         1.0516638  1.09146191 0.        ]]
[[0.         1.07259096 1.09679522 0.        ]]
[[0.         1.02836933 1.08274079 0.        ]]
[[0.         1.04601236 1.07287586 0.        ]]
[[0.         1.09023156 1.07136867 0.        ]]
[[0.         1.06976813 1.04507298 0.        ]]
[[0.         1.03417816 1.01878367 0.        ]]
[[0.         1.03590635 1.09422385 0.        ]]
[[0.         1.0579551  1.07665866 0.        ]]
[[0.         1.08838345 1.06443141 0.        ]]
[[0.         1.07879971 1.00116167 0.        ]]
[[0.         1.06727901 1.02463638 0.        ]]
[[0.         1.03627918 1.09117341 0.        ]]
[[0.         1.01319927 1.02833718 0.        ]]
[[0.         1.03917156 1.09364922 0.        ]]
[[0.         1.04371179 1.00335431 0.        ]]
[[0.         1.08940059 1.0474717  0.        ]]
[[0.         1.08612424 1.01379458 0.        ]]
[[0.         1.06927204 1.09967991 0.        ]]
[[0.         1.04994615 1.04597095 0.        ]]
[[0.         1.04405918 1.00428026 0.        ]]
[[0.         1.00170027 1.05268667 0.        ]]
[[0.         1.06939164 1.0312629  0.        ]]
[[0.         1.00614462 1.08638778 0.        ]]
[[0.         1.00952791 1.03559979 0.        ]]
[[0.         1.05194774 1.09182784 0.        ]]
[[0.         1.04109494 1.08541861 0.        ]]
[[0.         1.03688834 1.00132583 0.        ]]
[[0.         1.08280632 1.02989906 0.        ]]
[[0.         1.00226742 1.02074884 0.        ]]
[[0.         1.05965923 1.05571132 0.        ]]
[[0.         1.00694076 1.01475955 0.        ]]
[[0.         1.05461883 1.05460759 0.        ]]
[[0.         1.0492964  1.09931833 0.        ]]
[[0.         1.00897241 1.04562111 0.        ]]
[[0.         1.08546944 1.04374152 0.        ]]
[[0.         1.06761191 1.00201805 0.        ]]
[[0.         1.02666248 1.0097612  0.        ]]
[[0.         1.03965059 1.01820119 0.        ]]
[[0.         1.01674298 1.05225506 0.        ]]
[[0.         1.03017252 1.09876556 0.        ]]
[[0.         1.06850689 1.05666826 0.        ]]
[[0.         1.01127413 1.09400148 0.        ]]
[[0.         1.09748596 1.0986608  0.        ]]
[[0.         1.05418865 1.04140481 0.        ]]
[[0.         1.05901819 1.09943589 0.        ]]
[[0.         1.09003804 1.04821661 0.        ]]
[[0.         1.07975539 1.02174191 0.        ]]
[[0.         1.02542359 1.04195214 0.        ]]
[[0.         1.08561694 1.04795506 0.        ]]
[[0.         1.03307673 1.00985084 0.        ]]
[[0.         1.02728965 1.08786188 0.        ]]
[[0.         1.02356214 1.0331559  0.        ]]
[[0.         1.08374687 1.08018523 0.        ]]
[[0.         1.01070236 1.02839511 0.        ]]
[[0.         1.07446897 1.00298182 0.        ]]
[[0.         1.05315702 1.09174745 0.        ]]
[[0.         1.06083392 1.08050866 0.        ]]
[[0.         1.0696715  1.06452772 0.        ]]
[[0.         1.02324553 1.09142419 0.        ]]
[[0.         1.0998748  1.09509899 0.        ]]
[[0.         1.04775163 1.03985425 0.        ]]
[[0.         1.02377372 1.00372552 0.        ]]
[[0.         1.00358667 1.00227292 0.        ]]
[[0.         1.08702557 1.08110153 0.        ]]
[[0.         1.04862915 1.05763429 0.        ]]
[[0.         1.09684933 1.07025494 0.        ]]
[[0.         1.01553218 1.00809229 0.        ]]
[[0.         1.01322449 1.04289707 0.        ]]
[[0.         1.01152169 1.05744892 0.        ]]
[[0.         1.01608884 1.04361353 0.        ]]
[[0.         1.00831578 1.07904093 0.        ]]
[[0.         1.06488038 1.02767512 0.        ]]
[[0.         1.01593939 1.04399693 0.        ]]
[[0.         1.00808627 1.04672428 0.        ]]
[[0.         1.06891061 1.06514344 0.        ]]
[[0.         1.00253755 1.05680278 0.        ]]
[[0.         1.08613273 1.00646587 0.        ]]
[[0.         1.09130943 1.05717573 0.        ]]
[[0.         1.00949257 1.06338316 0.        ]]
[[0.         1.02264158 1.08377643 0.        ]]
[[0.         1.06102844 1.0015873  0.        ]]
[[0.         1.05812744 1.08228714 0.        ]]
[[0.         1.00908389 1.0594642  0.        ]]
[[0.         1.09780144 1.06868451 0.        ]]
[[0.         1.08653267 1.06479564 0.        ]]
[[0.         1.06504965 1.06089737 0.        ]]
[[0.         1.00854797 1.05290746 0.        ]]
[[0.         1.0329253  1.08989621 0.        ]]
[[0.         1.03800226 1.01889887 0.        ]]
[[0.         1.04801599 1.07041901 0.        ]]
[[0.         1.01275851 1.09468583 0.        ]]
[[0.         1.04255642 1.09070682 0.        ]]
[[0.         1.05155512 1.02822872 0.        ]]
[[0.         1.08994639 1.08304036 0.        ]]
[[0.         1.02337756 1.03288308 0.        ]]
[[0.         1.09466335 1.05898352 0.        ]]
[[0.         1.09457111 1.09972809 0.        ]]
[[0.         1.08854822 1.02488417 0.        ]]
[[0.         1.01187444 1.09493315 0.        ]]
[[0.         1.0143757  1.07825044 0.        ]]
[[0.         1.05966913 1.08400822 0.        ]]
[[0.         1.08963789 1.09471988 0.        ]]
[[0.         1.05079611 1.0531294  0.        ]]
[[0.         1.07303771 1.0040179  0.        ]]
[[0.         1.01971499 1.00366385 0.        ]]
[[0.         1.04926241 1.01032374 0.        ]]
[[0.         1.08503463 1.03925518 0.        ]]
[[0.         1.08112134 1.00832085 0.        ]]
[[0.         1.00207306 1.01363943 0.        ]]
[[0.         1.09370019 1.06859633 0.        ]]
[[0.         1.0842836  1.04947426 0.        ]]
[[0.         1.03284526 1.06800585 0.        ]]
[[0.         1.03863169 1.08394044 0.        ]]
[[0.         1.04893712 1.09227791 0.        ]]
[[0.         1.04311247 1.01233049 0.        ]]
[[0.         1.01315755 1.00239608 0.        ]]
[[0.         1.06102454 1.05903756 0.        ]]
[[0.         1.04801453 1.00816735 0.        ]]
[[0.         1.06637721 1.09453735 0.        ]]
[[0.         1.07924932 1.02088012 0.        ]]
[[0.         1.00184774 1.03505574 0.        ]]
[[0.         1.08118403 1.06271946 0.        ]]
[[0.         1.09062158 1.0666723  0.        ]]
[[0.         1.07560886 1.03492521 0.        ]]
[[0.         1.01800935 1.07790743 0.        ]]
[[0.         1.0774546  1.09572188 0.        ]]
[[0.         1.08019783 1.0799555  0.        ]]
[[0.         1.02259361 1.01637672 0.        ]]
[[0.         1.02130476 1.04033319 0.        ]]
[[0.         1.03832792 1.03699645 0.        ]]
[[0.         1.08190111 1.08169742 0.        ]]
[[0.         1.02497997 1.06622077 0.        ]]
[[0.         1.02601444 1.07796744 0.        ]]
[[0.         1.0819901  1.05155386 0.        ]]
[[0.         1.07938929 1.05903921 0.        ]]
[[0.         1.09657258 1.02207851 0.        ]]
[[0.         1.09024155 1.05669284 0.        ]]
[[0.         1.03939727 1.05280938 0.        ]]
[[0.         1.03093795 1.08215713 0.        ]]
[[0.         1.09126996 1.03887567 0.        ]]
[[0.         1.09429115 1.08924783 0.        ]]
[[0.         1.06420551 1.07491905 0.        ]]
[[0.         1.08689465 1.07636885 0.        ]]
[[0.         1.05801968 1.06105707 0.        ]]
[[0.         1.09451328 1.03622069 0.        ]]
[[0.         1.0862909  1.09375515 0.        ]]
[[0.         1.00299604 1.07258689 0.        ]]
[[0.         1.04261854 1.08292358 0.        ]]
[[0.         1.02082205 1.05144062 0.        ]]
[[0.         1.08437232 1.02700429 0.        ]]
[[0.         1.03857549 1.07905384 0.        ]]
[[0.         1.00432107 1.03860719 0.        ]]
[[0.         1.05732575 1.06216062 0.        ]]
[[0.         1.00463415 1.08857654 0.        ]]
[[0.         1.08767165 1.00328772 0.        ]]
[[0.         1.01373905 1.07561633 0.        ]]
[[0.         1.01817396 1.07780704 0.        ]]
[[0.         1.08008499 1.06750524 0.        ]]
[[0.         1.02301322 1.04831184 0.        ]]
[[0.         1.01411003 1.02333672 0.        ]]
[[0.         1.01533506 1.01516874 0.        ]]
[[0.         1.06578782 1.01837349 0.        ]]
[[0.         1.03921927 1.08825643 0.        ]]
[[0.         1.04504915 1.07727742 0.        ]]
[[0.         1.05409176 1.06760199 0.        ]]
[[0.         1.06634379 1.06913376 0.        ]]
[[0.         1.09066855 1.05068626 0.        ]]
[[0.         1.09503699 1.01063937 0.        ]]
[[0.         1.06987893 1.04357653 0.        ]]
[[0.         1.01255667 1.06508905 0.        ]]
[[0.         1.04807916 1.0677052  0.        ]]
[[0.         1.04805844 1.09439034 0.        ]]
[[0.         1.01037013 1.08285543 0.        ]]
[[0.         1.06134534 1.03737128 0.        ]]
[[0.         1.0594615  1.07936959 0.        ]]
[[0.         1.07788461 1.00718165 0.        ]]
[[0.         1.06749017 1.03745254 0.        ]]
[[0.         1.01366231 1.00048337 0.        ]]
[[0.         1.085028   1.00489185 0.        ]]
[[0.         1.01880843 1.00945084 0.        ]]
[[0.         1.08037553 1.04861069 0.        ]]
[[0.         1.00239481 1.04513586 0.        ]]
[[0.         1.04045702 1.00040187 0.        ]]
[[0.         1.0981762  1.08143285 0.        ]]
[[0.         1.06057865 1.09044418 0.        ]]
[[0.         1.0049414  1.09512281 0.        ]]
[[0.         1.06789379 1.09297703 0.        ]]
[[0.         1.05094973 1.08524453 0.        ]]
[[0.         1.06657209 1.04421435 0.        ]]
[[0.         1.09133093 1.02727954 0.        ]]
[[0.         1.01831766 1.07962872 0.        ]]
[[0.         1.02620577 1.02115382 0.        ]]
[[0.         1.06402678 1.03614462 0.        ]]
[[0.         1.02993885 1.05469841 0.        ]]
[[0.         1.08688765 1.05226876 0.        ]]
[[0.         1.06603299 1.04183801 0.        ]]
[[0.         1.06707698 1.07119879 0.        ]]
[[0.         1.05154976 1.0188989  0.        ]]
[[0.         1.06318249 1.08372196 0.        ]]
[[0.         1.08450704 1.0261905  0.        ]]
[[0.         1.02825047 1.00221009 0.        ]]
[[0.         1.03442838 1.09627556 0.        ]]
[[0.         1.05312666 1.09842682 0.        ]]
[[0.         1.0438891  1.03007472 0.        ]]
[[0.         1.09478954 1.05418363 0.        ]]
[[0.         1.01537312 1.03301953 0.        ]]
[[0.         1.00147174 1.03616137 0.        ]]
[[0.         1.06458246 1.08637859 0.        ]]
[[0.         1.08378746 1.00059307 0.        ]]
[[0.         1.01968044 1.08977396 0.        ]]
[[0.         1.08578869 1.0047758  0.        ]]
[[0.         1.0624681  1.08393677 0.        ]]
[[0.         1.04242346 1.08229176 0.        ]]
[[0.         1.03444585 1.02375467 0.        ]]
[[0.         1.0206826  1.00281417 0.        ]]
[[0.         1.01865951 1.0090552  0.        ]]
[[0.         1.04713937 1.04019943 0.        ]]
[[0.         1.00480627 1.02784109 0.        ]]
[[0.         1.00692398 1.02262683 0.        ]]
[[0.         1.05510511 1.07252153 0.        ]]
[[0.         1.09910127 1.09576248 0.        ]]
[[0.         1.05893204 1.00852321 0.        ]]
[[0.         1.03870729 1.02224912 0.        ]]
[[0.         1.03240953 1.04705562 0.        ]]
[[0.         1.09505751 1.06509484 0.        ]]
[[0.         1.06492943 1.07607755 0.        ]]
[[0.         1.08198299 1.06256688 0.        ]]
[[0.         1.08215226 1.09087125 0.        ]]
[[0.         1.04063343 1.02700713 0.        ]]
[[0.         1.02011058 1.02837969 0.        ]]
[[0.         1.08931316 1.01901243 0.        ]]
[[0.         1.03286507 1.06190284 0.        ]]
[[0.         1.01842607 1.07828248 0.        ]]
[[0.         1.08767464 1.00989002 0.        ]]
[[0.         1.00023758 1.01369911 0.        ]]
[[0.         1.01002461 1.05698534 0.        ]]
[[0.         1.05601018 1.00303191 0.        ]]
[[0.         1.07539713 1.02778581 0.        ]]
[[0.         1.02005882 1.0715923  0.        ]]
[[0.         1.00576328 1.0028676  0.        ]]
[[0.         1.01198122 1.03199332 0.        ]]
[[0.         1.05076013 1.0536532  0.        ]]
[[0.         1.00815967 1.06431909 0.        ]]
[[0.         1.03088778 1.05224735 0.        ]]
[[0.         1.04320481 1.09314669 0.        ]]
[[0.         1.09453969 1.06950939 0.        ]]
[[0.         1.05869668 1.01151313 0.        ]]
[[0.         1.04679528 1.09281038 0.        ]]
[[0.         1.01467567 1.01639913 0.        ]]
[[0.         1.09230763 1.09984988 0.        ]]
[[0.         1.03582258 1.04963379 0.        ]]
[[0.         1.02618661 1.09434511 0.        ]]
[[0.         1.01633024 1.02764101 0.        ]]
[[0.         1.05823191 1.05976599 0.        ]]
[[0.         1.0956804  1.04948104 0.        ]]
[[0.         1.01916554 1.07399881 0.        ]]
[[0.         1.02475253 1.06147823 0.        ]]
[[0.         1.04824156 1.00804905 0.        ]]
[[0.         1.08880663 1.06941212 0.        ]]
[[0.         1.0545737  1.03464217 0.        ]]
[[0.         1.06361419 1.05739829 0.        ]]
[[0.         1.06058327 1.0605391  0.        ]]
[[0.         1.07292347 1.02732882 0.        ]]
[[0.         1.06589979 1.03764308 0.        ]]
[[0.         1.00714136 1.07847266 0.        ]]
[[0.         1.07398281 1.08388526 0.        ]]
[[0.         1.06973256 1.09032483 0.        ]]
[[0.         1.03575291 1.00103222 0.        ]]
[[0.         1.00981373 1.01722732 0.        ]]
[[0.         1.01700368 1.04496065 0.        ]]
[[0.         1.01247924 1.08764727 0.        ]]
[[0.         1.02256909 1.08816889 0.        ]]
[[0.         1.0409053  1.02648371 0.        ]]
[[0.         1.00643442 1.05940522 0.        ]]
[[0.         1.0821261  1.04718421 0.        ]]
[[0.         1.04579994 1.08601427 0.        ]]
[[0.         1.07197738 1.08645953 0.        ]]
[[0.         1.08453566 1.07173662 0.        ]]
[[0.         1.06547756 1.01535196 0.        ]]
[[0.         1.05969577 1.02384072 0.        ]]
[[0.         1.09641817 1.08424012 0.        ]]
[[0.         1.05566666 1.03814274 0.        ]]
[[0.         1.06143354 1.03505511 0.        ]]
[[0.         1.08315715 1.07210536 0.        ]]
[[0.         1.05224495 1.05271142 0.        ]]
[[0.         1.05379822 1.07507406 0.        ]]
[[0.         1.00875945 1.04068335 0.        ]]
[[0.         1.02794984 1.07102133 0.        ]]
[[0.         1.03918001 1.02534207 0.        ]]
[[0.         1.00551223 1.08856858 0.        ]]
[[0.         1.06621687 1.03935377 0.        ]]
[[0.         1.02092232 1.07612659 0.        ]]
[[0.         1.06805475 1.05620404 0.        ]]
[[0.         1.02252987 1.05693205 0.        ]]
[[0.         1.02276943 1.04357351 0.        ]]
[[0.         1.00090517 1.04337014 0.        ]]
[[0.         1.02015515 1.06641015 0.        ]]
[[0.         1.05229838 1.01197407 0.        ]]
[[0.         1.03058726 1.04652488 0.        ]]
[[0.         1.06164596 1.0646917  0.        ]]
[[0.         1.09262953 1.07719596 0.        ]]
[[0.         1.0279715  1.00185031 0.        ]]
[[0.         1.01335979 1.02646381 0.        ]]
[[0.         1.09110268 1.08558226 0.        ]]
[[0.         1.02626417 1.0741039  0.        ]]
[[0.         1.00516596 1.02228589 0.        ]]
[[0.         1.06129288 1.06637831 0.        ]]
[[0.         1.02417103 1.05282552 0.        ]]
[[0.         1.07790347 1.07161291 0.        ]]
[[0.         1.06678317 1.03542965 0.        ]]
[[0.         1.06129087 1.08738844 0.        ]]
[[0.         1.00455747 1.08054372 0.        ]]
[[0.         1.04378713 1.05376065 0.        ]]
[[0.         1.05564266 1.04247923 0.        ]]
[[0.         1.03827218 1.06775116 0.        ]]
[[0.         1.05887094 1.05464829 0.        ]]
[[0.         1.08013743 1.03003493 0.        ]]
[[0.         1.04998583 1.06641076 0.        ]]
[[0.         1.00384238 1.08408877 0.        ]]
[[0.         1.05147646 1.00133382 0.        ]]
[[0.         1.07840801 1.07867654 0.        ]]
[[0.         1.04587442 1.079639   0.        ]]
[[0.         1.09080083 1.09027889 0.        ]]
[[0.         1.02531838 1.01177869 0.        ]]
[[0.         1.02655741 1.02692107 0.        ]]
[[0.         1.07199721 1.06009769 0.        ]]
[[0.         1.09383072 1.00341224 0.        ]]
[[0.         1.01888659 1.02679365 0.        ]]
[[0.         1.03828455 1.0572895  0.        ]]
[[0.         1.07127507 1.09706611 0.        ]]
[[0.         1.04471448 1.02122713 0.        ]]
[[0.         1.02886248 1.08685299 0.        ]]
[[0.         1.03500226 1.03003723 0.        ]]
[[0.         1.00427411 1.01262018 0.        ]]
[[0.         1.00094888 1.09827826 0.        ]]
[[0.        1.0914972 1.0458052 0.       ]]
[[0.         1.05379857 1.04523443 0.        ]]
[[0.         1.05157178 1.07065681 0.        ]]
[[0.         1.03218675 1.0996659  0.        ]]
[[0.         1.0450588  1.09339868 0.        ]]
[[0.         1.03486529 1.02164676 0.        ]]
[[0.         1.08140639 1.02743047 0.        ]]
[[0.         1.09593422 1.00171605 0.        ]]
[[0.         1.04740345 1.08570712 0.        ]]
[[0.         1.0575767  1.02900082 0.        ]]
[[0.         1.07179835 1.04734355 0.        ]]
[[0.         1.09624163 1.06545254 0.        ]]
[[0.         1.03806991 1.068789   0.        ]]
[[0.         1.05748229 1.09640193 0.        ]]
[[0.         1.0875721  1.03325457 0.        ]]
[[0.         1.08240811 1.00742668 0.        ]]
[[0.         1.06372126 1.05605744 0.        ]]
[[0.         1.08893311 1.01795327 0.        ]]
[[0.         1.00146405 1.03210454 0.        ]]
[[0.         1.00049479 1.02902381 0.        ]]
[[0.         1.00293438 1.00288251 0.        ]]
[[0.         1.04996648 1.06387606 0.        ]]
[[0.         1.02924637 1.04243772 0.        ]]
[[0.         1.03608067 1.01314882 0.        ]]
