[[ 10.87883696  -8.06364631]
 [-18.42595529   1.00008964]]
[[  0.2226948   -4.58779139]
 [-15.25572828   4.14616257]]
[[-14.18524514   6.45086517]
 [  9.34771814 -24.3845673 ]]
[[ -7.20645776   0.54361157]
 [  0.16760989 -10.15635406]]
[[  3.33350203 -24.87527503]
 [-23.53885165   2.30385341]]
[[  2.54662257  -1.57315249]
 [-21.56026912   1.00158096]]
[[ 12.57277591  -3.72659545]
 [-15.75315666   0.04435916]]
[[  0.13191628 -24.02359696]
 [ -5.01163672   0.97268072]]
[[ 0.28218575 -2.77614239]
 [-9.67678396  0.43545802]]
[[  0.14704163 -19.50114708]
 [ -5.28175017   1.50830968]]
[[ -8.33870068   0.22740888]
 [  0.35647333 -19.46607866]]
[[  0.17869707 -19.54591699]
 [-11.56898279   3.25762648]]
[[ -6.29531439   0.25548269]
 [  1.31923618 -22.70533887]]
[[  0.85033306 -19.01634401]
 [ -4.6853568    0.16861104]]
[[-15.98261861   4.91895418]
 [  1.61190738  -7.51286974]]
[[  0.75924555 -12.14392569]
 [ -1.36410409   6.67575584]]
[[-20.02981064   1.7145185 ]
 [  5.99883687 -23.27772398]]
[[ -7.67617004   1.13387563]
 [  0.04290907 -17.1511092 ]]
[[-15.52462947   0.42901906]
 [  0.32501626 -21.78086607]]
[[-13.64134081   0.18513512]
 [  0.24919917 -24.17331054]]
[[ -7.02100072   0.10306161]
 [  2.14966793 -13.98261488]]
[[  0.24524808 -13.97083413]
 [-14.00861346   0.18733882]]
[[  0.05334902 -24.4847674 ]
 [-19.10872514   0.36159511]]
[[  7.70104063 -15.29037011]
 [ -9.586537     6.55928012]]
[[ -4.67315253   0.42791906]
 [  3.91959769 -12.63925418]]
[[  1.68880471 -23.56306402]
 [-21.79303469  11.77595471]]
[[-17.41574118   0.04183535]
 [  0.12650159  -8.14232758]]
[[  0.51165194 -12.93085022]
 [ -5.72636      2.67971251]]
[[-19.71746393   4.22282259]
 [  0.04436964 -16.63333965]]
[[-21.78305149   0.20978374]
 [  0.27627559 -19.19925002]]
[[-18.4824856    2.49551232]
 [  3.33409951 -11.84825098]]
[[-18.02659951   0.64447737]
 [  0.45863007  -4.12726657]]
[[-19.58113346   0.95242678]
 [  1.98012405 -18.99966913]]
[[  2.94302073 -12.79251366]
 [-15.92756064   4.33110313]]
[[-23.32960776   0.22944136]
 [  0.91804692 -16.16307454]]
[[-15.05613132   2.68319973]
 [  0.13867218 -21.03681705]]
[[ -7.24723235   1.01940153]
 [  0.3783389  -12.75415316]]
[[-12.51526087   3.47473262]
 [  0.07910845 -11.5377623 ]]
[[ 11.34223414  -5.31293299]
 [-22.45326481   2.25444321]]
[[-23.7134396    0.66937787]
 [ 22.24195381  -6.03731448]]
[[  4.38137162 -13.03221274]
 [-20.78026817   0.05464544]]
[[  0.16695346 -17.19333621]
 [-15.50080027   7.03433171]]
[[-18.20659902   0.6546008 ]
 [  0.05489747  -8.2487499 ]]
[[  0.61500963 -17.83748153]
 [ -4.51285519   0.89851318]]
[[-2.39358377  1.77936048]
 [ 0.04185751 -5.46702765]]
[[  2.72550054  -4.31030435]
 [-11.92556354   0.13465822]]
[[-23.12915461   3.15268107]
 [ 13.21272226  -5.36972954]]
[[-23.63011726  22.43644569]
 [ 14.00762075 -23.72060265]]
[[  8.78127856 -20.59489648]
 [-13.6801627   15.44363917]]
[[  4.33205682 -12.66374582]
 [-12.37153392   6.35542825]]
[[  0.99705654 -24.25614098]
 [-12.37137123   0.36673484]]
[[ -6.129284     6.61720142]
 [  3.9090398  -20.29811343]]
[[-8.7259311   3.28324932]
 [ 1.92050357 -9.40657792]]
[[  8.31655671 -23.80837627]
 [ -9.84049501   1.28413354]]
[[-13.81561905   4.84331135]
 [  1.43669915 -22.28345202]]
[[  0.27519096  -1.26790732]
 [-10.55643712   0.09639102]]
[[  0.87204946  -5.6774459 ]
 [-16.79834245   0.31269961]]
[[  0.59381876  -8.65395691]
 [-20.06865681   0.78105272]]
[[-23.20266504   0.0507707 ]
 [ 15.29722849 -10.96934788]]
[[-17.57148728   0.05508892]
 [  0.20078113 -12.51793883]]
[[  3.55944097 -14.43356641]
 [-21.62700319   1.78652851]]
[[-14.24079708   0.22737789]
 [  9.64890979  -5.73732055]]
[[ -9.86114713  17.97573568]
 [  0.12220774 -24.62588602]]
[[ 2.56279438 -3.94263234]
 [-4.71478955  0.10397989]]
[[-21.38282752   6.1339557 ]
 [  0.61107509 -16.17335842]]
[[  0.5811734   -7.44129419]
 [-18.47904524   0.0828111 ]]
[[ 10.65819098 -15.77496211]
 [-24.14511569   0.28529151]]
[[  4.45711182 -24.94596162]
 [ -9.24637315   1.76628925]]
[[  0.10700159 -16.35852865]
 [-24.65579399   0.11768372]]
[[  3.63227026  -8.88975489]
 [-15.75708931   2.69197014]]
[[  0.97950852 -22.73325907]
 [ -4.08105986   8.09567925]]
[[ 4.18016422 -6.86846587]
 [-5.15341776  3.09462378]]
[[ -9.53891437   0.86751455]
 [  0.61464481 -16.51702864]]
[[  0.21857332 -24.10993188]
 [-15.5543673    0.8934186 ]]
[[  7.43853442 -14.13240619]
 [-10.36184054   1.0153931 ]]
[[ -5.27584601   0.12418243]
 [  4.76599747 -10.94452376]]
[[-19.511516    14.22437539]
 [  0.10271137 -14.38809098]]
[[  1.4547988  -19.34629499]
 [-11.18651626   0.61131148]]
[[ 23.39437615 -24.42578095]
 [-24.72578871   2.41953507]]
[[ 2.14732411 -8.2897289 ]
 [-3.50533748  0.90880968]]
[[  2.334958   -14.73376888]
 [-21.98364697   0.05055234]]
[[  1.14514962  -3.29331311]
 [-16.64049116   0.37247841]]
[[  0.85902353 -19.4145929 ]
 [ -4.12793927   0.04884989]]
[[ -0.64167397  12.54439186]
 [  0.32233135 -19.5237013 ]]
[[  0.15155781 -22.22426722]
 [-20.86564588   1.00563853]]
[[ 0.15545908 -9.99244839]
 [-4.58095428  1.8586928 ]]
[[  0.29819517  -2.41288393]
 [-17.01133719   0.2919841 ]]
[[  2.53667481 -16.76702345]
 [ -7.30097741   0.90052775]]
[[  9.95955445  -0.69307802]
 [-23.84486308   0.0454476 ]]
[[ -9.62288207  10.56521566]
 [  1.74937103 -11.1259905 ]]
[[  7.52136078  -3.24629005]
 [-23.68017484   1.54074444]]
[[  0.37790409 -11.4884405 ]
 [ -7.98194428   0.16228542]]
[[ 0.11117465 -3.2399493 ]
 [-1.73696148  0.1114196 ]]
[[ -7.66264282   1.75127547]
 [  0.13566346 -23.88699022]]
[[  0.24247994 -14.05889743]
 [-17.48341774   0.28846254]]
[[  3.99949526  -2.44531684]
 [-13.66556469   0.44166317]]
[[  0.10287434 -10.96830372]
 [ -6.25318256   0.20513442]]
[[ -3.45511229   0.05450466]
 [  3.33133876 -15.34000989]]
[[ -9.58114183   0.1855199 ]
 [  0.10828712 -17.14282713]]
[[  0.17260605 -22.42353564]
 [-12.27944522   0.28947585]]
[[-19.18012284   0.56077181]
 [  0.11503171 -17.28236718]]
[[-20.38282505   4.46801065]
 [  3.84202723 -21.04946259]]
[[-15.54769986   8.99345712]
 [  0.16200812 -16.19081884]]
[[  2.87036517  -6.35670132]
 [-20.83070599   1.74284736]]
[[ 0.11662466 -2.58490044]
 [-2.82438687  0.63438095]]
[[  4.77420131 -19.14159992]
 [-12.84501466   1.56694741]]
[[-16.42843198   1.33460168]
 [  2.39052177  -7.09095207]]
[[-1.52436165  1.46139956]
 [ 1.26870722 -3.88728703]]
[[  0.62358339 -23.83666599]
 [-19.42547806   1.18376467]]
[[ -3.63448749   0.2265586 ]
 [  0.79431156 -23.2542994 ]]
[[  1.17658415 -18.2807662 ]
 [ -7.87626434   0.06261981]]
[[-19.91569909   1.0006288 ]
 [ 12.22678318  -4.34814293]]
[[-13.73306098   2.07425655]
 [  0.07099689 -15.61556523]]
[[  0.12058115  -9.33944457]
 [-15.03454981   0.92179502]]
[[ -2.8289127    0.06458375]
 [  0.52347399 -17.063725  ]]
[[-20.53725929   0.08516646]
 [ 11.00214524  -5.53799757]]
[[-17.94972864   1.57966818]
 [  0.05795999 -17.38022667]]
[[-19.02073293   1.52086539]
 [  0.21735944 -15.98348658]]
[[ 0.07966136 -8.86676783]
 [-3.03752214  0.32655942]]
[[-16.20796861   2.92424915]
 [  2.05181057  -7.82009008]]
[[  1.70525735 -21.8764638 ]
 [-20.06542526  12.4044254 ]]
[[  0.6062804  -19.43531125]
 [-17.03461358   8.87740783]]
[[  0.07884048 -17.46522654]
 [-24.61937365   0.74772038]]
[[-10.33132889  11.45692155]
 [  0.56705707 -16.55974135]]
[[  2.45549796 -20.01743728]
 [-20.80905261   0.41289827]]
[[  0.69651713 -15.60470123]
 [ -2.49503558   2.23517508]]
[[  0.10397664  -7.92933847]
 [-23.64415201   0.04948852]]
[[-5.90121595  0.0532157 ]
 [ 0.86705194 -2.73504503]]
[[  5.70892007 -15.99821319]
 [ -6.81637107   0.77856672]]
[[  5.85226128 -14.57712529]
 [ -5.93589058   8.58678362]]
[[-5.72432529  0.1378237 ]
 [ 0.35684391 -7.00591934]]
[[-21.86041785   0.25712053]
 [  0.0663778  -10.49803109]]
[[  7.58363812  -1.77646646]
 [-19.01527534   1.08676644]]
[[ -3.59892121   1.82008945]
 [  0.08128127 -14.68429221]]
[[  0.35505523 -12.35613751]
 [-17.28345842   0.91804023]]
[[-11.48841493   2.56714842]
 [  0.37667172 -22.86279521]]
[[-7.37939467  0.55953395]
 [ 1.727322   -9.98195386]]
[[-9.65976083  0.51148269]
 [ 9.23251302 -7.59260062]]
[[ 0.05213645 -8.02435887]
 [-8.13682425  0.36537518]]
[[ -9.07182018   4.38060711]
 [  1.43251734 -10.31178573]]
[[-18.87142448   6.28223957]
 [ 14.57997123 -21.58924638]]
[[ 0.21433944 -6.4742486 ]
 [-8.06003196  0.17308265]]
[[-15.54576982   1.04968964]
 [  2.6326471  -19.41273563]]
[[  0.50144265  -9.49943397]
 [-14.78353651   3.89828422]]
[[  3.25750105 -14.69156827]
 [-23.9654261    7.59279433]]
[[  2.21389226  -2.32952137]
 [-12.99761559   0.07176126]]
[[-9.58329741  0.64928344]
 [ 9.37216492 -2.16722097]]
[[-20.69610354   0.43800059]
 [  0.07376948 -13.25770313]]
[[ 0.32869112 -8.71050472]
 [-1.48976651  0.63086047]]
[[  2.96817795  -9.36095392]
 [-24.10512732   0.68283407]]
[[-19.05752307   7.66226519]
 [ 12.20319345 -11.46226838]]
[[  0.45225103 -14.94820372]
 [-10.5057296    0.10125636]]
[[  0.05838977  -1.89623974]
 [-14.70110149   0.05674239]]
[[-15.76891442   0.10472054]
 [  0.42523758  -7.4047213 ]]
[[ -8.79798785   9.72233697]
 [  4.99057222 -13.36643868]]
[[-12.23061419   0.50287783]
 [  9.47186668 -24.59272327]]
[[ -3.49224352   9.64505872]
 [  0.12105889 -22.33867002]]
[[  0.40691536 -24.27512479]
 [ -0.78040065   0.07250185]]
[[-21.50920542   1.37967746]
 [  0.4848371  -12.89371374]]
[[  0.06003553  -3.68802666]
 [-18.2127062    0.05286764]]
[[  0.04686291 -18.88296052]
 [-17.38519739   0.15407462]]
[[ -7.38976896   0.81613304]
 [  0.42191239 -12.7455299 ]]
[[-15.91676458   0.17101024]
 [  0.30793733  -7.66638144]]
[[-19.27958919   0.15358125]
 [  0.89341205 -16.74244466]]
[[  0.38809712  -1.50617837]
 [-20.20669553   0.057235  ]]
[[-17.87191223   0.05597344]
 [  0.44507578  -7.38875194]]
[[  2.93691304 -20.94391771]
 [ -7.0963954    0.16883507]]
[[  0.0992771  -16.72761713]
 [ -9.63069636   6.41105716]]
[[ -5.84903449   0.22054909]
 [  2.39831125 -12.82976067]]
[[  0.05120081 -12.24280712]
 [-13.64351403   0.54214961]]
[[  0.05538377 -15.8280206 ]
 [ -2.2610263    0.13946935]]
[[-6.5798851   5.19005157]
 [ 1.02792285 -5.42781629]]
[[-21.32494159   3.27677824]
 [  0.15292879 -19.79198574]]
[[ -5.13584002   0.88225187]
 [  0.16811366 -19.40468102]]
[[  1.26171609  -7.14050311]
 [-24.02516072   0.06380915]]
[[ 11.87142536  -3.53459137]
 [-14.36912209   0.25209193]]
[[-1.59398637  0.55726482]
 [ 0.24316463 -2.49266917]]
[[-21.4845494    0.05213879]
 [  3.62246745 -17.77797771]]
[[-19.4220242    0.14383516]
 [  0.36931019  -6.68205362]]
[[-21.7259994    0.28790637]
 [ 19.9053671  -21.9114563 ]]
[[  7.66008144  -5.14249697]
 [-18.33712479   0.26502577]]
[[-1.68707509  1.03978097]
 [ 0.14755436 -4.93226035]]
[[-18.00543557   0.50582984]
 [  4.08418191 -23.15467663]]
[[-24.08717383   0.13883115]
 [  1.40325485 -22.08859393]]
[[  2.31059918 -14.19409291]
 [-18.4734052    1.37287239]]
[[-22.96874859   0.30661371]
 [  1.34001225 -21.03769054]]
[[  1.65932572 -15.80418774]
 [ -7.9606957    8.16747296]]
[[-22.08667081   0.41822993]
 [  4.50605592  -7.72096499]]
[[ -9.42805872   0.06733924]
 [  0.08671504 -14.04714903]]
[[-15.96751784   1.51104148]
 [  0.78710818 -23.44006744]]
[[  0.76950499 -12.77388548]
 [-13.91570357   0.13207022]]
[[-10.57998144   3.60382955]
 [  2.36640375  -6.76679074]]
[[-22.79093727  22.21024717]
 [ 15.04467081 -24.18514636]]
[[ 0.25883504 -5.40384596]
 [-0.80990113  1.61154018]]
[[-19.12614388   0.05495827]
 [  5.48884024 -23.06015906]]
[[-6.73574242  0.79295674]
 [ 3.48114433 -7.81684287]]
[[ -9.50652712   0.12892245]
 [  3.25345889 -24.70373981]]
[[-22.10877694   0.11176813]
 [ 17.3099853  -11.99738403]]
[[-15.42097105   0.37710229]
 [  0.25361072  -8.26761039]]
[[ -4.59841993   0.15617542]
 [  0.05549118 -21.48867877]]
[[ -9.06180714   0.16896719]
 [  0.12014372 -22.24596535]]
[[-10.20602994   0.12416418]
 [  0.10336909 -11.47736113]]
[[-21.42773821   0.33687605]
 [  2.24210864  -5.9629047 ]]
[[  0.48154971 -12.44742926]
 [-24.08026527   0.4609889 ]]
[[  2.13245133 -17.96943794]
 [-12.27777626  15.4551759 ]]
[[-18.50811876   0.08260839]
 [  0.93938916 -17.64099012]]
[[-11.89003022   2.05592521]
 [  0.14797756 -10.09438529]]
[[  0.30009647 -24.68857262]
 [-19.8965256    5.18858927]]
[[ 12.67243295 -12.2002778 ]
 [-19.96019223   0.38963595]]
[[  1.11233403 -17.97786382]
 [ -8.93867645  17.29640022]]
[[-18.92015445   0.52812099]
 [ 12.94928747 -17.96085008]]
[[  3.12175825 -12.36177383]
 [-19.9823192    0.82372517]]
[[-14.47410627   0.29114633]
 [ 10.43441398  -9.88780316]]
[[  3.83131452 -11.50129531]
 [-24.10755431   0.86795188]]
[[  0.62656193 -13.16006937]
 [-23.39082976   1.48142297]]
[[  7.74087863 -20.73308573]
 [-12.66902893   0.12996789]]
[[ 19.42747469 -16.22618443]
 [-24.21886763   2.44033785]]
[[-20.20361065   0.09601798]
 [  0.69598165 -24.64815313]]
[[  0.14677254 -20.82096024]
 [-16.40843227   2.87717297]]
[[  1.49025842 -13.66352412]
 [-11.0996764    0.11200069]]
[[-21.34242838  11.22826086]
 [  7.12528161 -17.51567418]]
[[  0.11651967  -0.95802928]
 [-19.00458518   0.32522921]]
[[  0.19053307  -4.27536929]
 [-20.31246824   0.05165568]]
[[ -4.62640303   4.20819426]
 [  0.75745496 -12.28724937]]
[[  0.09231291 -12.86755757]
 [ -5.58314638   0.13097944]]
[[-22.39017766   0.05950482]
 [  0.20997476 -16.44473823]]
[[  4.43983418 -18.29475033]
 [-19.60441747   1.3558689 ]]
[[  0.18753968 -22.37084658]
 [-17.91334143   5.56478304]]
[[-17.13274885   0.49894259]
 [  0.25266298  -8.10132095]]
[[  1.05311629 -23.09170507]
 [-17.26872867   0.24367649]]
[[  0.1118435  -22.05362412]
 [-16.25395718   0.60147348]]
[[-13.41572326   2.10719746]
 [  0.54728518 -14.253125  ]]
[[  0.20661343 -24.11040723]
 [-15.82791862   0.09512927]]
[[ 4.39498815 -9.06427903]
 [-7.43530298  0.20472015]]
[[  1.26598931 -14.04598583]
 [-24.05796179   3.74163705]]
[[-18.65481919   0.06142399]
 [  0.04894669 -22.16358103]]
[[  0.1025305   -3.88282455]
 [-22.87928317   0.36193523]]
[[-14.87688744   0.10094975]
 [  0.05996297  -8.03821526]]
[[-5.99307982  0.1448991 ]
 [ 2.72586381 -9.55444268]]
[[-17.97066448   5.84676203]
 [  0.11376742 -14.91355712]]
[[-6.13434252  0.14406555]
 [ 0.06288442 -2.45300471]]
[[  0.85879483 -24.58054964]
 [-19.78318869   0.31324489]]
[[ 0.58035157 -7.39762876]
 [-3.41855616  0.15506099]]
[[-10.06795533   0.1387065 ]
 [  0.35788647  -5.43770321]]
[[ -2.9511748    0.27876463]
 [  0.26626735 -11.49333529]]
[[-17.64930354   0.1297404 ]
 [  0.63397022 -11.62435846]]
[[  0.04754875  -5.59374443]
 [-17.90088812   3.23815983]]
[[-14.91013444   1.52265928]
 [  0.40457118 -23.63558029]]
[[-19.14116591   0.15322323]
 [  1.55674726  -5.19753924]]
[[  2.51619988 -20.98037686]
 [-17.37077273   4.3672092 ]]
[[-16.88978452   0.12637112]
 [  3.02315639 -12.60107574]]
[[-20.60410657   0.82793815]
 [  0.13508519 -21.34261894]]
[[-15.98828457   4.50082577]
 [  1.40049624 -21.28613106]]
[[-16.95968542  11.39529004]
 [  5.58797169 -16.20624431]]
[[  0.93610822  -8.79666757]
 [-21.35775756   2.95999713]]
[[ -8.32039081   0.19329775]
 [  0.94582279 -18.34877644]]
[[-3.21910481  0.0510659 ]
 [ 0.2284606  -5.52964579]]
[[-21.12517482   0.42266484]
 [  0.12550398 -21.95496224]]
[[  0.7999752  -21.73461821]
 [ -8.21137666   2.77883289]]
[[  1.78882805  -9.66198592]
 [-23.04587417   0.05052849]]
[[ 12.09111033  -8.93914137]
 [-22.52811029   5.92093382]]
[[  0.12240505 -19.67872039]
 [ -8.3826915    2.36990444]]
[[  2.41416056 -12.67736572]
 [-20.49948331   0.13225413]]
[[  4.71639522 -11.08038173]
 [-14.71924103   0.08637138]]
[[-17.59894686   0.14349037]
 [  0.16098939  -5.75550377]]
[[-19.11016839   6.16266965]
 [  0.14748168 -10.36654748]]
[[ 0.10571436 -5.18858465]
 [-5.71487398  0.44313582]]
[[  0.69121102  -8.83924352]
 [-24.50406415   0.94368026]]
[[ 15.20167163  -4.61312386]
 [-22.64217652   2.1217977 ]]
[[-14.36657503   0.08444668]
 [  5.69953297 -18.10519705]]
[[-22.64314177   0.40776129]
 [  0.19860304 -23.46311133]]
[[-8.48695554  0.04013536]
 [ 0.98477912 -8.47183626]]
[[ -4.95773985   6.24026784]
 [  0.32885    -23.30424281]]
[[  0.88083313 -14.36553184]
 [-15.19482107   0.5941869 ]]
[[  0.37842254 -24.15120531]
 [-24.88002952   2.84855241]]
[[-23.36062649   0.20503044]
 [  0.13315705  -6.38610813]]
[[  1.43677468  -4.66775879]
 [-16.88316414   1.76377281]]
[[-23.51643414   0.4230029 ]
 [  1.20927095 -21.06804502]]
[[  0.67449065  -3.63248557]
 [-22.92402121   1.77346549]]
[[  0.10743761 -11.41902462]
 [ -3.06334062   4.59426343]]
[[  1.9416476  -22.99246125]
 [ -6.34258349   0.16168983]]
[[-21.68966716  11.95338732]
 [  0.24860648 -24.54069305]]
[[  0.06018837 -23.90278485]
 [ -9.46984873   3.28036039]]
[[ -4.19282808   0.10215679]
 [  0.67551521 -20.25114711]]
[[  0.15791094 -15.71937074]
 [ -7.36269824   0.23651308]]
[[ -9.96942522   4.54689053]
 [  0.11417707 -22.9597701 ]]
[[-9.37533729  0.90859214]
 [ 0.6110099  -6.88637736]]
[[  0.37400239 -19.37439347]
 [-16.30239022   6.68681953]]
[[-20.86868008   0.10461513]
 [  0.313729   -15.53305215]]
[[-18.57827929   5.29938743]
 [  5.64839418 -11.90250648]]
[[  0.24954439 -11.51112661]
 [-24.97270548   3.52468087]]
[[-14.59798953   0.08452636]
 [  0.33224365  -3.91122007]]
[[  0.05161676 -24.94551857]
 [-17.93675417   0.36992954]]
[[ 0.19858492 -9.93019907]
 [-5.54787633  0.60293936]]
[[  7.06413403  -8.77305357]
 [-24.07540103   1.02955909]]
[[  1.2574706  -16.02825454]
 [-18.85722816   0.04768039]]
[[ 0.42567077 -9.95522774]
 [-1.74079797  0.06241579]]
[[  3.63143858 -16.67274838]
 [ -8.21856222   0.18962514]]
[[ -4.56947738   3.34437467]
 [  0.62816002 -12.38986767]]
[[ -8.92846676   3.7984487 ]
 [  0.07946777 -14.18999089]]
[[  4.02519659 -22.59099798]
 [-18.96872      0.94322429]]
[[  0.62610086 -12.44180409]
 [-11.51494724   0.15199815]]
[[  0.11103358 -23.07661736]
 [-11.64854047   0.05328738]]
[[-12.6335668    1.53352221]
 [  6.72480648  -9.62021989]]
[[-13.01498192   0.09366307]
 [  2.83241594 -21.62040006]]
[[  0.94908068 -17.94146997]
 [-11.68656032   0.1876256 ]]
[[  0.09611156 -23.09027076]
 [-11.43201613   2.94045069]]
[[-12.5746858    2.17911651]
 [  0.06694141 -10.72919791]]
[[  0.08529833 -10.56266955]
 [-20.72019779   0.31339901]]
[[ 11.56396252 -23.51727427]
 [-24.36006151   2.16236186]]
[[-11.71109529   0.07672077]
 [  4.36134392 -12.7786432 ]]
[[-5.24832878  0.30390362]
 [ 0.69446708 -6.15886408]]
[[  0.08769742 -16.95884728]
 [-22.59320933   0.09088889]]
[[-13.85742133   5.56863736]
 [ 11.95433698  -9.72731038]]
[[  0.15886181 -24.50442035]
 [ -2.58148074   0.20835783]]
[[  0.40567037 -17.75339312]
 [-21.16169799   2.04350188]]
[[  0.08018313  -9.19457264]
 [-14.18406711   0.85024564]]
[[  5.28797618 -24.03489509]
 [-24.05225862   2.21850989]]
[[-24.90326912   0.1790884 ]
 [ 20.27383366 -22.72578171]]
[[  0.07841856 -17.69306043]
 [ -6.50360134   0.04760839]]
[[ 0.14370528 -8.97078052]
 [-5.1056289   1.01131623]]
[[  0.08067161  -1.80212861]
 [-16.01475046   0.06667361]]
[[-12.9787699    9.54952245]
 [  8.92243651 -13.42142743]]
[[  3.89246263  -9.31453549]
 [-18.8601204    0.6712043 ]]
[[  0.06980278 -10.47941662]
 [ -1.18462572   0.13818501]]
[[  0.06491986 -20.09347157]
 [-16.25373252   4.25476379]]
[[-14.2619589    0.07672212]
 [  0.16906605 -24.66197533]]
[[  0.13118391 -21.50362744]
 [ -9.01378399   1.1668679 ]]
[[  0.74240514 -13.98636261]
 [-23.11418      3.30313277]]
[[  0.5739507  -21.37926345]
 [-12.15060388   1.71189324]]
[[-22.74630073   2.20370878]
 [  5.44848861  -9.02522181]]
[[-23.2248424    2.70488962]
 [  0.12268412 -18.1229309 ]]
[[  0.17297945 -10.6077786 ]
 [-17.09123425   4.10026474]]
[[  0.0615428  -22.78061144]
 [-23.02172191   0.09045777]]
[[-22.58576435   5.84961139]
 [  8.54422848 -22.86561734]]
[[  0.14893776 -18.69881749]
 [-22.01772917   0.16112248]]
[[  7.32112138 -21.71561701]
 [ -7.96749517   0.4758982 ]]
[[  6.89347997 -23.64888216]
 [-13.41421418   4.58711602]]
[[-22.18999359   0.131345  ]
 [  9.50138376 -12.09455589]]
[[  0.16724956 -19.99085809]
 [-14.62797057   0.55344044]]
[[-18.026781     1.22407912]
 [  0.75683231  -7.96810501]]
[[-15.37737857   0.09183741]
 [  4.46543739 -10.11349505]]
[[  0.30387692 -13.12547026]
 [ -7.3260862    0.05122097]]
[[  6.88602574 -18.78887944]
 [-24.34627651   3.29324912]]
[[  4.55441448 -22.73857431]
 [ -7.61790629   0.16784151]]
[[  1.79960514 -22.20552316]
 [-23.71673367   0.23191974]]
[[ 20.70482658  -7.85150877]
 [-24.53178127   0.28961206]]
[[-23.77255863   1.25540931]
 [  0.07862283  -5.87973066]]
[[-16.33993955   0.41756849]
 [  2.20920274 -17.28369816]]
[[-13.61988627   5.73860764]
 [  8.9495861   -6.30600756]]
[[-16.23456662   5.9077185 ]
 [  7.68006145 -10.44262387]]
[[  0.55869731 -24.52937434]
 [-15.3361125    0.22042588]]
[[  0.18580254 -12.61444848]
 [ -5.27358924   0.1369811 ]]
[[-5.79977679  0.56079338]
 [ 4.69406742 -0.7314126 ]]
[[-20.72052278   2.7133057 ]
 [  0.72315826  -3.30491882]]
[[ 0.24555056 -4.51637034]
 [-6.2088175   0.75497398]]
[[  2.60379461 -21.73567168]
 [-24.99961105   0.09152364]]
[[  0.24112256  -3.25985446]
 [-13.61371024   0.06817929]]
[[-24.93339413   0.0825815 ]
 [  0.18294482  -7.57123354]]
[[  1.0986664   -1.8134749 ]
 [-10.57264545   0.20657632]]
[[  1.53849355 -15.86558392]
 [-10.03538828   2.89947579]]
[[  0.1121471  -12.37184808]
 [-15.37702707   3.65155556]]
[[-21.42562752   2.50982983]
 [  0.48015715 -11.70312886]]
[[ -7.96068586   1.96625802]
 [  0.05604851 -14.73920917]]
[[  5.38757635 -18.70676705]
 [-23.21590304   0.71972689]]
[[ 0.24642107 -6.49150398]
 [-6.28121925  0.33880594]]
[[  7.43931821  -5.66114087]
 [-11.06559959   4.77915054]]
[[  2.20555166  -5.60254152]
 [-23.38837871   0.11711463]]
[[  0.04847416 -16.87861124]
 [ -6.69280352   0.2560948 ]]
[[-9.8642713   0.31410982]
 [ 1.33583021 -9.78167325]]
[[-2.07880342  0.95387314]
 [ 0.08734817 -5.2229431 ]]
[[-5.31457076  0.06721301]
 [ 2.67441237 -1.859136  ]]
[[ -6.6296561    6.94801417]
 [  0.58239991 -19.75470962]]
[[ -0.51868722   0.53748058]
 [  0.09108949 -20.71384154]]
[[-23.41016255   5.61957428]
 [  0.74128835 -18.08003312]]
[[-5.87173587  0.73064056]
 [ 0.16653172 -7.31267334]]
[[-24.84450435   0.6181842 ]
 [  1.38846344 -14.11571338]]
[[ -7.26412742   9.66201563]
 [  0.32342453 -14.75946342]]
[[-13.3131737    1.4912404 ]
 [  0.11662775  -3.98813323]]
[[-24.40701424   0.21162552]
 [  0.4976241  -22.70786265]]
[[  0.06416379 -15.9815481 ]
 [-12.81218647   0.55871523]]
[[-14.66472893   5.85517927]
 [  2.77372571 -15.40582879]]
[[-10.56369077   0.1165211 ]
 [  0.34956949  -6.88880033]]
[[  0.44574898  -4.33984006]
 [-11.34905542   0.07215544]]
[[-19.67022351   8.0549225 ]
 [  8.74196873 -11.87182008]]
[[-0.41438192  0.06568884]
 [ 0.20514272 -9.69206938]]
[[  0.81890313  -8.6271755 ]
 [-15.83264      0.10643598]]
[[-2.15463267  0.2810916 ]
 [ 0.73195773 -1.55819209]]
[[-16.27371276   5.94035336]
 [  0.52776834 -15.75910097]]
[[  0.3569387   -2.23227737]
 [-10.13742815   0.2665473 ]]
[[-12.13053101   1.62466038]
 [  0.12104918 -11.76466841]]
[[  0.05664508  -8.53235122]
 [-15.0380744    0.20588606]]
[[-13.19961736   8.12208501]
 [  0.66202989 -12.00717189]]
[[  0.08494511  -0.98695284]
 [-14.98871334   0.46624071]]
[[ -9.1873839    0.21682999]
 [  0.65487016 -14.50618516]]
[[-6.46866715  0.04998924]
 [ 0.06376945 -9.92589373]]
[[  3.77224569 -11.2578093 ]
 [-13.77427364   3.1736989 ]]
[[  0.08701503  -7.03189264]
 [-16.60251025   0.21826164]]
[[-19.94285011   0.07698494]
 [  0.16622225  -0.19943883]]
[[-19.99942424   2.98597098]
 [  0.06573247 -14.24877925]]
[[ -1.56828805   0.63903775]
 [  0.48797728 -18.11401997]]
[[  5.263245    -2.71523782]
 [-20.54356004   0.05327112]]
[[-13.82348842  12.12175686]
 [  6.86930828 -24.44435172]]
[[-12.13159785   0.21189774]
 [  0.32840387  -3.2535805 ]]
[[  1.25042893 -11.46289506]
 [ -6.32321322   0.08786928]]
[[  0.0482134  -11.05591341]
 [ -5.28457102   3.45297002]]
[[  0.16167624  -6.015757  ]
 [-22.69478817   0.51228867]]
[[-9.36693165  0.35438406]
 [ 1.54251139 -8.04619487]]
[[  0.25020342 -14.70630755]
 [ -4.44513295   0.07746586]]
[[-22.7698576    2.82277307]
 [  0.33216065 -16.38485257]]
[[-23.02653208   0.52485378]
 [  0.17036645  -4.90979501]]
[[  3.43830157  -3.38620421]
 [-21.69068608   0.20805665]]
[[  0.13098519 -21.92486482]
 [-14.23316409   2.73820839]]
[[  0.49287621  -2.07862972]
 [-10.42423767   0.88759929]]
[[  0.06161238  -4.64159887]
 [-12.54097878   2.07310689]]
[[-4.49681846  1.113033  ]
 [ 0.29811483 -4.57451339]]
