[[0.09640344 1.04217032]]
[[4.9200585  0.25255353]]
[[0.11238949 0.16689942]]
[[6.51570528 1.92824114]]
[[0.32237545 0.46541805]]
[[0.41917952 1.00339438]]
[[ 0.08114359 23.3824967 ]]
[[7.67050625 1.0995231 ]]
[[3.7655109  2.48257046]]
[[7.08132406 0.6857218 ]]
[[3.04005614 4.51803226]]
[[5.99191027 0.3215039 ]]
[[0.81253859 4.1271415 ]]
[[1.25814962 6.35013847]]
[[0.62510014 0.21502801]]
[[1.34426679 0.16187775]]
[[0.17526362 0.60578345]]
[[24.98318518  0.94249193]]
[[3.24765531 2.41197605]]
[[4.20175602 5.75251076]]
[[ 0.50409947 10.47612366]]
[[4.44715607 5.36171882]]
[[20.41858751  2.90869545]]
[[0.13213584 0.15388132]]
[[0.27459343 2.40659734]]
[[0.649731  0.0869239]]
[[ 8.53859232 24.05968533]]
[[1.96011346 0.39756601]]
[[24.55578548  0.24067596]]
[[3.97855975 5.01450508]]
[[0.31243982 0.41390638]]
[[2.31373461 1.58601136]]
[[0.52723289 1.10261278]]
[[0.34132297 0.24541799]]
[[1.10283282 4.749007  ]]
[[7.61767154 0.38912521]]
[[2.85638982 1.02621134]]
[[13.41961949  0.31559173]]
[[0.09261358 0.46584087]]
[[0.04617435 1.64168851]]
[[ 0.22878771 18.45503183]]
[[6.11477287 0.15218197]]
[[18.53585683  1.53712929]]
[[1.71504569 1.21975994]]
[[24.58754512  0.58084017]]
[[0.39819948 7.91588121]]
[[0.07927412 0.31915562]]
[[0.0777882  0.04854063]]
[[0.11495302 0.06669095]]
[[0.24513745 0.16584462]]
[[1.04952454 2.82428164]]
[[0.27601481 0.15817761]]
[[0.57101449 0.30477268]]
[[0.12239023 0.83851966]]
[[0.73307787 0.2209014 ]]
[[ 3.8122647  11.05919515]]
[[1.25160551 3.36317588]]
[[1.84702017 1.3732632 ]]
[[ 0.06722586 21.32609443]]
[[ 5.20971437 19.47534597]]
[[0.30099352 0.61025142]]
[[0.11086933 4.59619432]]
[[8.46246057 0.05667549]]
[[0.42696514 9.96256478]]
[[1.7313013  0.17552436]]
[[ 1.83152121 13.14296589]]
[[0.09393355 3.7813944 ]]
[[0.22988797 0.60424928]]
[[10.19773044  8.8056293 ]]
[[0.28311142 0.37637835]]
[[1.11652855 0.12836126]]
[[0.24002749 0.33726613]]
[[1.77240671 1.20743993]]
[[4.63823571 1.21569468]]
[[0.14783556 1.05306215]]
[[0.22029935 8.42285801]]
[[10.16498156  0.07060277]]
[[0.72359606 1.63860864]]
[[0.04408166 0.44198229]]
[[0.50592632 1.10710157]]
[[ 0.44351966 19.96995504]]
[[0.95343684 2.82418443]]
[[ 1.26354934 21.31212315]]
[[3.21683987 0.07982259]]
[[6.79542054 1.07673512]]
[[6.56602927 0.53923242]]
[[3.54033675 3.62916762]]
[[0.40003533 1.11816738]]
[[ 0.10588903 23.20516006]]
[[0.59981353 0.10405072]]
[[0.1390202  0.65486033]]
[[2.76192169 6.6886441 ]]
[[9.01300817 9.58190354]]
[[7.56771539 0.57658616]]
[[4.19911518 3.60410957]]
[[0.26309696 2.30207781]]
[[10.68065731  5.02193883]]
[[ 0.32074399 19.38675085]]
[[9.33882228 5.89694957]]
[[6.36513495 3.79128678]]
[[9.16433109 1.85709194]]
[[0.27564047 0.24606832]]
[[6.7282926  0.11655324]]
[[0.35596234 0.61953526]]
[[8.9342348  1.61641612]]
[[0.21950374 0.69282283]]
[[0.43215533 0.75666834]]
[[0.80971373 0.74439729]]
[[1.65680471 0.86466691]]
[[1.36438512 4.76779621]]
[[ 0.87405148 16.14029752]]
[[0.0878783  1.00235155]]
[[14.83384714  0.52633193]]
[[8.96084244 1.15083495]]
[[ 2.04340906 16.48290367]]
[[ 0.09300418 12.81518828]]
[[18.97645     0.69324622]]
[[4.82036411 0.68372537]]
[[12.59990382  3.13503042]]
[[0.48912248 0.34274539]]
[[0.63398145 0.08763208]]
[[1.74446392 0.11812335]]
[[13.57494241  1.46692448]]
[[1.7908818 0.0879898]]
[[0.42471918 2.45393254]]
[[1.51819514 0.45254696]]
[[10.03699964 20.53180892]]
[[ 1.16292431 20.27674127]]
[[0.18001218 1.36774454]]
[[0.17839206 0.11831431]]
[[2.82500623 7.59466095]]
[[16.10343613  4.14258414]]
[[0.13935301 0.92249587]]
[[13.36264456  0.55297605]]
[[2.9774966  1.18873813]]
[[2.68003282 0.41422738]]
[[0.59203876 1.93692703]]
[[0.11492304 1.95820373]]
[[20.75874074  2.89600248]]
[[0.70441303 0.24185328]]
[[0.07529517 0.17011203]]
[[4.96780077 6.27753665]]
[[0.40455466 1.01067718]]
[[2.09975652 0.25871586]]
[[0.33458046 0.13604021]]
[[ 0.46022965 14.46465994]]
[[0.11182219 1.64861591]]
[[13.72869212  2.49927935]]
[[3.31833372 1.6525943 ]]
[[0.34641748 1.53998631]]
[[0.08931649 0.14134728]]
[[ 2.28387116 10.10679781]]
[[18.13645562 19.29180968]]
[[ 2.57402251 10.50155062]]
[[0.21812092 0.10541541]]
[[0.10682946 2.17733432]]
[[8.3791923  0.11179304]]
[[ 2.6639649  14.61575208]]
[[2.24743091 0.79346073]]
[[17.54176784 19.8759782 ]]
[[21.42457281  6.96440268]]
[[2.41688798 1.2297797 ]]
[[3.40738939 5.90797219]]
[[1.21448398 6.76681041]]
[[ 2.59811473 18.88916303]]
[[ 2.25146615 18.10929252]]
[[0.36385018 6.47792084]]
[[10.57116113  0.16912711]]
[[0.43065522 4.84248589]]
[[21.17037665  1.91576581]]
[[19.72198391  7.52091507]]
[[1.01477701 0.19505211]]
[[6.62502823 0.30590904]]
[[6.31135232 1.20038007]]
[[ 0.79904454 16.42420372]]
[[0.09219932 4.23011251]]
[[4.43834837 1.8319479 ]]
[[ 0.27656501 19.85193079]]
[[2.92757704 7.3884539 ]]
[[0.05479033 3.7049278 ]]
[[0.13510629 4.05850677]]
[[6.89921575 1.03666777]]
[[0.26381161 2.16618671]]
[[0.76978022 7.77891337]]
[[0.43987582 0.744857  ]]
[[0.76216077 3.39297671]]
[[0.6249505  0.12712964]]
[[0.24009935 2.58637016]]
[[11.8200938  15.83357189]]
[[1.30352404 0.71339368]]
[[1.36653286 8.19253666]]
[[0.45613065 0.29386495]]
[[0.07288778 0.04601833]]
[[4.08249532 0.67652148]]
[[ 0.18936555 19.15652414]]
[[0.29614915 1.36471143]]
[[0.33541839 8.05814399]]
[[0.06321734 9.74560343]]
[[4.19621652 2.8504708 ]]
[[19.58679994  6.89205024]]
[[8.80628399 6.27966347]]
[[10.58839974  8.34556837]]
[[0.48449521 3.24675846]]
[[2.22736483 2.17574879]]
[[0.50783039 0.0674608 ]]
[[ 1.08668707 12.72801176]]
[[7.32795099 0.49953388]]
[[3.59568988 0.20016529]]
[[0.08195799 2.5775883 ]]
[[0.95489358 0.06112982]]
[[0.0775822  2.06122567]]
[[0.32138546 1.32043027]]
[[0.09715342 3.69441833]]
[[0.28131521 1.17307651]]
[[1.70375057 0.72908616]]
[[0.13542543 7.87127678]]
[[0.05267472 0.41556132]]
[[ 1.45885321 10.57269445]]
[[6.93844699 0.37042883]]
[[0.73024679 9.27868634]]
[[0.14666777 0.09594339]]
[[9.16241868 3.24107344]]
[[ 5.61127655 20.64330017]]
[[1.43991208 0.24967627]]
[[10.94797421  8.3603734 ]]
[[ 5.09527392 17.53768038]]
[[0.23989388 0.74679541]]
[[5.693223   0.18834142]]
[[4.14804909 2.19341936]]
[[1.02823918 4.14635866]]
[[9.27520439 1.76457545]]
[[1.93584906 0.51222992]]
[[ 4.87471527 11.33073532]]
[[0.23605355 5.21438749]]
[[0.79027789 0.27091412]]
[[22.16754617 16.35992431]]
[[9.84537134 2.81489162]]
[[18.01737826 10.38745204]]
[[0.36773474 7.21285259]]
[[9.14547409 0.17110357]]
[[17.46340602  7.50653354]]
[[1.26973772 3.38578121]]
[[1.88699897 6.48094271]]
[[2.9838898  7.87978206]]
[[3.94697184 3.89304964]]
[[1.68236938 8.04849052]]
[[21.60476283  0.33702194]]
[[2.51702963 0.70904157]]
[[0.6591987  6.66448444]]
[[0.41178947 0.24363998]]
[[0.34068329 8.34603978]]
[[8.04594243 1.27095093]]
[[0.76118233 0.23147708]]
[[0.19095962 0.09400364]]
[[1.08844135 0.35525364]]
[[1.12408212 5.6064903 ]]
[[ 4.74702006 20.09541535]]
[[8.19297125 2.37116977]]
[[1.37038693 0.37225282]]
[[ 0.6140483  20.84223289]]
[[0.08519273 0.17630481]]
[[8.61225581 0.46195514]]
[[0.42790009 7.67743967]]
[[ 0.2196935  11.59494882]]
[[6.61274908 7.57109038]]
[[7.34862445 0.16236357]]
[[10.30866504  2.30105625]]
[[1.45364551 1.1505896 ]]
[[0.07130379 0.50073958]]
[[ 0.18289629 12.81627321]]
[[5.2086102  2.51067155]]
[[ 1.03645841 24.98580308]]
[[3.09764181 0.16170062]]
[[1.18092678 1.76230637]]
[[2.71612019 0.35274277]]
[[7.56192753 4.98768296]]
[[0.74647859 0.59820919]]
[[0.90889579 2.59043725]]
[[1.49523675 0.59709763]]
[[9.51481583 0.22608788]]
[[0.53926141 6.38512362]]
[[4.40478262 0.08910402]]
[[17.87849492  0.32463794]]
[[ 1.60171523 10.40133354]]
[[6.90814241 4.5754436 ]]
[[9.11420671 0.22587021]]
[[1.66954836 1.13183863]]
[[2.72461479 0.16290452]]
[[ 3.29222058 10.15056652]]
[[0.18030365 0.20347304]]
[[4.04693532 0.30858812]]
[[ 3.01055441 11.99269808]]
[[20.47756007  2.73031614]]
[[5.05089672 1.75143678]]
[[0.14549353 1.04452201]]
[[ 0.8521808  21.39367718]]
[[ 2.35597007 16.11392463]]
[[0.28418306 5.33674595]]
[[1.67275869 0.31505238]]
[[12.68639697  0.28019836]]
[[0.26141515 1.09294023]]
[[1.74595941 6.86327324]]
[[ 9.63230583 20.5403181 ]]
[[0.15743155 0.65960123]]
[[ 0.36957682 11.66746217]]
[[1.07093016 5.40798088]]
[[11.44347127  0.37147626]]
[[15.47357052  0.4816786 ]]
[[12.82961899  3.27437729]]
[[0.08886582 0.47000933]]
[[ 0.24263895 13.81328593]]
[[1.57772834 3.45333511]]
[[12.24664135 11.21331301]]
[[0.08572224 0.19061723]]
[[6.34544627 5.03096788]]
[[2.63616029 0.53281411]]
[[12.90348885  1.2403165 ]]
[[0.19996276 0.47942729]]
[[0.05231291 5.92187475]]
[[13.10058246 22.53643583]]
[[7.22063279 1.05397279]]
[[13.3686758  15.10554627]]
[[0.12036878 0.11350151]]
[[0.28011183 1.59375104]]
[[14.34086484  7.49540731]]
[[15.66896882  0.2373372 ]]
[[ 6.01542219 13.62007085]]
[[8.2910114  0.86768968]]
[[1.46573457 0.30957553]]
[[1.78845274 0.60804335]]
[[0.18471809 0.4807374 ]]
[[8.82042534 0.3871449 ]]
[[6.2782851  0.25505669]]
[[17.65372299 11.85058405]]
[[0.12693196 0.18321501]]
[[6.81729034 6.61284227]]
[[0.13984753 2.22672786]]
[[0.15728487 0.23902124]]
[[0.11110662 7.90393819]]
[[6.18868644 1.91788214]]
[[1.43117191 0.87584645]]
[[ 0.23564208 11.46277295]]
[[ 3.5378602  20.57356869]]
[[0.15112975 0.30631131]]
[[0.23516115 6.12452704]]
[[0.56975947 4.48077422]]
[[0.05257559 3.47192805]]
[[13.56116069  0.82790032]]
[[0.46212251 2.57712598]]
[[0.11934125 0.18405232]]
[[0.13314085 0.17890697]]
[[1.86786922 4.63996975]]
[[5.61547846 7.30688503]]
[[0.21732861 1.90160974]]
[[1.4551426  0.37296721]]
[[4.26195284 1.36506328]]
[[ 0.40890003 11.59969139]]
[[ 4.46742079 16.02582817]]
[[ 5.61902497 12.13165486]]
[[0.93428161 4.90549834]]
[[0.70561379 0.37631033]]
[[9.57763455 0.28104849]]
[[2.09341038 0.40731283]]
[[18.93525435  0.54233895]]
[[0.19541728 1.42299953]]
[[4.34870658 3.18147751]]
[[0.13918341 0.22321606]]
[[0.49302334 9.06198371]]
[[22.2911294   3.92260009]]
[[0.7813771  3.35475234]]
[[12.08545821  1.09289085]]
[[ 0.38822442 15.88607824]]
[[1.81811659 0.15179133]]
[[11.85798132  1.91641328]]
[[1.41643375 0.18976718]]
[[6.02793482 1.48375114]]
[[0.75729503 1.61979846]]
[[3.33434206 0.11164094]]
[[8.96762912 0.72398722]]
[[2.19201771 5.1519253 ]]
[[15.76868547  1.83513591]]
[[0.37010055 0.17538679]]
[[3.06662115 9.09790326]]
[[ 2.25107018 15.15936553]]
[[0.11655116 0.12747406]]
[[ 5.06127891 16.09542016]]
[[ 1.33967751 10.0649713 ]]
[[1.42728798 3.63307598]]
[[1.94945852 0.182961  ]]
[[2.88575388 3.88299657]]
[[8.29641407 0.62328114]]
[[19.38876562  4.86166413]]
[[1.64871288 0.12876068]]
[[12.30482116  2.2602028 ]]
[[1.60577141 4.93777081]]
[[16.1862274  21.99805309]]
[[0.28985352 0.32928732]]
[[11.74103765  4.74139783]]
[[ 6.50578613 13.34586355]]
[[16.67264575  0.33547414]]
[[2.14641848 1.6989718 ]]
[[ 0.19550692 19.852723  ]]
[[0.15602711 0.08640196]]
[[3.33808981 5.02814486]]
[[ 0.8547379  11.81379724]]
[[22.74060493  0.30625296]]
[[6.39088679 2.1229673 ]]
[[0.70171807 2.84275397]]
[[ 4.22079535 13.73148458]]
[[3.27833267 0.36062172]]
[[5.87829377 1.9664611 ]]
[[0.29928259 4.8087614 ]]
[[7.65645747 0.36627394]]
[[2.1585056  1.18292849]]
[[16.91929101  0.4964753 ]]
[[3.47544157 0.91025947]]
