1.43306974  0.91655046
2.45732723 -6.21037395
-6.0749208   2.32422914
-3.95686677 -4.27327251
0.98113914 -9.68857837
-9.64149256  0.91319469
-3.0524382  -4.89844735
-9.62970633  0.87982847
0.97889029 -9.66559664
2.32893502 -6.10701807
0.86561301  1.49547901
-6.39226855  2.56324293
-6.21063064  2.52843976
-0.00763662  2.57377041
2.19098755 -5.96932211
-9.61363449  0.88300279
1.01892001 -9.71483347
-4.05723862 -4.32369228
2.68933695 -6.47297479
-5.69133967  1.98883635
2.83639366 -0.16067387
-6.37217999  2.65276176
-0.58075636  3.40372157
1.88609718 -5.51027847
2.23570655  0.24142115
-5.92643866  2.18892102
2.44921191 -6.09847065
-9.64928557  0.9041496 
0.9258338  -9.55523789
-2.33960187 -5.9556704 
0.17090868  2.34652806
-6.30095602  2.56738237
2.23502616 -6.04042941
-0.78792086  3.74707016
-6.42186665  2.69734207
1.64274422 -5.14117085
2.62831129 -6.30395068
3.75403666 -0.83209414
-5.26958094  1.7534218 
-0.13893268  2.78881158
-6.45261035  2.67157201
2.1043098  -5.87085254
-4.23258769  0.99303188
2.47387508 -5.93569317
3.4866047  -0.54137849
1.00478488 -9.68917615
-4.10890974 -4.66747754
-9.67498755  0.96882006
-9.50011671  0.72037855
-3.09785926 -5.46294513
0.95603978 -9.59568435
2.04972748 -5.76764764
-6.47219941  2.67246501
0.16079404  2.40283943
2.62096071 -6.40391231
-5.94840082  2.17776575
2.21997576  0.28222741
-9.64832305  0.91561786
0.30081869 -8.73900582
-0.5031254  -8.00000447
1.81517273  0.58544984
2.51772232 -6.27421835
-6.17289881  2.34837161
-6.67422323 -1.87314195
-9.32226851  0.73282357
1.00682963 -9.72615961
-9.69877997  1.02475262
0.85574091 -9.60623736
-4.98960671 -3.35384984
-4.72023936 -3.84579881
0.98563394 -9.69395713
-9.63189694  0.93786984
2.53645482 -6.09686152
-4.81496808  1.56752937
4.48331286 -1.38778077
0.96023314 -9.68309258
-4.00104296 -3.65463971
-9.62199068  0.88978683
-8.8273276   0.42498817
-8.15917693 -0.13374128
0.8364254  -9.60788086
2.26364598 -5.60633591
4.77338907 -1.71923222
-4.52920977  1.56196958
2.36115726  0.20433347
2.57936946 -6.28332405
-5.50472247  1.8902597 
1.26526312  1.07321724
2.39909282 -6.14064936
-6.14212731  2.38256741
0.82369837 -3.80122478
-1.47728377  4.76859283
-6.11511697  2.60024853
-5.54095004  1.876848  
3.25728782 -0.44228233
2.75538655 -6.569126  
-1.1605376   4.15959746
-5.96968638  2.46536613
1.49372061 -4.73721901
1.2140936   1.12261295
-6.32302007  2.48381968
2.48327458 -6.30816124
-8.36254362  3.09592839
2.37846061 -8.33465662
-0.25561612  2.931382  
1.4382267  -4.7347457 
-1.08082622  4.12146758
-6.14467135  2.56511025
2.09999626 -5.7954708 
0.2011095   2.30314772
-6.14528078  2.48605169
3.35590612 -0.56245724
2.59969318 -6.27907197
-5.55022438  1.92230887
-5.82222555  2.08876037
2.64009431 -6.41572864
2.40860585  0.14647673
2.57381274 -6.22360846
3.33555889 -0.54360439
-5.39124306  1.82527387
-3.12761223 -5.19506152
-9.6866058   0.95397978
0.97740815 -9.65256664
0.33570867 -8.78229466
-9.60523533  0.85730198
-0.48401911 -7.95267832
1.98832164  0.44921229
2.4723027  -6.15075594
-5.83238035  2.13837376
-6.34387573  2.65471069
1.73344713 -5.21485215
-1.02341852  4.02333772
0.98991935 -9.62856066
-9.62331297  0.86957917
-2.51022988 -5.68662263
1.02659225 -9.72818716
-4.33608336 -4.19841569
-9.65175988  0.94006006
0.30975712  2.17284333
2.24450779 -6.04828168
-6.35823371  2.59034355
-5.31745273  1.75011601
2.44991843  0.16924516
2.60332584 -6.30376153
-6.07160509  2.37870562
0.88114944  1.46842576
2.33113661 -6.07701326
-8.31597324  3.03918837
0.298572    2.16855319
2.58181967 -8.2563239 
-2.90540607 -5.14457954
0.83832531 -9.54631695
-9.71564464  0.99202466
0.98471315  1.36235637
2.28733376 -6.00611772
-6.23585093  2.46967266
2.2056587   0.28531316
2.53928554 -6.25042411
-5.84680893  2.12691308
2.53571292 -6.28734506
1.91192511  0.50953154
-6.0663441   2.27703934
-8.40703305e+00 -4.27499891e-03
9.16669317e-01 -9.66520124e+00
-8.54366266e+00  1.81156383e-01
-5.0456084   1.54360529
3.38042067 -0.48544241
2.69346276 -6.41368495
4.78730166 -1.53645155
2.59672069 -6.15800787
-4.30979408  1.21844514
2.36781673 -6.14470077
-6.25252713  2.47277071
0.96958984  1.37370941
0.90352273 -9.63301308
-6.52910467 -1.81326644
-9.27938632  0.63548613
2.76976221 -6.66090543
-6.03525151  2.19707723
2.53529888  0.0561154 
-9.23900326  0.68234784
-6.99766628 -1.3977472 
0.91802937 -9.65177723
0.92240422 -9.59503559
-9.72935727  0.98762107
-1.79010214 -5.51695424
-9.18266094  2.41380208
1.13079551  1.05351415
2.58353933 -9.31163937
1.23060601  1.1075235 
2.47698028 -6.29138451
-6.28175203  2.45930055
-9.64396074  0.93407121
-4.23510332 -3.97703476
0.8822335  -9.61086292
0.30673983 -8.78052533
-9.65917534  0.91960618
-0.4160556  -7.96580477
-9.68798793  0.95520739
-1.28979759 -7.16647454
0.7222132  -9.24112148
3.38610673 -0.56908238
2.66316301 -6.39289355
-5.52295085  1.89345714
-9.41749638  0.73784844
-5.98898382 -1.93408027
0.88084565 -9.62468214
-5.62027086  1.98033654
3.43357459 -0.63809047
2.5632543  -6.21490424
0.77611883  1.57958593
2.36236242 -6.11300552
-5.83871726  2.24183914
2.46279352 -6.21152938
-6.15859035  2.36437952
1.54057699  0.81928653
-6.19739755  2.53485336
2.10720993 -5.83601471
-0.23930434  2.88262338
2.61486028 -0.02655499
-5.73096361  2.04231995
2.54046693 -6.21597526
-6.16981473  2.40716872
2.46381338 -6.28126846
1.09991728  1.23990607
-0.98697263  3.94070246
-6.32234328  2.63523239
1.87200374 -5.42496592
-6.37904838  2.66120564
1.86333958 -5.46635203
-0.72627501  3.6081746 
2.53858002 -6.31517143
-5.85761787  2.1714778 
1.57761031  0.80385786
-6.11351278  2.52698768
-1.2343961   4.23053625
1.83488143 -5.26318471
2.63172507 -6.38155837
-5.84861173  2.09865002
2.72055706 -0.09591981
1.89170904 -5.50757797
-0.44491974  3.20120091
-6.2705659   2.5934902 
0.02093064  2.57393629
-6.90605373  2.86895686
2.50132652 -6.66887147
-6.38810202  2.66827968
1.82494973 -5.40541317
-0.74244086  3.63636271
-9.68189239  0.96226566
-3.28604409 -5.33973904
0.97833911 -9.63459751
-6.51906449  2.72703175
-0.43025143  3.22284936
1.9004305  -5.564837  
0.39014194  2.0595799 
2.25127937 -6.03627309
-6.25891868  2.52960134
-6.52880406 -1.80967027
0.94872831 -9.68142393
-9.38984819  0.78796219
-5.35172499  1.77450683
2.61114484 -6.2984794 
2.99119584 -0.2579988 
1.67933493 -5.2055906 
-6.20028969  2.5529282 
0.1524858   2.47398411
0.67997153 -9.17938382
-9.67993239  0.93887974
-0.96868404 -7.39475462
-5.53841848  1.93065964
2.63814566 -6.33504379
3.8346192  -0.90936868
0.92764851 -9.63107745
-3.47852145 -4.71308298
-9.66637025  0.93700301
3.30710052 -0.51508256
2.705844   -6.48644791
-5.74121114  2.02162549
-8.16595799 -0.21925913
0.92951398 -9.66618203
-8.66860701  0.24112913
2.62006669 -6.22521474
3.81349568 -0.77394667
-4.50499774  1.18863596
-6.16469818  2.51174969
1.97833487 -5.62026662
0.07213672  2.4914817 
-6.09280182  2.25451428
2.63560833 -0.0506954 
2.59764428 -6.3372633 
2.41956394 -5.92952052
3.86028256 -0.99008387
-5.1694248   1.77270824
1.58621519  0.77486002
-5.96302954  2.25584083
2.37392218 -6.03789485
2.0711134  -5.79748586
-0.21949752  2.87945772
-6.29652343  2.59135373
-9.71076868  1.00241773
0.77051355 -9.51990914
-3.63111133 -4.5512973 
-0.16249832 -8.17254485
0.26147744 -8.70816654
-9.70952382  0.97100516
0.25359214  2.24727112
2.20875238 -5.99730827
-6.38475292  2.61028677
0.78504715 -9.49404884
-5.49224821 -3.68369103
-9.47170171  0.85203031
-5.84452037  2.13540378
2.4580589  -6.10105531
2.29283223  0.20201857
-9.2197884   2.72108065
0.28817672  2.03147472
2.23730152 -9.25139747
-6.21398312  2.52368961
0.17319889  2.34328615
2.14201729 -5.87596012
-5.90947844  2.13854158
2.43657984  0.12176774
2.67290204 -6.47975079
0.76590266 -9.55012382
-9.36961668  0.85617454
-7.03097141 -1.3025157 
2.29847538 -6.09985647
-6.24726647  2.51255356
0.49938597  1.92190391
-5.87080429  2.32562308
0.0952587   2.39856903
2.13416455 -5.80688799
0.17794161  2.34678263
-6.31226992  2.57818335
2.14827843 -5.89953322
2.52014014 -6.30252713
-6.03508639  2.2856089 
1.54353978  0.822546  
2.64423413 -6.40742693
-5.75319876  2.03936989
2.57936169  0.02097154
-6.06113522  2.25513409
2.11328507  0.3558621 
2.5939428  -6.37107012
-6.28060223  2.47403597
1.09813543  1.24051089
2.42494756 -6.2226102 
2.56243785 -6.10983847
-4.39862822  1.15106095
3.95981985 -0.90391013
0.11095421  2.53155879
1.82701349 -5.45413478
-6.52297526  2.71741617
-0.20334264  2.87218359
2.06062605 -5.79368619
-6.38584552  2.63997235
3.30910102 -0.55292093
-5.50849511  1.9179379 
2.51066287 -6.11995578
1.66242951 -5.15938522
-6.24999981  2.59959423
-0.5999723   3.45839752
0.90912305 -9.64329355
-9.67343626  0.95297733
-3.97243803 -3.73616151
-9.36246936  0.70346418
1.00350674 -9.71516935
-6.18986266 -2.34000624
0.91977926 -9.65719993
-9.56265419  0.94275421
-5.97039015 -2.4825274 
-9.63689193  0.87885682
-0.86979059 -7.37554136
0.72565317 -9.22701586
2.27627947 -6.07366868
-6.35084288  2.57200186
0.49961734  1.92768531
1.9112697  -5.57301709
-0.36920849  3.12785104
-6.44993868  2.68776876
-0.03559229  2.6527265 
-6.43594369  2.66047592
2.06585796 -5.80130454
0.97400594 -9.71424886
-8.55118208  0.1218341 
-8.37832751  0.02533628
2.35568293 -5.85231656
-5.58370787  2.02774033
3.61005222 -0.83776869
2.09125427 -5.81449979
0.13966299  2.40540771
-6.33255087  2.59477412
-5.233806    1.77225313
3.85514276 -0.94443593
2.53362915 -6.13032389
-6.40773365  2.65701436
-0.18591641  2.87087188
1.95786122 -5.63863017
0.98278673 -9.70356367
-4.92815753 -3.50802375
-9.6436521   0.95257289
1.62463424 -4.940708  
-6.07516012  2.51696689
-1.20740766  4.2211458 
-0.56528766  3.34963083
-6.23175553  2.57408342
1.91160817 -5.52188596
0.90336003 -9.59485966
-4.33933469 -4.49631364
-9.5408426   0.82131422
-3.44527748 -4.20500071
-9.70152559  0.98680989
0.80528698 -9.55280914
-2.95244273  6.07869842
-3.54932151  7.27132344
-1.52627858  0.43910657
-9.74100046e+00  1.01545165e+00
-3.68928613e-03 -8.44345512e+00
8.33722962e-03 -8.40400731e+00
2.62208161 -0.02527179
2.71162619 -6.55640615
-6.1779708   2.28190831
4.36096604 -1.28302124
-4.72445719  1.48302122
2.53601179 -6.0899291 
2.28601439  0.23600721
-5.7176978   2.03786824
2.56561751 -6.28175491
0.97476968 -9.70127235
-7.53192308 -0.89878511
-9.06533957  0.57828808
-5.42432755  1.84567349
2.56156778  0.03822483
2.51279361 -6.14637362
0.91083826 -9.6555189 
-9.6796342   1.00032045
-5.06693238 -2.99904211
2.5805626  -6.38827862
1.7273657   0.66914546
-6.04753224  2.27313938
1.77116188 -5.32313991
-0.80921925  3.743814  
-6.43573904  2.69789494
1.02693478 -9.7346381 
-7.80286671 -0.74650669
-8.74228246  0.21153971
2.43734881 -6.04486012
1.81392984  0.64599051
-5.2768901   1.7749451 
2.64577324 -6.41642969
-5.69778793  2.00653812
2.42341471  0.14917883
1.81179272 -5.34217868
-6.29756333  2.62281207
-0.89363711  3.81880368
3.27186609 -0.44638673
2.72991511 -6.51316019
-5.42100567  1.80161105
0.8558737  -9.54047916
-3.64928687 -5.15215965
-9.68163464  0.98127099
-6.39157588  2.62712823
0.24447007  2.29292091
2.01623011 -5.69928456
1.09275382  1.24545661
2.50215108 -6.36437331
-6.34312496  2.50499673
1.04994133 -4.13000979
-6.12817844  2.5891387 
-1.39173916  4.62191706
1.00377191 -9.71105829
-4.02032688 -4.11459872
-9.63932839  0.91174244
1.33374946 -4.57844168
-6.21076265  2.61047004
-1.21250688  4.34164043
2.8575327  -0.19626035
2.60470649 -6.31811508
-5.72898485  2.02618921
1.014357   -9.7324762 
-8.74978307  0.24188822
-7.91339967 -0.51055266
0.99233999 -9.72503278
-9.33724231  0.75535836
-6.81000559 -1.46526271
-5.24060746  2.02717976
1.61394499 -4.45155801
-1.77738267  4.72004917
0.76906182 -9.38850664
-9.72248223  1.00173233
-2.04203855 -6.40159667
-0.97891187  4.03918729
1.45869412 -4.84214723
-6.36267308  2.67999668
1.94442296  1.89819055
-3.82510791  7.88846352
-2.50284461  0.4258922 
2.53325072 -6.21054198
2.43403674  0.11695985
-5.67718379  2.01250336
1.02374443 -9.7450848 
-9.58887165  0.92727393
-5.56200379 -2.85932701
1.96406442 -5.64410707
-0.43056883  3.19352116
-6.40489546  2.66261863
2.61741254 -6.30205429
3.72439065 -0.84090208
-5.55963757  1.94726824
-6.34418895  2.66029537
-0.85411197  3.83327234
1.58466284 -5.03284415
0.49128196  1.93007522
2.23469128 -5.98659836
-6.18361388  2.48115832
-9.35369449  0.71941634
0.785097   -9.54472444
-6.31888872 -1.91047088
-6.41924119  2.66845476
1.95297935 -5.6309753 
-0.3463242   3.08464473
2.63396509 -6.31592363
3.36585864 -0.51859821
-5.18002412  1.66119966
2.40647022  0.13740073
2.61528043 -6.37598442
-5.91274274  2.14896183
0.90676841 -9.63257124
-9.50960396  0.77423337
-4.69396765 -3.09754647
2.68117979 -6.42712993
3.3544467  -0.5382265 
-5.52828206  1.88982956
1.81202634 -5.22949207
-6.03181785  2.47949258
-1.12283721  4.0589902 
2.07452272  0.39565485
-5.91490021  2.16708143
2.60316208 -6.38235245
1.56576837 -4.903565  
-1.23073287  4.31999836
-6.25454501  2.61972964
-3.60981573 -3.39420848
-9.66537473  0.94003714
0.89413223 -9.63462995
2.60975029 -0.03394133
-6.05651396  2.23763746
2.55685595 -6.26239132
-4.78324958  1.59804577
2.45683804 -5.95414377
4.5640204  -1.48595858
-9.66550782  0.94715146
-4.30771373 -3.59468436
0.99341485 -9.7187122 
-9.72414962  0.99758689
0.58519156 -9.09752546
-1.00834037 -7.42619897
-1.35497685  4.36601791
1.61663626 -4.83274357
-5.89939875  2.42096911
1.93795243 -5.60354137
-0.36665617  3.11026879
-6.40191289  2.66041095
-5.82615866  2.23282227
0.94562867  1.3939701 
2.24812162 -5.89800603
0.77633906 -9.50828585
-9.59740312  0.86102434
-2.96235185 -4.66054349
1.60343495 -4.26674264
-5.06972424  1.9338258 
-2.04077534  5.03381907
2.57093591  0.01123331
2.62496553 -6.3834983 
-5.94800296  2.16346083
-0.03436333  2.62822118
2.07407689 -5.78940992
-6.25923874  2.56308747
2.29719653 -6.0205091 
1.02388755  1.32254287
-6.27791726  2.48951278
3.86362786 -0.85576666
2.64510548 -6.30173971
-4.85635573  1.45996656
1.30898606  1.04407496
-5.89141718  2.21603549
2.51821987 -6.31751694
2.45853576 -6.30479066
0.95457921  1.39133489
-6.27875075  2.48314805
2.53849263 -5.91572889
-3.13045878  0.57351863
5.5632711  -2.09513126
2.63836515 -6.34505219
3.57925689 -0.72625662
-5.58244904  1.94664397
-4.72549673  1.60252416
4.71253994 -1.61219717
2.41774494 -5.88009596
3.1754535  -0.40149525
-5.66206274  1.96198702
2.72653657 -6.52534769
-6.30753936  2.46129324
1.3420085   1.003311  
2.51512083 -6.34327234
-6.48036212  2.72720693
-1.06103979  4.0993685 
1.75744518 -5.27242697
1.4347554   0.91978654
-6.18921453  2.38213589
2.55279201 -6.38780248
-1.06411779  3.94968824
-5.89693741  2.4021756 
1.7725063  -5.14374993
3.13454876 -0.39690094
-5.72578203  2.01945565
2.63576966 -6.36225772
0.03614734  2.53873982
2.08634958 -5.81224024
-6.32467264  2.59541033
1.9694327  -5.6371368 
-0.20470801  2.87388399
-6.30104436  2.59870878
-6.46683694  2.67883672
0.02756826  2.58916953
1.99289273 -5.6904799 
3.5473358  -0.69620375
-5.14124975  1.68095555
2.52977882 -6.1226863 
-5.66845663  1.97329867
2.7031804  -6.4764863 
3.32705352 -0.52234454
-5.90529413  2.38735442
-0.54039919  3.2500821 
1.88076196 -5.40073356
-0.43553151 -7.95148738
0.43920004 -8.87650593
-9.6794931   0.93845283
-5.95084168  2.39024877
-0.2252885   2.82348436
2.11684973 -5.80334912
-8.57193512  2.77569959
1.26135258  1.03633515
2.86488072 -8.61411635
-9.60306436  0.85488216
0.94557358 -9.61071304
-3.09511257 -5.31933862
-6.40033526  2.62947622
2.13000609 -5.88681227
0.14173969  2.40860263
-9.62324725  0.91833241
0.97727138 -9.70395133
-4.80014277 -3.17549136
-0.53602674 -7.94013463
-9.68647664  0.95762164
0.40254428 -8.835421  
0.90666864 -9.64240762
-9.3766358   0.79921268
-6.60853956 -1.84316849
2.0701596  -5.73595777
-6.0215109   2.42374624
0.04564036  2.48824032
2.30149923 -6.0389278 
0.83307586  1.52387119
-6.1036754   2.40393709
-6.93729543  2.52553754
2.53549326  0.06244436
2.97743749 -7.21162904
4.48038047 -1.47425071
2.37260894 -5.82684618
-4.98989206  1.75895318
2.04513332 -5.76109067
-0.01756314  2.62581438
-6.38552925  2.6335979 
-6.0224209   2.5235849 
1.24996213 -4.27726349
-1.62141462  4.85094549
1.73003912 -5.05607013
-5.90601321  2.41269421
-1.16778371  4.09652512
-6.39577684  2.60883869
2.2264874  -6.01667094
0.36260192  2.11051658
-5.33177384  1.80787999
2.47966021 -6.12772788
1.78934083  0.66860883
-9.55419571  0.78822146
-2.18965292 -6.26592884
0.92931549 -9.51076692
2.08828817 -5.82176449
-0.22950464  2.88788735
-6.27884749  2.58095632
1.80772894 -5.21941653
-6.12051601  2.53278137
-1.25441324  4.26537788
-9.6126534   0.88148969
0.91819737 -9.64765187
-4.06840661 -3.6292541 
-9.74985974  1.03719508
-2.61368569 -5.67974997
0.70481013 -9.42011691
-6.19218071  2.35925581
2.55254249 -6.34533828
1.74285096  0.65173146
0.87649752  1.47687932
2.4214158  -6.25641944
-6.32742504  2.51951617
-9.50239525  0.87982159
1.00535444 -9.73795615
-6.23923198 -1.97338273
2.26190119  0.2394787 
2.58713752 -6.34793994
-6.12848407  2.28671239
-6.53490379  2.75232339
-0.75334782  3.69941736
1.71920638 -5.27270465
-1.00158498 -7.56775093
-9.50032407  0.73951974
0.47219286 -8.93906899
-5.64162229  2.04182321
2.345181   -5.92556426
1.90378019  0.51209488
0.99892483 -9.71788746
-5.45169679 -3.21506851
-9.64913202  0.99761369
0.44097959 -8.88198715
-9.58704237  0.81256907
-0.27021215 -8.00309785
-6.1125636   2.42803364
2.36517955 -6.18942602
0.53790523  1.8621069 
-9.5971791   0.85278057
0.25480117 -8.73822365
-0.51634164 -7.92162476
1.89045594 -5.51793274
-0.8811965   3.84201414
-6.52748092  2.74269449
-5.78019066  2.04179892
2.71628296 -6.5270905 
2.86727525 -0.18679853
-4.8425533   1.43035195
3.7333414  -0.74558402
2.65719739 -6.3242076 
0.94067306 -9.54251235
-2.7549455  -6.04447053
-9.73623685  1.02628086
-5.48540668  1.90236796
3.51968199 -0.69838288
2.55433748 -6.18950015
-9.53931076  0.83904231
-5.02819605 -2.84126819
0.81133293 -9.56671407
1.98898724 -5.6985427 
-6.49203044  2.70912533
-0.45756977  3.24097979
-8.97315413  0.51573733
-7.72653737 -0.71099665
0.88347258 -9.6277239 
-9.60495152  0.95647257
0.95459964 -9.69278626
-5.6945999  -2.50274806
2.61011794 -6.35185058
2.66650608 -0.06676808
-5.97759639  2.18191376
0.92822885 -9.67059292
-6.63106117 -1.49288818
-9.38071928  0.77721336
-2.36549281 -6.26268797
0.964772   -9.54464754
-9.59797945  0.84623668
7.46289175 -3.62881688
1.43975513  2.65102011
0.74291792 -3.48497491
-6.47120163  2.69233417
2.07486006 -5.83020639
-0.40202515  3.14758219
-0.55863241  3.41863041
-6.25273536  2.60353622
1.6112994  -5.09390471
-6.07394137 -1.92248958
-9.49718514  0.85281194
0.93633307 -9.67796313
-5.7327084   2.05138568
2.59477066 -6.35098699
2.0951753   0.39194601
-6.17712619  2.38840288
1.73671996  0.63771136
2.25391049 -5.84354908
-6.22980761  2.4925456 
0.69953641  1.68615806
2.23507829 -5.96483233
0.54031259 -9.01114174
-9.72519399  0.99612375
-0.74331561 -7.69030693
0.9615233  -9.69579471
-6.82464799 -1.61135669
-9.40071866  0.85742347
1.46514666 -4.94228559
-0.61429218  3.58760914
-6.50542324  2.74919076
-6.92559364  2.73895431
2.69726517 -6.77649803
1.4851386   0.87750163
-5.89804086  2.1827272 
1.83705318  0.57569031
2.50703693 -6.23236683
-9.71028522  0.98486573
0.87117509 -9.56494836
-2.96537128 -5.25761571
0.09308422  2.4604855 
2.19333749 -5.98927951
-6.36841161  2.61114017
1.91097381  0.50607295
2.55137089 -6.32407756
-6.21914883  2.36506467
-5.60859155  1.93730994
3.29077528 -0.49365163
2.6993666  -6.46779856
0.94140123 -9.68170347
-5.65261195 -2.65514159
-9.6294106   0.98004615
2.51653014 -6.11235632
3.07332762 -0.33081561
-5.17552707  1.67824284
-0.58847657  3.41676783
-6.14824208  2.54239125
1.67307587 -5.15217394
2.5962194  -6.30266583
3.03570036 -0.33956042
-5.88478355  2.12427322
-4.20362483 -4.04327392
0.93815127 -9.66004555
-9.6944384   0.98447318
-6.02864948  2.26566059
1.6628308   0.72628584
2.58723706 -6.40712768
-5.04363401  1.61987211
2.67581071 -6.36941297
4.13539766 -1.08240474
-9.63095606  0.9086532 
-3.96206916 -3.96135168
0.84687739 -9.5862352 
0.9745712  -9.70480063
-6.34527342 -1.92685438
-9.42182692  0.7952268 
1.79667255 -5.37284604
-0.8095697   3.7508398 
-6.49497289  2.72821141
0.98965037 -9.71218582
-9.63632434  0.90143431
-3.61100687 -3.20076256
1.60484303  0.75952003
2.39612209 -6.09243664
-6.20913586  2.39615287
-9.05303656  0.54440875
-7.59373907 -0.70998617
0.97943535 -9.71487961
-6.26999875  2.66538412
-1.33548625  4.59488479
1.01189465 -4.13968715
-5.71866024  1.99883865
3.21660937 -0.43723378
2.73513856 -6.543123  
2.38919878 -6.17423413
0.99649241  1.34636946
-6.23157496  2.45770235
0.96204949 -9.67579055
-6.89312419 -1.60617279
-9.19192128  0.60251986
2.63317686 -6.29578263
-5.10440944  1.67909334
4.13469013 -1.10710821
-9.67370887  0.95246109
-3.73464057 -3.12144958
0.922916   -9.6610313 
-6.28484162  2.59734772
1.90418536 -5.5349382 
-0.32398362  3.04264399
0.96801361 -9.68820075
-6.45970815 -2.13519928
-9.4445777   0.87295207
2.5721774  -6.42249132
-6.18874274  2.38058034
1.43954065  0.9158246 
2.49741146 -6.27036559
-6.11652536  2.33701114
1.53135815  0.83026687
-6.2911288   2.45404083
1.285303    1.05502489
2.56933884 -6.4492439 
2.39610387 -6.34686317
0.25887432  2.24561429
-6.67841202  2.75786615
1.56245781  0.82074164
-5.90231435  2.19297032
2.57176244 -6.38043415
-6.47601425  2.72658514
-0.75211372  3.71649652
1.62472837 -5.13243441
1.5575212  -5.02018928
-6.30216754  2.63570531
-0.6550112   3.57206256
-9.57593267  0.84833931
-4.21068485 -4.36207931
0.97698793 -9.66951078
2.5844118  -6.23599914
3.35636156 -0.54583711
-5.30426939  1.76357183
0.39956796  2.05684368
-6.30454734  2.5572515 
2.20735248 -5.96935138
-9.67264788  0.93832318
0.77183657 -9.3364918 
-1.52763034 -6.81818691
-5.25024681  1.70078797
3.12259626 -0.33915241
2.62999153 -6.3203652 
2.32126382 -6.0300837 
1.14181586  1.19629966
-6.15069933  2.40506724
-6.45493314  2.59839662
0.9185959   1.44521204
2.27275605 -6.01258659
1.6547052   0.67185228
2.8747295  -8.9585281 
-8.80071839  2.43567804
-9.34170258  2.37453369
2.19544335 -9.35212764
0.77169408  1.34875349
3.48868902 -0.64314424
-5.51628726  1.89181067
2.66302635 -6.38891362
-4.95902768 -3.1846386 
0.86972202 -9.60723823
-9.55717578  0.85654864
2.07002819 -5.79172172
-6.39367035  2.63050178
0.12034308  2.44229708
-6.2097401   2.58207805
-1.21637459  4.23858077
1.79427659 -5.23074284
1.73580593 -5.07487208
-1.39524916  4.47213259
-6.14017994  2.55037893
2.06552282  0.39033005
-5.94875949  2.19708139
2.53545916 -6.26311773
2.73635167 -6.52455293
3.41628206 -0.56533855
-5.46780388  1.84092932
-5.71147522  2.00212703
2.67342623 -6.43555148
3.02327816 -0.30342945
2.95919646 -0.24350082
-5.46200481  1.84677558
2.62864491 -6.34003825
2.76442969 -6.67667471
2.31325294  0.21428293
-6.20783914  2.31131699
2.09107536  0.37888325
-6.47696353  2.46478442
2.77196886 -6.73538726
2.71247903 -6.49941775
-5.70222824  1.98981974
3.21572112 -0.43626151
0.88559818 -9.50358206
-2.53896008 -6.07221375
-9.69165982  0.96839538
2.4958765  -6.31938689
-6.21251591  2.41665875
1.23624885  1.10717196
-7.55660861 -0.86144739
0.90354247 -9.64850992
-9.1308077   0.66385004
2.46141485 -6.26195977
0.99463055  1.35020383
-5.89224507  2.24881927
2.52323351 -6.27892689
1.82201652  0.58271792
-6.11312026  2.31156106
2.77824656 -9.17549133
1.82780338  0.51753655
-8.96281436  2.08495931
-6.74680768  2.80421787
2.26791916 -6.24751173
0.02826586  2.59120101
0.9122222  -9.55525126
-3.57390019 -5.23715584
-9.45441213  0.68558101
2.39975463 -6.21675165
-6.35644706  2.53332371
0.92221518  1.43341201
2.59021691 -6.43090159
-6.26021585  2.40367113
1.64327697  0.73649257
0.93746911  1.3108372 
2.60916722 -9.0170555 
-9.03947926  2.73567596
5.43859029e-02 -8.47529487e+00
9.44184328e-03 -8.38800121e+00
-9.61933284e+00  8.67905182e-01
2.61387562 -8.62193331
0.68492821  1.65163456
-8.68538754  2.91513135
2.39743913 -6.21102894
-6.24987683  2.4786027 
0.86236729  1.49180912
2.21795406 -5.8950836 
0.77217899  1.58954942
-5.9844219   2.34571842
0.99482531 -9.68622501
-9.69611851  0.95527043
-2.88366948 -4.91589755
-8.42151613  3.02950558
0.52748462  1.8999085 
2.50648647 -8.21671557
1.91385006  0.5098927 
-6.17441296  2.33630439
2.56991021 -6.35474599
-5.21015896  1.70833385
3.79531207 -0.84824215
2.6545575  -6.34709581
-6.28536393  2.51751149
0.68994986  1.69395618
2.32711502 -6.12333625
-6.34859316  2.62292738
-0.04233036  2.68405893
1.91031397 -5.55542386
-6.23778528  2.58272117
1.92372191 -5.51703296
-0.80629133  3.67240804
-7.66396814 -0.87249405
0.95067691 -9.67369245
-8.95008207  0.4779467 
-6.24845665  2.47839236
2.39753469 -6.21237327
0.85803821  1.49697979
0.9099064   1.43982269
-6.27360167  2.48910045
2.37901917 -6.17318633
-6.38052796  2.66254648
-0.74850322  3.63334275
1.85698906 -5.44916345
-7.71632945 -0.51380746
0.80753561 -9.58300632
-9.07072503  0.60396466
-5.92865679  2.22398972
1.58608945  0.78446965
2.45853853 -6.17947041
-9.47887828  0.85844783
-6.19375439 -2.18380683
0.99519758 -9.72186047
-9.70040785  0.97751318
0.92640162 -9.64302904
-3.71342614 -4.43525154
1.02065272 -9.71794572
-9.65214865  0.94250142
-4.30816069 -4.2968042 
-0.49751136  3.25801967
-6.33905137  2.62473742
2.04902199 -5.76310369
-6.18331291  2.55139504
-0.60392439  3.40138392
1.85003395 -5.41365692
2.50061315 -6.12344954
-5.69009674  2.02517815
3.01672718 -0.34166799
1.05852166  1.30700868
-7.39446371  2.92363962
2.67447521 -7.13639053
1.00952801  1.33314165
-6.26838534  2.47422177
2.43115696 -6.24714974
0.22833108  2.2770861 
-6.32249639  2.57862718
2.18744488 -5.95805984
0.89188303 -9.60033023
-3.71112517 -4.70765217
-9.71720268  1.00835477
-5.55283934  1.91110033
3.02247112 -0.30422611
2.61512937 -6.31904266
-6.36193737  2.50829207
1.10614096  1.23151109
2.55422875 -6.45471542
-5.573344    1.90611865
2.71187221 -6.51005586
2.76951978 -0.09050569
-6.06078784  2.42892185
0.22403387  2.25435774
2.20134971 -5.94277874
-1.06857856  4.13791243
1.2792069  -4.51806538
-6.10610742  2.55453503
-5.4834914   1.8990945 
2.42119456  0.12840253
2.4620116  -6.07064535
-5.58306342  2.28439724
1.3365732  -4.08371292
-2.01157833  5.21775645
-8.78048554  2.84213725
2.63829065 -8.71986887
0.87031728  1.42517328
-5.7538821   2.07139291
2.46616675 -6.07152718
2.91906605 -0.27972074
-1.94018345 -6.42028287
-9.6897695   0.95383731
0.89121927 -9.48099743
-5.96752759  2.22723817
2.49622519 -6.21987122
1.8284745   0.57840479
-6.3235085   2.65504786
1.58493815 -4.96064364
-1.18421321  4.271561  
-5.69960387  2.12270497
2.36317811 -6.04535277
1.14369571  1.19837823
2.45929799 -6.03912701
-5.66318097  2.02945144
3.31993097 -0.58607916
0.66670104 -3.5803967 
-1.62087993  5.01583735
-6.29610151  2.70867861
-9.24461185  0.56114997
0.86840619 -9.60342452
-6.48021901 -1.75678049
-5.73983335  2.07341437
1.83033243  0.60373171
2.57834662 -6.34674385
-9.69261958  0.96806323
0.97799486 -9.70574622
-3.86189022 -3.54159249
0.36223     2.14108289
-6.3899389   2.61943271
2.02931133 -5.70761679
1.28917515  1.05851096
-5.84340207  2.19441439
2.44796855 -6.19072157
-5.64114819  2.20984068
1.99544919 -5.5244348 
-0.41855004  3.0198924 
0.85892411 -9.50727703
-2.56771294 -5.78626042
-9.60330377  0.85880055
-0.65185495  3.5306546 
-6.30069227  2.62666209
1.68930562 -5.20179928
-0.99635056  3.89235493
-6.01495501  2.46927355
1.77220889 -5.1915426 
0.11323677  2.40759339
-6.16074221  2.492673  
2.2116656  -5.9861911 
0.71380771 -9.33505821
-9.68162963  0.95374753
-1.87479042 -6.53139806
2.48910092 -6.26339307
-6.21754677  2.39633981
1.53545955  0.82653621
2.49285263 -6.36506446
1.13821864  1.20332527
-6.61419906  2.65009804
-6.17697258  2.53048306
-0.06958237  2.6948127 
1.88828546 -5.49316722
2.61279328 -6.31374307
2.78079714 -0.10109565
-5.40460975  1.80850742
2.31600223 -6.07759929
-5.83627313  2.27125299
0.41750373  1.99345168
-8.76601657  0.35577633
-8.15705335 -0.19771708
0.89919413 -9.65225837
2.39297602 -6.0236712 
1.69969313  0.69451986
-5.63455692  2.03875671
-1.7772992  -6.63763322
-9.56447664  0.79601475
0.92031271 -9.46481223
1.72035218 -5.26379412
-0.69395075  3.60182929
-6.41954609  2.68986178
-0.9598502   3.99804889
-6.3303488   2.66054974
1.48809824 -4.8783777 
-5.44544582  1.83780565
2.65151789 -6.36982347
3.26893785 -0.47212256
-4.67928105 -2.70389861
-9.64389958  0.93591588
0.96320544 -9.70218989
1.65981565  0.73107589
-5.97710175  2.23471815
2.58274013 -6.39510296
-6.29506162  2.62920232
1.71800209 -5.1812873 
-1.02676171  4.02122284
-6.00754744 -2.52515482
-9.54602419  0.92707584
0.96052589 -9.69029849
0.99888657 -9.68947537
-9.67382605  0.92575073
-2.71635853 -4.87352877
-6.49573156  2.6704429 
2.19731297 -5.98843519
0.26445142  2.24313234
-8.34537292  2.67519238
2.90959193 -8.46258262
1.40527747  0.91849789
2.44205903 -6.0209317 
-5.42674744  1.86396996
2.62814956 -0.03470738
0.92847394 -9.63680916
-3.86674086 -4.39316976
-9.60875167  0.87545796
1.82087645  0.58994974
2.57289699 -6.36662144
-6.09188891  2.29349631
2.84285304 -0.18616342
-5.75832139  2.04338249
2.61658323 -6.34225355
-4.67748845  1.4046005 
2.68237991 -6.34935923
4.51978387 -1.33056784
-0.89624355  3.8209477 
1.93009701 -5.54338155
-6.36406342  2.65355639
7.45621278 -3.61863206
0.36288138 -1.52674624
4.63776001 -2.19988816
2.07360804 -5.81810126
-0.2613346   2.9499891 
-6.39561093  2.64698198
2.7351554  -6.54620109
2.98539806 -0.24998243
-5.61523455  1.92661266
-3.18534956 -5.07905028
0.75232012 -9.48612738
-9.7262338   1.01509582
-6.5091834   2.71277329
-0.26390738  2.98404503
1.9791383  -5.68553928
-9.31409028  0.73994041
1.00975116 -9.73565684
-6.82595214 -1.6166353 
0.19342901 -8.60165491
-9.67698539  0.93177692
-0.06170738 -8.31093782
-7.85754339 -0.48971446
1.00615165 -9.74246706
-8.97895449  0.52677685
-6.37018153  2.67373368
-1.28239001  4.38343261
1.72940552 -5.15871477
-3.91610394 -3.8317088 
0.92527314 -9.65989411
-9.73578372  1.01927517
1.87434929 -5.49646463
-0.59928437  3.43607328
-6.39924025  2.66851352
0.04731656  2.53622106
2.10237427 -5.8504267 
-6.39373561  2.63200994
-6.19581291  2.60763059
-1.31215581  4.48180194
1.28398043 -4.47901336
2.26922893 -5.85483814
-6.06801064  2.32095187
1.7794505   0.59970248
3.64761264 -0.79200514
-5.25069249  1.76989084
2.51619185 -6.10481232
2.42824851 -6.24112486
-6.21683306  2.44646311
0.99075554  1.3534438 
4.10206993 -1.14613112
-5.12376743  1.74614455
2.48390161 -6.03209141
2.77400954 -7.56023806
0.51881892  1.90472667
-7.53422992  2.96410467
-4.12726463 -3.39436964
0.81366414 -9.5712178 
-9.64704844  0.93755147
-9.70828277  0.98979048
-3.4557654  -5.03249461
0.94112515 -9.62772831
-9.74651423  1.01553694
-0.04840134 -8.3844308 
0.12262352 -8.51120496
5.49514657 -2.51179812
1.32462208 -4.07776356
-3.43441211  1.42661789
-5.41533297  1.87205575
3.6793298  -0.81959397
2.54251366 -6.16056959
0.90159903 -9.60897638
-9.71870901  0.9854295 
-2.78457927 -4.92437741
-6.40869153  2.67794862
-0.58342811  3.43558145
1.78717023 -5.36966299
2.57911772 -6.30901209
-5.98202264  2.19446252
2.47893279  0.07144178
2.63166682 -6.3414472 
3.20995332 -0.44300759
-5.53965415  1.90364757
-0.9904358   3.83411761
-5.73210861  2.31177983
1.62455089 -4.89228288
-5.95377163  2.22794672
2.57896674 -6.39702279
1.57656472  0.80253988
-1.2007669   4.17952394
1.75451269 -5.12872696
-6.05181189  2.4958434 
-5.64812739  1.96942578
2.56331182  0.04667631
2.65061895 -6.41290367
1.56884952  0.79764007
2.50345895 -6.27672933
-6.13217391  2.34227921
-8.4263525   2.82213124
-0.03994674  2.55758699
2.30134222 -8.5356098 
2.63699613 -6.34935316
3.15470767 -0.39182672
-5.48245616  1.86183969
3.22142335 -0.43851252
2.62900423 -6.32718042
-5.39941395  1.81106646
2.05495537  0.39398018
2.52628681 -6.25417569
-6.05177653  2.26052644
2.20574924 -6.0137776 
-6.36258047  2.60947664
0.05027571  2.51714155
-9.54692096  0.79382581
-4.09979908 -2.91846422
0.9964822  -9.71739356
-5.12881363  1.68157015
2.71367561 -6.44391146
4.25583186 -1.17046322
2.54534083 -6.19343346
-5.67067626  2.0073405 
3.2062122  -0.47327837
-5.53080927  1.91191152
2.56164628 -6.21744864
3.12482064 -0.39695688
0.85380239 -9.59584951
-4.95152695 -3.32545244
-9.59758139  0.91023978
1.19679047  1.15846233
-5.65676134  2.07895969
2.45290867 -6.18746079
-3.58457345  0.91192534
2.44816942 -5.80194707
5.41565445 -2.03865386
-4.14462674  1.12794541
2.56925884 -6.09113061
4.87954345 -1.60591321
1.88252462 -5.5269758 
-6.50389663  2.72495572
-0.62832257  3.4944344 
-6.01527107  2.39416126
2.05563649 -5.67227415
0.56383497  1.84895336
-6.41508958  2.68311459
-0.54930628  3.4030004 
1.74430794 -5.31262005
2.54615014 -6.3820773 
1.29865788  1.05148825
-6.01396858  2.29043133
-9.70552444  0.96252139
0.92864113 -9.60924375
-2.13627325 -5.36651338
3.35260775 -0.54496651
2.69963114 -6.46982573
-5.6796481   1.98394798
-6.71809083 -1.50569273
0.99956936 -9.73327999
-9.40158809  0.82137038
-5.00974708  1.53798968
3.80166555 -0.79541564
2.73586192 -6.48244568
-0.36146649  3.08791264
2.03939725 -5.76210977
-6.38993368  2.64875864
0.9637026  -9.59710839
-9.59685477  0.83951198
-2.57100379 -5.75803361
2.65896259 -6.23816199
-3.98594083  1.01742912
5.15354545 -1.7622782 
-9.65452349  0.93644682
0.96918791 -9.6932055 
-4.22213452 -3.54643612
3.79510863 -0.86538346
2.68728831 -6.42495122
-5.49956581  1.89267954
-5.86888676  2.14549993
2.56259831 -6.30893007
2.03716771  0.4224389 
0.86942002 -9.58454113
-9.63888305  0.89781604
-2.8610825  -4.66920214
-9.60025661  0.83293707
-2.15568097 -5.80759662
0.96850753 -9.60271277
0.07367432  2.51817669
-6.45398198  2.66714689
2.04077094 -5.75962323
0.39783499  2.03415174
2.3304783  -6.1470013 
-6.09716982  2.43160034
-5.53954555  1.90553459
2.91560212 -0.22726276
2.59744049 -6.29045848
-6.35071625  2.62681683
-0.20283839  2.88528544
1.95344134 -5.62282596
-6.45561753  2.69354888
1.91652444 -5.57881794
-0.47423624  3.27060055
0.08913413  2.46116583
2.17641645 -5.95473251
-6.3223712   2.58677285
-6.35220035  2.57413726
0.4747834   1.95782167
2.28103235 -6.08485239
2.65066131 -0.02675169
2.70177819 -6.51305505
-5.80356339  2.06143736
-9.66274085  0.90764645
-2.2644521  -5.63096139
1.01793682 -9.66851007
2.41840339 -6.20014065
-6.24216582  2.44793432
1.15175838  1.18718577
-6.06629323  2.24737082
2.18094393  0.30961587
2.66997277 -6.50490149
5.43578418 -2.27105474
-4.25510455  1.60091667
2.09552547 -5.28536023
-9.64220113  0.88732408
-0.04791293 -8.29234798
0.29528546 -8.68284149
-6.30802989  2.58101156
0.17257846  2.36499774
2.07008056 -5.77625864
3.91921584 -0.943199  
-5.18600213  1.70551687
2.64491386 -6.32560156
-6.10022811  2.58131335
0.84379792 -3.96152794
-1.06695921  4.22801303
-9.25665596  0.70835203
-6.89003257 -1.7537067 
0.98157725 -9.69399437
2.48083423 -6.19804349
1.85197094  0.55306137
-6.07864666  2.29446515
2.71047622 -6.55728661
2.40413874  0.15055427
-5.99800253  2.18877193
1.95514741 -5.64657473
-0.48359366  3.28313186
-6.54314358  2.73825014
-9.69917363  0.96614971
-0.15080449 -8.19231595
0.17440368 -8.64427954
-9.56907023  0.85012883
0.92399476 -9.62896025
-4.3611799  -4.11998333
2.47586024 -6.27864834
1.2198538   1.12216967
-6.11193249  2.36154084
2.40055756 -6.18222366
-6.23276945  2.45134028
1.06403634  1.27582792
-5.15844183  1.63059533
3.34490011 -0.48173848
2.676481   -6.39242407
-6.46306419  2.68053649
-0.20889059  2.88112354
2.08892327 -5.84746258
2.22144678 -5.95147901
0.71920305  1.67165584
-6.33449559  2.55096393
0.23154373 -2.1465043 
-5.23388105  2.22532096
-2.59160722  6.12768983
3.35165043 -0.54281238
-5.36233605  1.79845463
2.59839658 -6.26521366
-2.07412187 -6.43047298
-9.59626992  0.8473219 
0.88404967 -9.45753759
2.03285507 -5.75546254
-0.28728295  2.99158449
-6.42158126  2.66377469
-9.638625    0.91495493
-3.87870868 -4.79976327
1.0246268  -9.70411649
-6.47359187  2.68099244
-0.05023439  2.67389529
2.06953636 -5.81091702
0.98753228 -9.72003749
-4.11847147 -3.04791221
-9.65805601  0.93388644
4.4553036  -1.38051361
-4.89529157  1.62516056
2.52201121 -6.07782615
3.72788798 -0.81336366
-5.40088522  1.82962982
2.65485631 -6.36079406
-9.69871287  0.9577065 
0.80753389 -9.33710147
-1.21894133 -7.07533349
-6.32110471  2.62577163
1.91551503 -5.53927675
-0.66956083  3.50895203
1.81693765 -5.37837319
-0.71199282  3.5780279 
-6.29896056  2.61963051
0.99304746 -9.68591926
-3.8154714  -4.59732283
-9.65788869  0.93275896
-1.89785398  4.97903524
1.68828878 -4.63451934
-5.53279737  2.21676935
-9.65985231  0.93275287
0.89780775 -9.61152892
-3.57088253 -4.57421523
-5.99224682 -2.53463293
-9.60080092  0.98507163
0.94813721 -9.68459313
-1.41435083 -7.15948773
0.79522824 -9.29387501
-9.66488958  0.93236044
7.31974830e-04  2.60328517e+00
-6.40097430e+00  2.64084962e+00
2.05189955e+00 -5.77319796e+00
2.28869607 -6.08837369
0.59193074  1.82103903
-6.4308254   2.60828276
0.93929336 -9.63580848
-9.66087941  0.91599534
-2.76019225 -4.87764629
-9.69722668  0.97126988
0.93755174 -9.66660282
-3.38230038 -3.50171968
1.85860319 -5.43006102
-0.77294011  3.64760597
-6.28693829  2.61213932
0.95856645 -9.59644965
-9.61071643  0.88623248
-3.34404727 -5.48775715
-8.3719499   2.74978237
1.38267067  0.93539849
2.90144375 -8.42545724
-6.36589458  2.60338345
2.21525424 -6.01384706
0.18973318  2.32914222
-9.68094861  0.9732456 
0.86555003 -9.61610211
-4.00294908 -2.92351713
-0.76467182  3.67772822
1.68567428 -5.17876299
-6.29424209  2.62558018
1.06999756 -4.31520447
-1.05432743  4.23290341
-6.33615022  2.69100311
-0.57065017  3.39461415
2.02015354 -5.75087999
-6.54240373  2.73741059
-4.02606018  1.07159022
2.50928281 -5.97070394
4.86887526 -1.61791154
-6.14269881  2.51488402
1.89807761 -5.50057575
-0.20584186  2.8627489 
-5.48636271  1.85708697
2.73522032 -6.51802142
3.59135753 -0.69413256
0.92575947 -9.63870747
-9.4492347   0.71918552
-5.13346967 -3.23659887
-7.95721266 -0.40232333
-8.91287131  0.48515869
0.95443809 -9.69459706
-5.78678492  2.07914305
2.54055095 -6.22939835
2.48765444  0.06767521
1.01580335  1.32441526
2.40041404 -6.1653567 
-5.99407592  2.31504157
-4.47356232 -1.91132946
-9.68948709  0.99692442
0.99974539 -9.74375581
-5.62541232  2.01418846
2.7929175  -0.20260722
2.36210807 -5.89536243
-6.38159029  2.65344807
-0.44785742  3.22426288
1.90698119 -5.55263576
-9.60590331  0.85711632
-2.6751165  -5.74347187
0.94008937 -9.57586295
0.32951866  2.1601952 
-6.16584614  2.4982949 
2.00828317 -5.64832907
-5.06683605 -2.81113981
0.98214505 -9.71859713
-9.6615627   0.97275089
1.57459743 -4.95309617
-0.9890222   3.97435642
-6.18320342  2.5758    
-5.58179192  1.92522849
3.28901706 -0.49602527
2.66657878 -6.40533795
-9.7259501   0.99595245
-2.13967344 -6.26202504
0.89854725 -9.50517039
0.99067578 -9.70356638
-4.05969091 -4.22345156
-9.71048243  0.9952101 
-1.29559216 -7.03749005
-9.65875163  0.91588971
0.74114357 -9.28420066
2.58695522 -6.13355278
4.62222103 -1.40257998
-4.22687884  1.12607307
-5.97050817  2.41171818
2.08460828 -5.74879862
-0.43954965  3.10950588
2.7302179  -6.54449551
-5.62478075  1.93761828
2.84551344 -0.15048069
-0.36360361  3.01643074
-5.93271882  2.39448475
1.94684441 -5.52280751
-6.35735111  2.65846443
-0.95413715  3.92204748
1.77387409 -5.28863339
2.52379397 -6.22939425
1.80330064  0.63937883
-5.53298824  1.94314143
-0.28599151  3.00430258
-6.44833334  2.68111899
1.97400505 -5.6678408 
-8.75768568  2.46891312
2.03127909  0.3703111 
2.93389843 -8.7903964 
-0.51177511  3.26041342
-6.18423752  2.54293799
1.97351873 -5.61297837
1.37260583  0.96933154
2.45561404 -6.22723893
-6.21697905  2.41235247
-4.86329527 -3.69880085
-9.6772574   0.99073444
1.01085833 -9.72553183
3.14024036 -0.38014528
-5.44546907  1.83892843
2.63084751 -6.33622236
1.75720894 -4.83487686
-1.5232315   4.41529782
-5.42557069  2.12377555
-7.26867741  2.98526345
0.30556865  2.20290776
2.6272102  -7.0479264 
2.2468912  -5.943152  
-6.08569264  2.39637558
0.86058676  1.49440568
3.43030874 -0.56554937
-5.19414148  1.67095626
2.64799447 -6.34114893
2.69340912 -6.47222485
2.945476   -0.23733558
-5.64294534  1.95565143
-7.84552314 -0.54153214
0.98878046 -9.72154864
-8.92026229  0.45953715
-0.4723177  -7.81775618
-9.70481047  0.96657935
0.44152291 -8.93764365
-4.98926953  1.56481647
2.58450197 -6.20536752
3.69298607 -0.76767165
-0.09916512 -8.25592553
-9.61613062  0.86963428
0.08550227 -8.55635891
-0.19304788  2.87559044
-6.46263412  2.68326518
2.02191266 -5.74453099
-6.21695593  2.5196912 
0.17427679  2.33563304
2.24087573 -6.03963148
-6.15968665  2.33172892
1.9260625   0.49408863
2.53256649 -6.28555365
1.82526313 -5.36777937
-0.96446994  3.92971898
-6.35087652  2.65276265
-6.1874477   2.50528678
0.15548486  2.35459489
2.21838874 -5.99748604
-0.93865656  4.02442429
1.21829307 -4.51124654
-6.24703151  2.63241747
1.23831401 -9.6196651 
-0.19740728  2.0224139 
-9.66443508  1.98405975
2.56560242 -6.18263813
3.51111922 -0.64580761
-5.08990387  1.6281716 
0.74305014 -9.51642   
-9.61792865  0.91546906
-4.34868739 -3.45948211
-0.47699705  3.23678567
1.94658716 -5.59301405
-6.29094254  2.60257654
1.54079157  0.83220671
-5.78854123  2.13839077
2.46694129 -6.18552431
-0.3328811   3.05076191
2.05788074 -5.79625204
-6.42162456  2.66412155
2.68805502 -6.47464536
-5.81682598  2.0667915 
2.89015455 -0.20877685
2.69728379 -6.48842875
2.92276568 -0.23074947
-5.78156491  2.04309151
1.26094026  1.07822364
2.41817175 -6.18351845
-6.2654217   2.45210438
-8.6101533   2.7486248 
2.87084009 -8.64148535
1.34363036  0.95570986
2.73234274 -0.09887381
-5.78935691  2.06022416
2.63129947 -6.37669528
2.59378844 -6.28249764
-5.5545313   1.91646655
2.97183831 -0.27201679
-3.8313671  -1.95381823
0.86925725 -9.6190438 
-9.61031102  0.90767251
1.49480892 -4.90458702
-0.48393876  3.31302117
-6.06730334  2.50768928
-9.17419684  0.65061955
1.01734966 -9.73160631
-7.17795563 -1.42446207
-9.63816114  0.99641696
0.84193246 -9.56462271
-5.18041091 -3.77833399
-9.63156431  0.91319264
0.91010068 -9.64446673
-4.23834115 -3.38994005
0.01424797  2.43340816
-8.97571745  2.80010789
2.22555939 -9.06639335
0.9827993  -9.63668904
-9.63636113  0.91617233
-3.53246179 -5.25647292
1.17760082  1.1692446 
-7.48572581  2.84866859
2.87933055 -7.52149467
0.911689   -9.52102672
-3.05830406 -5.86024777
-9.59836531  0.87698704
-0.97731589  4.05523671
1.4466409  -4.83990656
-6.40799734  2.70482181
2.42207797 -6.14814767
1.42596099  0.9213144 
-6.04910955  2.31309819
-0.74249585  3.57646422
-6.18451881  2.55234875
1.90782621 -5.48748927
-6.51095999  2.67919659
2.26738677 -6.11598554
0.19757421  2.32638699
-9.58896166  0.84224085
-0.84170975 -7.52232066
0.50499089 -9.01014986
-3.01001366  6.19752882
-3.43867805  7.05391878
-1.52462794  0.43481446
2.82120109 -7.20921111
-7.0621308   2.73662369
1.02448938  1.33146707
-4.90582826  1.43585531
2.70206391 -6.41712285
3.41102171 -0.48337436
-5.63882735  1.968886  
3.76514693 -0.84069521
2.71564797 -6.48477285
1.79337034 -5.34963643
-0.7653691   3.66689229
-6.3717479   2.66143245
-6.25180872  2.65225182
1.19362131 -4.24451784
-1.70607356  5.04762756
2.45260342 -6.09860278
-5.60827091  1.9983728 
1.95939646  0.48712053
-6.30314669  2.57558219
2.10960729 -5.83644136
0.1761582   2.35261518
-6.11486617  2.52579832
1.75313117 -5.20321969
-0.93097171  3.83646857
4.5535009  -1.42043578
-4.61875934  1.43825418
2.53685659 -6.08066466
1.30172663  1.03665205
-6.1230591   2.37260029
2.36117613 -6.06948414
-7.92407221 -0.41970934
-8.9198597   0.50861802
0.69748406 -9.49876392
-0.69266011  3.62029993
-6.23913126  2.60531261
1.50766105 -4.93308147
0.61880059  1.79218262
-6.80340105  2.7870424 
2.52616797 -6.5542433 
2.65258909 -6.33128828
-5.04801657  1.59513239
3.81946719 -0.84599244
0.60573828  1.7997302 
2.31192693 -6.12103343
-6.38782419  2.58225179
2.35030381 -6.17940811
0.63576692  1.76090631
-6.36240514  2.56368084
0.85256881  1.50942544
-6.31150072  2.51659245
2.36079223 -6.15749767
0.87812176 -9.56403823
-3.46806907 -5.15963774
-9.67356999  0.95990412
-0.75621114  3.65662589
-6.33328857  2.64213046
1.76451405 -5.30273591
-7.71125217  3.07124581
0.1722844   2.37305255
2.61778255 -7.56180273
2.22856458 -5.95002316
0.78751565  1.58970908
-6.31690298  2.53562485
3.30162879 -0.52355934
2.62053634 -6.32417274
-5.65166326  1.98060927
-0.29715186  3.01030561
-6.44611741  2.67776496
2.02604654 -5.75043998
2.66809348e+00 -6.45630404e+00
2.60831915e+00 -4.98798099e-03
-5.86353914e+00  2.10469324e+00
2.49701894 -6.19601889
2.11196134  0.34569217
-6.02889866  2.2480381 
-6.37703056 -1.9445885 
0.98143996 -9.71779057
-9.49995451  0.9015332 
-9.60040213  0.87426816
-1.2876288  -7.24228254
0.45065303 -9.02107858
-6.49512677  2.6959561 
2.08368052 -5.84015761
-0.15805213  2.81640488
-6.26746432  2.56115889
0.23076163  2.29979223
1.9955806  -5.65293836
-1.38059995  4.58055484
-6.32892605  2.67272762
1.39922135 -4.64839982
4.00180199 -1.00089862
2.69956796 -6.43488977
-5.35248846  1.80678254
-5.00449993  1.97409203
-2.57855202  5.83752138
1.38538747 -3.67200019
-4.51925642 -3.64169626
0.83260971 -9.57424819
-9.59038534  0.88232678
0.22520009  2.28198526
-6.16482042  2.49904791
2.05726229 -5.73054595
-0.13051656  2.81253055
1.95854088 -5.65534272
-6.53783098  2.72479446
3.88309703 -0.88741778
-4.93867567  1.52779863
2.63563209 -6.29100409
2.59026123 -6.2672683 
3.02639523 -0.305237  
-5.45545183  1.85231529
-4.17667908  1.19331112
2.48719587 -5.9475874 
4.84145638 -1.6223594 
-5.48279145  1.85735499
2.64332232 -6.37069827
2.89677518 -0.19379007
-6.34462293  2.61575516
-0.11644949  2.75525752
2.03538803 -5.74612659
-6.10531427  2.48944263
1.94302205 -5.56089622
-0.17096211  2.80200735
-7.17189205 -1.31017854
0.85066843 -9.59741875
-9.22753215  0.72465003
-5.39164213  1.85137833
2.62279524 -6.2973178 
3.94229854 -0.98664781
1.00615312 -9.725521  
-4.50920244 -3.65472405
-9.64767906  0.93251148
2.58880317 -6.32385793
-5.74498399  2.05054786
2.3100429   0.22019406
-7.40266881  2.99059691
2.5100123  -7.00070944
0.71760669  1.72523726
2.66269451 -6.38624302
3.5722824  -0.70846544
-5.51550342  1.89720034
0.93353419 -9.50495055
-9.65003612  0.90828252
-2.04156487 -6.46003358
-5.94438175  2.31409815
2.23493589 -5.90574503
0.85227082  1.49723549
-5.96841179  2.51705803
-1.75041512  5.05921361
1.01014412 -3.89481886
-6.74493255  2.79233004
2.36123655 -6.29684758
0.29436056  2.20943603
2.34118423 -6.14296492
-6.30046578  2.52284981
0.72132128  1.65521132
-6.05469497  2.30673206
1.43471323  0.9204202 
2.51001894 -6.30149772
-9.67143121  0.99419756
0.89362904 -9.6490685 
-4.96895147 -2.1332307 
-5.51627052  1.93600903
2.50842644  0.03776744
2.39090598 -5.94822628
-6.20876808  2.38049328
1.67774214  0.69689864
2.49720261 -6.25703449
-5.86663597  2.13571987
2.61053041 -6.39219859
2.07681851  0.39889394
2.52849249 -7.97179897
-8.05620839  3.05904658
0.11778077  2.42991889
0.55591252  1.01223972
1.44136534 -9.61018487
-9.66793261  1.67800704
-9.70547291  0.99816878
0.98030288 -9.61033357
-3.24266851 -5.62941559
-4.43635381 -3.94641556
-9.66414701  0.97365825
0.78623918 -9.53936365
1.76790562 -5.22498285
-1.18988533  4.23507826
-6.33772949  2.65239048
0.31506528 -1.54273364
3.58054036 -1.62996774
7.76738991 -3.76388871
-9.57834773  0.84812328
-4.37664722 -3.34362173
0.93689339 -9.66231255
2.03716345  0.40863144
2.4539468  -6.11083031
-5.78862647  2.11155243
-9.68743099  0.97982127
0.92251009 -9.65203958
-4.32028942 -3.83028907
-1.5561944  -6.7626166 
0.81610109 -9.38067667
-9.64595099  0.89888238
-6.19212284  2.39388585
1.3796249   0.9690286 
2.492186   -6.28994708
-0.6788391  -7.67529457
-9.69968631  0.96265846
0.55887507 -9.03432403
0.86948324 -9.61033845
-3.72593345 -3.94394265
-9.71602027  1.00012585
0.86660752 -9.45632069
-2.19524272 -6.36572916
-9.67201647  0.94408405
0.88211802 -9.63270671
-9.35054548  0.82232723
-6.98477019 -1.3990394 
2.56647733  0.05098297
-5.62198826  1.94891938
2.67294347 -6.45202511
-5.75622783  2.03673339
2.69833264 -6.5136396 
2.4938484   0.09438712
0.96329099 -9.69794658
-9.63683145  0.95046752
-5.14411511 -2.9444201 
2.48736218 -6.11796193
2.61082459 -0.0308322 
-5.65822587  2.00663731
-6.25473848  2.52084448
2.23622499 -5.99760992
0.4999903   1.92578174
4.07478582 -1.03853649
2.68105776 -6.38192829
-5.07013305  1.63104224
1.94848842 -5.62701572
-6.45643487  2.69020652
-0.40205873  3.16310847
-5.80741382  2.05786561
2.68957273 -6.47446412
2.9591786  -0.26078966
2.18769772  0.33529885
-5.59039895  1.95137364
2.6012884  -6.34280963
2.64835785 -6.45776253
2.06534741  0.41634371
-5.80569379  2.09388834
-9.65057726  0.89182041
-0.06953189 -8.27166212
0.35212802 -8.73524503
2.5135852  -6.2637033 
-6.10157219  2.3080022 
1.79400835  0.60357239
0.156831    2.38927583
-6.47568005  2.66872344
2.14189445 -5.91048709
0.87589842 -9.62614902
-9.56808603  0.93707956
-5.89181907 -2.12439943
2.17786387 -5.86879169
0.85442063  1.52618048
-6.40663965  2.58494101
0.88378778 -9.63310263
-9.69114159  0.97810866
-4.03346188 -3.10151779
0.93684788 -9.67735287
-6.72237333 -1.45031207
-9.36030799  0.76507312
0.98266155 -9.71117457
-7.02153641 -1.47886977
-9.29166813  0.75833504
-1.90094739  5.10272881
1.32721247 -4.15618609
-5.68882926  2.34099898
0.9549029   1.40482773
2.75604463 -7.01810983
-7.0370134   2.81897761
-6.38338672  2.64668532
2.05772622 -5.78821797
-0.43576994  3.181313  
-6.49136429  2.70769117
-0.50321153  3.2926384 
2.03582819 -5.76731695
1.96738347 -5.56738743
-6.0534344   2.47102106
-0.59511909  3.34392562
4.28625514 -1.21493519
-5.1803248   1.73532553
2.66527144 -6.35728562
-6.0472902   2.4348333 
0.88287845  1.5511822 
1.71241379 -5.17820385
2.31400482 -6.13442634
0.57573483  1.84007512
-6.42796641  2.60661967
2.35312012 -5.8092207 
3.17301096 -0.4386506 
-4.9213111   1.55405906
2.08640089 -5.7750687 
-6.31749093  2.57050924
0.44603704  2.01704122
-9.66507142  0.95807378
-4.32171427 -3.99251235
0.96914535 -9.68114143
-0.82583945  3.72975634
1.91644583 -5.53532059
-6.40738865  2.67555661
-9.46680969  0.87168093
0.95372074 -9.68959339
-6.43667186 -1.83562629
-0.93608079  3.92874384
1.61802898 -5.05998822
-6.32222432  2.64787097
1.00692094 -9.73605534
-9.3925709   0.85005496
-6.84490138 -1.69213229
-4.66979896 -3.20781281
1.02296891 -9.74598244
-9.5944522   0.87027368
0.11189573  2.43432206
2.22843458 -6.04921697
-6.40209158  2.62697358
1.82875225  0.5821113 
-5.95638232  2.21626692
2.5332861  -6.28452581
-9.63101826  1.34671051
1.38835976 -9.63877454
0.73650477  0.64221164
2.27089482 -5.60915604
4.87820791 -1.78997042
-4.46088637  1.53210598
2.57213803 -6.00770014
-3.36395314  0.66951294
5.38314353 -1.94952621
-0.09244896 -8.2320917 
0.17090952 -8.63691614
-9.65230684  0.90772555
-0.84210222 -7.55006738
0.56266347 -9.05398624
-9.66700211  0.93154795
2.60222447 -6.30845454
-5.67758491  1.99356787
2.9068144  -0.22955415
0.94525772 -9.62304992
-9.55470851  0.82790897
-3.99552583 -4.66358912
-7.6681717  -0.73279655
0.8047318  -9.57260689
-9.05065972  0.59937485
-6.40337511  2.65457066
-0.0448259   2.70017613
1.88327281 -5.52318935
1.2028286   1.13299849
-6.19001748  2.40936063
2.47340795 -6.28239283
-2.88791787 -5.34229906
0.87146624 -9.55729404
-9.71388695  0.99161025
1.9798856  -5.65967526
0.11845005  2.46776846
-6.42758205  2.65483491
1.77924022 -5.16953091
-6.18897757  2.57338667
-1.33134637  4.38745807
0.8736059   1.25429398
2.22784931 -9.3347707 
-9.43594976  2.47243212
-7.7322632   2.47443497
3.10173116 -7.84579024
2.88387114 -0.19873212
-9.73725357  1.03059273
-2.48603512 -6.3500683 
0.90573918 -9.4772581 
-6.48737306  2.69209973
-0.17092039  2.83655221
2.09447477 -5.86092208
2.75888577 -0.08350023
2.71315684 -6.51336112
-5.57675233  1.90934006
-9.62654522  0.88637146
0.98456904 -9.68679435
-3.57422685 -4.38730397
-0.10535366  2.73858742
2.03164192 -5.73745107
-6.33579125  2.61064172
-9.65992947  0.92082225
-3.29780028 -4.70127495
0.97488885 -9.67117252
-5.99539976 -1.8643617 
0.99119625 -9.71544625
-9.39022292  0.68463372
-6.23013903  2.56851848
1.99098061 -5.6463719 
-0.54308136  3.30660988
-9.69795802  0.96312408
0.54585356 -9.09132554
-0.75951147 -7.46249675
-3.57760019 -5.0725892 
1.02316453 -9.68779517
-9.62665967  0.89578955
3.24778004 -0.46995584
-5.560772    1.91611923
2.6349897  -6.34730291
2.08855815 -5.83490348
-6.35388567  2.62185987
-0.21551289  2.88100491
2.08424367 -5.84777627
-6.49259434  2.7007084 
-0.3246575   3.04236759
-6.17804862  2.54589111
1.8510689  -5.42412425
-0.50114144  3.26566017
0.74022041 -3.50699151
-6.01630857  2.56733025
-1.85446306  5.25177255
-6.13783717  2.53470066
1.69707858 -5.1848396 
-0.57364735  3.38820797
-3.64590009 -4.58559169
0.93010926 -9.6383868 
-9.71059743  0.99168522
-1.62116911 -6.72478632
-9.66986027  0.92878673
0.87256963 -9.42783502
2.1888488  -5.93226693
-6.3855747   2.59482875
0.53076534  1.90471274
-5.42111838 -2.40939761
0.94650742 -9.68926824
-9.63295416  0.96709185
0.7900024  -9.55053352
-9.65418424  0.97314581
-4.79344398 -3.4831156 
0.91757879 -9.55699728
-1.91690675 -5.97082763
-9.67369342  0.92838748
-9.56038802  0.94337199
0.82585827 -9.58199033
-5.92373482 -2.45553359
-0.1816166  -8.09854522
-9.68804522  0.94245306
0.34246669 -8.80262119
-1.02817071  3.89503042
1.73352018 -5.07866752
-5.85046102  2.3762607 
-2.60817809 -6.00218919
-9.62492251  0.9130472 
0.62311781 -9.31784491
3.66313301 -0.76599832
2.68440555 -6.42288314
-5.50558108  1.88774052
1.02895368 -9.72651337
-9.50560086  0.76659481
-4.74213841 -3.83098569
2.58744432 -6.35089914
-5.98440022  2.20787773
2.15299598  0.32633859
0.93479332 -9.63672759
-9.72355657  0.98866956
-2.79636382 -4.88285818
-5.73673541e+00  2.02773421e+00
2.64233474e+00 -6.40127305e+00
2.60551534e+00  3.74189367e-03
-4.26681262 -3.93916333
-9.70467441  0.99887843
0.91561386 -9.64598899
2.69170812 -8.47948992
-8.58603189  2.91027874
0.91538674  1.39896246
-3.89547686 -4.01563216
-9.64507304  0.92105083
0.91841062 -9.64154324
1.93182197  0.50479562
2.56893088 -6.33689542
-5.94771703  2.19934057
2.32354751  0.21934586
2.66351926 -6.46263182
-5.78048836  2.0628997 
-6.4025586   2.65598959
1.83126621 -5.44875724
0.00939928  2.64544402
-6.17486652  2.47920645
2.01925294 -5.62225348
0.74232126  1.6614729 
-4.63149813 -3.10803351
0.79473005 -9.56426163
-9.66615034  0.97382125
-5.90846834  2.18514136
2.38703624 -5.98076142
2.3505179   0.14146431
2.64099069 -6.31831244
4.06428445 -1.06135427
-5.21428936  1.74354363
0.84728888 -9.60750357
-8.08896928 -0.21599624
-8.76372452  0.30800577
-0.84088625  3.70427334
-6.12414457  2.52452069
1.83435759 -5.34442194
-6.48960177  2.69903711
1.89900491 -5.55816565
-0.01925456  2.67656831
2.00712594 -5.68052951
-6.21480203  2.55201124
-0.30241288  2.98355734
-6.4474359   2.66607745
2.10294626 -5.86214108
-0.07282792  2.69649899
0.62610451  1.78166004
2.283658   -6.07565586
-6.41910781  2.59996705
-5.30171378 -3.25079929
1.00783687 -9.72726219
-9.62672805  0.95628954
-3.62729656 -2.1842133 
-9.7069972   1.00694389
0.95618036 -9.69610852
-8.99544308  0.4434994 
-7.59318818 -0.67718608
0.98535809 -9.7158272 
-9.68615028  0.94104293
0.86789358 -9.44910068
-1.52023797 -6.63661314
2.57381403 -6.41992673
-6.2168736   2.39304464
1.49259049  0.86407799
2.54666992 -6.15940482
3.97247385 -1.03945998
-5.37438883  1.87116988
0.41978784 -8.91923967
-0.60092068 -7.76039358
-9.71744204  0.9873394 
-0.66717511  3.45495133
-5.81153873  2.3565923 
1.57980819 -4.92192583
1.21216055 -4.35596603
-6.29542297  2.66913798
-1.49197313  4.76794253
1.73402068  0.68494986
2.57483211 -6.35068856
-5.74098233  2.08045834
-5.90170872  2.40078113
-1.10083216  3.9871983 
1.86208809 -5.27668544
1.31828729  1.01988307
-6.07128967  2.3494629 
2.28731198 -5.94117396
3.49968671 -0.70281272
2.51118571 -6.11917474
-5.5858924   1.97666456
1.9406985  -5.55899243
-6.24515062  2.58275644
-0.67777172  3.49645712
-6.16123578  2.30450929
2.64376695 -6.4640409 
2.16898006  0.31055174
-1.018608    4.03211567
1.77075557 -5.2938327 
-6.45818707  2.71389566
-9.7231782   0.98824057
-1.98860063 -6.30192838
0.90372103 -9.50973249
3.31779548 -0.54145985
-5.82059934  2.08231794
2.65222605 -6.39062639
2.6424901  -6.32453153
-5.27223589  1.78228025
4.06982704 -1.0700518 
-3.88475105  0.83167326
4.77277957 -1.43813699
2.71168928 -6.33233234
0.86900885 -9.59110467
-9.69228935  0.96313408
-2.53500114 -4.20678101
-5.82023974  2.06371122
2.74301498 -6.58692471
2.72530627 -0.07725585
-9.55193412  0.79945126
-4.01699155 -3.86420408
0.97463559 -9.68389319
-0.68453499  3.43151967
1.58412557 -4.87773498
-5.6462574   2.25501286
0.96571373 -9.70186075
-4.96542068 -2.89867156
-9.64936596  0.95550112
-1.85117211  4.71661715
1.70428588 -4.46461443
-4.95572611  1.82169503
2.15717057 -5.94980682
0.06933532  2.5104804 
-6.51273024  2.69237036
-7.8391487  -0.54095424
-8.88371573  0.43927261
0.75231989 -9.52979422
-6.37897774  2.68815759
1.48037294 -4.86433761
-1.02635294  4.09937873
-0.30343511  3.0430607 
1.81566355 -5.41209787
-6.31417913  2.61826499
3.68660287 -0.753948  
-5.23158069  1.70320466
2.68423317 -6.40492153
-1.06746015 -7.38656964
0.63806981 -9.13507303
-9.66002654  0.9246018 
0.92537845 -9.6715001 
-9.45505367  0.89522541
-6.71218776 -1.55600164
-6.6950886   2.57583777
2.79928065 -6.82890818
2.01288948  0.4375439 
-5.81268123  2.12232901
1.76752187  0.65223642
2.60312623 -6.40534645
-7.44457868 -0.90774522
-9.11015004  0.59946012
0.95234857 -9.68770298
-9.64080136  0.92443461
0.90211247 -9.58091496
-3.59776355 -5.09942259
-6.05944496  2.4926182 
-0.79026153  3.64171901
1.7339175  -5.18648662
1.40515489  0.94765641
-2.09904559  0.27955285
-3.58307152  7.4695269 
3.73676199 -0.87148789
-5.28364649  1.80644021
2.49658467 -6.07109374
-9.73597371  1.03326969
-3.89719379 -4.83184004
0.95698594 -9.64433059
-5.27897469  1.7496652 
2.68885076 -6.41392002
3.84138217 -0.87956731
-3.42017236  0.63814504
2.65882655 -6.18093676
5.28437615 -1.84098999
3.06578114 -0.3449224 
-5.50517116  1.88966542
2.57931981 -6.24956195
2.7141188  -6.52932523
2.86689505 -0.19451149
-5.89925394  2.11625243
-6.29005737  2.51957439
0.66342749  1.72228233
2.37654257 -6.21221018
2.68760401 -6.39260569
3.90187741 -0.8932392 
-5.02470254  1.57458592
2.47697189 -6.10006953
-5.91366876  2.16480647
2.87103371 -0.24486667
0.93420732 -9.67902559
-5.61320703 -2.34457755
-9.61373219  0.95606029
-2.46118082  0.42525003
2.10237712  0.08751382
-3.58589446  7.40663422
-6.35846557  2.63615463
1.90897707 -5.55624034
-0.28357289  3.00108802
-6.44253601  2.65037242
2.16086303 -5.9383305 
0.14441345  2.40174512
-0.03771894  2.71373831
-6.15781119  2.53627821
1.66068498 -5.1741467 
1.90561524 -5.5208506 
-6.36703566  2.61381881
0.43384509  2.08101131
-6.38436571  2.56095667
0.76055166  1.61271544
2.42566807 -6.28956601
2.6795792  -6.4780623 
-5.68773711  1.99541181
2.42584683  0.15386095
-9.58701318  0.95916205
-5.61979454 -3.20274499
0.93229945 -9.64670726
3.61609922 -0.74027492
-5.50382828  1.89235038
2.65193772 -6.36421848
-6.26172241  2.60928525
-0.97618626  3.94131948
1.7317384  -5.20255697
0.89130383 -9.62837435
-8.26098866 -0.23233692
-8.53623844  0.14152486
-9.64164008  0.91270001
-3.60866008 -3.70802782
0.89471209 -9.62555779
-6.29191293  2.53709025
0.58698769  1.82702122
2.21403292 -5.95466798
1.01839795 -9.73296468
-6.74918411 -1.72174035
-9.25250788  0.64270942
2.63610535 -6.34016349
3.21886101 -0.43324731
-5.40053709  1.80921546
0.9753602  -9.67720625
-7.92669217 -0.63869914
-8.61051534  0.08830975
0.94829161 -9.68489962
-9.27921752  0.76182128
-7.14990309 -1.23323015
-6.48671737  2.69681788
-0.17988173  2.86025059
1.99830811 -5.70757733
0.03818611  2.58060573
-6.45430175  2.673306  
1.96911432 -5.65390808
1.00617767 -9.66536524
-9.70739818  0.99300465
-3.4726265  -5.27869253
0.33050281  2.14545317
-6.37572519  2.59908279
2.2403524  -6.03993554
-9.64711527  0.97372869
-5.03425575 -3.52631185
0.93691259 -9.65972348
2.1614098  -5.87382261
-6.4253444   2.60988   
0.66358856  1.75104962
-4.39175124  1.15782023
-3.56771061  7.41155212
2.64241826  0.96295611
2.55442282 -6.08216113
-4.29871877  1.18731177
4.55665931 -1.37600209
-1.02263046  3.96305825
-6.18094367  2.56032711
1.83144714 -5.32311874
-5.94766335  2.2597332 
1.37971029  0.9650284 
2.38181172 -6.07651034
0.55584859 -2.91297753
-5.67583047  2.42788842
-2.31911479  5.81245177
-5.79051054  2.12282626
2.36858113 -5.89704428
3.19693486 -0.51956273
2.51139767 -6.32107483
1.41012669  0.94032631
-6.22452902  2.40854958
1.49980556  0.86226054
-6.082776    2.31488465
2.55136236 -6.36821356
2.55639764  0.03099378
3.06971499 -7.78056502
-7.68159482  2.57112473
3.61350838 -0.71929403
-5.44713313  1.84275477
2.70054471 -6.4508167 
0.89399827 -9.59378147
-2.68129154 -5.02221744
-9.67628879  0.93869773
2.12709778 -5.83324028
0.48792765  1.96001703
-6.31792013  2.56491353
-2.86361311 -3.58407568
-9.70492699  0.96503459
1.01072016 -9.73046711
-0.02065006  2.5989414 
2.13816178 -5.88836677
-6.2496535   2.55358957
-5.28141267  1.74066508
3.41188279 -0.57391275
2.61998266 -6.29716453
-5.37773011  1.82611056
3.35831373 -0.57012647
2.54308485 -6.16740837
-6.409465   -1.78870732
-9.40211715  0.77356492
0.97083955 -9.70248117
2.83154535 -6.89365845
2.01054076  0.44347004
-6.73371566  2.58537643
-5.22153606  1.71831894
2.6666959  -6.36886616
3.86840339 -0.90073183
2.59305922 -6.24214494
-5.32189449  1.80667324
3.82327636 -0.90381489
2.79469861 -0.12754368
2.68321208 -6.46131582
-5.65537809  1.96688739
2.56138657 -6.13625363
4.7869755  -1.60663547
-4.78686106  1.58720242
0.97017469 -9.67632877
-4.75382318 -3.83967662
-9.57434529  0.86820633
-4.57736083  1.35526441
4.58697376 -1.38480477
2.65074354 -6.28239087
-6.36435743  2.58704503
0.4063092   2.0465817 
2.25241204 -6.0476253 
2.70187791 -6.48828117
2.95302947 -0.2386152 
-5.65825597  1.96191407
-6.49457271  2.56859427
1.31584     1.02573258
2.5178539  -6.36476423
-9.60687767  0.90262691
-4.74405106 -3.08341844
0.88780763 -9.6289579 
-9.38853084  0.87255346
0.83920878 -9.60175161
-7.00324962 -1.3964023 
1.71665799  0.66458316
2.46665735 -6.19604072
-6.17379354  2.36064339
2.31950678 -6.14784459
-6.30621799  2.54745788
0.45723876  1.97651111
-7.85596129 -0.79699287
-8.71261778  0.24057574
0.97665921 -9.67621013
0.81397822 -9.36682635
-1.17601905 -6.94359815
-9.59370002  0.82067497
2.66456439 -6.47074587
-5.93661363  2.15719736
2.37388104  0.17219249
2.51465254 -6.29523636
-6.18796809  2.37090448
1.61052034  0.76122131
-1.78664083 -6.48470032
0.69844804 -9.33463152
-9.67438973  0.94538715
-6.51703535  2.7222052 
2.0398843  -5.78274431
-0.52228649  3.32743918
-9.67918494  0.95155435
0.45645179 -8.92429917
-0.71544933 -7.7438509 
2.57427214 -6.30405084
2.35530144  0.17208848
-5.88919961  2.14186186
-4.10526185 -4.06825916
1.01698395 -9.72664486
-9.62748278  0.89438604
-9.58763552  0.82864201
-0.52599667 -7.80611376
0.42935634 -8.90363879
1.74633405  0.45156249
2.5524981  -9.40930672
-9.38545992  2.11440791
-6.19177308  2.48493936
2.27607152 -6.06003961
0.46215768  1.96439681
0.21197103  2.254465  
-5.95446434  2.36020044
2.30133975 -6.09348521
-9.62163391  0.97187007
0.98294398 -9.72177648
-5.74378114 -2.25466927
-6.34534095  2.59671958
0.27815592  2.23551869
2.06397097 -5.76262125
0.47986252 -9.08207813
-9.7340228   1.01468064
-1.12418467 -7.2263703 
0.27952343  2.201196  
-6.27429748  2.54484099
2.25955247 -6.0657996 
-5.45140318  1.86099505
2.63643749 -6.33458634
3.56184529 -0.70272264
-6.18741345  2.59692942
1.25666761 -4.55828287
-0.88150356  3.92453328
-6.38777665  2.67575806
-0.80060458  3.74247573
1.70532738 -5.22278327
-4.99282555  1.50996517
2.77945788 -0.0411348 
2.58382823 -6.2222418 
1.0061175   1.33633574
-5.91831269  2.26646028
2.43437966 -6.21644036
3.44049788 -0.66439051
2.47926611 -6.06196098
-5.51642917  1.93875639
0.3575824   2.15599365
-6.40154163  2.6287774 
1.99396675 -5.65725027
2.00214931 -5.69304525
-0.34505488  3.06050741
-6.33394004  2.61954576
-6.12606582  2.52007291
-0.68186668  3.48847609
1.8683209  -5.4196716 
0.89287777 -9.63441287
-9.28695191  0.70450732
-6.83586045 -1.44839051
0.03754236  2.5573259 
2.02662127 -5.72896461
-6.37292157  2.62560449
0.89454297 -9.63705843
-8.75485855  0.29482097
-8.01099772 -0.36151499
1.60167556 -4.98416428
-6.43126961  2.7130961 
-1.27615577  4.41426736
0.96762014 -4.12584172
-6.24020959  2.64918274
-1.17483611  4.38523338
2.0012499  -5.63957793
-0.53375417  3.27077171
-6.11194058  2.50122167
-2.38160863  5.76247528
-5.38443494  2.2375092 
0.94289432 -3.30432766
-6.14189256  2.45140387
0.52770183  1.87972588
2.27914835 -6.04933386
-6.27306407  2.59922456
-0.46900091  3.2498507 
1.82780855 -5.41331215
-6.75969531  2.81252879
-0.31005604  3.0210929 
2.3828702  -6.47149322
-9.71436459  0.97886606
-0.35962655 -7.98441307
0.36169388 -8.82820351
0.83571354 -9.59253356
-9.59590913  0.90469927
-5.01312014 -2.86194999
-7.08211937 -1.17869949
0.97580758 -9.71017953
-9.28868518  0.74407459
-9.09774374  0.58981722
-7.42670605 -1.05084512
1.01813736 -9.74159146
2.51556722 -6.25666626
1.69165643  0.70412673
-5.8199018   2.14212365
2.54621756 -6.30533895
-5.63622299  2.02516408
1.57337198  0.82917296
1.89961434 -5.55845005
-0.45178898  3.24837345
-6.49277691  2.71361152
3.31435487 -0.48976603
2.65570313 -6.36765306
-5.32368807  1.75400364
-6.24140272  2.53723656
0.29131682  2.20487187
2.07907914 -5.7705857 
1.43300368 -4.84158167
-0.79527451  3.80214323
-6.34202387  2.66741534
-5.5206086   1.89156072
3.07676661 -0.34365505
2.61157499 -6.30838154
-5.75860981 -2.42614337
-9.58481974  0.9478417 
0.86476313 -9.61550143
2.50564806 -6.08266005
3.87033881 -0.96904745
-5.26146799  1.80178926
3.5413952  -0.65973087
-4.9959694   1.56505149
2.55580516 -6.15691434
-5.37663601  1.81716262
2.67057914 -6.38735367
3.79551089 -0.86132841
2.63445497 -0.02548951
-6.28252794  2.32102526
2.76883079 -6.67344098
-9.68362551  0.93952775
-1.2439957  -7.05760554
0.81997936 -9.35032941
0.89979381  1.45165493
-6.25819873  2.47860753
2.4254695  -6.25541844
-5.06762487  1.57959605
3.74065234 -0.76188719
2.72828846 -6.47397765
-0.52104828  3.30400136
-6.32468548  2.62238018
1.9466742  -5.59870865
1.34724179  1.0094239 
2.47260796 -6.21767595
-5.77190026  2.14144346
1.53137532  0.82903107
-6.35294456  2.47094476
2.5243679  -6.33332575
4.72251029 -1.42674159
2.68430961 -6.30249617
-4.12007529  1.01421309
3.14216686 -0.40774925
-5.56831487  1.93204269
2.58161545 -6.25490294
2.62652833 -6.25715343
-4.78455717  1.48453469
4.36592479 -1.25010079
2.87144366 -0.18704043
2.63864849 -6.3708785 
-5.59072757  1.93041589
1.7571376  -5.09894584
2.10941455  0.27382142
-5.75051705  2.20633935
-4.98339038  1.49243059
2.46990503  0.21491527
2.61483418 -6.28735429
3.24531624 -0.50121649
-5.6913644   2.01884313
2.55755789 -6.21475573
0.90379712 -9.55988069
-9.73620558  1.00206945
-2.20097068 -5.80413341
0.22762208 -8.66639654
-9.61675721  0.87484195
-0.35958776 -8.08547582
1.89721322 -5.44856976
-0.9392203   3.8480021 
-6.21994008  2.57688422
1.88607538 -5.48684858
-6.39703102  2.67154984
-0.82449544  3.73237218
0.57457724  1.83046145
-6.29363328  2.52934019
2.35998795 -6.19822386
2.72691656 -6.49379033
3.75875643 -0.81906857
-5.39400841  1.81230801
2.5155748  -6.19845077
-5.95511581  2.18909562
2.41901866  0.10918655
0.94283286  1.40369148
2.44897397 -6.27507853
-6.11384303  2.38941351
1.75653933 -5.34277997
-6.38430681  2.6577405 
-0.21918599  2.96044526
-0.88939758 -7.37508854
0.69761223 -9.19359844
-9.56614334  0.7901046 
4.21114721 -1.18657   
2.54388995 -6.12247716
-4.93739393  1.60873225
-4.35654614 -3.69411006
-9.68084167  0.97421792
0.88972553 -9.62920204
-3.45473077 -5.18544422
-9.71995196  1.01202896
0.83108829 -9.53140274
2.60840108 -0.03042136
2.49540558 -6.13605469
-5.71576121  2.04132453
-0.28944743  3.0268175 
-6.39529297  2.6593767 
1.85699021 -5.48515384
-8.32964333 -0.05775585
0.93230484 -9.66666156
-8.50525951  0.0708423 
1.36281808  0.98143341
-6.06566764  2.32702473
2.42770535 -6.16861653
-5.99811098  2.21548487
2.16648122  0.31397579
2.58750542 -6.35019646
2.29345468 -5.84311874
2.26614937  0.19516797
-6.0222048   2.27056297
-6.10580602  2.29997227
2.61394487 -6.44423649
1.80135886  0.60730826
2.5532971  -6.16737015
-5.32154512  1.83859836
4.01580713 -1.06530479
-6.24880329  2.62988043
-1.39370999  4.57447069
1.40348597 -4.62799124
2.29475197  0.21078219
-5.79285868  2.09570364
2.50487357 -6.1785969 
2.57877852 -6.32819037
-5.73926802  2.06086029
2.03075824  0.44095301
1.45181645  0.9219413 
-7.09578678  2.69357047
2.9222149  -7.31029338
1.008586   -9.73433947
-9.335643    0.72002063
-6.6381526  -1.64182575
-9.71363309  0.98813714
-3.64704155 -4.59874662
0.9828427  -9.6872412 
0.94714131 -9.65081347
-9.65534715  0.93232944
-3.74544379 -4.46647286
-5.43793332  1.84039368
3.54160925 -0.6732733 
2.67593082 -6.40682637
-3.38948354  0.70146074
2.65466265  1.71462023
-3.66899033  7.55310091
-9.67934442  0.93289593
-0.39847911 -7.91172047
0.48057238 -8.93079693
-9.70778157  0.97688114
-0.4981658  -7.88805357
0.3785177  -8.8522605 
-9.38497768  0.81625895
0.92203761 -9.6633126 
-6.72793172 -1.61152206
-4.06042334  1.55693532
2.0636679  -5.19709658
5.73615493 -2.4918763 
-2.28125977 -5.74290867
0.97821819 -9.62006459
-9.63820697  0.88295825
4.52098725 -1.40648499
2.60274555 -6.23250084
-5.05818519  1.70808595
1.98018068 -5.64196751
-0.70894055  3.55621121
-6.35292448  2.64099951
-6.42562177  2.70463571
-0.64757117  3.60216623
1.51195284 -4.98536778
3.07598425 -0.33838648
2.5993489  -6.28002292
-5.42848531  1.83333225
3.43594201 -0.60172063
-5.73948592  2.01725295
2.72748127 -6.52177025
-9.63595286  0.89412733
-1.90338516 -6.4742044 
0.8127618  -9.40801336
-5.86730044 -2.63988678
0.92296762 -9.66310612
-9.63401492  1.01325592
-6.21625109  2.59176479
-1.00210776  3.99116391
1.61373394 -5.01444694
2.43301826 -6.18778441
-6.01081487  2.30245284
1.25461742  1.08469232
2.42191293 -5.94956155
-5.28325765  1.80705991
3.45349865 -0.67901164
2.56398003 -6.25281202
2.54156597  0.04813001
-5.59841412  1.95262654
-6.02526434  2.33139804
2.33093135 -6.03417927
1.13042864  1.20451521
-5.15193315 -3.96036343
-9.61896     0.97444399
0.95317304 -9.64232989
-6.23268232  2.58589829
1.6594163  -5.17244541
-0.38529059  3.17585191
0.81106957  1.55367616
-6.23396834  2.48155681
2.29519215 -6.04639461
2.05973016 -5.75920676
-6.32002728  2.58625165
0.21582934  2.31410589
-2.58496018  0.31249442
5.80253909 -2.29197195
2.48000959 -5.75186011
-8.18952529 -0.35332672
1.00274705 -9.71843675
-8.56299028  0.14338707
0.95046619 -9.67891706
-7.31323532 -1.22831724
-9.20518297  0.7169496 
-6.33797833  2.64252538
-0.98393723  3.93637648
1.89662094 -5.46819081
1.6801144  -5.15982222
-0.70591959  3.58159895
-6.20930811  2.5782071 
2.70317236 -8.99755627
-8.94755324  2.49882306
1.37567646  0.88022257
-6.15840056  2.51625216
0.12643413  2.45070019
1.84774024 -5.42676353
-5.27683497  1.73989939
2.64953869 -6.34723787
3.56999284 -0.68659707
-5.14067206  1.65080836
2.59894911 -6.24729801
3.4759019  -0.61211427
-0.9674369   3.94006507
1.85617228 -5.42694568
-6.43135146  2.69435739
2.52914798 -6.4482061 
0.9588821   1.38840224
-6.50766201  2.60579941
2.06363478  0.4004993 
2.61043021 -6.40129758
-5.98502828  2.21021246
