[[0.9910678 ]
 [0.9260666 ]
 [0.92280605]
 [0.52059551]]
[[0.98699662]
 [0.93675309]
 [0.93406977]
 [0.09819973]]
[[0.99626757]
 [0.89727493]
 [0.90127376]
 [0.53413323]]
[[0.98894723]
 [0.92944451]
 [0.93632262]
 [0.10113845]]
[[0.9920367 ]
 [0.93463789]
 [0.94296521]
 [0.09106819]]
[[0.98841456]
 [0.94352842]
 [0.93818166]
 [0.08922874]]
[[0.99185633]
 [0.93356717]
 [0.93984368]
 [0.09574413]]
[[0.99105014]
 [0.93293034]
 [0.92874068]
 [0.09964677]]
[[0.99337344]
 [0.93585911]
 [0.92353723]
 [0.10597936]]
[[0.99526544]
 [0.90381868]
 [0.90994377]
 [0.53003264]]
[[0.9910678 ]
 [0.9260666 ]
 [0.92280605]
 [0.52059551]]
