0.85932924	0.91631626	-0.95156056
-0.90459223	0.86664807	0.8858378
0.89509658	-0.87103025	0.85114735
0.81681009	0.96778239	-0.89500511
0.87464266	-0.95762101	0.96688296
-0.94331305	0.95497561	0.96181327
0.98107597	0.8163303	-0.96095028
0.6638388	-0.79195354	0.93912951
0.8933138	-0.91322073	0.85621603
-0.64253641	0.90752321	0.57291258
0.8985971	0.93600759	-0.99023375
0.67773884	0.93173869	-0.76809173
-0.92645095	0.8076035	0.99599696
0.90607701	0.6777627	-0.72669912
0.78008136	0.90245659	-0.77296417
-0.84616838	0.86887041	0.86309317
0.89161166	0.84606908	-0.92406167
0.7303221	0.97412709	-0.88990547
0.87615302	-0.78249494	0.8141582
-0.85831635	0.96322437	0.70818242
0.90923554	-0.8799144	0.79871683
0.99876933	0.67924217	-0.80464589
0.86691465	0.96979789	-0.98239699
0.96119276	-0.82837902	0.71947012
-0.71233915	0.71443672	0.93674181
0.73533555	0.98255499	-0.88988177
0.9370555	0.93834813	-0.92888785
0.83854399	0.93341377	-0.86778577
0.95332751	0.87296359	-0.87397336
0.93664532	-0.97887419	0.90398393
0.90184948	0.9707406	-0.91100404
-0.97420508	0.92841202	0.94423723
-0.72309591	0.6524762	0.90337445
0.86648057	-0.96933019	0.97183869
0.83125409	0.98170127	-0.96947155
-0.96994605	0.93826096	0.96880346
0.984783	0.73560224	-0.89524224
-0.94751067	0.96746237	0.89059269
-0.91729717	0.94109115	0.83538423
0.88157049	0.96759249	-0.9752091
0.98292961	-0.87028366	0.72022573
0.83338974	-0.91187961	0.89088152
0.86955745	-0.88870377	0.86465882
0.96647734	0.74241324	-0.8620334
-0.92247148	0.90898697	0.91787894
0.8544521	0.97427497	-0.95626394
0.88191001	-0.98264268	0.95242226
-0.88077758	0.77075871	0.92860789
0.87978972	-0.90074262	0.83968039
-0.82903333	0.89588311	0.78495072
0.85680534	-0.86155736	0.8178409
0.81618014	-0.87173747	0.8756293
-0.92293858	0.79997797	0.97792734
0.87803479	0.86234706	-0.87594645
0.98651834	0.81311082	-0.92172263
0.85698769	0.93346722	-0.97418093
-0.88855887	0.81601248	0.92384081
-0.8858372	0.80013474	0.91904117
0.92671045	0.84935616	-0.91806538
0.89199028	0.88894996	-0.87267991
0.83823475	-0.89757998	0.90837423
0.52741244	0.98140516	-0.65895537
0.94893486	-0.91110024	0.82028062
0.84153246	-0.73635877	0.86994013
-0.69396847	0.6988202	0.80974723
0.84153236	-0.97400209	0.95122848
0.90761106	0.93475305	-0.93399073
0.794049	0.89585395	-0.87779643
0.95810466	0.91656919	-0.92690763
0.84424548	0.98036336	-0.94741664
0.89841071	0.7851069	-0.80531077
-0.86835284	0.84468344	0.85947505
-0.91853045	0.84181704	0.9455504
0.95613676	-0.97930844	0.89185475
-0.96608804	0.96079741	0.82576253
-0.82404295	0.9618131	0.70275486
0.97190836	0.93857345	-0.96632926
0.70821146	0.97471491	-0.81310809
0.94564709	-0.88242435	0.83124458
-0.91205181	0.83582931	0.89484503
-0.76268768	0.94484633	0.6783629
0.7555706	0.98574184	-0.9144925
0.86289339	0.98261703	-0.98112027
0.72193954	0.95994522	-0.86428803
-0.9149897	0.94696969	0.85490421
0.8604065	-0.99885422	0.99729182
0.87551918	0.89584876	-0.91532193
-0.85812922	0.87198561	0.99111942
0.95943827	0.8602772	-0.91595617
-0.94550265	0.82564996	0.94668586
0.86098009	0.92978086	-0.95488705
-0.98927198	0.95867019	0.90245354
0.98287351	-0.78134675	0.63997094
-0.96550336	0.79840812	0.97904114
0.89860089	-0.98592814	0.98800452
0.98602342	-0.82409127	0.66595531
-0.98437797	0.86547658	0.93469816
-0.95541088	0.82614601	0.95579726
-0.95346114	0.94389225	0.83305816
-0.97707286	0.91476941	0.95057624
-0.79309929	0.74287104	0.95301645
0.99997939	-0.85356706	0.7001458
-0.96477201	0.8203429	0.98837786
0.76854195	0.9254183	-0.82634113
0.77501833	-0.8288498	0.88205087
-0.97988635	0.84377432	0.97215781
0.81556374	0.8001402	-0.80006323
-0.69643257	0.97672748	0.5380514
-0.91100141	0.98850561	0.8426006
0.86800405	0.85507613	-0.91107708
0.7233136	-0.88797179	0.98258612
0.91296753	0.75505036	-0.82674126
-0.96878397	0.98730323	0.834483
0.97666944	0.92313586	-0.96965087
0.92660996	0.91928581	-0.93274472
-0.84836429	0.73698235	0.98183361
0.95997092	-0.99252719	0.91012822
0.91884303	0.83404738	-0.9391565
0.8093296	0.93434791	-0.90521161
-0.95701172	0.99454976	0.86935722
0.80196679	-0.88451417	0.95506916
0.85345667	0.82445869	-0.83314369
0.93853042	-0.94850921	0.95866139
-0.97763184	0.89040644	0.97499384
0.95037122	0.95935324	-0.99660919
0.80568509	0.95374446	-0.91125183
0.76177969	0.93337189	-0.84581839
0.7330193	0.9967114	-0.87552826
-0.96041148	0.86248779	0.98338052
-0.92614149	0.94363949	0.80128458
-0.99365688	0.97377596	0.90303386
-0.90348204	0.98835855	0.84099832
0.6972365	0.97688999	-0.8584842
-0.89684669	0.95323979	0.77065347
0.93607993	-0.98499134	0.90532826
0.90471027	0.85180315	-0.9438951
0.98242476	-0.93982479	0.95092139
0.95412208	-0.85062068	0.7376828
0.80655026	-0.87796596	0.94950029
0.89275787	-0.99275559	0.96943524
0.89709405	-0.82034519	0.74828064
-0.8107643	0.99337419	0.74740619
-0.97838738	0.94542684	0.90035208
0.96487531	-0.91540975	0.92303503
0.91974618	-0.9585175	0.89810169
0.84930543	0.90524508	-0.90631099
-0.73261969	0.86650089	0.72522054
-0.77156157	0.68821579	0.90178558
0.93669223	-0.84509133	0.74697662
0.86293708	-0.95132867	0.93618021
0.80869414	0.79772195	-0.78944162
-0.86123822	0.7931655	0.88739521
0.90309642	-0.95119675	0.98471347
0.93138969	0.95477974	-0.99879879
0.90913411	-0.91282035	0.90577573
-0.75223921	0.85735578	0.73910056
0.7614913	0.89338386	-0.81828866
-0.76374338	0.98305622	0.77049262
0.71010124	-0.84127137	0.96272522
-0.91411491	0.75220494	0.99227829
-0.92212465	0.94393428	0.85928555
-0.93249173	0.90288407	0.86884318
-0.69399624	0.95544863	0.5920708
0.95942346	-0.91655333	0.99238797
-0.820444	0.88374939	0.77424496
0.81437673	-0.83508651	0.95993495
0.9701276	0.83564381	-0.97345417
-0.80041315	0.83917708	0.78796882
0.94821869	-0.84437951	0.83882518
0.9769445	0.94983699	-0.91856107
0.7792472	0.86703199	-0.83185542
0.99270163	0.77289982	-0.93718851
0.9816818	-0.92221539	0.81440553
-0.75959688	0.96838132	0.6242267
0.9613854	-0.94756574	0.95842494
-0.88569901	0.74311222	0.97197491
-0.94850714	0.9599855	0.83914875
0.8587083	0.87754632	-0.82272106
0.95337382	0.80235669	-0.94176041
-0.96498258	0.88230005	0.90661623
-0.86396513	0.99057198	0.69988794
0.70856741	0.98998903	-0.82802344
0.98574935	-0.99223194	0.82154269
0.93487478	-0.89349122	0.8204411
0.81897088	-0.92420769	0.95821702
0.88996071	0.63888011	-0.68656628
0.93835162	-0.9222097	0.80560046
0.94899992	0.82302466	-0.8993283
0.82345258	-0.9743904	0.9754388
0.95892281	0.82249329	-0.88060891
0.86635602	-0.85898719	0.90720993
0.91084781	0.85476997	-0.905896
-0.86938308	0.96445967	0.75425191
0.90546303	0.73581833	-0.79752299
0.8526461	0.96558469	-0.97967023
-0.95895575	0.94495759	0.8712113
0.81241047	0.96626235	-0.93383051
-0.99006294	0.86285509	0.95176079
-0.91022873	0.88014433	0.99205487
0.92533653	0.77377081	-0.80765434
-0.80685487	0.90431999	0.72874996
0.96086527	-0.99324229	0.84998848
0.83688208	-0.89532228	0.89280833
-0.71644221	0.7627292	0.78294155
-0.99732512	0.86072905	0.97362155
0.92588531	0.80332044	-0.91825188
0.83926395	-0.88096858	0.85569196
0.97054052	0.81763202	-0.926805
0.98868779	0.88641318	-0.966292
0.94905435	-0.87970075	0.81785306
-0.98154371	0.94901456	0.99041024
-0.89584913	0.87879731	0.9202516
-0.88635703	0.91252457	0.92290761
-0.80950114	0.73973439	0.8819011
0.93070231	-0.95581565	0.85036532
0.87915639	-0.9868087	0.92297983
-0.86939136	0.8047309	0.88927802
0.65267195	-0.81145752	0.97758382
0.77887724	0.87214741	-0.8279071
0.7622515	0.88235907	-0.81077952
0.84401725	0.9657445	-0.94732239
-0.80393593	0.79187073	0.89638444
0.86037705	-0.98082815	0.97667052
0.92119994	0.80055289	-0.80745242
0.98083463	-0.89139921	0.78501456
0.93724662	-0.9989473	0.93329891
0.99848146	-0.95269533	0.82492735
0.86710927	-0.89976822	0.95206055
0.7727481	0.99271235	-0.9199557
0.92474288	0.90972466	-0.97602388
0.80825792	-0.69486515	0.73688357
0.95306505	-0.96636241	0.84963552
-0.94140218	0.87203698	0.97079292
0.88425297	0.77103194	-0.82024951
-0.90493051	0.96353435	0.83751053
-0.91889293	0.85424085	0.88006608
-0.93877412	0.97835313	0.84998331
-0.94701406	0.82529224	0.97869241
0.93088853	-0.95468789	0.88408936
0.87221647	-0.98398817	0.93595977
0.94302109	-0.88350731	0.77293097
-0.97614818	0.91898197	0.9582512
0.97235764	-0.93613451	0.83132992
0.79011117	-0.82745693	0.84960383
0.9885696	-0.92631169	0.78736609
0.94217709	-0.94599238	0.84682517
0.91618186	-0.6873012	0.65390365
-0.93858148	0.86312231	0.90110694
0.90045775	0.83050158	-0.88614691
-0.85582066	0.77306407	0.93748568
0.91695311	-0.7840563	0.73065024
0.75632113	-0.83454868	0.96563602
0.84102989	0.96072309	-0.94933968
0.91369863	-0.94993964	0.95701945
0.85310876	0.79209997	-0.7720011
0.91127374	0.96060881	-0.92550767
-0.94713432	0.96134364	0.91473365
-0.94953052	0.8914996	0.90149414
-0.89037787	0.77931339	0.99232626
0.85254248	0.95771669	-0.96075642
0.93000767	-0.956039	0.91969602
-0.98586063	0.87294516	0.94687616
-0.85529573	0.8213289	0.85945777
0.77166563	-0.85420438	0.89946644
0.69324059	-0.84018781	0.96283599
0.87907827	0.81283569	-0.86994319
0.96874777	0.83837449	-0.971247
0.86538956	-0.99187744	0.98555637
-0.8675492	0.9967274	0.72309582
0.98481747	0.79148275	-0.85927971
-0.9179371	0.93751578	0.89749954
0.89675953	0.8906752	-0.92844766
0.90419144	-0.90426156	0.89396508
0.96596234	-0.97323091	0.92858981
0.95460957	-0.96562588	0.87638068
-0.61263157	0.61773668	0.81548729
-0.78443202	0.79945205	0.97714515
0.98683886	-0.9271506	0.83337585
-0.93623164	0.8505766	0.94750089
-0.70526832	0.55378777	0.9652474
-0.77999739	0.63068479	0.99824532
0.96381485	-0.91732714	0.91200585
0.9800132	-0.86712283	0.70669712
0.81010784	-0.92447933	0.98313373
0.69576648	-0.7719322	0.91148275
-0.88205758	0.98811489	0.80994039
-0.82449145	0.73743639	0.95983452
0.92120387	0.65090047	-0.74808393
0.94226051	-0.94747598	0.82243297
-0.915778	0.98574053	0.83769063
0.99963722	-0.94204206	0.8170696
-0.82948002	0.95809528	0.75057544
0.83859074	-0.82504651	0.81344473
0.91066309	-0.98969206	0.96931801
0.89345472	-0.84544878	0.78645818
0.84491697	-0.94594856	0.99829996
0.81898031	0.95163335	-0.94152959
-0.91137341	0.88689284	0.97623065
0.81141767	-0.92925138	0.95331792
-0.8815948	0.81555165	0.88928954
0.97046634	0.84173041	-0.97506187
0.98531933	0.89544918	-0.92707668
0.98545456	0.78050369	-0.95062455
-0.83802182	0.90254452	0.85998662
0.96640562	0.91646871	-0.97923208
0.86859624	0.93859253	-0.91876433
-0.81348892	0.69540941	0.94389365
0.99216102	0.81687655	-0.94846867
0.83280386	-0.77831146	0.77400886
0.86398463	-0.9714213	0.92840528
-0.92665641	0.87297794	0.97086834
0.94975871	-0.88905279	0.77151773
0.85780798	0.86670453	-0.89893957
-0.85301431	0.86274628	0.81672909
0.97169407	-0.87259285	0.80175362
-0.91258207	0.95949277	0.81162841
-0.96802691	0.92468938	0.9556092
-0.79470445	0.76349547	0.87740798
0.86027065	-0.97458076	0.98420718
0.8640426	-0.73665824	0.72952249
0.93799238	0.98417501	-0.99771964
0.92394291	0.84470535	-0.8819895
-0.91765828	0.91781125	0.83146587
-0.92930595	0.93249311	0.96092525
0.85882769	-0.7232033	0.74776922
0.97603086	0.88611248	-0.96760313
-0.93996172	0.85109669	0.97777544
-0.90465068	0.99630924	0.83181699
0.93125531	-0.95134614	0.93064339
-0.84134524	0.84358413	0.97574658
-0.95208642	0.97093506	0.80814355
0.98704056	0.96781729	-0.89995327
0.91725686	0.79318995	-0.82791821
-0.89715838	0.96894802	0.780533
0.77860636	-0.89374545	0.93827574
0.93440438	-0.9728531	0.87023168
0.78591382	-0.85074986	0.88216797
0.85884498	-0.84151116	0.93647085
-0.74417565	0.91690981	0.65336449
0.94450017	0.7804653	-0.88516201
0.87061917	0.9973482	-0.94805627
0.83762189	-0.98491481	0.97498785
0.86154886	0.89848438	-0.91130586
-0.97273361	0.85174251	0.9364917
-0.91597702	0.83716232	0.89096266
0.97327564	0.76832083	-0.91406828
-0.91752001	0.81898364	0.94058435
0.66967635	0.86488559	-0.65087372
0.83395446	-0.79231523	0.85441217
0.7894276	-0.89504884	0.95715501
0.80951455	0.98514341	-0.83516706
0.87592609	0.81686704	-0.85060604
0.80576887	-0.88796805	0.92585744
-0.93996992	0.96127748	0.9710017
0.91734466	-0.92004169	0.85235597
-0.92650507	0.938754	0.84549149
0.89951195	-0.75715502	0.75048041
-0.96337887	0.8094952	0.97114889
0.99782603	0.8064924	-0.98718078
-0.97272483	0.84340043	0.94102731
-0.86552792	0.88569949	0.79310346
0.85422863	-0.71477891	0.72758987
-0.96903081	0.9196738	0.87764522
0.97524751	0.7430729	-0.86339347
0.9305227	0.85090744	-0.91438877
0.84216847	-0.97735267	0.95804836
0.97516055	0.85586986	-0.96962781
0.90931642	0.78055547	-0.86649507
0.7270458	-0.80358809	0.91641993
0.84482016	-0.94586789	0.93546277
0.88675454	0.87920548	-0.94673771
-0.89842575	0.98747778	0.76884296
0.91541507	0.84335893	-0.92025726
0.9147613	0.98188316	-0.99601449
0.94376692	0.87213656	-0.96298642
