[[ 4.16064777 -3.29333752  4.160219  ]]
[[ 4.27411553 -2.83364625  3.21620153]]
[[-3.89575304  4.38213443  4.12424831]]
[[ 4.25160733  4.22201652 -3.6835281 ]]
[[ 4.15953497 -4.05836558  4.39481676]]
[[ 3.77863821 -2.80771851  3.99813263]]
[[ 4.34296043  3.8068084  -3.50079561]]
[[ 3.82492938  4.44413365 -3.73142529]]
[[ 4.26662055  3.8345061  -3.39641039]]
[[-3.35407385  3.58417733  4.21083243]]
[[ 4.4706195 -3.1950734  3.4545986]]
[[ 3.85447442  3.86507476 -2.77618519]]
[[ 4.40829567 -3.0432942   4.13785759]]
[[-3.7150502   4.27259715  4.20072512]]
[[ 4.17272221  4.09115194 -3.02219341]]
[[ 4.2610646   3.74852491 -3.49090541]]
[[ 4.29718533 -4.36214236  4.48802218]]
[[ 3.74650235 -3.2685092   4.34018692]]
[[ 3.65154712  4.24834496 -3.20603484]]
[[-3.36592567  3.88120377  4.39238492]]
[[-2.71964761  3.64132839  3.58986376]]
[[ 4.34465596  4.39679736 -3.88712634]]
[[ 4.27683646  3.27533667 -3.12682302]]
[[ 3.90828729  3.85975788 -3.23924225]]
[[ 3.82112531  4.24906915 -2.92541137]]
[[ 4.1834169  -3.55077189  4.10579288]]
[[-3.38231902  4.36678381  4.48680434]]
[[ 3.65230321 -3.5897587   4.43210132]]
[[-3.79765303  4.4865418   4.16785489]]
[[-2.76611482  3.24742109  4.48143412]]
[[ 4.32841975  4.27776422 -4.05018272]]
[[ 4.01240896 -3.24071165  4.21115081]]
[[ 3.82519716 -3.49744767  4.08317159]]
[[ 4.2444184  -3.53952682  4.42519987]]
[[-4.25125536  4.41746323  4.29418718]]
[[ 4.45424448  4.48222077 -4.33757265]]
[[ 4.08537679 -3.60213865  4.32363078]]
[[ 4.46105559 -3.15644134  3.18216234]]
[[ 4.18472509 -2.87434645  4.31842937]]
[[-3.29753268  4.48443653  3.95584181]]
[[ 3.98674299 -3.29697977  4.03791592]]
[[-2.79353077  4.11395685  3.49268599]]
[[ 4.10067415  4.37200695 -4.05900582]]
[[ 4.36825261 -4.09618387  4.36265975]]
[[ 4.36505828 -3.6112986   4.02200651]]
[[ 4.3122746   4.2877881  -3.56926828]]
[[ 3.84884411 -3.29450263  3.89617896]]
[[-3.259654    4.21954586  4.16053923]]
[[-3.99922285  4.43856023  4.31056889]]
[[ 3.8045938   4.28054334 -3.15614483]]
[[ 2.92749782  4.46984456 -2.79803877]]
[[ 4.49041362  4.29033929 -2.62641465]]
[[-3.71469381  4.3586304   4.01135875]]
[[ 4.46565641  3.69276526 -2.85774392]]
[[ 3.67942169  4.26729163 -2.61686763]]
[[ 4.3168203   4.41506136 -3.96074449]]
[[ 3.88027657  4.33010697 -3.4476387 ]]
[[ 4.10569985 -3.45762283  4.28558009]]
[[-3.29978423  4.22385082  3.65346584]]
[[ 4.01541963 -3.62651796  4.16893797]]
[[ 3.92954959  4.36653642 -3.74897417]]
[[ 4.37496587 -3.98016967  4.36201976]]
[[ 3.12462475 -2.88550655  4.19592608]]
[[ 3.97554608  4.38524444 -3.29820228]]
[[-3.83836635  3.95552836  4.33684672]]
[[ 4.11855917 -4.04907225  4.46767188]]
[[-2.56622489  3.32386966  4.10111928]]
[[ 4.00859682  4.40082388 -3.60046523]]
[[ 4.47573681  4.06964188 -3.98580624]]
[[ 4.49659137  4.23705111 -4.25159376]]
[[-3.84869663  4.24462108  4.1725828 ]]
[[ 4.38158328 -3.85010704  4.22542256]]
[[-3.60838222  3.80809011  4.48439202]]
[[ 3.41644067 -3.10248963  4.20017053]]
[[-3.22162805  4.24714261  3.68897001]]
[[ 4.15625069 -2.99406984  3.59789096]]
[[-4.25293325  4.20895417  4.48959192]]
[[ 4.31641088  4.41273238 -3.19553017]]
[[ 4.26649638  4.44910388 -4.10324716]]
[[ 3.48602075  4.39785725 -3.42382876]]
[[-3.53117248  3.89072405  4.32552443]]
[[ 4.29056871  4.18141529 -3.8497717 ]]
[[-3.16508463  4.47505877  3.33200114]]
[[ 3.89554695 -3.34030039  3.90884011]]
[[ 3.85898621 -3.32909967  3.97298877]]
[[ 3.46489159 -2.97473767  4.12923892]]
[[ 3.94696495  4.09069539 -3.51057268]]
[[-3.955387    4.40248325  3.97934545]]
[[ 3.92359086 -3.68657358  4.30011877]]
[[ 4.49117826  3.76979578 -3.13908933]]
[[ 4.43654038  4.00957299 -3.33364367]]
[[ 4.13357235 -3.5328191   4.48198336]]
[[ 4.03178537  4.34003566 -3.66615552]]
[[ 4.01660359 -3.51143378  4.48709048]]
[[-3.64459203  4.34063566  3.92923212]]
[[ 3.65018966  4.24249567 -3.33924777]]
[[-3.53336179  3.96314302  4.08545302]]
[[-3.46663891  4.22870736  4.09120381]]
[[ 4.14296093 -3.8750249   4.39819812]]
[[-3.27157091  4.148738    4.38399178]]
[[-3.08071808  4.464509    3.03836269]]
[[ 4.09305453 -3.81487965  4.27476803]]
[[-3.25627461  4.14202534  3.84953923]]
[[ 3.67896717  4.02219723 -3.22406052]]
[[ 4.31076695  3.69151757 -3.15043299]]
[[ 4.10527139  3.78434213 -3.31425489]]
[[-3.5737626   3.90013177  4.33065603]]
[[ 4.15386149 -3.26214798  4.44790126]]
[[ 3.36279421 -3.09578363  4.30053064]]
[[ 3.83112738  4.26192916 -3.64819174]]
[[ 4.18442861  3.60429102 -2.99753834]]
[[ 4.08319608 -3.41608724  4.3215424 ]]
[[-3.47142921  3.8958162   4.0335902 ]]
[[ 4.05984726  4.49296422 -3.73916545]]
[[ 3.95630775  4.11626387 -3.35384307]]
[[ 4.2302185  -3.25984518  3.97827352]]
[[ 4.46977838 -3.94732113  4.46601047]]
[[ 4.15644083  4.42139972 -3.04580733]]
[[-3.16173911  3.79655076  4.12018822]]
[[-3.17638251  4.29185984  4.1537547 ]]
[[ 3.730028   -3.22999985  4.48627969]]
[[ 4.2408937  -3.9875854   4.17317969]]
[[ 4.27011669  4.32909235 -3.78401181]]
[[-3.5982805   4.40377373  4.1247296 ]]
[[ 4.35664252  4.22132631 -4.14001406]]
[[-2.8791224   3.45300073  4.23823691]]
[[ 4.39050668  4.30468165 -3.88081961]]
[[-3.84023944  3.92114383  4.47638914]]
[[ 4.15184832 -3.17528245  4.06035223]]
[[ 4.11318287 -3.2938629   3.89457016]]
[[-3.09476066  4.40574423  4.41782828]]
[[ 4.25100692 -3.11414391  3.61290248]]
[[ 3.96169072  4.14290538 -3.59978464]]
[[-3.74629458  3.81757016  4.33037366]]
[[ 4.48473836 -3.41707002  3.69567483]]
[[ 3.29106659 -3.08982152  4.3656909 ]]
[[ 4.08677045 -3.1612695   3.66453544]]
[[ 4.4080735   4.47403126 -4.02064099]]
[[-3.72106269  4.28912838  3.86413103]]
[[ 3.7702411   3.58487709 -2.67845732]]
[[ 4.07754943 -3.58682811  3.92168777]]
[[ 4.26438457  4.31015825 -4.08939438]]
[[ 4.443648    4.31000423 -4.11930106]]
[[ 3.87940351  4.34153206 -3.60252417]]
[[-2.93338337  3.95735287  3.50377643]]
[[ 4.44329851 -4.11922915  4.11096038]]
[[-3.78047859  4.4108982   3.77962216]]
[[ 3.97242776  3.87842069 -2.88318329]]
[[ 4.46889871  3.82208085 -3.65399225]]
[[-3.77364777  4.07339906  4.13701243]]
[[ 4.40583157  4.31844909 -4.12617125]]
[[ 4.18716524  3.85176807 -3.46509259]]
[[ 3.94525209 -3.6544389   4.47370752]]
[[ 4.123892   -3.63968297  4.32854549]]
[[-3.68711065  3.9788572   4.45312346]]
[[ 4.11807071  4.34816941 -3.61431577]]
[[-4.03305611  4.45005104  4.31553986]]
[[-4.21026812  4.35714865  4.39490923]]
[[-4.22737314  4.36108153  4.44144748]]
[[-3.31420169  4.16019328  4.42573964]]
[[ 3.77549252  4.21779642 -3.35083728]]
[[-3.28476813  3.93188937  4.02583091]]
[[ 4.40872224 -3.24836722  4.3621521 ]]
[[ 4.31374478 -3.17013053  3.52241043]]
[[ 4.00244689  3.38669103 -2.78410358]]
[[ 3.56975854 -3.47088778  4.46090788]]
[[-3.8441326   4.17889172  4.45316517]]
[[ 4.04949573  3.80505227 -3.18411022]]
[[ 3.95461539 -3.16697783  4.14361303]]
[[-2.84384211  3.75730576  4.11869695]]
[[ 3.33149419  4.09386828 -3.00371303]]
[[-3.15135979  3.93412596  4.31333855]]
[[ 3.43224054  4.49948267 -3.27813617]]
[[-3.15834858  3.86309891  4.17095881]]
[[ 4.19636213  4.19245815 -3.78566583]]
[[-3.31355276  3.8384625   4.2135933 ]]
[[ 4.02258239 -3.5076751   4.32046765]]
[[-3.18954751  4.27274491  3.83612346]]
[[ 3.93185736 -3.85818146  4.32659167]]
[[ 4.26762788 -3.92990924  4.19493769]]
[[-2.81542928  4.3932352   2.906414  ]]
[[ 4.22674176  4.07433427 -3.83319111]]
[[ 4.39945868 -3.07503831  3.54017077]]
[[ 4.31236488 -3.60410091  4.18424776]]
[[-3.50627516  3.95306259  4.39829307]]
[[ 4.35968934  3.82462863 -3.17999184]]
[[-2.85500165  4.21557121  3.04827111]]
[[ 4.21442365 -2.95641281  4.01461389]]
[[-3.71961673  3.85918477  4.47433082]]
[[ 4.28832179 -3.2701068   3.81280074]]
[[-3.88724554  4.05024915  4.29047239]]
[[ 3.87508449  4.4795273  -3.91539389]]
[[ 4.46440131  4.02391259 -4.05269845]]
[[ 3.2787525   4.30470771 -2.96989621]]
[[ 4.14201731  4.36623643 -3.56509994]]
[[ 4.40376505  4.18305608 -3.41738292]]
[[-3.03302177  4.2946021   3.91644484]]
[[-3.44908514  3.87515082  4.07495184]]
[[-2.8008928   4.35621187  3.18562251]]
[[ 4.23348207 -3.18604028  4.21067666]]
[[-4.03148131  4.15911607  4.41463704]]
[[-2.86905306  4.43409624  3.27834769]]
[[ 4.20456406  4.40963258 -4.06069513]]
[[-4.17450158  4.39546111  4.21520347]]
[[-3.28654266  4.1578116   3.61503496]]
[[-2.70017661  4.18540536  3.20646671]]
[[ 4.29201185  4.08817959 -3.91450922]]
[[-3.5606791   4.27190167  4.35918677]]
[[-2.94320162  3.48331925  4.09631514]]
[[ 4.15661039 -3.01299669  3.75952984]]
[[-3.58377091  4.31812624  3.73391796]]
[[ 4.35415527  4.42984543 -4.12623595]]
[[-3.53975395  3.69262088  4.33864191]]
[[ 4.18127711  4.41342754 -3.93857059]]
[[-3.64647885  4.14013895  4.35318021]]
[[-3.66797833  4.10369099  4.0814118 ]]
[[ 4.28882655 -2.92877833  3.34882317]]
[[ 4.32727486  3.21439232 -3.13359731]]
[[-2.93176711  4.3173354   3.89718945]]
[[ 4.19624633 -3.92493819  4.1878995 ]]
[[-3.46797764  3.97236219  4.31670426]]
[[ 4.10473572  4.1814783  -3.42236736]]
[[ 4.45624444  4.11464193 -3.87966837]]
[[ 4.439104    3.94288993 -3.76460127]]
[[ 4.39379505 -3.71363564  4.10069133]]
[[-3.24769528  4.47988259  3.8890533 ]]
[[ 4.37468219  4.42653595 -2.88488507]]
[[ 4.11460757 -3.64621916  4.47957052]]
[[ 4.28821421  4.06775941 -2.748261  ]]
[[-3.33380289  4.48814194  4.38488586]]
[[ 4.47973894 -3.60528657  3.84218336]]
[[ 4.36445054  3.89953364 -3.80861956]]
[[ 3.76978911 -3.4090548   4.37965689]]
[[-3.68508175  3.91899659  4.2312326 ]]
[[ 3.69015234 -2.97986661  4.43623029]]
[[ 3.94740247  4.41537808 -3.82392268]]
[[ 4.34710959 -3.34117489  3.89022269]]
[[-4.11266241  4.38475801  4.40367308]]
[[ 3.83112262 -3.72065605  4.37289166]]
[[ 3.86044299 -3.58893287  4.37239935]]
[[ 3.73254224  3.80964039 -3.04022754]]
[[-3.80524596  4.41988845  3.83725819]]
[[ 3.81129678  4.17186525 -2.89738776]]
[[ 3.11079073  4.45288784 -3.03313597]]
[[ 4.41051415 -3.55893902  4.32794132]]
[[ 3.72981111 -3.17821494  4.4818742 ]]
[[-3.56901632  4.15117442  3.95758388]]
[[ 3.69600435  3.82036863 -2.87253416]]
[[ 3.8275895  -3.35726875  4.26085046]]
[[ 3.71096891  4.28723778 -3.28134134]]
[[ 3.74692375  4.0478967  -3.04478776]]
[[ 4.47375659  3.88369758 -3.30663669]]
[[ 4.25309926 -4.06424221  4.39180136]]
[[-3.52270121  4.14499833  4.23152914]]
[[-3.94706868  4.03959023  4.39708511]]
[[-4.35609157  4.4806194   4.47527535]]
[[ 3.2425763  -3.20376035  4.3747809 ]]
[[ 4.14761331 -3.45523574  4.33201809]]
[[ 3.84589556 -3.13275375  4.43028262]]
[[-2.54303898  2.83489269  4.41341687]]
[[-3.57264972  4.40551862  3.68966946]]
[[ 3.84353562 -3.4509772   4.00631507]]
[[ 4.41070295  4.21482476 -3.60171793]]
[[ 3.7375141  -3.36936767  4.13595781]]
[[-3.47582792  4.30814705  4.43664908]]
[[ 4.44021787 -3.44001308  3.99046343]]
[[ 4.28894056  3.88224206 -3.68822429]]
[[ 4.48485743  4.40110497 -4.35246136]]
[[ 4.39103163  4.49283173 -4.46164855]]
[[ 3.43699761 -3.15474346  4.26312537]]
[[ 3.51879528  4.38836671 -3.48095922]]
[[-3.71376852  4.28400813  4.41392105]]
[[ 3.25800682  4.37736595 -3.15101137]]
[[-3.2494388   4.01485287  3.94304934]]
[[ 4.49036984 -3.54957408  3.60846059]]
[[ 4.17255747 -3.04906438  4.22048133]]
[[ 3.81085566  4.21888594 -3.54869291]]
[[ 4.40720476 -4.28224377  4.3609218 ]]
[[-3.57977398  4.04656948  4.00686411]]
[[-3.42741274  4.38644751  4.06666693]]
[[ 4.21135589  3.99106697 -3.03453275]]
[[ 4.47321273 -2.63921942  3.97365742]]
[[ 4.30664113  4.01864313 -3.56537494]]
[[-3.04455364  4.07931691  3.73968645]]
[[ 4.49675887  3.26907174 -3.11869153]]
[[ 4.44880269 -3.29581194  3.87805117]]
[[ 4.21793913  4.26727195 -3.97678699]]
[[ 4.41100832 -3.9103314   4.31644299]]
[[ 3.90010901  4.10641545 -3.04741846]]
[[-2.88428918  3.90691604  3.59183833]]
[[ 4.2542303   4.21694512 -3.81530418]]
[[ 4.10590198 -3.97241677  4.4086909 ]]
[[ 4.26114714  4.00254648 -3.86294374]]
[[ 4.160592   -3.09200439  3.93051241]]
[[ 4.01752915 -3.39352857  4.19183011]]
[[ 4.31443726  3.21800799 -2.90918334]]
[[ 4.146048    4.42074465 -3.48946977]]
[[-3.19568438  3.3807095   4.45158305]]
[[ 4.36783386  4.2941841  -3.71670684]]
[[ 3.67973288 -2.9926849   4.30618438]]
[[ 4.22282808 -3.80876955  4.19980182]]
[[-3.08686296  3.04587278  4.46838157]]
[[ 4.29164596 -3.84322754  4.20935746]]
[[ 4.41312022  4.48301779 -4.04912302]]
[[-3.64518162  4.14589215  4.26504775]]
[[ 4.37224848  3.75401195 -3.69881257]]
[[-3.49559635  4.04943613  4.23871823]]
[[ 4.44593711 -4.04386895  4.31916065]]
[[-3.19224552  4.36117603  3.35508514]]
[[-3.08866549  3.70203736  3.78525975]]
[[-3.92094495  4.47404048  4.42288833]]
[[ 4.4547877   4.30580365 -3.79112801]]
[[ 4.31079577  3.97683035 -3.45362001]]
[[ 4.31638212  3.41723152 -2.77833399]]
[[-3.99590563  4.40567939  4.23818173]]
[[ 4.34686148 -3.77414737  4.32400831]]
[[ 4.21271132 -3.98895738  4.47966374]]
[[-3.14217876  4.13709296  3.78707234]]
[[-3.23795443  4.33102283  3.89274511]]
[[ 4.31459642 -3.25019598  3.41699918]]
[[ 4.42962504  3.62701322 -3.24665518]]
[[-3.60577886  3.81946458  4.19401968]]
[[-3.19772851  4.45353657  4.06002076]]
[[ 3.93274245 -3.32200439  4.22086997]]
[[-2.77907358  3.16755559  4.13094993]]
[[ 4.17380399  4.4967489  -3.67205148]]
[[ 4.40205023  4.41079044 -4.25129607]]
[[-3.38692473  4.12939736  4.31131121]]
[[-3.72662751  4.3831932   4.25677276]]
[[-2.73478803  3.35847363  4.41199933]]
[[ 3.87227216 -2.86139308  4.29404189]]
[[ 4.26351957  4.46968777 -3.76634303]]
[[-4.39995504  4.45767755  4.43854606]]
[[-3.70611052  4.36557018  3.9369642 ]]
[[-3.93229105  4.09726413  4.27283692]]
[[ 4.08583365  4.37957028 -3.83352213]]
[[ 4.11728069 -2.89480933  3.43980781]]
[[-3.44586544  3.39266535  4.45514992]]
[[ 3.66857136 -2.81057908  4.0489492 ]]
[[-4.01692383  4.35822749  4.14997668]]
[[ 3.90144643 -3.49089112  4.29971375]]
[[ 3.65564242 -3.14100666  4.24776308]]
[[ 3.9630678  -2.74126667  3.58259429]]
[[ 4.39114785  4.40200788 -4.3045406 ]]
[[-4.01198099  4.40910451  4.12484102]]
[[ 4.10770653  3.60802486 -3.1853862 ]]
[[ 4.20160179  4.40278666 -3.08885897]]
[[ 4.26513275  4.28845356 -4.06705774]]
[[-3.88541005  4.49596857  4.4733396 ]]
[[ 4.28038165 -3.35742494  3.8128495 ]]
[[ 3.96463606  3.97393269 -3.4605586 ]]
[[ 3.70313966 -2.88462059  4.3884968 ]]
[[-3.25344769  4.48872714  3.4054892 ]]
[[-3.04897332  3.95378716  3.93553404]]
[[-4.19082943  4.40017498  4.40980192]]
[[ 3.94556876  4.30815629 -3.16731115]]
[[ 4.49192576  3.5160631  -3.29473938]]
[[-3.49792581  4.26875545  4.10180648]]
[[-4.03474314  4.301899    4.24465361]]
[[-3.49692307  4.24334227  3.70769146]]
[[ 3.70120801 -3.26540188  4.15157811]]
[[ 4.33965398 -4.112429    4.22477034]]
[[ 4.31181696  4.11955301 -3.88099472]]
[[-3.2951651   4.10567298  4.00532183]]
[[ 4.45061573 -4.35215366  4.42582963]]
[[ 3.47536012  3.95894074 -2.86325931]]
[[ 4.41862415 -4.05112436  4.13657911]]
[[ 3.72184401  4.38465159 -3.51609468]]
[[ 4.07931314 -3.63893532  4.32346102]]
[[-2.67245694  3.98009196  3.41151727]]
[[ 4.46491524  4.44530185 -4.01548329]]
[[-2.90518734  4.4376505   3.17242911]]
[[ 4.4998593  -3.32913874  3.63984907]]
[[ 4.40885239  3.63796379 -3.61589468]]
[[ 4.23600543  4.22271985 -4.01571706]]
[[ 3.96096743 -3.84811635  4.48273671]]
[[-2.71106007  3.35295896  4.108549  ]]
[[ 4.15812439  4.37957425 -3.97543814]]
[[ 3.94344797  4.03886    -3.35341602]]
[[ 3.87513046  4.27128979 -3.45493147]]
[[ 4.3444589  -3.05746878  3.55647066]]
[[ 4.0059585  -3.46319603  3.9667402 ]]
[[ 4.36478188  3.86629604 -3.49367168]]
[[ 4.34112169 -3.64297931  4.21314723]]
[[ 4.34941837  3.96154862 -3.32044594]]
[[-3.76775921  4.15845639  4.23549551]]
[[ 4.08314652 -3.36672454  4.18242242]]
[[-3.58431286  3.82352828  4.49666167]]
[[ 4.06371426 -3.06891887  3.66949027]]
[[ 4.48863246 -3.98016579  4.02560808]]
[[ 3.72511704 -2.76061553  3.77583366]]
[[-3.71750937  4.32606726  4.45135241]]
[[-3.22258113  4.49966689  3.81524711]]
[[-3.33054425  3.75593498  4.00355371]]
[[-3.61427612  3.89805871  4.44985471]]
[[ 4.24199915  4.22642948 -2.86004625]]
[[ 4.35001162  4.22293722 -3.86369494]]
[[-4.21837426  4.46322714  4.35686938]]
[[ 4.22394477  3.87737773 -3.67224081]]
[[ 4.48762077  3.69926494 -3.75198612]]
[[ 4.23021804  3.69327403 -3.33832672]]
[[ 4.11460526 -3.59720521  4.25607514]]
[[ 3.80109676  3.65161254 -2.85928832]]
[[ 4.18354157 -3.03794942  3.93227582]]
[[ 3.9964689   4.25018681 -3.66306529]]
[[ 4.06259267  4.13600319 -3.74033717]]
[[ 4.4818067  -3.89690681  4.07025623]]
[[ 4.4932786  -4.06120483  4.43578556]]
[[-3.56742989  4.49987777  4.4808429 ]]
[[-3.73494982  4.1486651   4.36408051]]
[[-3.78459909  4.39530276  4.08344854]]
[[ 4.36767443 -3.65394958  4.14946831]]
[[ 3.67518583 -2.73313243  3.60368457]]
[[ 3.97114498 -3.74689596  4.29319328]]
[[ 4.42838274 -3.37709128  3.95291448]]
[[ 4.17754398 -3.85003786  4.26150401]]
[[ 4.14404149  4.04806149 -3.2372136 ]]
[[ 4.07163684  4.08622978 -3.3118412 ]]
[[-3.41248203  4.15283759  3.69690876]]
[[-3.00621097  4.39877892  3.4686289 ]]
[[ 4.35969447  3.62626486 -3.5139616 ]]
[[-2.77880374  4.00024409  4.32516852]]
[[-3.31795065  4.42278977  3.32882426]]
[[-3.41121823  3.92075408  4.13853928]]
[[ 4.47724683 -3.5331973   4.3096787 ]]
[[ 3.64979992  4.46628642 -3.11588927]]
[[ 4.44977225 -4.15277495  4.18328646]]
[[-4.24666699  4.46366427  4.41914598]]
[[ 3.60576053 -3.45377113  4.33369124]]
[[ 4.30301117  4.45668716 -3.93538689]]
[[ 4.23043712  4.40982405 -3.30036422]]
[[-3.44924957  3.80167895  4.30992618]]
[[ 3.6979883   4.46072641 -3.36024313]]
[[ 4.06538223 -4.01480478  4.39102014]]
[[ 3.53299779 -2.98272305  4.32803774]]
[[ 3.8047188   4.38685917 -3.41915477]]
[[ 3.96292494  4.41517317 -3.88915476]]
[[ 3.65359419 -3.45573121  4.48693268]]
[[ 3.97800965 -3.45866609  4.10762105]]
[[ 4.32010462 -3.99595892  4.10462616]]
[[ 4.02135685  3.99368832 -3.08462444]]
[[-4.11757364  4.24288548  4.31884838]]
[[-2.82189392  3.04661913  4.32237278]]
[[-3.38124684  3.75407469  4.02907127]]
[[-3.5681425   3.70970888  4.49832874]]
[[ 4.04153172  4.18435642 -3.61687597]]
[[ 3.94630093  3.55397846 -2.9014781 ]]
[[ 4.0261138  -3.12064667  4.42171994]]
[[-3.81205907  4.45905784  3.90969361]]
[[ 4.31577222 -3.4694957   4.12437764]]
[[-3.03022304  4.46881605  3.80903169]]
[[ 4.41010732 -3.10253581  4.4714418 ]]
[[ 4.38756958 -3.79526894  3.83742863]]
[[ 3.93823184  4.45477138 -3.96835199]]
[[ 4.01149872 -3.36987982  4.43747389]]
[[ 3.55973099 -2.8029181   4.05341808]]
[[ 4.29285741 -3.44825588  4.07876033]]
[[ 4.31099352 -3.64915055  4.14993779]]
[[ 4.33013241  3.76189905 -3.36806352]]
[[ 4.02777785  3.71193857 -3.246713  ]]
[[ 4.10060568  4.37657947 -3.34753257]]
[[-3.31727778  3.82709602  3.88534331]]
[[ 4.49090888 -3.59903915  4.16225463]]
[[-4.13766091  4.29539151  4.29464003]]
[[ 4.15414692  3.89336895 -3.3932949 ]]
[[-3.35600133  4.40584352  4.31400249]]
[[-3.69606456  4.2909201   3.99431573]]
[[ 4.49394462 -3.69244806  3.76566943]]
[[ 3.35409861 -3.15217725  4.43423546]]
[[ 4.09811824 -3.32971278  3.88695391]]
[[-2.91881536  3.36761123  4.13778392]]
[[ 4.28958237  4.22891134 -4.08309188]]
[[-3.47190024  4.27177481  3.69046846]]
[[ 4.48387736 -3.79792791  4.02407628]]
[[-3.78829942  4.44976903  4.09874388]]
[[-3.0829887   4.39573083  3.23846196]]
[[ 4.30026696 -3.95569828  4.09540875]]
[[ 4.48640223  4.09697505 -3.54785727]]
[[ 3.93881385 -3.63722069  4.34801669]]
[[ 3.90569774 -3.20103128  4.20496314]]
[[-3.97638472  4.31432924  4.22245353]]
[[ 4.15905136  3.91937202 -2.76148027]]
[[ 4.47472056  3.8051422  -3.01500345]]
[[ 3.89270886 -2.96976903  3.98706207]]
[[ 3.23181754 -3.00854465  4.21958252]]
[[-3.53214438  4.20464044  3.78159458]]
[[-3.48818332  4.44657835  3.77970158]]
[[ 3.87266407  4.09271481 -3.38334571]]
[[ 4.19004396  4.03170918 -3.61624562]]
[[ 4.29053266  4.06203185 -3.49120789]]
[[ 3.44822825  4.11121523 -3.07148042]]
[[-2.91284287  4.34854632  3.71949604]]
[[ 3.92794274  4.35169496 -3.3592127 ]]
[[ 4.41269235  4.49652781 -3.92820577]]
[[ 4.42569245 -3.94432798  4.21886227]]
[[ 3.7748741  -3.04698616  4.2829431 ]]
[[ 3.76380787 -3.57423588  4.43063119]]
[[ 4.17743459 -4.04559312  4.37016764]]
[[ 3.65974691  4.04866587 -3.07625742]]
[[ 4.49657295 -4.22640169  4.12632816]]
[[ 4.36539212 -3.97481848  4.16655325]]
[[-3.02430346  3.90865964  4.37002488]]
[[ 4.11102043  3.55583449 -2.68484418]]
[[ 4.25705275 -3.49557056  4.30183075]]
[[ 4.10874117 -3.641983    4.36172612]]
[[-3.80804655  4.33697875  4.48691104]]
[[ 3.83366934  4.27271704 -3.40949849]]
[[ 4.36834762  4.42268608 -3.98293671]]
[[ 3.86901942 -3.6583229   4.3172576 ]]
[[-2.76600023  3.04237442  4.48374359]]
[[-3.95907228  4.23315428  4.42046315]]
[[-3.22705106  4.40106858  3.63261064]]
[[-3.19113684  4.07872302  3.7750471 ]]
[[-3.52498618  3.80282796  4.2125854 ]]
[[ 4.1507684  -3.78556621  4.06478237]]
[[-3.72223957  4.33329807  4.39875291]]
[[ 3.66334805 -3.43100785  4.46171013]]
[[ 3.97689443 -3.65636691  4.46667906]]
[[-2.78895354  3.1163661   4.39816287]]
[[-3.67386048  4.38525267  3.78731112]]
[[ 4.19837658 -3.4411837   4.31571656]]
[[ 3.62141353 -3.3801557   4.38568784]]
[[ 4.2553237   4.2963923  -3.80179754]]
[[-3.17657554  4.06071926  3.52737223]]
[[ 3.57899556  4.47086938 -3.08725277]]
[[ 4.41543706 -2.94270234  3.65254455]]
[[ 3.93410995  4.00140099 -3.15241434]]
[[ 3.87905897  4.06749552 -2.77734143]]
[[-3.22818985  4.48433701  4.20152007]]
[[-3.64193069  4.10286558  4.25945634]]
[[ 4.06488193  4.33068498 -3.74773559]]
[[-3.32762513  4.12067844  3.63698299]]
[[ 4.43047975  4.19007897 -3.96662911]]
[[ 4.288525    3.70257045 -3.50874783]]
[[ 4.38808388  3.53488214 -3.0793658 ]]
[[ 3.67552799  4.2150627  -3.3317618 ]]
[[ 4.24985022 -3.68948118  3.84446899]]
[[-3.66205641  4.11648543  4.38706266]]
[[ 4.48624006 -3.75435764  3.84109755]]
[[ 4.20254926 -3.1717862   4.4669725 ]]
[[ 4.2839944   3.91939801 -3.02240492]]
[[-3.58840035  4.49519648  3.5807177 ]]
[[-4.12423455  4.437899    4.44357815]]
[[ 3.62574621 -3.05949813  4.44446403]]
[[ 3.64685036  3.95860737 -2.96308929]]
[[ 4.0722673   4.07297101 -3.4798365 ]]
[[ 4.11675851 -3.77293743  4.13116898]]
[[-3.9437128   4.37705019  4.28624292]]
[[ 4.41881539 -3.43438963  3.8828458 ]]
[[ 4.43292826 -3.2520529   4.1815496 ]]
[[-3.33825679  4.40865381  4.38583651]]
[[ 3.93780063 -3.54459548  4.0264533 ]]
[[ 4.48756274 -3.18648603  4.35967974]]
[[ 4.46530723 -4.27335751  4.35372646]]
[[ 4.21929804  3.72969898 -2.999395  ]]
[[ 4.46221644 -3.59278842  4.45975159]]
[[-2.88030337  4.19595425  4.37834143]]
[[-3.57824737  3.65647338  4.38424172]]
[[ 3.82107416 -2.64053721  4.23527391]]
[[ 3.70178497 -3.5318969   4.46811294]]
[[-3.0042027   3.9599443   4.07918732]]
[[ 4.14217688  4.25388777 -3.41491741]]
[[-3.4725328   3.60365455  4.32383058]]
[[ 4.47303009 -3.56271618  4.24974973]]
[[-3.18040799  4.02954365  4.43009708]]
[[-3.71248081  3.90558278  4.25073565]]
[[ 3.98090933 -3.15977989  3.7810677 ]]
[[ 4.45426887  4.45287707 -3.17163045]]
[[ 3.95290247  4.05796111 -2.70615777]]
[[ 4.35624111 -2.75241426  3.24772136]]
[[ 4.19752969  4.01775175 -3.10472786]]
[[ 4.43211531 -3.49367745  4.01404586]]
[[-2.80039361  3.9272508   3.39394086]]
[[-3.14315503  3.88385337  4.10321955]]
[[-3.86158149  3.92393524  4.46003738]]
[[-2.6585577   4.45756548  2.80765917]]
[[-4.27054622  4.40550824  4.33573509]]
[[ 3.57105561  4.05855432 -3.1975106 ]]
[[ 4.06203178 -2.81219392  3.92703104]]
[[ 4.35972432  3.73821917 -3.14520415]]
[[ 4.48856071 -3.56853722  3.76259723]]
[[ 4.19499804 -3.21582904  3.46862075]]
[[ 3.56303564  4.45127659 -3.05485514]]
[[ 4.10151329 -3.25303735  3.98911561]]
[[-3.77911428  4.07134098  4.47556845]]
[[-3.71019205  4.1562232   4.18465571]]
[[ 4.38719096 -3.85823136  4.34270323]]
[[-3.4285931   4.32616526  3.55061721]]
[[ 3.92210014  4.2440209  -3.66128533]]
[[ 3.52305197  4.43205191 -3.44429357]]
[[ 4.48679662 -4.15282045  4.40575665]]
[[ 4.07331469 -2.84259453  3.87775366]]
[[ 3.45999076  4.39199743 -3.43711078]]
[[ 4.25789104 -2.84326241  4.33195519]]
[[ 4.43049278 -2.64264873  2.89449302]]
[[-2.8371341   3.52854294  3.70715422]]
[[-3.10525209  3.89712482  4.13574453]]
[[ 4.1919408  -2.92143104  3.17991509]]
[[ 4.20643523  3.59970015 -3.22866749]]
[[ 3.96696413 -3.49098609  4.43712091]]
[[-3.73105995  4.14075746  4.03121122]]
[[-3.87944038  4.47154774  4.44645067]]
[[-3.48889183  4.16302517  3.89774516]]
[[ 4.1403967   4.28900464 -3.92611718]]
[[ 3.99449256 -3.53132045  3.94146257]]
[[ 4.4349075  -3.05336878  3.80780058]]
[[ 3.55938266  4.44693028 -3.34682555]]
[[ 4.49277283 -4.01042242  4.28399665]]
[[-2.889876    3.35653069  4.31162238]]
[[ 4.42450495 -3.89357592  3.96448415]]
[[ 3.71426877 -3.68413054  4.42304086]]
[[ 4.48237764  4.29074826 -4.15665077]]
[[-3.48660012  4.28522454  3.92837563]]
[[ 4.1617771   3.87335444 -3.27385946]]
[[ 3.7613149   4.17634078 -3.45453886]]
[[ 4.31180288  4.08488898 -3.4249267 ]]
[[-3.58661464  4.36339491  3.68064084]]
[[-3.16624375  4.2253978   3.66830122]]
[[-3.03654584  3.11776084  4.40905375]]
[[ 4.36788048  3.30861621 -2.9942426 ]]
[[-3.29110883  3.69892986  4.04714917]]
[[-3.57164875  4.20157112  4.40712518]]
[[ 3.70985424  4.04190517 -2.77761668]]
[[ 4.34523298  3.68343264 -3.61075501]]
[[ 4.1274595   4.354572   -3.91442993]]
[[-3.70028874  4.32624479  3.81377865]]
[[ 4.3842797   3.80569869 -3.07674967]]
[[ 4.2411895   3.96206379 -3.3640577 ]]
[[ 4.28078196 -3.87944691  4.03442181]]
[[-3.75780035  3.85466247  4.38111389]]
[[ 4.16898472  4.35722479 -3.7642581 ]]
[[ 3.93777821  3.99867958 -3.53884215]]
[[ 3.70839807 -3.57438736  4.47553501]]
[[ 3.61126688 -3.23391196  4.03437817]]
[[ 3.65595604 -3.36512233  4.25586149]]
[[-3.97854704  4.25329468  4.34277466]]
[[ 4.46023417  4.12795218 -4.08470572]]
[[ 4.27866117 -3.8596613   4.21799389]]
[[-3.4481963   4.2808016   3.61517497]]
[[-2.99382863  3.72556617  4.34736063]]
[[-4.04856899  4.26011402  4.39503048]]
[[-3.55527096  4.38893933  4.07604415]]
[[ 4.44310605  4.38358448 -4.01351058]]
[[-2.75010617  4.08791498  3.69910115]]
[[-3.5134127   3.53053371  4.40732202]]
[[ 3.73326539 -2.93446499  3.88709628]]
[[ 4.18561155 -3.81182832  4.03290384]]
[[ 4.48435814 -3.2526811   3.84141511]]
[[ 3.68717073 -3.38223519  4.17714248]]
[[ 4.41744698  4.37727879 -3.36185239]]
[[ 4.46527788  4.3161519  -3.32352767]]
[[ 4.08962021 -3.60780944  4.20325825]]
[[-3.6317959   4.4311619   4.01643816]]
[[ 4.40479813  3.91547896 -3.52520942]]
[[ 3.95824007 -2.90582143  4.28288225]]
[[-3.19840304  4.47654833  4.23553612]]
[[ 3.51779029  4.39032416 -3.19008989]]
[[-3.94406772  4.26572652  4.4189038 ]]
[[-3.08992163  4.00536949  3.72221108]]
[[ 4.09934913 -3.05673917  3.46200593]]
[[ 4.40887954 -3.09776358  3.12719471]]
[[ 3.90993433 -3.49972313  4.43516695]]
[[ 4.34392187 -3.18301017  3.76473065]]
[[ 4.28190394 -3.42314427  3.67932339]]
[[ 4.40961324  3.79557199 -3.78635666]]
[[-3.08884473  4.17077971  3.48926874]]
[[ 4.27227352  4.39644032 -4.16147192]]
[[ 4.38910009 -3.33602386  3.40292849]]
[[ 3.96209578  4.4182002  -3.05781166]]
[[-3.71526877  4.26086708  3.97635119]]
[[ 4.28092309  4.33687953 -4.20573386]]
[[ 4.27915928 -3.90617246  4.30059729]]
[[-3.47526641  4.19762661  3.73227499]]
[[ 4.40663404  4.39844787 -3.98599624]]
[[ 3.97176341  4.40945028 -3.21505164]]
[[ 3.95331346  4.44509804 -3.63828186]]
[[-4.31415314  4.40834206  4.43166054]]
[[ 4.28312725 -3.05027583  3.41938634]]
[[-3.87140276  4.36313145  4.45531359]]
[[-2.87540905  4.28688739  4.37908608]]
[[-3.43394675  3.61408169  4.25070793]]
[[-2.71756953  4.47300862  2.99401282]]
[[ 3.88344242  3.82124575 -2.60388326]]
[[ 4.46023633  3.24591371 -2.99478787]]
[[-3.71218274  4.22795065  4.10134448]]
[[ 4.11283805 -3.18279806  3.91917828]]
[[ 4.11805417  3.97883247 -3.68575271]]
[[ 4.34299351  4.19106973 -3.30693498]]
[[ 3.67213224  3.88013031 -3.05398197]]
[[ 4.24984832  3.94379668 -3.42520387]]
[[ 4.23511278  4.13343129 -3.41235627]]
[[-3.36672345  3.69199427  4.48102959]]
[[ 4.45821747  4.18797612 -3.36833748]]
[[ 4.17262078  4.39344597 -3.94101867]]
[[-3.01727925  3.86184249  3.64318985]]
[[-3.02112005  3.25171518  4.29032422]]
[[-3.7964241   4.36720924  4.24019064]]
[[ 4.07556141  4.05211031 -3.6013979 ]]
[[ 3.89061312 -3.54005262  4.10428752]]
[[ 3.32832218  4.40519035 -3.16539826]]
[[ 4.34237127 -3.85797273  4.0529541 ]]
[[ 4.42329659  3.95449938 -3.2178406 ]]
[[ 4.36213102  3.50104388 -3.33417968]]
[[ 4.29497224  4.11684371 -3.55193223]]
[[ 4.3939589  -3.57689478  4.01005528]]
[[ 4.32280612  4.04868322 -3.12143311]]
[[-3.82697795  4.36562857  4.20362574]]
[[ 2.84214924 -2.6713239   4.40901008]]
[[-4.06613423  4.41499475  4.41454084]]
[[ 4.44627707  4.47328861 -4.4371988 ]]
[[ 4.39474517 -3.7155666   4.35590876]]
[[ 4.24161551 -3.60298342  3.81156915]]
[[ 3.89241366  3.87693762 -2.84789984]]
[[-3.86484519  4.48213013  4.35018265]]
[[-3.01915851  4.20053927  3.48899165]]
[[ 4.49317961 -2.60425461  3.68346495]]
[[-4.0659931   4.48981211  4.05986275]]
[[-3.08250905  3.22877406  4.34144636]]
[[ 4.23958777 -3.11257369  4.4229497 ]]
[[ 4.35964871  3.58046959 -3.10421585]]
[[ 3.48360655 -3.42595369  4.45793098]]
[[-3.04085039  4.41277682  3.03192101]]
[[-3.30931255  4.02861414  3.85238926]]
[[ 4.07379586 -3.41269914  4.34038167]]
[[-3.29257432  3.45881212  4.49172173]]
[[ 4.48061028 -3.2435225   3.97566975]]
[[ 4.14424035 -3.27178737  4.12121853]]
[[ 4.48094804 -3.68388177  4.4863635 ]]
[[-3.67087584  3.71127714  4.38510672]]
[[ 4.24424128 -3.53971866  4.27086943]]
[[ 3.85193713 -3.51205669  4.39980283]]
[[ 4.4278575   4.44256346 -4.12121108]]
[[-3.34840475  4.18810908  3.82636602]]
[[ 4.3917791  -2.91800616  3.08106979]]
[[ 3.82395145  4.3182407  -3.63632898]]
[[ 4.14531337 -2.75629683  3.18659204]]
[[-3.04875486  4.23432036  4.32412425]]
[[-3.10950418  4.16231717  3.87172316]]
[[ 4.35847992 -3.80180241  4.34498955]]
[[-3.73740401  3.94362544  4.19604032]]
[[-3.59295115  4.20567712  3.78310573]]
[[ 4.2305415   4.46396847 -3.47028108]]
[[-3.3326985   4.29911701  4.05341529]]
[[ 4.31915625  4.22352317 -4.10577333]]
[[ 4.43516709 -3.62903374  4.48124276]]
[[-3.13625616  4.17521232  3.40509992]]
[[-3.07085948  4.47437234  3.54873479]]
[[ 4.04999315 -2.70599068  3.45610441]]
[[ 3.37421461  4.30694361 -3.17971166]]
[[ 2.94106262  4.45724743 -2.86176086]]
[[-3.06187771  3.63470421  4.39213117]]
[[-2.82699477  3.49721997  3.97384571]]
[[ 4.43996303  3.83616965 -3.74863552]]
[[ 4.30692613 -2.73078758  4.38603134]]
[[ 3.45230106 -2.74162624  4.43529347]]
[[-3.90547288  4.27881337  4.2031044 ]]
[[ 4.06941834  4.18128107 -3.6185129 ]]
[[-3.97980069  4.34123878  4.35260758]]
[[ 4.41752067  3.76216229 -3.20088844]]
[[-3.30468782  3.96547616  4.44845915]]
[[-3.55327391  3.95191912  4.24007052]]
[[-4.07015488  4.44565922  4.42022731]]
[[-3.02641105  4.35178507  3.1713948 ]]
[[ 4.44752671  4.23809729 -3.84210068]]
[[ 3.83137125 -3.71366424  4.28841632]]
[[ 4.42675343  4.21571581 -3.13434798]]
[[-2.83645858  4.16036518  4.46802558]]
[[-3.34243547  4.22897361  4.16024886]]
[[ 3.9312085   4.49760867 -3.75735883]]
[[-4.31081291  4.43703624  4.36952702]]
[[ 4.4523963   4.4661844  -3.66678421]]
[[ 3.70050413  4.3098807  -3.39481501]]
[[-4.30860868  4.3611222   4.49661414]]
[[ 4.26533935  3.98591748 -3.46883479]]
[[ 3.84232103  4.10440158 -3.24581381]]
[[-3.44228848  4.34294818  3.89212204]]
[[ 3.75039897  4.18190604 -3.23461054]]
[[ 4.12754736 -3.16919787  4.1748418 ]]
[[ 4.44868949  4.3830822  -4.32346514]]
[[ 4.48711834  4.32381687 -4.22780194]]
[[ 4.26108188 -2.9992985   4.39029739]]
[[ 3.27907613 -2.96365152  4.09288977]]
[[ 4.12032776 -3.28210258  3.74997762]]
[[ 4.10324698  4.29940597 -3.82625318]]
[[-3.23608248  4.11221389  3.82806908]]
[[ 4.48266807  3.83248034 -3.46273817]]
[[ 4.42399987  4.23929681 -4.13152411]]
[[-3.51938851  3.63133335  4.4957895 ]]
[[-3.88846553  4.27176152  4.40465091]]
[[ 4.45969614  4.49908386 -4.2285745 ]]
[[ 4.45883605 -3.40217411  3.84621278]]
[[-2.99086877  4.05304299  3.49376901]]
[[-3.55442855  4.05116101  4.32654524]]
[[-3.94922307  4.4473507   4.44300377]]
[[ 4.05434721  3.82064406 -3.34845777]]
[[ 4.49650421  3.08232058 -3.05225563]]
[[ 4.01922599 -3.30004154  4.11549334]]
[[ 4.2247944  -3.90358822  4.21509197]]
[[-3.07414907  4.11392778  3.9677357 ]]
[[-3.51321524  3.43937504  4.49025244]]
[[-3.73069136  4.45260027  4.1887737 ]]
[[ 4.4432737  -4.00236697  4.2342633 ]]
[[-4.04410569  4.41532337  4.12014154]]
[[ 4.08432917  4.34490494 -3.04554514]]
[[-3.06066614  3.61463012  4.37295014]]
[[-3.75250283  4.18297363  4.13274024]]
[[ 4.28434738  4.25539884 -4.00931055]]
[[-3.35365915  3.93653419  3.85976262]]
[[ 4.06646201  4.06099553 -3.72401322]]
[[-3.72300428  3.8214066   4.38812939]]
[[ 3.68064861  4.47260162 -3.18249785]]
[[ 3.66802449 -3.11952866  4.12101356]]
[[-3.27965326  3.26180422  4.43657515]]
[[ 4.41608782 -3.71598671  4.38561592]]
[[ 4.14782019 -3.70876193  4.49804932]]
[[ 4.26777473  3.80407396 -3.54533334]]
[[ 4.46726976 -4.02493774  3.97314952]]
[[ 4.08985226  3.90516854 -3.59175065]]
[[ 4.47195987  4.30838064 -3.38191095]]
[[ 4.2931081   3.83669737 -3.11681872]]
[[ 3.90690595  4.18871594 -2.95825132]]
[[-3.24076416  4.38946451  3.44824931]]
[[ 3.11028047 -3.04040351  4.38278527]]
[[ 3.61253883  4.36636264 -3.02597271]]
[[ 3.92798897 -2.66502856  3.64793065]]
[[ 4.40594462 -3.45767596  3.50754134]]
[[-3.39926964  4.44835935  3.93615491]]
[[ 4.42580823 -3.86665909  3.92478743]]
[[-3.42470235  3.83506597  4.46575218]]
[[ 4.19650734 -3.69548544  4.21071087]]
[[ 3.2321978   4.29440843 -3.13188446]]
[[ 3.52475412  4.33965481 -3.2664174 ]]
[[ 4.30675534  4.34971448 -3.35151779]]
[[ 4.05347031 -2.92274268  3.94834658]]
[[ 4.00184098  4.47004984 -3.56952556]]
[[ 3.98499542  4.09561048 -3.57693194]]
[[ 4.13763347 -3.11606752  3.45992444]]
[[ 3.95080262 -3.40552472  4.2770054 ]]
[[ 4.47038116 -4.00987465  4.34572149]]
[[ 3.99705764 -3.59459516  4.29075101]]
[[ 3.76572299 -2.97436146  4.04434293]]
[[-3.85248245  4.34463618  4.16024574]]
[[ 3.17060743 -2.65778632  4.11236813]]
[[ 4.18376177  4.09085226 -3.4873161 ]]
[[ 4.48343102 -3.4777438   3.39994378]]
[[ 4.12475203 -3.43791554  3.89514325]]
[[-3.60665012  3.89563335  4.47664996]]
[[ 4.07553052 -3.28608596  3.88120063]]
[[-3.07752869  4.04981519  3.47953515]]
[[-3.21590824  4.46041156  3.48571079]]
[[ 3.82384354  3.95144979 -3.18176722]]
[[ 4.47670774  4.40096911 -2.5947583 ]]
[[-2.9015396   3.32544145  4.06578107]]
[[ 4.15797811  4.47550652 -2.82823876]]
[[ 4.07309075  3.85818944 -3.51158015]]
[[ 4.00683975 -3.52149683  4.31291378]]
[[-3.76306718  4.31023738  4.24820511]]
[[ 4.12941662 -4.04080341  4.42857773]]
[[ 3.98545279 -4.02445718  4.45991936]]
[[ 3.80270008 -2.97694595  4.44679405]]
[[ 4.16471591  4.14089325 -3.39886866]]
[[ 3.60996489  4.3856339  -3.40519875]]
[[ 4.38228522  3.16933295 -2.90576972]]
[[ 4.27591631  4.20386115 -3.5526347 ]]
[[ 4.00731132 -3.43550211  3.90016088]]
[[-3.76445999  4.09948107  4.18142699]]
[[-2.96859974  4.41434973  3.39898071]]
[[ 4.01234314 -3.16467687  4.31689942]]
[[ 3.99240468 -3.04189314  3.51440169]]
[[ 4.4104029  -3.69027022  3.76707053]]
[[-3.57588303  4.28528368  4.46891636]]
[[ 3.8081389   4.3137796  -3.49120611]]
[[-2.8442082   3.37380972  4.39581138]]
[[-3.60679024  4.45239262  4.36705331]]
[[ 4.14607281 -3.60554744  4.1361623 ]]
[[-2.86150487  3.47940379  4.31956066]]
[[ 4.29435468  3.92789054 -3.74395762]]
[[ 3.60420292 -2.94211944  4.02887435]]
[[-3.82103706  4.47809876  3.91038743]]
[[ 4.21924407  4.02894957 -3.47877436]]
[[ 4.18307194  3.16979452 -2.92122819]]
[[-3.26257133  4.19508112  3.54886083]]
[[-3.60454802  3.73797149  4.35896931]]
[[-3.30768145  4.1717284   4.23432881]]
[[ 3.42435761 -3.09283524  4.18512485]]
[[-3.86329528  4.32623282  3.99293122]]
[[ 4.32957349  3.91321762 -2.97270046]]
[[ 4.29750653  4.33686382 -4.01424507]]
[[ 4.4514851   4.34138163 -4.04840747]]
[[ 4.28271959 -3.64342197  4.41054986]]
[[-2.8404408   4.17788995  3.56416584]]
[[-3.29612874  4.24440012  3.84832346]]
[[-3.67636996  3.81299986  4.4012018 ]]
[[-3.04658987  3.93065679  3.66276326]]
[[ 4.49284277 -3.50354506  3.50336707]]
[[ 3.72639152 -3.7254961   4.43239449]]
[[ 4.2379088  -3.3227994   3.78984142]]
[[ 3.89350464 -3.35698056  4.48060879]]
[[ 4.44508015 -3.12840736  3.18272482]]
[[ 4.36528777 -3.72159535  3.79525056]]
[[-4.00185095  4.12755     4.2904642 ]]
[[ 3.27697481 -3.29470372  4.43070919]]
[[ 4.24783484 -3.33833095  3.82194715]]
[[ 4.23408674 -3.01463203  4.0031581 ]]
[[-3.68164027  4.38836956  4.05531709]]
[[ 4.30212937  4.15813132 -3.28420851]]
[[ 4.38324467  4.36428041 -3.47263385]]
[[ 4.10066601 -3.4932513   4.17543396]]
[[ 4.46374996 -3.6697496   4.10221952]]
[[ 4.45933608 -4.22787372  4.42664285]]
[[ 3.58305988  4.40435036 -3.39976349]]
[[ 4.27105928 -3.59199619  4.05937992]]
[[ 4.34031721  3.89335374 -3.071144  ]]
[[ 4.11835162 -3.45035926  4.47202596]]
[[ 4.43741243  4.37874547 -4.32877469]]
[[ 3.83088852 -3.13871829  3.81012893]]
[[ 4.29289621  3.70252293 -3.42808394]]
[[-2.80212077  4.17391894  3.1023029 ]]
[[ 3.97051585  4.34151893 -3.83655145]]
[[ 4.05251075 -3.80442633  4.22241534]]
[[-3.18081576  4.43101118  3.18252539]]
[[ 3.28721762 -3.03418121  4.36733716]]
[[ 4.2670024  -3.83544736  4.3512313 ]]
[[ 3.28749932 -2.6641101   3.92699137]]
[[ 4.07466136 -4.14546954  4.47130036]]
[[ 4.42091144 -4.22921157  4.27914625]]
[[ 4.14275497  3.85111788 -3.21045022]]
[[ 4.45428461  3.97437175 -4.00797393]]
[[ 4.16929877 -3.66463666  4.39844603]]
[[-3.18921972  4.32434937  3.49769517]]
[[ 4.43143614 -3.88479487  4.28435655]]
[[ 4.19345613 -3.97328547  4.49823658]]
[[ 3.80841111 -3.00585782  3.62177292]]
[[-3.10722733  3.68443174  3.88358262]]
[[ 4.271287   -3.2132225   3.55802841]]
[[ 4.33855467  4.37628652 -3.37854822]]
[[ 4.33858466  4.34940699 -3.22280088]]
[[ 3.91361981  4.44937471 -3.68321085]]
[[-3.55050929  4.38581973  3.62303294]]
[[ 4.23170247  4.49487757 -4.19091361]]
[[-2.94873244  4.06360138  4.09492026]]
[[-3.48843499  3.69855186  4.24352397]]
[[ 3.18069043  4.47123802 -3.0701136 ]]
[[ 4.48984019 -4.29881436  4.47968418]]
[[ 4.42395773  4.37014466 -3.9898007 ]]
[[ 4.42089664  3.80237082 -3.61674725]]
[[ 3.89902399 -3.86625676  4.47104551]]
[[-3.04497771  4.27739999  3.24235549]]
[[-4.06693987  4.45484149  4.40753002]]
[[-3.74031843  4.49420692  3.97867758]]
[[-3.40399985  3.72394057  4.28189414]]
[[ 4.42360116 -3.15098031  3.87222103]]
[[ 4.34083097 -3.3556391   3.76396211]]
[[-3.9397488   4.4252508   4.49992314]]
[[-3.87541493  4.19529467  4.49634155]]
[[ 3.34988288  4.45634231 -3.16244295]]
[[ 3.58686556  4.24107698 -3.16439254]]
[[ 4.32102233 -3.57084165  4.36199309]]
[[ 4.01219914  3.99610073 -3.43638944]]
[[ 4.36155492 -3.43542111  3.95358665]]
[[-4.48043297  4.46968024  4.41531343]]
[[ 4.07815696 -3.18920507  3.81362222]]
[[ 4.27452441 -3.76201638  4.38434168]]
[[-3.38409714  4.296152    3.71316214]]
[[ 4.45279135 -3.29504449  3.42052948]]
[[ 4.16656444  4.05404223 -3.21289287]]
[[-3.53047887  4.02146269  4.06760997]]
[[-3.14885427  3.95169754  3.77513733]]
[[-2.94710712  3.89369413  4.25836067]]
[[ 3.8015352  -3.20850434  4.15101954]]
[[ 4.48083943  3.9757608  -3.12733423]]
[[ 4.10546583  3.55379971 -2.9611055 ]]
[[ 3.91720274  3.48437686 -2.98268532]]
[[ 4.48241436  4.18787528 -3.8199352 ]]
[[ 3.89138009 -3.64272604  4.44975105]]
[[-3.57493822  4.21332645  3.95696525]]
[[-4.06492799  4.34110874  4.4193712 ]]
[[ 3.97438903 -3.1682538   4.37322631]]
[[ 2.89391506 -2.60547826  4.12041739]]
[[ 4.33970208  4.45544039 -4.33532038]]
[[ 3.86508232 -3.41548782  4.10770811]]
[[ 4.42986907  4.26454892 -3.96239647]]
[[-3.64858538  3.98571477  4.20168296]]
[[-3.00249658  4.31682644  4.19882637]]
[[ 4.1258678   4.14223252 -3.59185416]]
[[-3.28349351  4.20536956  3.68600241]]
[[-3.20957996  4.37827971  4.04041982]]
[[ 4.22085343  3.9763366  -3.65732726]]
[[ 4.12514706  3.5605303  -3.14972437]]
[[ 4.41312561 -3.72268441  4.41947848]]
[[ 4.30943828 -4.28529602  4.49554653]]
[[-2.73336427  3.61504897  3.89878916]]
[[ 4.14930848 -3.18938925  3.74031319]]
[[ 3.46156902 -3.33157802  4.35275093]]
[[-3.97994434  4.38871371  4.09376305]]
[[-3.76890565  4.44044196  4.46307204]]
[[ 3.82172537  4.06334611 -3.35060163]]
[[ 3.92198319 -3.10154132  4.3467622 ]]
[[ 4.04264758  4.40480107 -3.65328484]]
[[ 4.30496768 -3.91973982  4.43074496]]
[[ 4.24834501  3.75481106 -3.37255401]]
[[ 3.7320223  -3.53659697  4.40398779]]
[[ 3.54325588 -3.0007649   4.43325194]]
[[ 3.97187338  3.74115155 -3.00073784]]
[[ 4.25829767 -3.0429265   3.51085848]]
[[-3.08303967  3.82572077  4.30613841]]
[[ 4.20613843 -3.37627335  4.1977182 ]]
[[ 3.83940113  3.51027576 -2.69910111]]
[[ 4.33899045 -3.39662565  4.34361509]]
[[-3.68171125  3.76463265  4.43942993]]
[[ 3.72506941 -2.60565061  3.8685144 ]]
[[-3.95155155  4.47271831  4.10281457]]
[[-3.75936189  3.97053293  4.22086122]]
[[ 3.92463055  4.26732148 -3.23877039]]
[[ 4.26290051 -3.59606871  4.14115543]]
[[-3.61383699  4.31115865  4.16276064]]
[[-2.7572556   4.03490073  3.75965005]]
[[ 4.08254588 -3.63044317  4.41298724]]
[[ 4.40470672 -3.52271331  4.15885551]]
[[ 4.32322982  3.60516411 -3.38223754]]
[[-4.01895384  4.49717238  3.92417429]]
[[ 4.29942139 -3.19798714  4.06309863]]
[[ 4.04514064  4.2828994  -3.52536526]]
[[ 4.44380887  3.29867875 -2.69557459]]
[[-3.76110206  4.0451635   4.37906618]]
[[ 4.35508705  4.0137835  -3.56183798]]
[[-3.81095776  4.17968777  4.23699507]]
[[ 4.32940394 -3.95384794  4.37609992]]
[[ 3.71264842 -3.52649982  4.34501717]]
[[-3.65679882  4.00126642  4.46739151]]
[[ 3.74729451  3.9320149  -3.01361503]]
[[ 4.21126583 -3.83318035  4.4510805 ]]
[[-3.5246965   4.45738007  3.4621809 ]]
[[ 4.39854905  3.23300303 -3.02913328]]
[[ 4.36641     4.19823206 -4.15263209]]
[[-4.04683418  4.18522556  4.46713287]]
[[ 3.48123106  4.07271075 -3.14066777]]
[[-3.17481951  4.31563764  4.40591032]]
[[ 4.18637423 -2.97455258  3.68052592]]
[[ 4.13744893 -3.42617061  4.21411564]]
[[-3.82420049  4.30231779  4.49068894]]
[[ 4.353836    4.13783901 -2.9454169 ]]
[[ 3.74934688 -3.14039451  3.93473738]]
[[ 3.628572    4.45321921 -3.45222085]]
[[ 4.41671645 -3.45819371  4.43505179]]
[[ 3.90638566 -3.16686257  3.99264209]]
[[-3.43684523  4.423753    3.4672168 ]]
[[ 4.31429673  4.02413632 -3.7482008 ]]
[[ 3.89369086 -3.24801432  4.47305774]]
[[ 4.31534479  4.45852318 -3.34431738]]
[[ 3.6743472  -2.96528392  3.95212585]]
[[ 4.2883216   4.31669668 -3.84682085]]
[[ 4.13845673  4.132449   -3.86251701]]
[[ 4.39971524 -4.13895393  4.30011768]]
[[ 3.99359639  4.12084244 -3.35994464]]
[[ 4.20469012 -2.8179257   4.31873564]]
[[ 3.80140348  4.06162441 -3.37491866]]
[[-3.46430862  4.13641502  4.49187318]]
[[ 3.70537882 -3.54203319  4.37320237]]
[[ 4.44866054  4.31468558 -4.21487989]]
[[ 4.18030878  4.44854085 -3.34463491]]
[[-3.98220348  4.4787223   4.02846617]]
[[ 4.24192146  4.09413193 -3.41533838]]
[[ 4.47578857  4.34113113 -3.55086598]]
[[ 3.73292483 -3.51355293  4.43104397]]
[[ 3.89111654 -3.82613353  4.34031185]]
[[ 3.84185631 -3.63729164  4.45161432]]
[[ 3.74968491  4.21649923 -2.95761697]]
[[ 4.48301258  4.01280151 -2.74803348]]
[[ 3.80016694 -2.88783362  3.83893556]]
[[-3.11835678  3.432888    4.2080697 ]]
[[ 3.63957552 -3.45650219  4.34728874]]
[[ 4.02330506  4.12227748 -3.66447177]]
[[ 4.14315537  3.43359937 -2.98561428]]
[[ 4.18419065 -3.40612386  3.6588055 ]]
[[-3.33948843  3.50557894  4.47115132]]
[[-3.28355154  3.9676659   3.9545751 ]]
[[-3.62590411  4.20259089  4.36952894]]
[[ 4.35228367 -3.4515988   3.59448945]]
[[ 3.99147875  3.50152233 -2.88933806]]
[[ 4.46282693  4.34766338 -4.33257434]]
[[ 4.4646599  -4.27270789  4.22126634]]
[[ 3.56517157 -2.97368085  3.85655874]]
[[-4.05686064  4.38546532  4.24654108]]
[[ 4.11617153 -3.8228398   4.38342059]]
[[-4.2973376   4.36457201  4.37276592]]
[[-3.37974059  4.19314583  3.85236263]]
[[-3.74364925  4.25681865  4.45046142]]
[[-3.49415776  3.83406764  4.26838661]]
[[ 4.48867597  3.37943318 -3.42552132]]
[[-4.12945613  4.48027442  4.48374635]]
[[ 4.0012596  -3.29408152  4.43309019]]
[[ 4.31069987  3.83248198 -3.18400963]]
[[-3.03383702  4.16233974  3.8899868 ]]
[[ 4.31740555 -4.12448997  4.46574588]]
[[ 4.45165055 -3.94256136  4.37276818]]
[[ 4.29951761 -4.06374115  4.19214513]]
[[-3.32062424  4.00127114  4.17261884]]
[[ 3.86933128  4.44015824 -3.66413985]]
[[ 3.31980565  4.44824362 -3.08052577]]
[[ 3.53720839  4.10589866 -2.67508794]]
[[ 4.49645039  3.89628097 -3.93757744]]
[[ 3.35722631 -3.35159957  4.40757092]]
[[-3.36000518  3.65084619  4.29835774]]
[[-3.30042607  3.89239369  3.91630223]]
[[ 3.25045759  4.44834583 -3.07169647]]
[[ 4.43508227  4.49442877 -3.93975396]]
[[ 4.25534406 -3.39010687  3.60733887]]
[[-3.28192283  4.30109133  4.1491751 ]]
[[ 4.4345857  -3.78481939  4.45336223]]
[[ 3.5469983  -3.02231323  4.42527726]]
[[ 4.39625026  4.27426647 -4.1335248 ]]
[[ 3.38306777  4.30157903 -3.27759287]]
[[ 4.27146229 -2.97319427  3.28511822]]
[[ 4.2786841  -3.464845    4.32053683]]
[[ 3.85564996 -3.15706835  4.200597  ]]
[[-3.99163404  4.48148072  4.08800221]]
[[ 4.00172125  4.38883202 -3.80178074]]
[[-3.49770918  4.42209778  3.52401567]]
[[-3.56518672  4.39374778  4.35530677]]
[[-3.46174496  4.25144236  3.88214318]]
[[-4.01189006  4.36571993  4.30808229]]
[[ 4.29307047  3.43780318 -3.18932161]]
[[ 4.03009268  3.90830683 -3.26149501]]
[[ 4.15053621 -3.36967536  3.86017758]]
[[ 4.23975431  4.1684956  -3.8704754 ]]
[[ 3.82985184 -2.66675594  3.36107175]]
[[-4.4689091   4.43377286  4.46985203]]
[[ 4.07491834  4.26257728 -3.32389305]]
[[ 3.62661598  3.63138894 -2.79247592]]
[[ 4.32112806 -4.0391972   4.22151708]]
[[ 4.13169827 -3.18740379  3.48881267]]
[[ 4.19108854 -3.67762018  4.26767443]]
[[ 4.10140227  4.20381613 -2.95877381]]
[[-3.78236245  4.25230834  4.4856698 ]]
[[ 3.89678572  4.04340441 -3.50994622]]
[[-3.37194906  4.22657996  3.55980498]]
[[-2.68111352  3.5052736   3.96986393]]
[[ 4.2712318  -3.44696182  4.33542853]]
[[ 3.65576114 -2.98062766  4.44281722]]
[[-3.21787165  4.16552463  4.16927194]]
[[ 4.22205227  3.1569602  -2.9473872 ]]
[[ 4.37996645 -3.58718477  4.04606054]]
[[ 4.33792161 -4.26035694  4.37119824]]
[[ 4.43038548  3.46452155 -2.92278223]]
[[ 4.31383087 -3.17813895  4.49507544]]
[[-3.11158509  4.46230901  3.56961179]]
[[-3.33559853  3.98695807  3.80767116]]
[[-3.58458004  4.41000861  3.62474432]]
[[-3.84507258  4.29446219  4.45873402]]
[[ 4.00753282 -3.26184709  4.06719181]]
[[ 4.1987871  -2.7082107   3.10870363]]
[[ 4.28114496  4.47750597 -4.30309037]]
[[-2.96475851  3.47143194  4.19732677]]
[[ 3.37980425 -2.59834884  4.30739557]]
[[ 2.68258587 -2.58751558  4.32745397]]
[[-3.77418455  3.89663773  4.43598768]]
[[ 4.41463873  4.12913972 -3.62987729]]
[[ 4.40955718 -3.89627623  4.37323768]]
[[ 4.05422208  4.33510617 -3.45388849]]
[[ 4.22442597  4.1401699  -3.3187388 ]]
[[ 3.765549    3.79397785 -3.16236569]]
[[ 4.13418374 -3.58207817  3.98831136]]
[[ 4.39181893 -3.6612133   4.45845713]]
[[-3.03161658  4.13864111  3.94944153]]
[[ 4.13548491  4.29842511 -3.49724698]]
[[-3.42492357  3.90315287  4.31976624]]
[[ 4.09108209  4.4405558  -3.090708  ]]
[[ 4.07259935 -3.54810653  4.11082347]]
[[-3.15261577  4.34602584  3.45802575]]
[[-3.65083552  3.75823075  4.44311573]]
[[-3.83645911  3.91461617  4.35172274]]
[[ 4.18628866  4.32752268 -4.03701289]]
[[ 4.22790376 -4.09777595  4.26717997]]
[[ 3.13109116 -3.12617602  4.48677072]]
[[ 4.06781506  4.42342624 -3.41271192]]
[[-3.78661245  4.38133513  4.11469554]]
[[ 4.33479002 -2.96857921  4.19292163]]
[[ 4.49810459  3.64869895 -3.10776969]]
[[-4.03175969  4.12837872  4.32397972]]
[[ 4.27594034  4.02105511 -3.49542348]]
[[ 4.42456352  4.27798698 -3.87539672]]
[[ 3.47374452  4.31684152 -3.37680832]]
[[-3.32642101  4.48786334  4.4293064 ]]
[[-3.24076614  4.44960892  3.26101207]]
[[ 4.2415625   4.01485909 -3.68242513]]
[[ 4.39956784 -3.74615595  4.22721862]]
[[ 4.15112368  3.92477459 -3.2234968 ]]
[[ 4.40531978 -3.82506551  4.46785882]]
[[ 4.23983914  3.52316356 -3.07626147]]
[[ 3.71683788  4.24899074 -3.36557958]]
[[ 4.32808599  3.41136138 -3.31756334]]
[[ 4.20038411 -3.85266682  4.11680681]]
[[ 4.14096834 -4.06792452  4.45105428]]
[[ 4.46283655 -3.90917071  4.33806255]]
[[ 4.0741277  -3.80220939  4.23472149]]
[[-4.22082165  4.43336065  4.28411773]]
[[ 4.37323836  3.1573029  -3.12034069]]
[[-2.57973984  3.61162363  3.65959967]]
[[-3.20003314  3.77413837  3.87505252]]
[[ 4.34988909  3.93613923 -3.52201064]]
[[-2.85718715  3.97991047  4.09867259]]
[[-3.48589274  4.44977645  3.90026656]]
[[-2.53402143  2.89201801  4.24775676]]
[[ 4.13984457 -3.09522528  4.35146698]]
[[ 3.9847033   4.10039    -3.20555057]]
[[ 3.36890422 -2.85870835  3.88457883]]
[[ 4.06174837  4.45609756 -4.03016893]]
[[ 3.73243604 -3.47410487  4.28091376]]
[[ 4.23374143  4.44041795 -4.1529339 ]]
[[-3.35349231  3.93514627  4.11783523]]
[[ 3.67537339 -2.82435702  4.16526844]]
[[ 4.3892575   4.43208239 -4.40991152]]
[[ 3.99697646  4.47021827 -3.74750959]]
[[-3.41759089  4.05787046  3.88194806]]
[[-2.70074994  3.62015777  3.48575114]]
[[ 4.34273708 -4.22449248  4.40737165]]
[[ 4.32545093  4.387596   -3.42088884]]
[[ 3.93095201 -3.86797002  4.49003538]]
[[-3.76990148  3.9764512   4.49064089]]
[[ 3.70154214  4.38739591 -3.29507828]]
[[-3.29749743  3.80082631  3.9384901 ]]
[[ 4.36498962  4.1134851  -3.8676373 ]]
[[ 4.43928937 -4.15628783  4.4774865 ]]
[[-3.20661987  4.41533723  3.19936913]]
[[-2.78689519  3.96431525  4.05801011]]
[[ 4.09734708  4.35190079 -3.82139692]]
[[ 4.24613133  4.35091976 -4.18977401]]
[[ 4.26288271  4.16963563 -3.84176623]]
[[ 3.43710026 -2.90672328  4.08219262]]
[[ 4.09567769 -3.05351482  3.43055321]]
[[ 4.28789421 -3.61762144  4.22838791]]
[[-2.71577567  3.31859465  4.00256694]]
[[ 4.32543303 -3.92831272  4.33652065]]
[[ 4.08788355  4.00683974 -3.53503621]]
[[-3.70687887  4.23819986  3.8662683 ]]
[[ 4.44449047  3.2215173  -2.96452427]]
[[-3.22877496  4.09512994  3.79948669]]
[[ 4.32929154  4.3294518  -3.77740009]]
[[ 3.16564487 -3.08695385  4.4566012 ]]
[[-3.25805241  3.59028019  4.36045361]]
[[-3.48616918  4.09357576  3.90215361]]
[[-3.90176147  4.28010027  4.3962196 ]]
[[ 4.13388686  4.359516   -3.97852807]]
[[ 4.3632888  -4.38400296  4.42948433]]
[[ 4.08549125  4.05530299 -3.52211969]]
[[-3.9496194   4.21369328  4.22560743]]
[[ 4.10303879 -2.75451299  3.40597832]]
[[ 4.17499137  4.34052428 -3.34225824]]
[[ 4.20553752  4.33768903 -3.73327962]]
[[ 4.30651495 -4.19109596  4.34561023]]
[[ 4.0050251  3.8793306 -3.2961681]]
[[ 4.34739198  3.96186051 -3.84249161]]
[[ 4.13626197  3.99512604 -3.63926937]]
[[-2.98937158  3.75683973  3.74554539]]
[[-3.33114753  3.76523084  4.09904436]]
[[-3.43119527  4.35658402  4.07775935]]
[[-3.2617511   3.86900553  4.17487925]]
[[-3.72143824  3.85254817  4.31108705]]
[[ 3.371169   -3.35554454  4.38010966]]
[[ 3.7540883   4.42368925 -3.56993302]]
[[ 4.49062792  3.82340642 -3.5314038 ]]
[[ 4.25705674 -3.52178651  3.84217059]]
[[-3.47537617  4.43246508  3.47805674]]
[[ 4.40158623 -3.45282344  3.78375468]]
