[[0.92510116 0.09127134 0.04578468 0.03698902]]
[[0.91119673 0.09275903 0.08674641 0.05691013]]
[[0.90931626 0.07798971 0.06071512 0.02266907]]
[[0.9164489  0.06414806 0.04723904 0.02708867]]
[[0.90447728 0.03962112 0.04863063 0.01751343]]
[[0.9230499  0.09191889 0.08666884 0.05835461]]
[[0.91088481 0.07214021 0.04903509 0.03066051]]
[[0.9062615  0.08961128 0.03092644 0.02396257]]
[[0.91312148 0.06481536 0.08435277 0.03389778]]
[[0.90207254 0.05054669 0.08226718 0.03511468]]
[[0.91412483 0.05635574 0.06207093 0.04004051]]
[[0.92213262 0.08612163 0.07645437 0.05910079]]
[[0.93999403 0.07133143 0.06683504 0.0467942 ]]
[[0.91522242 0.04937451 0.07388923 0.02504777]]
[[0.93219085 0.05585266 0.07260273 0.04676697]]
[[0.90545332 0.09370324 0.08069446 0.03862128]]
[[0.90128037 0.03038133 0.06842743 0.01463492]]
[[0.91751784 0.07059679 0.06539401 0.03781639]]
[[0.91268979 0.0637818  0.07185188 0.04015854]]
[[0.92084119 0.07446704 0.06994261 0.03581151]]
[[0.90514728 0.08754784 0.09306571 0.06267695]]
[[0.91887534 0.03837022 0.03784971 0.02089221]]
[[0.90138197 0.08890782 0.09965662 0.04577762]]
[[0.90588556 0.06873705 0.06013668 0.03925211]]
[[0.92906347 0.07190483 0.06187285 0.05125495]]
[[0.91444978 0.06216969 0.05827958 0.02981599]]
[[0.9390969  0.0972105  0.05167786 0.03566702]]
[[0.90441936 0.0397921  0.06199507 0.02766444]]
[[0.91896537 0.03630896 0.06487554 0.02307684]]
[[0.92282544 0.0809555  0.09115053 0.06001551]]
[[0.9070386  0.05784514 0.04612122 0.01888656]]
[[0.92353842 0.07918866 0.09015558 0.04297301]]
[[0.9007388  0.09853441 0.04491837 0.03121954]]
[[0.92857782 0.05690698 0.08189126 0.03121633]]
[[0.90292867 0.08761165 0.05532537 0.01688552]]
[[0.90883117 0.0209295  0.02491919 0.01325084]]
[[0.91708882 0.04508537 0.03498746 0.02689353]]
[[0.9040787  0.07863323 0.05904044 0.04206845]]
[[0.94344924 0.09776636 0.09072678 0.05636146]]
[[0.9289963  0.072493   0.04837643 0.03697291]]
[[0.914028   0.06988365 0.07720982 0.03783904]]
[[0.91732587 0.08065786 0.07221494 0.0580961 ]]
[[0.90086186 0.06316684 0.09620467 0.02010627]]
[[0.91030496 0.07180478 0.09809188 0.02800894]]
[[0.91589865 0.07831173 0.06962385 0.02973471]]
[[0.9252142  0.08738027 0.03971401 0.02877325]]
[[0.90249506 0.07705393 0.09486885 0.03851986]]
[[0.92825681 0.09533013 0.06858504 0.03986941]]
[[0.91489731 0.05504176 0.03290692 0.01917297]]
[[0.92161508 0.05520096 0.06089183 0.04147688]]
[[0.9088482  0.07714927 0.07646567 0.0580701 ]]
[[0.95594111 0.09142788 0.09819797 0.06805391]]
[[0.91114107 0.09434415 0.04703802 0.02687042]]
[[0.93403187 0.08788302 0.08263544 0.05552888]]
[[0.93492482 0.08873535 0.09801986 0.06866634]]
[[0.9157202  0.05388637 0.05541137 0.01973401]]
[[0.91539578 0.0701996  0.04290549 0.03164956]]
[[0.92178341 0.08580503 0.08706924 0.03352114]]
[[0.90794238 0.0798741  0.07100194 0.03739593]]
[[0.90711607 0.06846809 0.05708641 0.02729518]]
[[0.90666314 0.05834295 0.04845148 0.02673432]]
[[0.91516592 0.04631455 0.02785706 0.01913413]]
[[0.90181201 0.08413018 0.07988898 0.05362354]]
[[0.92630674 0.07034376 0.0516456  0.03632169]]
[[0.90264844 0.0832675  0.0320864  0.02183357]]
[[0.90624115 0.02416381 0.03685307 0.01747121]]
[[0.91904056 0.0869473  0.09833944 0.07182458]]
[[0.91716812 0.04213257 0.05995319 0.02777521]]
[[0.90718905 0.04670476 0.03786612 0.02108638]]
[[0.9038735  0.01990621 0.0529916  0.01464094]]
[[0.90756451 0.08510736 0.06084498 0.02313848]]
[[0.91516913 0.03880158 0.05531074 0.0229365 ]]
[[0.91230024 0.08179422 0.05023709 0.02960617]]
[[0.90525785 0.06182047 0.09663594 0.04473151]]
[[0.91350816 0.08701511 0.04632415 0.03889935]]
[[0.91529222 0.05951174 0.09493365 0.04859253]]
[[0.90227892 0.09104869 0.04422975 0.0230321 ]]
[[0.94085553 0.09517374 0.09028022 0.04158715]]
[[0.90938729 0.03767155 0.09670541 0.02353212]]
[[0.90291352 0.04471552 0.04833749 0.03205531]]
[[0.91233928 0.08152554 0.06490604 0.03245505]]
[[0.90979268 0.06035004 0.03349183 0.02142146]]
[[0.91060037 0.08631516 0.0823704  0.04227512]]
[[0.90309034 0.08891349 0.06547715 0.03761047]]
[[0.90477447 0.05251892 0.04924347 0.03501495]]
[[0.90967691 0.09049115 0.07177262 0.05050636]]
[[0.90581241 0.03535472 0.04990943 0.02934333]]
[[0.90143048 0.05155399 0.07334291 0.02141181]]
[[0.90624019 0.05187159 0.0397907  0.02527352]]
[[0.9283052  0.06567327 0.0736408  0.04344941]]
[[0.92799126 0.07114644 0.07529657 0.03733428]]
[[0.92699149 0.04743593 0.07740869 0.02924668]]
[[0.91315913 0.04768119 0.04766593 0.02600822]]
[[0.92387008 0.03970595 0.0604844  0.02952538]]
[[0.90991831 0.0971788  0.07312288 0.02733294]]
[[0.90693046 0.06030327 0.07791782 0.03533889]]
[[0.90530555 0.05154156 0.03611808 0.02873832]]
[[0.91883602 0.06484412 0.07020146 0.03419067]]
[[0.91157886 0.08766309 0.09331782 0.02436303]]
[[0.93280388 0.09797252 0.06924773 0.04140774]]
[[0.90123981 0.06906266 0.09862452 0.04659856]]
[[0.90690958 0.06587654 0.05953836 0.02338501]]
[[0.91432656 0.09290787 0.09083248 0.03951668]]
[[0.90365846 0.06030497 0.07360861 0.04001656]]
[[0.91878303 0.07084775 0.07036883 0.04206939]]
[[0.90785149 0.07543125 0.08482235 0.03789466]]
[[0.91121107 0.03672403 0.05966942 0.02777053]]
[[0.93522136 0.0933396  0.04657361 0.03777421]]
[[0.90752398 0.07737365 0.09157527 0.04589393]]
[[0.90224594 0.07366379 0.0584266  0.0284097 ]]
[[0.91649045 0.08987233 0.07144832 0.04891171]]
[[0.92374307 0.05760137 0.09052463 0.0342731 ]]
[[0.90282266 0.06067681 0.05754316 0.03159518]]
[[0.91734611 0.06488032 0.04098085 0.02524527]]
[[0.91367568 0.09783548 0.07594971 0.03678887]]
[[0.92232208 0.08116446 0.07991356 0.04036204]]
[[0.9237366  0.03358972 0.03869069 0.01983311]]
[[0.94081156 0.08138593 0.07913497 0.0465645 ]]
[[0.91509539 0.06732257 0.08089444 0.0420707 ]]
[[0.93305645 0.08777305 0.06969613 0.04209115]]
[[0.92366049 0.06705298 0.06205548 0.0396627 ]]
[[0.90143254 0.05158583 0.0586784  0.02116771]]
[[0.9174049  0.07431534 0.07536634 0.02563293]]
[[0.92165952 0.05783376 0.08250416 0.03061694]]
[[0.90194079 0.06725903 0.04061788 0.01796461]]
[[0.91728806 0.08251969 0.0674885  0.05376901]]
[[0.91737351 0.08168468 0.06307716 0.02381428]]
[[0.90709307 0.03649292 0.08059074 0.02322604]]
[[0.92542578 0.09172807 0.06839504 0.04316549]]
[[0.91348468 0.05452522 0.05262366 0.03640748]]
[[0.94605858 0.066691   0.05604895 0.04374479]]
[[0.91489183 0.07811744 0.08323604 0.04528101]]
[[0.90485785 0.0609853  0.04819857 0.02809184]]
[[0.90032354 0.06360053 0.06406336 0.02690469]]
[[0.91541895 0.04881346 0.03773122 0.03197867]]
[[0.90749858 0.07959497 0.07232011 0.04523329]]
[[0.90846361 0.0569595  0.06388526 0.04167478]]
[[0.91914094 0.06736878 0.09428674 0.02166025]]
[[0.90168586 0.04548412 0.04250759 0.02423723]]
[[0.91200219 0.07774386 0.07731768 0.06453124]]
[[0.9008053  0.09113083 0.06443104 0.02905087]]
[[0.90400807 0.09793166 0.07036086 0.03077103]]
[[0.91028956 0.0937936  0.07968608 0.04566244]]
[[0.90963659 0.09967831 0.03443983 0.02748991]]
[[0.90584049 0.09050491 0.0860635  0.05199532]]
[[0.90181136 0.04426111 0.02663291 0.01672732]]
[[0.90069948 0.03842006 0.0898541  0.02357986]]
[[0.92300062 0.07240516 0.08167708 0.05360222]]
[[0.91039714 0.09725543 0.05332055 0.02771782]]
[[0.90188811 0.08308209 0.04113251 0.02445069]]
[[0.90879872 0.07776227 0.08720733 0.0177324 ]]
[[0.90778798 0.08671221 0.08168841 0.03205598]]
[[0.91546453 0.08149295 0.07128777 0.0326709 ]]
[[0.91731231 0.07803877 0.03319877 0.02650819]]
[[0.91470104 0.03587533 0.05162818 0.02520315]]
[[0.91878575 0.08123203 0.07546786 0.03081296]]
[[0.91421859 0.03905912 0.08528391 0.01874084]]
[[0.90643771 0.02827658 0.03684306 0.01582331]]
[[0.90784301 0.04806297 0.04755544 0.017134  ]]
[[0.93313446 0.09574741 0.09763145 0.03895494]]
[[0.91061976 0.04742141 0.06311867 0.03476183]]
[[0.91185325 0.09224246 0.0927576  0.04652353]]
[[0.94054577 0.08813565 0.06602546 0.03967264]]
[[0.91157445 0.05891746 0.06985217 0.04138804]]
[[0.9090853  0.09627006 0.09652204 0.0608296 ]]
[[0.90719773 0.08653348 0.04557115 0.03105062]]
[[0.91636573 0.07998855 0.06478743 0.02407979]]
[[0.91175215 0.0986152  0.09377378 0.04324323]]
[[0.92169662 0.09244102 0.08184708 0.04157539]]
[[0.92526145 0.08914188 0.09536901 0.05901794]]
[[0.90121737 0.09749027 0.05359148 0.04775252]]
[[0.92744256 0.05793537 0.08107125 0.04178637]]
[[0.91107189 0.04810525 0.07019138 0.03690834]]
[[0.91966873 0.09493191 0.05427302 0.04221066]]
[[0.90900758 0.06893749 0.08611746 0.02639549]]
[[0.91445233 0.07450443 0.05596018 0.03640312]]
[[0.91816616 0.07218205 0.09118859 0.03321185]]
[[0.92126504 0.09197304 0.09938075 0.04429893]]
[[0.90026152 0.03478993 0.0717551  0.02217834]]
[[0.90604969 0.06302524 0.06732005 0.02246474]]
[[0.90396778 0.07658673 0.09334258 0.05783806]]
[[0.90325642 0.0410067  0.06224879 0.02313593]]
[[0.91925708 0.08243057 0.08850649 0.04910688]]
[[0.92028722 0.04779772 0.09736117 0.02824774]]
[[0.91853004 0.06390544 0.03788266 0.02972677]]
[[0.92429332 0.07466342 0.08829235 0.04162328]]
[[0.90064576 0.081993   0.08709628 0.05552032]]
[[0.93316233 0.09036872 0.08858529 0.05131232]]
[[0.90945095 0.07741975 0.0456597  0.02588797]]
[[0.91800224 0.06628284 0.06422296 0.03886046]]
[[0.90262503 0.03165901 0.05508436 0.0210824 ]]
[[0.90199663 0.05532351 0.09016354 0.02329236]]
[[0.90183729 0.04909161 0.07859384 0.01857448]]
[[0.90943717 0.09387775 0.08998187 0.05126893]]
[[0.92212508 0.05945048 0.06940817 0.03105046]]
[[0.92987163 0.04637516 0.09968797 0.0325257 ]]
[[0.93015109 0.07968503 0.05859513 0.04658178]]
[[0.90469441 0.04614873 0.07953636 0.03215452]]
[[0.91454766 0.09517051 0.06805728 0.05776133]]
[[0.93270853 0.05322471 0.06940229 0.04122871]]
[[0.90645815 0.02604352 0.02880267 0.01771786]]
[[0.9184668  0.0777052  0.07568621 0.05465684]]
[[0.90693316 0.0385415  0.08547098 0.01880848]]
[[0.90186153 0.07057356 0.09593947 0.01725461]]
[[0.9040582  0.06623229 0.04966791 0.03741535]]
[[0.91260362 0.07879384 0.08554968 0.06341318]]
[[0.90316013 0.05243666 0.0499011  0.02116303]]
[[0.92657324 0.04041463 0.06013466 0.02821744]]
[[0.91037452 0.08275697 0.0904073  0.05264958]]
[[0.92067632 0.05405202 0.08121819 0.04720888]]
[[0.90327338 0.05547166 0.06179545 0.02861632]]
[[0.91124098 0.03117479 0.04360295 0.01797551]]
[[0.90428369 0.07074946 0.09594179 0.03336671]]
[[0.91117502 0.099698   0.07048702 0.02601775]]
[[0.91859586 0.05175319 0.072785   0.02759536]]
[[0.90538654 0.05282351 0.09099378 0.02889761]]
[[0.91328616 0.06204199 0.06917021 0.0511332 ]]
[[0.90061126 0.08813074 0.05494518 0.04264643]]
[[0.93347764 0.08010583 0.08874523 0.05191087]]
[[0.90287662 0.08674902 0.03057387 0.02088706]]
[[0.91762784 0.09327277 0.05351189 0.03135613]]
[[0.91922945 0.09471763 0.07049739 0.03574067]]
[[0.91258457 0.08278055 0.06929325 0.0223523 ]]
[[0.90959471 0.08721662 0.05362084 0.02789403]]
[[0.91609427 0.03924571 0.06037949 0.02489122]]
[[0.92828376 0.09240607 0.07928525 0.04213396]]
[[0.95064805 0.0816442  0.08588354 0.05478974]]
[[0.92229743 0.06744078 0.05112402 0.02688703]]
[[0.94288386 0.09695732 0.07801628 0.06073011]]
[[0.94101148 0.04674883 0.07106954 0.03540702]]
[[0.91359311 0.03933573 0.04989392 0.02739273]]
[[0.90270799 0.03067225 0.06116458 0.02237443]]
[[0.91452615 0.05448087 0.09644359 0.03436987]]
[[0.90313674 0.07065064 0.04812906 0.02592332]]
[[0.92912055 0.0716136  0.06552864 0.04892468]]
[[0.90631331 0.0755224  0.07186585 0.0234014 ]]
[[0.92042084 0.08279138 0.05448101 0.03495329]]
[[0.91196638 0.07901749 0.06320007 0.01730018]]
[[0.90393037 0.05407633 0.08424977 0.0308822 ]]
[[0.91067907 0.08148838 0.03628101 0.02757171]]
[[0.90473482 0.08154193 0.05725776 0.04634088]]
[[0.90255578 0.0760558  0.0593288  0.02484345]]
[[0.92709421 0.09292666 0.09368174 0.05458727]]
[[0.90595969 0.07722155 0.0862276  0.04776463]]
[[0.93019952 0.08109609 0.03450974 0.02837883]]
[[0.92530672 0.05915002 0.04912614 0.04038372]]
[[0.90635084 0.05215387 0.07733596 0.02903392]]
[[0.9106762  0.07621908 0.07929893 0.05412241]]
[[0.91416511 0.04698624 0.07321269 0.0347699 ]]
[[0.91360217 0.05293203 0.09149104 0.03832753]]
[[0.91490223 0.08973145 0.06042759 0.04675512]]
[[0.92590398 0.08548662 0.04229778 0.03587504]]
[[0.90807293 0.0346484  0.02228762 0.01718415]]
[[0.91885668 0.09283669 0.04992834 0.03020861]]
[[0.90420134 0.09427125 0.07379499 0.0223948 ]]
[[0.90886889 0.08317422 0.01995458 0.01403944]]
[[0.90085835 0.08203557 0.08875475 0.04098195]]
[[0.92499252 0.04982732 0.09457757 0.03361219]]
[[0.92901869 0.05106953 0.08254928 0.0422858 ]]
[[0.91314347 0.09715061 0.08571864 0.07323341]]
[[0.90561817 0.08649752 0.06330106 0.0323516 ]]
[[0.90019892 0.07116066 0.04103947 0.03162805]]
[[0.92497219 0.06956399 0.03473248 0.02711555]]
[[0.9048274  0.09972417 0.07354037 0.03688842]]
[[0.93304821 0.08305585 0.04376881 0.03158682]]
[[0.92381408 0.05592354 0.05019539 0.0317254 ]]
[[0.90391301 0.05948119 0.04263868 0.02531439]]
[[0.90608564 0.09569772 0.03360336 0.01862507]]
[[0.90124253 0.01847854 0.02758596 0.01187083]]
[[0.90658982 0.09480905 0.05173996 0.04182263]]
[[0.90141987 0.05763707 0.04176898 0.0303856 ]]
[[0.92358475 0.08314622 0.03517471 0.02498385]]
[[0.90397392 0.08112641 0.08508081 0.04300722]]
[[0.91327    0.09031577 0.05952215 0.03887891]]
[[0.90675384 0.07699568 0.07426478 0.03513738]]
[[0.9353533  0.07466412 0.06403404 0.04622581]]
[[0.90383004 0.03838306 0.05976469 0.02910637]]
[[0.90403993 0.023913   0.04494012 0.01430921]]
[[0.90350843 0.08718276 0.08278499 0.03652426]]
[[0.92503782 0.06767372 0.08171225 0.03441562]]
[[0.92982114 0.07831608 0.0607619  0.04674626]]
[[0.94803521 0.09335621 0.09493746 0.06769624]]
[[0.91528592 0.05861026 0.03815472 0.02791153]]
[[0.91584793 0.08701979 0.06396725 0.04671273]]
[[0.91081034 0.07726961 0.04938022 0.04278468]]
[[0.92522276 0.08501605 0.06027555 0.03919139]]
[[0.90501324 0.08135383 0.03134802 0.01935223]]
[[0.91747772 0.09638602 0.07121606 0.02456511]]
[[0.92269592 0.06109919 0.05792793 0.04575333]]
[[0.90947427 0.09804309 0.06301585 0.05356304]]
[[0.91116438 0.03086045 0.03844905 0.02195571]]
[[0.90645409 0.05998465 0.0689005  0.02082398]]
[[0.90028318 0.04142031 0.03653483 0.02167272]]
[[0.92411027 0.05548187 0.06122953 0.04374731]]
[[0.9174289  0.0488553  0.0722199  0.03351031]]
[[0.90983574 0.09685993 0.07024962 0.05278899]]
[[0.92680808 0.08289738 0.03720097 0.03027239]]
[[0.91038167 0.04643931 0.07080905 0.03976742]]
[[0.9222025  0.06613865 0.05320234 0.0261054 ]]
[[0.92390426 0.09224185 0.08052642 0.05061772]]
[[0.90944937 0.03994436 0.05720416 0.02263158]]
[[0.90147266 0.08612268 0.06483609 0.04467168]]
[[0.91124143 0.05014865 0.03778672 0.02269864]]
[[0.91860239 0.02280411 0.05258155 0.01787726]]
[[0.9155124  0.06685419 0.03200576 0.0260231 ]]
[[0.90147517 0.03342258 0.07316381 0.02514052]]
[[0.91654312 0.0584795  0.04995858 0.03070436]]
[[0.91377423 0.0422804  0.03967584 0.01843736]]
[[0.90568128 0.06760339 0.09336768 0.04121713]]
[[0.90018805 0.09684166 0.09009557 0.04768025]]
[[0.92329571 0.06546764 0.05431197 0.02287199]]
[[0.9230645  0.02831445 0.03121852 0.02223288]]
[[0.91811472 0.05578666 0.04169739 0.03132381]]
[[0.92255935 0.09186303 0.08077232 0.05960825]]
[[0.91084349 0.08916056 0.04423202 0.02091302]]
[[0.92044153 0.05785787 0.0591805  0.02318428]]
[[0.91306996 0.0561227  0.0917412  0.02089547]]
[[0.91613791 0.08433144 0.07869905 0.04314915]]
[[0.92364306 0.0893086  0.05337436 0.03903769]]
[[0.9038453  0.07712573 0.06827997 0.03995062]]
[[0.91720714 0.09088425 0.08359714 0.04078034]]
[[0.90059495 0.09558984 0.09690456 0.03718232]]
[[0.93449712 0.06632538 0.07227667 0.04031196]]
[[0.91802453 0.09492136 0.06332732 0.04074471]]
[[0.90548533 0.09832743 0.07230505 0.05931384]]
[[0.92408928 0.04701879 0.03487928 0.02525956]]
[[0.90727204 0.04114165 0.02799705 0.01663836]]
[[0.92600567 0.05494301 0.05892413 0.03331237]]
[[0.92104779 0.074643   0.07197336 0.02766995]]
[[0.92538322 0.07811099 0.08371595 0.0614756 ]]
[[0.93416248 0.07513115 0.08479796 0.0552914 ]]
[[0.92297216 0.0437472  0.04561061 0.02350657]]
[[0.90448948 0.05901915 0.05393863 0.01578199]]
[[0.90872884 0.06041766 0.08263697 0.02762932]]
[[0.90193439 0.03454501 0.03539059 0.0199341 ]]
[[0.91018868 0.03554777 0.07733057 0.02268562]]
[[0.91142338 0.08871516 0.06714005 0.05351133]]
[[0.90033702 0.03749895 0.04900267 0.03123673]]
[[0.92081489 0.08410228 0.09500532 0.05903354]]
[[0.9042738  0.03630739 0.08125404 0.01877685]]
[[0.91334148 0.07490998 0.07132999 0.03280998]]
[[0.91538238 0.05220851 0.08032724 0.04236689]]
[[0.91699474 0.07951564 0.09995557 0.06147243]]
[[0.90415838 0.05015986 0.09474189 0.01565609]]
[[0.90559364 0.09556592 0.0948274  0.04050787]]
[[0.90595128 0.0480423  0.09348969 0.0405499 ]]
[[0.94035038 0.08521045 0.05994429 0.04444159]]
[[0.90406794 0.02836166 0.02755293 0.01705462]]
[[0.92703078 0.07272602 0.0500293  0.02490441]]
[[0.91434678 0.05974561 0.0416726  0.0341299 ]]
[[0.90369791 0.06347971 0.03854961 0.03089389]]
[[0.931087   0.07825752 0.09615767 0.05587272]]
[[0.91055125 0.07684918 0.0514486  0.03792392]]
[[0.91835279 0.0996562  0.09256431 0.04659377]]
[[0.90966683 0.04265251 0.06661483 0.02015358]]
[[0.92711582 0.08666164 0.05589064 0.04131741]]
[[0.91345936 0.05912349 0.09944479 0.03706044]]
[[0.91955514 0.04948413 0.05646799 0.03063528]]
[[0.90515865 0.03646289 0.03440335 0.0179715 ]]
[[0.90265292 0.06150251 0.08618251 0.03251236]]
[[0.90835327 0.08866763 0.06733181 0.03933524]]
[[0.90255994 0.05572042 0.02138256 0.01666209]]
[[0.90680113 0.0824622  0.03422598 0.02118034]]
[[0.91742886 0.05328621 0.07544447 0.036762  ]]
[[0.90569307 0.0360711  0.01675182 0.01303764]]
[[0.90767076 0.08414094 0.07306319 0.05491093]]
[[0.90482631 0.06015315 0.03995545 0.01853701]]
[[0.90847876 0.07706658 0.08537555 0.0337662 ]]
[[0.91543814 0.07669857 0.0995971  0.02717698]]
[[0.91369239 0.09355941 0.0919454  0.0655645 ]]
[[0.92036868 0.02424253 0.05936102 0.01840736]]
[[0.91312846 0.08418636 0.08712158 0.05320015]]
[[0.91722941 0.06951457 0.06430101 0.03620152]]
[[0.90162933 0.04910178 0.04022395 0.02716641]]
[[0.90216404 0.03410827 0.09942299 0.02355763]]
[[0.90869417 0.03592357 0.08567887 0.02316491]]
[[0.91491839 0.09646161 0.09023122 0.0635168 ]]
[[0.90730215 0.02658641 0.03872113 0.0189851 ]]
[[0.9100664  0.04199975 0.09277518 0.03466871]]
[[0.91259537 0.08687848 0.08198485 0.03528782]]
[[0.91846942 0.08629938 0.06246064 0.04609414]]
[[0.90505959 0.04812553 0.04014713 0.03079744]]
[[0.91440941 0.06793652 0.05602588 0.03136339]]
[[0.92097327 0.05747862 0.03469537 0.02613361]]
[[0.9238089  0.0955393  0.06445157 0.03638129]]
[[0.90995588 0.04239632 0.05479648 0.02357135]]
[[0.92051919 0.06481141 0.06346791 0.0345874 ]]
[[0.91434956 0.07090123 0.06074718 0.03053035]]
[[0.91150434 0.05904015 0.07751408 0.04512174]]
[[0.90611005 0.09015743 0.03689843 0.02095306]]
[[0.91452396 0.09343745 0.09820081 0.06174375]]
[[0.92621529 0.06129597 0.06230493 0.0250444 ]]
[[0.92731555 0.07309163 0.09826173 0.04006486]]
[[0.90154161 0.06160044 0.04059102 0.03486307]]
[[0.91426181 0.06402474 0.04667649 0.02684099]]
[[0.94290189 0.06885435 0.0634618  0.05435011]]
[[0.9133013  0.08930295 0.05048427 0.02421459]]
[[0.90894833 0.06927903 0.03103109 0.01615876]]
[[0.90154771 0.05635352 0.05666336 0.02668401]]
[[0.9018056  0.04769885 0.07573115 0.02861564]]
[[0.90826087 0.08779019 0.04440758 0.03519365]]
[[0.91581037 0.08387883 0.04150398 0.02858646]]
[[0.90860424 0.09314292 0.08827133 0.05616171]]
[[0.92682656 0.07380833 0.09272868 0.04767743]]
[[0.90819524 0.09120548 0.03671354 0.02648915]]
[[0.90283501 0.06141774 0.08422303 0.0268173 ]]
[[0.91113543 0.02450633 0.04222524 0.02016423]]
[[0.91937829 0.07233653 0.05175457 0.02398074]]
[[0.93741764 0.04835897 0.04784942 0.02826964]]
[[0.91597678 0.04097647 0.04903943 0.02431758]]
[[0.91270154 0.05390507 0.05901298 0.02485948]]
[[0.91920519 0.09497171 0.08872133 0.03139778]]
[[0.906605   0.07046833 0.09216164 0.0614844 ]]
[[0.90540015 0.09945982 0.03581633 0.02614609]]
[[0.92428911 0.07356899 0.04372302 0.03371056]]
[[0.90842093 0.03256307 0.03406277 0.02133165]]
[[0.9225454  0.05174588 0.06519531 0.03860324]]
[[0.91856539 0.06956869 0.06942788 0.03602359]]
[[0.90191025 0.09400105 0.04060736 0.03297323]]
[[0.91913102 0.09934283 0.07008915 0.04803353]]
[[0.90343596 0.03801453 0.04973444 0.02927452]]
[[0.94121608 0.08450319 0.09413545 0.06012677]]
[[0.90175085 0.07112158 0.06628091 0.03673915]]
[[0.91084835 0.07065336 0.06158833 0.03329646]]
[[0.93257062 0.0392721  0.05474646 0.0289343 ]]
[[0.92414873 0.06231741 0.06209293 0.04325379]]
[[0.9037968  0.09249508 0.05399127 0.02199083]]
[[0.91036271 0.02027659 0.0530255  0.01474939]]
[[0.90403116 0.03830749 0.0952004  0.03147482]]
[[0.91774955 0.03847697 0.06296161 0.02097326]]
[[0.93522991 0.09729063 0.09788166 0.03918132]]
[[0.91142646 0.09463805 0.05027267 0.03351435]]
[[0.91676901 0.08972008 0.08157083 0.0377573 ]]
[[0.90210176 0.04733463 0.09073427 0.02270836]]
[[0.91976484 0.0715157  0.0870069  0.04919429]]
[[0.91576981 0.08030479 0.06900457 0.03622074]]
[[0.90417261 0.08356425 0.03045426 0.0217306 ]]
[[0.91232807 0.06653688 0.04261076 0.03132531]]
[[0.9099875  0.09667033 0.07468411 0.03480247]]
[[0.90153395 0.07951295 0.02349595 0.01901093]]
[[0.92166666 0.0720667  0.06032689 0.04447737]]
[[0.90221486 0.09491752 0.0213747  0.01722095]]
[[0.90666256 0.08932123 0.09705993 0.0579208 ]]
[[0.90033475 0.07953669 0.05398614 0.03381027]]
[[0.91051567 0.08672178 0.06018974 0.02866202]]
[[0.90924954 0.05911061 0.06358298 0.02857319]]
[[0.90882739 0.089373   0.09459529 0.05427162]]
[[0.93484389 0.09331497 0.06524132 0.04393366]]
[[0.90706773 0.05218987 0.06601104 0.02430375]]
[[0.92310677 0.08628404 0.07449991 0.03263146]]
[[0.93237847 0.06222474 0.09515642 0.0477163 ]]
[[0.94732527 0.098225   0.08562451 0.04420052]]
[[0.90157644 0.05354335 0.03696437 0.02304473]]
[[0.90135091 0.03934272 0.09920619 0.02181731]]
[[0.92686809 0.05569242 0.0852397  0.03421334]]
[[0.91721655 0.07259912 0.08270552 0.05787622]]
[[0.92141147 0.0414102  0.09139574 0.03234427]]
[[0.91727537 0.07185391 0.04073791 0.02648323]]
[[0.91388208 0.08117244 0.09856226 0.03482167]]
[[0.90434835 0.08956453 0.05482668 0.03825531]]
[[0.92856327 0.07713918 0.06672769 0.03524028]]
[[0.90003205 0.09250353 0.08517379 0.03651846]]
[[0.92601734 0.06441861 0.06909951 0.0293532 ]]
[[0.90257644 0.05336749 0.02476335 0.01648295]]
[[0.91109757 0.04581734 0.08133322 0.03383346]]
[[0.93595146 0.08322197 0.0437533  0.03422577]]
[[0.90842763 0.06291513 0.04294104 0.02552839]]
[[0.90750823 0.08444737 0.0440335  0.02975722]]
[[0.91036326 0.07149575 0.05562565 0.04184633]]
[[0.91114366 0.08836018 0.09452728 0.04030584]]
[[0.90831978 0.06919902 0.07694199 0.0519588 ]]
[[0.90182784 0.08703931 0.09078636 0.02152592]]
[[0.90423323 0.06920255 0.07975303 0.03266466]]
[[0.91333185 0.04017693 0.03796536 0.02230154]]
[[0.91529771 0.04661317 0.05492801 0.02389721]]
[[0.90683615 0.08706605 0.08981166 0.04525691]]
[[0.9020302  0.03698657 0.05237628 0.01971119]]
[[0.92537752 0.04159077 0.09530761 0.02918879]]
[[0.91091064 0.05756486 0.03377136 0.02612064]]
[[0.92091284 0.08496834 0.08021045 0.04206151]]
[[0.9072238  0.03097225 0.04659744 0.01901574]]
[[0.93453121 0.09508921 0.08378521 0.06094776]]
[[0.93291976 0.07424671 0.08041268 0.04902851]]
[[0.92092639 0.06721852 0.08085676 0.04959381]]
[[0.90215729 0.07640654 0.06342838 0.04807882]]
[[0.90265204 0.03767335 0.04163303 0.0286773 ]]
[[0.91443643 0.06349099 0.08236598 0.03165322]]
[[0.9081303  0.04593121 0.07568694 0.03368586]]
[[0.90910485 0.05418311 0.05005117 0.02760183]]
[[0.91913696 0.03765115 0.08402398 0.03014245]]
[[0.90413013 0.09407633 0.07529214 0.04626129]]
[[0.92940595 0.08919826 0.09357779 0.05273431]]
[[0.92130507 0.04295187 0.06600255 0.03434041]]
[[0.92347365 0.0437116  0.03340901 0.01978722]]
[[0.91294324 0.05382821 0.04582252 0.02140794]]
[[0.9245206  0.06494586 0.07413223 0.0458894 ]]
[[0.9097102  0.08761625 0.07519653 0.03144667]]
[[0.90473715 0.0608024  0.03125217 0.01803387]]
[[0.91019986 0.07991209 0.08671371 0.04687577]]
[[0.90009222 0.08282342 0.08434167 0.02251412]]
[[0.90708604 0.04317123 0.04391456 0.02051538]]
[[0.93259115 0.06997119 0.07191567 0.04697397]]
[[0.92350885 0.09568725 0.0896714  0.06485757]]
[[0.92633147 0.04735582 0.08888396 0.03176577]]
[[0.91790691 0.05437442 0.08809823 0.02978978]]
[[0.92469529 0.04017076 0.04846828 0.02249951]]
[[0.91281046 0.0565198  0.03955357 0.03231828]]
[[0.9171355  0.05296074 0.02993356 0.01916424]]
[[0.90584937 0.0996746  0.0540999  0.02832561]]
[[0.915294   0.08858182 0.09485227 0.06104657]]
[[0.91271719 0.09691987 0.08989701 0.02505687]]
[[0.91707967 0.05397103 0.06785053 0.03904825]]
[[0.91143767 0.06079347 0.08647648 0.0409716 ]]
[[0.90423687 0.04061211 0.04555125 0.02910165]]
[[0.90158777 0.03570482 0.0379442  0.02273674]]
[[0.92448501 0.05016682 0.03063987 0.02394297]]
[[0.91269748 0.03801463 0.04522585 0.03156179]]
[[0.91633822 0.05365448 0.04444155 0.02628797]]
[[0.91394531 0.09372988 0.08147399 0.05879054]]
[[0.9045946  0.06172714 0.04995572 0.02601782]]
[[0.92665824 0.05471364 0.0579739  0.03155924]]
[[0.90998672 0.09884472 0.04445369 0.03423602]]
[[0.91489778 0.06284705 0.09552898 0.02352841]]
[[0.90076539 0.06461126 0.07137846 0.04087085]]
[[0.92282087 0.07352214 0.09624189 0.04914572]]
[[0.92841808 0.08886437 0.07833106 0.05205647]]
[[0.91618054 0.0544813  0.06454432 0.04146326]]
[[0.92986429 0.09283254 0.0802876  0.05928344]]
[[0.93870676 0.09166484 0.09020025 0.03946832]]
[[0.91374122 0.0699555  0.03696048 0.02682809]]
[[0.91083845 0.02877618 0.0469111  0.02329195]]
[[0.90159006 0.05474021 0.06344079 0.03562236]]
[[0.91108577 0.07611275 0.09759765 0.02794615]]
[[0.90388648 0.09770054 0.05161757 0.03316464]]
[[0.91847464 0.07359212 0.05888878 0.04477171]]
[[0.90715774 0.06704049 0.09384485 0.03622744]]
[[0.90046653 0.04680012 0.03387017 0.02483584]]
[[0.91839566 0.04850453 0.05229586 0.02604939]]
[[0.90775195 0.03701334 0.05284798 0.02352438]]
[[0.93984937 0.06528348 0.09349009 0.04133479]]
[[0.93024726 0.05882839 0.06638612 0.04685047]]
[[0.90411066 0.06799219 0.0465101  0.02987732]]
[[0.91518248 0.05677817 0.06208323 0.01737877]]
[[0.92451645 0.07161437 0.08555922 0.04649594]]
[[0.91061638 0.07664317 0.06488284 0.04986891]]
[[0.91154935 0.06200316 0.04513056 0.03061007]]
[[0.90356641 0.07821094 0.05211789 0.02421512]]
[[0.91370926 0.03305709 0.05512182 0.01967658]]
[[0.9193565  0.07417913 0.09025895 0.03327114]]
[[0.93590889 0.08448672 0.09219258 0.03877959]]
[[0.9386655  0.07624621 0.0520153  0.03514571]]
[[0.90112871 0.07452015 0.04519701 0.02931796]]
[[0.9442955  0.06038946 0.07371427 0.04060601]]
[[0.90660238 0.02171889 0.03281277 0.01430298]]
[[0.92235629 0.09897489 0.07738198 0.04903969]]
[[0.93490455 0.04521768 0.05629351 0.02780622]]
[[0.9451632  0.08512821 0.09792117 0.05440465]]
[[0.90301947 0.0336073  0.06100835 0.02763106]]
[[0.93749152 0.08846877 0.0991951  0.06739806]]
[[0.91043848 0.08861281 0.06263437 0.03178098]]
[[0.92535711 0.06068529 0.0938586  0.04812582]]
[[0.92347835 0.0875775  0.09020146 0.0352768 ]]
[[0.90268989 0.04472019 0.0539248  0.03081241]]
[[0.92956535 0.07154539 0.05318259 0.0309571 ]]
[[0.93336811 0.0665845  0.06072164 0.04062976]]
[[0.90220063 0.05190085 0.06300892 0.02575499]]
[[0.90896798 0.07060241 0.0613619  0.04176367]]
[[0.94622938 0.07136274 0.06132516 0.04204891]]
[[0.93415586 0.08351069 0.07418337 0.06300743]]
[[0.91877171 0.07179825 0.09345675 0.06045334]]
[[0.92792722 0.06258951 0.0930647  0.04397084]]
[[0.92245941 0.08521782 0.04152695 0.03056372]]
[[0.90554377 0.08016804 0.09006264 0.05857059]]
[[0.91848653 0.07781763 0.06008749 0.04210591]]
[[0.90561188 0.02717528 0.02545942 0.02069945]]
[[0.90915274 0.09564424 0.0834589  0.0662658 ]]
[[0.90337922 0.09469387 0.05917226 0.02066904]]
[[0.90168155 0.07625331 0.0659682  0.03993593]]
[[0.93011352 0.07897934 0.07020623 0.05713588]]
[[0.92246855 0.07754202 0.05753378 0.04222928]]
[[0.91224105 0.04640534 0.08275866 0.02889362]]
[[0.90237485 0.08327973 0.0683882  0.04088198]]
[[0.92270844 0.07605152 0.09074096 0.04730574]]
[[0.91824939 0.08427843 0.05858132 0.0383792 ]]
[[0.91559114 0.08049875 0.05318152 0.02734931]]
[[0.91013983 0.03906015 0.09318476 0.02745845]]
[[0.91951914 0.03459459 0.09510198 0.02291528]]
[[0.90239245 0.04052578 0.04285752 0.03166663]]
[[0.90485889 0.0412594  0.06289136 0.02664914]]
[[0.90511575 0.04373326 0.04614022 0.03132526]]
[[0.91450042 0.04574757 0.02625597 0.01629559]]
[[0.92785764 0.08092388 0.09469763 0.05681038]]
[[0.90091552 0.04316958 0.04296113 0.03139371]]
[[0.94651026 0.0707674  0.08098608 0.05559989]]
[[0.91222969 0.09236547 0.09257729 0.06800729]]
[[0.90018497 0.08587487 0.09416232 0.05718323]]
[[0.9215654  0.08766131 0.08829744 0.04601972]]
[[0.90249086 0.08548889 0.07786921 0.05248273]]
[[0.90793968 0.05316543 0.08546638 0.04015393]]
[[0.92103908 0.05847674 0.08274692 0.03227704]]
[[0.90207134 0.07535658 0.08218561 0.03303235]]
[[0.92548235 0.04079594 0.04792077 0.02137329]]
[[0.90770582 0.08868717 0.04182161 0.03120053]]
[[0.90479208 0.06038262 0.03918598 0.02029255]]
[[0.90045742 0.05727682 0.05399733 0.02908223]]
[[0.93051774 0.07080147 0.08667541 0.04624717]]
[[0.91131062 0.07081508 0.07487179 0.03653854]]
[[0.91553517 0.06081072 0.07317704 0.025356  ]]
[[0.9159953  0.07675752 0.0702502  0.05327242]]
[[0.90445253 0.04211464 0.05203111 0.0206044 ]]
[[0.90261198 0.07320527 0.08058412 0.02828924]]
[[0.90955698 0.03994824 0.04315781 0.01681395]]
[[0.91400132 0.03719105 0.05213901 0.03006145]]
[[0.91533874 0.05328323 0.0613059  0.03711617]]
[[0.90391989 0.0592882  0.08989698 0.03333191]]
[[0.92314619 0.04619694 0.05962908 0.03246722]]
[[0.90279826 0.05530541 0.07852233 0.02863488]]
[[0.91401921 0.08813763 0.07359694 0.0421564 ]]
[[0.90423001 0.08018838 0.09834284 0.05080107]]
[[0.91222637 0.07604029 0.06025059 0.04834666]]
[[0.90269067 0.06065884 0.07181961 0.03669266]]
[[0.92543025 0.05473165 0.05029741 0.0283304 ]]
[[0.92323049 0.08260961 0.08443076 0.05936576]]
[[0.90105082 0.04312377 0.09451392 0.02929811]]
[[0.90752651 0.03703127 0.0796561  0.02129223]]
[[0.90201947 0.05938249 0.04822886 0.02515531]]
[[0.92801662 0.06893791 0.07399867 0.0448292 ]]
[[0.91830958 0.09488981 0.07959076 0.03815573]]
[[0.90184355 0.08277698 0.03451887 0.02209651]]
[[0.90369642 0.03686541 0.08776122 0.02400451]]
[[0.91536505 0.09651567 0.04358893 0.02505382]]
[[0.9001424  0.09490411 0.08869104 0.03605716]]
[[0.90927155 0.09821436 0.05444682 0.02967576]]
[[0.90077509 0.08609499 0.08485178 0.03944201]]
[[0.90664551 0.07307702 0.08191038 0.03686731]]
[[0.90960004 0.08974824 0.0896981  0.02844419]]
[[0.90480055 0.06246796 0.03358479 0.01891261]]
[[0.9103974  0.05290011 0.07922669 0.02272801]]
[[0.90237443 0.0796627  0.03567744 0.03127965]]
[[0.92686827 0.07517991 0.07369844 0.04859331]]
[[0.90914896 0.05214075 0.0415498  0.018641  ]]
[[0.92091586 0.09142931 0.06325192 0.03287672]]
[[0.91732844 0.07258912 0.08067371 0.02792576]]
[[0.9254255  0.09262946 0.08363803 0.06085381]]
[[0.90134165 0.06740555 0.08352778 0.03303529]]
[[0.91237209 0.06422871 0.08481044 0.05109378]]
[[0.90054936 0.06278367 0.04026167 0.02372625]]
[[0.92666445 0.05346535 0.06173008 0.03778329]]
[[0.90387477 0.08966983 0.0432669  0.03369751]]
[[0.9379896  0.06412747 0.08089203 0.03587543]]
[[0.93871352 0.08385571 0.06679006 0.03717249]]
[[0.912339   0.06022401 0.09757552 0.02860142]]
[[0.9174279  0.06786774 0.09997079 0.02813732]]
[[0.91663905 0.04166267 0.04485248 0.02910504]]
[[0.93509057 0.0792548  0.07279156 0.05249669]]
[[0.94029853 0.09110824 0.06029386 0.04039823]]
[[0.91364791 0.06087497 0.06813469 0.04034674]]
[[0.91453285 0.0627271  0.05529461 0.02481115]]
[[0.91042453 0.08727094 0.0709305  0.04583197]]
[[0.90484943 0.09265546 0.05262531 0.04547539]]
[[0.90195653 0.06579687 0.05739548 0.04398036]]
[[0.91854118 0.07335696 0.09472868 0.03098775]]
[[0.921494   0.09593055 0.05966964 0.04112569]]
[[0.90628041 0.09197751 0.07558962 0.0352867 ]]
[[0.90109174 0.02780247 0.07926154 0.02287208]]
[[0.90767755 0.08611694 0.06062978 0.04486143]]
[[0.90496241 0.09461624 0.08142975 0.02297022]]
[[0.9027361  0.06524105 0.09579582 0.0373334 ]]
[[0.93470052 0.08900118 0.0744839  0.04679585]]
[[0.905593   0.07691392 0.09846581 0.02523706]]
[[0.90079009 0.050384   0.02971899 0.01635512]]
[[0.91187865 0.0463386  0.0251356  0.02016614]]
[[0.90267596 0.09971525 0.08781671 0.03313378]]
[[0.9175521  0.09980925 0.08072369 0.02662441]]
[[0.92976473 0.09776448 0.06921272 0.04307433]]
[[0.91529446 0.08150417 0.03837993 0.02699011]]
[[0.90575958 0.03955933 0.03938293 0.01439238]]
[[0.91101722 0.06712294 0.05596893 0.04557835]]
[[0.92226458 0.0626079  0.09422759 0.02367557]]
[[0.94761273 0.0797622  0.09686331 0.05450315]]
[[0.90162584 0.04310753 0.05129049 0.03162235]]
[[0.91487962 0.0952677  0.08451969 0.06306927]]
[[0.92760055 0.08478309 0.07876795 0.06910843]]
[[0.91338473 0.08799633 0.0826089  0.04937963]]
[[0.90958318 0.07207719 0.05558913 0.02785108]]
[[0.91868473 0.05951672 0.05276226 0.04037477]]
[[0.90074831 0.06703172 0.05047338 0.02593993]]
[[0.93172946 0.06917558 0.06281697 0.03665835]]
[[0.90457635 0.07275529 0.09962272 0.04628214]]
[[0.9156161  0.08508252 0.09708166 0.03762576]]
[[0.92259178 0.08665716 0.09723076 0.03421072]]
[[0.91706721 0.08766171 0.06450664 0.03518499]]
[[0.93332529 0.0941978  0.09411567 0.03692256]]
[[0.90990898 0.05457949 0.02959817 0.02042449]]
[[0.90412103 0.06893523 0.09014465 0.04907221]]
[[0.90554895 0.06752438 0.09917568 0.0474621 ]]
[[0.91724483 0.05275521 0.03439119 0.02286618]]
[[0.90577769 0.06378667 0.0654705  0.02887433]]
[[0.90268531 0.08995929 0.0491238  0.02943568]]
[[0.90754802 0.07846825 0.07347238 0.04272798]]
[[0.90624939 0.03890707 0.06002702 0.02269254]]
[[0.92956181 0.09958475 0.08563512 0.04065011]]
[[0.90589375 0.05420497 0.09302921 0.03595465]]
[[0.91908221 0.0527956  0.08266869 0.02959951]]
[[0.91785547 0.07425785 0.09603124 0.0400833 ]]
[[0.93245508 0.06922955 0.06724968 0.04313423]]
[[0.9145998  0.09826645 0.04114995 0.02534023]]
[[0.90803858 0.09907817 0.08407707 0.06550475]]
[[0.9154212  0.05100352 0.07540229 0.02687636]]
[[0.90388732 0.06982813 0.021236   0.01418608]]
[[0.92536258 0.05305483 0.06837053 0.02651518]]
[[0.90248102 0.06696685 0.09892927 0.03276269]]
[[0.92134227 0.08983383 0.08031156 0.05628219]]
[[0.9229936  0.0891521  0.04236042 0.02256152]]
[[0.91174952 0.08837446 0.08032569 0.04890323]]
[[0.94192525 0.092186   0.08858849 0.06933183]]
[[0.90394442 0.07811479 0.04895315 0.01978966]]
[[0.90411922 0.07654063 0.07351481 0.04529823]]
[[0.94130882 0.07146013 0.09694112 0.04618646]]
[[0.91818597 0.08546978 0.09990627 0.04488346]]
[[0.90532053 0.04654943 0.08535322 0.03250624]]
[[0.90042213 0.07209396 0.09509073 0.04840895]]
[[0.90769796 0.06514117 0.07885785 0.03759153]]
[[0.92419362 0.08177    0.04171977 0.03279719]]
[[0.91124886 0.09722676 0.0887703  0.03804253]]
[[0.93127098 0.06784001 0.0684397  0.03902418]]
[[0.9239197  0.04786244 0.08846367 0.03724793]]
[[0.9334985  0.07565014 0.03131099 0.02540733]]
[[0.90138899 0.03358148 0.03810576 0.02516353]]
[[0.92327475 0.04202005 0.0898333  0.02946392]]
[[0.91449848 0.08075697 0.09111238 0.03105114]]
[[0.91487019 0.03144804 0.07003168 0.01819565]]
[[0.91157629 0.06878475 0.08439228 0.03603438]]
[[0.90698974 0.09325536 0.0936512  0.05560561]]
[[0.90490311 0.03622358 0.08796581 0.02828606]]
[[0.90786195 0.08131002 0.09949625 0.06092192]]
[[0.94018639 0.09235861 0.07891739 0.04731944]]
[[0.92145398 0.0610773  0.07645925 0.04394572]]
[[0.92062238 0.0636518  0.09892562 0.02724594]]
[[0.90035102 0.03206974 0.06065634 0.02400039]]
[[0.9000622  0.06850071 0.0746377  0.03212229]]
[[0.93163719 0.06582029 0.06382132 0.03209662]]
[[0.92483411 0.07205958 0.07077165 0.03607533]]
[[0.9018944  0.04789483 0.03199956 0.0191465 ]]
[[0.93362089 0.03738258 0.06421743 0.02640702]]
[[0.90221027 0.05546928 0.05848379 0.04214883]]
[[0.92245097 0.06184546 0.08421316 0.04504156]]
[[0.91683138 0.07770737 0.08880513 0.06309494]]
[[0.90471291 0.05383105 0.06228103 0.04051556]]
[[0.90621525 0.07227944 0.07918205 0.05477596]]
[[0.92290436 0.07418219 0.08892083 0.04671833]]
[[0.91068564 0.09943827 0.07720399 0.05749706]]
[[0.90582988 0.08376666 0.05518441 0.02724223]]
[[0.95171226 0.07262917 0.09510811 0.06190236]]
[[0.92910252 0.0741075  0.07545138 0.06083851]]
[[0.90789692 0.03264312 0.06026652 0.02058038]]
[[0.91020113 0.06820143 0.09349861 0.0350594 ]]
[[0.91349082 0.07321146 0.03285384 0.01965386]]
[[0.92339518 0.07462947 0.07475973 0.04072139]]
[[0.92788353 0.08705289 0.05257861 0.03802184]]
[[0.91046761 0.08827365 0.08933367 0.03643133]]
[[0.91666442 0.02992512 0.02610951 0.01715915]]
[[0.90451109 0.06612235 0.0654546  0.04681107]]
[[0.91847176 0.06776225 0.02634891 0.02165345]]
[[0.90052411 0.06994651 0.04004001 0.02453341]]
[[0.94014227 0.07683458 0.08169165 0.04362521]]
[[0.94764667 0.08658779 0.08385071 0.05647071]]
[[0.92576561 0.04526799 0.09709521 0.03506452]]
[[0.9117932  0.06784968 0.07718301 0.02538216]]
[[0.90446709 0.06478842 0.06531393 0.01540723]]
[[0.93250986 0.09866077 0.08148019 0.02847418]]
[[0.90951973 0.04592732 0.09026554 0.03388202]]
[[0.9067484  0.02320379 0.03405408 0.01432977]]
[[0.91615464 0.04431321 0.06796874 0.03121404]]
[[0.91297034 0.08169292 0.07178221 0.03941645]]
[[0.91655168 0.09993997 0.08961226 0.03289392]]
[[0.91284256 0.0830781  0.07121748 0.03929452]]
[[0.92868054 0.06611516 0.05988938 0.04125719]]
[[0.90500819 0.02191832 0.04269959 0.01405081]]
[[0.90817618 0.08467372 0.0905176  0.01646575]]
[[0.94406688 0.06726315 0.08789301 0.0487549 ]]
[[0.90062221 0.0671207  0.09331724 0.05044071]]
[[0.90838734 0.08923447 0.07455654 0.03840226]]
[[0.90789503 0.07519149 0.04587412 0.02436596]]
[[0.91310102 0.04479816 0.08464091 0.03837158]]
[[0.91880387 0.04086442 0.04969659 0.03079428]]
[[0.90601207 0.02573146 0.02702309 0.01604087]]
[[0.90919681 0.04644531 0.04599973 0.02966673]]
[[0.91636659 0.0447041  0.07448309 0.02122084]]
[[0.91412721 0.06531148 0.05970542 0.01882561]]
[[0.9206665  0.04891621 0.08457882 0.03352352]]
[[0.90703615 0.0911783  0.07682419 0.05046477]]
[[0.91771053 0.09981313 0.04267427 0.03076297]]
[[0.92205243 0.0601293  0.04243913 0.01990579]]
[[0.90578877 0.06240352 0.06556654 0.03473337]]
[[0.90579029 0.06677165 0.06463591 0.04557845]]
[[0.91813996 0.0483149  0.06867754 0.03636328]]
[[0.90620458 0.06697583 0.06744666 0.02514221]]
[[0.92440479 0.0665848  0.08721238 0.04539949]]
[[0.90098401 0.06914471 0.06684722 0.03053288]]
[[0.92095117 0.0417479  0.02738518 0.02359129]]
[[0.91194235 0.06836037 0.07216596 0.02349474]]
[[0.90427722 0.08215944 0.03278826 0.01862225]]
[[0.93654369 0.0983114  0.09484498 0.04846965]]
[[0.92153999 0.05945381 0.06144262 0.045056  ]]
[[0.90734212 0.06255373 0.05253399 0.02457224]]
[[0.90595514 0.04232703 0.03853536 0.01857775]]
[[0.90214768 0.07883349 0.04961121 0.03533596]]
[[0.90040405 0.06406951 0.07199455 0.02634047]]
[[0.90406808 0.06777571 0.04712257 0.02845095]]
[[0.92311026 0.06049476 0.05459486 0.04031002]]
[[0.9117148  0.06119023 0.05898617 0.04268686]]
[[0.90108717 0.09871085 0.06767242 0.03955018]]
[[0.92709228 0.04846216 0.03483063 0.0243733 ]]
[[0.92190771 0.0696836  0.06452859 0.025257  ]]
[[0.905788   0.07576952 0.06760913 0.03089628]]
[[0.90094248 0.04859862 0.03646622 0.01937351]]
[[0.90039625 0.09615032 0.04976575 0.02841585]]
[[0.93698029 0.09189333 0.07371306 0.03736011]]
[[0.92459578 0.09471934 0.09967566 0.04519901]]
[[0.92881882 0.09230261 0.06393827 0.05027983]]
[[0.90875065 0.09781637 0.06538766 0.04157179]]
[[0.90258926 0.09120216 0.0720571  0.04830969]]
[[0.92247533 0.07040943 0.08197791 0.0473612 ]]
[[0.92095876 0.09716971 0.07862607 0.06556929]]
[[0.90272755 0.09079604 0.09736241 0.03559781]]
[[0.923623   0.04193734 0.0520706  0.03274625]]
[[0.90395548 0.0320856  0.05084167 0.02112974]]
[[0.91968375 0.07927237 0.05645393 0.03289117]]
[[0.91339939 0.06662489 0.04962092 0.02559284]]
[[0.90001227 0.08010397 0.05229281 0.04275476]]
[[0.90879383 0.05825541 0.06688444 0.03775628]]
[[0.93416343 0.06423143 0.05940403 0.03465102]]
[[0.92686746 0.06472694 0.06341541 0.05132072]]
[[0.92064789 0.04799533 0.04960175 0.0283864 ]]
[[0.90480887 0.07775299 0.03697057 0.02837635]]
[[0.90384924 0.0634476  0.0630594  0.04338702]]
[[0.91767297 0.04230598 0.06242211 0.03268678]]
[[0.91706445 0.05987227 0.04530006 0.01918984]]
[[0.91266414 0.06820554 0.09763199 0.031428  ]]
[[0.91817853 0.06760727 0.08766734 0.04942038]]
[[0.91102377 0.04682689 0.03571948 0.02129839]]
[[0.90991476 0.09109948 0.08590287 0.06623176]]
[[0.91634172 0.06147837 0.04962935 0.03098731]]
[[0.90050206 0.08921801 0.09012953 0.03377311]]
[[0.90812807 0.09325278 0.04880719 0.03220301]]
[[0.91550756 0.08025473 0.07635605 0.03226875]]
[[0.9117605  0.09186782 0.0509723  0.03747338]]
[[0.9025523  0.07607414 0.0578717  0.04497952]]
[[0.91412755 0.05199015 0.09850547 0.04001083]]
[[0.9086086  0.05875316 0.05963108 0.04062526]]
[[0.95857087 0.08281543 0.08686581 0.06974945]]
[[0.90420464 0.07933687 0.06883961 0.05259123]]
[[0.94797595 0.07144623 0.07173689 0.05618848]]
[[0.90113057 0.04659324 0.05554808 0.03027935]]
[[0.91676081 0.09041741 0.06317638 0.03130558]]
[[0.91665081 0.08131336 0.05674043 0.02523307]]
[[0.90538939 0.03476613 0.0782483  0.01887625]]
[[0.90118467 0.06035325 0.02917815 0.01950302]]
[[0.93315994 0.09185806 0.08138783 0.05039913]]
[[0.92080756 0.06230292 0.06191873 0.03323686]]
[[0.90847873 0.09280227 0.07721179 0.03831459]]
[[0.9107579  0.09111298 0.07853375 0.05262465]]
[[0.92154825 0.07908136 0.09149829 0.03052397]]
[[0.90343476 0.06784243 0.06537403 0.03347455]]
[[0.90535757 0.0525498  0.07523171 0.02443756]]
[[0.91851695 0.09059604 0.0686717  0.0496517 ]]
[[0.92971259 0.09240295 0.08360362 0.04415319]]
[[0.9031265  0.07951635 0.07650379 0.04697623]]
[[0.90409719 0.07113739 0.0449493  0.0252016 ]]
[[0.93016057 0.07936752 0.05673285 0.02916068]]
[[0.91014087 0.06603657 0.07541028 0.03217252]]
[[0.9214857  0.06886519 0.07764074 0.05533741]]
[[0.93126772 0.07250694 0.07768472 0.02950181]]
[[0.91200326 0.06711352 0.08507428 0.0304287 ]]
[[0.92192038 0.08728678 0.09618443 0.05736531]]
[[0.90370998 0.09071679 0.03631203 0.02452821]]
[[0.9125742  0.09387918 0.08678678 0.05349212]]
[[0.90752011 0.08978402 0.0445229  0.0243051 ]]
[[0.91565388 0.09912535 0.08867458 0.03467941]]
[[0.90166111 0.06823901 0.06361756 0.05150296]]
[[0.90384404 0.09517792 0.04552616 0.03746913]]
[[0.90432194 0.07957037 0.09063005 0.02832096]]
[[0.92751894 0.04373207 0.09214287 0.0362086 ]]
[[0.9053661  0.05302641 0.05456802 0.04361618]]
[[0.90273013 0.07316852 0.08009264 0.03056541]]
[[0.93308326 0.08309009 0.07954778 0.05050388]]
[[0.909707   0.02331077 0.04894493 0.01854362]]
[[0.91468501 0.02947206 0.03550838 0.01794121]]
[[0.9258707  0.03521873 0.06727757 0.02642547]]
[[0.92062048 0.07704992 0.08720655 0.05607601]]
[[0.91669738 0.07554697 0.06744594 0.03899506]]
[[0.90626974 0.08956872 0.0441607  0.02694287]]
[[0.90665122 0.07883631 0.0635803  0.0459529 ]]
[[0.9043337  0.06642953 0.05749912 0.03118219]]
[[0.90173431 0.06546332 0.05642462 0.02546063]]
[[0.91313079 0.08382045 0.07993565 0.03751386]]
[[0.92474018 0.07531926 0.05208401 0.03485596]]
[[0.90462455 0.06873935 0.05093162 0.0424221 ]]
[[0.90198448 0.04571423 0.08834551 0.02602889]]
[[0.9009729  0.07584921 0.06976434 0.01909   ]]
[[0.90083082 0.05084757 0.07869977 0.03652948]]
[[0.91417609 0.07916778 0.07627645 0.03797845]]
[[0.93158571 0.09198794 0.07049184 0.04891737]]
[[0.91536873 0.0871107  0.0482894  0.02704064]]
[[0.93008697 0.09949325 0.06192842 0.03886078]]
[[0.93323298 0.03999208 0.08516978 0.03161246]]
[[0.91617102 0.04329796 0.04432479 0.02989682]]
[[0.92042312 0.06880488 0.039297   0.02562401]]
[[0.91125475 0.04256702 0.05045523 0.01600688]]
[[0.9083642  0.0967678  0.04182718 0.03336372]]
[[0.91444998 0.04911436 0.04776584 0.02794478]]
[[0.92964595 0.06062888 0.05910478 0.04472713]]
[[0.9289063  0.06144176 0.08754935 0.03259897]]
[[0.90410499 0.02748807 0.04516928 0.01343403]]
[[0.90474965 0.07058476 0.06717314 0.04252889]]
[[0.90751533 0.05878094 0.06006754 0.03254675]]
[[0.90352767 0.07353476 0.09212869 0.05812589]]
[[0.9035879  0.09495608 0.07439045 0.02783254]]
[[0.9033706  0.05877797 0.06018219 0.02347515]]
[[0.90170909 0.07701918 0.09505597 0.0428097 ]]
[[0.9097172  0.093179   0.07819224 0.04907662]]
[[0.91616863 0.06794571 0.02732042 0.02169593]]
[[0.90680136 0.08673548 0.0854835  0.06576685]]
[[0.90027161 0.06680284 0.03895813 0.02169018]]
[[0.90338572 0.02415779 0.02409682 0.01461952]]
[[0.91619306 0.06033955 0.09452759 0.04078841]]
[[0.90117432 0.03777117 0.02622657 0.01832924]]
[[0.92067502 0.08619605 0.06726854 0.03079244]]
[[0.91022722 0.09923259 0.05723636 0.0418979 ]]
[[0.91800156 0.03225696 0.05953286 0.02256916]]
[[0.91366301 0.09152878 0.03077866 0.01945641]]
[[0.90133646 0.09093263 0.08019174 0.0507727 ]]
[[0.90294585 0.08946139 0.05939363 0.04416303]]
[[0.90954125 0.06045064 0.09350571 0.04023191]]
[[0.93512067 0.09830234 0.08090019 0.03518817]]
[[0.93892284 0.06021093 0.09748553 0.04169472]]
[[0.91212742 0.03188415 0.09015639 0.02525057]]
[[0.90283872 0.04488543 0.07830256 0.02913853]]
[[0.90617773 0.03265643 0.06552922 0.01703916]]
[[0.93117592 0.06984753 0.08921009 0.05087272]]
[[0.90263227 0.05847541 0.09719173 0.03149303]]
[[0.90812119 0.08239618 0.07606443 0.04628074]]
[[0.9117631  0.07068697 0.03729354 0.01488605]]
[[0.91699117 0.02800629 0.03816316 0.01874226]]
[[0.90914668 0.0492435  0.03857084 0.0267673 ]]
[[0.90481485 0.05589463 0.06856302 0.02346218]]
[[0.90355716 0.07161186 0.07109884 0.04644627]]
[[0.91665296 0.08638122 0.03018713 0.01817206]]
[[0.91421982 0.05859135 0.07564548 0.02408046]]
[[0.90895299 0.09000913 0.04739967 0.03524107]]
[[0.92906541 0.09869881 0.07176002 0.04467021]]
[[0.91486801 0.05747093 0.08454842 0.03511431]]
[[0.92362936 0.08591984 0.09971619 0.02659068]]
[[0.91744369 0.09964581 0.03040939 0.02152515]]
[[0.9106739  0.09235509 0.08051533 0.04486105]]
[[0.91147466 0.05428953 0.08741389 0.04235515]]
[[0.92798137 0.08507384 0.05520321 0.03081618]]
[[0.90770716 0.04916588 0.05425605 0.03226228]]
[[0.91981678 0.08781132 0.08030965 0.03405279]]
[[0.9004541  0.06792847 0.03166881 0.01530713]]
[[0.91303648 0.05115724 0.07975133 0.0404627 ]]
[[0.92044619 0.04214015 0.06708751 0.02403083]]
[[0.9099159  0.06118535 0.09276685 0.03493905]]
[[0.90797346 0.04827806 0.08800041 0.03640563]]
[[0.92441176 0.05549857 0.07058639 0.04024519]]
[[0.90714784 0.04778245 0.08800476 0.03079584]]
[[0.90796111 0.07289965 0.05516753 0.0416779 ]]
[[0.93102062 0.09132106 0.07530293 0.05129112]]
[[0.91466906 0.09008576 0.08847559 0.04681497]]
[[0.93490718 0.06527163 0.09802274 0.04386106]]
[[0.91286107 0.08551051 0.05798859 0.04970282]]
[[0.90109467 0.08996358 0.09150143 0.05070433]]
[[0.91872715 0.08584919 0.03153835 0.02238227]]
[[0.91287082 0.06101646 0.05289983 0.02634152]]
[[0.90868444 0.0651938  0.09740694 0.0294343 ]]
[[0.91275729 0.03596358 0.03581175 0.01836484]]
[[0.93019449 0.09631357 0.06233386 0.04182931]]
[[0.90064636 0.092248   0.09305028 0.06955512]]
[[0.90290356 0.0410489  0.09205575 0.01367368]]
[[0.90709345 0.04354219 0.07865212 0.03249398]]
[[0.91419846 0.0294753  0.04303948 0.01963908]]
[[0.90631138 0.03031963 0.03739418 0.02551942]]
[[0.94028378 0.09592253 0.0838149  0.04899917]]
[[0.91198555 0.09357377 0.05739348 0.029533  ]]
[[0.90920276 0.04577515 0.05209905 0.03641062]]
[[0.93115446 0.05589616 0.07660796 0.03951848]]
[[0.90635596 0.07990556 0.04211003 0.0274075 ]]
[[0.90618991 0.09768251 0.09016458 0.04345735]]
[[0.92790602 0.03788482 0.04685516 0.02408368]]
[[0.90549632 0.05584619 0.02157047 0.01421894]]
[[0.91607978 0.08883663 0.08199216 0.06197688]]
[[0.91294346 0.06257188 0.06420766 0.04027932]]
[[0.90390361 0.09450535 0.04127736 0.03531496]]
[[0.9047597  0.04919044 0.04883719 0.02071599]]
[[0.92872746 0.0422802  0.08110871 0.02435486]]
[[0.90612685 0.05520821 0.07237249 0.03490127]]
[[0.92979875 0.08902566 0.06733589 0.04488862]]
[[0.91660451 0.03140149 0.07800664 0.02618989]]
[[0.91743428 0.09779145 0.05755511 0.03005618]]
[[0.91013636 0.04379842 0.04228316 0.03335098]]
[[0.90885273 0.0843665  0.05486015 0.03016625]]
[[0.92328718 0.09902546 0.09360013 0.05088211]]
[[0.91342131 0.09234235 0.07713628 0.04848239]]
[[0.91397103 0.07031555 0.08701402 0.04714902]]
[[0.92583542 0.09637144 0.06499009 0.04524114]]
[[0.92510303 0.09317983 0.05332327 0.03483182]]
[[0.91094983 0.0866973  0.07942017 0.06347849]]
[[0.93357761 0.08488226 0.05413519 0.03469676]]
[[0.90561018 0.08674191 0.05315202 0.02741195]]
[[0.92371777 0.09057248 0.09682811 0.06935962]]
[[0.90986524 0.02581918 0.04882787 0.0192009 ]]
[[0.90167857 0.0356207  0.05266118 0.02437245]]
[[0.92248437 0.06434051 0.08054552 0.03973927]]
[[0.91713133 0.0342728  0.07159681 0.02726022]]
[[0.91908959 0.0414897  0.09408586 0.02785364]]
[[0.92543879 0.08450023 0.09390449 0.06059254]]
[[0.91927559 0.03410858 0.05693245 0.02634598]]
[[0.9255613  0.0891179  0.05014531 0.03039564]]
[[0.90662271 0.05597053 0.0574979  0.03400693]]
[[0.9003569  0.03284254 0.04431726 0.0189658 ]]
[[0.92971152 0.07090347 0.07788806 0.04113705]]
[[0.91692923 0.07935767 0.047493   0.03105931]]
[[0.92576994 0.07847676 0.08200321 0.06355799]]
[[0.91145762 0.04367733 0.04735006 0.02422939]]
[[0.91709504 0.08583342 0.04866526 0.02908507]]
[[0.90911384 0.0989811  0.08199578 0.02798621]]
[[0.9149654  0.05555299 0.02948797 0.02026252]]
[[0.90598623 0.05153957 0.07352461 0.03014868]]
[[0.91727835 0.03429387 0.039453   0.02544679]]
[[0.91156114 0.0703765  0.09737305 0.0480977 ]]
[[0.91793259 0.07231979 0.05123054 0.02294808]]
[[0.90001869 0.05451089 0.04012729 0.02932988]]
[[0.90897715 0.0718858  0.059313   0.04653319]]
[[0.90078747 0.02044053 0.04312929 0.01603827]]
[[0.90910554 0.02045192 0.08900276 0.01772516]]
[[0.90084394 0.05354035 0.07655241 0.04227954]]
[[0.94121939 0.06109674 0.06391458 0.04097706]]
[[0.9202812  0.06604727 0.08180502 0.04935631]]
[[0.92148501 0.05630848 0.0599949  0.03266241]]
[[0.92304116 0.07654889 0.08384237 0.02347399]]
[[0.94120638 0.08087594 0.06385597 0.05056922]]
[[0.90651825 0.06194459 0.09183764 0.04231868]]
[[0.91009416 0.04613056 0.04668648 0.03120722]]
[[0.9368368  0.07311247 0.07251432 0.03236578]]
[[0.9142041  0.09468012 0.06240624 0.04217229]]
[[0.90265353 0.03830883 0.04010943 0.03130533]]
[[0.90847175 0.0325542  0.08973186 0.0245474 ]]
[[0.92820029 0.07761059 0.05402085 0.03809599]]
[[0.93789289 0.08522619 0.0431961  0.03473056]]
[[0.91137937 0.05802675 0.0664417  0.0493163 ]]
[[0.91521953 0.03190822 0.06801562 0.02209144]]
[[0.90062553 0.03520063 0.08508816 0.0223687 ]]
[[0.90724404 0.05612801 0.08718013 0.01847456]]
[[0.91507574 0.06887842 0.0779028  0.03754252]]
[[0.94546066 0.09234283 0.07942483 0.05773403]]
[[0.90413646 0.08277755 0.07883108 0.03651916]]
[[0.92969344 0.07359496 0.05337626 0.03231111]]
[[0.9062152  0.04256371 0.08257352 0.02928467]]
[[0.90672043 0.07410472 0.08694083 0.01858813]]
[[0.93352286 0.04745583 0.05227427 0.03455411]]
[[0.90572268 0.02367034 0.07772838 0.01901726]]
[[0.92131558 0.09909385 0.06447685 0.03598574]]
[[0.93295712 0.05326474 0.04067766 0.02853986]]
[[0.91094334 0.07170355 0.08614401 0.03038386]]
[[0.900487   0.06546798 0.06975493 0.03006965]]
[[0.91117683 0.03859225 0.0707895  0.02748248]]
[[0.92444157 0.0838057  0.08621339 0.0519489 ]]
[[0.94654055 0.08398389 0.07824426 0.06073994]]
[[0.91495034 0.05953141 0.09626839 0.05320218]]
[[0.90562084 0.0530593  0.06273874 0.04270555]]
[[0.905952   0.04880841 0.03752894 0.03084595]]
[[0.90383274 0.05577189 0.04328489 0.02605947]]
[[0.9085095  0.06501071 0.05996921 0.04847427]]
[[0.90189291 0.07153966 0.0425987  0.03281696]]
[[0.91040752 0.06691721 0.0466867  0.0348614 ]]
[[0.91046654 0.08668239 0.0660344  0.03823294]]
[[0.92223495 0.04991884 0.04636627 0.02759055]]
[[0.90444221 0.09389192 0.04633806 0.03255264]]
[[0.90902861 0.08149365 0.08453244 0.05430456]]
[[0.90369381 0.03628981 0.04679278 0.01635393]]
[[0.90084145 0.04783938 0.08871018 0.02488779]]
[[0.90238629 0.06579741 0.08390953 0.04952962]]
[[0.90784259 0.04654172 0.0400771  0.01893771]]
[[0.91200586 0.0533852  0.09187134 0.02356151]]
[[0.90203121 0.09651382 0.02644779 0.01752627]]
[[0.9115641  0.09861582 0.07958798 0.0431311 ]]
[[0.92285714 0.08535102 0.09806463 0.0304416 ]]
[[0.90922001 0.08602407 0.09018328 0.033532  ]]
[[0.90214548 0.04020006 0.06564759 0.03231059]]
[[0.91813571 0.05056039 0.03526377 0.01799224]]
[[0.92891455 0.07338799 0.08626385 0.03876394]]
[[0.92269828 0.06245098 0.0964406  0.04233929]]
[[0.92478738 0.06590162 0.07419918 0.04673145]]
[[0.91127724 0.02219098 0.02378558 0.0161245 ]]
[[0.91989555 0.08664719 0.04935524 0.02163123]]
[[0.90149621 0.029171   0.05315941 0.01826345]]
[[0.91883578 0.08209508 0.08995413 0.03931315]]
[[0.91073763 0.08640229 0.04751382 0.02898645]]
[[0.9124371  0.08044123 0.05811066 0.04452599]]
[[0.9230132  0.08475049 0.08856308 0.06516527]]
[[0.90269874 0.09718861 0.03397563 0.02359066]]
[[0.90084053 0.07637468 0.05721183 0.03548559]]
[[0.90842877 0.05669685 0.07653436 0.03527317]]
[[0.90500661 0.0804579  0.06461366 0.03670437]]
[[0.90999333 0.06756229 0.06288451 0.04506234]]
[[0.92378201 0.03979523 0.05413164 0.02019701]]
[[0.90346119 0.06357729 0.04685671 0.03322584]]
[[0.92983593 0.04927085 0.05941242 0.03666306]]
[[0.92767853 0.04887377 0.09235816 0.02435328]]
[[0.92236919 0.08097814 0.09355445 0.04791563]]
[[0.90623406 0.02334084 0.0202975  0.01591212]]
[[0.90056579 0.09258865 0.04437593 0.03721847]]
[[0.90818673 0.09587461 0.06754383 0.04971956]]
[[0.92871977 0.09972779 0.04779319 0.03196337]]
[[0.92053141 0.0737085  0.08163214 0.04269835]]
[[0.9079556  0.08828623 0.08638225 0.03566553]]
[[0.90841104 0.07314474 0.09623304 0.02873677]]
[[0.90240192 0.05519699 0.06689442 0.03051283]]
[[0.93034065 0.04826989 0.06646734 0.02834125]]
[[0.91180857 0.07473028 0.04488357 0.03130538]]
[[0.91140856 0.06462317 0.04322397 0.01847978]]
[[0.90642763 0.0684189  0.07155258 0.04133932]]
[[0.91201196 0.08416028 0.09632167 0.03913895]]
[[0.91056223 0.0432513  0.05336639 0.03359405]]
[[0.90626731 0.05981683 0.03176518 0.02126453]]
[[0.90568778 0.08771424 0.08147046 0.06538435]]
[[0.90179746 0.07700105 0.05570734 0.01707786]]
[[0.92461724 0.07210708 0.05889561 0.03644914]]
[[0.90315343 0.07426919 0.09030631 0.05862632]]
[[0.90479914 0.03510082 0.05218311 0.01828259]]
[[0.90172621 0.08054576 0.0565968  0.0403481 ]]
[[0.91610549 0.09702712 0.05111072 0.02648645]]
[[0.93542794 0.08643253 0.09399582 0.05056942]]
[[0.92257135 0.04158494 0.09922564 0.02401057]]
[[0.90159927 0.06418273 0.04359059 0.03073856]]
[[0.90089581 0.08322642 0.04535248 0.0344638 ]]
[[0.91659917 0.09185828 0.08500959 0.0649628 ]]
[[0.9295534  0.06999436 0.04714993 0.03147459]]
[[0.92817418 0.08148906 0.08523103 0.05024743]]
[[0.92813998 0.08177489 0.06325591 0.04039721]]
[[0.90166053 0.08035259 0.09828903 0.05145807]]
[[0.91829632 0.08676269 0.0483481  0.02968835]]
[[0.90241771 0.07488023 0.08366417 0.01883958]]
[[0.92315895 0.08380353 0.08305871 0.05222651]]
[[0.94350149 0.05744728 0.081729   0.04102079]]
[[0.92130183 0.0971467  0.05182956 0.04362018]]
[[0.90286887 0.08324695 0.09726885 0.04120488]]
[[0.90247977 0.08669745 0.04723293 0.02959893]]
[[0.92085798 0.03376574 0.08066926 0.02269002]]
[[0.91731698 0.05615673 0.06367912 0.03759823]]
[[0.90884722 0.08869261 0.0868456  0.06329504]]
[[0.9027166  0.0837165  0.01932632 0.01381138]]
[[0.91309307 0.09857353 0.09613064 0.05198115]]
[[0.92719812 0.08955682 0.08336131 0.06954369]]
[[0.90125631 0.0882368  0.0893577  0.07050798]]
[[0.9071414  0.04565322 0.04168762 0.02342083]]
[[0.92106825 0.04661277 0.09733965 0.02685793]]
[[0.92006712 0.02660639 0.07762877 0.0207841 ]]
[[0.92184765 0.06014654 0.07896611 0.03188834]]
[[0.92573365 0.08404291 0.05720826 0.0364841 ]]
[[0.90012197 0.05684251 0.09529714 0.04224919]]
[[0.90637948 0.08504835 0.07304324 0.0281948 ]]
[[0.9305088  0.0828744  0.05454623 0.02709505]]
[[0.92609751 0.09931417 0.07197226 0.04776867]]
[[0.92189171 0.07298303 0.0780584  0.03177296]]
[[0.91675085 0.06863444 0.05591652 0.03225855]]
[[0.93822349 0.09714698 0.05839261 0.04433306]]
[[0.91032896 0.06047186 0.08785558 0.03174506]]
[[0.91098471 0.08972604 0.07789408 0.04274805]]
[[0.90680687 0.03961132 0.0568223  0.02671537]]
[[0.90158312 0.0740316  0.03519893 0.02216445]]
[[0.90364517 0.02563094 0.0486995  0.01801763]]
[[0.90012856 0.04502504 0.09452165 0.01806181]]
[[0.90429135 0.08030251 0.08059735 0.04344042]]
[[0.92684899 0.04214707 0.06079191 0.03253013]]
[[0.91330781 0.08128784 0.03484113 0.0240008 ]]
[[0.94156158 0.0802539  0.08686398 0.04955534]]
[[0.92549875 0.0891779  0.06272942 0.04424357]]
[[0.90117059 0.03002062 0.07528737 0.01912397]]
[[0.91688722 0.04045052 0.04293099 0.02983461]]
[[0.91785677 0.05563106 0.07349791 0.02249873]]
[[0.90086643 0.09264811 0.07114303 0.03444256]]
[[0.94242535 0.04166127 0.04650656 0.03482404]]
[[0.90334245 0.09973854 0.07340905 0.03937876]]
[[0.9077945  0.05374647 0.04422066 0.02534602]]
[[0.91985033 0.07260998 0.06152791 0.02693259]]
[[0.91880354 0.06654573 0.07891277 0.04111554]]
[[0.92581116 0.03432    0.04551408 0.02181054]]
[[0.91240584 0.09146528 0.0625332  0.04554519]]
[[0.90888735 0.05129933 0.0412385  0.03363828]]
[[0.90122781 0.04851877 0.09613718 0.03671936]]
[[0.90310947 0.07693152 0.04765838 0.02357301]]
[[0.90568481 0.0853665  0.09967148 0.02441372]]
[[0.92025848 0.0352257  0.0944718  0.02145554]]
[[0.90493652 0.08649156 0.05947698 0.02926419]]
[[0.90450625 0.09572653 0.08093805 0.01849579]]
[[0.90070658 0.08392152 0.0561236  0.04302255]]
[[0.91259516 0.08447778 0.09403933 0.0710132 ]]
[[0.90243509 0.0625487  0.0729384  0.04032924]]
[[0.91544506 0.09165163 0.08936829 0.03239465]]
[[0.93154692 0.07843954 0.0731233  0.05483504]]
[[0.91924072 0.06334768 0.0913114  0.03259791]]
[[0.909115   0.09781761 0.09085144 0.07409562]]
[[0.93691108 0.07145015 0.05703222 0.04382035]]
[[0.91981023 0.06975683 0.08565555 0.04309527]]
[[0.90001465 0.09955057 0.08197349 0.05683651]]
[[0.90411773 0.062703   0.08467822 0.02424868]]
[[0.90632974 0.05326371 0.07666273 0.03181734]]
[[0.90556205 0.06520689 0.06919204 0.01983237]]
[[0.91291392 0.08895733 0.07087228 0.03668735]]
[[0.92471067 0.09497403 0.09332415 0.05719182]]
[[0.90076147 0.08652047 0.0758655  0.01379894]]
[[0.91371339 0.07128438 0.0397167  0.02455828]]
[[0.90560489 0.05920895 0.06798311 0.03266213]]
[[0.90048091 0.08900105 0.07360442 0.06335064]]
[[0.90574963 0.0407489  0.02522364 0.01523832]]
[[0.93376891 0.05943672 0.06895333 0.03516251]]
[[0.90691272 0.05893643 0.02953701 0.02117811]]
[[0.91282251 0.07175461 0.06711772 0.02769925]]
[[0.91659289 0.09115728 0.0737297  0.03979004]]
[[0.90211154 0.05569895 0.09292274 0.03727877]]
[[0.90932482 0.05491162 0.02568105 0.0209559 ]]
[[0.91530835 0.04649044 0.05123164 0.01744021]]
[[0.90061201 0.05746624 0.07010058 0.03996893]]
[[0.93199303 0.09157313 0.08464885 0.05961412]]
[[0.91002379 0.03786917 0.0406584  0.02238655]]
[[0.90057578 0.02771383 0.03085341 0.01549641]]
[[0.90849336 0.08013168 0.02742293 0.02181315]]
[[0.90939621 0.07299131 0.09709818 0.05260514]]
[[0.90346729 0.07323722 0.07146978 0.04621245]]
[[0.92051247 0.04179954 0.09627303 0.02935143]]
[[0.90909982 0.0885955  0.08190071 0.06277809]]
[[0.91426196 0.02421699 0.06110081 0.01977419]]
[[0.90719387 0.04560873 0.09126838 0.03030546]]
[[0.90014122 0.08736792 0.09382583 0.02907644]]
[[0.91299317 0.07751403 0.09285233 0.05026654]]
[[0.91156708 0.09490846 0.0490243  0.03892809]]
[[0.9198766  0.05503048 0.03720739 0.02281854]]
[[0.90616182 0.06947076 0.06041187 0.04413393]]
[[0.91264293 0.07117245 0.05197825 0.03799567]]
[[0.90506206 0.03943952 0.08393063 0.03108715]]
[[0.91585212 0.09816091 0.0476758  0.0222806 ]]
[[0.90529014 0.02555747 0.04439858 0.01877124]]
[[0.9006426  0.08318664 0.02779368 0.01433338]]
[[0.9096474  0.04626763 0.05185206 0.02926164]]
[[0.90420457 0.03994647 0.03385976 0.01971392]]
[[0.91507613 0.08703035 0.09449869 0.06067358]]
[[0.92999605 0.06433705 0.06092415 0.03478792]]
[[0.91720577 0.03444736 0.07612853 0.02521696]]
[[0.90295646 0.04670876 0.03381222 0.01574167]]
[[0.90838671 0.05016121 0.07390363 0.03644476]]
[[0.90320729 0.07573227 0.04830664 0.02470542]]
[[0.90431008 0.09469674 0.06050164 0.02784933]]
[[0.90521032 0.07942961 0.09518634 0.05027988]]
[[0.90606975 0.08395148 0.09153657 0.0414607 ]]
[[0.92425209 0.09454201 0.07782514 0.03270796]]
[[0.91614356 0.06492016 0.07062602 0.03951197]]
[[0.90212823 0.06434614 0.03807393 0.02474999]]
[[0.90005781 0.07263525 0.04907786 0.03560257]]
[[0.90920136 0.03331384 0.04728468 0.02766625]]
[[0.91616265 0.04779341 0.07213791 0.02981399]]
[[0.90793855 0.03991484 0.07370179 0.02933809]]
[[0.90181649 0.05179828 0.06592541 0.03081612]]
[[0.91421791 0.04652148 0.09808787 0.03208877]]
