[[-3.41830355  3.95951986 -4.17894054]
 [-1.53734101  2.92889803 -3.79026143]]
[[-3.32029796  2.90859847 -2.80239828]
 [-2.36766551  4.24253019 -3.03926786]]
[[ 3.4604492  -1.71302806 -2.32099895]
 [ 1.87810221 -4.28244859 -1.3493757 ]]
[[-2.21835363 -3.52849327  3.21750105]
 [-1.58405527 -3.07471934  3.65241353]]
[[-4.06568522  1.19065774 -4.14703346]
 [-2.79337796  4.31608031 -1.8896085 ]]
[[-4.03005446  2.59172488 -2.99177409]
 [-2.77826667  2.35997862 -4.29165772]]
[[-3.82343108 -2.29932062  3.56991123]
 [-3.09891987 -2.68247386  1.75648686]]
[[-3.01399631 -4.28015055  4.3610927 ]
 [-4.42508541 -1.43716771  1.83281444]]
[[-1.57586588 -3.79278869  2.79255045]
 [-4.42488071 -2.68676485  1.92538616]]
[[ 2.49613295 -2.42239816 -2.2687151 ]
 [ 4.25635911 -2.52696081 -3.62767591]]
[[-3.09041742  2.94080663 -3.28329039]
 [-3.33050575  3.114185   -3.65932496]]
[[-2.90625112 -4.35788223  4.33355798]
 [-4.01525271 -2.42601277  4.44938286]]
[[-4.14200161  3.82735926 -2.64961633]
 [-4.080988    4.02141264 -2.38144013]]
[[ 2.83247325 -1.31523026 -3.99468372]
 [ 3.22695728 -3.49234999 -2.02593786]]
[[-2.57606637 -3.55334672  3.80262295]
 [-4.44202021 -4.05215659  3.65525351]]
[[-1.53464456 -2.58678455  4.45670232]
 [-1.17005597 -3.57825004  3.41954064]]
[[-2.3270204   1.54307319 -1.86708163]
 [-3.43413713  3.8544218  -1.7326824 ]]
[[-2.37576608  2.67960663 -3.96974501]
 [-3.04563632  3.51676036 -2.21642571]]
[[-2.55023323 -3.11361487  2.69798985]
 [-3.4521492  -2.80840941  2.90811633]]
[[ 2.7140812  -2.51920278 -2.68722894]
 [ 3.93632305 -1.73363965 -3.04895038]]
[[ 2.57040447 -3.61117144 -3.10640303]
 [ 4.26820514 -2.72376568 -3.41851707]]
[[-2.25659155 -4.02848073  3.12959381]
 [-3.14854304 -3.73088597  2.21056456]]
[[-1.79379202 -3.99291694  2.41487196]
 [-2.34469841 -2.5537082   2.74254992]]
[[-2.78508774 -2.7859032   4.41518303]
 [-3.77179871 -1.89364908  4.37897025]]
[[-4.35885897 -4.06107484  3.4926076 ]
 [-3.51881499 -3.10718926  3.62775324]]
[[-3.4425799   2.50905432 -2.30759519]
 [-2.97682169  2.22517629 -2.58447686]]
[[ 2.39483758 -3.41558525 -4.46390518]
 [ 1.43768241 -2.55273329 -3.12324975]]
[[-1.52404466  3.77556838 -3.42780361]
 [-3.64709645  3.51688529 -3.00108321]]
[[ 2.0978881  -2.57920984 -2.24805504]
 [ 3.74096333 -3.00067376 -2.89562594]]
[[ 2.61648652 -3.02951723 -3.52365252]
 [ 4.2155024  -3.08520901 -3.33275153]]
[[-4.10907192 -3.5423081   1.35479878]
 [-1.89061123 -2.2382095   2.60105269]]
[[-1.54902975  3.11385693 -3.8466045 ]
 [-1.87275938  2.7231509  -4.36159015]]
[[-3.72084591  2.90919321 -3.1409523 ]
 [-1.79245537  1.46521444 -3.89598313]]
[[-3.39662873  1.61344693 -2.31678745]
 [-2.80557182  2.07621271 -3.81588477]]
[[ 2.67195629 -2.75373625 -1.36392668]
 [ 2.69442113 -0.59125716 -4.17791991]]
[[-2.29152536 -3.76595521  3.26053999]
 [-3.32586169 -3.35930857  3.0997503 ]]
[[-3.5685414   3.3918231  -4.33900553]
 [-4.07902634  2.71352365 -2.76106681]]
[[-3.41042441  2.84103994 -3.77903462]
 [-4.2179657   2.15816383 -2.24893088]]
[[-2.99607969  2.43026069 -3.41219593]
 [-4.16317142  1.61699784 -3.62681486]]
[[ 4.12466418 -4.02899165 -3.00053738]
 [ 3.8634348  -4.04395238 -1.71474184]]
[[-3.17692423  2.36241253 -2.28603465]
 [-2.8355837   2.85483081 -2.49386659]]
[[ 4.20349916 -4.44309547 -3.09396346]
 [ 3.3939507  -3.07818177 -3.65254886]]
[[-2.03975965 -3.7778947   0.81064238]
 [-2.2894817  -1.54104271  2.8891665 ]]
[[-0.53444851  3.11376205 -3.86781592]
 [-1.48088757  1.67020786 -3.99746236]]
[[-2.44925704  1.58064959 -4.27173951]
 [-1.34360706  3.26055728 -3.57933114]]
[[-2.79140261 -4.22694709  3.8711686 ]
 [-1.92404958 -1.92770468  3.28173421]]
[[-1.63463136  3.24283362 -2.53185102]
 [-2.83049893  1.92692557 -3.03708006]]
[[ 3.01291469 -2.28491814 -3.62001982]
 [ 1.8983487  -2.12576289 -3.39642287]]
[[ 3.13375632 -3.09370917 -2.74916987]
 [ 3.15962839 -1.58600254 -2.8351806 ]]
[[-2.58753616 -3.9852251   3.70084803]
 [-3.15197115 -4.269545    3.4088305 ]]
[[-3.23815074 -3.95164524  3.17879931]
 [-3.3803609  -4.09058762  2.89653501]]
[[-4.36213952 -3.90253215  2.17659651]
 [-4.4666109  -2.78700172  4.45639115]]
[[ 2.59264336 -2.49065893 -3.53204385]
 [ 2.49945253 -1.31594351 -2.71437657]]
[[-3.15077034 -3.42909686  2.88366041]
 [-3.90036101 -2.76003137  2.53635894]]
[[-3.68715845 -3.06171283  3.06412368]
 [-2.87446744 -4.25789408  4.40596849]]
[[-1.45980369 -4.19873059  2.71577158]
 [-4.32305963 -1.82610902  2.11492966]]
[[-3.34390904 -4.48203176  3.00965575]
 [-2.90409859 -2.30716109  2.46380797]]
[[-1.24996536  3.58513109 -3.734239  ]
 [-2.85796887  1.24546566 -3.77487485]]
[[ 2.90928178 -2.00653735 -4.14121091]
 [ 1.44140078 -4.42745549 -2.99241604]]
[[-3.65872374  1.4776172  -4.46349755]
 [-1.58547316  3.32404026 -2.95022115]]
[[-1.79723352 -3.32910819  4.0905243 ]
 [-1.43175801 -4.47231222  3.10621309]]
[[-3.07159686  4.09979364 -3.21086064]
 [-2.66843808  4.04451967 -1.82999653]]
[[-2.72464874  2.64396296 -4.26943449]
 [-3.51419667  4.15520596 -2.35665446]]
[[-4.31619522 -2.83147515  3.5569122 ]
 [-2.50786411 -3.95692856  2.17953673]]
[[ 4.07415349 -4.31733129 -2.54550344]
 [ 1.36922826 -1.8949841  -3.36771128]]
[[-4.26979853  3.28751253 -1.8961565 ]
 [-3.61793344  3.13960911 -4.07100264]]
[[ 3.74064598 -3.44157953 -3.03678673]
 [ 3.24178985 -4.06787672 -4.17243549]]
[[-3.39994983 -1.81702384  3.52070951]
 [-2.88418583 -2.98066275  4.22758241]]
[[-1.75242343 -4.48738197  4.49103638]
 [-1.64344766 -4.4700892   2.94799154]]
[[-2.08098889 -1.70514431  2.91864736]
 [-3.05083221 -4.2541556   3.80617907]]
[[ 3.12132846 -1.50350753 -3.11453978]
 [ 2.58667866 -3.4427901  -1.06096699]]
[[-3.11856821  3.64962538 -1.56765863]
 [-3.86960367  3.19974763 -2.25796433]]
[[ 2.45875242 -2.42793989 -4.06227212]
 [ 1.01851875 -3.73938136 -3.4030879 ]]
[[-2.45327735  4.04791977 -1.90627981]
 [-4.40803584  3.27000961 -2.85735886]]
[[ 3.63560986 -4.16191642 -4.30673766]
 [ 4.23618903 -2.3233384  -1.98346511]]
[[-2.32259263  2.44168833 -3.29544672]
 [-3.38990458  4.21153398 -4.17344526]]
[[ 1.38075297 -2.94317773 -3.6408739 ]
 [ 0.69031203 -2.0768074  -4.2530025 ]]
[[-2.6859656  -2.01236013  3.54587947]
 [-2.85132591 -3.27507515  1.57736297]]
[[-2.96663808 -0.5896104   4.01260459]
 [-3.34132915 -1.81593861  3.74829154]]
[[-2.96842769 -3.56674956  3.06483741]
 [-3.26558404 -3.71746022  3.23513807]]
[[ 2.66395763 -3.93943574 -1.90734395]
 [ 3.78347963 -2.43521056 -1.61507237]]
[[-2.34904046 -4.2290794   4.26278893]
 [-3.6730903  -1.35906286  3.25142451]]
[[ 3.5500705  -3.37121413 -1.69343674]
 [ 1.35979127 -4.38756728 -3.43410847]]
[[-3.6118086   2.58152027 -2.33634566]
 [-3.11395032  3.2232405  -1.48868494]]
[[-2.94328391  3.9434212  -3.53870979]
 [-4.28322066  2.88370269 -2.89790226]]
[[-3.01329517  2.63246298 -4.3394462 ]
 [-2.38135337  2.16474496 -4.09494715]]
[[-2.4948153  -2.94177194  4.08076244]
 [-3.80715796 -4.10731711  4.19207104]]
[[ 4.0797023  -1.22544754 -2.32673628]
 [ 2.03738804 -2.58234285 -2.59044272]]
[[-3.80072739  3.53338624 -2.54582998]
 [-4.33691131  1.71937778 -3.19008444]]
[[-4.16193012 -3.03796051  2.02598882]
 [-3.48280084 -4.24092451  2.26005279]]
[[-3.42510584 -1.75597288  3.52715196]
 [-2.75447766 -2.2595468   3.28806536]]
[[-1.71337868  4.35787231 -2.38262542]
 [-4.44565649  2.37065035 -3.1550456 ]]
[[-3.60033862 -2.76098566  2.3955868 ]
 [-2.54964877 -3.95505497  2.42463426]]
[[-1.68975761  3.95799321 -4.05021489]
 [-3.96880428  2.81996178 -4.41408413]]
[[ 3.86242317 -3.21807222 -1.26806616]
 [ 0.71943733 -3.61462274 -3.56487706]]
[[-3.48005907 -2.71816529  1.74487284]
 [-2.17610515 -3.12333916  4.35789001]]
[[ 4.12304928 -3.86835166 -3.5710158 ]
 [ 2.27598644 -3.01381192 -3.62210064]]
[[ 3.35628126 -1.59746633 -4.30675108]
 [ 4.01791962 -1.93072702 -2.96292726]]
[[-2.46421205  0.96979716 -2.9874918 ]
 [-1.95216387  2.80258125 -1.50988314]]
[[ 1.93595711 -3.01626884 -4.16537388]
 [ 1.32958089 -3.74942159 -2.71693723]]
[[ 3.10203248 -4.04258755 -1.28471051]
 [ 2.76558256 -3.59593187 -2.77746111]]
[[-1.99032168  3.84279969 -2.06056984]
 [-2.82229443  1.49924975 -2.83562509]]
[[ 2.97618778 -3.00385187 -1.69117636]
 [ 3.13245094 -1.45721463 -4.15994072]]
[[-2.30677908 -4.39092909  2.24385679]
 [-2.97483487 -4.17527972  2.52797905]]
[[-3.07443133 -4.4502839   2.12417912]
 [-2.8875253  -2.56941315  3.56600841]]
[[-2.24250306 -2.56703711  2.41530951]
 [-2.33720038 -2.30961565  3.4229544 ]]
[[ 2.69286416 -3.27259629 -2.16111719]
 [ 4.40394752 -2.90292306 -4.25115309]]
[[-3.77787945  3.66509867 -4.15326303]
 [-1.78874122  2.69379763 -3.12582961]]
[[-2.98314503  2.31141842 -2.3930086 ]
 [-4.42643126  4.18105997 -1.96021697]]
[[-1.68093368 -3.33950722  3.37160345]
 [-2.06104255 -3.66579798  1.67103803]]
[[-4.21692432 -3.47933987  2.33616191]
 [-2.24200512 -3.82789589  2.61840474]]
[[-2.12911878  2.29995807 -2.38770408]
 [-2.00429355  4.20940967 -3.89324456]]
[[ 2.53721178 -2.85651931 -2.90519426]
 [ 3.12930462 -2.02059882 -3.39977463]]
[[-2.14963335 -4.32584465  3.5538318 ]
 [-1.84161128 -2.90572967  2.50496941]]
[[-4.13230781 -1.83738101  2.62163508]
 [-1.60864894 -2.19635499  3.99589605]]
[[-3.4753749   2.34109202 -2.18233626]
 [-3.87023025  1.32302277 -4.15886375]]
[[-3.20695534  3.20484795 -2.30029527]
 [-3.11082419  4.20975188 -2.49771792]]
[[-3.9400595  -3.13284765  2.11570417]
 [-2.22035272 -3.65081038  3.3508431 ]]
[[ 2.57352961 -2.53293044 -2.83700492]
 [ 3.59884404 -4.34055439 -2.22962848]]
[[ 3.82890746 -2.30932432 -3.43509364]
 [ 3.30726694 -2.49486182 -2.25036447]]
[[-4.16478886  3.71750411 -2.37816081]
 [-3.28844177  3.75011251 -2.35518267]]
[[-1.84719937  2.94906254 -2.14780833]
 [-2.47486775  4.38308073 -1.60586289]]
[[-1.59923553 -2.55358864  2.66286861]
 [-2.97267096 -1.20917005  4.14682435]]
[[ 1.57235372 -3.60773701 -2.08817765]
 [ 1.70608872 -3.04315007 -4.31728453]]
[[-2.80894308 -2.41077103  2.28437596]
 [-1.77615826 -1.46755976  3.81833338]]
[[ 3.58708419 -3.59568933 -3.90803923]
 [ 3.23186814 -3.9872127  -2.58090434]]
[[-1.50891825 -2.50487082  4.11432202]
 [-3.28253344 -0.96991427  3.45378779]]
[[ 3.02601108 -1.44780566 -2.11498906]
 [ 4.13100111 -2.5622323  -2.93766522]]
[[-2.07387018  4.4946494  -4.11856118]
 [-1.9676399   2.35880984 -3.68786964]]
[[-3.49204359  2.88031017 -3.56847984]
 [-3.07514119  2.99264564 -3.61630107]]
[[ 3.19637858 -3.92168065 -4.22457097]
 [ 4.44482302 -2.42714026 -4.23971675]]
[[-3.03729079  2.0375095  -3.06343401]
 [-3.95472264  2.05344169 -2.77565575]]
[[-2.05352393 -3.76469913  3.88483149]
 [-2.4575472  -3.50853103  1.99073537]]
[[ 4.04353467 -1.87462935 -2.05364846]
 [ 3.0020908  -1.41293091 -3.45822603]]
[[-4.4262709   4.36287938 -3.78235405]
 [-3.02512959  3.22178283 -3.49696236]]
[[-1.89969569  4.11128349 -4.27145401]
 [-2.69130246  2.40309524 -3.16544825]]
[[-2.39582632  3.75114207 -4.0483597 ]
 [-2.74847645  3.98461102 -4.26333255]]
[[-0.98176827 -2.08417724  4.15895055]
 [-4.07635579 -1.09245017  2.97339   ]]
[[ 2.26790028 -3.9724145  -3.03015317]
 [ 3.47373809 -2.02449872 -4.06833922]]
[[-4.40328496 -3.57855807  3.84362546]
 [-4.29114774 -3.75542448  3.58617841]]
[[-2.83470862  1.71506087 -3.31092756]
 [-4.34691849  3.67366755 -0.88460136]]
[[-0.76987353 -4.08261471  3.82813422]
 [-0.99899766 -4.40693368  1.63111045]]
[[-4.02862459 -3.70975028  0.56587111]
 [-3.33861802 -3.54416591  0.4767064 ]]
[[-4.31462095 -3.89956132  3.2718916 ]
 [-2.15502204 -1.78016908  2.16034291]]
[[ 3.19352377 -3.25940058 -2.33693306]
 [ 2.16184622 -2.6206778  -4.14397839]]
[[-4.14128466  2.38638741 -3.64987256]
 [-4.11810186  2.95078693 -1.46607426]]
[[ 3.51858987 -1.15559839 -2.45104173]
 [ 2.51058051 -3.76272005 -3.01687146]]
[[-3.84425007 -3.55231111  2.26128207]
 [-3.13416487 -3.4311203   4.13081608]]
[[-2.2847199  -2.57850911  3.62492157]
 [-2.12491429 -2.69310444  1.42782836]]
[[ 2.65685768 -3.29260435 -2.82633373]
 [ 3.61396411 -2.1711069  -1.34300192]]
[[-0.61637372 -3.78330295  3.36993675]
 [-3.73210077 -1.6477444   1.34483453]]
[[-3.81656261 -2.85301382  1.2945249 ]
 [-1.39919602 -2.90104976  3.73075573]]
[[-2.2880021   1.62290812 -3.57721133]
 [-3.72871959  0.97669557 -3.43263892]]
[[-3.81191361  3.31132373 -4.43028311]
 [-2.42956074  1.66306489 -2.76441891]]
[[ 2.72715074 -3.22352365 -2.32203238]
 [ 3.23492748 -4.15593738 -3.08406889]]
[[-4.42391703 -2.42264055  1.41616676]
 [-1.83236041 -4.15501326  1.71055153]]
[[ 1.19036273 -1.85568134 -3.56926869]
 [ 3.58018388 -3.44373298 -1.8564454 ]]
[[ 3.16569381 -2.65869431 -2.07305851]
 [ 3.7227428  -4.15615248 -2.03785977]]
[[ 3.6934972  -1.28504857 -3.14955593]
 [ 1.71090454 -2.01216195 -3.99737145]]
[[ 1.98950266 -2.45531652 -2.41586281]
 [ 3.6738684  -1.72731965 -2.42764141]]
[[-1.97537208 -3.35052004  4.1797681 ]
 [-3.20900966 -3.41648326  3.84613774]]
[[ 3.04932043 -1.36137739 -4.30643533]
 [ 3.42981195 -1.29079232 -4.43936746]]
[[-2.53674282  2.59536991 -4.45425173]
 [-3.94287315  1.52393495 -2.81387245]]
[[-3.02120933  2.18415063 -4.05679973]
 [-3.54754765  2.89682345 -3.40995878]]
[[-2.39393279 -2.92212105  4.23058011]
 [-2.10670439 -4.42377268  3.64961033]]
[[-4.48538433  2.39415751 -3.78529055]
 [-2.75769393  4.47074233 -1.42917402]]
[[ 3.07651499 -1.74526587 -2.36105346]
 [ 2.02876538 -3.14388864 -1.546167  ]]
[[-2.60645557 -2.63465384  1.99064488]
 [-3.29916677 -1.39324523  3.78858334]]
[[-4.36618035  4.24849633 -1.67213692]
 [-3.50041699  1.28307383 -3.93294722]]
[[ 1.91482455 -3.44361384 -3.57282336]
 [ 1.73683668 -4.47286709 -4.36885202]]
[[-4.23217711 -4.40508194  4.43070117]
 [-2.4415431  -2.33868506  2.93572047]]
[[ 1.75260748 -4.29620089 -2.9972446 ]
 [ 3.88197282 -2.88813885 -3.83193276]]
[[-4.09508736 -2.47725058  2.33407712]
 [-3.11720419 -4.41924672  3.52273532]]
[[ 4.45588831 -4.10087459 -2.98189841]
 [ 4.21210046 -2.33504295 -1.95679388]]
[[-1.64168564 -2.36251033  2.18717753]
 [-2.20337255 -2.68718708  1.88728933]]
[[ 3.30868774 -2.96933608 -3.0881506 ]
 [ 2.26060964 -2.58814642 -2.93375932]]
[[-1.44296902  2.11636414 -4.21853857]
 [-3.06818144  1.51219204 -3.38379914]]
[[ 1.67967512 -4.16435914 -2.09910777]
 [ 2.42309373 -3.13562148 -1.9882291 ]]
[[-1.36041525  4.25054976 -2.17564281]
 [-3.55843354  3.85126093 -2.44280525]]
[[-1.51424278  2.30989568 -3.12291502]
 [-3.02943651  1.30672944 -3.01147224]]
[[ 3.35880713 -2.92569946 -2.48420683]
 [ 4.21688381 -4.28505766 -2.47712232]]
[[-2.86112039 -2.04277471  2.08325364]
 [-3.77507245 -1.89469461  4.25360641]]
[[-4.28186112  1.4188959  -3.71774654]
 [-2.94811964  1.90091963 -4.32378193]]
[[-4.02537434  0.93659066 -2.60976036]
 [-2.46182574  3.37460572 -3.26359625]]
[[ 3.79188368 -3.50991775 -3.99451074]
 [ 2.4145271  -2.65141737 -2.7127526 ]]
[[-1.77355916 -4.3304007   2.91796133]
 [-4.12770575 -3.44271523  1.73917083]]
[[ 3.47143545 -2.78671598 -2.80055065]
 [ 2.45973772 -3.34840147 -3.72818375]]
[[-2.56699875  3.1911433  -2.90623112]
 [-4.22487472  3.45232858 -1.95981039]]
[[ 2.18942312 -4.3775753  -2.79632681]
 [ 4.15799164 -3.45505821 -1.16200493]]
[[-3.28418689  4.09669295 -2.19303107]
 [-4.40920802  3.37066429 -1.97481657]]
[[ 1.67896666 -4.28066242 -2.33543511]
 [ 3.13472116 -3.28329459 -3.26282866]]
[[-1.99396277 -2.1668876   1.56152566]
 [-2.78141813 -2.16162815  2.20393611]]
[[-3.40577172 -1.55948451  1.4845872 ]
 [-1.42529665 -3.67580867  3.45396194]]
[[-2.68421144 -3.04148696  2.38578031]
 [-1.89693468 -3.21702176  3.26638121]]
[[-3.92451962 -1.48469655  3.7423688 ]
 [-2.58982198 -2.10401197  4.47779855]]
[[-3.46471396 -1.11046321  4.28107803]
 [-3.0624789  -4.44280719  3.09178885]]
[[ 3.82785099 -3.89085574 -3.58454309]
 [ 1.95570661 -3.31311734 -4.16902053]]
[[ 3.45697362 -1.29245903 -4.20069896]
 [ 2.94374716 -3.34784043 -3.52787613]]
[[ 3.60977404 -4.08512134 -4.41369866]
 [ 3.51391612 -4.0577666  -1.95863817]]
[[-4.41663262  1.72019805 -4.3095741 ]
 [-4.46741002  2.69267427 -4.28076984]]
[[ 4.00251547 -3.11281384 -2.75512896]
 [ 3.08438949 -3.48375075 -3.67040168]]
[[ 3.01431019 -3.97983974 -3.03048031]
 [ 2.31679661 -4.18211818 -3.81103999]]
[[-3.74381589 -3.64869553  0.55450988]
 [-2.45194429 -2.41832529  3.2613454 ]]
[[ 3.24135446 -0.63251703 -2.7670957 ]
 [ 0.74935121 -3.93458589 -3.15469033]]
[[ 4.47691912 -4.49747502 -2.5896705 ]
 [ 3.12317185 -4.08926732 -1.99344889]]
[[ 3.60923618 -3.16069343 -3.54982209]
 [ 2.79046444 -4.47360021 -4.42491542]]
[[-2.40144519 -2.81718413  2.22754766]
 [-4.41663591 -1.29100797  3.78092967]]
[[ 3.21823587 -1.78561    -4.25507481]
 [ 4.22174229 -3.82125296 -2.79812836]]
[[ 1.83042225 -3.75036788 -3.2851932 ]
 [ 2.35859704 -3.30588527 -3.20097548]]
[[-2.86121533  2.44472537 -3.39772631]
 [-4.39516226  4.46074157 -4.02951399]]
[[ 1.44345343 -3.84788476 -3.71323592]
 [ 2.91242354 -2.02620355 -4.09340133]]
[[-3.34161307 -1.49500615  3.949579  ]
 [-4.27750126 -2.0798231   3.36290353]]
[[ 2.06386756 -1.37398613 -3.31580721]
 [ 1.77104535 -2.26150624 -3.73304981]]
[[-1.9695899  -1.7085414   3.09497049]
 [-4.08677598 -0.97272246  2.02769562]]
[[ 4.09519912 -3.15130031 -1.3841027 ]
 [ 4.09353177 -2.13002181 -2.84667159]]
[[ 1.26561401 -2.32267425 -3.00239155]
 [ 2.19379587 -2.32019348 -4.46580863]]
[[-3.10962986  3.29027301 -4.39227952]
 [-3.59187568  3.91730354 -4.39595465]]
[[-3.19308555 -3.86629687  4.0787541 ]
 [-2.70200552 -2.99416801  2.00578068]]
[[ 2.28763345 -3.19388785 -3.13501429]
 [ 3.62739536 -3.63779542 -2.46885745]]
[[-3.69107113  2.77607009 -3.39331725]
 [-4.04613054  3.39365705 -0.71979494]]
[[ 2.15976019 -3.98154266 -3.23354403]
 [ 4.22914129 -1.21873213 -2.84328525]]
[[-3.53768841 -1.85163896  3.0153389 ]
 [-4.02269452 -1.9419702   1.61378757]]
[[-3.28336361 -2.22869254  1.47720226]
 [-0.99938041 -3.00851299  3.83618394]]
[[-3.32314704 -1.8722051   2.80917444]
 [-3.68245246 -1.12849156  2.29773853]]
[[-2.44482527  2.96819885 -2.12739275]
 [-2.41247266  3.56885373 -4.34209108]]
[[ 4.16689626 -3.00271794 -1.8375832 ]
 [ 2.69324037 -3.42794569 -1.66935342]]
[[-3.65908341 -3.45845851  2.25034527]
 [-3.78360469 -3.82174959  2.2600511 ]]
[[-2.84067818  2.03538021 -4.04699048]
 [-1.84235182  3.61341183 -2.43424117]]
[[-4.22902368 -3.05508661  4.37870846]
 [-2.69488837 -4.19001154  2.63023957]]
[[ 3.84155595 -3.31262252 -1.97210527]
 [ 3.73716901 -4.15409475 -3.19979615]]
[[-2.16990237  3.19749015 -4.17889856]
 [-2.78222458  3.92351052 -3.86667348]]
[[-4.38156237 -4.28638573  1.07276445]
 [-3.92046504 -2.96604147  3.84831129]]
[[-1.69777879  2.07680736 -2.99547172]
 [-3.91790601  2.02457768 -3.93425432]]
[[ 2.25803513 -3.56963684 -2.79214269]
 [ 3.21058818 -1.65351898 -2.45055024]]
[[-3.30778175  3.4706915  -3.74706866]
 [-4.30150924  2.65855239 -3.20266461]]
[[-4.06995696 -3.56157277  0.9358417 ]
 [-1.14363599 -3.0316002   3.11794945]]
[[-4.14328498  3.18558359 -2.53124835]
 [-1.4430372   4.29596394 -4.14569907]]
[[ 3.64404817 -0.97601598 -3.64892939]
 [ 1.04640375 -4.41743525 -1.97697386]]
[[-2.78205275  1.02525332 -3.49291351]
 [-3.62879291  1.54317712 -3.70783352]]
[[-4.26904658  3.04388539 -3.82991936]
 [-1.68960536  3.63840438 -2.10918852]]
[[-3.79099048 -3.62386894  3.9469498 ]
 [-1.8156827  -4.24989225  4.25167349]]
[[ 2.06831947 -2.50395053 -2.5393337 ]
 [ 4.04152327 -3.05298896 -0.98537516]]
[[-2.42023117 -2.98889717  3.17015423]
 [-2.39199237 -3.01165051  3.29087787]]
[[-2.40287008 -2.86430555  2.79754975]
 [-2.86601954 -3.63000732  2.32627668]]
[[-4.32167069  4.07140868 -3.64591009]
 [-3.34843317  1.70531751 -2.19309486]]
[[-3.86758141  3.65694329 -4.31931084]
 [-3.66815149  2.40924985 -4.35958635]]
[[ 1.27807402 -2.84562494 -3.82666576]
 [ 3.59050239 -2.10267896 -3.45300862]]
[[-3.75923947 -3.72639657  2.36527886]
 [-2.99651288 -3.07344068  4.45858737]]
[[-3.68795984  2.53622024 -2.06581595]
 [-4.22012293  3.26593488 -3.18902924]]
[[-2.5423322  -3.50408285  1.51784617]
 [-3.13090621 -4.49765948  2.76468246]]
[[-3.15944837 -3.98185225  3.69090539]
 [-1.84256821 -3.55243259  3.35481108]]
[[-3.909023   -4.21312188  4.34807596]
 [-4.23702084 -1.76333221  2.28874628]]
[[-4.07738579  3.71055907 -3.61504745]
 [-2.60008514  3.61597107 -2.48904241]]
[[ 3.03120141 -3.6777357  -2.52941335]
 [ 1.82786122 -1.63066773 -3.99275179]]
[[ 1.34285936 -4.19325711 -1.96613357]
 [ 2.49965269 -1.20576461 -2.16146769]]
[[ 3.16811349 -3.10071445 -3.85248071]
 [ 1.06083065 -1.61380544 -3.86505701]]
[[-3.03599049  4.00745283 -1.71181743]
 [-1.49933283  3.25833506 -4.00535922]]
[[-3.62761774  0.90069191 -3.84596019]
 [-2.94737443  2.73421486 -3.85711245]]
[[-4.22495648  3.45347893 -1.90674343]
 [-3.953997    3.667156   -4.28498066]]
[[ 3.42064498 -4.42567234 -4.25201187]
 [ 4.28128595 -3.09478883 -3.30488403]]
[[ 3.325282   -1.74543834 -3.58677358]
 [ 2.39006862 -1.5413122  -3.24246601]]
[[-3.73154522  3.26610627 -3.85697143]
 [-2.76128948  1.9539029  -2.82120632]]
[[-3.97805759 -3.27654776  4.42603405]
 [-1.63379199 -4.05786094  2.75020458]]
[[-3.86994745  1.6182363  -2.96910135]
 [-2.64701166  2.31869455 -1.73553624]]
[[ 2.70108567 -4.16190397 -3.70036104]
 [ 1.83597193 -4.399674   -1.96789234]]
[[-3.78666842  3.62940246 -2.46608007]
 [-2.77013432  2.49605274 -3.76800189]]
[[-4.41419367 -2.37121005  2.89106886]
 [-1.91219665 -2.90717808  3.00419598]]
[[-4.09949963 -1.74216333  2.7382455 ]
 [-2.67441105 -0.6773056   2.48541256]]
[[-2.32169433 -2.60665626  3.0687598 ]
 [-3.34449815 -2.70600876  4.32648293]]
[[-3.37585656  3.80684424 -4.18131377]
 [-2.23446652  2.89974978 -2.26352009]]
[[-3.97737178 -2.85315506  4.35664026]
 [-1.8074379  -3.72425365  3.65953422]]
[[ 4.38283443 -3.41889395 -2.94542319]
 [ 2.68396688 -1.16311069 -4.35473453]]
[[-1.91758948 -2.99436074  2.99881506]
 [-3.5558527  -2.86845687  1.93343082]]
[[ 3.33502034 -3.59100595 -2.61062615]
 [ 4.06212244 -1.6559052  -2.73167628]]
[[-2.85140033  4.42212125 -1.35609121]
 [-3.57838141  2.83111005 -1.34449275]]
[[-3.29717383  4.33049662 -3.12010826]
 [-3.54111929  3.86080119 -2.39845688]]
[[-1.71889393 -3.66266373  3.46023808]
 [-2.88275801 -4.00470103  4.24533109]]
[[-3.82918407  3.43508342 -1.21428979]
 [-2.31374975  4.46671662 -3.49954858]]
[[ 3.29178372 -1.14075392 -4.08453776]
 [ 2.36381929 -1.41152974 -3.39223044]]
[[ 2.92307779 -3.60511474 -1.54130817]
 [ 2.66268719 -2.75737797 -2.46309738]]
[[-3.28421083 -3.87939545  3.84519548]
 [-2.35076036 -3.7672161   3.25709516]]
[[-3.96656768  2.75530067 -3.28432976]
 [-4.04655462  2.89468823 -3.23353306]]
[[-4.29995407 -3.19637097  3.33533705]
 [-1.65516503 -4.27857019  4.4023194 ]]
[[ 3.02053162 -3.16909898 -4.20275676]
 [ 2.99089477 -2.19229123 -3.25754557]]
[[-4.06442407 -4.47369695  4.1511772 ]
 [-2.234487   -2.9205742   4.43228917]]
[[-3.37152573  4.11631469 -2.31500671]
 [-3.78284235  4.09148851 -1.40092614]]
[[-2.39642601 -3.77889289  3.67056073]
 [-3.72895451 -1.34923609  1.77824363]]
[[-1.40586817  2.63927645 -2.95794447]
 [-2.10310223  1.14346274 -2.80048862]]
[[-4.35488195 -3.82623956  3.18142671]
 [-3.72712598 -4.2613404   2.85112805]]
[[ 4.34620394 -3.69840605 -4.18776409]
 [ 2.12612005 -2.79549825 -3.25991958]]
[[-2.32309241 -3.79908577  3.3923066 ]
 [-3.51959448 -3.11390762  4.02980576]]
[[-1.42088339  2.66235029 -2.57875621]
 [-3.76116229  1.17220904 -3.11137696]]
[[-2.28597564 -4.47109353  3.19408965]
 [-2.22924195 -2.96443251  3.52133393]]
[[-3.48463052  4.25993813 -2.95149064]
 [-4.03694141  3.19531311 -4.10804135]]
[[-3.73999288  2.80298003 -1.88354955]
 [-2.92069368  3.70093197 -3.38416189]]
[[-3.53772054 -3.59725131  3.15836517]
 [-2.39370486 -2.57234161  3.47502159]]
[[-4.02783125 -4.23230626  3.52188432]
 [-1.59561983 -2.74022186  3.34566416]]
[[ 2.05043783 -3.91047366 -3.10689333]
 [ 4.03030564 -4.34419819 -4.07320701]]
[[-2.31099551 -2.59894172  3.19343948]
 [-2.38105072 -1.73626024  4.17524059]]
[[-3.74667275  2.11328841 -3.32174587]
 [-3.58185866  1.96996692 -2.82882519]]
[[-1.44909595  4.14046011 -3.33847983]
 [-3.70560868  3.8400358  -2.12570067]]
[[ 4.11983168 -3.85438404 -2.61215587]
 [ 2.13613978 -2.51659926 -3.22210265]]
[[-3.79507535  2.2869678  -3.24940247]
 [-3.96366405  1.70967902 -2.83655175]]
[[-3.07181044 -4.18013306  1.25997121]
 [-3.99833431 -3.9919469   3.40134152]]
[[ 4.1755788  -3.66537612 -3.99299067]
 [ 3.74685172 -4.05981682 -1.38366275]]
[[-1.87110039 -4.44614147  1.78183092]
 [-3.87927613 -3.63346358  3.16991848]]
[[ 3.69688565 -4.26215446 -2.23569879]
 [ 2.88229285 -2.84237813 -2.54523449]]
[[-2.52770589  2.54614511 -2.85671769]
 [-3.62564539  2.27682057 -2.19706253]]
[[ 2.54594099 -2.9483989  -1.81522369]
 [ 3.75609837 -2.31200333 -3.46094408]]
[[ 4.3613677  -3.86133441 -1.55321014]
 [ 3.00996895 -2.28379146 -2.22729644]]
[[ 3.95601912 -2.11277109 -2.04302887]
 [ 3.16083149 -1.2717897  -3.55075916]]
[[-3.31789346 -3.72049312  3.62381281]
 [-4.26657787 -4.23516528  3.31915349]]
[[-4.0682084  -3.5149901   3.22934551]
 [-4.12854608 -2.60728596  2.414776  ]]
[[-3.83698969 -2.75932992  3.96325614]
 [-4.09767843 -2.73259332  2.51428669]]
[[ 3.73280208 -2.24039928 -2.24558136]
 [ 1.68850906 -1.40265565 -3.12094766]]
[[-3.85740966  4.07200925 -1.40077775]
 [-3.1356686   1.39651129 -4.36640063]]
[[-2.49889101  0.82449174 -3.29171448]
 [-1.24357294  3.78951076 -3.4679866 ]]
[[ 3.28355645 -3.13432966 -2.14778482]
 [ 1.56296867 -3.79437942 -3.40289039]]
[[ 4.216614   -3.40092564 -3.05266204]
 [ 2.93716654 -2.13470203 -2.50204711]]
[[-2.4282134   4.34181064 -2.55933858]
 [-1.81347889  4.15533144 -3.37571334]]
[[-2.92509003 -2.1194573   2.5381935 ]
 [-3.33527279 -4.38716186  1.20797465]]
[[ 0.91464742 -4.25602352 -2.60415828]
 [ 1.39318221 -2.15989326 -2.77391164]]
[[ 3.66083389 -2.05453955 -4.20917638]
 [ 2.65532618 -3.40470702 -2.95995203]]
[[-2.00578978  3.51635667 -4.14643604]
 [-1.15275172  3.92711348 -4.25542024]]
[[ 3.4680707  -3.73695375 -4.06760157]
 [ 3.06319782 -1.99670038 -4.2112862 ]]
[[-3.24953156 -3.6835116   3.73555497]
 [-3.52419974 -2.55939037  2.749991  ]]
[[-1.92312661 -4.05155442  4.12984446]
 [-1.29551927 -3.87925919  4.13172976]]
[[ 3.61117768 -4.11867    -2.12263183]
 [ 2.50327522 -2.86579003 -4.2051581 ]]
[[ 1.1158989  -3.05101419 -4.38830825]
 [ 2.2694411  -1.53708279 -3.90086269]]
[[ 2.52340115 -3.61101171 -4.45850953]
 [ 3.97397766 -3.067147   -4.17759185]]
[[-3.76146273  1.98671875 -4.45265478]
 [-4.42944748  2.96659033 -3.21815575]]
[[-2.51685652 -4.42833015  2.26499372]
 [-2.84938317 -2.63232939  3.19219618]]
[[ 1.19693631 -2.90688672 -2.68432739]
 [ 1.86469213 -1.76127646 -2.34849317]]
[[ 1.71905484 -1.76385613 -3.6780457 ]
 [ 4.34059446 -1.7212802  -2.68255868]]
[[ 2.72712033 -2.5782879  -3.76716521]
 [ 2.17033529 -4.20079193 -3.39531228]]
[[-2.59868112 -2.07248765  1.72067065]
 [-3.02912529 -3.34454191  2.925578  ]]
[[-4.01542454  4.19656221 -3.10565015]
 [-3.22503415  4.28360233 -2.12018054]]
[[ 3.50201511 -2.30579021 -4.11035682]
 [ 4.0777992  -3.65511093 -4.33337285]]
[[-3.73428521  2.14163642 -3.09396528]
 [-4.17859093  2.18746453 -3.85666014]]
[[ 0.99529875 -3.46702912 -2.3075871 ]
 [ 4.16847169 -2.11167588 -2.94997999]]
[[-3.31637151  3.02743939 -1.768551  ]
 [-3.7120296   1.87598724 -2.22197197]]
[[-2.10742898  3.46925212 -2.94610361]
 [-3.16017883  4.420608   -4.3149031 ]]
[[-3.44516968  4.3841389  -2.1103368 ]
 [-3.03922743  4.25932134 -3.87183354]]
[[-0.76297094 -1.88400723  4.09773787]
 [-2.92265466 -2.88687828  1.32085547]]
[[ 4.17476152 -0.72794538 -2.70169702]
 [ 2.94415391 -0.72591277 -3.45699078]]
[[-1.9939595  -2.13548577  4.36425995]
 [-3.69846932 -4.07219305  4.38418566]]
[[-3.21836345 -3.72856449  3.74457706]
 [-4.23132908 -3.67941602  1.53682298]]
[[-4.04533874 -4.27818905  2.29786681]
 [-3.04861532 -2.62373806  4.38654914]]
[[ 1.75803127 -3.0827099  -3.21166997]
 [ 1.15656068 -3.7933654  -2.59372326]]
[[-4.39369104  3.38550662 -4.13796425]
 [-3.2569591   2.48528725 -2.97893494]]
[[-3.70031075 -3.65944236  4.24958839]
 [-3.37295548 -4.32790756  1.59049778]]
[[-1.84616909  4.4492616  -3.70072062]
 [-2.33850003  4.48723071 -4.27112419]]
[[ 3.46410456 -3.97988062 -3.02301735]
 [ 2.66722493 -2.04367472 -4.39737656]]
[[ 1.40085899 -3.91521428 -3.79838487]
 [ 4.45710127 -3.88603905 -1.47380184]]
[[ 2.40240913 -3.38374096 -1.15213994]
 [ 3.621726   -3.24518557 -1.4982515 ]]
[[-3.50031474 -4.19049107  2.9296851 ]
 [-2.28803604 -2.4089869   3.49408023]]
[[-1.43365581 -2.97029167  4.076543  ]
 [-3.64142994 -4.30988182  2.07909074]]
[[ 3.16734527 -4.46190833 -1.99314738]
 [ 2.93146485 -3.47715919 -2.78902424]]
[[ 4.06029356 -2.30756881 -2.80384094]
 [ 2.0185356  -3.21148867 -3.5318221 ]]
[[ 0.96174552 -3.52914138 -4.33714418]
 [ 2.70733482 -2.04947419 -3.9678189 ]]
[[-2.0411712   3.31063381 -3.73742268]
 [-2.30992818  1.82051002 -3.31150181]]
[[-3.74269372  4.01186221 -3.57328574]
 [-4.49269504  1.7591091  -1.74113458]]
[[-3.95916399 -2.34679506  3.62641481]
 [-0.83406516 -3.59730503  4.21986134]]
[[ 3.66050924 -2.93799994 -1.94724409]
 [ 4.34580066 -2.54811471 -3.92157931]]
[[-3.95925763  3.85674017 -3.70371021]
 [-1.35903588  4.00025317 -4.01193684]]
[[-3.00688084 -3.8211858   3.62802565]
 [-2.83575803 -3.96430568  2.53884255]]
[[-4.22827217  1.98679574 -2.47922227]
 [-1.58703163  2.39954919 -2.90396438]]
[[-1.76814025 -2.58892759  2.38752129]
 [-1.59797838 -3.64275977  2.39016099]]
[[-3.89994353  3.62923605 -0.88594988]
 [-1.21540409  3.22814983 -3.98368073]]
[[ 3.05071713 -3.15825891 -3.50690035]
 [ 3.27980907 -3.73028287 -2.71735896]]
[[-2.0020787  -1.7187627   4.46919526]
 [-4.0896961  -3.34738228  3.71159794]]
[[ 3.3247805  -3.07705229 -2.41836763]
 [ 2.27336783 -3.26181196 -3.61159788]]
[[-3.64010295  3.62240044 -1.95927473]
 [-2.13034151  4.41394107 -2.75668056]]
[[-2.79723817 -4.29823361  3.2010336 ]
 [-2.11068962 -3.89227234  3.52721405]]
[[-3.35398771 -3.11476536  0.52821685]
 [-3.59086924 -3.70161082  2.05293423]]
[[-2.54728113  3.1126274  -1.21080803]
 [-2.85048046  4.03205442 -2.7287645 ]]
[[ 3.38264924 -2.69472682 -3.70115664]
 [ 3.69480769 -2.97627565 -2.75593666]]
[[-3.38315058 -1.96983079  3.75418039]
 [-3.22792004 -3.24483061  4.31968692]]
[[-3.56352774 -1.2435207   3.99621949]
 [-4.06070155 -3.90338727  3.7174183 ]]
[[-2.33397806 -2.34029958  2.27618946]
 [-3.88285168 -4.46316526  0.93252456]]
[[-3.3828501   3.96366008 -3.12905483]
 [-2.52693093  3.69495338 -2.37662432]]
[[-4.43723458  3.52801837 -3.2836265 ]
 [-3.13294252  4.47986568 -2.60713976]]
[[-3.27934858 -2.92028148  2.31792827]
 [-2.21711135 -4.17099838  2.08189374]]
[[-3.41249053  3.64803303 -3.86904399]
 [-4.22167728  1.59269015 -3.18522843]]
[[-4.06766588 -1.99367795  3.50173636]
 [-2.12315217 -3.38716511  1.78208269]]
[[ 3.90140745 -2.64423667 -1.86221585]
 [ 2.64816755 -2.53610662 -3.76139173]]
[[-3.6177813   1.84555044 -3.6196547 ]
 [-2.40955527  3.21036333 -2.84280205]]
[[ 4.38760253 -1.4992591  -3.74320782]
 [ 1.93650009 -1.94875247 -3.97496052]]
[[-2.99453491  2.58035769 -2.95014456]
 [-3.01344152  4.40022641 -3.90074349]]
[[-3.04783086  2.86056296 -2.52168037]
 [-3.04196999  0.59652506 -4.36758808]]
[[-3.70741744  3.19364385 -2.29629137]
 [-3.41270956  3.91418793 -2.39531023]]
[[ 4.01820403 -1.55591048 -3.12862962]
 [ 1.52345565 -3.29462741 -3.23371157]]
[[ 1.4424812  -2.97279985 -3.06010027]
 [ 4.10256315 -3.56620261 -1.87712372]]
[[ 4.15813064 -4.31313262 -4.07544282]
 [ 4.14513546 -2.33123269 -2.83311491]]
[[ 2.38627556 -4.33576909 -2.85238479]
 [ 3.92087529 -1.36774526 -4.12967946]]
[[-4.43920086 -4.38428027  3.73420975]
 [-3.6347103  -3.62785555  4.33062649]]
[[-2.35836067 -3.26046099  2.16562052]
 [-0.98702789 -2.56667535  4.16065643]]
[[ 2.57565222 -3.07693437 -2.67026684]
 [ 3.61580516 -0.74451197 -4.07447575]]
[[-2.0935531  -3.51981071  2.47534389]
 [-2.16146533 -2.26889518  4.19512052]]
[[-3.36235016 -1.13525826  2.87569424]
 [-4.24326046 -1.62560295  3.75017943]]
[[-3.26920599 -3.88670772  4.40820497]
 [-2.21397206 -2.731125    2.12920659]]
[[-3.01188109  3.87196379 -3.05610916]
 [-3.55197207  4.48484073 -1.11418459]]
[[-3.53338153 -2.17706418  4.14359139]
 [-2.48875747 -2.71031072  3.77136384]]
[[-2.3080856   2.20771291 -3.90256078]
 [-4.02748685  2.31284766 -3.15061594]]
[[-4.06039262 -2.90058411  3.50762886]
 [-3.91643851 -2.65055198  0.9716286 ]]
[[-2.31269321 -1.78031922  2.14663765]
 [-4.27173399 -4.02629752  1.17099044]]
[[-4.46559297  2.5679054  -2.09312415]
 [-3.911701    4.02650247 -4.25967842]]
[[-3.93214154  1.52377421 -2.48830299]
 [-4.47779846  0.90765273 -2.65303294]]
[[ 2.35200563 -3.46598702 -3.50737769]
 [ 3.02770887 -2.6749147  -3.48701963]]
[[ 1.96632231 -2.78119533 -4.12468409]
 [ 3.87267095 -2.09780709 -4.4096525 ]]
[[ 1.84029039 -2.17334593 -4.43576647]
 [ 4.28097978 -1.52757805 -3.86355495]]
[[-1.6211099   1.97413939 -3.22848011]
 [-1.59556747  2.55377147 -2.23944063]]
[[-4.10943535  2.39198886 -3.08724733]
 [-4.49992626  4.30630453 -3.82601418]]
[[-4.14364728  3.57580491 -2.62507757]
 [-3.95575165  2.67106282 -0.9162934 ]]
[[-3.25096807  3.97606567 -4.09768466]
 [-3.53643361  1.39254579 -4.42797791]]
[[-2.53303798  3.38626253 -4.06675823]
 [-3.05376969  2.87982438 -4.15706213]]
[[-3.60142421 -2.54384167  2.89688709]
 [-4.09063951 -2.88861288  4.21034472]]
[[-4.17330642 -2.3775329   2.27882321]
 [-1.82415244 -3.53402167  4.4851463 ]]
[[ 3.66704677 -4.41077107 -3.43626199]
 [ 1.37972221 -3.12245657 -2.48083563]]
[[ 3.87495552 -2.56178361 -4.33991128]
 [ 3.82104044 -3.7305045  -1.49721582]]
[[-2.29014235 -3.95781507  3.58218365]
 [-3.98297545 -3.08935646  4.33874703]]
[[ 2.99663933 -4.22011315 -2.51193476]
 [ 4.15441549 -4.45310613 -2.57120584]]
[[ 3.69452476 -2.60545523 -2.35707426]
 [ 2.74545582 -2.16068532 -3.57057439]]
[[ 3.78799971 -1.86147017 -3.87056175]
 [ 4.47591166 -3.13251104 -1.7129218 ]]
[[-3.16277249  3.54932644 -2.26877021]
 [-4.07424609  3.1474418  -3.59113724]]
[[-3.62483445 -3.84179474  2.61568034]
 [-4.03607041 -3.30865463  2.76957896]]
[[-1.99637405  3.35083186 -1.75521486]
 [-2.29652296  2.97794586 -0.84007107]]
[[ 3.92688364 -1.01210038 -3.84832789]
 [ 4.4997172  -3.71390224 -2.96855773]]
[[-2.07853264  2.47235546 -1.96589633]
 [-3.54373944  3.81514859 -4.35473109]]
[[-1.5516561  -2.52469739  3.21191121]
 [-2.59726246 -3.1616837   2.74501013]]
[[-2.75061572 -1.67024117  3.21958085]
 [-1.95009864 -2.80066952  2.32802314]]
[[ 2.58213139 -2.94343067 -3.99635577]
 [ 1.50454692 -1.92071174 -3.98989807]]
[[-1.89036981 -4.4370329   1.99672502]
 [-3.94614205 -2.57412161  1.41425511]]
[[-2.35563294  0.80801337 -3.57089687]
 [-3.45521966  2.00236707 -2.27112627]]
[[-1.80783466  3.62284813 -4.32375701]
 [-3.64375801  3.26323211 -2.93132487]]
[[-3.73719857 -1.69933465  4.19925296]
 [-2.48419864 -1.7939864   3.98221765]]
[[-3.10790768 -3.70713734  3.19384666]
 [-4.26475896 -3.16676642  0.73458798]]
[[-3.56350575  3.75767298 -3.27099708]
 [-3.29565286  1.65219923 -3.52510421]]
[[-3.45077793  1.96880705 -2.23851982]
 [-2.31302894  1.71939453 -2.40485167]]
[[-3.62118299  3.58758677 -4.42267765]
 [-2.8599752   0.91862365 -3.12252998]]
[[-4.33673528 -3.52002621  2.82842989]
 [-3.86595626 -2.2325284   3.92176376]]
[[ 3.19644252 -4.42984785 -3.9467352 ]
 [ 1.11185641 -3.82599937 -1.55534023]]
[[ 2.58970688 -2.36925695 -3.44255477]
 [ 3.21159589 -2.81052643 -2.93663658]]
[[ 4.13526919 -2.85031451 -2.67695855]
 [ 1.30042042 -3.9692334  -3.33103524]]
[[ 4.43667005 -3.30616459 -1.78372983]
 [ 1.81184671 -1.53060032 -4.43300851]]
[[-2.49694455 -2.89192878  2.08524623]
 [-2.5285699  -3.32357147  2.06966966]]
[[-2.32083945 -2.77359913  3.55021933]
 [-3.05969569 -2.22831866  3.89602153]]
[[-3.59853542  3.04200982 -3.00339016]
 [-3.00784972  2.43566527 -2.29128776]]
[[ 1.88355418 -2.28815158 -2.68977062]
 [ 1.96531435 -2.88457353 -2.87729311]]
[[-3.1726224   3.17764472 -1.6990373 ]
 [-3.31631333  1.21678714 -3.17340681]]
[[ 2.79450887 -3.52643569 -1.94692701]
 [ 4.06475177 -4.4077403  -2.82860478]]
[[-4.20887535  3.90932697 -1.84783874]
 [-2.56432328  1.65965975 -4.07879944]]
[[-3.8955624   2.43880822 -3.2510734 ]
 [-3.38721167  2.81284029 -1.75722914]]
[[-1.71461414 -1.35285854  2.71500544]
 [-2.67735414 -2.33723472  3.4067558 ]]
[[-1.50353988  4.27604987 -2.94949707]
 [-3.81316083  2.07524233 -4.03934729]]
[[-3.40272135  2.52711634 -3.97444238]
 [-3.49819647  3.25428259 -4.45058243]]
[[-1.20287838  3.68544954 -3.96849734]
 [-3.31100138  4.28587296 -3.60059102]]
[[-3.50842008  2.70657527 -3.38167181]
 [-2.33326098  3.15327243 -1.85794844]]
[[-2.73696556 -1.24419672  4.19895127]
 [-2.55207919 -4.36489285  1.56738356]]
[[-4.19442842 -2.61101226  3.60817543]
 [-1.39838918 -3.83425415  4.12950039]]
[[-3.13900045 -4.48648685  1.76226155]
 [-1.82864953 -2.7566056   4.49945938]]
[[ 2.65040206 -3.76187844 -1.62820367]
 [ 4.47257013 -1.13906953 -4.02259533]]
[[-4.45714025  1.81502595 -2.12776638]
 [-2.71573235  2.37967955 -2.42080234]]
[[ 4.0691307  -2.77924501 -3.3632179 ]
 [ 2.47452585 -3.32458026 -1.48764682]]
[[-1.87298447 -2.28837905  4.0683761 ]
 [-3.19892895 -3.29645949  4.10091564]]
[[ 4.4185728  -3.2130998  -4.24134831]
 [ 1.5192103  -4.13127948 -2.65128758]]
[[ 2.88238474 -3.5444362  -2.60234937]
 [ 2.10825898 -2.34551065 -2.84388887]]
[[-4.08513563  3.68631039 -1.9970445 ]
 [-3.84904096  3.59630548 -0.86371438]]
[[-4.07861368  3.29383746 -3.34065776]
 [-3.74390615  3.51359679 -2.25859438]]
[[-4.16842671  1.15399071 -2.86600518]
 [-3.58606775  2.10008977 -1.86312244]]
[[ 2.87729071 -3.77344806 -2.96434124]
 [ 3.70012783 -3.65359098 -3.18551157]]
[[-2.16738055 -1.20933288  2.31650992]
 [-3.64085396 -4.22779424  0.47838376]]
[[ 2.00128852 -4.29787361 -1.73051493]
 [ 3.03084133 -2.20570479 -2.46523322]]
[[-4.237514    4.04188779 -2.10733188]
 [-2.69392657  2.54022334 -4.14242037]]
[[ 1.94489057 -2.66312115 -3.08613849]
 [ 2.30421963 -3.12094682 -2.78512659]]
[[ 4.48252961 -1.75732495 -3.60321636]
 [ 1.75233033 -3.45585632 -3.07496632]]
[[-2.84462508  3.09939115 -1.66192328]
 [-2.66420618  2.37130111 -3.93659147]]
[[-1.66909642 -2.81257763  2.1997187 ]
 [-3.61462533 -2.74660944  4.33541337]]
[[-3.16025921  3.92722319 -4.39675305]
 [-3.71879235  1.83939069 -2.7984393 ]]
[[-3.40601052  3.35931051 -1.93943066]
 [-2.30478301  3.5480604  -2.30784018]]
[[ 2.81298368 -1.93782511 -3.05727902]
 [ 3.91931299 -4.42637585 -2.24402531]]
[[-3.4890606  -3.89750006  2.73475726]
 [-3.23930896 -4.0082348   2.17515205]]
[[-4.23127477 -2.16420894  3.16452696]
 [-3.98116944 -2.21216913  4.46249315]]
[[-4.23436289  3.37540693 -2.23546893]
 [-3.20785494  3.55276301 -3.60497562]]
[[-3.07284741  3.78696322 -3.65306198]
 [-2.04829787  4.0766405  -3.74950772]]
[[ 4.22295293 -3.8811896  -2.60674315]
 [ 3.97904057 -3.25162846 -3.96792473]]
[[ 4.02712092 -2.71337648 -1.41296427]
 [ 3.61276176 -1.79007184 -3.98269259]]
[[-2.04510476 -2.32975589  3.79605019]
 [-4.06017654 -3.26178332  3.19574202]]
[[-2.61360471 -2.93390643  2.9304781 ]
 [-2.0615686  -3.23012595  3.28776721]]
[[-2.86900508 -1.40828235  3.83697717]
 [-3.90794444 -4.3684033   3.38046382]]
[[-3.23717698 -2.47397406  3.25940907]
 [-2.0510318  -2.81163701  2.77295816]]
[[ 1.90100387 -3.99921873 -2.94882098]
 [ 3.64046376 -2.19987455 -3.80385003]]
[[-1.85158874 -3.58134613  4.0311043 ]
 [-3.45317735 -3.92169191  4.18374399]]
[[-3.30668291 -2.4519832   4.33595004]
 [-2.58561236 -4.08035412  2.0230578 ]]
[[-2.23868048  3.68532759 -2.29727521]
 [-2.94752743  4.07531958 -1.4661094 ]]
[[-2.34577079  4.04348424 -3.39003516]
 [-4.32734677  2.45581183 -3.84145116]]
[[-2.17481516  2.75775313 -2.13735351]
 [-2.35451296  2.62735527 -1.73584481]]
[[-2.6523335   2.60712513 -4.29561807]
 [-2.37916198  3.82784521 -1.39507716]]
[[-3.31064992 -3.0317071   1.88166468]
 [-4.02496683 -2.58221281  2.2860342 ]]
[[-2.06158481  1.51660119 -1.8238716 ]
 [-3.51004531  0.84467335 -2.17479891]]
[[-3.22836077  3.0222079  -1.89750681]
 [-2.87374875  3.87466704 -1.8582006 ]]
[[ 2.7232272  -3.00971508 -3.78891373]
 [ 4.12085924 -4.15879118 -2.50908165]]
[[-3.95365765 -2.84828022  3.30489364]
 [-3.3308626  -3.66423328  2.47734241]]
[[-1.73248337  1.86173509 -4.28639762]
 [-2.578201    3.23559748 -4.23560125]]
[[-3.51986756  3.38640908 -1.12673834]
 [-3.60138768  2.58351211 -2.23595011]]
[[ 3.55224716 -1.84953372 -3.47104144]
 [ 4.04409376 -3.56942465 -2.19396812]]
[[-3.63764955 -4.36987016  3.8935208 ]
 [-4.26912926 -2.36395785  2.92099492]]
[[-4.45889428 -3.06324247  2.67359313]
 [-1.98103568 -3.62296276  2.04907179]]
[[-2.79896231  2.43070076 -2.67160662]
 [-2.57684971  2.98094666 -1.18942639]]
[[ 4.46870932 -3.84206543 -2.28283373]
 [ 3.94754186 -3.32636946 -2.72025592]]
[[ 0.71260401 -2.99617954 -3.41974871]
 [ 2.03507297 -1.88754221 -1.64890171]]
[[ 3.96556194 -2.096771   -4.00055596]
 [ 4.00729616 -3.29298338 -3.15901737]]
[[ 2.66987645 -2.75362058 -2.18187515]
 [ 2.39334761 -4.04398496 -3.44882   ]]
[[ 4.07061821 -2.77118164 -3.00125209]
 [ 4.03568755 -4.16820574 -2.79087028]]
[[-3.13656951  3.91332706 -2.50929824]
 [-2.36099882  4.33870271 -3.87188614]]
[[ 3.94106437 -4.41369674 -3.37796872]
 [ 2.24242304 -2.36745318 -4.41356601]]
[[-3.14402075  3.37063456 -3.62506884]
 [-3.86023587  3.82857231 -4.45195976]]
[[-2.65543399  3.51784983 -2.95165201]
 [-2.37117968  2.56939112 -3.13267294]]
[[ 2.48495769 -4.35276416 -3.64153076]
 [ 3.43381319 -2.37501085 -3.22809761]]
[[ 3.83626617 -2.954449   -2.04539869]
 [ 1.56111842 -3.76756411 -2.80476021]]
[[-4.12067483  1.69556724 -4.39621065]
 [-2.67424471  4.23777223 -2.69916576]]
[[-3.61118445  4.21970607 -3.22266594]
 [-1.2629297   3.50023781 -2.71408728]]
[[-4.10078587 -3.97063962  0.53407083]
 [-1.47362868 -2.95666343  3.67316013]]
[[ 2.78958103 -2.38212972 -3.71750488]
 [ 3.27728714 -4.4241863  -2.23664381]]
[[-1.36357264 -4.09764415  4.20022545]
 [-1.97394852 -4.10237422  4.23144866]]
[[-4.20082339  2.27620569 -3.23533435]
 [-2.9213162   2.19071328 -3.63983035]]
[[-3.21731597 -2.61035247  4.06489744]
 [-3.16928967 -4.40765004  3.50811683]]
[[-4.39221881 -4.4268367   2.34262611]
 [-2.38367948 -3.73672867  3.57565968]]
[[ 1.34871908 -3.26904032 -3.85183071]
 [ 4.28440687 -3.54367668 -1.50258864]]
[[ 3.03849159 -3.19346325 -4.36488634]
 [ 2.01174275 -1.8270549  -4.31316734]]
[[-4.17200377 -1.77683097  4.34650545]
 [-3.52639722 -4.39440777  4.12222354]]
[[ 2.93837146 -3.20410412 -2.38237315]
 [ 2.2061044  -3.9376762  -3.93300824]]
[[-3.91351514 -0.89954533  2.07078096]
 [-2.80657372 -1.50004613  2.04726197]]
[[-4.27027855 -3.95331795  1.86888726]
 [-2.50240291 -2.49875882  1.42564659]]
[[-2.95701287 -4.19450799  4.36532428]
 [-2.70913558 -3.65264661  2.76001093]]
[[-3.56434136 -3.12280919  1.17654428]
 [-3.87737987 -1.87816084  3.91371719]]
[[-3.30995351  4.01708247 -3.40353998]
 [-3.01525103  2.31587353 -3.23549099]]
[[ 3.68575518 -3.08821893 -2.06013799]
 [ 4.28958112 -1.85564332 -3.99170963]]
[[-2.63417195  3.80980687 -1.93084435]
 [-3.71195595  2.45156136 -3.72092953]]
[[-3.5034328   1.21804207 -4.41834478]
 [-3.34202189  3.86293767 -2.62589532]]
[[-3.24373927 -3.74830105  3.1205611 ]
 [-4.47017984 -3.97788199  3.10726611]]
[[ 2.28971311 -3.7715904  -3.22619509]
 [ 1.23920965 -4.433438   -3.43447756]]
[[ 3.36105631 -1.11886553 -3.17634033]
 [ 2.49351935 -3.85891486 -1.35982603]]
[[-2.72331041  2.40878499 -2.98124297]
 [-3.7382308   2.4018082  -3.29389685]]
[[-3.8712653  -3.5875734   3.21844911]
 [-3.07791823 -3.89340971  2.4535108 ]]
[[-2.76982967 -3.97502437  3.3982102 ]
 [-3.15280483 -1.88910896  4.01917749]]
[[-1.684678    3.28896241 -3.77763854]
 [-4.10741702  0.7917937  -4.1667707 ]]
[[ 3.4470409  -1.47111974 -3.23065886]
 [ 3.25042153 -4.19310695 -2.40288878]]
[[-1.75415812  2.01197742 -4.04308708]
 [-2.95520461  3.5265218  -1.71262625]]
[[-3.74637479  3.95464403 -1.43911935]
 [-1.75832145  3.18232802 -3.84018536]]
[[ 2.9201606  -3.81098442 -3.21561693]
 [ 3.56692842 -1.70948072 -4.03064809]]
[[-2.39881897  3.353617   -4.44905957]
 [-4.29846801  1.1602662  -3.42643609]]
[[-2.2059051   3.16713544 -3.96149307]
 [-3.39784737  3.7512637  -2.9182185 ]]
[[-2.21254677  2.33662059 -4.0750557 ]
 [-2.82700692  3.75121348 -3.57942339]]
[[-4.28653997 -2.14258747  3.70548602]
 [-4.32874657 -3.36843631  1.3619688 ]]
[[-3.11400231  2.09658839 -3.10896771]
 [-2.55960304  3.07126346 -4.2408715 ]]
[[ 3.03544734 -3.97889156 -2.16510907]
 [ 3.97780371 -2.50206034 -3.44753458]]
[[ 1.6254125  -3.01121229 -3.93070414]
 [ 4.18718922 -3.44414855 -4.40832342]]
[[-3.34143336  3.15946046 -3.02451851]
 [-3.55423331  2.89798688 -4.17981885]]
[[-2.29301192  4.07206869 -2.24622525]
 [-1.80286751  2.60268867 -2.22996989]]
[[ 2.00074453 -2.80262443 -3.24850837]
 [ 3.80861319 -3.47845937 -3.89861149]]
[[-1.95710105 -2.44378406  2.53344611]
 [-4.29645844 -1.66616536  2.2034048 ]]
[[ 2.92558265 -2.24162596 -3.91156078]
 [ 3.22720389 -3.35099536 -3.28243252]]
[[-3.5471804   3.42840799 -2.14301909]
 [-4.18449013  3.25742458 -1.46084971]]
[[ 3.6581014  -3.21763224 -3.01817334]
 [ 2.12887313 -3.36466266 -4.17289196]]
[[ 1.79089328 -2.91821022 -2.64379374]
 [ 2.61935058 -2.00765587 -3.80188421]]
[[-3.05615658  3.06283301 -3.48872767]
 [-3.19919474  2.30660831 -3.25788649]]
[[-3.77513604 -3.8156269   2.46920488]
 [-3.96523434 -3.86088818  1.84985253]]
[[-4.13164367 -4.47422716  3.57400641]
 [-3.90602545 -3.90675475  2.81716422]]
[[-4.15031887  4.48140584 -2.01549345]
 [-4.19525399  3.55003273 -4.12790017]]
[[-2.15185668 -4.46239467  2.07956841]
 [-3.87083921 -2.87983955  3.41389121]]
[[-3.98666451  2.92004749 -3.71827643]
 [-4.25906892  3.71907761 -1.13592908]]
[[ 2.5799299  -3.19695478 -3.17622976]
 [ 2.53540786 -3.71768189 -3.99058808]]
[[ 3.84811617 -3.99867111 -2.70324044]
 [ 4.21484107 -1.83955917 -3.76921341]]
[[ 3.56283294 -4.32441722 -4.31319282]
 [ 4.10883584 -4.29947041 -3.23610953]]
[[ 2.94502075 -4.31758276 -3.65464932]
 [ 2.71775331 -2.97555551 -4.49716399]]
[[ 1.32760626 -1.98734438 -3.99599687]
 [ 2.29068011 -0.63251887 -3.83115146]]
[[-2.34328532 -4.32068134  2.81270898]
 [-4.0080976  -1.74436046  4.48481906]]
[[-4.07566113  3.43756562 -3.96271281]
 [-3.32954083  2.92763005 -3.97208457]]
[[-4.05845253 -3.03442667  3.38086308]
 [-2.80970301 -2.59114498  2.92133636]]
[[-1.49992754  4.00597006 -2.51916515]
 [-3.72266976  3.2967919  -2.40170276]]
[[-4.42416893  1.83366173 -3.40680633]
 [-2.23667476  2.29186103 -3.35341279]]
[[-3.96203635 -1.96081418  3.07773199]
 [-3.07297473 -2.64435957  3.33842282]]
[[-3.46120226  2.31445357 -4.20450984]
 [-2.67163072  3.0306747  -2.05643453]]
[[ 1.42852728 -3.86470846 -3.93870773]
 [ 1.49481466 -1.9520639  -3.39667389]]
[[ 3.03928445 -3.07867095 -1.05283484]
 [ 4.11437206 -3.93802147 -2.33814266]]
[[-1.33854632  1.61674034 -4.36007732]
 [-2.75091825  3.17552569 -3.63813237]]
[[ 3.08759674 -4.40524845 -3.34644907]
 [ 4.16970825 -3.99756379 -3.23887753]]
[[-2.06188537 -2.28758012  3.33308981]
 [-2.17816539 -4.41494318  4.00026246]]
[[-4.49323424 -2.5194994   4.29589434]
 [-3.65308926 -3.61650612  3.05916302]]
[[-3.3951824   2.4057739  -4.45901138]
 [-1.56359111  2.94869801 -3.48198083]]
[[-3.86056415  3.1039746  -2.22279019]
 [-3.43503397  4.34630396 -2.67825322]]
[[-3.9719943  -2.89152434  4.47548197]
 [-3.94821218 -4.05852574  2.79177703]]
[[-2.99153639  2.86389518 -4.3134632 ]
 [-3.38975224  4.16116189 -3.90202864]]
[[-4.0849134   3.48501943 -2.55752197]
 [-4.42573225  4.33460852 -2.27020404]]
[[ 4.47407444 -2.32459555 -2.73036251]
 [ 4.46709029 -3.58634936 -2.27758691]]
[[ 1.76704072 -3.74879988 -2.84179207]
 [ 2.40770253 -3.27732114 -2.33640002]]
[[-3.14298886  3.06593407 -3.0321654 ]
 [-3.57969095  3.44801523 -2.09764456]]
[[-4.1961647  -2.77885473  1.50728102]
 [-4.00328606 -4.05943511  2.65297663]]
[[-1.90253437  2.54058864 -2.57040758]
 [-2.18705823  3.27280939 -3.13877882]]
[[ 4.04223551 -3.39898356 -0.95548096]
 [ 4.10650131 -2.27392693 -1.43212151]]
[[ 1.61203313 -3.47045753 -3.67170115]
 [ 2.99392615 -2.36461711 -3.33636502]]
[[ 3.19441793 -3.14599134 -4.38101263]
 [ 1.13234142 -3.51978442 -2.97631228]]
[[-2.06973276 -3.19750799  3.70525082]
 [-3.9437941  -2.24810402  1.54017948]]
[[-3.78925275  3.99142535 -1.89371164]
 [-2.04330538  2.68499596 -4.42522499]]
[[-2.34855169  2.82479236 -3.25962392]
 [-3.79072299  3.58251375 -2.46478017]]
[[-3.26658038 -3.03910213  1.74233481]
 [-1.98165163 -4.31319049  2.38338254]]
[[-0.96583592  3.10960896 -4.2285218 ]
 [-1.50703031  3.21926615 -2.57170338]]
[[ 4.02689689 -2.76622581 -4.29907076]
 [ 2.60024846 -3.37857538 -3.82338904]]
[[-1.52761299  3.57409351 -3.69825251]
 [-4.47787348  4.31813365 -1.59568039]]
[[-2.5463056   2.9461886  -1.51679044]
 [-3.30557573  1.65431496 -2.24707338]]
[[-2.48823716 -2.67620037  2.13929443]
 [-3.52676518 -1.75192213  2.90853565]]
[[ 3.15466475 -2.83577669 -2.89329941]
 [ 4.06813373 -4.26568742 -3.50292676]]
[[-4.16840694 -2.60014838  2.65987004]
 [-3.00424479 -3.66601781  3.42403013]]
[[-1.83658184 -2.3469104   2.51692038]
 [-2.63774873 -2.27004527  4.25798276]]
[[-2.74038075 -3.63730111  2.34122371]
 [-3.78227198 -3.81009186  2.71393065]]
[[ 1.56101237 -2.75181285 -2.66276945]
 [ 4.04503411 -2.06079158 -2.88889871]]
[[ 3.42746324 -3.7298401  -2.00605349]
 [ 2.08684805 -2.48913312 -3.11153603]]
[[ 3.72491618 -1.27487738 -4.15223931]
 [ 4.13589584 -2.08881418 -3.01860699]]
[[-3.26830464 -4.46383422  4.09041445]
 [-2.68642373 -3.29176931  3.36916252]]
[[ 3.81801808 -4.41583032 -1.71526266]
 [ 2.17054667 -3.22655991 -3.99880015]]
[[ 3.30644823 -3.1877847  -2.47953809]
 [ 1.72935476 -4.34383494 -3.48862652]]
[[-3.41057405 -4.05444122  2.52180182]
 [-2.57302017 -4.34809469  3.89096915]]
[[-3.78854933 -0.84563073  3.14866579]
 [-3.07155685 -2.71546655  3.66593478]]
[[-4.3376375  -1.18044941  2.19859086]
 [-4.31247692 -4.41207811  1.81235268]]
[[ 1.80032343 -3.51099537 -4.01319678]
 [ 3.82509902 -1.50812712 -3.9122748 ]]
[[-2.27898552 -3.80462826  3.92067275]
 [-3.88429353 -3.28365221  2.43516433]]
[[-2.16251713 -2.27152998  3.40519718]
 [-1.42884882 -3.04245271  3.40100403]]
[[-3.20093994  3.53342533 -2.63201529]
 [-1.35563164  3.9454724  -1.90357525]]
[[ 2.50391925 -1.75257549 -1.91409322]
 [ 2.17520961 -4.29175235 -4.2842855 ]]
[[-4.25016448 -2.16027115  3.07104676]
 [-3.35121775 -3.50274342  0.68785657]]
[[-1.53371544 -4.03947034  1.94897171]
 [-1.78761574 -4.49278613  1.44542688]]
[[-4.42243402  1.81925286 -3.1890605 ]
 [-1.60682754  2.24446658 -2.33447275]]
[[-1.41495334  3.66598526 -4.04773984]
 [-3.8836591   1.38984243 -3.2275268 ]]
[[-4.12658743  1.78435926 -2.24780234]
 [-4.41222458  3.3746358  -1.67822142]]
[[ 1.49355387 -2.1479174  -2.06901892]
 [ 0.67722541 -3.07275221 -3.45210696]]
[[-2.15361496 -4.10617733  2.99600094]
 [-1.56420777 -3.66828848  1.96625262]]
[[-0.97242401  3.68471333 -3.38521319]
 [-3.18086712  4.48459246 -1.51364909]]
[[ 4.12750047 -4.49813891 -4.27804052]
 [ 2.13293373 -2.48937222 -2.37364669]]
[[ 4.06409238 -3.26256923 -2.69653355]
 [ 3.00269547 -2.66874514 -3.73955143]]
[[ 2.76808821 -2.90695816 -2.17031355]
 [ 2.75967976 -1.59014841 -3.12068564]]
[[ 2.0231101  -2.48943171 -3.59885869]
 [ 1.06532216 -3.31546581 -2.99645918]]
[[-1.20730219 -3.3004754   2.19621514]
 [-1.01357126 -4.35461321  2.81327682]]
[[ 4.40104895 -2.72407754 -3.93105149]
 [ 2.4479859  -3.50309568 -3.31391987]]
[[ 3.50275106 -1.97008521 -1.88038985]
 [ 3.51159887 -3.3907944  -1.72008571]]
[[-3.24251694  3.38884262 -2.41256465]
 [-3.91151312  3.15833666 -4.11102743]]
[[-3.33039247  2.59392162 -2.80109488]
 [-3.91242158  1.23522759 -3.13642224]]
[[-2.37982954  3.41962579 -4.36114486]
 [-4.43775883  2.39157941 -4.25269755]]
[[-4.34434739  2.99508738 -3.96582048]
 [-3.85462554  4.38893036 -1.22751514]]
[[-1.78553591 -2.92761331  3.78378567]
 [-2.49659167 -4.17552253  2.40301977]]
[[-3.23918628 -2.0931982   4.30452751]
 [-1.9811994  -2.47205722  4.07870541]]
[[-2.79510651  1.3230797  -2.28267331]
 [-1.59197441  3.68499616 -3.93818605]]
[[ 1.02011854 -3.41363255 -2.41142776]
 [ 3.87577763 -2.08251284 -2.077387  ]]
[[-4.49874527 -3.01246422  2.64019467]
 [-3.35289402 -3.97094297  2.99322784]]
[[-4.24610879  3.54622605 -2.89736684]
 [-2.75790988  3.16585378 -3.7373925 ]]
[[ 2.46059302 -3.33639687 -4.49608613]
 [ 4.0375247  -1.95525487 -2.61874025]]
[[-4.17904921 -3.43219733  1.98921076]
 [-3.46966764 -2.69608398  3.79304436]]
[[ 4.39855166 -1.39259505 -3.00229354]
 [ 3.92685524 -1.35709777 -2.65433151]]
[[ 2.39755559 -4.14649859 -2.8818798 ]
 [ 1.88659333 -3.0539946  -3.13382704]]
[[-4.01993525  3.98787425 -4.49298005]
 [-2.66393128  2.78478205 -2.24921234]]
[[-3.84509877  3.12020475 -3.69529004]
 [-4.0480304   2.14052559 -4.27163114]]
[[-3.99812823  2.33673125 -1.41960173]
 [-1.39257706  4.35575937 -3.41562008]]
[[-3.04155372  3.17500561 -3.60239425]
 [-4.08406881  4.29628354 -1.27064943]]
[[-3.67628077  2.09397226 -2.00122103]
 [-2.26929895  2.03506349 -2.29564425]]
[[-1.8835479  -1.96261623  2.51073315]
 [-3.49898426 -4.29812458  4.28124558]]
[[ 2.74695237 -4.13323047 -3.56003142]
 [ 2.41810856 -3.45760068 -2.20406133]]
[[-1.23211895 -2.77499597  1.95593088]
 [-2.46101778 -3.93026383  0.59190373]]
[[-3.91169209  2.28914484 -1.35443475]
 [-4.46201219  1.62940825 -3.76645779]]
[[-3.09723421 -4.13885993  2.22779638]
 [-1.94849576 -3.91075899  2.95726561]]
[[ 0.96824512 -4.39249684 -2.11967096]
 [ 4.02902346 -1.17901209 -3.15248455]]
[[-3.84598816 -2.08128622  3.30211278]
 [-1.86626388 -1.73757948  4.48436791]]
[[-4.38231468  3.44445147 -4.03811804]
 [-2.52905434  2.00834355 -3.70136169]]
[[ 1.55351004 -3.6487392  -2.06112393]
 [ 2.82409979 -1.37291135 -2.71576695]]
[[-1.5359544  -2.3620842   2.20963455]
 [-1.00131531 -2.19403591  3.16432517]]
[[-2.02498835 -3.71829699  4.17721259]
 [-1.54664774 -3.77771845  2.73023822]]
[[-4.47749472 -2.9174659   3.1835513 ]
 [-2.19686404 -1.75306548  3.05090661]]
[[ 3.27162176 -1.36784877 -4.1699003 ]
 [ 1.37797315 -3.19725129 -3.96048739]]
[[-3.75584755  3.71554038 -4.12158778]
 [-3.60976994  3.64765283 -2.63773922]]
[[ 3.45234178 -1.72043659 -1.47858407]
 [ 1.85856311 -2.12089852 -3.19200731]]
[[ 3.31873329 -3.43348189 -2.2745677 ]
 [ 2.20868473 -4.18444518 -3.97241636]]
[[ 3.1971597  -2.29174564 -4.43739864]
 [ 3.78839387 -4.00921713 -3.04276286]]
[[ 3.11038056 -3.16895685 -4.33743456]
 [ 4.0241102  -2.44918578 -3.83526614]]
[[-4.34140882 -4.46133716  3.9101197 ]
 [-3.49340401 -4.4663469   3.63629263]]
[[-3.38571735 -1.94540928  4.42589303]
 [-3.35458463 -2.81213541  2.11641418]]
[[ 1.81491665 -4.41468247 -2.5067103 ]
 [ 1.44731272 -2.90336399 -2.82183236]]
[[-3.15944137  3.61830295 -4.46882039]
 [-2.74404789  3.69210136 -3.67637334]]
[[-4.28709496 -1.63453733  4.37066551]
 [-2.79167219 -2.77293099  1.6766543 ]]
[[-2.96510835 -3.07756197  2.70759357]
 [-3.13535636 -2.14500024  3.60756858]]
[[-4.22972001 -2.96039857  1.39041396]
 [-2.15890049 -4.29834046  3.65801646]]
[[-1.64076081 -3.86817672  1.95599187]
 [-3.62369905 -4.23474604  1.05710686]]
[[-3.73862419 -3.09646817  1.01635439]
 [-3.95737865 -1.2322397   4.32676237]]
[[ 1.85114329 -3.59652936 -3.45737026]
 [ 3.0353526  -1.26366568 -4.3640397 ]]
[[-1.42289378 -3.16696306  3.87010182]
 [-2.77546336 -1.48590659  3.84486391]]
[[-2.73940247 -3.67830363  3.76170207]
 [-1.42969907 -3.48613164  3.21190322]]
[[ 3.99820528 -4.10489301 -1.647082  ]
 [ 3.2997705  -4.13269775 -2.62623805]]
[[ 3.87834442 -1.31557611 -4.16575842]
 [ 3.05201645 -4.01357686 -3.00913123]]
[[ 2.69536531 -3.85253982 -3.44908785]
 [ 2.23597445 -2.38236427 -3.15877871]]
[[-2.4182304  -3.84821158  1.76806597]
 [-1.85441423 -2.84466508  3.20219253]]
[[-3.75550484  2.18235069 -3.42545391]
 [-1.29312844  3.84166254 -2.49145028]]
[[-2.76239906 -3.94486014  2.08635543]
 [-1.98254399 -3.7058168   2.73175441]]
[[-2.84930591  2.64168344 -1.72533779]
 [-3.70089007  3.2683707  -2.1982561 ]]
[[-3.58494596 -2.01174405  2.4157786 ]
 [-1.55486009 -3.05671359  3.85126083]]
[[-3.01993233 -1.23581421  3.90723322]
 [-2.48471699 -3.63569626  4.19744568]]
[[-3.37355572 -3.78858142  1.06300268]
 [-2.54815025 -2.84707423  3.29054717]]
[[-4.36711649  0.84632767 -2.91633009]
 [-4.38580414  1.25884712 -2.9022775 ]]
[[-3.3092313  -2.72036821  3.52655007]
 [-3.4545427  -3.41913422  2.3897416 ]]
[[ 2.06691673 -3.62648753 -3.40324112]
 [ 1.08164272 -1.85158383 -4.43995956]]
[[-4.2354767   2.99599651 -3.61644002]
 [-2.54899183  3.00990784 -3.47605814]]
[[ 0.66757631 -3.95692922 -3.78322361]
 [ 1.36657779 -2.7470018  -4.45992315]]
[[-2.61489196 -3.20875801  3.50288465]
 [-0.49226651 -4.19542535  3.82505287]]
[[-3.88779109  1.71787457 -2.1609355 ]
 [-4.40673873  3.14821098 -1.78150156]]
[[-3.52452137  4.00857451 -0.76774929]
 [-1.98976648  4.21408838 -2.12666116]]
[[-2.91900017 -3.36514614  3.53230301]
 [-2.14660668 -4.15931035  3.75249325]]
[[ 4.25518252 -3.10875098 -2.03921156]
 [ 3.51807095 -0.82714805 -4.17587774]]
[[ 2.87781126 -3.37075289 -2.43553735]
 [ 3.62116847 -2.98017411 -2.03333899]]
[[-3.93368172  3.9402355  -3.2511401 ]
 [-3.74493708  2.64426874 -4.49936152]]
[[ 3.11305895 -1.75638267 -2.6612736 ]
 [ 3.1459761  -3.05335859 -0.83594359]]
[[ 2.71615851 -2.96195613 -3.03770272]
 [ 2.68129258 -4.02958992 -2.47107104]]
[[-1.52655844  3.82517582 -4.32647792]
 [-2.41290817  3.14980327 -4.10559999]]
[[-2.91884734 -3.34295148  1.51273452]
 [-1.99919571 -2.95713996  4.41647572]]
[[-1.48925574  3.21459655 -2.69972565]
 [-3.84093837  2.43142198 -4.35895042]]
[[ 2.42342051 -4.48248811 -1.64388725]
 [ 2.60233064 -4.10125527 -2.62783425]]
[[ 2.86449297 -2.55317326 -2.20680487]
 [ 3.99011406 -2.98534484 -2.17893822]]
[[-4.46295107  4.38107025 -3.08429845]
 [-3.07741033  2.01401752 -2.25252598]]
[[ 1.11094853 -4.45948868 -3.69666266]
 [ 3.38681397 -3.09064356 -1.52012603]]
[[-2.70006207  2.82801642 -3.11220499]
 [-3.80836751  1.90847455 -3.58764957]]
[[-1.49228332  3.30335818 -4.17432972]
 [-4.22962043  3.31158177 -3.62616484]]
[[-4.10294838  3.3328654  -4.44358473]
 [-2.56624277  1.50952773 -3.09451732]]
[[ 3.02411519 -2.97817791 -3.8375234 ]
 [ 3.00033946 -3.9295924  -4.18595732]]
[[-1.62148153  3.76886131 -2.15423928]
 [-4.28651318  3.52574344 -2.7598157 ]]
[[-1.02701212  3.67633467 -3.66726996]
 [-3.48106555  3.19773237 -1.46315881]]
[[-2.31732238 -1.2245428   3.4341998 ]
 [-2.8561782  -2.50476098  3.52845393]]
[[ 2.48959517 -1.82909434 -3.36017313]
 [ 4.28426729 -2.81505607 -1.98869479]]
[[-3.81880368  2.00502119 -2.62810807]
 [-4.46930488  1.60711185 -3.33000332]]
[[-4.08516186 -3.77124204  0.78742444]
 [-3.60387226 -4.49369972  2.81193694]]
[[-2.35325181  3.51630056 -3.29323328]
 [-3.27545955  3.28140469 -3.64885175]]
[[ 2.7532462  -2.59454471 -3.60248278]
 [ 2.06888818 -2.99670514 -2.92518379]]
[[ 1.97199419 -4.18844381 -3.04477107]
 [ 2.90805449 -3.43102149 -3.79029069]]
[[-2.92609502  1.1096211  -2.21342442]
 [-2.35635675  1.91592911 -2.80401559]]
[[ 3.98564535 -2.40392217 -1.78590921]
 [ 3.40457115 -3.87313583 -3.4456029 ]]
[[ 4.38194481 -1.44738146 -2.73625346]
 [ 3.9358961  -1.74142969 -2.4999935 ]]
[[-3.48406941 -4.03549959  1.60383623]
 [-3.69749146 -2.12989836  2.59505564]]
[[ 3.42965643 -2.70586525 -2.2572255 ]
 [ 2.14756653 -2.53056106 -3.56327838]]
[[-1.95744175 -3.64162714  4.31938125]
 [-1.26093673 -3.933615    3.90198019]]
[[-1.510461    4.31867159 -3.77951123]
 [-4.15839768  3.52803274 -3.01857352]]
[[ 4.00048479 -2.79861067 -3.99614072]
 [ 3.43237378 -3.22201214 -4.35596018]]
[[ 2.15508168 -2.82253557 -3.40186972]
 [ 4.45908064 -4.40412829 -2.52763846]]
[[-2.89461422  4.15405099 -3.29487626]
 [-4.33190999  3.50128047 -3.5100572 ]]
[[-2.36998873 -4.0171413   3.39403877]
 [-3.39658038 -3.25119946  4.28435386]]
[[-3.74405905 -3.04801274  2.97986405]
 [-3.62530865 -3.43117318  3.38711167]]
[[ 3.81954531 -1.67170682 -3.81974072]
 [ 2.4664485  -2.87663369 -3.71581813]]
[[ 2.96377856 -4.25737152 -3.18145916]
 [ 1.75637374 -3.26392202 -3.90508898]]
[[-2.17863852 -4.28926637  2.11107542]
 [-2.9085423  -2.89291909  1.11557012]]
[[-3.97714555  1.98195681 -4.1505036 ]
 [-4.3093464   3.56723691 -4.42905669]]
[[-3.83602665  3.9469383  -3.66305487]
 [-4.14426735  3.37297994 -4.10975177]]
[[ 2.1091344  -1.68407054 -4.13572211]
 [ 4.01723188 -3.2934661  -2.58635379]]
[[-0.93723492 -3.8511493   3.42138707]
 [-1.61100505 -2.78883888  3.73601092]]
[[ 2.92758918 -2.64490585 -3.67622137]
 [ 3.46164753 -2.11864863 -1.4093964 ]]
[[-2.61309046 -2.32063042  4.20733606]
 [-3.42552824 -2.64162832  2.29187022]]
[[ 3.5600777  -2.64827946 -4.29613326]
 [ 3.58340049 -1.36431979 -4.32552364]]
[[ 3.14550968 -1.15803998 -3.37538087]
 [ 2.78256694 -1.50388223 -2.60177269]]
[[ 3.65771997 -3.34659548 -3.06176702]
 [ 2.72952557 -3.67071803 -2.89420498]]
[[ 4.06149761 -2.78097303 -3.90700566]
 [ 4.00322695 -3.61524657 -2.64492169]]
[[-4.17630491 -3.73473558  4.04107553]
 [-2.54244568 -1.38466659  4.38250175]]
[[-2.85943731  2.54666043 -4.26873823]
 [-3.38499167  3.69063799 -1.31145924]]
[[-4.15580787 -3.4919713   1.61052705]
 [-2.30612782 -4.13831751  2.79294402]]
[[ 2.30161503 -3.46815579 -4.27256977]
 [ 2.97614535 -4.1774569  -2.70529788]]
[[ 1.00728842 -3.65799206 -3.58687421]
 [ 4.05377557 -3.57741457 -3.5028973 ]]
[[-4.32729788 -1.74867533  1.74578069]
 [-1.72636856 -2.5669382   2.76466658]]
[[ 1.21181528 -2.90946365 -2.21077439]
 [ 3.82167207 -0.68322964 -4.27402149]]
[[-3.45764167 -2.96174023  1.13971378]
 [-1.05608801 -4.49443572  2.58836952]]
[[-2.18115322 -3.70134563  1.52823557]
 [-3.1257351  -3.74906601  3.43115889]]
[[ 3.6999858  -1.55816162 -3.77273671]
 [ 3.95193644 -2.53474578 -3.25494388]]
[[-3.53261845 -1.80738065  2.98076579]
 [-3.31687376 -3.32518012  3.41855661]]
[[-3.75777214 -4.02237196  1.64222947]
 [-1.66981001 -4.49803549  2.8816284 ]]
[[ 3.80168674 -3.73865753 -1.13347472]
 [ 2.54238495 -1.33153024 -3.78945252]]
[[-3.37090904 -4.20988879  1.74550368]
 [-1.52515805 -3.56196514  4.20098516]]
[[-3.56267642  3.35936609 -3.01381155]
 [-3.52914464  3.6310926  -2.48250551]]
[[-3.11660285 -3.05092635  1.44204203]
 [-3.68679835 -3.16177839  2.84120388]]
[[-3.35466024 -0.46717855  3.68841629]
 [-0.5789315  -4.03014144  3.23471071]]
[[-4.3878417   1.52017339 -4.1346354 ]
 [-2.96303145  3.26751463 -4.45594495]]
[[-4.00196786  1.69155939 -3.13914391]
 [-3.12037898  3.18162555 -3.97957373]]
[[-3.58535883  1.47856953 -4.45853652]
 [-1.48064913  3.04428289 -4.38312117]]
[[-4.42676941 -2.14249316  2.4960847 ]
 [-3.51870849 -3.73838523  0.90930542]]
[[ 1.65086772 -3.39164644 -2.89646389]
 [ 4.21948319 -4.01723722 -4.19733776]]
[[-4.1512704  -3.57779122  2.22323766]
 [-3.20500174 -4.38006384  3.68431406]]
[[-2.96976812 -2.67183311  4.25493997]
 [-4.0917751  -3.87782744  2.41514987]]
[[ 2.50770056 -3.08842761 -4.23767816]
 [ 2.44457179 -3.37461124 -3.82176998]]
[[ 2.0505873  -1.49342455 -3.40217786]
 [ 4.09970027 -3.72280356 -1.73174494]]
[[-4.19322841 -4.23613155  0.76663983]
 [-2.13704306 -1.91286825  1.96903595]]
[[-2.45391598  2.01794669 -2.59017706]
 [-2.78130084  3.96032778 -3.51680519]]
[[ 2.41156779 -3.68021236 -3.04495869]
 [ 1.7647987  -3.99417507 -2.90713859]]
[[ 3.199552   -2.84552876 -3.94483002]
 [ 4.09504363 -0.82502037 -4.22261357]]
[[ 2.57983896 -3.7389663  -2.17960243]
 [ 2.76260378 -1.36467643 -4.28230826]]
[[-4.35618627 -3.66268285  1.63861758]
 [-3.08350952 -2.11118534  4.21958597]]
[[-4.45753697 -2.34449066  3.92915333]
 [-3.18716143 -4.19806098  2.70693901]]
[[-2.60318148  2.20580016 -3.81972388]
 [-2.89562607  4.2655898  -4.1582131 ]]
[[-1.27147325  2.58013843 -3.98648177]
 [-1.61607073  2.96410094 -2.31852314]]
[[ 4.38973141 -3.28534541 -1.84828377]
 [ 3.30392456 -2.92875052 -3.50221431]]
[[ 3.55838515 -1.55117277 -3.18655835]
 [ 1.96985767 -3.37355374 -2.41215227]]
[[ 4.10987089 -4.49876405 -4.38634763]
 [ 4.22764852 -2.08372668 -4.40123058]]
[[-1.85936283  1.65114614 -2.97611361]
 [-0.95013556  3.62940827 -4.47410933]]
[[ 2.08300435 -4.37812183 -3.22779176]
 [ 3.15390621 -2.13481121 -1.14022104]]
[[-2.53410411 -2.60284353  2.71071307]
 [-2.9392538  -1.9193952   3.77406927]]
[[ 4.35440965 -4.3169967  -2.81133244]
 [ 3.53725578 -3.11886632 -4.27756619]]
[[ 3.03869502 -2.85311454 -2.07601318]
 [ 2.701914   -1.50770672 -4.37848865]]
[[-3.95678303 -2.65455595  2.11286885]
 [-1.96674626 -2.60917025  3.99223398]]
[[ 3.21974229 -2.78746789 -4.46763615]
 [ 2.63882162 -1.92024167 -3.08676103]]
[[-1.43201314 -3.64831107  2.50741602]
 [-4.10565864 -4.20674075  1.11889169]]
[[ 4.34651838 -1.64127627 -4.49428792]
 [ 3.03895084 -1.31707424 -3.5375384 ]]
[[-3.30131706 -4.26788189  3.09184308]
 [-4.11565822 -2.87759355  3.06138295]]
[[-2.72426902  4.18308939 -3.9582636 ]
 [-4.27361959  2.58975882 -3.50030239]]
[[ 2.71783181 -2.69925139 -2.82672911]
 [ 4.24266322 -1.02401229 -3.28805307]]
[[-3.30749926  3.36897738 -3.61849911]
 [-2.23456538  4.46307235 -2.72666266]]
[[-3.81954653  1.96459892 -2.10231424]
 [-1.31478884  3.90160416 -3.26370575]]
[[-2.58793885 -3.76059483  1.72441761]
 [-1.52153925 -3.34148245  3.1256054 ]]
[[-2.3308919   2.52191635 -4.25259955]
 [-1.6494113   2.95203757 -3.38076162]]
[[-2.6207588  -2.52757332  3.83104726]
 [-3.98072276 -2.51365121  0.97530258]]
[[-1.79188759 -3.25668325  4.15286472]
 [-1.81463783 -2.65548947  2.8674498 ]]
[[-3.78575166 -1.73152215  2.46714416]
 [-2.57578935 -4.4485386   1.62782281]]
[[-4.47807726 -3.12578723  3.97627566]
 [-2.47784159 -2.50737472  3.97881557]]
[[ 4.44500382 -2.35425804 -3.00550337]
 [ 3.99232392 -1.44892069 -3.27563528]]
[[-2.21246201  3.20568598 -4.28285491]
 [-1.81635728  4.46152179 -2.71705951]]
[[-3.11697932 -2.52019267  3.08846368]
 [-2.47883572 -3.78747759  3.75207741]]
[[-3.62472071  4.28123861 -4.00120293]
 [-3.77485065  2.50412892 -3.17411795]]
[[-3.93150935  1.87482684 -1.41375736]
 [-2.36372348  1.48841586 -3.19429936]]
[[ 2.47369833 -3.85745573 -3.28995612]
 [ 3.4162898  -3.59378054 -4.49552611]]
[[-1.82501532  3.13292576 -3.13351749]
 [-3.94674227  3.16297262 -2.82797   ]]
[[ 2.7237081  -2.63066783 -3.43159556]
 [ 4.06525314 -3.49341003 -1.51986405]]
[[-3.43298205  3.49145511 -1.9986113 ]
 [-3.77316255  1.27606993 -3.26404518]]
[[-4.2185826  -3.90917862  3.37748926]
 [-3.7138101  -3.47884033  1.69572172]]
[[-3.74813736 -2.34910817  2.89247506]
 [-2.59077361 -3.02438172  4.47906092]]
[[-2.83494797 -2.66050135  3.90357071]
 [-3.47293737 -3.96864638  1.83237065]]
[[-4.09725572  4.39901037 -3.3923064 ]
 [-3.99232541  3.63813898 -3.61271853]]
[[-2.5564485  -3.27128966  3.02632302]
 [-2.79097996 -4.23257151  2.43785616]]
[[-3.33347067 -4.24439463  3.34518306]
 [-2.23276337 -3.9204611   1.52731459]]
[[-2.63406686  3.44140312 -4.35859774]
 [-2.70130424  4.27901619 -3.31550078]]
[[-1.79385788  4.37403165 -3.83560829]
 [-3.78898924  3.19122935 -4.18654252]]
[[-3.91011017  2.81492846 -1.74281942]
 [-1.85381112  1.96581462 -3.2766816 ]]
[[-2.9813138   2.373083   -1.36713726]
 [-3.83177457  1.83120428 -2.27812226]]
[[-2.80158238  2.15935249 -3.58987993]
 [-4.27295531  3.80320355 -2.79165472]]
[[ 2.18505529 -3.98239802 -3.83691106]
 [ 3.9844824  -2.23682149 -2.3888763 ]]
[[-3.73471563  3.39367563 -3.4004168 ]
 [-3.75812156  3.00236859 -3.21039682]]
[[-2.63533135 -2.9914616   4.05265859]
 [-2.4581205  -2.48958017  3.34746021]]
[[-1.47341664  3.87676844 -2.49427006]
 [-3.01130232  2.47137861 -1.39865144]]
[[-2.32099906  4.12620175 -4.45577055]
 [-3.48083564  0.93241993 -4.01246968]]
[[ 1.49594042 -2.47353127 -3.35659238]
 [ 1.48360712 -2.69913854 -2.80492778]]
[[-3.64785583  3.03879835 -3.55084242]
 [-2.47352257  1.88397269 -2.6987866 ]]
[[ 4.34164249 -3.69620101 -3.09993222]
 [ 3.02095287 -3.97856172 -2.14962497]]
[[ 0.93052279 -4.45008012 -4.43196922]
 [ 3.56829113 -4.32104066 -2.99627867]]
[[-2.72901743 -3.78878206  3.40844804]
 [-2.80387645 -3.20783829  4.47289093]]
[[-3.46296629 -4.07760786  4.35584827]
 [-4.01787485 -4.30624309  3.88208405]]
[[ 3.94982198 -2.81123661 -4.31845932]
 [ 3.78330461 -3.76745935 -2.49274655]]
[[-3.49878858 -4.32899862  3.44219283]
 [-3.32119677 -4.11980344  4.07853254]]
[[-3.68527118 -2.24380938  2.76221955]
 [-3.98112195 -2.397271    3.56466575]]
[[-3.39774813  1.90503126 -2.83557608]
 [-2.61099593  3.07166714 -1.50625165]]
[[ 4.00686387 -1.42467493 -4.44875147]
 [ 1.29794509 -2.44453381 -3.0776397 ]]
[[-3.24525965  2.37740824 -1.13591466]
 [-2.25423994  3.2878057  -3.16480184]]
[[-2.56152415  3.90124006 -3.32808716]
 [-1.10744074  3.07295681 -3.66484181]]
[[-2.86903882  2.66741546 -3.31565072]
 [-2.93941306  2.26393963 -2.98241475]]
[[-2.999267   -2.25412181  3.60638758]
 [-4.13775998 -4.06200828  1.64052556]]
[[-1.89821707 -4.31540979  2.02769757]
 [-1.38243622 -4.47341229  2.16152795]]
[[-4.10611592 -3.28331384  2.3295639 ]
 [-2.00045286 -4.24570549  4.30481679]]
[[-1.3755792  -2.82008178  3.06630089]
 [-3.33726379 -2.24294719  1.70247204]]
[[-4.1989579   4.13591712 -1.58721631]
 [-2.73791907  2.4296563  -2.5083389 ]]
[[ 3.33477444 -2.71166354 -1.3356962 ]
 [ 4.1823762  -1.47681939 -4.34152029]]
[[ 2.46873166 -4.31889135 -3.83977095]
 [ 3.48368686 -2.0539097  -3.83187498]]
[[-1.93843613  3.5013944  -3.17703851]
 [-2.05098516  2.985883   -2.70452834]]
[[-2.98307787  3.16681595 -2.63285861]
 [-3.95118799  1.88804106 -3.36231099]]
[[-3.18439507  2.12464292 -4.04456572]
 [-3.86183555  3.91955523 -1.07539884]]
[[ 3.12539934 -2.38982285 -2.8061941 ]
 [ 1.89408664 -4.03822874 -1.89687757]]
[[-1.88710893 -2.38045348  3.34877856]
 [-3.8513581  -1.70255532  3.54619642]]
[[ 3.03733444 -4.40403069 -3.05174191]
 [ 4.46554167 -3.18966328 -4.06508041]]
[[ 2.23641787 -2.2044384  -2.46532301]
 [ 2.27303389 -2.67545306 -2.2034094 ]]
[[-3.8351748   1.74025964 -1.76542966]
 [-2.78576356  2.76622085 -1.94065194]]
[[ 2.9735765  -2.00920335 -4.09774573]
 [ 3.79596368 -2.06898885 -4.24225964]]
[[-2.70862261 -3.29501693  4.17498714]
 [-1.9350834  -3.28664922  1.37494504]]
[[-3.42840821  1.84167874 -3.9963383 ]
 [-2.43576017  2.07131591 -4.26923097]]
[[ 3.20049781 -3.95928531 -1.87172617]
 [ 1.71977253 -2.34639862 -1.84596284]]
[[-2.65039931 -2.2771466   1.7947374 ]
 [-2.67701808 -1.17650953  4.21243526]]
[[-4.30102588 -3.13416242  4.18250549]
 [-3.24256983 -3.26529484  4.46219602]]
[[ 3.37433847 -4.06212341 -4.4566686 ]
 [ 4.31000622 -3.68102756 -1.13346182]]
[[ 3.57148647 -1.68949798 -1.80158827]
 [ 0.98398647 -3.54567896 -4.10471544]]
[[ 2.99576081 -1.78652896 -2.71149464]
 [ 4.02374218 -3.55522914 -4.45354961]]
[[-3.5755715   3.41878915 -4.42975502]
 [-3.5557663   4.19297627 -4.08472319]]
[[ 1.09966246 -3.38442501 -2.45648559]
 [ 1.11311629 -3.38358356 -2.80890023]]
[[-3.9702764  -2.71180162  2.62766661]
 [-4.18908209 -2.56621883  2.48915817]]
[[-4.3469551  -4.49937203  1.17832694]
 [-4.33973893 -3.90921236  3.33234865]]
[[-2.06890932 -3.25254067  3.8342876 ]
 [-2.69244643 -3.59543769  3.21884361]]
[[-4.00287507  1.82666795 -2.2196824 ]
 [-4.49127678  3.94712828 -2.96327315]]
[[ 2.16505618 -4.22775836 -3.19862458]
 [ 4.09965996 -4.1447793  -2.60260701]]
[[ 2.01096753 -2.89084826 -4.19544725]
 [ 1.62575292 -4.01615076 -3.04637062]]
[[ 4.0432343  -2.26788302 -3.15195042]
 [ 2.16564015 -1.87038246 -2.12346403]]
[[ 4.44631164 -3.53506548 -2.79894662]
 [ 1.76487866 -4.4243243  -3.61043847]]
[[-3.06051614  2.22819346 -3.00765274]
 [-2.31079402  2.20730557 -3.44727921]]
[[-4.21096398  3.26187642 -1.64552498]
 [-2.70477374  1.68560988 -2.81369559]]
[[-2.68987692  2.2693253  -2.45807781]
 [-1.60903338  3.77917278 -3.18556251]]
[[-4.30836592  3.4072367  -2.64801146]
 [-3.77579042  1.43536707 -3.6223422 ]]
[[-3.60209659  4.14775133 -4.44930024]
 [-2.63744381  3.87939137 -2.92520175]]
[[-3.27366789  0.78067336 -4.14678955]
 [-3.94251793  2.92910966 -2.10785444]]
[[ 0.81007549 -3.97160924 -3.70381743]
 [ 4.48120016 -2.21682328 -1.12516375]]
[[-1.71490451  2.93444116 -3.23110969]
 [-4.3789529   3.48141693 -2.90927335]]
[[-3.58738075  2.23094474 -2.12966694]
 [-3.58133605  3.10809743 -1.62880528]]
[[-3.5629277   2.4209907  -3.98916596]
 [-3.38991962  1.90611383 -2.9622293 ]]
[[ 3.40648003 -2.81833316 -2.40682527]
 [ 3.03163699 -1.4626411  -2.39934384]]
[[-2.85695425 -3.93156532  2.48473024]
 [-1.23611882 -4.1718792   4.17520435]]
[[-3.67591278 -1.43451747  3.09368001]
 [-4.27749825 -3.08546726  4.36468042]]
[[-3.55378585  3.24509555 -3.11581318]
 [-2.59152571  4.47064506 -4.0345237 ]]
[[-4.04840038  4.14342599 -2.40590048]
 [-2.58978849  1.63285798 -3.24940202]]
[[-1.64874173  1.95842203 -4.45090688]
 [-2.27141861  3.71395247 -1.85852465]]
[[-3.75515012 -3.75457988  3.65607034]
 [-3.49463049 -2.18644718  1.50871609]]
[[-2.9380445   2.49536056 -3.57163155]
 [-2.65040276  2.46402145 -4.11302503]]
[[-3.78910579 -3.40119539  3.59548813]
 [-3.61062331 -3.19979763  3.85086317]]
[[-2.32835707  1.85160266 -2.73489034]
 [-3.8220762   4.2247362  -1.89149537]]
[[-4.27093174 -1.06215366  3.83382805]
 [-2.6698785  -4.43290508  2.22073026]]
[[-4.17531901  3.1458945  -2.38835341]
 [-2.45878118  3.40619266 -3.13818217]]
[[-3.02506648 -3.25589939  2.20135295]
 [-2.31658722 -2.84001825  3.94585105]]
[[ 2.20246912 -3.54110226 -3.23261088]
 [ 3.41841619 -4.34632796 -3.16027955]]
[[-2.6444809  -1.22308946  4.06351333]
 [-3.62552778 -1.52650135  1.49285353]]
[[-1.80598128  2.98277565 -2.56782625]
 [-3.8451804   1.30102463 -3.43315974]]
[[ 1.58649132 -3.6261166  -2.36962252]
 [ 4.05404068 -3.72267892 -1.59139805]]
[[-3.59546838  2.41003117 -2.89364276]
 [-3.72252499  1.46722398 -3.63127775]]
[[-4.28739562  3.23689872 -4.26646632]
 [-2.54064002  2.52859728 -1.79162929]]
[[-4.10529988  3.55640589 -3.11545938]
 [-3.34368575  4.40664942 -3.12211507]]
[[-4.42899273  4.48273507 -1.45577828]
 [-3.19901378  2.95922266 -1.06706833]]
[[-2.41925001  4.03545932 -3.80470788]
 [-3.64669802  2.44843856 -3.93896204]]
[[-1.84422017 -2.33537004  4.24499879]
 [-3.39919999 -2.49795804  4.41584438]]
[[-4.0718681  -2.92095968  3.51559829]
 [-3.95957192 -3.71635823  1.75164564]]
[[-3.73211693  1.53432764 -2.65922089]
 [-4.1723109   1.49863784 -1.90241016]]
[[ 2.70101374 -4.21879895 -3.30153734]
 [ 1.3838043  -2.65495562 -4.04344002]]
[[-1.27808681  4.39367902 -3.61745288]
 [-2.35220654  4.44343002 -4.37284533]]
[[-4.08033273  2.68111383 -3.07163086]
 [-0.74813089  3.05444332 -3.35171584]]
[[-2.23776941  3.07675933 -3.97961804]
 [-1.6859695   3.88679357 -4.31306105]]
[[ 3.15336987 -3.28434984 -3.80492348]
 [ 3.46207555 -1.66447577 -3.57259453]]
[[-1.78860012  2.70055128 -3.29170851]
 [-3.70867249  2.35327673 -3.66832541]]
[[-3.17954156 -4.44350198  1.2988325 ]
 [-1.17194288 -3.79326416  4.42847531]]
[[-4.26400375 -3.3660574   1.12143685]
 [-3.2895511  -4.01374695  2.51133231]]
[[-1.59779042 -2.50403561  2.1725147 ]
 [-4.45436895 -3.2138115   4.22637222]]
[[ 3.63297619 -1.31114025 -4.04524499]
 [ 3.57308395 -3.46077979 -2.55039042]]
[[-3.46135158 -1.48110497  1.8449398 ]
 [-2.74522415 -2.17676643  3.82876852]]
[[ 3.90483245 -2.87211929 -2.37152086]
 [ 4.47666177 -2.66787289 -4.16155114]]
[[ 0.93283429 -2.75361136 -4.36704307]
 [ 3.6542996  -2.30273865 -2.62980685]]
[[-1.93529785 -4.3438272   3.25146032]
 [-2.52077011 -2.48395774  3.63455867]]
[[-3.34799877  1.55754713 -3.38057024]
 [-1.0570929   3.16855335 -2.34635277]]
[[-2.55524937 -3.12725076  2.66162726]
 [-4.28485017 -4.2644662   2.43220115]]
[[-4.13187802 -3.86724269  2.58709879]
 [-3.89443854 -2.10717888  3.10009154]]
[[-1.97936568  2.63410861 -2.01696466]
 [-1.68935741  2.44043251 -3.57421081]]
[[ 2.93788775 -3.95694577 -2.5193724 ]
 [ 3.28566609 -2.89684811 -3.03152796]]
[[ 3.30452516 -2.42871291 -3.8444931 ]
 [ 1.46787682 -2.68232771 -1.73397542]]
[[ 4.03618251 -1.15107152 -3.73878026]
 [ 1.56822929 -4.3675574  -2.65160078]]
[[ 2.38219178 -4.49617502 -4.03280111]
 [ 1.22784901 -2.99792785 -3.3703249 ]]
[[-3.95958056  1.93486989 -3.5272425 ]
 [-2.31279265  1.74184993 -3.97979249]]
[[-2.16085613  3.44896077 -2.07012699]
 [-3.12456857  2.32967764 -3.85619575]]
[[ 1.92020013 -1.29861587 -2.68662688]
 [ 2.91601908 -1.44215226 -2.02068325]]
[[ 3.05212531 -3.53109581 -3.60424532]
 [ 4.4323981  -1.36719773 -1.5662105 ]]
[[-2.56101497 -4.38363418  1.84380706]
 [-3.47484897 -2.73983176  1.65755998]]
[[-3.74122795 -2.93170934  1.62405632]
 [-4.24806741 -4.33462985  2.68877156]]
[[-2.71708358  3.37948958 -2.45325325]
 [-3.56034545  4.28849227 -1.17690817]]
[[-3.0127477  -2.36519062  4.27785471]
 [-3.16653897 -2.64967724  4.2526939 ]]
[[-2.76980507  3.85368234 -1.59172519]
 [-1.33411233  3.48053729 -3.84419171]]
[[ 2.99047909 -2.78345692 -1.87806282]
 [ 3.59292349 -2.41754162 -0.79280045]]
[[-3.26273096  2.23729393 -2.51427168]
 [-4.35727137  3.29677083 -3.57949957]]
[[-1.96666189  3.52674381 -2.05560264]
 [-3.13155592  2.49348249 -3.19565749]]
[[ 4.07344705 -2.36598753 -1.4979099 ]
 [ 3.3202616  -2.08959777 -4.07103535]]
[[-3.1165956   4.30638798 -1.31494581]
 [-3.71829297  2.94932383 -4.33517514]]
[[-3.94609641 -4.21694626  1.69766437]
 [-3.79098591 -3.79340269  2.72664259]]
[[ 1.74804669 -1.77426193 -3.84078555]
 [ 2.67903991 -2.89172766 -3.67842796]]
[[ 2.83256328 -4.10227223 -3.98513571]
 [ 4.05760346 -1.92241132 -4.34907352]]
[[ 2.39377119 -3.29187182 -4.37297283]
 [ 2.46434461 -4.48359396 -2.33759995]]
[[-1.56980993  3.80823659 -3.27211001]
 [-1.36780416  3.72460748 -4.43309273]]
[[-2.18874627 -2.53313399  2.89457761]
 [-2.85750119 -3.14778659  3.95771239]]
[[-4.17079748 -4.43901487  3.72915455]
 [-3.68840363 -2.39554958  2.65543074]]
[[-2.55796412 -2.34061362  3.3649715 ]
 [-2.08914252 -3.38243205  3.14932748]]
[[-4.04853755 -4.23159238  2.62265888]
 [-4.27361416 -0.97889931  2.66230471]]
[[-4.23758222  2.5480242  -2.21474758]
 [-1.56537111  2.98515833 -4.27389782]]
[[ 4.29546346 -0.91155915 -3.73113566]
 [ 2.4082902  -3.28851857 -2.0153621 ]]
[[ 1.95462196 -3.05006478 -4.10944749]
 [ 2.05758122 -2.76252755 -4.31996736]]
[[-3.7797434   3.55109583 -2.68119894]
 [-2.43970693  1.99128004 -2.89077922]]
[[-2.75323587  3.71386667 -3.76656333]
 [-3.34148737  3.06975197 -3.64906158]]
[[-3.4683382  -0.32654775  4.48869677]
 [-2.95886931 -4.46350648  1.31239228]]
[[-1.70495359  3.57667052 -2.66523257]
 [-4.1337116   2.7869528  -4.10229748]]
[[-1.78840467 -3.30040793  3.95542024]
 [-2.74420026 -4.41827779  3.23756256]]
[[ 2.95514313 -3.13229797 -4.35467885]
 [ 4.1078789  -4.49013159 -3.93979889]]
[[ 3.97038605 -3.82788121 -2.08708338]
 [ 1.55269282 -4.43334403 -3.08319033]]
[[-2.70730514 -2.28984719  3.10470776]
 [-4.17192994 -2.17306492  1.19423812]]
[[ 2.47115921 -3.95517285 -4.33756241]
 [ 4.17367118 -3.48117013 -3.93004548]]
[[ 4.19204516 -4.36082527 -1.71306905]
 [ 2.46375075 -4.37997377 -3.94209792]]
[[-4.06021781 -2.40068002  3.29433648]
 [-2.25249884 -1.52991801  3.52790248]]
[[-1.73517699 -4.02894034  2.94513206]
 [-3.7153804  -2.50405383  1.53278092]]
[[-2.72233326  2.25874136 -3.92370129]
 [-3.3749995   4.43060787 -2.62585711]]
[[-3.88462565  2.63269111 -3.81975445]
 [-2.42808692  3.17378612 -1.3355199 ]]
[[ 4.3819483  -3.65271953 -2.95661111]
 [ 3.30580979 -3.95751932 -2.71996899]]
[[-2.61666617  2.86240433 -4.19936525]
 [-3.25108364  4.43459878 -2.47460743]]
[[-3.97188462  3.85683678 -4.38968775]
 [-1.41248005  2.27519609 -3.93640653]]
[[ 2.09476675 -2.09551434 -3.75274521]
 [ 2.14753025 -2.1089726  -3.4399172 ]]
[[ 2.1096622  -4.04735907 -1.43600846]
 [ 2.18235472 -3.25672176 -3.75523852]]
[[-1.66034775 -3.32346291  4.22901203]
 [-3.57882683 -2.97159826  2.71016727]]
[[-3.18859765  2.35103902 -4.49259995]
 [-1.99734963  2.64109251 -3.73886103]]
[[-4.14094521 -4.16915991  0.90377204]
 [-4.47753244 -3.83558145  3.72770248]]
[[-4.42443634  1.27274949 -2.97374417]
 [-2.23913798  0.80455615 -4.10608375]]
[[-3.83142681 -4.16036476  3.44212619]
 [-4.16101481 -2.98798415  4.32988123]]
[[-2.42540332  2.28762016 -4.26723141]
 [-3.03581737  2.17532145 -1.80805237]]
[[-2.16106652  4.32697991 -2.53634205]
 [-2.82485372  4.48686186 -1.9321625 ]]
[[-4.41037586 -3.69301082  1.93023245]
 [-3.81640156 -1.66852293  4.39925227]]
[[-3.02280277  2.18749131 -2.8738555 ]
 [-4.23662262  2.84332881 -2.64414445]]
[[ 2.43565752 -3.56608542 -4.20373034]
 [ 3.41268024 -1.49946382 -4.47987192]]
[[-2.86959223  3.33926299 -3.23948375]
 [-2.34400958  2.98431021 -1.85050113]]
[[-4.00675704 -4.49740786  2.89389914]
 [-2.58931003 -4.41108389  4.35444861]]
[[-2.73616213  3.73138006 -3.07155072]
 [-1.4529991   3.11057575 -4.4233597 ]]
[[ 2.76408552 -2.40249128 -2.73310638]
 [ 1.10805358 -2.37071752 -3.85466215]]
[[-3.20080149  4.48866036 -2.92013208]
 [-3.77863559  2.83338632 -3.97912242]]
[[ 4.17636462 -2.40726408 -1.85957617]
 [ 2.97666123 -3.99527575 -4.42316846]]
[[ 3.95007024 -4.19630968 -1.54888287]
 [ 3.47750757 -4.33039801 -2.58256763]]
[[-2.07341605 -3.08339575  2.8416482 ]
 [-2.53283393 -3.60313339  2.95876093]]
[[-1.57341859  2.70517589 -3.9764449 ]
 [-4.37332194  3.30665585 -3.96142181]]
[[ 3.211415   -1.40959583 -2.34878894]
 [ 3.45774615 -3.432978   -2.8450875 ]]
[[ 2.46035373 -2.91664226 -4.02016692]
 [ 3.40377144 -3.88157401 -2.85659359]]
[[-2.5666445   2.81676238 -2.52479363]
 [-4.28092141  3.31138003 -3.72880086]]
[[-4.1866022   2.32036076 -2.98392111]
 [-2.23212436  2.94777325 -1.78836291]]
[[-3.79791075 -2.08156427  3.58999079]
 [-2.74499233 -2.81136864  3.58306417]]
[[ 1.82685836 -2.78651102 -3.37584875]
 [ 2.3962285  -3.35680395 -3.22905946]]
[[-3.98829297  1.89274821 -2.81495549]
 [-4.34646735  3.31319415 -2.06372675]]
[[-2.36782399 -3.76930444  3.71555388]
 [-1.60796295 -4.36208033  2.22020333]]
[[-3.08804875 -4.33597135  4.10435089]
 [-4.37825705 -4.32266054  2.94975277]]
[[ 2.55554191 -2.20599932 -3.89764039]
 [ 2.8872346  -2.22593366 -3.95759948]]
[[-3.05239252 -3.49365744  2.48453599]
 [-4.01753506 -1.09574369  3.41263255]]
[[ 3.7051209  -1.15740525 -2.55868333]
 [ 1.30017878 -1.70155077 -3.36511817]]
[[-2.68898301  4.46286274 -3.41363185]
 [-1.40639575  2.86326476 -4.36321772]]
[[-2.42656274  1.63313353 -3.60374972]
 [-2.89960277  3.13907267 -2.69900925]]
[[ 3.76442048 -2.47608188 -4.12226328]
 [ 3.04070087 -4.02282213 -3.98294818]]
[[-3.05933055 -2.78496094  1.90528202]
 [-2.49521576 -3.70622001  4.02518992]]
[[-2.0736921   4.17821578 -2.35385453]
 [-2.25350827  1.41227276 -3.49981647]]
[[ 3.69773508 -3.14130912 -3.74384068]
 [ 3.87365619 -2.36397062 -2.70763375]]
[[-4.31759368 -2.88336984  4.41519184]
 [-4.29085566 -3.90166463  2.04308691]]
[[-4.40054306 -2.65446801  1.55453414]
 [-4.0833431  -4.03700914  3.37138217]]
[[ 0.98631545 -4.14983895 -1.94934862]
 [ 4.15770075 -4.17081926 -4.4444214 ]]
[[-4.18140647 -1.83540161  4.40890049]
 [-3.43067529 -3.5764948   4.15697514]]
[[ 3.75989642 -3.05676597 -2.92439731]
 [ 4.40960755 -2.7840657  -3.32295234]]
[[-3.69996624  3.54629499 -2.18501572]
 [-4.43226734  2.65153445 -3.80285737]]
[[-2.73407003  3.22439829 -2.60090098]
 [-3.51557753  2.60941087 -2.75111967]]
[[ 2.00336071 -1.39299969 -3.57327711]
 [ 3.457461   -3.23709555 -1.1811787 ]]
[[-3.40459196 -4.01709072  4.11946525]
 [-3.01131015 -2.74702411  3.85093257]]
[[-3.71593856  2.5955864  -1.83431082]
 [-2.35618543  4.36329973 -4.1896    ]]
[[-2.96857758 -3.17643471  3.7411365 ]
 [-3.46677347 -3.1951269   3.17803329]]
[[-4.25722705  2.9640295  -1.71205718]
 [-2.48192124  2.00934715 -3.22958838]]
[[-2.93289334  4.14659615 -2.88893908]
 [-2.9081258   2.44428818 -2.05336931]]
[[ 3.34614385 -4.33108392 -3.65650599]
 [ 4.23073592 -3.67665494 -4.12078256]]
[[-2.79035051 -0.96080388  3.98872261]
 [-4.47132089 -3.23175917  3.14462014]]
[[-3.91918521  2.57218362 -4.01980058]
 [-2.07878846  4.11409229 -2.67763184]]
[[-4.2643228  -3.46398858  4.16196796]
 [-1.61391692 -3.03680287  4.18293026]]
[[-4.08788578  2.79493585 -3.74571406]
 [-4.3648284   3.83632193 -4.02362638]]
[[-3.07616388 -1.25128765  3.85509648]
 [-4.18591485 -3.21476905  2.88533302]]
[[-1.60682506 -1.87352425  2.68810911]
 [-2.89980995 -3.07885681  3.18137371]]
[[-1.52671194  1.58448063 -2.58722155]
 [-3.01052245  3.5263069  -1.20472917]]
[[-2.86785642 -1.71598145  4.27582879]
 [-3.97699159 -1.88333947  3.14707631]]
[[-2.95894169  3.72849215 -3.80261477]
 [-2.28655759  3.56121619 -4.15212066]]
[[-1.92522382 -3.21320977  2.41971199]
 [-2.55553294 -2.98009418  1.75034312]]
[[ 1.95826092 -3.66275525 -4.35596733]
 [ 2.23254083 -2.37429348 -2.85801604]]
[[-2.67179511  1.65213867 -2.52241554]
 [-2.6054157   3.89364275 -3.72303526]]
[[-2.48939707 -2.52233892  0.91901756]
 [-1.70605824 -1.58317251  2.67797937]]
[[-3.06378633 -3.48509246  3.22221994]
 [-3.0245037  -3.64564843  4.4542679 ]]
[[ 0.69706433 -3.4950726  -4.32265755]
 [ 4.02777532 -4.0332422  -3.52758869]]
[[-4.40553288 -2.42307683  2.1510643 ]
 [-3.55441177 -1.077062    4.21126753]]
[[-3.21250067 -3.45156657  3.72330592]
 [-4.18448208 -2.01590447  3.58633504]]
[[-1.12411783  4.24022409 -3.12487317]
 [-3.58816086  1.23237495 -4.30431584]]
[[-1.06174086  2.96282317 -4.49858581]
 [-1.2720141   3.44790134 -3.0414377 ]]
[[-1.48054377  2.44681374 -4.27956061]
 [-2.59327638  4.071308   -3.84005041]]
[[-4.01442955 -2.89638221  2.1459565 ]
 [-4.03163378 -3.14252933  2.08844403]]
[[-3.43554646 -3.84515821  3.84222494]
 [-3.42148988 -3.91294078  2.93824268]]
[[-2.26119529  2.79722838 -3.40171418]
 [-4.31023833  4.46182099 -4.44241944]]
[[ 3.84105517 -2.50990221 -3.81442533]
 [ 4.2626065  -4.1344059  -3.37584025]]
[[-4.12609161  4.01826857 -3.82070758]
 [-2.74825139  2.80358796 -4.11014642]]
[[-3.50768585 -3.84786159  2.19967124]
 [-1.74739047 -4.33001477  2.93521696]]
[[-3.3936779  -3.95772565  4.44802245]
 [-3.10191757 -3.67789779  3.94442657]]
[[-3.84502859  3.87512843 -3.24773102]
 [-1.68916892  3.79214239 -3.42363711]]
[[ 3.24244716 -3.38575079 -3.97205356]
 [ 3.82583605 -2.97399592 -2.15888803]]
[[ 3.05525806 -3.91726039 -2.15930822]
 [ 1.2650118  -3.74299483 -3.51559188]]
[[ 3.18967232 -2.24335679 -4.35069128]
 [ 3.89218235 -2.00648069 -3.66435055]]
[[-2.83690237  3.70902003 -3.51584622]
 [-1.73088275  1.85105026 -4.05712356]]
[[-4.08377467 -2.22257065  3.34219937]
 [-4.47713566 -2.80757771  2.48146199]]
[[-2.45226309 -1.49497298  3.2085571 ]
 [-3.52534627 -1.43273217  3.8759801 ]]
[[-0.81201976  2.68877879 -2.57539964]
 [-1.06083153  4.15662419 -4.11433959]]
[[-3.04653963  2.18537844 -3.42977798]
 [-2.82729873  3.80267756 -4.20860519]]
[[ 2.22659238 -2.31728791 -3.80637248]
 [ 2.22856774 -1.95083091 -3.75707447]]
[[-1.40082559  3.08083264 -1.94097993]
 [-3.05839675  1.56929336 -3.71615996]]
[[ 4.17141797 -2.36304362 -2.79962884]
 [ 3.27780087 -0.40123235 -3.30812354]]
[[ 1.30412099 -3.66940583 -3.56443864]
 [ 1.1376947  -3.27233498 -2.93993985]]
[[ 1.98325402 -4.18832575 -1.22791451]
 [ 3.86467253 -1.99661605 -1.53940169]]
[[ 2.09746181 -2.61989508 -1.93114411]
 [ 4.47337629 -1.63333703 -2.10117417]]
[[-3.84798287 -2.61442715  1.89990631]
 [-4.0994136  -4.38152229  3.17287272]]
[[ 4.19956372 -1.79942723 -3.56338982]
 [ 2.36601911 -1.81398794 -2.99088028]]
[[-1.47265848  3.40107994 -3.98035871]
 [-2.61869649  1.88628604 -4.41998505]]
[[-3.61549366 -2.65894423  1.49575591]
 [-4.0345926  -2.94038285  2.66174765]]
[[ 2.9465639  -2.8668704  -3.3290593 ]
 [ 4.02664848 -3.29733397 -3.0210583 ]]
[[-3.95888244  3.87880936 -2.84440901]
 [-4.42169691  3.44183856 -3.29451025]]
[[-3.01884696  2.10385814 -2.44660103]
 [-1.159305    2.23293726 -3.39072178]]
[[-3.6354172   4.12334465 -1.14932327]
 [-3.15234186  3.16738578 -2.90177836]]
[[ 2.15952208 -4.06726351 -1.79278813]
 [ 2.22792589 -3.32836285 -2.12564749]]
[[-2.1803729  -2.90343172  4.44695052]
 [-1.06254749 -4.04383386  2.67804892]]
[[-4.17343974 -3.21488605  3.71987033]
 [-1.81057731 -3.75967653  3.67374892]]
[[-3.14397051 -4.01884449  3.01477888]
 [-3.02016928 -4.00203535  3.82108389]]
[[-4.41757445 -2.99440709  2.32521866]
 [-3.11000291 -3.76533877  0.56324614]]
[[-2.99866118  2.87483997 -2.98975519]
 [-3.51583561  2.78542417 -1.91250441]]
[[ 3.09340836 -1.99262642 -2.64178508]
 [ 2.79150965 -2.71698393 -3.48449308]]
[[ 3.85604193 -3.3224295  -2.10848775]
 [ 1.31574031 -3.97408309 -3.70162962]]
[[-3.14461372 -3.0552453   4.44046395]
 [-2.4694477  -3.68191096  3.57044805]]
[[-3.10198148 -4.23141965  1.33025403]
 [-2.04774771 -3.45726735  3.52974514]]
[[-3.01908036  3.87409928 -3.45675484]
 [-4.13995027  1.55495346 -4.43036782]]
[[ 3.28280748 -2.71421556 -3.40030811]
 [ 4.11358274 -4.30787846 -2.9211338 ]]
[[-2.56451751  2.87724268 -1.26393015]
 [-1.78258083  4.15246112 -3.59258954]]
[[-3.43690987  3.44000821 -1.95891099]
 [-2.04917175  3.63068237 -3.66642252]]
[[-3.5288222  -4.01316076  4.29560096]
 [-3.13666887 -4.34772999  3.19908747]]
[[-4.25252195 -3.63830502  4.16249123]
 [-3.42506525 -1.83986273  2.2990634 ]]
[[-3.14023563  4.02108093 -3.2846531 ]
 [-2.71541408  1.84698631 -3.99962813]]
[[-4.07586145  2.31655832 -3.84450885]
 [-1.52261778  2.28597065 -3.14374045]]
[[-3.09126944  1.63980543 -4.30247351]
 [-1.99033951  3.29060817 -4.43643353]]
[[ 4.33284036 -4.48477072 -0.51261442]
 [ 2.24486242 -2.85039752 -1.0887766 ]]
[[-3.40776016 -1.34482722  1.82798724]
 [-2.9020638  -1.60030958  2.39700316]]
[[ 2.37174152 -3.63273789 -1.92189464]
 [ 3.94276658 -2.14198919 -3.29128079]]
[[ 3.52474523 -1.60252859 -3.9242352 ]
 [ 3.3785965  -3.84450267 -2.36475508]]
[[ 3.59672437 -2.70719823 -4.43042212]
 [ 1.40526223 -4.29421523 -2.87968068]]
[[ 4.43040209 -2.8408973  -1.77055319]
 [ 0.88062235 -4.03737331 -3.86863048]]
[[-2.54958685 -2.4592131   4.26025112]
 [-2.41925519 -2.96270182  3.98277771]]
[[-2.61275528 -1.51785999  4.27508536]
 [-1.98307841 -3.9989048   2.23088842]]
[[-3.29427461  2.44292379 -3.90709321]
 [-3.89798736  4.20062768 -3.27324531]]
[[-2.50974712 -4.26983291  3.89527575]
 [-2.84600205 -3.73089324  1.36815551]]
[[-4.06866618  3.08482849 -3.95480384]
 [-2.8740107   4.4180781  -3.61151928]]
[[ 1.15904445 -2.28912102 -3.27296964]
 [ 1.61598998 -1.0647798  -3.70295784]]
[[-2.69813753 -3.97373844  2.66209277]
 [-2.31451233 -3.35196712  2.47315009]]
[[-4.14889996 -2.60759901  2.69346326]
 [-4.11368095 -3.5562788   3.1895246 ]]
[[-2.29211935  1.78790596 -3.20671943]
 [-3.52133223  3.45207419 -2.05982035]]
[[-2.71128893  3.8963133  -4.1727465 ]
 [-3.84039467  3.0384627  -1.74248685]]
[[-2.86896709  3.73534353 -2.14937259]
 [-3.65421859  0.85994997 -2.78705818]]
[[-3.15837936 -2.14452394  3.52009763]
 [-4.13921885 -4.31272892  1.63955895]]
[[ 3.91097513 -3.24720908 -0.85004832]
 [ 2.42057179 -3.05336309 -3.40297064]]
[[-4.05264704 -2.70768458  3.50640282]
 [-4.22180825 -1.56387849  3.83747475]]
[[ 3.4679669  -3.14688985 -4.27348071]
 [ 1.07730853 -4.06396185 -4.36403868]]
[[ 2.43113146 -4.38447955 -4.46660515]
 [ 3.05726303 -3.88614184 -2.94139402]]
[[-4.29997709  2.31068606 -4.07276865]
 [-4.28986215  4.49021199 -1.54184722]]
[[-3.88377685  3.10540355 -2.29739016]
 [-3.86964429  2.63171312 -2.6857188 ]]
[[ 4.39517511 -2.74970622 -2.82661271]
 [ 3.78996687 -3.22223474 -1.84570256]]
[[-3.05103278 -2.90659836  1.92059134]
 [-3.57853105 -2.06570983  4.28413719]]
[[-2.54855237  2.64508695 -4.34215345]
 [-1.69474552  1.91697805 -3.73947755]]
[[-1.55586996  3.434647   -1.24415818]
 [-4.28112985  1.31008522 -1.5239041 ]]
[[-2.5523699  -3.55559844  3.29072701]
 [-3.58651752 -2.88913154  2.46461173]]
[[-2.77106129  2.28193111 -3.01307747]
 [-3.03384976  3.68088115 -3.74095747]]
[[ 4.03121855 -4.28645759 -3.65263347]
 [ 3.50349084 -3.35927464 -1.51840466]]
[[ 3.1952641  -1.67367339 -2.30073276]
 [ 4.05562041 -1.3947568  -3.74684138]]
[[ 2.81402937 -2.57346621 -4.00305773]
 [ 2.05746814 -1.62012795 -3.61156906]]
[[ 2.21625113 -1.35299404 -3.34535649]
 [ 3.93903485 -2.77694875 -3.25200591]]
[[-2.29084191  4.28311928 -3.18815776]
 [-3.75457095  2.84906374 -3.13318837]]
[[-2.96889646  3.20878959 -4.21743332]
 [-3.31315417  3.42206372 -3.01442881]]
[[-2.71649214 -4.37488177  4.34344613]
 [-4.17387064 -1.62366224  1.05923537]]
[[ 2.8683511  -2.25005873 -2.83190694]
 [ 1.9429102  -2.46584795 -3.63167851]]
[[-4.27396632  3.15488162 -4.48301456]
 [-4.17043594  4.1974813  -3.07926979]]
[[-3.63734683  4.07411941 -3.29993693]
 [-4.23859596  4.43346391 -3.11637147]]
[[ 2.33401646 -3.76446672 -2.96499337]
 [ 2.49258478 -2.29224908 -3.89575527]]
[[-3.50913535 -4.27519347  0.6834037 ]
 [-2.41112681 -2.98453483  4.28025914]]
[[-1.99255578  3.94993666 -1.46845908]
 [-3.63705363  3.99413408 -3.62941319]]
[[-2.05076668 -2.10769269  3.94425593]
 [-4.41002781 -3.08097975  1.85824479]]
[[-2.91750353 -3.62925122  2.78541886]
 [-4.13372283 -2.05691275  2.00413803]]
[[-3.62854222 -3.32645646  1.28964208]
 [-2.95860784 -4.40451447  3.21701464]]
[[-1.34956961  4.10203956 -3.37822641]
 [-4.32485664  0.84839867 -3.90647989]]
[[-3.38656031  1.71382855 -3.71548781]
 [-1.28551634  2.87542748 -3.67217254]]
[[ 3.30256962 -2.68668956 -3.61648553]
 [ 3.21973929 -2.50636992 -2.18827172]]
[[-1.98236471 -2.70603621  2.52849558]
 [-4.27136294 -1.51078601  3.32613649]]
[[ 2.24776918 -4.4012671  -2.9057587 ]
 [ 3.86238543 -1.66761025 -3.49721102]]
[[-3.69207308 -3.28800441  4.08682554]
 [-2.87851366 -4.28825148  1.45791633]]
[[-3.99785962  1.36072383 -2.19920892]
 [-2.42648792  2.01425602 -4.27059347]]
[[ 4.16158843 -3.81265235 -1.68927625]
 [ 1.42862168 -4.16544419 -3.02750216]]
[[ 3.65517956 -1.67109162 -3.32257255]
 [ 3.79855755 -2.67523296 -3.42254984]]
[[ 2.69042131 -4.15370049 -2.92686437]
 [ 2.71601563 -1.41354711 -2.58139663]]
[[-2.52501447 -3.25525929  1.7575506 ]
 [-3.15874186 -3.60212918  3.54222816]]
[[-1.33979389  1.56186124 -2.77604898]
 [-4.37332149  3.89754777 -1.30657741]]
[[-1.72043466  3.81588238 -3.36964063]
 [-4.01062869  4.19868284 -1.89569936]]
[[-2.43856069 -2.93063494  3.27395117]
 [-3.28532866 -3.84930548  4.20455726]]
[[ 2.93937002 -3.01288154 -4.06220236]
 [ 1.05502878 -3.17364257 -2.93439793]]
[[-2.0226089   3.9927529  -4.30698107]
 [-4.37452828  3.186447   -2.37145357]]
[[-4.42945266 -3.89199265  2.32160886]
 [-4.41929255 -1.79450295  2.62197614]]
[[ 2.77939011 -2.2859234  -1.3264962 ]
 [ 2.78360755 -4.21552569 -2.74275664]]
[[-2.79111764 -3.8552744   4.0371863 ]
 [-3.25382698 -3.47192992  4.25538053]]
[[-2.50898843 -2.90274203  1.36902585]
 [-3.70647034 -1.51710679  3.09422343]]
[[-4.02393948 -1.94825391  2.7234759 ]
 [-1.09176085 -3.76436638  3.26387138]]
[[ 4.41880223 -4.45595911 -2.97669032]
 [ 3.88347727 -4.14468487 -4.40036591]]
[[ 3.14484418 -3.55530646 -1.83755754]
 [ 2.61180175 -1.58797978 -3.91008541]]
[[-2.87145711 -2.50059297  3.84079696]
 [-2.91419984 -3.79853205  1.83248708]]
[[-4.0919169   1.18560762 -4.05085008]
 [-2.18660603  2.02809421 -2.50535887]]
[[-1.77147145 -3.91987798  3.59070828]
 [-2.30639441 -3.50812685  3.5243008 ]]
[[-1.94310504  3.45278632 -3.65601854]
 [-4.18941526  3.58621066 -2.56511022]]
[[-3.25180787 -4.0794232   2.95565521]
 [-3.91397696 -2.4885199   1.82442906]]
[[-4.27859308 -3.89036431  3.67274508]
 [-2.31154891 -4.23067667  4.15244374]]
[[-3.35618007 -1.84636953  1.81177048]
 [-4.4848801  -2.74368578  3.61417215]]
[[-2.24285393  2.28825917 -3.69440639]
 [-1.8241517   2.07340763 -2.36387944]]
[[-2.15954896  1.73235172 -1.47704353]
 [-1.93124491  3.30741504 -1.20243065]]
[[-1.93005651  2.14022184 -1.69682622]
 [-2.43457535  3.02563449 -4.2918251 ]]
[[-2.60172996  1.53105573 -3.90076683]
 [-3.16726679  0.99164585 -2.76251454]]
[[ 0.87208401 -2.55997716 -2.87571118]
 [ 4.02197636 -0.45459937 -3.12935137]]
[[-3.47656651 -3.97521402  3.32281646]
 [-3.98413353 -1.46911684  3.93928142]]
[[ 3.53378649 -4.30801578 -2.88653205]
 [ 4.31150878 -4.43640157 -3.3814105 ]]
[[ 4.4856734  -2.80065952 -2.14596291]
 [ 3.0467959  -2.7215664  -3.48940239]]
[[-3.46512646 -4.29032577  0.90344526]
 [-1.44045499 -3.03843176  2.73056751]]
[[ 2.81129675 -4.3983237  -3.61805121]
 [ 4.43424329 -3.36095479 -2.83897879]]
[[ 4.17247466 -1.92865191 -1.76399296]
 [ 2.66240311 -2.19195348 -3.4696179 ]]
[[ 3.41066448 -4.08390695 -3.70645411]
 [ 2.73646804 -3.33904195 -4.26207501]]
[[-3.9355825   4.37009463 -3.19150864]
 [-2.5284245   3.19623266 -3.71914327]]
[[-4.32100697 -1.5051976   4.35646614]
 [-3.47503687 -2.15643784  3.80035245]]
[[-2.57239878  2.94401567 -4.13959577]
 [-1.77634547  3.29037399 -4.05523092]]
[[-2.10815606 -1.05832427  4.16198053]
 [-1.81206348 -1.74415007  3.75283897]]
[[-3.23284785  2.41472762 -1.89622653]
 [-3.25221454  2.32719794 -3.32614182]]
[[-1.17209866 -2.15731246  3.78360356]
 [-3.12399725 -0.92635675  4.36334621]]
[[ 2.69183267 -2.41579299 -2.76163848]
 [ 3.55406335 -2.05885657 -2.00549499]]
[[-4.07578492  3.04731297 -2.35424096]
 [-2.10047272  4.11969401 -3.48375237]]
[[-0.58679466 -2.93106548  3.60265505]
 [-3.8365834  -2.68581301  0.48785134]]
[[-3.64013022 -3.09906695  2.56788973]
 [-1.74065782 -3.90273995  1.88154203]]
[[ 4.143398   -2.44807544 -2.10084295]
 [ 1.82738539 -4.38513271 -3.37457037]]
[[ 3.84056036 -4.09539995 -4.1887566 ]
 [ 2.79405247 -3.56135789 -3.34089582]]
[[-2.49309063  3.81716395 -3.36227999]
 [-2.23005929  2.02303585 -3.34083552]]
[[-4.00714528 -3.96301806  1.43309504]
 [-3.55045179 -3.40021242  2.03057059]]
[[-3.56214011  3.82983543 -3.14625384]
 [-3.98172216  1.40602716 -2.77314509]]
[[ 3.27371587 -1.7069863  -2.35296096]
 [ 2.88245843 -1.29299783 -3.34034833]]
[[-2.65225331 -2.13451267  4.04974128]
 [-3.0354538  -1.65678063  3.25045711]]
[[ 2.54029858 -2.97092107 -1.73069598]
 [ 2.82088613 -3.12911728 -3.44022281]]
[[-3.89984464 -4.23767014  3.77789442]
 [-2.04064517 -3.54766167  2.14594037]]
[[-2.24381477  3.80708403 -1.64976492]
 [-3.66458426  1.87174105 -2.14244439]]
[[ 3.49190218 -2.20783019 -3.54921765]
 [ 4.30815897 -3.14351405 -2.79596741]]
[[ 3.16119759 -2.7455094  -4.31368987]
 [ 3.08851441 -2.42110532 -4.43685188]]
[[-3.88117988 -3.56071228  1.99559521]
 [-3.55473241 -2.90755594  2.67149989]]
[[-2.97921738 -4.47679597  2.02557564]
 [-3.0992359  -2.73904806  3.07632259]]
[[-3.2991942  -4.1092825   4.24894973]
 [-1.87758718 -3.73890081  1.43506208]]
[[-4.15521752  3.83055936 -1.83470063]
 [-2.50413704  4.26535317 -4.12240737]]
[[-3.03757079  4.36621685 -2.48654791]
 [-3.10330377  2.8692053  -2.91996382]]
[[-3.04472201  3.42997894 -1.08249732]
 [-3.50640718  4.30860257 -2.52811712]]
[[ 3.99748088 -4.23391682 -2.93155068]
 [ 2.87539746 -3.5873269  -3.2421744 ]]
[[-1.32962595  3.84607773 -2.98314488]
 [-4.10432575  3.93324557 -3.8948699 ]]
[[-2.72839396 -1.5150435   2.51640084]
 [-3.15829918 -2.88957223  3.38022322]]
[[ 2.19184898 -1.18685708 -3.91457099]
 [ 0.77696859 -4.49212284 -3.23669027]]
[[-3.69880615 -4.14539049  1.53004399]
 [-2.8459811  -2.89148978  3.65709953]]
[[ 4.35389405 -3.23137855 -4.02020027]
 [ 2.37462858 -2.96484071 -1.89160087]]
[[-4.421513   -4.06865707  2.13374377]
 [-2.0782894  -2.284013    4.26532895]]
[[-2.4589696   4.4529768  -4.3327658 ]
 [-3.80004129  2.25811954 -3.49981519]]
[[ 3.24075197 -3.69310793 -3.37268872]
 [ 2.01858453 -3.26314861 -3.17547612]]
[[ 3.48466743 -1.55947078 -2.55541973]
 [ 4.48797544 -3.06026117 -3.98303392]]
[[ 4.45507112 -1.63860613 -3.236237  ]
 [ 3.71888324 -3.00823756 -0.77125943]]
[[-1.72516005 -3.0796597   3.73571786]
 [-4.26472983 -3.00383336  3.96180102]]
[[-2.60750254  3.41346784 -2.337942  ]
 [-2.37856106  1.45642261 -1.53460639]]
[[-4.18961663 -2.30066627  2.88842678]
 [-2.50394396 -3.66505631  3.68591574]]
[[ 2.36930839 -2.97287485 -4.31732337]
 [ 2.84329496 -2.4415842  -2.92363566]]
[[-2.99483546  2.37151146 -3.95695245]
 [-3.96872638  3.87163986 -2.44514436]]
[[-3.24804667 -2.29158884  4.14156854]
 [-4.43880498 -4.15991282  1.62534596]]
[[-1.30657146 -3.68628873  2.70031315]
 [-2.76867139 -4.47481002  3.56380321]]
[[-3.65930808  3.52870378 -1.81034685]
 [-1.30771862  3.45686832 -3.47676012]]
[[-2.95994584 -1.9298255   3.70878719]
 [-3.54346504 -3.93172833  2.92445808]]
[[-3.02928962 -4.12804476  1.69016219]
 [-1.65623251 -4.43689546  1.69188836]]
[[-1.63866785 -3.20957725  3.94914234]
 [-3.47647429 -1.00752835  2.90398853]]
[[ 4.2619457  -2.55405142 -2.05617758]
 [ 2.80026746 -4.42426632 -2.35898383]]
[[ 4.17065545 -2.6799025  -1.50640941]
 [ 3.09800678 -3.74409644 -1.56230437]]
[[ 2.30691537 -3.92590753 -1.82947856]
 [ 3.4868939  -1.18203864 -4.4407139 ]]
[[ 3.36538599 -1.85964181 -4.3276546 ]
 [ 4.0761748  -2.17897374 -3.31381258]]
[[ 2.90472934 -3.21029978 -3.32697512]
 [ 3.42777749 -1.71659297 -2.45565034]]
[[-2.43326276  3.93372325 -4.36201707]
 [-1.73058102  3.28974572 -3.14588713]]
[[-4.07872418 -4.0745676   1.98720854]
 [-3.8671776  -4.16040795  4.11829391]]
[[-1.66590998 -4.06995465  2.81801716]
 [-3.17802908 -2.92313488  3.01690487]]
[[-1.45694791  3.55267675 -3.75060988]
 [-4.14552765  4.3578523  -2.75110487]]
[[ 3.5092775  -1.97705133 -2.88350646]
 [ 1.87520214 -4.27489993 -4.32733256]]
[[-1.38345643  3.46052877 -2.66291211]
 [-3.65552016  3.16480325 -2.98612588]]
