[[-0.6417689   0.23736177  0.40258103]]
[[-0.14690761  0.06802242  0.07882462]]
[[-0.27650338  0.15977939  0.11516906]]
[[ 0.00985941 -0.01906883  0.00752095]]
[[ 1.04111778 -0.7431844  -0.29794854]]
[[ 0.34617909  0.01830864 -0.36686564]]
[[ 0.00073627  0.00799798 -0.01053092]]
[[ 0.00239288 -0.01244956  0.00838702]]
[[-0.00174454 -0.02259407  0.02153682]]
[[ 0.08461322  0.15682524 -0.24193438]]
[[-0.01171488  0.0058974   0.00395354]]
[[-0.92825797  0.15017961  0.77743992]]
[[ 0.35230802 -0.34152501 -0.01262784]]
[[-0.02233261  0.01107619  0.01014983]]
[[ 0.00702862 -0.00408499 -0.00551991]]
[[-0.01097986  0.0345579  -0.02513619]]
[[ 0.52377341 -0.06644347 -0.45889468]]
[[ 0.21519008  0.34306153 -0.55790292]]
[[-0.05598576  0.65066089 -0.5950795 ]]
[[-0.28656721  0.01495432  0.27148184]]
[[ 0.04802724  0.01624201 -0.06606618]]
[[-0.21424997  0.31026551 -0.09710627]]
[[ 0.02015968  0.42600517 -0.44792353]]
[[ 0.03802021 -0.00508158 -0.03488603]]
[[ 0.87528583 -0.36687947 -0.50827707]]
[[ 0.01096919 -0.03292698  0.02037728]]
[[-0.11963362  0.09898034  0.0189054 ]]
[[ 0.3177114  -0.24054623 -0.07798923]]
[[-0.74731107  0.39571163  0.35069488]]
[[-0.01338067  0.02699366 -0.01530415]]
[[ 0.43681085 -0.10366263 -0.3350659 ]]
[[-0.006129   -0.02360942  0.02753733]]
[[-0.66274333  0.59164175  0.06985379]]
[[-0.95109764  0.48547907  0.46568492]]
[[ 0.12462213 -0.02356163 -0.10282343]]
[[-0.02310031 -0.00258713  0.02419124]]
[[-0.30580877 -0.13015304  0.43536271]]
[[-0.38729448  0.72666022 -0.33937742]]
[[-0.0263309   0.17347085 -0.14833335]]
[[-0.03745952 -0.17920563  0.21552928]]
[[-0.23639712  0.11637666  0.11884714]]
[[-0.44011155  0.38787135  0.05235079]]
[[-0.30784173  0.38578881 -0.07991967]]
[[ 0.13671862 -0.01618238 -0.12219249]]
[[ 0.01093282  0.00775406 -0.02046113]]
[[ 0.02029249 -0.07085886  0.04867071]]
[[-0.75698398  0.1643491   0.59188568]]
[[-0.02451232 -0.19502222  0.21944686]]
[[ 0.23054464  0.03971845 -0.27045712]]
[[ 0.27460925 -0.39507954  0.11888923]]
[[-0.31522704  0.25511022  0.05911079]]
[[-0.01306694  0.00900896  0.00232927]]
[[-0.74191437  0.10389299  0.63804602]]
[[ 0.36919951 -0.49261704  0.12159432]]
[[-0.07927766  0.04382377  0.03432529]]
[[ 0.6115963   0.06629241 -0.67803089]]
[[ 0.0150238   0.01821441 -0.03505765]]
[[ 0.10443993  0.30667554 -0.41179927]]
[[-0.35735319 -0.24782873  0.60357118]]
[[ 0.04447576  0.01167115 -0.05832652]]
[[ 0.32591746 -0.34830651  0.02039667]]
[[ 0.55054395 -0.14582618 -0.40629074]]
[[ 0.01709154 -0.0232971   0.00433886]]
[[-0.02695034  0.01698854  0.00801467]]
[[-0.00995351 -0.18290999  0.19083882]]
[[ 0.16043941  0.03822256 -0.19980504]]
[[-0.00766575  0.03372306 -0.02733836]]
[[-0.73102528  0.45575741  0.27285552]]
[[ 0.42133211 -0.51959769  0.09791105]]
[[-0.22401379 -0.25697327  0.47920904]]
[[-0.0073573  -0.00297347  0.00805224]]
[[ 6.84089144e-03 -8.81332416e-05 -8.39955924e-03]]
[[ 0.42448538  0.00325635 -0.42964993]]
[[-0.42336434  0.18200562  0.23929008]]
[[ 0.00583316  0.0022712  -0.00978453]]
[[-0.02865959  0.0185374   0.00796431]]
[[ 0.0809829  -0.01487697 -0.06806987]]
[[-0.01801599  0.02433622 -0.00838038]]
[[ 0.02126679 -0.02078884 -0.00224123]]
[[ 0.5887332   0.4389569  -1.02794268]]
[[ 0.02898509 -0.02707626 -0.00337153]]
[[-0.24946191  0.26003592 -0.01282405]]
[[ 0.57862313  0.2465086  -0.82542348]]
[[-0.10036161  0.23876235 -0.14062508]]
[[ 0.01475195 -0.01406964 -0.00284946]]
[[-0.15166857 -0.16114196  0.31080945]]
[[-0.21957331 -0.10449457  0.32176714]]
[[ 0.01138927 -0.00653582 -0.00689878]]
[[ 0.61937744 -0.24423625 -0.37664908]]
[[-0.02216026 -0.01346575  0.034463  ]]
[[-0.00751676  0.0131537  -0.00742718]]
[[ 0.15443287 -0.36042425  0.20603073]]
[[-0.01976428  0.01273764  0.00483063]]
[[ 0.15580076  0.03773417 -0.19525493]]
[[-0.0494926  -0.83183002  0.87928142]]
[[ 0.20462429 -0.16698034 -0.03858693]]
[[ 0.00716808 -0.01706958  0.00828339]]
[[ 0.70678883 -0.0849189  -0.62263266]]
[[-0.03519222  0.0451725  -0.01169115]]
[[-0.27282382 -0.73296063  1.00594677]]
[[ 0.08038388  0.63230769 -0.7125934 ]]
[[-0.27536032  0.36108175 -0.08721486]]
[[-0.19143635  0.11342386  0.0762823 ]]
[[ 0.17703154  0.43010491 -0.6077224 ]]
[[-0.59590121  0.56078434  0.03508337]]
[[ 0.02237258 -0.02422827  0.00068576]]
[[ 0.01134067 -0.00093914 -0.01294792]]
[[ 0.00088001 -0.03534454  0.03249957]]
[[ 0.42094784 -0.51018764  0.08932129]]
[[-0.14634328  0.93110397 -0.78506449]]
[[ 0.33744607  0.0268764  -0.36651039]]
[[-0.01275808  0.01525036 -0.00432485]]
[[-0.09721505  0.18483625 -0.08817753]]
[[ 0.1258621  -0.01086467 -0.11671292]]
[[ 0.00595851 -0.01472398  0.0071364 ]]
[[ 0.00404654 -0.01204195  0.0061116 ]]
[[-0.45748243  0.4309251   0.02653975]]
[[-0.05816284  0.03656384  0.01958867]]
[[-0.0459712   0.0381564   0.00667174]]
[[-0.03150015  0.01468764  0.01487718]]
[[ 0.18458975 -0.10073971 -0.08506272]]
[[ 0.19130262  0.23473996 -0.42575988]]
[[ 0.38298487 -0.0603859  -0.32427483]]
[[ 0.11044988  0.03723996 -0.14969748]]
[[ 0.10947507  0.13279838 -0.2435547 ]]
[[-0.00336603  0.00976189 -0.00790966]]
[[-0.01614409 -0.12692546  0.14141989]]
[[-0.01291264  0.00665912  0.00444414]]
[[-0.01251438  0.03450445 -0.02348556]]
[[ 0.67614625 -0.0177296  -0.660461  ]]
[[ 0.12000419 -0.78079075  0.66083299]]
[[ 0.00037293 -0.00925349  0.00714579]]
[[ 0.44210454 -0.46252326  0.0189301 ]]
[[-0.0307355   0.10221613 -0.07317725]]
[[ 0.45139927  0.19684265 -0.64982911]]
[[-0.29786259  0.83150552 -0.53370314]]
[[-0.25280392 -0.09922033  0.35094212]]
[[-0.1017655  -0.39566004  0.49643485]]
[[ 0.13417772 -0.16373866  0.02742623]]
[[-0.00584302  0.03070982 -0.02716576]]
[[-0.0194453   0.22732533 -0.20894066]]
[[-0.54276755  0.38111704  0.16155616]]
[[-0.01023701  0.02137272 -0.01283986]]
[[-0.00515343  0.02184707 -0.01876078]]
[[ 0.03722277  0.02136737 -0.05992667]]
[[ 0.00428935  0.00819638 -0.01437954]]
[[ 0.1816433  -0.76773622  0.58434351]]
[[ 0.02403888 -0.02895962  0.00304722]]
[[-0.11330216  0.13508471 -0.02344251]]
[[-0.06928646 -0.1197633   0.18887107]]
[[ 0.71220486  0.30923018 -1.02174162]]
[[ 0.16783241  0.18489999 -0.35534413]]
[[-0.15804011  0.14811634  0.00792814]]
[[ 0.01631056 -0.02283473  0.00511675]]
[[ 0.05427775 -0.27810518  0.22265956]]
[[-1.12487605e-02  5.49348950e-05  9.50282746e-03]]
[[ 0.07658957  0.21692316 -0.29485903]]
[[ 0.00680111 -0.02420683  0.01545618]]
[[ 0.17127349  0.45982135 -0.63280521]]
[[-0.43068297  0.40089457  0.02783408]]
[[-0.0070558   0.05222676 -0.04723658]]
[[-0.00713244  0.02510933 -0.0197169 ]]
[[ 5.43549528e-02 -5.59238074e-02  9.08410138e-05]]
[[ 0.56649592 -0.10867485 -0.45900332]]
[[-0.72198413  0.50488777  0.2151876 ]]
[[-0.42968203 -0.56612839  0.99578103]]
[[-0.09581844 -0.28967151  0.38547873]]
[[ 0.00636679  0.04193202 -0.05034403]]
[[ 0.00176851 -0.19777419  0.19394983]]
[[ 0.01227581 -0.01584322  0.00129846]]
[[ 0.35940683 -1.10936666  0.74936267]]
[[-0.00632862 -0.01133063  0.01557358]]
[[ 0.02921914 -0.00736201 -0.02402185]]
[[-0.01819106  0.549406   -0.53287238]]
[[-0.13617777  0.03220645  0.10396118]]
[[-0.10737129  0.00244267  0.10335989]]
[[-0.04353085  0.24406053 -0.20281305]]
[[ 0.08455261 -0.11924928  0.03257496]]
[[-0.10629643  0.02562741  0.07827394]]
[[-0.01287544  0.00506971  0.00620872]]
[[-0.308391   -0.24030281  0.54680297]]
[[-0.32311657  0.04302258  0.27882228]]
[[-0.00737964 -0.0016622   0.00736191]]
[[-0.27465347  0.36484344 -0.0918427 ]]
[[ 0.02086785 -0.03169645  0.00948204]]
[[-0.00398396 -0.06177898  0.06413502]]
[[-0.34533607 -0.2339361   0.57735769]]
[[ 0.34022205 -0.33454464 -0.00764997]]
[[ 0.19319915  0.00963453 -0.2047799 ]]
[[ 0.12178628 -0.11463081 -0.00902141]]
[[-0.24940586  0.54320686 -0.29520944]]
[[-0.72161259  0.60444248  0.11614626]]
[[-0.22273796 -0.34994584  0.57262278]]
[[ 0.08535294  0.0454146  -0.1322924 ]]
[[-0.40263911  0.17966283  0.22158262]]
[[ 0.07540151  0.78114709 -0.85741693]]
[[ 0.12382029 -0.2598826   0.13449452]]
[[-0.07892932  0.05511372  0.02266933]]
[[ 0.2083199   0.00054972 -0.21074633]]
[[-0.11894595 -0.2350505   0.35219102]]
[[-0.01244178  0.00114629  0.0092177 ]]
[[ 0.00437174 -0.013807    0.00746768]]
[[ 0.45717001 -0.63834271  0.18104373]]
[[-0.01270455 -0.00437725  0.01517689]]
[[-0.0168414  0.1596217 -0.1439499]]
[[-0.53589046  0.12657053  0.40955049]]
[[-0.41262815  0.36579916  0.04457442]]
[[ 0.01775361 -0.51933716  0.49955925]]
[[-0.00049636 -0.00752903  0.00636778]]
[[-0.43942735 -0.27567056  0.71526596]]
[[-0.07159546  0.21594744 -0.14526948]]
[[ 0.02151017 -0.00064868 -0.02347334]]
[[ 0.0205106  -0.01052133 -0.01157189]]
[[-0.00831632 -0.20004248  0.20757322]]
[[ 0.32941955 -0.57624362  0.24679589]]
[[ 0.56689123  0.05869399 -0.62573466]]
[[ 0.0061174   0.00104695 -0.00872689]]
[[ 0.16126234  0.04923202 -0.21280947]]
[[ 0.37785424 -0.21097337 -0.16899319]]
[[ 0.07560446  0.20989039 -0.28579311]]
[[-0.64421908  0.60300382  0.03990868]]
[[ 0.00097477 -0.00713965  0.00479247]]
[[ 0.02735951 -0.48192112  0.45205912]]
[[-0.15108799  0.00291726  0.14672073]]
[[ 0.21078551 -0.23981392  0.02753891]]
[[ 0.04363396 -0.01607357 -0.02958023]]
[[-0.00668102  0.00824958 -0.00333942]]
[[ 0.00857589  0.00297374 -0.01351147]]
[[ 0.61761948 -0.43323559 -0.18633873]]
[[ 0.03920922  0.12555512 -0.16640823]]
[[-0.30865809 -0.21674059  0.52567469]]
[[-0.41746163  1.07719557 -0.66006652]]
[[ 0.54342774  0.21940964 -0.76423058]]
[[-0.02987166 -0.08124735  0.10893634]]
[[-0.00118017  0.00789538 -0.0084434 ]]
[[ 2.44898307e-01 -2.46349716e-01 -3.25240715e-05]]
[[ 0.28106738 -0.02718892 -0.25588111]]
[[-0.0073574   0.0063705  -0.00058385]]
[[-0.11207733 -0.4419078   0.55343761]]
[[ 0.21571833  0.20361393 -0.4208925 ]]
[[-0.20413836  0.64094401 -0.43754997]]
[[-0.21404717  0.47201297 -0.25970015]]
[[ 0.15755544  0.25463473 -0.41189956]]
[[ 0.37809985  0.15548302 -0.53470176]]
[[ 0.27065544  0.03997834 -0.31167608]]
[[ 0.11451806 -0.79466193  0.67917321]]
[[ 0.38612465  0.21699143 -0.60448521]]
[[-0.01456793 -0.09100936  0.10388269]]
[[-0.24636133  0.48748066 -0.2416144 ]]
[[-0.24687315 -0.70577258  0.9524077 ]]
[[ 0.07443405 -0.46316906  0.38661809]]
[[-0.00662947  0.01685197 -0.01199274]]
[[-0.52174415  0.27309861  0.24856751]]
[[ 0.01995646  0.00207899 -0.02404526]]
[[ 0.69835906 -0.44394326 -0.25581597]]
[[-0.16111453 -0.11072999  0.27080435]]
[[-0.08526093 -0.48384905  0.56765364]]
[[-0.04959912  0.04447018  0.00379656]]
[[ 0.23814908 -0.01691086 -0.2234725 ]]
[[-0.08519903 -0.18735357  0.27207902]]
[[-0.35982732  0.47294758 -0.11501144]]
[[ 0.73285339 -0.3344675  -0.39805451]]
[[-0.41409205 -0.08548303  0.49871094]]
[[ 0.46593314 -0.36019647 -0.10598907]]
[[-0.17902091 -0.07448715  0.2524583 ]]
[[-0.00690884  0.11698336 -0.11212263]]
[[ 0.76600214 -0.88141823  0.11528097]]
[[-0.26094195  0.52704185 -0.26633526]]
[[-0.05877557 -0.64429227  0.70295437]]
[[ 0.00647157  0.03043206 -0.03795012]]
[[-0.00729935 -0.00138892  0.00714554]]
[[-0.14601676  0.35690281 -0.21224448]]
[[ 0.01188942 -0.16013958  0.14643873]]
[[ 0.07285756 -0.16010425  0.08733392]]
[[ 0.5141739  -0.74491727  0.23060947]]
[[-0.00209748  0.01835508 -0.01847097]]
[[ 0.00370908 -0.0127533   0.00790396]]
[[-0.01919989  0.01033312  0.00694659]]
[[ 0.11452618  0.04606686 -0.16265146]]
[[ 0.07313267  0.19627061 -0.27157528]]
[[ 0.1670015  -0.76701986  0.59927421]]
[[-0.18333306 -0.41527996  0.59806845]]
[[ 0.1060324  -0.54851888  0.442458  ]]
[[ 0.00599741  0.01099939 -0.01875205]]
[[ 0.03572299  0.55946881 -0.59529744]]
[[ 0.46303851 -0.35134767 -0.11225021]]
[[-0.4389868  -0.56045026  0.99749813]]
[[ 0.43250958 -1.08899225  0.65644287]]
[[-0.0755089  -0.19163359  0.26719895]]
[[-0.00578495 -0.00699227  0.01081266]]
[[ 0.88997709 -0.10264155 -0.7882172 ]]
[[ 0.00771372 -0.01334566  0.00373716]]
[[ 0.37452793 -0.0753598  -0.30130684]]
[[-0.02522536  0.08391267 -0.06015604]]
[[ 0.11286641  0.37644278 -0.49178281]]
[[ 0.2558698   0.09552686 -0.35312108]]
[[ 0.0098256  -0.01203711  0.0004291 ]]
[[ 0.17529575 -0.6855622   0.50913441]]
[[-0.52502432  0.62414221 -0.10122517]]
[[ 0.12622105 -0.29329817  0.16544497]]
[[ 0.62488699 -0.04659924 -0.58049842]]
[[ 0.01627502 -0.02105921  0.00282105]]
[[ 0.44346971 -0.25281958 -0.19191864]]
[[-0.01517849  0.00539142  0.00800578]]
[[-0.01184448  0.06656091 -0.05687443]]
[[-0.01459538 -0.18118284  0.19388529]]
[[ 0.00799811 -0.01966143  0.01008676]]
[[ 0.12295705 -0.16706242  0.04272495]]
[[ 0.04797877 -0.10569868  0.05766087]]
[[ 0.12986804 -0.05450189 -0.07685576]]
[[-0.8881939   0.38268921  0.50549876]]
[[-0.44016651  0.05563995  0.3825812 ]]
[[ 0.15283899  0.51449411 -0.66723266]]
[[ 0.43776764 -0.52215534  0.08263634]]
[[ 0.25009303 -0.71699687  0.46652352]]
[[-0.6236458   0.33036862  0.29331228]]
[[ 0.08766095 -0.61507384  0.52517414]]
[[ 0.003918    0.01303517 -0.01870494]]
[[-0.69683691  0.55583294  0.13983578]]
[[ 0.01899776 -0.02767045  0.0067987 ]]
[[-0.47743043  0.03481907  0.44111948]]
[[ 0.7028448   0.15907916 -0.86164293]]
[[-0.02403662  0.02958673 -0.00646124]]
[[ 0.81588356 -0.01667999 -0.79975022]]
[[ 0.01920347 -0.02008275 -0.00082969]]
[[ 0.08157138 -0.08339005  0.00088646]]
[[-0.00032674 -0.01742636  0.01638672]]
[[-0.52858171 -0.00228442  0.52886237]]
[[ 0.19467301  0.28989659 -0.4867231 ]]
[[ 0.07889072 -0.12247416  0.04156777]]
[[ 0.00375046  0.00543283 -0.01082593]]
[[ 0.24726551  0.16564978 -0.41313753]]
[[ 0.22428083 -0.07939587 -0.14697429]]
[[-0.11708993  0.06944921  0.04752236]]
[[ 0.52675932 -0.86922974  0.3424726 ]]
[[ 0.11272712 -0.01165038 -0.10234719]]
[[-0.24273337 -0.05743245  0.29937983]]
[[ 0.12115246  0.06930378 -0.19282271]]
[[-0.70335191  0.08460539  0.61845184]]
[[-0.57444449  0.2820733   0.29264394]]
[[-0.07546931 -0.0709587   0.14410793]]
[[-0.04589437 -0.13921431  0.18458486]]
[[-0.00873316 -0.0065216   0.01373116]]
[[ 0.72445618 -0.47739333 -0.24805247]]
[[ 0.31815187  0.07079137 -0.3889094 ]]
[[ 0.57805328  0.13635279 -0.71652694]]
[[-0.02492027 -0.04765927  0.07035427]]
[[ 0.3451357  -0.67808814  0.33114656]]
[[ 0.12609595  0.14823702 -0.2756582 ]]
[[ 0.00495858 -0.00784656  0.00133472]]
[[ 0.01364851 -0.01531252 -0.0002663 ]]
[[ 0.05092689  0.36980383 -0.42150009]]
[[-0.00173666 -0.01195154  0.01180831]]
[[-0.63387042  0.63707027 -0.00531891]]
[[ 0.50310895 -0.33798413 -0.1667906 ]]
[[ 0.00568661  0.00127572 -0.00854617]]
[[-0.46153529 -0.49635198  0.95579729]]
[[-0.03577586  0.01200009  0.02200275]]
[[-0.02559192 -0.0114135   0.0351847 ]]
[[ 0.23156142 -0.25858348  0.02525451]]
[[ 0.27187941 -0.15419287 -0.11792247]]
[[ 0.02071301 -0.16653935  0.14394587]]
[[ 0.58048968 -0.49899197 -0.08291188]]
[[ 0.4429354  -0.51815904  0.07301994]]
[[ 0.00770496  0.10101009 -0.1089512 ]]
[[ 0.37429709 -0.32666658 -0.04906741]]
[[ 0.25639302 -0.23790675 -0.02047892]]
[[ 0.31857434  0.63648811 -0.95506186]]
[[-0.00364274  0.0078735  -0.00579737]]
[[-0.01837157 -0.00069254  0.01717074]]
[[ 0.00591506  0.00161517 -0.00921784]]
[[ 0.75429776 -0.11066539 -0.64505081]]
[[ 0.73308351 -0.78895041  0.05579709]]
[[ 0.00919586  0.02044121 -0.03145871]]
[[ 1.02996385 -0.43776015 -0.5922929 ]]
[[ 1.01356123 -0.19798415 -0.81687148]]
[[ 0.00818705 -0.00796725 -0.0020956 ]]
[[ 0.00938172  0.00826395 -0.01966155]]
[[ 0.01558539 -0.56623239  0.55064699]]
[[-0.5187084   0.1848619   0.33153993]]
[[-0.01334245  0.19742701 -0.18458246]]
[[ 0.26807632 -0.48984846  0.22078176]]
[[-0.18447245  0.30577573 -0.12125506]]
[[-0.42131263  1.1094616  -0.69042704]]
[[-0.08574996  0.34086486 -0.25625426]]
[[ 0.68515587  0.03578965 -0.72098979]]
[[ 0.00036772  0.01139851 -0.0133063 ]]
[[ 0.90442023 -0.83147316 -0.07480288]]
[[ 0.05301778 -0.44637358  0.3915896 ]]
[[-0.31380997 -0.01510407  0.32686503]]
[[-0.33780347  0.75772308 -0.41986639]]
[[ 0.03753876 -0.20858007  0.16958075]]
[[ 0.14598428 -0.09879675 -0.04756659]]
[[-0.43083057  0.4509367  -0.02221421]]
[[ 0.69999752 -0.58509372 -0.1151291 ]]
[[-0.01578991  0.02558176 -0.01181734]]
[[ 0.22818374 -0.01839605 -0.21182458]]
[[-0.394722    0.3620152   0.03106219]]
[[-0.15826133  0.52724108 -0.37081064]]
[[ 0.44101646 -0.20220647 -0.2389193 ]]
[[-0.03242521  0.0217169   0.00891973]]
[[ 0.15689122  0.18412734 -0.3435061 ]]
[[ 0.2531207   0.49378686 -0.74814278]]
[[ 0.01195932  0.00643088 -0.02030594]]
[[ 0.36606651 -0.27342501 -0.09280626]]
[[ 0.15000698 -0.53575042  0.38595874]]
[[-0.01203391  0.00591205  0.00453011]]
[[-0.00577564 -0.00461321  0.00863105]]
[[ 0.42944269  0.65602528 -1.08588889]]
[[-0.29454253 -0.05515292  0.34860709]]
[[-0.74147007  0.84634429 -0.1053366 ]]
[[ 0.00435612 -0.05112444  0.04487763]]
[[ 0.24157305 -0.28194942  0.03907516]]
[[-0.21144479  0.58429575 -0.3736621 ]]
[[-0.04438336 -0.43831494  0.48258139]]
[[ 0.25634416  0.02000996 -0.27679814]]
[[-0.05452348 -0.0096533   0.06262704]]
[[ 0.01597372 -0.00490657 -0.0131494 ]]
[[ 0.82885461 -0.91395393  0.08428545]]
[[-0.45293396  0.42533982  0.02545311]]
[[ 0.01739709 -0.47718851  0.45800872]]
[[-0.00586616 -0.00290435  0.0073008 ]]
[[ 0.10937865 -0.06038583 -0.05130009]]
[[ 0.01043568 -0.00090957 -0.01106496]]
[[-0.47604518  0.03078321  0.44326116]]
[[ 0.00863438  0.00690226 -0.01721666]]
[[-0.23923218 -0.48830192  0.72554002]]
[[ 0.0006856  -0.01462138  0.01190553]]
[[-0.12633355  0.5598375  -0.43518348]]
[[-0.00584792  0.02146188 -0.0174772 ]]
[[-0.04706352  0.18226403 -0.13749592]]
[[-0.13533891 -0.007619    0.14275152]]
[[ 0.72601585 -0.71690192 -0.00911393]]
[[ 0.65057365 -0.09962854 -0.55106399]]
[[ 0.58663835 -1.01648122  0.42958581]]
[[ 0.3958414   0.40121409 -0.79813405]]
[[ 0.01543585 -0.01340716 -0.00371604]]
[[-0.79230072  0.57539717  0.21474617]]
[[ 0.00782558  0.01438648 -0.02384649]]
[[-0.00540486 -0.00318054  0.00689842]]
[[-0.0403814  -0.22612066  0.26594077]]
[[-0.06185293  0.14333275 -0.08184514]]
[[ 0.77435908 -0.42572824 -0.35110176]]
[[ 0.57830342 -0.45134328 -0.12711088]]
[[-0.0095302  -0.01802521  0.02564021]]
[[-0.26406265  0.43683915 -0.17416738]]
[[-0.04923703  0.1494406  -0.10047415]]
[[ 0.22438887 -0.29216178  0.06739659]]
[[ 0.16540511  0.52219527 -0.68942646]]
[[ 0.2531185   0.11887662 -0.37332572]]
[[ 0.62160775  0.26407169 -0.88721865]]
[[ 0.2823911  -0.15214267 -0.1323365 ]]
[[-0.00577637  0.00819118 -0.00432581]]
[[ 0.22568315  0.00691994 -0.23412227]]
[[ 0.19908427  0.51726111 -0.71765863]]
[[ 0.06091633  0.49204253 -0.55325186]]
[[ 0.44789163 -0.07737897 -0.3720577 ]]
[[ 0.42503374 -0.8047069   0.37977077]]
[[ 0.0117054  -0.01470903  0.00136636]]
[[-0.0053599   0.02468953 -0.02129494]]
[[-0.24417827  0.26174375 -0.0199507 ]]
[[-0.01060191 -0.00305184  0.01157652]]
[[ 0.73238421 -0.29205782 -0.44260498]]
[[-0.64694531  0.22643988  0.42074372]]
[[-0.05050229  0.29913938 -0.25033006]]
[[ 0.39541948  0.65970143 -1.05595635]]
[[ 0.01396104  0.00850608 -0.0242331 ]]
[[-0.80664964  0.87314745 -0.06885394]]
[[-0.00624012  0.03508649 -0.03069737]]
[[ 0.53535619  0.07548071 -0.61084344]]
[[ 0.12362955  0.09792296 -0.22377068]]
[[-0.0225527   0.02978679 -0.00931387]]
[[-0.39432829 -0.4208808   0.81516883]]
[[ 0.15657923 -0.73856028  0.58154314]]
[[ 0.25341341 -0.15368568 -0.09990299]]
[[ 0.00801048 -0.00305552 -0.00672554]]
[[-0.01108421 -0.22925576  0.23859894]]
[[ 0.01981893 -0.02125459 -0.00053046]]
[[-0.02370171  0.01777933  0.00394471]]
[[ 0.00796294 -0.02606096  0.01628026]]
[[ 0.81208706  0.08937389 -0.9034281 ]]
[[ 0.00699164 -0.0153779   0.0067007 ]]
[[-0.34436327  0.36523777 -0.02095053]]
[[ 0.10985543 -0.21947018  0.10763149]]
[[ 0.19994436 -0.13924401 -0.06122089]]
[[-0.54251265 -0.1771404   0.71775097]]
[[ 0.18397546  0.05543636 -0.23972132]]
[[-0.01963492  0.02340416 -0.00572958]]
[[ 0.54533842 -0.1268331  -0.42058941]]
[[ 0.14306766 -0.21777654  0.07364068]]
[[ 0.28756351 -0.68624063  0.39787955]]
[[-0.00455431 -0.00510139  0.00807181]]
[[ 0.06455564  0.03189243 -0.09836169]]
[[-0.08064636 -0.27650717  0.35706553]]
[[ 0.01300307 -0.00480622 -0.00983897]]
[[-0.04770637 -0.25391963  0.30071476]]
[[ 0.01467734 -0.02181417  0.00498422]]
[[ 0.53867481 -0.31629411 -0.22195425]]
[[-0.06147565  0.05275959  0.00674669]]
[[-0.58097286  0.62726646 -0.04629207]]
[[ 0.09354182  0.03151487 -0.1259724 ]]
[[ 0.04337382 -0.34828518  0.30404926]]
[[ 0.05560842 -0.08934972  0.03344162]]
[[-0.0455734  -0.47957496  0.52371671]]
[[ 0.03322935 -0.33255554  0.29727531]]
[[-0.45835617 -0.64590985  1.10421501]]
[[-0.18403482 -0.20681632  0.39104039]]
[[ 0.06585735  0.1790815  -0.24581437]]
[[ 0.01441772 -0.00702287 -0.00932911]]
[[-0.03386856 -0.67941833  0.71125198]]
[[ 0.00522436 -0.18670366  0.17905047]]
[[-0.79854087 -0.20192711  1.00010238]]
[[ 0.02359841  0.094894   -0.11980395]]
[[ 0.02248171 -0.01019555 -0.01340433]]
[[ 0.36268723 -0.12675123 -0.23718466]]
[[-0.31209155  0.26641284  0.04408514]]
[[ 0.2417152  -0.24415051  0.00094709]]
[[ 0.2632796   0.06083797 -0.3257969 ]]
[[ 0.00460265  0.0081321  -0.01471312]]
[[ 0.00312709 -0.01205324  0.00713974]]
[[-0.02393499  0.00447411  0.01788538]]
[[ 0.33312782 -0.49106615  0.15719439]]
[[ 0.51558868  0.31302673 -0.82966155]]
[[ 0.00602945  0.00664788 -0.01474705]]
[[-0.01522249  0.0072771   0.0060813 ]]
[[ 0.02335314  0.00642664 -0.03138376]]
[[-0.32116095 -0.09015195  0.41079719]]
[[ 0.69558694 -0.04049756 -0.65591649]]
[[ 0.38510153 -0.27289311 -0.11464243]]
[[-0.02585907  0.23997114 -0.21665013]]
[[ 0.12117164  0.34985691 -0.47335762]]
[[ 0.04899616 -0.02868954 -0.02291869]]
[[-0.10252538  0.57023576 -0.47002468]]
[[-0.11343324 -0.32300714  0.43630452]]
[[-0.14211137  0.13701484  0.00254211]]
[[-0.38604998  0.04053403  0.34347068]]
[[ 0.01060604 -0.00723913 -0.004969  ]]
[[ 0.35496968 -0.44147298  0.08534478]]
[[-0.57293123  0.62197009 -0.04903751]]
[[-0.28602124  0.03817064  0.24534889]]
[[ 0.72248497 -1.00213253  0.27944591]]
[[ 0.07557593 -0.36359488  0.28695926]]
[[ 0.00244568 -0.02117965  0.01671956]]
[[-0.00862572  0.01508702 -0.00814175]]
[[-0.34491838  0.12760912  0.21567809]]
[[-0.16720668  0.00412093  0.16241269]]
[[ 0.00487298  0.01483508 -0.02103947]]
[[ 0.00390377  0.00823536 -0.01412479]]
[[-0.74244934  0.65505328  0.08583713]]
[[-0.04042822 -0.45333601  0.49308582]]
[[-0.70089247  0.02549403  0.67539848]]
[[-0.58286499 -0.00846438  0.58957212]]
[[ 0.16428746 -0.54772308  0.38118852]]
[[-0.82249023  0.41043193  0.41179155]]
[[-0.68949918  0.59098579  0.09780955]]
[[ 0.28355221 -0.16182715 -0.1240567 ]]
[[-0.2708575  -0.05689537  0.32596778]]
[[ 0.00296324 -0.02300588  0.01819841]]
