[[ 0.19404468  0.37917734  0.06602577]
 [ 0.09796426 -0.18498109  0.24452682]]
[[-0.20153783  0.4328717  -1.02233166]
 [-0.58780707 -0.63530221 -0.77004406]]
[[-0.35289183 -0.77481023  0.10307732]
 [-0.21162112 -0.21189535 -0.29921121]]
[[ 0.07111636  0.34033192 -0.45109792]
 [-0.0398822   0.7496386   0.72501169]]
[[ 0.62821907  0.54092979  0.92212211]
 [ 0.24061709  0.60116274 -0.58154231]]
[[-0.58368322  0.73186355 -0.49151592]
 [ 0.56925217 -0.06138923  0.55205593]]
[[ 0.77540252 -0.33826923  0.64496649]
 [-0.88184335 -0.80264918  0.1652287 ]]
[[-0.71482031  0.46806268 -0.18368353]
 [ 0.4646574   0.91807099  0.05490397]]
[[ 0.75101753  0.92119987  0.74221317]
 [ 0.05844586 -0.55268743 -0.94265552]]
[[-0.94891438  0.04634313 -0.22228994]
 [-0.77164244 -0.70394127 -0.66199837]]
[[ 0.43684718 -0.57370298 -0.02989068]
 [ 0.50441326 -0.11752932 -0.50059862]]
[[-0.40539394 -0.99340198 -0.31994393]
 [ 0.18683536 -0.2195469   0.24865196]]
[[-0.20815992 -0.17690814 -0.3397785 ]
 [-0.37070365 -0.37907657  0.58291431]]
[[ 0.53513825 -0.50514192  0.65992611]
 [ 0.93078065  0.9358467  -0.0912154 ]]
[[ 0.08274023  0.37955487  0.78070069]
 [-0.99110293 -0.34714071  0.86934797]]
[[ 0.65688189 -0.70198709 -0.89821432]
 [-0.30409289 -0.42778916 -0.06132025]]
[[-0.20087169 -0.14223089 -0.18764469]
 [-0.71788253 -0.39889206 -0.74117054]]
[[-0.4427197  -0.10955495 -0.20480539]
 [-0.68810689  0.61443897  0.14243661]]
[[ 0.37067678  0.37791588  0.40326513]
 [-0.6427794   0.54618859  0.69134174]]
[[-0.64885822  0.46136523 -0.78098814]
 [-0.76342438 -0.42250935 -0.85066501]]
[[ 0.3621169   0.84758166  0.60527898]
 [ 0.6530151  -0.90524249  0.38386487]]
[[-0.81265192 -0.48782589  0.28905697]
 [-0.63046195 -0.78995477 -1.01976625]]
[[-0.57544344 -0.12661743 -0.12582243]
 [ 0.68778376 -0.52379982 -0.44515316]]
[[ 0.26201525  0.85641381  0.40232597]
 [-0.12641793 -0.58897309  0.18410809]]
[[ 0.76022193  0.48380208  1.01953563]
 [-0.12689042 -0.34099739  0.05803772]]
[[ 0.70522882  0.21412862 -0.47720364]
 [-0.54293293 -0.32407952 -0.73691433]]
[[-0.01049968 -0.18402689  0.42826597]
 [ 0.56582881  0.70767409 -0.54556174]]
[[0.22618328 0.16935995 0.57055781]
 [0.37757415 0.28077365 0.86996797]]
[[-0.10588257  0.26037878 -0.56743201]
 [ 0.03671948  0.32988522 -0.32872677]]
[[ 0.70720519 -0.4642027  -0.87952015]
 [ 0.49734592 -0.08963854  0.0169896 ]]
[[ 0.18032624 -0.10858965  0.29521031]
 [-0.2245214   0.67315766 -0.47604351]]
[[-0.09174943  0.74990886  0.32958169]
 [ 0.56098821 -0.35185985 -0.45595206]]
[[0.29275198 0.28344353 0.22520087]
 [0.73833181 0.72734381 0.6824256 ]]
[[-0.22642638 -0.27735953 -0.2088597 ]
 [-0.08287483  0.48080022 -0.72622003]]
[[-0.78272832  0.5130194  -1.00609794]
 [ 0.32699703 -1.02531814  0.72851834]]
[[-0.10257215 -0.38276935 -0.55972077]
 [-0.35815077  0.47789877 -0.70425952]]
[[ 0.69332067  0.35002635  0.5544511 ]
 [-0.71460583  0.64250977 -0.33040379]]
[[ 0.79926362  0.07798973 -0.67731991]
 [ 0.16348838  0.23402535  0.36361439]]
[[-0.24000846  0.65967119  0.91627566]
 [ 0.3507616   0.22995962  0.28124674]]
[[ 0.11487919  0.7081378   0.54551286]
 [-0.75602805  0.25712234  0.033663  ]]
[[-0.11521207 -0.93135972  0.54115695]
 [-0.29925769 -0.24077792 -0.4582981 ]]
[[-0.50186014 -0.64769131  0.19091291]
 [-0.56048499 -0.6747792  -0.08899632]]
[[ 0.38722867  0.37863638  0.44314272]
 [-0.22580976 -0.33839773 -0.67321104]]
[[-0.76206517  0.19689768 -0.80753872]
 [-0.01414921 -0.23767525  0.09174608]]
[[ 0.67431749 -0.79341696  0.4889199 ]
 [-0.2477023  -0.28413079  0.1913856 ]]
[[ 0.90716501  0.01603883 -0.51281575]
 [-0.90148732 -0.20873766 -0.12211649]]
[[ 0.04866814  0.38742561 -0.06593351]
 [ 0.5952407  -0.35455287  0.86565086]]
[[-0.77237386  0.85197941  0.57652051]
 [-0.28967992  0.59604213  0.41708133]]
[[-0.84657125  0.75228921 -0.532038  ]
 [-0.4976477   0.56378334 -0.28060333]]
[[-0.47540283 -0.09848001  0.69518026]
 [ 0.74868922  0.54341793  0.02846957]]
[[-0.32530771 -0.34638384 -0.4499551 ]
 [-0.0977424  -0.38171343  0.97718511]]
[[ 0.08130467 -0.92248902 -0.07042632]
 [ 0.48977764 -0.44641672  0.71592457]]
[[-0.05538863 -0.6936791   0.01900463]
 [ 0.17980917 -0.80251437  0.3098213 ]]
[[ 0.49671661  0.36289173 -0.09456679]
 [-0.10857026 -0.04131936  0.09016387]]
[[-0.28227701 -0.31876147 -0.59254471]
 [-0.00477822 -1.01524546  0.93303341]]
[[-0.44005313  0.78492817 -0.29706352]
 [-0.5232981  -0.00843209 -0.44692858]]
[[ 0.94412715 -0.35978265  0.43643166]
 [-0.19850685 -0.09973909  0.11398145]]
[[-0.84184477 -0.35879764 -0.44125628]
 [-0.45270439  0.14027479  0.02347323]]
[[-0.0036892  -0.15603406 -0.08195485]
 [-0.82165014  0.11231915 -0.43701025]]
[[ 0.84093537 -0.60709802  0.63727249]
 [-0.81358612  0.11659587 -0.44455044]]
[[-0.57594658 -0.53749571 -0.39728237]
 [ 0.17307414  0.17070258 -0.25192538]]
[[ 0.35863672 -0.58571556  0.74201939]
 [-0.43975723  0.91131434 -0.92999108]]
[[-0.85755624 -0.11736574  0.65702076]
 [-0.14501748  0.17718115 -0.4353224 ]]
[[-0.02746338 -0.14229855 -0.84876018]
 [-0.06804127 -0.63095188  0.03922305]]
[[-0.22537427  0.1705435   0.10985935]
 [-0.14921504 -0.19891964 -0.24025199]]
[[-0.54690324 -0.89795177 -0.54813674]
 [-0.71017908 -0.48427382 -0.60095249]]
[[-0.70796601 -0.74023138 -0.30208561]
 [ 0.26919782 -0.6226782  -0.44673965]]
[[ 0.41774375  0.52663378  0.21992465]
 [-0.50090676 -0.6659864  -0.26710824]]
[[-0.78738857 -0.58179875  0.07281721]
 [-0.42252244 -0.35701771 -0.23248433]]
[[-0.61415438  0.43402872 -0.06780066]
 [ 0.30590659 -0.16419033  0.03537852]]
[[ 0.90518998  0.63965757  0.22806843]
 [ 0.65311061 -0.15988058 -0.69338123]]
[[-0.66926607 -0.28505991  0.59463889]
 [-0.63638447  0.70197313  0.56548491]]
[[-0.34754512  0.252068   -0.321634  ]
 [-0.06452584 -0.24326676 -0.04618377]]
[[ 0.13720734  0.11890493  0.1198321 ]
 [-0.11254134  0.08376891 -0.29705977]]
[[-0.61133883  0.551263    0.71107447]
 [-0.37165962 -0.5148177   0.61318839]]
[[ 0.02680173 -0.73041974  0.79941532]
 [ 0.65702743  0.52563765  0.14605588]]
[[-0.31342016  0.57372655 -0.37704544]
 [-0.00075316 -0.57755715  0.24260097]]
[[ 0.74680461  0.37748942  0.48345482]
 [-0.78695724 -0.73585512  0.5408709 ]]
[[-0.23024555  0.16786541  0.17825028]
 [ 0.47754821  0.96783597 -0.02852743]]
[[-0.13172838 -0.07114011 -0.0911887 ]
 [-0.80157313  0.58158913 -0.18034019]]
[[ 0.00699702  0.40394136 -0.47609315]
 [ 0.38523474  0.77897971  0.31730284]]
[[-0.29594612 -0.27554918  0.75455842]
 [ 0.76126124  0.65012973 -0.90464841]]
[[-0.21548675  0.40458142 -0.01329539]
 [ 0.84776555  0.05986925  0.61559463]]
[[-0.3669961   0.10514667  0.49752721]
 [ 0.68353471  0.2702111   0.03574704]]
[[-0.87978742 -0.28590672 -0.55964951]
 [ 0.1751072   0.94945839 -0.72284329]]
[[ 0.10458376 -0.11716069 -0.03531296]
 [ 0.36322313 -0.38687636 -0.04828227]]
[[-0.71542544 -0.47842084 -0.66438983]
 [ 0.41553872 -0.35972317  0.14253524]]
[[ 0.3309032   0.8764994   0.90748766]
 [-0.72841647 -0.55073587  0.66663838]]
[[0.13813406 0.06667107 0.21025824]
 [0.55441291 0.49601686 0.61805298]]
[[-0.06177699 -0.50180895 -0.56560822]
 [-0.78209904 -0.08043445 -0.87272072]]
[[-0.7487305  -0.59619572  0.90144876]
 [ 0.7556795  -0.55043643 -0.52555368]]
[[-0.56559536 -0.4324277  -0.41628983]
 [-0.84787673 -0.15908418  0.24507481]]
[[ 0.74704539  0.59260923 -0.14647047]
 [-0.04367527 -0.98195491  0.71571128]]
[[-0.14166086  0.2876684  -0.01131181]
 [ 0.67338464  0.03638743  0.58671931]]
[[ 0.44000667  0.29622328  0.29579755]
 [-0.15306907 -0.1482997  -0.1579617 ]]
[[-0.47090818 -0.68770716  0.76213767]
 [ 0.26956227  0.23672748  0.74765663]]
[[-0.38828993  0.70643488  0.63378562]
 [ 0.7054706   0.49041691 -0.71647876]]
[[ 0.36205368  0.76071661  0.33134746]
 [-0.35576533  0.44481013 -0.44570223]]
[[ 0.50806148  0.09186997 -0.39132209]
 [ 0.54303446  0.02449063 -0.76656787]]
[[ 0.49965032  0.16511799  0.23734901]
 [-0.8586602   0.56668407  0.16645801]]
[[ 0.08675352 -0.24988957 -0.18835188]
 [ 0.66434512 -0.9486857  -0.71780663]]
[[ 0.20729066 -0.08855094 -0.97421883]
 [-0.24280431 -0.06077183  0.64922806]]
[[ 0.11574917  0.36507939 -0.36844121]
 [ 0.38635447  0.14137035  0.65377586]]
[[-0.21201264 -0.75823551 -0.56616754]
 [ 0.5868397  -0.070978    0.13871543]]
[[-0.56842651 -0.67859952  0.61247666]
 [-0.44231188 -0.53435021  0.50966037]]
[[-0.88680683 -0.31566504  0.65649206]
 [-0.76516167 -0.24283481 -0.75228941]]
[[-1.00211388  0.85169157 -0.19669381]
 [ 0.07042958  0.66533133  0.43564401]]
[[-0.6664263   0.33706197  0.11999577]
 [-0.55548709 -0.43302863 -0.70766377]]
[[-0.81051187 -0.60547606  0.08405145]
 [-0.29972924 -0.13450685  0.4600726 ]]
[[ 0.17301419  0.23597405  0.26676735]
 [-0.60184709  0.37899775  0.58824867]]
[[-0.55345514  0.27324305 -0.46555301]
 [ 0.22184343  0.33977692  0.24933517]]
[[ 0.08792327 -0.56467476 -0.21523084]
 [ 0.43224758 -0.40092364 -0.73843003]]
[[-0.03336862  0.27818145  0.81283486]
 [-0.11679308  0.13851728  0.59000406]]
[[ 0.60654657 -0.77654429  0.81940361]
 [-0.04222931 -0.72331853  0.09493757]]
[[-0.42932268  0.76754031  0.64344609]
 [-0.10044604  0.51915726 -0.19772272]]
[[-0.61008025  0.40638081 -0.17656408]
 [ 0.14990923  0.45392986 -0.61903574]]
[[-0.24948728 -0.35325269  0.84520019]
 [-0.89937047 -1.05259946  0.54753014]]
[[-0.23841639 -0.29250142 -0.58723531]
 [ 0.35835829  0.00385117  0.66294717]]
[[ 0.51761198  0.42752867 -0.50806662]
 [ 0.75725589  0.45217865  0.91414655]]
[[ 0.24719689  0.1300157  -0.15932218]
 [ 0.18200006  0.29049475 -0.45791933]]
[[ 0.13185118  0.01389532  0.40394929]
 [ 0.17997172 -0.14705337  0.72226854]]
[[-0.62376664 -0.6122069  -0.57373718]
 [-0.65441016  0.46054318  0.00581077]]
[[-0.51931725  0.33236109 -0.65567112]
 [ 0.02660103 -0.25216791  0.10689516]]
[[-0.05583897 -0.45922411 -0.10038463]
 [-0.13017008  0.39679474  0.05486927]]
[[-0.70024957  0.51865347  0.01848273]
 [-0.26351397 -0.31709741 -0.24615815]]
[[ 0.00700963 -0.87611483  0.24606171]
 [-0.73521457 -0.74367118  0.57313302]]
[[-0.75322881 -0.80741477 -0.88377047]
 [-0.58105933  0.05818931 -0.07891211]]
[[-0.01055544 -0.8592616  -0.62646311]
 [ 0.50304991  0.12629832 -0.82383118]]
[[ 0.64054296 -0.50211337 -0.66506054]
 [-0.89740889 -0.47417516  0.17764441]]
[[ 0.14124513 -0.48986202  0.16961791]
 [-0.32760698  0.78045047 -0.34391205]]
[[-0.68042215 -0.13700568 -0.06714346]
 [-0.70237066  0.36317038  0.53488503]]
[[ 0.2758872   0.87226123 -0.23111384]
 [ 0.23352929  0.37681672 -0.74019362]]
[[ 0.18202967  0.21844255  0.58310992]
 [ 0.58553678  0.56715651 -0.30261939]]
[[-0.21471073 -0.71608393 -0.78511018]
 [-0.66723585 -0.04621851  0.3335027 ]]
[[0.38841945 0.08097607 0.3071795 ]
 [0.6177725  0.58109174 0.61971749]]
[[ 0.41313536 -0.25134763 -0.6052005 ]
 [ 0.86835432  0.14788835 -0.19744238]]
[[-0.63121331 -0.68854126 -0.68484276]
 [-0.53378118 -0.45482092 -0.54737794]]
[[ 0.73324861 -0.14118356  0.00742034]
 [ 0.42804901 -0.0228535   0.04412824]]
[[ 0.32620328  0.27392458 -0.22866733]
 [ 0.74758431  0.54827279 -0.56801344]]
[[-0.02757311  0.45906734  0.81865178]
 [ 0.89771306 -0.70455039 -0.70624941]]
[[ 0.34612768 -0.87218517 -0.93589542]
 [-0.66945339 -0.63533613 -0.56876885]]
[[ 0.15286125  0.44566314 -0.63920306]
 [ 0.0041057   0.2919681  -0.80797116]]
[[ 0.79131407  0.13989916  0.33590029]
 [ 0.58720893 -0.53613586 -0.65548618]]
[[ 0.37714098 -0.3883635  -0.13344131]
 [-0.23781832  0.11603341  0.63605262]]
[[-0.7987433   0.72482253 -0.0606109 ]
 [-0.62621303  0.39853356 -0.05700065]]
[[-0.500591   -0.81959479 -0.04319446]
 [-0.8320675   0.28550323  0.53864913]]
[[-0.05179257 -0.09599276 -0.12553543]
 [-0.4767962   0.18821066  0.38120377]]
[[-0.16084806  0.07299019 -0.83346885]
 [ 0.44302607  0.7770311   0.91116708]]
[[-0.37898201 -0.47540832 -0.50375667]
 [-0.24124935 -0.29146492 -0.11680758]]
[[0.7401764  0.95167651 0.78455944]
 [0.67891144 0.85731374 0.70531649]]
[[ 0.91769353 -0.28356323  0.54012701]
 [ 0.04691882  0.47531169  0.18887144]]
[[ 0.19579253 -0.66141213 -0.22529986]
 [ 0.51119777  0.10331395  0.3080511 ]]
[[ 0.54936064  0.56456775 -0.63304384]
 [-0.32604571 -0.3913002  -0.22513008]]
[[-0.67631265 -0.01132991 -0.00253499]
 [-0.85270116 -0.035758    0.59123753]]
[[-0.00522815  0.29734787  0.32419468]
 [ 0.96786734  0.72829195  0.62507076]]
[[ 0.30783148  0.75201716 -0.60631431]
 [ 0.20512023 -0.7628663  -0.709489  ]]
[[-0.5373766  -0.11014727 -0.18225892]
 [-0.47163538  0.30691624  0.13965453]]
[[ 0.55581559  0.19264088 -0.47140724]
 [-0.45104791  0.39762201  0.28173284]]
[[-0.59872834 -0.34106658 -0.39306595]
 [ 0.086564    0.6302339   0.49102962]]
[[-0.08220786 -0.07586124 -0.48005092]
 [-0.23967843 -0.30433295  0.3722301 ]]
[[ 0.59601914 -0.32065273 -0.27501416]
 [-0.41929687  0.12013519  0.36380591]]
[[ 0.78184224 -0.37569724 -0.29601884]
 [-0.89708799 -0.52228423  0.10021141]]
[[0.10125899 0.27696957 0.6565724 ]
 [0.43625348 0.59591207 0.7894731 ]]
[[ 0.12833923 -0.01907605  0.18789309]
 [-0.56052579  0.62710912 -0.83990607]]
[[-0.3534816  -0.34555807 -0.41609921]
 [ 0.31640022  0.20376254  0.55052303]]
[[0.77927474 0.39955629 0.54134955]
 [0.88877936 0.79894535 0.81857763]]
[[-0.38932409  0.69255748  0.36771257]
 [-0.95691642  0.53848902  0.13272762]]
[[ 0.76677101 -0.67365893 -0.29436291]
 [-0.38721487  0.89283529  0.85354997]]
[[ 0.19163177 -0.20621287 -0.25310919]
 [-0.33542677  0.50152679  0.47232182]]
[[ 0.26604477  0.70089686  0.31878888]
 [-0.89359515 -0.10227331  0.81405011]]
[[-0.92039597 -0.57424191 -0.43981363]
 [-0.1030706   0.10335243  0.1845961 ]]
[[ 0.31900138  0.75233888  0.16235101]
 [ 0.63546227 -0.55835844 -0.6855494 ]]
[[-0.73777923 -0.76762051 -0.34919516]
 [ 0.34342973  0.20353133  0.70313081]]
[[-0.80979346  0.1971395   0.24742834]
 [ 0.17088048  0.31550804  0.33745124]]
[[-0.17820649  0.75360091 -0.62928559]
 [-0.57425372 -0.02452723 -0.94210563]]
[[ 0.3912407  -0.47359361  0.32288366]
 [ 0.58372443 -0.8508722   0.53149319]]
[[-0.32470387 -0.43567527 -0.41652564]
 [ 0.59632645  0.70552989  0.76055143]]
[[ 0.17293918  0.20769701  0.07721768]
 [-0.64249785 -0.33517293  0.16613338]]
[[ 0.09733966 -0.86026072  0.31536061]
 [ 0.68553204  0.64757984  0.62822052]]
[[ 0.8892901  -0.43109129  0.66425044]
 [ 0.53476622 -0.27717344 -0.25229912]]
[[ 0.31199445 -0.59522979 -0.09523766]
 [-0.55530296  0.68470118 -0.03121154]]
[[ 0.01043873 -0.68211233  0.07463597]
 [-0.4137853  -0.68169991 -0.41514765]]
[[ 0.66103436 -0.76945959 -0.8010987 ]
 [ 0.57836192  0.92818111 -0.45527351]]
[[ 0.7000687   0.70192077  0.81049244]
 [-0.38785096 -0.29167138  0.10097102]]
[[-0.8733898   0.02484993  0.89167169]
 [-0.60811292 -0.31119351 -0.86895216]]
[[-0.70657111 -0.09104614 -0.27481451]
 [ 0.27085306 -0.48255458 -0.60100872]]
[[0.05336489 0.28687361 0.13342357]
 [0.5774289  0.30311102 0.45171494]]
[[-0.10250026 -0.06270029 -0.78878371]
 [ 0.37413965  0.39175303  0.6169884 ]]
[[-0.01740107  0.54637295  0.04814972]
 [-0.43484991  0.54137212 -0.34323606]]
[[-0.19038851 -0.17514184  0.61082261]
 [-0.01685794  0.02534302  0.38169535]]
[[0.42702203 0.33549297 0.29122747]
 [0.49745914 0.5755861  0.67590677]]
[[-0.3333797  -0.30702244 -0.58439014]
 [-0.36496936 -0.57593645  0.59049077]]
[[ 0.55139078 -0.26827682  0.01872836]
 [ 0.93279004 -0.80067525 -0.15391562]]
[[-0.34008982  0.23017782 -0.06462308]
 [-0.69720429  0.69278198 -0.13114249]]
[[0.54221645 0.60409197 0.44983668]
 [0.33854958 0.26391393 0.35568455]]
[[ 0.75016537 -0.64537424 -0.50123005]
 [ 0.16864193 -0.22599559 -0.17613782]]
[[ 0.49480666 -0.11393748 -0.7743877 ]
 [-0.49197384 -0.28505386 -0.17516021]]
[[ 0.8183381   0.60378991  0.86615959]
 [ 0.3653716   0.3715319  -0.10543239]]
[[-0.14656738  0.89680573 -0.10238827]
 [-0.46865008 -0.17934659 -0.4211753 ]]
[[ 0.27317006  0.53027561  0.41944167]
 [ 0.66457312 -0.093667    0.12966559]]
[[ 0.75399586 -0.34829604  0.16808024]
 [-0.01205291  0.3616129  -0.97031585]]
[[-0.79665749  0.45108457  0.17471988]
 [ 0.58917473  0.38391576 -0.75761485]]
[[-0.61052104 -0.1781819   0.82743445]
 [ 1.13139133  0.85357066  0.16739574]]
[[ 0.69360131 -0.60239793 -0.15954799]
 [ 0.21756282  0.64994529 -0.18218783]]
[[0.86079226 0.06212898 0.05090377]
 [0.92307014 0.68521711 0.73247573]]
[[0.82369547 0.19669702 0.99237252]
 [0.331631   0.91533007 0.12370942]]
[[-0.15445337 -0.0927841  -0.88013823]
 [ 0.4779148   0.50328891  0.13961493]]
[[-0.01943121 -0.19045938 -0.21336554]
 [-0.28714172  0.14544554  0.14543744]]
[[-0.82207611  0.58499191 -0.89715235]
 [ 0.87202613  0.92599544 -0.32695375]]
[[ 0.74924101 -0.12070787  0.37440519]
 [ 0.28863599 -0.07894137  0.12252177]]
[[-0.79420587 -0.14464038  0.24291045]
 [-0.08086022 -0.68906872 -0.92218612]]
[[ 0.57028065  0.37586335  0.79087176]
 [-0.89686977  0.93168068 -0.50230788]]
[[-0.56245404  0.77120867 -0.91225252]
 [-0.98148055 -0.41082847 -0.43198477]]
[[-0.56998319  0.91577284  0.78206262]
 [ 0.19670395  0.50493611  0.42942336]]
[[-0.9698226  -0.17045824  0.77725908]
 [-0.2808409  -0.46138309 -0.78905481]]
[[-0.73033865 -0.02196059 -0.63150248]
 [-0.75549668 -0.54521528 -0.70713518]]
[[-0.8901395   0.35965746  0.53673944]
 [-0.65711324 -0.1097094   0.62765108]]
[[-0.76004296  0.53207579 -0.40351437]
 [ 0.19830455  0.06862008  0.19822287]]
[[-0.32942405 -0.7555762   0.2174188 ]
 [ 0.29499714  0.74966855 -0.19442608]]
[[-0.94804519 -0.55708447 -0.59810768]
 [-0.40903793  0.70185867  0.44768833]]
[[-0.23716975 -0.28987773  0.2733577 ]
 [-0.40738385 -0.48014634  0.37187031]]
[[ 0.07917477  0.92053779 -0.88231487]
 [-0.24631627  0.92911597 -0.77087405]]
[[-0.01291204  0.53697182  0.55991171]
 [ 0.16788525 -0.6465633  -0.72002502]]
[[ 0.66521736  0.49834651  0.59958135]
 [ 0.54630452 -0.95128637  0.51209874]]
[[-0.06349258 -0.11533268 -0.93856144]
 [ 0.07431217  0.05661812 -0.43615804]]
[[-0.49834688  0.04605874 -0.48694444]
 [ 0.13810216  0.24166018  0.34528506]]
[[ 0.76187016 -0.31331377  0.40048287]
 [ 0.4558626  -0.37433755  0.84639502]]
[[-0.70312923  0.22351072  0.22488894]
 [ 0.00169792 -0.61368419  0.47911531]]
[[ 0.04574435 -0.03975776  0.28989067]
 [-0.14381108 -0.23943115  0.12206887]]
[[-0.80133643  0.511504    0.25415013]
 [-0.55471173  0.32279904  0.169199  ]]
[[-0.11588253  0.38856388  0.05768994]
 [-0.24463906  0.88234695  0.16676301]]
[[ 0.29565887  0.21397255  0.18491985]
 [-0.34900631  0.35178567  0.85788257]]
[[-0.49022147 -0.44267486 -0.46146064]
 [ 0.05779573 -0.47747494 -0.07990173]]
[[-0.71729889  0.66689202  0.22388665]
 [ 0.56866767 -0.49360865 -0.27934787]]
[[-0.86164944 -0.48480726  0.75328353]
 [ 0.88381623 -0.52809985  0.452409  ]]
[[ 0.50654247  0.54458772 -0.61990128]
 [ 0.3687379   0.40802271  0.40207813]]
[[-0.79962403  0.59059138 -0.92302324]
 [ 0.53543723 -0.31007219  0.66311182]]
[[ 0.97321339 -0.53044683 -0.95850879]
 [ 0.64989281 -0.67980313  0.95459831]]
[[-0.68542416  0.0216024  -0.14172018]
 [ 0.84508     0.9541269   0.90233229]]
[[-0.31532347 -0.70553941 -0.47372331]
 [ 0.45044514  0.00559072  0.25447056]]
[[-0.34082742  0.1868704   0.4683992 ]
 [-0.44751665  0.11132374  0.40326126]]
[[ 0.36870436 -0.15214223 -0.55487963]
 [-0.84537815  0.01145226  0.74675687]]
[[ 0.4844513  -0.55891038 -0.11339436]
 [-0.00691417 -0.57448897 -0.3090172 ]]
[[-0.35841453  0.58258198 -0.06459544]
 [-0.28050286 -0.19982196 -0.23455957]]
[[-0.54006542 -0.79402858 -0.53028887]
 [-0.48505618 -0.80719141 -0.48394295]]
[[ 0.70852844 -0.548693   -0.79923577]
 [-0.79999639  0.7229268   0.99568976]]
[[-0.05471478  0.99252034  0.31474052]
 [ 0.15286183 -0.82939902 -0.16713103]]
[[-0.25737347  0.85147512  0.59995833]
 [-0.80982172  0.12207353 -0.09117532]]
[[ 0.48086375 -0.23737707 -0.96875351]
 [ 0.26465652  0.54549025  0.92461671]]
[[0.09724191 0.81794161 0.60145574]
 [0.10081901 0.26433822 0.20584459]]
[[-0.57567468 -0.3767004  -0.36184959]
 [ 0.20929493  0.35440977  0.36418924]]
[[ 0.25418572 -0.80258426 -0.47979055]
 [-0.78425301 -0.32829968  0.69724687]]
[[-0.52808844 -0.44720955 -0.68919119]
 [ 0.0902888   0.42533364 -0.33727317]]
[[-0.49167054  0.32755115 -0.03536816]
 [-0.0636407  -0.93114976  0.19995253]]
[[-0.07529824  0.30533323 -0.72020777]
 [-0.01616587 -0.19695794  0.34067962]]
[[-0.03137851 -0.65937445 -0.32509389]
 [-0.97621291  0.42530701 -0.41622388]]
[[-0.89789474 -0.20579685 -0.32148846]
 [-0.56928358 -0.71753653 -0.7158298 ]]
[[ 0.82966508  0.63376561  0.26603132]
 [ 0.53224563  0.4282296  -0.67364814]]
[[-0.45790676  0.26774727 -0.47587388]
 [ 0.42960465 -0.94613511  0.56475707]]
[[ 0.36232148 -0.83574957 -0.49383142]
 [ 0.760833    0.51969548  0.53818685]]
[[-0.84359776 -0.72040251 -0.27746663]
 [ 0.44693369  0.17780461 -0.58744975]]
[[ 0.31214701  0.05128622  0.58683077]
 [-0.11701356 -0.61370726  0.33143041]]
[[-0.10670757  0.47105988 -0.03423174]
 [-0.00523006  0.82275217  0.10428964]]
[[ 0.3140448   0.4228638   0.09455479]
 [ 0.30508259  0.58735102 -0.47769498]]
[[ 0.48995249 -0.41394642  0.17359183]
 [-1.04090727  0.20811256 -0.68953432]]
[[ 0.17066491 -0.2079835  -0.15649303]
 [-0.88240473  0.27317399  0.4097216 ]]
[[-0.9825597  -0.8953013  -0.51721032]
 [ 0.0867339   0.19484522  0.81759256]]
[[-0.48803362 -0.05001139  0.43319136]
 [ 0.92371549  0.80555122  0.75805712]]
[[-0.59252565  0.74266961  0.59805461]
 [-0.62509853  0.37046311  0.26452844]]
[[-0.44975548 -0.66088709 -0.27904488]
 [ 0.59807781 -0.94492679 -0.32572456]]
[[ 0.36085638  0.59447827 -0.91863237]
 [ 0.78104295 -0.74792762 -0.69337368]]
[[ 0.30492992 -0.38345183 -0.84224929]
 [ 0.18668736  0.16781508  0.2041923 ]]
[[-0.44997592  0.76553744  0.81873774]
 [-0.47514778 -0.30542749 -0.35663696]]
[[-0.86242991 -0.81884755 -1.01034324]
 [-1.01218587  0.0377431   0.68649736]]
[[-0.14619969 -0.25275637 -0.56855248]
 [-0.43774797 -0.51596116 -0.77317531]]
[[ 0.17667661  0.39715492  0.8049593 ]
 [ 0.46053112 -0.6207022  -0.24139327]]
[[ 0.72341125  0.94386065 -0.27276977]
 [-0.74619548  1.00367763  0.49978565]]
[[-0.08244134 -0.3716019  -0.8841975 ]
 [ 0.25457445 -0.62747239  0.39461713]]
[[-0.51966932  0.82224186 -0.0901179 ]
 [ 0.03120409  0.06211051  0.08722533]]
[[ 0.36410382  0.16546767  0.24474303]
 [ 0.05186893 -0.61979701 -0.39864589]]
[[-0.77682961 -0.29910052 -0.19597884]
 [-0.4704407  -0.30145291 -0.27751824]]
[[-0.0954262  -0.92817151 -0.67907053]
 [-0.40094753  0.32958701  0.08240295]]
[[-0.23997547 -0.4767128  -0.57397335]
 [-0.40534286  0.75759454  1.04159782]]
[[ 0.15831938 -0.33622623  0.32860153]
 [-0.27610309  0.50673706  0.69185733]]
[[ 0.6524368  -0.97687039 -0.83250337]
 [ 0.66855998 -0.32079817 -0.23516151]]
[[-0.59460257 -0.84672391  0.24302265]
 [ 0.01053716  0.25262393 -0.64159283]]
[[-0.25109629 -0.54976519 -0.42572499]
 [-0.26656333  0.29452525  0.03937765]]
[[-0.61649094  0.35021183  1.02626634]
 [ 0.41042122 -0.30868432 -0.8459625 ]]
[[ 0.23379599  0.53885842  0.38717538]
 [-0.75913247  0.67544824  0.20194384]]
[[ 0.42759575  0.00105141 -0.55896022]
 [ 0.42376677  0.73880122 -0.05554331]]
[[-0.04405714 -0.43944176  0.02239324]
 [-0.90246398 -0.3274837  -0.96612832]]
[[-0.74817072  0.24972597  0.12087453]
 [-0.19104192  0.41362169 -0.36477926]]
[[-0.15243073 -0.23590032 -0.10581082]
 [ 0.17747175 -0.29907555  0.32165903]]
[[ 0.49574242  0.30914119  0.39039921]
 [-0.26977731  0.25692928  0.64982363]]
[[ 0.32987154 -0.30906479 -0.14732135]
 [-0.78564846  0.23125878  0.01710538]]
[[ 0.39850618 -0.26641542  0.23996726]
 [-0.00477428  0.46923172  0.14697054]]
[[-0.39358678  0.44776224  0.80463351]
 [-0.76472406  0.0714256  -0.99386038]]
[[ 0.86457044 -0.33713405 -0.79197632]
 [-0.88016531  0.45589008  0.92652743]]
[[ 0.27505922  0.27776124  0.36501637]
 [-0.66893817 -0.65606616 -0.49693634]]
[[-0.37556189 -0.12243392  0.0079686 ]
 [ 1.01341262  0.74451935  0.5035223 ]]
[[-0.22548857 -0.40522867 -0.19811736]
 [ 0.05715644 -0.48507753  0.11211793]]
[[-0.37236473  0.13405435  0.2585593 ]
 [-0.05764794  0.33420226 -0.0795945 ]]
[[ 0.20567493  0.68221682 -0.33882432]
 [ 0.17049842  0.18929053  0.20165933]]
[[ 0.4652848  -0.43238683  0.07565376]
 [ 0.59356288  0.23338758 -0.153178  ]]
[[-0.07803381  0.53498253  0.79967112]
 [-0.19870732 -0.34254245 -0.22551227]]
[[-0.52714294  0.35236026  0.24567206]
 [-0.23729165  0.12573975  0.05650735]]
[[-0.09134923  0.49263319  0.03216803]
 [-0.00202425  0.79624246  0.62151667]]
[[-0.3095092  -0.2299257  -0.25621041]
 [ 0.79484885  0.43063225 -0.79803899]]
[[ 0.70343648  0.04108552 -0.79986489]
 [-0.01217223 -0.38350626 -1.04301054]]
[[ 0.53009067  0.57034299  0.62911034]
 [-0.06231186 -0.42951487  0.32678691]]
[[ 0.6745434   0.31621706  0.93605855]
 [ 0.10381506  0.60969215 -0.29935685]]
[[ 0.17785584 -0.1244494   0.20153771]
 [ 0.03882089 -0.60006371  0.10812913]]
[[-0.5418269  -0.12525975 -0.19363279]
 [-0.65656079  0.6371356   0.35848904]]
[[-0.3026227  -0.12282282  0.73684525]
 [ 0.65702627  0.57940264  0.0930987 ]]
[[ 0.79240155  0.1234039  -0.2466427 ]
 [ 0.34710146  0.73999711  0.9359399 ]]
[[-0.30125114 -0.11918731 -0.57175547]
 [ 0.20387864  0.66258971 -0.34661118]]
[[ 0.72997111  0.44279972  0.38491688]
 [-0.72527455 -0.12881301 -0.04822242]]
[[-0.34337675  0.59029614  0.83829386]
 [ 0.23283984 -0.40023519  0.24662433]]
[[-0.11887005 -0.05865894 -0.44631258]
 [-0.4437886  -0.41659033 -0.6446144 ]]
[[ 1.01012317  0.81586575 -0.71408762]
 [-0.89754099 -0.06356732  0.93193084]]
[[ 0.67823884 -0.41115561  0.75091305]
 [ 0.05745842  0.42717864  0.00662101]]
[[ 0.95289519 -0.72270956  0.63595213]
 [-0.30768556  0.53251771 -0.13330714]]
[[-0.26406485 -0.76547134 -0.50472879]
 [-0.73251707 -1.01823311  0.09201045]]
[[ 0.8670351  -0.77204596  0.92486766]
 [ 0.48116197  0.95486649  0.48884997]]
[[-0.75501495 -0.21070807 -0.79500689]
 [-0.37381005  0.05230914  0.87626748]]
[[ 0.81813345  0.95495784 -0.16896827]
 [ 0.28532929  0.42771349  0.48075134]]
[[ 0.0097636   0.68433579  0.05647647]
 [-0.92261262  0.84029504  0.2537849 ]]
[[-0.28489907  0.43285497 -0.29828407]
 [ 0.15405711  0.3636915   0.14035164]]
[[-0.64687898 -0.68449462 -0.6487797 ]
 [ 0.69318998  0.42853867  0.54721749]]
[[ 0.0476959  -0.17893435 -0.85765697]
 [ 0.70187321  0.46772021 -0.11409642]]
[[ 0.03770387 -0.51150028  0.64614565]
 [-0.94881754  0.56634752  0.84787708]]
[[ 0.94941671 -0.73813082  0.28434848]
 [-0.54553792  0.83879285  0.03585951]]
[[ 0.31431866  0.75985587  0.13145493]
 [ 0.42780697 -0.26808217  0.88851258]]
[[-0.01762788  0.39067711 -1.01042554]
 [-0.42697692 -0.32945886 -0.95055465]]
[[-0.57601162 -0.69268025 -0.93889135]
 [-0.72888462 -0.22042818  0.4789611 ]]
[[ 0.42445163 -0.89473683  0.68360849]
 [ 0.28680649 -0.07072674  0.43513299]]
[[-0.15655527  0.78736628 -0.02547843]
 [-0.57560859  0.90532089 -0.33706928]]
[[ 0.60306012 -0.70833827  0.15877194]
 [-0.86174384 -0.0124151  -0.4902813 ]]
[[-0.35800758  0.14424907 -0.45409569]
 [-0.37320748  0.34220239 -0.49997634]]
[[-0.20357823 -0.37559471 -0.09888693]
 [ 0.01471016  0.92855552 -0.92645686]]
[[-0.39720625  0.84614469  0.14214014]
 [-0.33842796 -0.08310879 -0.26422435]]
[[-0.56148066  0.82901932  0.3875847 ]
 [ 0.77407411  0.61553549  0.5753811 ]]
[[-0.85419236  0.64568164 -0.93636582]
 [ 0.08014224  0.86350951 -0.28646518]]
[[ 0.01798415 -0.05466674  0.20687689]
 [-0.09049466 -0.54061489  0.8472392 ]]
[[-0.47451256  0.49171807 -0.25315056]
 [-0.75914462 -0.46924292 -0.65794987]]
[[-0.18782375  0.34761793 -0.07509584]
 [ 0.16498836 -0.4892274   0.05204292]]
[[-0.09801102 -0.7739193  -0.66124978]
 [ 0.02868172  0.71870392  0.37686331]]
[[-0.36696861  0.02960197  0.41840744]
 [ 0.63417711  0.44470637  0.23124391]]
[[-0.45972891 -0.28862957 -0.32432673]
 [ 0.9799276  -0.04846577  0.43508545]]
[[-0.62410523  0.88181635 -0.10999416]
 [-0.5893591   0.77577863 -0.4468734 ]]
[[-0.12667018  0.41955345  0.79700018]
 [-0.39802367  0.19801185 -0.90951718]]
[[-1.06809728 -0.76279778 -0.7616388 ]
 [ 0.49365778 -0.58372085 -0.41553839]]
[[ 0.74502993  0.08613238 -0.52720843]
 [-0.68309602  0.48360249 -0.32616163]]
[[-0.28709736 -0.29324261  0.55921563]
 [ 0.40678835  0.3889226  -0.38789087]]
[[0.28285333 0.23882539 0.42527801]
 [0.48014783 0.64768682 0.20551472]]
[[-0.51868372 -0.10696742  0.83860844]
 [-0.57485875  0.26211375  0.73771786]]
[[ 0.18027777 -0.21368053 -0.03170214]
 [-0.0886367  -0.09039247 -0.09773718]]
[[ 0.45523355 -0.47003178  0.60968011]
 [ 0.30677074  0.2761338  -0.05547907]]
[[ 0.39981264 -0.54346299 -0.12880713]
 [ 0.41113886  0.63951792  0.25502548]]
[[ 0.58997709  0.5292563  -0.31340398]
 [-0.15189935 -0.0532057   0.50479263]]
[[ 0.25835001  0.78391129 -0.25726965]
 [-0.087956    0.60643095 -0.9012117 ]]
[[-0.74812672  0.49039495  0.62267189]
 [-0.17563924  0.18291817  0.17814986]]
[[-0.30023228 -0.33735299  0.04585916]
 [-0.82122237 -0.79683201 -0.81659417]]
[[-0.25824092 -0.1841953   0.15575346]
 [ 0.19857071  0.24912695  0.46778947]]
[[-0.16242633 -0.81897369 -0.6107919 ]
 [ 0.64198493 -1.00330605 -0.7076972 ]]
[[ 0.57353919  0.62817863  0.41738749]
 [ 0.11262873  0.19884345 -0.25613829]]
[[-0.43297845 -0.45127607  0.24340493]
 [ 0.77489719  0.79862496  0.86671229]]
[[-1.00829346 -0.70101418 -0.77992099]
 [ 0.2505562  -0.90752323 -0.4753055 ]]
[[-0.25090184 -1.01447534  0.50268596]
 [ 0.71562469 -0.65008563  0.3065258 ]]
[[ 0.27706949 -0.3084494  -0.20375679]
 [-0.15014858  0.4847056  -0.64555953]]
[[-0.2520129  -0.43002459  0.72654321]
 [-0.32659276 -0.9691616   0.68906352]]
[[ 0.06739041  0.11964521  0.07416486]
 [ 0.70031873 -0.31395431  0.91432127]]
[[-0.46749059 -0.40624598  0.08474858]
 [-0.73661986 -0.65468781  0.04172371]]
[[ 0.34907118  0.2040816   0.51988288]
 [-0.59253359  0.33682058  0.3180419 ]]
[[-0.53779118 -0.1456278  -0.82290009]
 [ 0.59625825  0.80513986  0.4776183 ]]
[[-0.83436686 -0.62281857 -0.87158186]
 [-0.13320279 -0.49855221 -0.03349132]]
[[-0.22285814  0.59338356  0.87932888]
 [-0.82947099  0.38323415 -0.35079   ]]
[[-0.74716211 -0.01481276  0.05579463]
 [ 0.62568742 -0.73715753  0.40439011]]
[[ 0.09145598 -0.87400526 -0.94103137]
 [ 0.484275   -0.5099787  -0.57085001]]
[[ 0.0947892  -0.32752608  0.31157839]
 [ 0.1631641  -0.0223994   0.2482827 ]]
[[-0.59631744  0.58612478  0.75999965]
 [ 0.43353378  0.63729821  0.73518709]]
[[ 0.17442073 -0.10943281 -0.5194039 ]
 [-0.03875731 -0.15847595 -0.36194712]]
[[ 0.33387095 -0.07729771 -0.58031552]
 [ 0.98704971  0.47705241 -0.07627713]]
[[-0.2165857  -0.33954652 -0.40434974]
 [ 0.2727663   0.10483316  0.01291943]]
[[ 0.50864857  0.13994314  0.06353129]
 [ 0.59181803 -0.17030061 -0.37847223]]
[[-0.72514854 -0.60288315 -0.69415135]
 [-0.98445143 -0.04670489 -0.90398436]]
[[ 0.45171482 -0.15485151  0.61852996]
 [-0.73712933  0.16372105  0.87071351]]
[[-0.24349033 -0.18050476 -0.86485733]
 [-0.01869193 -0.07289322  0.72921282]]
[[-0.36376853  0.10835481  0.14983159]
 [-0.48881569  0.07138269  0.12379814]]
[[-0.45992666  0.85628081 -0.42755788]
 [ 0.40919617  0.06331852  0.37044049]]
[[ 0.68253213  0.63969286  0.64834173]
 [-0.10735794  0.29329703  0.67501978]]
[[-0.83294744 -0.59905312 -0.61698726]
 [ 0.18541819 -0.23874855 -0.39680803]]
[[ 0.03214441  0.60874331 -0.8783872 ]
 [ 0.50290076  0.69442168  0.43533139]]
[[-0.65287871 -0.61188295  0.56681609]
 [ 0.69268142  0.65583545  0.28837358]]
[[-0.02732335  0.15205745 -0.8546707 ]
 [ 0.52664966  0.6104489   0.25298048]]
[[-0.02420753 -0.60287431 -0.64411564]
 [ 0.84704133  0.10328828 -0.13911584]]
[[ 0.08997941 -0.10354502  0.14280197]
 [-0.21362896 -0.8645707  -0.12173171]]
[[-0.65145775 -0.70103745 -0.44456275]
 [ 0.28168293  0.3580049  -0.94718264]]
[[ 0.10839459 -0.31023571 -0.46906431]
 [-0.09440327  0.02017064  0.09245808]]
[[-0.33897186  0.24314373 -0.79946381]
 [-0.232582   -0.74976207  0.24535704]]
[[ 0.20818341 -0.32793773  0.56333576]
 [-0.45876977 -0.69529612 -1.02468971]]
[[ 0.46667543 -0.31657406  0.05904631]
 [-0.74470929  0.12448211 -0.24214992]]
[[-0.7846478  -0.18423944 -0.36303827]
 [ 0.8494859  -0.18856424  0.16237392]]
[[-0.5003581   0.07223009  0.14637475]
 [-0.29052908 -0.38835225  0.1090704 ]]
[[ 0.10685934 -0.06602154  0.82434248]
 [-0.43870167 -0.82917882  0.81614852]]
[[ 0.23128272 -0.30104664 -0.56244891]
 [-0.58976198 -0.6582672  -0.73454151]]
[[ 0.79725185  0.06461507 -0.1826086 ]
 [ 0.66447165 -0.64325556  0.54147787]]
[[ 0.6887367  -0.00100176 -0.58283399]
 [ 0.13865454  0.59869872 -0.62052078]]
[[ 0.1520659   0.91971872  0.61104848]
 [-0.13445531 -0.34436747 -0.24711646]]
[[-0.90920819  0.74491272 -0.66289285]
 [ 0.21125658 -0.67211972  0.04193474]]
[[0.54384372 0.57154093 0.92232711]
 [0.7129831  0.71022977 0.83348171]]
[[ 0.72689821  0.0289828  -0.21973176]
 [-0.44542513  0.50323644  0.42418867]]
[[ 0.96231736  0.71203312 -0.92978482]
 [-0.23576234 -0.17581713 -0.09079765]]
[[ 0.33933252 -0.39105801 -0.79998081]
 [ 0.10857343  0.2346906   0.34148518]]
[[-0.86442846  0.56901837  0.40163266]
 [ 0.40049659  0.55491338  0.50619787]]
[[-0.93730656  0.62409164 -0.74895845]
 [-0.60663827 -0.7466038  -0.55996783]]
[[-0.25289387 -0.51316448 -0.45660293]
 [-0.43561739  0.19277691 -0.50440216]]
[[-0.93126423  0.95423745 -0.85185377]
 [ 0.04531762 -0.47506745  0.8711473 ]]
[[-0.51437565 -0.39964808  0.53151251]
 [ 0.99302183  0.88532323 -0.16849524]]
[[ 0.10698303  0.14497947 -0.85869544]
 [-0.30574621 -0.38972719  0.77603039]]
[[-0.32981318 -0.23376958 -0.25046601]
 [-0.7617398   0.46591925  0.4950648 ]]
[[ 0.44647446  0.47500598 -0.83883395]
 [ 0.91482911 -0.46612835 -0.8399254 ]]
[[-0.52573307 -0.26272804 -0.67957871]
 [ 0.43960642  0.85706763  0.10693521]]
[[-0.18053463  0.04447172  0.7955997 ]
 [ 0.1181983   0.87181886  0.89838495]]
[[ 0.09388934 -0.01351194  0.08370073]
 [-0.02581931  0.49134088 -0.07927148]]
[[ 0.53071585 -0.43240292  0.62137811]
 [-0.23073408  0.20311521  0.50672274]]
[[ 0.71536618 -0.21285305  0.07261522]
 [ 0.06135741  0.33605314  0.23437498]]
[[ 0.82628561  0.01541387 -0.7174283 ]
 [-0.75502963  0.6262179   0.11948555]]
[[ 0.65733708  0.35578145  0.29253339]
 [-0.06492493 -0.69173666 -0.8665914 ]]
[[-0.29350986 -0.16918572  0.3788787 ]
 [ 0.45794277 -0.69264786 -0.500471  ]]
[[-0.68907701  0.35570716  0.78303038]
 [ 0.67357456 -0.40654859 -0.73316514]]
[[ 0.979512    0.0169305   0.79515942]
 [ 0.80059685 -0.5652604   0.60318591]]
[[ 0.78193942  0.81662055  0.16552195]
 [ 0.81539601  0.86190152 -0.56968558]]
[[-0.12637372 -0.86402721  0.02632554]
 [-0.70061735  0.13830844 -0.83745246]]
[[-0.35913208 -0.30282239 -0.2622524 ]
 [ 0.66539298  0.28384682 -0.24547568]]
[[ 0.69679428  0.04238668  0.37235835]
 [-0.48536813  0.58460754  0.06431189]]
[[-0.4321801   0.21922344 -0.15591088]
 [-0.79070651 -0.21241107  0.06466027]]
[[-0.04395591 -0.24138723  0.45527712]
 [-0.07725118 -0.23223618  0.30295255]]
[[-0.67114831  0.94422015  0.71746882]
 [-0.60190702 -0.12579113  0.12745936]]
[[ 0.24077783  0.63988403 -0.91440573]
 [ 0.7427644   0.52367568 -0.48357091]]
[[-0.66319848  0.95927493  0.6304837 ]
 [-0.23375177  0.31798311  0.18156601]]
[[ 0.91826597 -0.24938893 -0.97763938]
 [ 0.51002092  0.48558826  0.65651767]]
[[-0.42441016 -0.51606803 -0.29426605]
 [ 0.3565706   0.57177033  0.12130217]]
[[ 0.44524641  0.87495838 -0.8581316 ]
 [ 0.1283225   0.32315566 -0.44056328]]
[[ 0.66747852  0.55757276  0.2962923 ]
 [ 0.31738307 -0.95609677 -0.87950469]]
[[-0.13198812 -0.49956822 -1.05640408]
 [-0.15110971  0.18303819  0.78507027]]
[[ 0.35088913  0.31872917  0.45565106]
 [-0.80957212  0.30789132  1.06889928]]
[[-0.47392889 -0.09705775  0.98739871]
 [-0.48015084 -0.39956081 -0.35970927]]
[[ 0.10949631  0.8927397   0.70112029]
 [ 0.29498187 -0.64283511 -0.39226261]]
[[ 4.29970934e-01  6.64392833e-02  3.39582879e-01]
 [-5.24601222e-04  9.59515952e-01  3.14206178e-01]]
[[ 0.35691301  0.54260464  0.42179163]
 [ 0.45805536 -0.05134302  0.31328267]]
[[ 0.28903342  0.41551693  0.2008078 ]
 [-0.36868872 -0.21178374 -0.48645976]]
[[ 0.71038982 -0.11241971  0.72666486]
 [ 0.68226382 -0.78014606 -0.20334019]]
[[0.82009919 0.05000931 0.83497088]
 [0.06693273 0.12775036 0.11003667]]
[[0.41161714 0.67579824 0.61472953]
 [0.37134798 0.17058425 0.24011582]]
[[-0.20679997 -0.35768449 -0.31318541]
 [-0.97949116  1.02805108  0.80975813]]
[[-0.04503867 -0.55406228  0.0847194 ]
 [ 0.41511     0.20335144  0.48608841]]
[[-0.5731864  -0.56075934 -0.59356777]
 [ 0.29344268 -0.04165796 -0.46574751]]
[[ 0.49483421  1.01100884 -0.67715326]
 [-0.30559596  0.37169875 -0.298454  ]]
[[-0.34860449  0.06639259  0.56162476]
 [ 0.29318207 -0.98159449 -0.78726102]]
[[ 0.61752913  0.49176056 -0.68943942]
 [-0.51169241 -0.50572481 -0.03898953]]
[[-0.36254063  0.86551125 -0.82446922]
 [ 0.86714686 -0.48277851 -0.0450788 ]]
[[ 0.31249928  0.65981376  0.10843914]
 [-0.2636855  -0.15195267 -0.32070758]]
[[ 0.15512833  0.84101503 -0.23104692]
 [ 0.56486054  0.05681517  0.81791764]]
[[ 0.2748928  -0.01551717 -0.03682868]
 [-0.92200856 -0.74855394 -0.67018622]]
[[ 0.84547906  0.37023137  0.55356806]
 [-0.87672835 -0.92838841 -0.89350109]]
[[-0.16548346 -0.12505079  0.23234836]
 [ 0.75056411 -0.37683815  0.65489784]]
[[ 0.63367528  0.52584166 -0.5810418 ]
 [-0.65192983 -0.58352503  0.2834665 ]]
[[-0.69263904  0.15729781  0.62153308]
 [-0.62557993 -0.12665125  0.23360934]]
[[ 0.27114071 -0.8326361   0.16538585]
 [-0.37116747 -0.79300885 -0.39363171]]
[[-0.68646319  0.15765904 -0.2660158 ]
 [ 0.19106417  0.02236859  0.14749167]]
[[ 0.13464955 -0.2713478  -0.46171977]
 [ 0.94350691  0.10205953 -0.9581879 ]]
[[ 0.13067367  0.4523924   0.27508101]
 [ 0.2116478  -0.87666667 -0.34656852]]
[[-0.92210516  0.00460879  0.21428301]
 [-0.35025511  0.01336461  0.08594743]]
[[ 0.00254245  0.38997297 -0.4398615 ]
 [ 0.41425695  0.9768769  -0.20558404]]
[[-0.86222858  0.45493722  0.11883617]
 [-0.39387528 -0.06722022  0.91159722]]
[[ 0.1435813  -0.37271975 -0.38992982]
 [ 0.58206974 -0.63279058 -0.61663358]]
[[-0.45085767 -0.03262213 -0.20710699]
 [-0.10335167  0.30777111 -0.68612389]]
[[ 0.82272599  0.62229977 -0.07606141]
 [-0.01130058 -0.54258701  0.27389049]]
[[-0.93110451  0.61688695  0.90929045]
 [-0.50429685 -0.40902572 -0.98402931]]
[[ 0.58181354 -0.69833764  0.4588595 ]
 [ 0.02770222  0.03912761  0.03775481]]
[[-0.94455714  0.56983166  0.91939119]
 [-0.52222149  0.02117426 -0.77929414]]
[[ 0.80641769  0.73959757  0.51471108]
 [ 0.68857492  0.56002374 -0.65065086]]
[[ 0.27557719  0.58162702  0.84606338]
 [ 0.02265594 -0.23146656 -0.58645633]]
[[ 0.17068756  0.43948674 -0.20149261]
 [ 0.53695689  0.88381952  0.04885382]]
[[ 0.54751308 -0.70408321  0.22626886]
 [-0.08733368  0.27929593 -0.00924872]]
[[ 0.08493691 -0.96318574 -0.08077892]
 [ 0.39341566 -0.8278554   0.17846924]]
[[-0.36610051 -0.55804313  0.44806561]
 [ 0.31085684 -0.03884961  0.20012099]]
[[-0.2246407  -0.0696974  -0.25265492]
 [-0.5018911  -0.10850107 -0.60557875]]
[[ 1.13699587  0.48927278 -0.77574825]
 [-0.68014345 -0.19202608  0.55987208]]
[[-0.00103849 -0.43370588 -0.80979655]
 [-0.12257798  0.51140156  0.99380375]]
[[-0.32011764  0.80476231 -0.88688544]
 [ 0.84028333 -0.08209853 -0.77555526]]
[[-0.1118439   0.26883141  0.09767448]
 [ 0.34049248  0.24616561  0.38905296]]
[[ 0.77223382  0.69356555  0.66243485]
 [-0.3169922   0.83378972  0.50675728]]
[[-0.88041035 -0.62142321  0.09751381]
 [-0.442263    0.3825386   0.18557866]]
[[-0.33439604  0.81041991  0.57164433]
 [-0.0700799   0.28615499  0.18840938]]
[[-0.81387542 -0.05927462  0.49380273]
 [ 0.26982552  0.55665937  0.07448026]]
[[ 0.21772021  0.53205869 -0.1347055 ]
 [ 0.19388442  0.56387976 -0.23491113]]
[[-0.56069937 -0.85075811  0.138692  ]
 [ 0.29192286  0.07609968  0.88349013]]
[[ 0.6614669   0.56793769 -0.17088218]
 [ 0.46395248  0.3530398  -0.66327193]]
[[ 0.45448424 -0.87824257  0.22130126]
 [ 0.00935351 -0.87064638 -0.10284472]]
[[-0.62992428 -0.34799363 -0.35165056]
 [-0.89787163  0.31631843  0.44555629]]
[[-0.84843901 -0.01274486  0.92776416]
 [-0.84273875 -0.63826056 -0.81077799]]
[[-0.9705168   0.11474703  0.00702025]
 [ 0.54344083  0.36722248  0.36295058]]
[[ 0.61509701 -0.41201353 -0.56114834]
 [-0.65277794 -0.01991537  0.02220512]]
[[ 0.40403397 -0.61199573 -0.19668069]
 [-0.86659537 -0.25508287 -0.51240916]]
[[ 0.30177984 -0.95042321 -0.37418786]
 [-0.74887275  0.34193773 -0.20127341]]
[[-0.93956413  0.89548445  0.43470789]
 [-0.1921671  -0.38818329 -0.28177448]]
[[-0.3575847   0.76837952 -0.22726672]
 [-0.46166761 -0.46387887  0.53350062]]
[[ 0.47370397 -0.02673816 -0.01441969]
 [-0.24907459  0.33829384  0.29959161]]
[[ 0.09994227 -0.8514035  -0.9414339 ]
 [ 0.13341105  0.52612183  0.50587373]]
[[-0.62018669  0.60896582 -0.37968154]
 [ 0.42820223  0.1819627   0.36277177]]
[[-0.72848825 -0.4821238  -0.43299507]
 [-0.2326264  -0.73646529 -0.52947838]]
[[-0.78810199 -0.81067858  0.14715637]
 [-0.81983797  0.23644655 -0.68284722]]
[[-0.18963592  0.69490511 -0.61954203]
 [-0.68594463 -1.14213028 -0.41910343]]
[[ 8.24902444e-02 -3.45421330e-04  3.75848404e-01]
 [ 5.53774761e-01  6.31774313e-01 -8.32498910e-02]]
[[ 0.49255531  0.52543236 -0.75509531]
 [ 0.34189464  0.38211573  0.63846608]]
[[-0.13296801 -0.91416093 -0.24019256]
 [-0.52989118 -0.31668958 -0.45746326]]
[[-0.96164038 -0.37349536  0.05918358]
 [ 0.83803945 -0.09240482  0.78721899]]
[[ 0.16368933  0.33816755 -0.70886225]
 [ 0.13908241  0.910971    0.13454301]]
[[-0.37712246 -0.43147814 -1.0173903 ]
 [ 0.07971096  0.01975272 -0.41232014]]
[[ 0.2180263   0.43077769  0.82820737]
 [ 0.57873669  0.33645747 -0.2346227 ]]
[[-0.56921272  0.8049799  -0.04200929]
 [ 0.00838456 -0.24454643 -0.07236846]]
[[-0.93688531 -0.88233169 -0.23040723]
 [ 0.7523019  -0.0199565   0.87561104]]
[[ 0.21258702 -0.18552761 -0.59786722]
 [ 0.75072704  0.20571161  0.12838177]]
[[ 0.3000107  -0.02259898  0.52478789]
 [ 0.00855122  0.68953285  0.4369092 ]]
[[-1.06208442 -0.0051816  -0.84161049]
 [ 0.51860643 -0.94482282  0.16975539]]
[[ 0.78217155 -0.55884717  0.89785161]
 [ 0.12222792 -0.92811664  0.202953  ]]
[[-0.22003285 -0.27604819 -0.0296789 ]
 [-0.32003799 -0.55437577  0.27400108]]
[[-0.5559322   0.62079028  0.79950734]
 [ 0.19102492 -0.46811893 -0.51474187]]
[[ 0.40065832 -0.21550064 -0.04342888]
 [ 0.33374598  0.00614144  0.10328476]]
[[ 0.19542125 -0.16607672  0.95941532]
 [ 0.16012653  1.01003245 -0.56006812]]
[[-0.03694138  0.31118486  0.4023834 ]
 [-0.5783011  -0.3215621  -0.2508366 ]]
[[ 0.70575505  0.01222935  0.15017949]
 [ 0.66514035 -0.33535201 -0.11466957]]
[[-0.81854481 -0.9261049   0.82319673]
 [ 0.64151369  0.63116428 -0.77916018]]
[[-0.41123409  0.46196519 -0.54466838]
 [ 0.0815763   0.32754637  0.03060764]]
[[-0.98774862  0.15346208 -0.23600818]
 [-0.56039188  0.91319662 -0.64999692]]
[[-0.2225582  -0.07958163  0.38289668]
 [-0.67660436 -0.63466308 -0.61425236]]
[[ 0.63679726  0.57400151  0.21568615]
 [ 0.70460198  0.60387972 -0.14683721]]
[[-0.5622879   0.65436713 -0.80207643]
 [ 0.24907284 -0.459814    0.33718848]]
[[ 0.20304894 -0.03902461 -0.75078727]
 [ 0.4869092   0.22737899 -0.48628333]]
[[ 0.0542934   0.80836408  0.99249438]
 [ 0.32848876  0.05528524 -0.05607965]]
[[-0.82199335  0.31273471  0.03336571]
 [ 0.61079768  0.0854621  -0.46621355]]
[[ 0.86040071 -0.45540385 -0.61415402]
 [-0.72112632 -0.80767017  0.43247085]]
[[-0.27969902 -0.64336621 -0.11944566]
 [-0.45399039 -0.38179039 -0.5461502 ]]
[[-0.70391928  0.87815798 -0.8431702 ]
 [-0.60753289 -0.19386781 -0.71254066]]
[[-0.79984198  0.91374517  0.942981  ]
 [-0.1175115   0.14817273  0.6061478 ]]
[[ 0.63154419 -0.16549241  0.67814755]
 [-1.00209285 -0.38762096  0.07563709]]
[[-0.24939762 -0.33143191  0.24943452]
 [-0.16890051 -0.22584959  0.14637675]]
[[-0.80025611  0.31905308  0.20233401]
 [-0.06111506  0.66416912  0.57251377]]
[[-0.41019371  0.52043284 -0.47124136]
 [-0.78121931  0.23669534 -0.85257631]]
[[ 0.18156874 -0.80936495  0.15336751]
 [ 0.37300824  0.66369066  0.36268067]]
[[-0.71720748 -0.33399096 -0.19752052]
 [ 0.35991843 -0.10026192 -0.31830695]]
[[ 0.40600787 -0.00730434  0.81341328]
 [ 0.55778794  0.75605372  0.33366596]]
[[ 0.04979435  0.16900881 -0.84960305]
 [ 0.03970275  0.10216742 -0.47985797]]
[[-0.01991686 -0.67903205  0.9219635 ]
 [-0.04379608  0.40688506 -0.58443573]]
[[ 0.71108882 -0.38599026  0.48366488]
 [ 0.08944733 -0.62876229 -0.05910634]]
[[ 0.76634407  0.32254203 -0.18699466]
 [ 0.33270918  0.57138506  0.18924864]]
