[[0.49977174 0.4992312  0.49923222 0.49876524]]
[[0.49999243 0.49900902 0.49900941 0.49898864]]
[[0.49980563 0.4992032  0.49921067 0.49877802]]
[[0.49978894 0.49923718 0.49922249 0.49875208]]
[[0.49999811 0.49900227 0.49900237 0.49899734]]
[[0.49970276 0.49928066 0.49927127 0.49874254]]
[[0.49977542 0.49924779 0.49923154 0.49874908]]
[[0.49979129 0.49922026 0.49923501 0.49875303]]
[[0.49964978 0.49922203 0.49931107 0.49878256]]
[[0.49993801 0.49907995 0.49906692 0.49891262]]
[[0.49976701 0.49924088 0.49923892 0.49875139]]
[[0.49992019 0.49907981 0.49908159 0.49891935]]
[[0.4997694  0.49924751 0.49923431 0.49874781]]
[[0.49986168 0.49919538 0.4991937  0.49876228]]
[[0.49967796 0.49908043 0.49936209 0.49882833]]
[[0.49980523 0.49919849 0.49923644 0.49875718]]
[[0.49980441 0.49923358 0.49920646 0.49874927]]
[[0.50004359 0.4989544  0.4989545  0.49904706]]
[[0.49994945 0.49906425 0.49905675 0.4989309 ]]
[[0.49998362 0.49901818 0.49902077 0.4989767 ]]
[[0.49977538 0.49924195 0.4992373  0.4987458 ]]
[[0.49986366 0.49917157 0.49916508 0.49877923]]
[[0.49978016 0.49923852 0.49922554 0.49875376]]
[[0.49975657 0.49923811 0.49925357 0.49875064]]
[[0.50001616 0.49898485 0.49898236 0.49901697]]
[[0.49980244 0.49920202 0.49923137 0.49875881]]
[[0.49978152 0.4992349  0.49922322 0.49876172]]
[[0.49989699 0.49912111 0.49912113 0.49886341]]
[[0.49988693 0.49911661 0.4991174  0.49887938]]
[[0.4997886  0.49921367 0.49924219 0.49875384]]
[[0.49976029 0.49923758 0.4992352  0.49876695]]
[[0.49972486 0.49925793 0.49926468 0.49875142]]
[[0.49984403 0.49921694 0.49919419 0.49875575]]
[[0.50000829 0.49899141 0.49899153 0.49900875]]
[[0.49977963 0.49920914 0.49920737 0.49880101]]
[[0.49981298 0.4992259  0.49919724 0.49875963]]
[[0.49992511 0.4990671  0.49907328 0.4989325 ]]
[[0.49999854 0.49900147 0.49900152 0.49899847]]
[[0.49985083 0.49917137 0.49920116 0.49878309]]
[[0.49985802 0.49913761 0.49914499 0.49885722]]
[[0.49985333 0.49915336 0.49915442 0.49883877]]
[[0.50001382 0.49898446 0.49898412 0.49901786]]
[[0.49975342 0.49923844 0.49923893 0.49876868]]
[[0.49979297 0.49921115 0.4992331  0.49876013]]
[[0.49977822 0.49922904 0.49924367 0.49875054]]
[[0.49976304 0.4992414  0.49924301 0.49875198]]
[[0.49990635 0.49910594 0.49909658 0.49889224]]
[[0.49998904 0.49901132 0.49901307 0.49898653]]
[[0.49997575 0.49902546 0.49902848 0.49897016]]
[[0.49980237 0.49919773 0.49919016 0.4988091 ]]
[[0.49987425 0.49913294 0.49912428 0.49886883]]
[[0.49978391 0.49924445 0.49922183 0.49875126]]
[[0.50000308 0.49899669 0.49899667 0.49900349]]
[[0.4997721  0.49922603 0.4992338  0.49876802]]
[[0.49985893 0.49918648 0.49914732 0.49880136]]
[[0.49998223 0.49901903 0.49901934 0.4989794 ]]
[[0.49977257 0.49922386 0.49925204 0.49875141]]
[[0.49991452 0.49908912 0.49909421 0.49890244]]
[[0.49979866 0.49921679 0.49920315 0.4987804 ]]
[[0.49972755 0.49926235 0.49925917 0.4987524 ]]
[[0.49975095 0.49924115 0.49926005 0.49875046]]
[[0.49980338 0.49918469 0.49918108 0.49883122]]
[[0.49976666 0.49923849 0.49924562 0.49875002]]
[[0.49975661 0.49924226 0.49925068 0.49875021]]
[[0.49974691 0.49925424 0.49925063 0.49874858]]
[[0.49985712 0.49917257 0.4991727  0.49877971]]
[[0.49983987 0.49919095 0.4991852  0.49877218]]
[[0.49969846 0.49929028 0.49928409 0.49872839]]
[[0.49995568 0.49904812 0.49905366 0.49894079]]
[[0.49977775 0.4992185  0.49922264 0.49878093]]
[[0.49971518 0.49911914 0.49932452 0.49879783]]
[[0.49979415 0.49923797 0.4992165  0.49875261]]
[[0.49976147 0.49924087 0.4992469  0.49875019]]
[[0.49974142 0.49925817 0.49925758 0.49874278]]
[[0.49978998 0.49922085 0.49923272 0.49875399]]
[[0.49973027 0.49926189 0.49924973 0.49875299]]
[[0.49975451 0.49924619 0.49924708 0.49875197]]
[[0.49974248 0.49923761 0.49925764 0.49875432]]
[[0.49977959 0.49923879 0.4992324  0.49875059]]
[[0.49996843 0.4990335  0.49903197 0.49896614]]
[[0.49981716 0.49918484 0.49925388 0.49875514]]
[[0.49971874 0.49927982 0.49927176 0.49872963]]
[[0.49996353 0.49903942 0.49903623 0.49896096]]
[[0.49972196 0.49928766 0.49928133 0.49871035]]
[[0.49972911 0.49923618 0.49931337 0.49874353]]
[[0.49974986 0.4992549  0.49925211 0.49874313]]
[[0.49971241 0.49927641 0.49930784 0.49870884]]
[[0.49974433 0.4991898  0.49927453 0.4987668 ]]
[[0.49981151 0.49921681 0.49920156 0.49877304]]
[[0.49985462 0.49918456 0.49916703 0.49877995]]
[[0.49977622 0.49923426 0.49924405 0.49874914]]
[[0.50000492 0.49899477 0.49899443 0.4990059 ]]
[[0.4997255  0.49926231 0.49925764 0.49875205]]
[[0.499785   0.49922946 0.49921971 0.49876727]]
[[0.49974485 0.49925053 0.49925458 0.49874966]]
[[0.49988213 0.4991262  0.49912161 0.49886654]]
[[0.49979774 0.49923251 0.49921969 0.49875236]]
[[0.49990466 0.4990928  0.49909475 0.49890611]]
[[0.49978614 0.4992236  0.49923362 0.49875679]]
[[0.50002029 0.49897853 0.49897939 0.49902182]]
[[0.50001227 0.49898453 0.49898741 0.49901583]]
[[0.49981332 0.49918091 0.49918825 0.49881691]]
[[0.49978373 0.49922874 0.49922304 0.4987659 ]]
[[0.49992676 0.49907214 0.49907857 0.4989237 ]]
[[0.49999581 0.49900455 0.49900482 0.49899479]]
[[0.49985376 0.49916828 0.49919033 0.4987771 ]]
[[0.4996817  0.49934686 0.49913692 0.49879768]]
[[0.49975438 0.4992862  0.49922486 0.49874581]]
[[0.50001019 0.4989896  0.49898832 0.49901178]]
[[0.49996202 0.49904273 0.49904013 0.49895533]]
[[0.49972651 0.49926941 0.49927503 0.49872842]]
[[0.49977093 0.49924543 0.49923446 0.49875019]]
[[0.49993046 0.4990765  0.499078   0.49891509]]
[[0.49978556 0.49923223 0.49925433 0.4987322 ]]
[[0.49979637 0.49920378 0.4992428  0.49875526]]
[[0.49976452 0.49923729 0.49924586 0.49875103]]
[[0.4999978  0.49900288 0.49900222 0.49899713]]
[[0.49974871 0.49925174 0.49924863 0.49875078]]
[[0.49985712 0.49919673 0.49919915 0.4987604 ]]
[[0.49975808 0.49924707 0.49924523 0.49874989]]
[[0.49984841 0.49916213 0.49916105 0.49882843]]
[[0.50003534 0.49896389 0.49896034 0.49904001]]
[[0.49979052 0.49920952 0.49922108 0.49877821]]
[[0.49974904 0.49925011 0.49925166 0.49874921]]
[[0.49983984 0.4991654  0.4991647  0.49883075]]
[[0.49981078 0.49924911 0.49918549 0.49875681]]
[[0.49979379 0.49920553 0.49925841 0.49874328]]
[[0.49977383 0.49921199 0.49927669 0.49874765]]
[[0.49981306 0.49920747 0.49920964 0.49876179]]
[[0.49974446 0.49925713 0.49925078 0.49874842]]
[[0.5000058  0.49899377 0.49899388 0.49900643]]
[[0.49978315 0.49925692 0.49921204 0.49875102]]
[[0.49981392 0.49922153 0.49921115 0.49875954]]
[[0.49978792 0.4992176  0.49922706 0.49876419]]
[[0.4998016  0.49925727 0.49924112 0.49871075]]
[[0.49999247 0.49900777 0.4990079  0.49899179]]
[[0.49986473 0.49916167 0.49916792 0.49878787]]
[[0.49987616 0.49912851 0.49912649 0.49886792]]
[[0.49973316 0.49930326 0.49926861 0.49869438]]
[[0.49971263 0.49925782 0.49927146 0.49875404]]
[[0.49986742 0.49915054 0.49919047 0.49877004]]
[[0.49998821 0.49901292 0.49901304 0.49898603]]
[[0.49978698 0.49923019 0.49922507 0.49875423]]
[[0.49974161 0.49925447 0.49925407 0.49875   ]]
[[0.49983293 0.49916063 0.49922224 0.49878442]]
[[0.49976327 0.4992248  0.49927279 0.49874726]]
[[0.49978132 0.49922016 0.49921728 0.49878139]]
[[0.49976581 0.49924353 0.49924247 0.49874965]]
[[0.4997925  0.49922009 0.49922757 0.49875528]]
[[0.49997766 0.4990917  0.49909444 0.49885889]]
[[0.49996168 0.49904156 0.4990454  0.49895233]]
[[0.49967353 0.4993269  0.49932693 0.49867138]]
[[0.49975055 0.4992549  0.49924492 0.49875293]]
[[0.49982407 0.4992387  0.49917512 0.49876184]]
[[0.49985402 0.49920154 0.49917812 0.4987759 ]]
[[0.49978863 0.49923787 0.4992269  0.49875032]]
[[0.49983171 0.49917425 0.49917723 0.49881787]]
[[0.49975631 0.49924437 0.49924898 0.49875015]]
[[0.4997862  0.49920847 0.49920275 0.49880198]]
[[0.49975571 0.49924973 0.49924801 0.49874572]]
[[0.4997418  0.49925334 0.49925553 0.49874976]]
[[0.4997825  0.49923269 0.49923009 0.49875275]]
[[0.49981525 0.49925515 0.49920062 0.49873466]]
[[0.49985222 0.49915669 0.49914511 0.49884599]]
[[0.49976141 0.49923236 0.49923401 0.49877271]]
[[0.49999633 0.49900779 0.4990071  0.49898986]]
[[0.4999986  0.49900152 0.49900155 0.49899833]]
[[0.49974435 0.49925438 0.49925331 0.49875069]]
[[0.49974302 0.49925503 0.49925223 0.49874979]]
[[0.49971638 0.49923686 0.49927801 0.49875766]]
[[0.49992535 0.49907365 0.49907932 0.49892246]]
[[0.49973929 0.4992392  0.49926286 0.49875315]]
[[0.49972941 0.49924295 0.49929587 0.49874542]]
[[0.49979282 0.4992107  0.4992151  0.49878086]]
[[0.49999873 0.49900136 0.49900142 0.4989985 ]]
[[0.49980391 0.49922652 0.4992083  0.49876384]]
[[0.49971458 0.49927404 0.49925255 0.4987533 ]]
[[0.49973479 0.49926406 0.49926111 0.49873982]]
[[0.49970061 0.49929516 0.4992858  0.49871211]]
[[0.49980037 0.49919536 0.49924262 0.49875764]]
[[0.49976364 0.49923371 0.49923093 0.49877174]]
[[0.49984104 0.49918254 0.49916408 0.49881292]]
[[0.49979001 0.49923446 0.4992219  0.49875297]]
[[0.49979341 0.49918573 0.49921003 0.49880531]]
[[0.49983168 0.49918885 0.49920662 0.49876626]]
[[0.49979651 0.49921826 0.49922208 0.49875706]]
[[0.49976069 0.49926315 0.49925075 0.49872789]]
[[0.49975343 0.49924358 0.49924508 0.49875746]]
[[0.49975672 0.49925576 0.49925153 0.49873383]]
[[0.49976676 0.49924425 0.49923946 0.49874832]]
[[0.49982394 0.49922802 0.49921574 0.49874248]]
[[0.49987202 0.4991428  0.49913622 0.49884623]]
[[0.49999237 0.49900835 0.49900809 0.49899107]]
[[0.49980939 0.49920792 0.49919706 0.49878575]]
[[0.49982579 0.49920761 0.49921676 0.49875791]]
[[0.49989146 0.4991122  0.499123   0.49887283]]
[[0.49980403 0.49920204 0.49920308 0.49879037]]
[[0.49985672 0.49919012 0.49920563 0.49876061]]
[[0.49976541 0.49923372 0.49923686 0.49876523]]
[[0.49977432 0.49923318 0.49924324 0.49875065]]
[[0.49974028 0.49925636 0.49925215 0.49875049]]
[[0.49975405 0.49924564 0.49924576 0.49875155]]
[[0.49998388 0.4990163  0.49901449 0.49898505]]
[[0.49976189 0.49924567 0.49924118 0.49875057]]
[[0.4998538  0.49921591 0.49916158 0.49877295]]
[[0.50002882 0.49895905 0.49895618 0.4990521 ]]
[[0.49971818 0.49928032 0.4992687  0.49873022]]
[[0.49974696 0.4992508  0.49925219 0.4987502 ]]
[[0.4997928  0.4992313  0.49921438 0.49875616]]
[[0.50002101 0.49897822 0.49897701 0.49902374]]
[[0.49988531 0.49912403 0.49911997 0.49886667]]
[[0.49967352 0.49922915 0.49930166 0.49877133]]
[[0.49980217 0.49921021 0.49923371 0.49875436]]
[[0.4999018  0.49910464 0.49913764 0.49885823]]
[[0.49999648 0.49900374 0.49900378 0.49899598]]
[[0.49998132 0.4990235  0.49902411 0.49896816]]
[[0.49980468 0.49922341 0.49922253 0.49875276]]
[[0.49971061 0.49928596 0.49929381 0.49870888]]
[[0.49973596 0.49925292 0.49925303 0.49875808]]
[[0.49996272 0.49903757 0.49904217 0.4989591 ]]
[[0.49983668 0.4991775  0.49917014 0.49881517]]
[[0.49982845 0.49920627 0.49920087 0.49876188]]
[[0.49968719 0.49928914 0.49928806 0.49873511]]
[[0.49981875 0.4992191  0.49918715 0.49877728]]
[[0.49981381 0.49920494 0.49919793 0.49878351]]
[[0.49974752 0.49924986 0.49925252 0.49874997]]
[[0.49977864 0.49923392 0.49923234 0.49875263]]
[[0.49975477 0.49924804 0.49924495 0.49875078]]
[[0.49975564 0.49924637 0.49924484 0.49875309]]
[[0.49979451 0.4992247  0.49922896 0.49875512]]
[[0.5000345  0.49896372 0.49896401 0.499038  ]]
[[0.49995843 0.49904643 0.49904388 0.49895165]]
[[0.49982585 0.49917668 0.49918667 0.49881056]]
[[0.49972717 0.49926036 0.49926346 0.49874891]]
[[0.49978398 0.49923327 0.49922949 0.49875233]]
[[0.49981451 0.49919803 0.49922363 0.49876739]]
[[0.49974967 0.49922719 0.49922669 0.49879541]]
[[0.49980366 0.49922179 0.49921454 0.49875665]]
[[0.49993156 0.49907414 0.49906279 0.49892943]]
[[0.49980497 0.4991904  0.49919846 0.49880783]]
[[0.49990696 0.49909729 0.49909789 0.49889793]]
[[0.49978321 0.49921456 0.49920836 0.49879354]]
[[0.50003633 0.49896141 0.49896139 0.49904068]]
[[0.49986014 0.49914223 0.49914432 0.49885352]]
[[0.49986971 0.49915494 0.49915826 0.49880422]]
[[0.49987867 0.49910895 0.49910709 0.49890514]]
[[0.49982886 0.49916534 0.49916949 0.49883625]]
[[0.49978817 0.49920263 0.49923336 0.49877287]]
[[0.49993812 0.49906012 0.49905792 0.49894289]]
[[0.49997025 0.49903314 0.49903681 0.49896055]]
[[0.49973539 0.49925623 0.49925703 0.49875153]]
[[0.49977872 0.49924284 0.49922416 0.49875246]]
[[0.49999025 0.49900981 0.49901049 0.49898958]]
[[0.49974877 0.49925698 0.49924292 0.4987505 ]]
[[0.49982498 0.4991718  0.49917509 0.49882778]]
[[0.49986998 0.49914275 0.49913641 0.49884694]]
[[0.49981796 0.49922066 0.49919806 0.49875324]]
[[0.49983345 0.49923969 0.49916713 0.49876921]]
[[0.49972071 0.49926525 0.49926431 0.49874959]]
[[0.4999408  0.49905925 0.49905515 0.49894295]]
[[0.4997636  0.49922374 0.49924781 0.49876917]]
[[0.50004142 0.49895814 0.49895758 0.49904315]]
[[0.49989198 0.49911159 0.49911296 0.49888255]]
[[0.49996845 0.49903485 0.49903311 0.49896368]]
[[0.49986878 0.49913263 0.49912613 0.49887188]]
[[0.49974399 0.49925536 0.49924968 0.49875032]]
[[0.49998311 0.49901618 0.49901964 0.49898195]]
[[0.49997058 0.49903315 0.49902832 0.49896746]]
[[0.49998582 0.4990152  0.49901687 0.49898223]]
[[0.49986919 0.49919548 0.49913471 0.49878917]]
[[0.49980716 0.49923215 0.49921051 0.4987535 ]]
[[0.4998302  0.49916671 0.49917451 0.49882845]]
[[0.49977357 0.49923046 0.49923729 0.49876139]]
[[0.5000109  0.49898778 0.49898594 0.49901557]]
[[0.49998326 0.49901895 0.499018   0.49897945]]
[[0.49972333 0.49925128 0.4992678  0.49875321]]
[[0.49985747 0.49919498 0.49918325 0.49876767]]
[[0.49975998 0.49923283 0.4992609  0.4987491 ]]
[[0.4997427  0.49925866 0.49926241 0.49873592]]
[[0.4997285  0.49927511 0.49926623 0.49873071]]
[[0.49990698 0.49909999 0.49909896 0.49889337]]
[[0.49993193 0.49906614 0.49907203 0.49892991]]
[[0.49999644 0.49900343 0.49900338 0.49899679]]
[[0.49978059 0.49923886 0.49922913 0.49875146]]
[[0.4999868  0.49901354 0.49901698 0.49898272]]
[[0.49993008 0.49906979 0.4990722  0.49892706]]
[[0.49975763 0.49924014 0.49924985 0.49875286]]
[[0.49999502 0.49900463 0.49900471 0.49899564]]
[[0.50000706 0.49899224 0.49899273 0.499008  ]]
[[0.49975443 0.499257   0.49923348 0.49875192]]
[[0.49988979 0.49913296 0.499111   0.49886394]]
[[0.49976315 0.49924689 0.49923937 0.49875039]]
[[0.49973266 0.4992686  0.49926816 0.49873102]]
[[0.49981641 0.4992186  0.49920953 0.49876092]]
[[0.4996908  0.49930834 0.49930261 0.49869726]]
[[0.49978445 0.49922149 0.49922219 0.49877285]]
[[0.4997772  0.49925084 0.49922771 0.49874891]]
[[0.4998585  0.49913124 0.49912997 0.49888029]]
[[0.49973659 0.4992721  0.4992493  0.49874645]]
[[0.49979598 0.4992188  0.49919153 0.49879106]]
[[0.49972367 0.49927752 0.49928307 0.49871737]]
[[0.49975461 0.49924613 0.49924932 0.49874999]]
[[0.49984144 0.49916286 0.49916747 0.49882851]]
[[0.49977734 0.49923202 0.4992381  0.49875165]]
[[0.49973025 0.49926388 0.49926177 0.49874527]]
[[0.49976338 0.4992414  0.49924622 0.49874963]]
[[0.49980293 0.49925175 0.49918416 0.49875857]]
[[0.49982745 0.49918036 0.49917752 0.49881653]]
[[0.49999262 0.49900758 0.49900963 0.49899008]]
[[0.4998138  0.4991933  0.49920058 0.49879272]]
[[0.49999926 0.49900077 0.49900085 0.49899913]]
[[0.49975683 0.4992457  0.49924737 0.49875034]]
[[0.50001256 0.49898676 0.49898697 0.49901354]]
[[0.49978108 0.49922136 0.49920936 0.49878698]]
[[0.49995246 0.49905591 0.4990502  0.49894231]]
[[0.50000439 0.49899551 0.4989955  0.49900457]]
[[0.49972016 0.4992745  0.4992821  0.498722  ]]
[[0.49978103 0.49922914 0.49923879 0.49875136]]
[[0.49985397 0.49915801 0.49915058 0.49883707]]
[[0.49976575 0.49924578 0.49924384 0.49874854]]
[[0.49981352 0.49919774 0.49921637 0.49877557]]
[[0.50003513 0.49896601 0.49896319 0.4990356 ]]
[[0.49988611 0.49916726 0.49912993 0.49880052]]
[[0.49993167 0.49911903 0.49914196 0.49882401]]
[[0.49978638 0.4992345  0.49922361 0.49875337]]
[[0.49988347 0.49915867 0.49919662 0.49877519]]
[[0.4998292  0.49924044 0.49916928 0.49876247]]
[[0.49974953 0.49925029 0.49925056 0.49874839]]
[[0.49973081 0.49924732 0.49925585 0.49876868]]
[[0.49974804 0.49926089 0.49924826 0.4987417 ]]
[[0.49979467 0.49923327 0.49921092 0.49875627]]
[[0.49997222 0.49902704 0.49902749 0.49897342]]
[[0.49973883 0.49930411 0.49930403 0.4986633 ]]
[[0.49998521 0.49901771 0.49901932 0.49897727]]
[[0.50000027 0.4989997  0.49899968 0.49900035]]
[[0.49984119 0.4991593  0.49918866 0.4988115 ]]
[[0.49990175 0.49910838 0.4991065  0.49888047]]
[[0.49970419 0.49929418 0.49928163 0.4987218 ]]
[[0.49996316 0.49904049 0.49903973 0.4989564 ]]
[[0.50003409 0.49896427 0.49896597 0.49903545]]
[[0.49970999 0.49929355 0.49929373 0.49870435]]
[[0.49993452 0.49908665 0.49909366 0.49889078]]
[[0.49980955 0.49919004 0.49924536 0.4987565 ]]
[[0.4998763  0.49912843 0.49912538 0.49886932]]
[[0.50000423 0.4989953  0.49899536 0.49900516]]
[[0.49973489 0.49926404 0.49926339 0.49873747]]
[[0.49972184 0.49926178 0.49926499 0.49875208]]
[[0.49977426 0.49923579 0.49922707 0.49876316]]
[[0.49983435 0.49916443 0.49915727 0.49884386]]
[[0.49980584 0.49922918 0.49920285 0.49875793]]
[[0.49975871 0.49924888 0.49924246 0.49875006]]
[[0.49990383 0.49911503 0.49911948 0.49884957]]
[[0.49976501 0.49924344 0.49924307 0.4987497 ]]
[[0.49973512 0.49925879 0.49925728 0.49874895]]
[[0.49979178 0.49924861 0.49923833 0.49872839]]
[[0.49980202 0.49924684 0.49918977 0.49875806]]
[[0.49973875 0.49926222 0.49926255 0.49873648]]
[[0.49977837 0.49922729 0.4992449  0.49875069]]
[[0.49977241 0.49924044 0.49923684 0.49875073]]
[[0.49977906 0.49922485 0.49922821 0.49876926]]
[[0.49997051 0.49903169 0.49903188 0.49896565]]
[[0.49976494 0.49923802 0.49926243 0.49873524]]
[[0.49982323 0.49922301 0.49919648 0.49874357]]
[[0.49972454 0.49927395 0.49927273 0.49872802]]
[[0.49997048 0.49904571 0.49902748 0.49895481]]
[[0.49982039 0.49918723 0.49920012 0.49879317]]
[[0.49975092 0.49925584 0.49920751 0.49877283]]
[[0.50000007 0.49899991 0.4989999  0.49900012]]
[[0.49980417 0.49922857 0.49922221 0.49875113]]
[[0.49976333 0.49924513 0.49924254 0.49874983]]
[[0.49978905 0.49919656 0.49925254 0.4987569 ]]
[[0.49982269 0.49921432 0.49918333 0.4987812 ]]
[[0.49999127 0.49901069 0.49900977 0.49898799]]
[[0.49977229 0.49924755 0.49923098 0.4987503 ]]
[[0.49998885 0.49901046 0.49901035 0.49899026]]
[[0.4998382  0.49916671 0.49919686 0.49879427]]
[[0.49976552 0.49922081 0.49925658 0.49875313]]
[[0.49974801 0.49924872 0.49925302 0.49875009]]
[[0.5   0.499 0.499 0.499]]
[[0.49971168 0.49929339 0.49929482 0.49870005]]
[[0.49993776 0.49907079 0.49908426 0.4989096 ]]
[[0.4998762  0.49912797 0.49912792 0.4988681 ]]
[[0.50000603 0.49899349 0.498994   0.49900659]]
[[0.49971524 0.49928209 0.49928968 0.49871372]]
[[0.49985758 0.49914614 0.49914817 0.49884685]]
[[0.49999446 0.49900831 0.49900707 0.49898859]]
[[0.49980749 0.49922606 0.499209   0.49875622]]
[[0.49976802 0.49923209 0.4992358  0.49876369]]
[[0.49977923 0.49922638 0.49922718 0.49876815]]
[[0.49974387 0.49925103 0.4992425  0.49876041]]
[[0.50000665 0.49899192 0.49899137 0.49900973]]
[[0.49981743 0.49919754 0.49921333 0.49876359]]
[[0.49995262 0.4990491  0.49905442 0.49894416]]
[[0.49973649 0.4992473  0.49922462 0.49878351]]
[[0.49997184 0.49902902 0.49902767 0.49897109]]
[[0.49974681 0.49922511 0.4992949  0.49874576]]
[[0.49974539 0.49925631 0.49925935 0.49873887]]
[[0.49979442 0.49919296 0.49922913 0.49879163]]
[[0.49977114 0.49922762 0.49923402 0.4987672 ]]
[[0.49998634 0.49901394 0.49901404 0.49898546]]
[[0.49977643 0.49925672 0.49922088 0.49874975]]
[[0.49968906 0.49931061 0.49930356 0.49869649]]
[[0.4998456  0.49915268 0.49915375 0.49884855]]
[[0.49976053 0.49925245 0.49923773 0.49874993]]
[[0.49997941 0.49902283 0.49902182 0.49897539]]
[[0.50002691 0.49896833 0.49896968 0.49903633]]
[[0.49980103 0.49923874 0.49920358 0.4987555 ]]
[[0.49978028 0.49923827 0.49923553 0.49874948]]
[[0.49994738 0.49904878 0.49905314 0.49895013]]
[[0.49986395 0.49913628 0.49914473 0.4988535 ]]
[[0.4999422  0.49910828 0.49910294 0.49885972]]
[[0.49976366 0.49924174 0.49924684 0.49874973]]
[[0.49983735 0.4991628  0.49917749 0.49882319]]
[[0.49989861 0.49909821 0.49910136 0.49890165]]
[[0.49998539 0.49901554 0.49901719 0.49898202]]
[[0.4999445  0.49906203 0.49907765 0.49890854]]
[[0.49980628 0.49921825 0.49920968 0.49875919]]
[[0.49973972 0.4992541  0.49926016 0.49874883]]
[[0.49989827 0.49909823 0.49908972 0.49891255]]
[[0.49973237 0.4992656  0.49926625 0.49873513]]
[[0.49977716 0.49922607 0.49922972 0.49876992]]
[[0.49981629 0.49922337 0.49920883 0.49875505]]
[[0.49971159 0.4992766  0.4992828  0.49873131]]
[[0.49980764 0.49925539 0.49916478 0.49876462]]
[[0.4997499  0.49924983 0.49924996 0.49875033]]
[[0.49979    0.49921947 0.49923826 0.49875254]]
[[0.49975074 0.49925273 0.49925153 0.49874521]]
[[0.49974622 0.49924986 0.4992536  0.49875012]]
[[0.49979006 0.4992181  0.4991977  0.49879761]]
[[0.4997671  0.49924448 0.49923823 0.49875036]]
[[0.49971307 0.4992676  0.49926825 0.49875121]]
[[0.4999742  0.49902854 0.49902807 0.49896853]]
[[0.5   0.499 0.499 0.499]]
[[0.49998514 0.49901621 0.4990155  0.49898256]]
[[0.49996787 0.49903184 0.49903154 0.49896886]]
[[0.49986518 0.49913629 0.49913864 0.49886039]]
[[0.49978908 0.49922597 0.49923168 0.49875271]]
[[0.49973033 0.4992747  0.49927484 0.49871945]]
[[0.4997957  0.49920722 0.49924462 0.49875347]]
[[0.49978913 0.49924285 0.49921626 0.49875241]]
[[0.49992984 0.4990703  0.49908556 0.49891406]]
[[0.49995433 0.49904823 0.4990493  0.49894761]]
[[0.49969113 0.4992968  0.49929946 0.49871345]]
[[0.49998116 0.49902001 0.49902217 0.49897683]]
[[0.4997606  0.49924997 0.49923616 0.49875134]]
[[0.49982614 0.4991664  0.49917588 0.49883241]]
[[0.49996618 0.49904434 0.4990365  0.49895357]]
[[0.49995296 0.49904705 0.49905028 0.49894994]]
[[0.49977174 0.4992016  0.49921562 0.49880746]]
[[0.49983368 0.49918189 0.49917817 0.49880892]]
[[0.4998076  0.49922012 0.49922232 0.49875557]]
[[0.49973899 0.49925692 0.49925449 0.49874996]]
[[0.49976113 0.49919843 0.49926918 0.49875924]]
[[0.4998101  0.49920052 0.49923766 0.49875479]]
[[0.49983584 0.49918689 0.49920278 0.49878046]]
[[0.49996338 0.49903883 0.49903661 0.4989617 ]]
[[0.49980687 0.49919715 0.49919049 0.49880435]]
[[0.5000122  0.49898755 0.49898662 0.49901362]]
[[0.49979534 0.49921037 0.49923683 0.49875503]]
[[0.49975434 0.4992499  0.49924392 0.49875066]]
[[0.49970185 0.49929222 0.49927972 0.49872988]]
[[0.49974035 0.49925698 0.49925759 0.49874849]]
[[0.49971518 0.49927945 0.49928219 0.49872307]]
[[0.50002979 0.49896696 0.49896824 0.49903439]]
[[0.49978838 0.49924218 0.49921217 0.49875679]]
[[0.49989557 0.4991053  0.49909314 0.49891029]]
[[0.49977925 0.49924917 0.49921846 0.49875227]]
[[0.49970548 0.49927438 0.49927116 0.49874998]]
[[0.49976863 0.49928141 0.49921718 0.49873901]]
[[0.49999918 0.49900093 0.49900085 0.49899907]]
[[0.49972273 0.49927243 0.49927899 0.49872581]]
[[0.49974003 0.49920924 0.49931253 0.49874875]]
[[0.49999497 0.49900497 0.49900484 0.49899521]]
[[0.49994526 0.49905727 0.49905672 0.49894128]]
[[0.49997809 0.49902415 0.49902232 0.49897517]]
[[0.49977868 0.49923814 0.49923659 0.49874962]]
[[0.49978237 0.49925137 0.49922038 0.49874608]]
[[0.49975423 0.49924257 0.49925521 0.49874936]]
[[0.49975279 0.49924808 0.49924971 0.49874981]]
[[0.49977278 0.49925648 0.49923244 0.49874679]]
[[0.49975411 0.49924705 0.49926497 0.4987339 ]]
[[0.4997893  0.49923501 0.49923143 0.49874949]]
[[0.4999905  0.49901261 0.49901128 0.49898599]]
[[0.49975209 0.49923278 0.49924635 0.49876671]]
[[0.49993493 0.49907421 0.4990668  0.49892367]]
[[0.49976224 0.49923448 0.49924344 0.49875941]]
[[0.49996131 0.49904566 0.49904589 0.49894815]]
[[0.49975496 0.49924828 0.49924572 0.49875034]]
[[0.49973949 0.49929219 0.49927362 0.49869059]]
[[0.49986648 0.49912614 0.49913186 0.49887588]]
[[0.4999003  0.49909384 0.4990923  0.49891364]]
[[0.49980201 0.49922938 0.49922855 0.49874908]]
[[0.4997608  0.49924766 0.49924267 0.49874926]]
[[0.499989   0.49901792 0.49901704 0.4989777 ]]
[[0.49979474 0.49921374 0.4992431  0.49875172]]
[[0.49988609 0.49911508 0.49913374 0.49886502]]
[[0.49973092 0.49926021 0.49925455 0.49875174]]
[[0.50005331 0.49894356 0.4989437  0.49905956]]
[[0.49975383 0.49924097 0.49926428 0.4987435 ]]
[[0.50000019 0.49899979 0.49899979 0.49900023]]
[[0.49988554 0.49913504 0.49913589 0.49884632]]
[[0.49989224 0.49911044 0.49912402 0.49887671]]
[[0.49996254 0.49903595 0.499061   0.49893145]]
[[0.49982104 0.49917675 0.49918128 0.49882009]]
[[0.49974364 0.49926057 0.49926602 0.49872803]]
[[0.49999362 0.49900691 0.49900666 0.49899266]]
[[0.50002366 0.49897622 0.49897567 0.49902489]]
[[0.49989056 0.49911158 0.49911202 0.49888738]]
[[0.49975822 0.49924558 0.49924974 0.49874888]]
[[0.49974564 0.49925952 0.49925559 0.49873993]]
[[0.4996964  0.49928174 0.49928396 0.49873626]]
[[0.4999543  0.49904388 0.49904381 0.49895763]]
[[0.49983606 0.49918839 0.49919388 0.49876755]]
[[0.49986023 0.49916959 0.4991738  0.49878246]]
[[0.49984392 0.49917838 0.49916563 0.49880648]]
[[0.4998008  0.49922069 0.4992105  0.49877077]]
[[0.49981397 0.49920494 0.49922726 0.498759  ]]
[[0.49979008 0.49923087 0.49922025 0.49875484]]
[[0.4997527  0.49924496 0.49925353 0.49874963]]
[[0.4997767  0.49922135 0.49925256 0.49875082]]
[[0.49980306 0.49923492 0.49919344 0.49875913]]
[[0.49990701 0.49910649 0.49910956 0.49888035]]
[[0.49986923 0.49912972 0.49913455 0.49886683]]
[[0.49974129 0.49924469 0.49927887 0.49874568]]
[[0.49976699 0.49922646 0.49926065 0.49874929]]
[[0.4997995  0.49923486 0.49921869 0.49875145]]
[[0.49993554 0.49906098 0.49906532 0.49893832]]
[[0.49989661 0.49910608 0.49912705 0.49887045]]
[[0.49969575 0.49932721 0.49931227 0.49866402]]
[[0.49968274 0.49929948 0.49929781 0.49872135]]
[[0.49970887 0.49929454 0.49929383 0.49870197]]
[[0.49967349 0.49927336 0.49928939 0.49875696]]
[[0.49971071 0.49928411 0.49928563 0.49872001]]
[[0.49998302 0.49901776 0.49901804 0.49898095]]
[[0.4996807  0.49928497 0.49928585 0.49874843]]
[[0.49974434 0.49925661 0.49926748 0.4987309 ]]
[[0.49979974 0.49924607 0.49919715 0.49875589]]
[[0.49985518 0.49916134 0.49915034 0.49883202]]
[[0.50000017 0.49899977 0.49899978 0.49900027]]
[[0.49968729 0.49930173 0.49931015 0.49870071]]
[[0.49997479 0.49902694 0.49902642 0.49897211]]
[[0.49986754 0.49914381 0.49916317 0.49882918]]
[[0.4997482  0.49924716 0.49925341 0.49875041]]
[[0.49978994 0.49922328 0.49923365 0.49875277]]
[[0.4997961  0.49922537 0.49921723 0.49875613]]
[[0.49991587 0.49908512 0.49910997 0.49888827]]
[[0.49983357 0.49916144 0.49923939 0.49876536]]
[[0.49975179 0.4992621  0.49923923 0.49874913]]
[[0.49980513 0.49920058 0.49920338 0.49879059]]
[[0.4999152  0.4990909  0.49908617 0.49890695]]
[[0.50000001 0.49899999 0.49899999 0.49900001]]
[[0.49978034 0.49922819 0.49923059 0.49876133]]
[[0.49971911 0.49928467 0.49929284 0.49870159]]
[[0.49996666 0.49904333 0.49904235 0.49894998]]
[[0.49991202 0.49909335 0.49909213 0.49890366]]
[[0.49970854 0.49927978 0.49928943 0.49872302]]
[[0.49977686 0.49922483 0.49924374 0.49875466]]
[[0.49976947 0.49924521 0.49923298 0.49875122]]
