[[-26.51747259  19.56763408  19.56830448]]
[[-20.46087266 -20.46110866  53.18360904]]
[[-20.45792744  53.17651167 -20.45794256]]
[[ 19.56769872 -26.51581787  19.56626021]]
[[ 19.5851379  -26.52842027  19.56434101]]
[[ 59.53774109 -27.95129146 -19.91494186]]
[[ 8.57264776 14.12991729 -8.5726478 ]]
[[ 19.56797331 -26.51758826  19.56822089]]
[[-27.96054633  59.54067064 -19.90834533]]
[[ 53.15252361 -20.4478404  -20.44748637]]
[[ 18.9261221   30.05557506 -35.59716417]]
[[-35.59331361  30.04332869  18.93283335]]
[[ 53.17271577 -20.456934   -20.45556803]]
[[-26.51435093  19.56517443  19.56712095]]
[[  4.28920588  73.14639946 -59.00363663]]
[[-20.46329718  53.1898921  -20.46410251]]
[[ 53.17771054 -20.45825878 -20.45862981]]
[[ 30.04678938  18.93234846 -35.59580938]]
[[ 19.56690023  19.5683173  -26.51678951]]
[[-20.46220361 -20.4623682   53.18660097]]
[[-26.51841374  19.56582485  19.57133698]]
[[10.03517063 12.68200738 -8.33428989]]
[[-20.46611099  53.19532579 -20.46605888]]
[[-19.92022674  59.53317169 -27.94190978]]
[[ 19.56803304  19.56710192 -26.51662515]]
[[ 18.93217938 -35.59565307  30.04678877]]
[[-19.92376199  59.52882546 -27.93455895]]
[[ 19.56783596  19.56731699 -26.51676339]]
[[-35.59774558  18.92664155  30.05563991]]
[[-26.52146964  19.57285498  19.56805871]]
[[ 19.57277822 -26.52134172  19.56789888]]
[[-27.94573884  59.53460249 -19.91782931]]
[[-26.52686942  19.57526376  19.57222479]]
[[-35.59590961  18.93371896  30.04528771]]
[[ 53.23263852 -20.48237828 -20.4826181 ]]
[[-20.46385024 -20.46402902  53.19041366]]
[[-19.90600833 -27.96406317  59.54202856]]
[[-26.52257601  19.5760999   19.56614724]]
[[ 19.56729816  19.5678036  -26.51673304]]
[[ 19.56937654 -26.52917601  19.5809552 ]]
[[-35.59595503  30.04929968  18.93027373]]
[[-35.59720416  30.05319992  18.92822296]]
[[-27.94179784  59.53337895 -19.92047705]]
[[ 53.19332569 -20.46478557 -20.46558946]]
[[-20.45337449  53.1654918  -20.4530166 ]]
[[-35.54875686  18.91067406  30.01888361]]
[[-26.51496794  19.56732356  19.56571375]]
[[  4.25558324 -59.00402602  73.14701187]]
[[ 30.07229536  18.91481242 -35.60019555]]
[[ 59.53264107 -19.92135764 -27.94028971]]
[[-35.59550241  30.04501674  18.93355487]]
[[-8.57216775 14.12949723  8.57216771]]
[[-35.59643172  30.05177813  18.92871051]]
[[ 19.56372295 -26.51371768  19.56777125]]
[[-20.46307227  53.18874784 -20.46336104]]
[[ 30.05101974  18.92960172 -35.59669389]]
[[-35.55352952  30.02061013  18.91360194]]
[[ 53.15062101 -20.44693076 -20.44678933]]
[[-20.46621049 -20.46578013  53.19511335]]
[[-19.9198177  -27.94402322  59.53502103]]
[[ 18.92752541 -35.578396    30.03250996]]
[[ 59.53854864 -27.95051584 -19.91645449]]
[[ 53.18776569 -20.4627764  -20.46280805]]
[[-20.46159184  53.1851136  -20.46172623]]
[[-27.92921718 -19.92334379  59.52178338]]
[[-20.44990902  53.15800849 -20.45011253]]
[[-20.46522073  53.19321111 -20.46510262]]
[[-19.92253361  59.53195131 -27.93845677]]
[[ 53.19065709 -20.46438947 -20.46367483]]
[[-35.59718533  18.92238177  30.0599478 ]]
[[-26.51988764  19.5718724   19.56708159]]
[[  5.08759284  73.14113454 -59.00104604]]
[[ 53.17717031 -20.45819365 -20.45823591]]
[[-59.00289168  73.1451776    4.3709925 ]]
[[  4.77910192  73.14311995 -59.00216601]]
[[-26.51564072  19.5668935   19.56691466]]
[[ 30.05062606  18.92958112 -35.59632862]]
[[ 19.56638767  19.5685114  -26.51652003]]
[[ 19.56662866 -26.51570963  19.5672937 ]]
[[ 30.04939456  18.93094149 -35.596671  ]]
[[ 19.57007725 -26.51992177  19.5688679 ]]
[[-27.95788597  59.54289326 -19.91318544]]
[[ 19.56745732  19.56778532 -26.5168176 ]]
[[-19.91332532  59.53856023 -27.95380774]]
[[-35.59307181  18.93387457  30.04188342]]
[[-26.52079709  19.56752503  19.57244991]]
[[-35.57663328  30.03297157  18.92539343]]
[[-19.88818689  59.54518601 -27.98461258]]
[[ 19.56708423  19.56759117 -26.51637003]]
[[-20.46778796 -20.46735248  53.19871729]]
[[-20.46996067  53.20398819 -20.46972692]]
[[ 30.05446159 -35.59679137  18.9267368 ]]
[[ 59.53956172 -19.9123514  -27.95562392]]
[[ 59.53465089 -27.94507713 -19.91841621]]
[[-27.94110652 -19.92038081  59.53237933]]
[[ 19.57703427  19.56923601 -26.52586543]]
[[ 19.56663579 -26.51353509  19.56457996]]
[[ 59.54303649 -27.97151017 -19.89946387]]
[[-59.00138786  73.14166812   5.01818255]]
[[-19.86961436 -28.00508419  59.54750396]]
[[ 18.92247202  30.06160014 -35.59865078]]
[[-20.49416023  53.26051456 -20.49578778]]
[[-26.5155417   19.56759886  19.56604809]]
[[ 18.93431527  30.04169107 -35.59341432]]
[[-35.5988478   30.06270102  18.92169436]]
[[ 30.05094418 -35.59608355  18.9290779 ]]
[[  4.10036183 -59.00448958  73.14824282]]
[[ 53.15423621 -20.44816581 -20.4486202 ]]
[[ 30.04515351 -35.59312083  18.93112662]]
[[ 19.56659949  19.57181365 -26.51944287]]
[[ 30.05541432  18.92611158 -35.59706672]]
[[ 18.9207005   30.06319926 -35.59829666]]
[[ 19.56688168  19.57273617 -26.52051397]]
[[ 73.1392076    5.40524008 -58.99984706]]
[[ 19.56714424 -26.51502252  19.56596367]]
[[-35.59692354  18.92509365  30.05639872]]
[[-35.59574791  30.04959024  18.92987576]]
[[-20.45472094  53.17012313 -20.45559582]]
[[-26.51554263  19.56806216  19.56568932]]
[[ 18.90471094 -35.60094478  30.0850043 ]]
[[ 19.57142466  19.56981798 -26.52176376]]
[[ 30.04615679  18.9328471  -35.5957611 ]]
[[ 53.19182588 -20.46438346 -20.46473345]]
[[-27.94271804  59.53139913 -19.91817131]]
[[ 30.05193473  18.92838831 -35.59629657]]
[[-35.59778992  30.05964564  18.9232468 ]]
[[ 53.18621894 -20.46249801 -20.46172381]]
[[-20.44125204 -20.44227585  53.13869508]]
[[-20.47015902  53.20493325 -20.47037946]]
[[ 53.18717115 -20.46247375 -20.46263254]]
[[ 30.04409744 -35.59557877  18.9344145 ]]
[[ 73.14394938 -59.00257363   4.64660337]]
[[ 19.56788928 -26.51620044  19.56654721]]
[[-27.9430187  -19.91966965  59.53365468]]
[[ 19.57075045  19.57089556 -26.52209941]]
[[-26.53041591  19.58303427  19.56882018]]
[[-20.45344721 -20.45349045  53.16609464]]
[[-26.52312646  19.56536489  19.57744755]]
[[ 73.14042063 -59.00081367   5.38119385]]
[[-27.95084307 -19.91510209  59.53734155]]
[[-20.46818603  53.20022689 -20.46822466]]
[[-35.59896384  18.92159488  30.06296834]]
[[ 18.92041798  30.02973723 -35.5686511 ]]
[[-27.94009785 -19.92123583  59.5322327 ]]
[[ 30.06109272  18.92232479 -35.59811994]]
[[ 30.04176905 -35.59050839  18.93146841]]
[[ 19.57033605 -26.50611201  19.55235088]]
[[ 19.56840922 -26.51470019  19.56434844]]
[[-20.46772562  53.19853489 -20.46724374]]
[[ 19.5714559  -26.52488034  19.57360139]]
[[ 19.56772988  19.5675141  -26.51683274]]
[[ 18.92864203  30.05099997 -35.59585886]]
[[-20.44706256 -20.44648817  53.15046076]]
[[ 30.05672943 -35.59696351  18.92490938]]
[[ 19.56727726 -26.51755102  19.56885062]]
[[-26.5091746   19.55767259  19.56870683]]
[[ 30.05532928  18.92613245 -35.59695348]]
[[-20.49394171  53.25639003 -20.49257361]]
[[ 19.56721395  19.5688235  -26.51744983]]
[[-20.45762746  53.17567246 -20.4575054 ]]
[[-27.93435239 -19.92107985  59.52497383]]
[[-20.46792916  53.19939089 -20.46776141]]
[[ 19.57118962  19.5683693  -26.52037557]]
[[ 59.54143702 -27.9602787  -19.90932558]]
[[-35.59450939  30.04312533  18.93411186]]
[[-26.52628454  19.56751613  19.57924889]]
[[  4.19902789 -59.00417459  73.14742321]]
[[-27.90423013  59.51078828 -19.93768573]]
[[ 19.56754562 -26.51731497  19.56826486]]
[[-19.89547403  59.54441034 -27.97676587]]
[[ 30.04498381 -35.59406745  18.9321591 ]]
[[-26.51520985  19.56661251  19.5668146 ]]
[[-19.92662972 -27.9299978   59.52709894]]
[[ 19.56666592  19.57275184 -26.52028487]]
[[-35.59645976  18.92911748  30.05131268]]
[[-26.51624079  19.56676595  19.56785196]]
[[-27.92348133  59.52359556 -19.92990334]]
[[ 53.16522357 -20.45362861 -20.45254156]]
[[ 19.56818468  19.56275171 -26.51318969]]
[[-26.51660164  19.56721422  19.56780606]]
[[-20.49217205 -20.49369085  53.25601   ]]
[[-20.44866987  53.15500971 -20.44880825]]
[[ 18.92632667 -35.58402738  30.04041153]]
[[ 19.56823286  19.56292551 -26.51331306]]
[[ 30.04541302 -35.59539795  18.93312515]]
[[-20.46849575 -20.46806073  53.20034717]]
[[-26.52187892  19.56882218  19.57251802]]
[[ 19.56854808 -26.51606519  19.56572165]]
[[ 30.05713469  18.92432805 -35.59686829]]
[[ 30.07405757 -35.5987979   18.9114124 ]]
[[-30.02477264  74.77805285 -30.44806458]]
[[-35.59662617  30.05223367  18.92850334]]
[[-26.52468545  19.56639956  19.57845416]]
[[ 30.05742046  18.92504063 -35.59766826]]
[[-26.52008065  19.56921823  19.56996801]]
[[ 18.92781328  30.05371879 -35.59727726]]
[[-20.46156478 -20.4614004   53.18474721]]
[[-26.51680518  19.56814546  19.56699389]]
[[ 30.0497165   18.93031855 -35.59631688]]
[[ 19.56856894 -26.52088317  19.57157787]]
[[-26.51654963  19.56866404  19.56623859]]
[[ 19.56531987 -26.5143896   19.56691752]]
[[ 19.55976525 -26.51016374  19.56753537]]
[[-26.51229128  19.56176227  19.56812255]]
[[-26.51748658  19.56819627  19.56788632]]
[[-26.51509318  19.56689156  19.56629193]]
[[-27.94892782  59.53672198 -19.91641562]]
[[-27.95004987 -19.91491975  59.53603132]]
[[ 8.74464497 -8.74464481 14.1278566 ]]
[[-26.52771621  19.56868053  19.5798395 ]]
[[-20.46974939  53.20424435 -20.47017443]]
[[ 19.56864684 -26.51841502  19.56856559]]
[[-35.59552124  18.93040041  30.04867228]]
[[ 19.56749235 -26.51699241  19.56796519]]
[[ 30.04292074 -35.59516694  18.93502875]]
[[ 53.1662709  -20.45361006 -20.45345971]]
[[  4.38719714  73.14599157 -59.00359083]]
[[ 53.18906611 -20.46279375 -20.46409895]]
[[ 59.53676052 -19.91689681 -27.94852107]]
[[ 30.03681454  18.93531063 -35.59014238]]
[[-35.59883595  30.0626353   18.92171023]]
[[ 73.14308762 -59.00226116   4.84684014]]
[[-27.95002713 -19.91624216  59.53777682]]
[[-26.51692045  19.56698712  19.56836345]]
[[-20.45537896 -20.45560578  53.17083484]]
[[ 30.04511346  18.92925878 -35.59122831]]
[[ 19.57139989  19.5680201  -26.52025514]]
[[  4.10445288  73.14796137 -59.00427798]]
[[ 30.05868422 -35.59769894  18.92388426]]
[[ 30.07381535  18.91359284 -35.60033825]]
[[ 19.566713   -26.5192368   19.57147936]]
[[ 19.56653564  19.57338336 -26.52071281]]
[[ 18.93186894  30.04740656 -35.59593023]]
[[-20.46936296 -20.46830516  53.20165663]]
[[ 8.6542765  14.12580017 -8.65427647]]
[[ 59.54179442 -27.95990699 -19.91006596]]
[[ 59.53775101 -27.9502668  -19.91600892]]
[[ 18.91792369  30.04301657 -35.57765684]]
[[-19.91636316 -27.94958931  59.5374369 ]]
[[ 59.52733257 -27.93045144 -19.92641535]]
[[ 19.57014771  19.59760307 -26.54313484]]
[[-20.49316851  53.25595983 -20.49264208]]
[[ 18.93057487  30.04871205 -35.59568299]]
[[ 30.05207105  18.92864823 -35.59666156]]
[[-20.44956037  53.15704857 -20.44964993]]
[[-27.94302345 -19.9204893   59.53475601]]
[[-27.89536122  59.50664818 -19.9426372 ]]
[[  5.08158083 -59.00137041  73.14154204]]
[[-27.95940361  59.54129134 -19.91003351]]
[[ 19.5672817  -26.51717828  19.56840863]]
[[-27.9428297  -19.91993054  59.53381222]]
[[-20.46976487  53.2037265  -20.4697355 ]]
[[-35.58925539  18.93220947  30.03946489]]
[[-20.50682845 -20.51259735  53.29283473]]
[[ 53.24796711 -20.48834405 -20.49032701]]
[[-20.47102557 -20.47106227  53.20668969]]
[[12.992868   -8.41799909  9.82893108]]
[[-32.78879782 -27.68439009  74.77845104]]
[[ 59.54315018 -19.90657426 -27.96466422]]
[[-27.97578045 -19.89636286  59.54436705]]
[[-35.58145822  18.92813626  30.03535452]]
[[ 59.54358796 -19.59244806 -28.27470204]]
[[ 19.56752426 -26.52078495  19.57251857]]
[[ 19.57111099 -26.52086443  19.56904868]]
[[-20.47262599 -20.47185243  53.20942406]]
[[-20.49279042  53.25596021 -20.49303856]]
[[ 30.03924986 -35.58950311  18.93267395]]
[[-19.8891143   59.54546847 -27.98395161]]
[[ 19.56659846 -26.51915521  19.57149785]]
[[-20.46036716  53.18229219 -20.46046803]]
[[ 18.92555534 -35.59607544  30.05499968]]
[[ 18.92301339  30.03420985 -35.57517127]]
[[ 19.56845422 -26.5111194   19.56008495]]
[[ 53.12510158 -20.43566061 -20.4364318 ]]
[[  96.9556129  -188.49838948  102.19958806]]
[[-26.51529207  19.56810323  19.56538302]]
[[ 19.56479648 -26.51399277  19.56710047]]
[[ 18.92822801  30.04112625 -35.58665132]]
[[ 19.56900469 -26.51764332  19.56717868]]
[[ 18.92261165  30.03092817 -35.57182368]]
[[ 30.0690779  -35.59993778  18.91726026]]
[[-20.47139768 -20.47212015  53.20833267]]
[[ 19.5700161  -26.50693686  19.55370428]]
[[ 19.56658206  19.56407815 -26.51317936]]
[[ 18.92902174  30.04898918 -35.59433442]]
[[ 53.22309615 -20.47866357 -20.47786628]]
[[-20.46575086 -20.46632917  53.19521946]]
[[-27.91277369 -19.93531111  59.51781673]]
[[-19.84739013 -28.02687688  59.54730473]]
[[-27.9879014   59.54499072 -19.8847574 ]]
[[ 53.19675423 -20.4663234  -20.46704744]]
[[ 19.56641491 -26.51830147  19.57044036]]
[[ 19.57336713  19.56913213 -26.5228201 ]]
[[ 19.56772252  19.56833482 -26.51769024]]
[[-19.907827    59.54245321 -27.96285777]]
[[ 19.5681334   19.5676087  -26.51725021]]
[[ 30.04202902  18.92534922 -35.58448068]]
[[-27.93470577 -19.92490942  59.53048354]]
[[-20.45023935  53.15682861 -20.44865741]]
[[ 19.56568296 -26.51588416  19.56843443]]
[[  92.91435492  106.22133612 -188.47906474]]
[[ 53.15133179 -20.44707206 -20.44734022]]
[[ 19.57468092 -26.5225861   19.56747699]]
[[-26.5183716   19.56847278  19.56862473]]
[[-19.93127415 -27.91958511  59.52072015]]
[[ 53.15320783 -20.44796468 -20.44789864]]
[[ 19.56860477 -26.51844186  19.56862713]]
[[-20.44878498 -20.44859959  53.15496851]]
[[ 18.93109846 -35.59529245  30.04766478]]
[[ 19.57212264  19.57020871 -26.52269797]]
[[-26.51490555  19.56771981  19.56523046]]
[[-27.9634772  -19.90488733  59.53975122]]
[[ 30.04472506  18.93394637 -35.59564375]]
[[ 19.56818727 -26.516918    19.56716318]]
[[ 19.56741099 -26.5161094   19.56698204]]
[[-35.59527795  18.93511431  30.04294924]]
[[-27.93877344 -19.92234202  59.5319933 ]]
[[ 19.56751589  19.56723199 -26.51639649]]
[[-20.46105829 -20.46003741  53.18258454]]
[[-19.91515473  59.53862921 -27.95192583]]
[[-19.92587738 -27.93204826  59.52855474]]
[[ 19.56541915  19.56678353 -26.51428538]]
[[-20.46528559  53.19349454 -20.4652833 ]]
[[ 19.56801396  19.56527713 -26.51519268]]
[[ 30.03166091  18.9236774  -35.57360188]]
[[ 19.56734306 -26.5168963   19.56796861]]
[[ 19.56646372 -26.5196762   19.57223416]]
[[ 19.56953891 -26.528488    19.57986351]]
[[ 18.91623755  30.02140354 -35.55672026]]
[[ 59.53665313 -27.94968872 -19.91568622]]
[[ 19.56682449  19.56793777 -26.51633811]]
[[ 19.56449597  19.56582457 -26.51272482]]
[[ 53.25703888 -20.49402149 -20.49281691]]
[[-20.44895907 -20.44916893  53.15581916]]
[[ 30.04417122 -35.5953042   18.93410963]]
[[ 19.57204157  19.56628435 -26.51938611]]
[[ 19.56914763 -26.52354848  19.57429836]]
[[-20.42884552  53.10689666 -20.42807945]]
[[-35.59678008  18.92858243  30.05227083]]
[[-35.59541657  18.93461691  30.0437221 ]]
[[ 19.56732515 -26.52217976  19.5744342 ]]
[[ 19.56652956 -26.5167067   19.56858946]]
[[-35.59595903  18.92523338  30.05524311]]
[[ 30.06563971 -35.59909791  18.91940322]]
[[ 30.05209234  18.92846594 -35.59647512]]
[[ 19.56415046  19.5650818  -26.51214369]]
[[-27.94154673  59.53343157 -19.92076984]]
[[ 59.52960909 -19.92406147 -27.93487271]]
[[ 18.93858891  30.03605957 -35.59289506]]
[[ 30.08259268  18.9053502  -35.59951458]]
[[ 30.02848989  18.92152637 -35.56858502]]
[[-20.46418338  53.190334   -20.46362881]]
[[-19.91261061  59.54295332 -27.95856652]]
[[-19.92388338  59.530238   -27.93560332]]
[[ 19.57074277 -26.52006607  19.56838613]]
[[  4.91205066  73.14271461 -59.00206902]]
[[-20.4745402  -20.47537715  53.21508807]]
[[-26.51599741  19.56710592  19.56711579]]
[[-26.51460288  19.56471814  19.56788515]]
[[ 19.55357656 -26.5065429   19.56946498]]
[[ 73.14678015 -59.00395096   4.29178461]]
[[ 19.56681603 -26.51637946  19.56787275]]
[[ 53.16659963 -20.45337018 -20.45395881]]
[[ 19.5586605  -26.51003516  19.56856378]]
[[-20.4587021   53.17821497 -20.45861901]]
[[ 19.56384985 -26.51380222  19.56782181]]
[[ 19.56468359  19.56814233 -26.51472745]]
[[ 18.92960002  30.05049188 -35.59622355]]
[[-35.59761511  30.06307541  18.92016772]]
[[ 59.53905364 -27.95646675 -19.91117658]]
[[-35.59932954  30.0677567   18.91779389]]
[[ 19.56601817  19.56716944 -26.51516195]]
[[ 53.16306295 -20.45231424 -20.45199526]]
[[ 19.56793989  19.56768939 -26.51719781]]
[[ 59.54298999 -27.96699426 -19.90393455]]
[[ 53.1949289  -20.4654985  -20.46629601]]
[[14.13001341 -8.69347657  8.69347669]]
[[-20.49402409 -20.4942073   53.25849955]]
[[ 18.92856404 -35.59641913  30.05191604]]
[[-26.53075406  19.57377163  19.57846838]]
[[ 19.56912002  19.57192099 -26.52159504]]
[[ 18.92478347 -35.59773312  30.05773781]]
[[-26.51934044  19.57094157  19.56739828]]
[[-27.9605563   59.5399086  -19.90783243]]
[[-26.51940019  19.57102578  19.56733559]]
[[ 53.19296776 -20.46497466 -20.4651188 ]]
[[ 19.56713255  19.56768963 -26.51646089]]
[[ 59.54299065 -27.96380663 -19.90724039]]
[[ 30.0568101  -35.59757096  18.92542947]]
[[-19.89743655 -27.97405714  59.54360783]]
[[ 19.56718956  19.57110618 -26.5193369 ]]
[[-20.46281346 -20.46203799  53.18693478]]
[[ 19.57039443 -26.51816198  19.56659597]]
[[-19.91145775  59.5396031  -27.95643257]]
[[ 19.57628457 -26.52316178  19.56668042]]
[[ 18.93038921 -35.59586341  30.04909002]]
[[-20.42424555  53.09663163 -20.42410817]]
[[-35.59394879  18.93137958  30.04572986]]
[[-27.94248409  59.5328675  -19.91947711]]
[[ 53.20620896 -20.47060421 -20.47102988]]
[[ 18.9229527   30.02902507 -35.57068966]]
[[-35.55414917  18.91325153  30.02170321]]
[[ 18.94039559  30.03376036 -35.59266293]]
[[ 53.1673473  -20.45417645 -20.4538078 ]]
[[ 19.58214506  19.56576767 -26.52717046]]
[[ 18.93012128 -35.59631913  30.04997578]]
[[-26.51674705  19.56693642  19.56824287]]
[[-26.51721586  19.56897635  19.56674825]]
[[ 30.02729632  18.94480617 -35.59143155]]
[[-20.46868348 -20.46834831  53.20095396]]
[[-26.52273692  19.57477323  19.56765836]]
[[ 19.56623504 -26.51578137  19.56776139]]
[[ 18.93474077 -35.5921876   30.03982561]]
[[ 18.92093395  30.0327643  -35.57171113]]
[[ 19.56596018 -26.51761656  19.57026269]]
[[ 53.20014907 -20.4682459  -20.46809704]]
[[-19.93646548  59.51138194 -27.90604947]]
[[-19.91847931 -27.94603266  59.53582101]]
[[ 59.53597441 -19.91841839 -27.94619206]]
[[-20.50339517  53.278123   -20.50254911]]
[[ 30.04985011 -35.59583723  18.92970569]]
[[-59.00282678  73.14435743   4.61199048]]
[[-27.94093006  59.53241328 -19.92059572]]
[[ 19.56905904  19.56804891 -26.51833884]]
[[-59.00205966  73.14299026   4.77747497]]
[[ 19.56748074  19.56757686 -26.51667125]]
[[-26.52350692  19.56735509  19.57594273]]
[[-20.49688418  53.26402924 -20.49633135]]
[[-27.95033052  59.53738881 -19.91558409]]
[[-27.94492934 -19.91857379  59.53460509]]
[[-20.4956088   53.26102669 -20.49490056]]
[[-26.52060158  19.56961247  19.57025092]]
[[ 19.57191977 -26.51992178  19.56710135]]
[[ 53.21127529 -20.47299333 -20.47310555]]
[[ 18.93587433 -35.5949771   30.04169292]]
[[ 19.55573031  19.56922808 -26.50813605]]
[[ 53.18107305 -20.46000526 -20.45978635]]
[[-35.59804688  30.05787739  18.92500154]]
[[14.12963323  8.61551497 -8.61551495]]
[[-59.00103484  73.14085199   5.25914164]]
[[ 19.56683177 -26.51839482  19.57032584]]
[[-27.97630706  59.54499566 -19.89641619]]
[[ 59.53582768 -19.91807127 -27.94644462]]
[[ 73.14852521 -59.00462501   4.07559113]]
[[-27.95666256  59.53974486 -19.91143597]]
[[-27.92559117 -19.92855159  59.52440378]]
[[ 19.56572388  19.57122001 -26.51820267]]
[[ 30.04635046 -35.59579056  18.93271381]]
[[-27.95010761  59.53768831 -19.91608268]]
[[ 19.56824446  19.56666502 -26.5165432 ]]
[[ 19.56992959  19.5693544  -26.52016132]]
[[ 59.53304732 -27.9423725  -19.91969433]]
[[-59.00363917   4.34468827  73.14619967]]
[[ 59.53884759 -27.95365604 -19.91366393]]
[[ 19.5696361   19.5705922  -26.52097348]]
[[ 30.03472046  18.94010648 -35.5931731 ]]
[[ 19.57023802  19.56802664 -26.51930253]]
[[ 18.92812133 -35.59636127  30.05236606]]
[[-35.59601726  18.92935468  30.05049447]]
[[-20.46810123  53.20065557 -20.46868593]]
[[-19.92760124  59.52490375 -27.92714569]]
[[ 59.53499497 -27.94448344 -19.91929217]]
[[ 59.53361692 -27.9434816  -19.91918729]]
[[-26.5154705   19.56687029  19.56675615]]
[[-20.4600169   53.18054708 -20.45930895]]
[[ 18.92187447  30.02643831 -35.5670232 ]]
[[ 19.56204439  19.56773321 -26.51227356]]
[[-19.91911458  59.53616853 -27.94567454]]
[[  5.00224942  73.14231957 -59.00188876]]
[[ 18.93214902  30.04712024 -35.59591388]]
[[ 59.53045313 -27.94239352 -19.91769456]]
[[ 18.92986864 -35.59639026  30.05035371]]
[[ 18.92013543 -35.56964263  30.03137735]]
[[ 30.07639488 -35.60130428  18.91232777]]
[[ 19.56990368 -26.51845743  19.56735944]]
[[ 19.56668357  19.56894307 -26.5171245 ]]
[[ 18.92492984 -35.59748561  30.05736095]]
[[ 53.17850818 -20.45865423 -20.45894933]]
[[ 59.53675838 -19.91541854 -27.95006768]]
[[ 30.04012658  18.93016482 -35.58771299]]
[[ 19.56924825  19.56691627 -26.51756475]]
[[14.12746416 -8.54561326  8.54561315]]
[[-26.51772606  19.56855699  19.56779266]]
[[-27.94716906 -19.91754128  59.53600468]]
[[ 19.5690082  -26.51771198  19.56732457]]
[[-20.48862725 -20.48806125  53.24572905]]
[[ 18.90646923  30.08128979 -35.59948833]]
[[-35.59681773  30.05905278  18.92252037]]
[[ 53.15093374 -20.44698082 -20.44700538]]
[[ 19.56330369 -26.51258501  19.56685633]]
[[-27.94122796 -19.92125954  59.53362093]]
[[ 19.56163432 -26.51200494  19.56788491]]
[[ 19.56872227  19.56814451 -26.51832592]]
[[ 19.56663037 -26.51692546  19.56876264]]
[[ 30.04945591  18.93024098 -35.59599496]]
[[ 19.56875691 -26.51985471  19.57016774]]
[[-19.91173316  59.53899532 -27.95583111]]
[[ 19.57371466 -26.5210791   19.56672077]]
[[-19.92695662 -27.92900653  59.52633304]]
[[-26.52951293  19.58196771  19.56885037]]
[[ 18.9254153   30.05641335 -35.59716174]]
[[ 53.17046443 -20.45524682 -20.45540908]]
[[ 53.19137666 -20.4640341  -20.4646641 ]]
[[-19.90944636 -27.96010547  59.54135844]]
[[-20.46591821 -20.4659476   53.19496306]]
[[-20.46879409 -20.4685485   53.20128966]]
[[-20.47434089 -20.47407054  53.21392097]]
[[-27.9317831   59.52866931 -19.92622355]]
[[ 30.05187156  18.92830216 -35.59611888]]
[[-27.95610867 -19.91120832  59.53867946]]
[[-27.94721186 -19.91770585  59.53630385]]
[[-19.88950881 -27.98407796  59.54602471]]
[[-20.46069339  53.1828827  -20.46067434]]
[[ 53.20430153 -20.47017204 -20.46980116]]
[[ 53.20378888 -20.47022916 -20.46929107]]
[[-26.51648252  19.56733264  19.56744973]]
[[ 19.5689893  -26.51661401  19.56599784]]
[[-20.44967587  53.15754726 -20.44994768]]
[[-19.91747732 -27.94783409  59.5366953 ]]
[[ 19.57056381 -26.51968954  19.5681272 ]]
[[-20.45634517 -20.45641148  53.17288073]]
[[ 19.56670655 -26.51212663  19.56280942]]
[[ 30.04183443  18.9356927  -35.59494006]]
[[-19.92362558 -27.93726269  59.53185106]]
[[-26.52285345  19.57251493  19.57005535]]
[[ 19.57209732 -26.52113661  19.56832998]]
[[-20.47535972 -20.47475565  53.21585196]]
[[ 19.56933521  19.56546018 -26.51615957]]
[[ 53.16595083 -20.45346572 -20.45331875]]
[[-27.94751648  59.53678582 -19.91788192]]
[[ 18.9126203   30.07314571 -35.59913563]]
[[-26.5125548   19.56563827  19.56441979]]
[[-27.9244685   59.52391399 -19.92926099]]
[[-26.52153098  19.56797863  19.5729861 ]]
[[-19.91833016  59.53578048 -27.94620972]]
[[-35.59811857  18.9234378   30.05979206]]
[[ 30.05819023  18.9245034  -35.59776694]]
[[ 53.15080053 -20.44727994 -20.44658013]]
[[-26.52366875  19.57315516  19.57041687]]
[[-19.91758899 -27.94720081  59.53608235]]
[[ 73.14401578 -59.00270876   4.68616877]]
[[ 19.56770045 -26.51517674  19.56559391]]
[[-19.91118595  59.54230937 -27.95932921]]
[[ 59.52793195 -19.92653324 -27.93081077]]
[[-20.45640519  53.17252305 -20.45604224]]
[[-20.44998575 -20.45024123  53.15829166]]
[[  4.161915    73.14694927 -59.00366544]]
[[-35.58736864  30.04031312  18.92966137]]
[[-35.60025974  30.07060546  18.91630184]]
[[ 19.56337499 -26.53504728  19.59424503]]
[[-35.59705205  18.92854094  30.05266263]]
[[-26.51699032  19.56632781  19.56912137]]
[[ 18.93468589 -35.59479136  30.04274112]]
[[-26.51796163  19.56871796  19.56790658]]
[[-35.59845948  18.92268098  30.06095786]]
[[ 53.26034436 -20.49531833 -20.49446399]]
[[-26.51774693  19.56676987  19.56960216]]
[[ 19.5677363  -26.51883406  19.56989167]]
[[ 19.56828152 -26.50660045  19.55480948]]
[[ 73.14717766   4.19965253 -59.00397873]]
[[-20.45205001  53.16255565 -20.45183632]]
[[ 18.9314799  -35.59503694  30.04692341]]
[[ 53.19056023 -20.46450658 -20.46346816]]
[[-19.91913155 -27.9464655   59.53700782]]
[[ 30.05832688 -35.59732652  18.92390363]]
[[-35.58666346  30.03646988  18.93221874]]
[[-26.51995173  19.56662367  19.57244598]]
[[ 19.56737361 -26.51514613  19.56598   ]]
[[-35.59678795  18.9254781   30.05574177]]
[[-27.95332194 -19.91300736  59.53754977]]
[[ 19.5702104  -26.51870188  19.56712952]]
[[-35.59870091  30.06241069  18.92177595]]
[[-27.9286035   59.52671238 -19.92765771]]
[[ 30.10323324  18.88814991 -35.59991849]]
[[ 30.04522518  18.93331655 -35.59545679]]
[[-26.52433412  19.56675106  19.5776778 ]]
[[-27.97475795  59.54335041 -19.89644115]]
[[-26.51554467  19.56667369  19.56707867]]
[[ 19.56223914  19.56686725 -26.51172605]]
[[-19.92013517  59.53330044 -27.9421811 ]]
[[-26.52427385  19.5794791   19.56484743]]
[[ 19.56762832  19.56119461 -26.51146033]]
[[-26.52624997  19.56473349  19.5820348 ]]
[[ 30.06388038 -35.5987941   18.92064697]]
[[-20.45380111  53.16639712 -20.45338215]]
[[ 19.56463442 -26.53310195  19.59068105]]
[[-20.47026939 -20.47045286  53.20513418]]
[[-27.94779314  59.53585252 -19.91680777]]
[[-35.57933045  30.03401037  18.92680267]]
[[-19.91235048  59.53997012 -27.95592134]]
[[ 18.91906625 -35.58113613  30.04529052]]
[[-20.45832095  53.17777486 -20.45863691]]
[[-35.59664934  30.05263132  18.92816151]]
[[-19.90870156  59.54254309 -27.96201151]]
[[ 53.1481208  -20.44577107 -20.44581706]]
[[-26.52158167  19.5739894   19.56698897]]
[[ 19.56673348  19.55916716 -26.5091675 ]]
[[-27.93800989 -19.92171169  59.53034113]]
[[-26.53382449  19.57044431  19.58558015]]
[[ 18.92487476  30.05751079 -35.59762665]]
[[ 53.18782357 -20.46260284 -20.46301535]]
[[-20.4691169  -20.46959963  53.20287214]]
[[-27.94839632 -19.9173882   59.53721189]]
[[ 59.53399901 -27.94159809 -19.92122133]]
[[-20.44798149  53.15322553 -20.4479458 ]]
[[ 18.94727888  30.02212876 -35.58950236]]
[[ 19.57411495  19.57534129 -26.52851501]]
[[-20.46669823 -20.46652709  53.19657142]]
[[-59.00281561  73.14441678   4.58495952]]
[[ 18.92149375 -35.56622508  30.02590576]]
[[-20.45324979  53.16500375 -20.45275624]]
[[-20.46108417 -20.46145126  53.18418523]]
[[  4.13475777  73.14796753 -59.0043922 ]]
[[-26.51692666  19.56902403  19.56634579]]
[[ 8.61367428 -8.61367427 14.12930938]]
[[-59.00255906  73.14379917   4.69861311]]
[[-27.93151907  59.52792568 -19.92585393]]
[[-26.5192777   19.56812304  19.57011073]]
[[ 59.5345521  -19.92017426 -27.94321847]]
[[ 30.05392414 -35.59646657  18.92689129]]
[[-26.51945201  19.57180761  19.56656923]]
[[-20.46574604  53.1941958  -20.46547399]]
[[-19.92152799  59.53053534 -27.93842918]]
[[ 59.5475771  -28.01606793 -19.85855408]]
[[-35.59573661  18.92974731  30.04966344]]
[[-20.45454816 -20.45455853  53.16864654]]
[[ 59.53037622 -27.9364481  -19.92319134]]
[[ 30.05602366 -35.59787268  18.92644099]]
[[-35.58745759  18.93254996  30.03706064]]
[[-19.91599738  59.53831037 -27.95075298]]
[[ 30.05083907 -35.5962085   18.92928676]]
[[-20.42091453  53.08869651 -20.42087094]]
[[-26.52068196  19.56765097  19.57227719]]
[[-20.45309171  53.16623552 -20.45391389]]
[[-27.93869488  59.53146124 -19.92195015]]
[[ 19.57811094 -26.52485902  19.56688741]]
[[ 18.9240102   30.05621039 -35.59556747]]
[[ 53.12807591 -20.43745465 -20.43721244]]
[[ 19.57382721 -26.5212407   19.5668091 ]]
[[ 19.56914479  19.56919855 -26.51935309]]
[[-35.59814745  30.05994632  18.92333576]]
[[-20.49066561  53.25049289 -20.49024642]]
[[-27.91300417 -19.93500395  59.51755904]]
[[ 73.14254418   4.94549431 -59.00198435]]
[[ 18.93389756  30.04483457 -35.59567457]]
[[ 19.563814   -26.51383064  19.56787381]]
[[-20.43992635  53.13356591 -20.43931377]]
[[ 18.92058969  30.06462685 -35.5994362 ]]
[[ 53.15679863 -20.45041805 -20.44835526]]
[[ 19.56819143  19.55477253 -26.50655418]]
[[ 19.56706871  19.56692724 -26.51586328]]
[[ 19.56744868 -26.51508722  19.5658052 ]]
[[ 59.53183565 -27.9379822  -19.92291367]]
[[ 19.58101994 -26.52854407  19.56857312]]
[[ 19.56840793 -26.51867744  19.56903925]]
[[ 30.07232743 -35.59739685  18.91206284]]
[[ 30.03548688 -35.58707759  18.93341881]]
[[-20.46264495  53.18740373 -20.46264088]]
[[-27.96438124 -19.90625366  59.54260001]]
[[-35.58550802  18.92963873  30.03817737]]
[[-27.94876904 -19.91619538  59.53634005]]
[[ 19.57483974 -26.52326419  19.56823595]]
[[ 30.0380546  -35.58836653  18.93247845]]
[[-35.59951982  30.06725107  18.91839293]]
[[ 18.93394209  30.04449995 -35.5954455 ]]
[[-20.44704129 -20.44656689  53.15050345]]
[[ 19.57679092 -26.522469    19.56536375]]
[[-26.49834032  19.5418879   19.57175227]]
[[ 53.2939016  -20.51328714 -20.50711192]]
[[-35.57131864  18.92374803  30.02890173]]
[[ 53.18348176 -20.46134606 -20.46050012]]
[[-35.5949196   30.04241534  18.93517967]]
[[ 59.53717813 -19.91678407 -27.94893773]]
[[ 30.04121401  18.93396527 -35.59259116]]
[[ 53.15037053 -20.4466678  -20.44682218]]
[[ 59.54674005 -19.87067134 -28.00342367]]
[[-27.94884193 -19.91650751  59.53671355]]
[[ 30.04063249  18.93596012 -35.59411268]]
[[ 18.92333707  30.03160181 -35.57318407]]
[[ 18.92960276  30.05056234 -35.59634108]]
[[-35.59520869  18.92664849  30.05274503]]
[[ 30.02744031  18.92211557 -35.56822381]]
[[ 30.05383391  18.928077   -35.5976119 ]]
[[-35.59496881  18.93543884  30.04224069]]
[[-27.94527019  59.53446856 -19.91810066]]
[[ 19.58229587 -26.52646332  19.56476098]]
[[ 30.03933644  18.93224282 -35.58922617]]
[[11.08682493 -8.28494589 11.56847016]]
[[-20.46836291  53.20033152 -20.46815271]]
[[-35.59594742  18.93087515  30.0486603 ]]
[[-26.51532195  19.56646434  19.5669223 ]]
[[ 30.06223033 -35.59663399  18.91991023]]
[[ 19.56427971 -26.51324609  19.56666708]]
[[ 19.56693024  19.57517246 -26.52244763]]
[[-19.90935474 -27.96052441  59.5417784 ]]
[[ 19.5702547  -26.5247892   19.57466857]]
[[ 19.56598858 -26.51503719  19.56711896]]
[[ 30.06166338 -35.59868167  18.92241275]]
[[ 30.05630775 -35.59699404  18.92535244]]
[[-19.91242878  59.5398465  -27.95573199]]
[[-19.91495418 -27.95223391  59.53876216]]
[[-19.91584008 -27.95005613  59.53733373]]
[[-19.91425102 -27.9533146   59.53916274]]
[[-20.47043556 -20.47052413  53.20544556]]
[[-20.47476755 -20.47517141  53.21561967]]
[[-28.02021562 -19.85348992  59.54649557]]
[[-35.59553839  30.04458798  18.93395208]]
[[-20.40727597  53.05533969 -20.40708758]]
[[ 30.06439295 -35.59905056  18.92043212]]
[[-20.45484686  53.16894296 -20.45451901]]
[[-35.55024115  18.91214132  30.01892196]]
[[-20.45947464 -20.45858441  53.17900958]]
[[ 73.14711574   4.25433678 -59.00410556]]
[[-26.51311313  19.56297827  19.56778824]]
[[-20.46045996  53.18335389 -20.46127394]]
[[ 59.52951289 -19.92479528 -27.93399745]]
[[-35.59637525  30.0479973   18.93186159]]
[[-28.0039534   59.5463873  -19.86985742]]
[[ 59.54603326 -27.98732549 -19.88622313]]
[[-27.95750106  59.53934302 -19.9101441 ]]
[[-26.52183214  19.57629717  19.56494128]]
[[-27.9357738  -19.92380579  59.5303029 ]]
[[-19.90365766  59.54351173 -27.96783068]]
[[ 19.56147026 -26.51182137  19.56782362]]
[[ 18.92873102 -35.58290889  30.03632683]]
[[ 19.56798049  19.56089822 -26.51157428]]
[[-59.00478299   4.03013723  73.14894008]]
[[ 59.53132943 -19.92322165 -27.93720104]]
[[-20.43655185 -20.43307229  53.12266878]]
[[ 19.56736078  19.56945189 -26.51819607]]
[[-20.46829885  53.20093231 -20.46879669]]
[[-26.50335963  19.54872718  19.57079744]]
[[-26.51907306  19.56708637  19.57087709]]
[[ 73.13545903   5.99256168 -58.99719763]]
[[-27.93606959  59.53000794 -19.92326214]]
[[ 19.5683438   19.56812125 -26.51782619]]
[[ 30.05291584  18.92754729 -35.59629145]]
[[ 73.14907326   4.0202671  -59.00485212]]
[[-19.92691841 -27.92976313  59.52720971]]
[[ 53.25134987 -20.49111452 -20.49062451]]
[[ 19.56792375  19.56644242 -26.51608221]]
[[ 18.91259803 -35.55262148  30.02071702]]
[[ 30.04808589 -35.59513602  18.93056917]]
[[ 59.53657482 -19.91805721 -27.94714819]]
[[ 59.53060777 -19.92429816 -27.93551295]]
[[-27.90894731  59.51467238 -19.93637681]]
[[-26.52138841  19.57022778  19.57056281]]
[[-20.45548687 -20.45559675  53.17094897]]
[[-8.60223003 14.12885249  8.60223002]]
[[-20.48382018  53.23439619 -20.48271796]]
[[ 19.56064091  19.56835656 -26.51159054]]
[[ 53.18024427 -20.46012379 -20.45887554]]
[[ 30.05707557 -35.59700491  18.92472181]]
[[-19.91678234 -27.94877709  59.53694642]]
[[ 19.56628904  19.56677383 -26.51512943]]
[[ 59.5328802  -27.93991419 -19.92198581]]
[[-59.00515107   3.91067596  73.15001739]]
[[-28.04046662 -19.83335876  59.54699719]]
[[-35.59708131  30.05511018  18.92634377]]
[[ 19.56990823  19.57426748 -26.5241734 ]]
[[-35.59494205  30.04378152  18.93407724]]
[[-35.5976735   30.05517206  18.92697418]]
[[ 19.56805105 -26.51778849  19.5683289 ]]
[[ 53.17718147 -20.45852222 -20.45789546]]
[[-35.59700591  30.05059579  18.93027183]]
[[ 18.93484815  30.04317486 -35.59521605]]
[[-35.58670945  30.04415851  18.92572145]]
[[ 19.55840462  19.5688272  -26.51001294]]
[[-26.51725305  19.56883782  19.5669303 ]]
[[ 53.20368165 -20.46959579 -20.46991347]]
[[-26.51044628  19.56773119  19.55983288]]
[[ 53.21730962 -20.47562931 -20.47577073]]
[[-20.46597049  53.19616287 -20.46698826]]
[[ 19.56692437  19.57141962 -26.51940617]]
[[ 19.56225381 -26.51273974  19.56815284]]
[[ 30.05201855 -35.59616227  18.92818183]]
[[-26.52671245  19.56857759  19.57874154]]
[[ 30.03513747  18.93043442 -35.5835981 ]]
[[-59.00220403  73.14295052   4.87838722]]
[[  4.92614939 -59.00196662  73.14256056]]
[[-26.52595882  19.57935426  19.56707184]]
[[-26.51555137  19.56693985  19.5667606 ]]
[[ 19.56575229  19.56735346 -26.51512522]]
[[ 18.92396395  30.05928066 -35.59815939]]
[[-26.51535855  19.56762151  19.56585989]]
[[-20.46890193 -20.4675495   53.20017981]]
[[-19.92703873 -27.92985267  59.527455  ]]
[[  3.96349294  73.14932479 -59.00482214]]
[[ 30.04560995 -35.59222823  18.92972717]]
[[ 19.56759938  19.56134777 -26.51139893]]
[[ 18.90954478 -35.5465808   30.01751155]]
[[ 59.53923353 -27.95597922 -19.91170915]]
[[-26.52718253  19.57244335  19.57543663]]
[[-27.94554115 -19.91814889  59.53479244]]
[[-26.51899523  19.56751252  19.57036505]]
[[ 19.56541435 -26.51289474  19.5650576 ]]
[[-35.59640228  18.92929759  30.0509127 ]]
[[-20.45263961  53.16545571 -20.45366484]]
[[ 18.91178558 -35.5991749   30.0746359 ]]
[[-26.51788185  19.5704325   19.5661679 ]]
[[ 30.05288482 -35.59673634  18.9280182 ]]
[[-27.93670852 -19.92316825  59.53061832]]
[[-27.95589441 -19.91154048  59.53882711]]
[[ 30.04938154  18.93040503 -35.59609537]]
[[-20.46666982  53.19648101 -20.46653885]]
[[ 53.13949983 -20.44214775 -20.44217008]]
[[ 19.58693857 -26.5322962   19.56728921]]
[[-59.00213264   4.8262547   73.14297152]]
[[ 18.92071209 -35.5969485   30.06159904]]
[[-20.50700701  53.28345686 -20.50370695]]
[[ 53.16321224 -20.45238145 -20.45198404]]
[[ 59.5407057  -27.95651219 -19.91243428]]
[[-35.59784424  18.92667462  30.05570223]]
[[ 19.56093263 -26.51143289  19.56789697]]
[[ 53.17361825 -20.45637082 -20.45693831]]
[[ 73.14570033 -59.00326565   4.35468794]]
[[ 30.04370555 -35.5891542   18.92843149]]
[[ 53.17654443 -20.45752099 -20.45841798]]
[[ 19.58303572  19.56841937 -26.53008601]]
[[ 53.1704772  -20.45527608 -20.4553954 ]]
[[ 19.56103561  19.56779713 -26.51153021]]
[[-28.00727242 -19.86707306  59.54711215]]
[[ 19.57248274  19.56730003 -26.52054081]]
[[ 19.56470484 -26.51195037  19.56467558]]
[[ 19.56711718  19.57767953 -26.52473521]]
[[-27.97188813  59.54328165 -19.89940871]]
[[-59.00350967  73.14577998   4.42021342]]
[[ 53.1897813  -20.46388212 -20.46343005]]
[[ 18.9250059   30.03112784 -35.57456312]]
[[-19.92070044  59.53385105 -27.94205303]]
[[ 19.56723156 -26.51715393  19.5684515 ]]
[[ 19.54884288 -26.50370181  19.57102711]]
[[ 19.56694256 -26.51683337  19.56833581]]
[[-19.91894189  59.5353236  -27.94512417]]
[[-27.94875127 -19.9167495   59.53680808]]
[[-20.44583082 -20.44698465  53.14962229]]
[[-26.51577276  19.56565506  19.56837449]]
[[-20.4656103  -20.46348769  53.19193922]]
[[-26.51670159  19.56792421  19.56712798]]
[[ 18.91546642  30.02258704 -35.55704698]]
[[ 19.56787054  19.56615868 -26.51578361]]
[[ 19.57873886  19.56746609 -26.52583712]]
[[ 19.57267609  19.57247942 -26.52498699]]
[[-35.59700759  30.05711268  18.9247252 ]]
[[ 19.58145519 -26.52837018  19.56793452]]
[[ 59.5318203  -27.93782648 -19.92302882]]
[[-19.90101483  59.54402566 -27.97083293]]
[[ 19.56384482 -26.51364931  19.56760916]]
[[-35.59514604  30.04200145  18.93578473]]
[[ 59.5378471  -19.91495088 -27.95140989]]
[[ 18.93044577  30.04869471 -35.59555615]]
[[ 53.1936433  -20.46533025 -20.46536679]]
[[ 19.56916318 -26.5171244   19.56650632]]
[[-35.59458951  30.04098327  18.93609597]]
[[-35.59722396  18.92879371  30.05256187]]
[[ 30.05386273  18.92696722 -35.59655461]]
[[-19.88331469 -27.9898816   59.54567528]]
[[-20.46800099  53.19949565 -20.46777845]]
[[ 53.19031579 -20.46405792 -20.46374499]]
[[-20.47044543  53.20570505 -20.47085063]]
[[  4.37599787  73.14592437 -59.00350617]]
[[-20.45988636 -20.46099696  53.18238011]]
[[ 59.53460103 -19.91954262 -27.94380431]]
[[ 59.52207633 -19.92790122 -27.92445734]]
[[ 18.92681865 -35.57916962  30.03433087]]
[[ 19.56556616 -26.52075814  19.57435116]]
[[-35.59611831  18.9304124   30.04939864]]
[[ 18.9394869  -35.59312073  30.03530152]]
[[ 18.93059443 -35.59526535  30.04816624]]
[[-20.46490969  53.19240158 -20.46469917]]
[[-20.44912682  53.15595817 -20.44917282]]
[[-35.5671771   30.02712328  18.92119526]]
[[ 59.53949061 -19.9125683  -27.95522568]]
[[-20.46662445 -20.46719086  53.19723727]]
[[ 19.56640298  19.56570466 -26.5142006 ]]
[[ 19.57237579  19.56659063 -26.51988502]]
[[-20.46298483  53.1884112  -20.46314503]]
[[ 19.56939847  19.55313687 -26.50608105]]
[[-35.57846655  18.92258688  30.03833434]]
[[13.6284252  -0.69315062  0.94024519]]
[[-20.4671142  -20.46711836  53.19770814]]
[[ 53.14800953 -20.44592122 -20.445626  ]]
[[ 59.54057142 -19.91151322 -27.95748732]]
[[ 30.05813747 -35.5980464   18.92480621]]
[[-27.96689541  59.5407997  -19.90232004]]
[[-19.91833976 -27.94631361  59.53596333]]
[[-35.59573046  18.92861609  30.05103871]]
[[ 53.204781   -20.47042741 -20.46995434]]
[[ 18.92866873  30.05137209 -35.59610416]]
[[-19.9214678   59.52958233 -27.9373764 ]]
[[ 19.57601538  19.57128502 -26.52672162]]
[[-20.43066984 -20.43036554  53.11189994]]
[[ 19.57038094 -26.52153056  19.57061961]]
[[-27.96723911  59.54289462 -19.90359425]]
[[-26.52988557  19.58279755  19.56842122]]
[[-59.00119139  73.14135672   5.05931191]]
[[-35.60006454  18.9076314   30.08047664]]
[[ 19.5707312  -26.52274142  19.57169719]]
[[ 18.93654714  30.03819138 -35.59296597]]
[[-59.00199166   4.57800358  73.14341271]]
[[ 30.07408568 -35.59850967  18.91159408]]
[[ 18.91068408  30.01728554 -35.54726485]]
[[ 19.57563913  19.56735853 -26.52314535]]
[[-35.59919517  18.92029839  30.06472242]]
[[ 19.56583624  19.57239951 -26.51932452]]
[[  4.41756015 -59.00284679  73.14496444]]
[[ 19.56942395 -26.51935243  19.56888807]]
[[ 53.20859485 -20.47172789 -20.4719972 ]]
[[ 18.91468175 -35.55917516  30.02591554]]
[[-20.43687486  53.12750352 -20.43731966]]
[[-19.91221269 -27.95569763  59.53957522]]
[[-20.46961188  53.20357935 -20.46973572]]
[[-19.90987665 -27.95949331  59.5411231 ]]
[[-19.89274265  59.54554031 -27.98042982]]
[[ 19.5680038  -26.51297445  19.56274328]]
[[-26.52216435  19.57662443  19.56527303]]
[[ 19.56976075 -26.51909931  19.56824904]]
[[ 30.05806886  18.9236906  -35.59680724]]
[[ 19.56893648 -26.51852514  19.5683737 ]]
[[-27.93805419 -19.92223092  59.53107871]]
[[ 19.57144591 -26.52030402  19.56801364]]
[[-59.00367633  73.14609126   4.38894648]]
[[-20.46732133  53.19876185 -20.46781004]]
[[-35.59784576  18.92099     30.06236358]]
[[ 30.031779   -35.57483277  18.92471051]]
[[-26.51588274  19.56825505  19.56585038]]
[[ 30.03651767  18.93085413 -35.58527779]]
[[-59.00342719   4.39143852  73.14577328]]
[[-35.59947827  18.92011563  30.06525893]]
[[-26.5120422   19.56572869  19.5637626 ]]
[[-19.92069524 -27.94272338  59.53464382]]
[[-20.44594836 -20.44615086  53.14888986]]
[[ 30.03153028  18.92103967 -35.57086903]]
[[-26.52227816  19.56732828  19.57453829]]
[[  4.17422088 -59.00431824  73.14770533]]
[[ 19.57591004 -26.52576918  19.57020312]]
[[-26.51704471  19.56707745  19.56840007]]
[[ 53.19148417 -20.465101   -20.4636616 ]]
[[ 18.92776065  30.0530476  -35.5966073 ]]
[[ 19.56721877 -26.51428594  19.56498372]]
[[-20.47132796  53.20813992 -20.47201687]]
[[-26.51567389  19.56708194  19.56681862]]
[[ 18.93468078 -35.59196139  30.0396819 ]]
[[ 19.56768701  19.56732211 -26.51662919]]
[[-8.68009289  8.68009299 14.1299946 ]]
[[ 59.53794496 -27.95610104 -19.91035173]]
[[ 18.92297643 -35.59886858  30.0612135 ]]
[[-26.53286659  19.58768825  19.56724957]]
[[-20.46139031 -20.46147522  53.18462279]]
[[-20.4642247  -20.46439292  53.19126593]]
[[ 18.92476716  30.05766378 -35.59759239]]
[[ 18.92363342 -35.59486745  30.05587023]]
[[-19.92319424  59.52818484 -27.93477691]]
[[-26.51910865  19.56845663  19.56952673]]
[[ 30.05221102 -35.59712817  18.92896202]]
[[ 19.57729569 -26.52334074  19.56590954]]
[[ 53.17112098 -20.45567914 -20.45558102]]
[[ 19.56738299  19.5670115  -26.51602327]]
[[ 59.52953745 -27.93279817 -19.92600381]]
[[-35.60091437  18.91405281  30.07394671]]
[[ 19.56924713  19.56837383 -26.51879093]]
[[-35.59633203  30.04806176  18.93178594]]
[[-35.59642705  30.05379866  18.92699233]]
[[-20.47143148  53.20753651 -20.47138449]]
[[-20.4870182  -20.48761677  53.243313  ]]
[[ 19.5713361  -26.51940281  19.56705339]]
[[ 30.05466518  18.9270316  -35.59725528]]
[[-27.91285754  59.51680172 -19.93455119]]
[[-27.94363514  59.5344259  -19.91966668]]
[[ 18.92669956  30.05189856 -35.59456658]]
[[ 18.9256627   30.0565485  -35.59752096]]
[[-20.4454792 -20.4442573  53.1459788]]
[[-19.90955103  59.54022389 -27.95890741]]
[[ 19.56616694 -26.51496954  19.56676549]]
[[-35.5895329   18.93583171  30.03541248]]
[[-20.44617175 -20.44644835  53.14935217]]
[[-26.51202633  19.56629975  19.56321809]]
[[-20.45479944 -20.45471466  53.16909746]]
[[-35.58990652  18.94681919  30.02317258]]
[[ 30.06700075  18.91799335 -35.59882891]]
[[-35.59809088  30.05933643  18.92381143]]
[[ 19.58563297  19.56664325 -26.5307221 ]]
[[-35.59900652  18.89041667  30.09962459]]
[[ 19.56842239  19.57503387 -26.52358647]]
[[ 30.0625495   18.92181334 -35.59883195]]
[[ 18.92573058  30.0564327  -35.59748136]]
[[-26.51892892  19.56956033  19.56822654]]
[[ 19.56842544  19.5682991  -26.51804117]]
[[ 30.04500697  18.9331679  -35.59509332]]
[[ 53.26072778 -20.49428211 -20.49584556]]
[[ 18.9266981   30.05446881 -35.59673264]]
[[ 30.06115623 -35.59742681  18.92166891]]
[[  4.12795536 -59.00435533  73.14795183]]
[[-20.45029002  53.1586613  -20.45028578]]
[[ 19.56930859 -26.51894975  19.56849842]]
[[-19.91362998  59.53829521 -27.95308695]]
[[ 30.05163662 -35.59643011  18.92875495]]
[[-26.51411612  19.56642153  19.5655468 ]]
[[ 19.56424883 -26.51333526  19.56677482]]
[[ 18.92786875 -35.59645505  30.05272217]]
