3.89822295,-3.21123812,3.78771635
3.87386012,-2.70974479,3.2559621
3.7868185,3.87594483,-3.04856718
3.92269263,-3.16029485,3.89717175
3.95374333,-3.08712635,3.77215473
3.85751482,-2.72433147,3.62143309
3.56103242,3.99716108,-2.96320872
-2.90520643,3.99128204,3.72377193
-2.91460004,3.8168908,3.56983868
-3.13858077,3.97230432,3.62419427
3.48145272,3.8203763,-2.76335322
-2.80457015,3.33155007,3.99349854
3.86415522,-3.40692642,3.95213735
3.98823175,-3.06268903,3.64510478
3.87888801,3.79626806,-3.02161947
-2.87502018,3.88338338,3.49465084
-3.23281819,3.89314133,3.91837351
3.92324494,-3.14499912,3.96989491
3.91932962,-3.25747682,3.8783388
-2.86581722,3.79699434,3.84820217
-3.05679212,3.7521498,3.92245496
3.94235481,-2.69933072,3.68568388
3.78175168,3.80155786,-3.11655947
3.44603836,-2.64623776,3.90966204
3.75869557,-3.27161153,3.97038735
3.59851038,-2.95423382,3.82597572
-3.24337681,3.88419853,3.7820688
3.92232867,3.84792448,-3.1884783
3.78599893,-3.21328329,3.95416689
-3.00485365,3.79236449,3.88739675
3.94077244,-2.98047524,3.45632257
3.95118961,-2.80193264,3.62317429
-3.19372999,3.93722962,3.88884525
-2.85532622,3.99419977,3.88941833
3.73559652,-3.11429527,3.88015069
3.84571744,3.8610696,-3.27557523
3.70306412,-2.92212418,3.94480414
3.97290541,3.68352755,-3.06667842
3.94376451,-3.17730504,3.64286692
-3.1183249,3.52450604,3.99991891
-3.20330929,3.77398893,3.91117692
3.76427329,3.99977846,-3.14036412
3.92116577,3.58157132,-2.69692462
3.96329842,3.74748919,-2.93067702
3.94243947,-3.46765922,3.92441974
3.77820661,3.77064046,-2.98732116
-3.06381723,3.88737736,3.67169962
3.93037057,3.95960343,-3.3897633
3.85534526,3.98785167,-3.24437577
3.88914574,-3.29576605,3.94672996
-3.20334152,3.71349758,3.92872993
3.87973936,-2.83621244,3.82086845
3.61311154,-3.0098874,3.84799959
3.58162471,-2.92605565,3.77979815
3.8651051,3.88053042,-2.97127719
3.84036742,-3.22455177,3.87840856
3.9491588,3.41873117,-2.85850461
-3.01322965,3.95467322,3.75847675
3.89050078,-3.04635975,3.83138729
-3.01183611,3.97492143,3.66329681
-2.66146204,3.79020176,3.99323312
-3.17958523,3.76287317,3.94348226
-3.01847218,3.85783391,3.82322323
3.84321453,3.96530159,-2.94484196
3.90822001,-2.98148525,3.96629499
-2.99597925,3.75691953,3.81562584
3.83309072,-3.08974392,3.67732929
3.46067726,-2.99085325,3.97695104
3.5487152,-3.02672259,3.96241471
3.9448899,3.91366166,-3.4594148
-3.22414617,3.96379252,3.84810502
-3.20413347,3.83343878,3.85064797
-2.91721127,3.75654499,3.58689142
-2.96530299,3.91447672,3.95557805
-2.70490354,3.98209454,3.16420618
3.96649179,-2.94371948,3.45476002
3.84370764,3.89968131,-3.13914277
-3.13040849,3.94279335,3.59388346
3.97310901,3.65204671,-3.03856819
3.87963127,-2.63303282,3.50981816
-3.20669473,3.77938441,3.98999642
3.906046,-2.92317024,3.9736874
-2.91031868,3.81902239,3.9377132
3.96197556,-3.16589967,3.92969087
3.90024885,-3.10560209,3.93434297
3.81327114,-3.06821539,3.94503809
-2.4611451,2.89291035,3.99482134
-3.4231008,3.98364474,3.87193537
3.83906443,3.75149319,-3.09688937
3.43091503,-2.827215,3.96750208
-2.98269079,3.70730141,3.76821037
3.83328384,3.99049603,-3.26938772
3.98933402,-2.98399304,3.92302026
-3.25898729,3.93356146,3.98134541
-3.15235427,3.9555859,3.85143217
3.88321794,3.95867846,-3.29018173
3.89955261,-3.02702888,3.88878495
3.91961797,3.8849738,-2.85441541
3.86762215,3.91605264,-3.12779937
3.72852811,3.8737985,-2.85457647
-3.18036381,3.95000509,3.72094585
-3.05101619,3.99750242,3.68738941
-3.00214813,3.99183263,3.96597618
3.58469293,3.66810158,-2.79096315
-3.1578815,3.89304642,3.83018345
3.51030852,3.93574102,-3.04185249
-3.21986517,3.93879851,3.82676284
3.81142563,3.89796266,-3.23276603
3.54786062,3.96330582,-2.99815571
3.67737949,3.94793893,-3.20032417
-3.06955467,3.55206478,3.985841
3.95349781,3.90987523,-3.46459191
3.49352872,3.90517007,-2.91629045
3.78895522,-3.31823206,3.97059052
3.80178835,3.87395179,-3.00550019
3.90509832,-3.23657819,3.7267189
3.84680414,-3.41486953,3.99887508
3.46300631,-3.00729369,3.98128234
-3.04979193,3.75798354,3.88863614
-2.86368274,3.46273629,3.98122052
3.9725356,-3.39907498,3.95265537
-3.36450241,3.97233511,3.80073775
-3.21520516,3.97898952,3.8700122
3.71946507,3.92386014,-3.2327231
3.95778491,3.80631699,-3.09251633
3.9105821,3.71405026,-2.94188376
3.87063729,3.80429013,-3.06518647
-2.87348003,3.75517744,3.92508974
3.81726096,3.95810537,-3.29468005
3.65825322,3.70004418,-2.93719901
-3.19958118,3.97524287,3.69540814
-2.79271921,3.51453709,3.91004236
3.80282942,3.85707954,-3.03947537
3.7184556,-3.23953869,3.96329895
3.68943771,3.91483541,-2.98643017
-2.98805319,3.64362884,3.93509596
-2.69362591,3.96357268,3.95263989
3.63224333,-2.84728446,3.97801854
3.69042629,3.9271757,-3.1039259
3.78047303,-3.243049,3.92148232
3.99228889,3.83901228,-3.06195421
-2.84808591,3.76724282,3.92204119
-3.11806825,3.94662277,3.93336422
3.67947086,-3.19409052,3.91651196
-3.1619615,3.94215813,3.99037056
-2.88974469,3.78425531,3.76120462
-3.14261495,3.94346311,3.65092195
3.8731886,3.91660753,-3.29709902
3.98802591,3.61509008,-3.12000984
3.90844481,3.56696858,-2.8080441
-3.21382785,3.80285969,3.93501669
3.64907452,3.68282717,-2.81755219
3.84018628,-3.07301255,3.97386841
-3.20876705,3.87663193,3.7941604
3.67766356,3.69894962,-2.81445691
3.8498795,3.72364972,-2.94267851
-3.03906595,3.9382637,3.55664533
3.9416705,-3.37367289,3.94571393
3.9792336,3.51049905,-3.08628597
-3.09582008,3.62204337,3.87453752
3.98360172,3.90489415,-3.38124055
3.74350342,3.97445532,-3.2764999
-3.19518397,3.94239369,3.83079496
3.6280526,3.89276949,-2.73816352
-3.03271364,3.91992693,3.72613118
3.98335089,3.80969189,-3.33472094
3.81597637,3.89071983,-3.25254179
-3.18469833,3.87413456,3.82409821
-2.98102397,3.94605806,3.74290414
-2.88789295,3.73594809,3.89010278
3.85191363,-2.99027558,3.89216645
3.88403597,3.76769467,-2.79745042
3.92372431,-3.28415394,3.95991778
-2.97939091,3.97860835,3.76943135
3.89081421,-2.97898824,3.56364148
3.92156727,3.77592003,-3.03886748
3.96491318,3.43054241,-2.61366514
-2.77381061,3.40690069,3.86008835
3.65213328,-3.0064234,3.76889422
-3.31055671,3.95522729,3.92667376
-2.72308575,3.83237558,3.67364437
-2.98317319,3.81705721,3.63095907
3.72772445,-2.97149281,3.83586445
3.97398589,-3.14675105,3.73122992
3.86149264,-3.13155048,3.99826721
-3.28688924,3.92445305,3.88783731
3.72236776,-3.04527894,3.946616
3.93076221,3.92428901,-3.4111624
-2.63246102,3.86852221,3.79702398
3.89445318,3.87832354,-3.03315849
3.88061589,-2.63699248,3.46914413
-2.93499321,3.77761111,3.63104474
-2.75574529,3.89933722,3.4629733
3.9394751,3.988189,-3.15275585
3.90525172,3.90555423,-2.96578178
3.84278346,3.77185867,-3.14501019
3.85553689,-2.83976727,3.82896702
-2.96823585,3.96392009,3.81581667
3.9535637,-3.43869668,3.96806668
3.79487846,3.94648155,-3.29987066
3.74195963,-3.0455307,3.99757416
3.81158972,3.83973145,-3.08377964
-3.12368005,3.91479872,3.83504096
3.78818913,3.79322188,-3.1147989
3.55224271,-2.81692456,3.86535794
3.98491056,-3.07219853,3.7257125
-3.26418055,3.9094005,3.85940534
-3.40387005,3.99172433,3.96092585
3.83263962,-3.12568053,3.97314442
-3.02680723,3.66915386,3.98766445
3.9034719,-3.40386026,3.9575407
-3.0670987,3.86085814,3.90892631
3.54803078,3.75762643,-2.84854308
3.89015863,3.78951427,-3.17929802
3.91892251,3.58796094,-3.10456724
3.98777319,-3.1204158,3.69632992
3.64985259,3.87457951,-2.8384332
3.67397025,-2.83656331,3.63668478
3.89051502,3.55687686,-2.7705807
3.92114233,-3.31038556,3.8098546
3.90863307,-3.08891584,3.85605306
3.842627,-3.28627117,3.94210458
-2.79745321,3.73243578,3.73118556
3.97320503,-2.92109941,3.42674717
-3.19800626,3.98105894,3.96452042
3.89626742,3.97322758,-3.41575808
3.98309786,-3.00834299,3.60961777
3.7265633,3.9737892,-3.03558569
3.9869213,3.93281784,-3.23450865
-3.14199498,3.91347421,3.84208189
3.96905877,3.75790666,-3.13524663
-2.78429757,3.81678047,3.56116526
3.93336325,-3.05196599,3.92274017
3.87816484,3.86352362,-3.07727142
-2.69742891,3.7627865,3.65726959
3.83903825,-2.950021,3.71554635
-2.55977549,3.74744655,3.98046995
3.89352464,3.98884976,-3.19620233
3.7450971,3.74787975,-3.04635646
3.90180465,3.99726714,-3.33747634
3.59450054,-3.11748023,3.96572091
3.97688925,-2.93378238,3.36085057
-2.86149546,3.82779956,3.94124993
3.90894647,-2.98009099,3.69078574
-3.0497796,3.63399753,3.84777112
-2.82235622,3.70116544,3.80704066
3.96823608,3.6356985,-3.01667283
3.93780953,3.54927667,-2.98634155
3.74545806,3.95360778,-3.22828367
3.99700733,3.669505,-3.25136744
-3.46929109,3.99429628,3.89562186
-2.70133431,3.62106167,3.81046459
-3.09121671,3.9314115,3.73000397
-3.28645533,3.97070776,3.71296027
-3.52216255,3.97688125,3.96125846
-3.38916971,3.97653547,3.90754878
-2.95868062,3.88592016,3.54808458
3.88740062,-3.19551834,3.77606879
-3.24126845,3.98846271,3.92175883
3.95449778,3.96454987,-2.9054713
3.88764379,-2.69697718,3.85225457
3.84817,-3.07944753,3.81909469
3.74332948,-2.64924745,3.66825201
-3.40785289,3.96103329,3.98753637
3.50166714,-3.04898688,3.96150416
3.42650302,3.88717203,-2.90595302
3.96134118,3.83265509,-2.93785839
3.93164923,-2.92491089,3.84010199
3.83442643,3.76589586,-3.10363395
-3.01618932,3.61801156,3.99632218
-3.09699415,3.86827457,3.62510704
-2.68475586,3.65673936,3.49601519
3.67810978,3.98964667,-3.15646805
3.79608861,3.92937749,-3.30905752
3.83855806,-3.31013733,3.87300344
3.93476924,3.45536274,-2.91965573
3.97735223,-2.74695375,3.70406542
3.41854892,-2.63144685,3.85358357
3.77928792,3.79693639,-3.132179
3.69273195,-2.86683958,3.92229146
-2.89461274,3.78745001,3.89128269
3.82894938,3.93533617,-3.0818135
3.92836247,-2.86367345,3.44766171
3.98520761,3.6113394,-3.0450717
-3.10376987,3.88584541,3.81587202
-3.27777009,3.98184918,3.96324122
3.83457339,-3.02038837,3.87165558
-2.97797799,3.66941629,3.73402778
3.7543253,-3.19195561,3.86479234
3.73486463,3.58345965,-2.77048246
3.9417653,-3.19949711,3.92873155
3.85612371,-2.70414102,3.48919241
3.57770764,-2.8478713,3.98950522
3.95724475,3.96994232,-2.86451732
3.84226455,3.99296112,-2.83492035
3.9098056,3.95327805,-3.36569408
3.96985854,-3.08819505,3.96774145
-2.9785909,3.60129622,3.89812138
-2.77396258,3.78447726,3.91402777
-3.25207691,3.87221836,3.9132024
-2.78757048,3.99856504,3.83036736
3.95623404,3.80759181,-3.05658052
-2.94669976,3.8607322,3.65470309
3.84708642,3.79097626,-3.05551154
-2.90341154,3.78675215,3.94955176
-2.91586489,3.84022467,3.98922259
3.77518696,3.78972312,-2.96103292
3.98025147,3.86162886,-3.22273859
-3.05424364,3.78722153,3.75254488
3.46027538,3.9961587,-2.64472773
3.94327688,-3.18402885,3.95745712
3.37776038,-2.78791089,3.97373156
3.91955955,3.80508274,-3.10284773
-2.71462714,3.78432552,3.44423169
3.64074988,3.81084272,-2.95964154
3.94133982,3.7963095,-3.33038273
-2.73168199,3.29944299,3.98407212
-2.92780241,3.90615791,3.70131652
3.82429967,3.9922075,-3.04388994
-2.75031426,3.73097877,3.99053511
3.9340972,3.89888031,-2.97531923
3.70116027,-3.07631659,3.89204478
-2.77664603,3.97258914,3.72798649
-2.88774743,3.81901943,3.72151852
3.77029116,-2.87769952,3.60301239
3.91404006,3.74933957,-3.25305486
-3.15190728,3.95442748,3.8242831
3.6191345,3.89792431,-2.91269944
3.82459406,-3.28594828,3.94412435
3.92492024,3.8124852,-2.92905412
3.89168782,-3.38339079,3.98070742
-3.2563889,3.82663952,3.91988275
-2.9183685,3.56518202,3.87630892
-3.5157233,3.98961904,3.98036246
3.6779393,3.72170252,-2.77113712
3.68639904,3.77684263,-2.77231955
3.62536034,3.9681263,-3.16772631
-2.85149132,3.73116405,3.59365149
3.91120433,-2.92417039,3.7232044
-3.16790636,3.80408321,3.85895475
3.87877505,3.90383099,-3.35236945
-2.97841723,3.96477258,3.66443328
-3.03452573,3.83067345,3.61043862
3.90971338,3.6412426,-3.11349559
-3.28140249,3.74582836,3.95143903
-3.28228494,3.88005795,3.88634268
-2.97554283,3.6819627,3.7952553
-3.13212828,3.92826169,3.90709048
-3.19648612,3.90594958,3.90713509
-2.95050855,3.88024151,3.90197455
3.55523984,-2.64823675,3.81853819
3.92263637,3.9994335,-3.10676837
-3.05914102,3.82470699,3.90068168
3.93124731,-3.03926767,3.82265681
3.95227035,-3.03536319,3.74866122
3.89723103,3.78822874,-3.26759236
3.71193776,3.49432631,-2.58097778
3.89205731,-3.41789181,3.97195392
3.94455419,3.53920134,-2.9867521
-3.31603246,3.78624787,3.94714865
3.97916805,3.6488843,-3.12970375
-3.04810668,3.81629463,3.81047886
-3.26703897,3.92724441,3.82952449
3.90926561,-2.95921955,3.9863977
3.60385978,3.73406129,-2.79637964
3.69212088,-2.73073364,3.80146071
3.97279122,-3.25579802,3.78598661
-2.76108053,3.26750945,3.9770392
3.5759344,3.85957217,-2.9087739
3.84347124,3.87430183,-3.04310027
3.948279,-3.34682979,3.97168516
3.78994609,-3.00255879,3.80044511
3.96271868,3.9114912,-3.17532722
3.77034043,-3.05759182,3.70740018
3.55398715,3.9889202,-3.04396981
-3.40490204,3.92614314,3.95166592
-3.23988633,3.68351124,3.98940822
3.76432792,-3.16978606,3.83194966
-3.04127149,3.87037798,3.90234994
-3.21654356,3.9213537,3.98489116
-3.12803055,3.85231379,3.96598396
-2.57214794,3.47012505,3.83578914
3.92079325,3.75616899,-3.17068732
-3.17430705,3.92264436,3.81098943
-2.89588038,3.96873701,3.76909148
-3.1042275,3.99658551,3.90820352
-3.26259395,3.68713727,3.97312634
-3.23779276,3.910499,3.77253125
3.82952524,-2.96950271,3.56003635
-3.2994529,3.84502255,3.88299039
3.71957252,-3.21239381,3.93626192
3.92448029,-3.40091552,3.91321863
3.83539765,3.87767038,-3.11493639
-2.61853932,3.71268962,3.74179551
3.90922561,-3.23558651,3.86551081
3.69292708,-3.15412408,3.86790387
3.98141977,3.97425703,-3.5256773
3.86308829,3.88109161,-3.31427487
-3.12000428,3.86488937,3.8555838
3.74926863,3.80104776,-2.93472773
-3.27825591,3.82239235,3.96698926
3.88378086,-2.91930707,3.45608692
-3.49541997,3.98447151,3.99529277
3.95787897,3.59414622,-3.03734753
3.62400246,3.98915549,-3.01853338
-2.92830521,3.78823966,3.68912065
3.82301393,3.67058863,-3.09139111
3.97716144,-3.44649026,3.8767558
3.79244692,3.75570879,-3.01980944
3.70541942,-2.91676045,3.70659035
-2.86726314,3.87876184,3.94197695
-2.92173025,3.81933192,3.63938406
3.84256516,3.86013425,-3.03369352
-3.21038022,3.9219315,3.96946472
3.79281048,3.87096565,-2.80465706
3.98871683,-3.40773049,3.99817109
-2.93758828,3.50901019,3.92142755
3.84316296,3.82038069,-3.2115416
3.83284198,3.84345254,-3.15673958
-2.794341,3.92933537,3.64626557
3.89038063,-2.98884303,3.9266416
3.95743261,-3.41028773,3.99249862
3.89034094,3.51032754,-2.93179347
3.64248063,-3.00903196,3.98163867
-3.14654225,3.94308022,3.77272323
3.88511183,-2.79433089,3.73751132
-2.99522441,3.63760507,3.99341062
3.98750705,3.67532278,-3.14430522
-3.26933411,3.91459934,3.77224208
-2.98520642,3.87423367,3.79750141
3.86165534,-2.99273236,3.61530125
-2.65681818,3.72667898,3.79471169
3.98985379,-3.13482344,3.78315992
3.88684289,3.75389075,-3.15269192
-3.36572106,3.86915116,3.93144651
-2.89350026,3.89307912,3.8318295
3.99939056,-2.91808944,3.34705157
3.69767779,3.97980177,-3.12682311
-2.69819278,3.59335396,3.83610841
3.6912611,-3.15865017,3.99619151
3.94891149,-3.2943101,3.79892487
-2.89170415,3.98483003,3.96347922
-2.9993786,3.86240941,3.54248036
-2.87621716,3.83842809,3.66760859
3.965875,-2.98881104,3.84871309
3.93152974,3.72847541,-3.04786599
3.90872276,-3.17270987,3.7313689
3.2855642,-2.79698189,3.96518233
3.7065379,3.94272818,-3.06752241
3.98059455,-2.89482938,3.31106122
3.95235259,-3.30243046,3.78757332
3.86816486,3.91085773,-3.00905265
3.32017799,-2.66593727,3.99238172
-2.6795778,3.44534675,3.78165044
3.9811307,3.78303284,-3.20356678
3.96020596,3.81661805,-2.75177695
3.87324643,-3.2651867,3.80989312
-2.78740144,3.78797974,3.89881242
3.93363508,-3.29635449,3.8881594
3.97120384,-3.33116639,3.92238308
-3.36681579,3.94000996,3.83132329
3.9718909,-3.31479466,3.93950664
3.91210454,3.52898463,-2.96051408
3.9284029,3.43988112,-2.90699054
3.76958996,-3.1886797,3.92735074
-3.07221026,3.76093795,3.91439871
3.8880443,3.62478072,-2.9614345
3.69359705,-3.14075493,3.91555643
-2.65796244,3.96801928,3.40176103
3.66773697,-2.93382209,3.79643989
3.76790366,-2.96646124,3.6840744
-3.05564661,3.98326735,3.78552899
3.94481389,3.94725783,-2.90269572
3.78155392,-3.14412202,3.9280662
3.95343576,-3.38905364,3.96126228
3.83481602,3.80627613,-3.04298442
-2.70678246,3.86989014,3.78679126
3.50758745,3.85031828,-2.73799496
3.71863485,3.93873671,-3.09846337
3.96008431,3.93028057,-3.43959758
3.72873958,-3.00360457,3.95989874
-3.17948276,3.98640525,3.9865042
-3.06046239,3.82840537,3.86792786
3.95426755,-3.06911019,3.8586902
-3.19160548,3.86435998,3.79575398
3.902299,3.97767943,-3.47983645
-2.92785713,3.72131636,3.93935082
-3.07547049,3.89400589,3.78068654
3.97214913,-3.12629706,3.86546779
3.98562611,-3.48108431,3.940706
-2.56185834,3.45551055,3.73424431
3.47173178,-2.91508479,3.95290486
3.86911306,3.92363989,-3.09090136
-3.12279915,3.8442928,3.86126399
3.83249932,3.97070558,-2.5607096
-3.16314673,3.76024098,3.89622284
3.92851939,3.92643153,-3.23280267
-3.11500549,3.63884747,3.9364688
3.96064817,3.66688225,-3.03084808
-2.98065796,3.93039295,3.47687713
3.79790828,-3.35113691,3.95075269
3.61565414,3.87718953,-2.99630023
3.96467527,-3.17164149,3.73910248
3.611725,3.7000297,-2.6225425
3.84875944,-2.87652688,3.44185431
3.95508569,-2.57367607,3.91313458
-3.14088601,3.83809495,3.92809723
-3.29924268,3.85862368,3.90309741
3.99720552,3.35316178,-2.69136212
3.56116973,-2.97663632,3.98470511
3.87789227,-3.32894441,3.92801273
3.70184706,-3.08454835,3.89340497
-3.28696021,3.91411363,3.94066195
3.88278898,-3.09873608,3.70173499
3.84900708,3.96076854,-3.31887034
3.93132589,-3.4740776,3.96740666
3.70306488,-3.24896849,3.97525612
3.9040416,-3.16297281,3.93105424
3.66586217,-3.12387902,3.97228241
-3.22548128,3.88446747,3.88500242
3.9394433,3.88040833,-3.2759555
-2.64828868,3.79956271,3.39236335
3.90769793,-3.06729537,3.66061412
3.41189514,3.99825954,-2.88185423
3.84080574,3.56930873,-2.57488746
-2.82331726,3.91869275,3.69275484
3.70070057,3.99312754,-3.19441377
-3.10182361,3.95681336,3.56083124
3.6262869,3.95789414,-3.10375864
3.75994652,-3.16620753,3.97796348
-2.81206401,3.7971787,3.90136877
3.84758986,3.88509711,-3.30568242
3.65807482,-2.97430252,3.83469465
3.98634314,-3.19715593,3.96871531
-2.9068327,3.91685476,3.43194243
3.90882107,3.92078205,-3.34895229
-2.79528282,3.82269978,3.64463798
3.98973241,3.78090909,-3.32714138
-2.84682046,3.54530892,3.75673008
-3.20703245,3.77570482,3.84626016
3.67817451,3.88834456,-3.03699717
3.78266326,-2.78941444,3.94079855
-3.26717752,3.79516391,3.87632618
3.99663419,-3.17818002,3.7910549
3.76863809,-2.96031087,3.73214999
3.53955366,3.89364967,-2.86395437
3.94613931,3.79833223,-3.23538981
-2.88650835,3.92659352,3.64369887
3.53468067,-3.05360944,3.92052522
3.74783577,3.99212977,-2.86630218
3.77098285,-3.29456542,3.99728009
3.93448528,3.50260532,-3.00537331
3.47495328,-3.03007222,3.98334918
-3.01960766,3.81391919,3.78406186
-3.16245194,3.96441449,3.72714913
3.952159,3.97076684,-2.89790493
3.78350853,-2.56361468,3.9847569
3.64999219,-3.13016292,3.98486645
3.54708684,3.94005733,-2.9546466
3.49311151,3.98361394,-2.82417091
3.78158114,3.87518986,-3.05246225
-3.16297275,3.82626973,3.95748596
-3.08310396,3.77200436,3.8182976
3.98275153,3.91065033,-3.3254189
-3.18654699,3.95509016,3.84202056
-3.34069694,3.98065699,3.765388
3.648976,-2.78679936,3.92558442
3.93309559,-2.96514938,3.92868083
-2.76668048,3.68358779,3.73938305
3.93858556,-3.28466714,3.79898661
-3.05415993,3.9336288,3.90566377
3.82600212,3.88054082,-3.01647561
3.99342204,-3.0882966,3.95354464
3.60918506,-2.9138959,3.91720144
3.64069884,-3.02060278,3.95515486
-2.93461164,3.76477294,3.67186716
3.82865168,-2.9934753,3.72008356
-3.13913062,3.54474022,3.99615255
3.9336454,3.87318968,-2.96313967
3.73376173,3.85229451,-3.04989394
3.71985223,-3.09809891,3.78993045
-3.41179518,3.83359067,3.98923416
3.62624191,3.9341125,-3.08612021
3.79825387,3.46180982,-2.81830583
-2.98231179,3.99485989,3.59847017
-3.30918233,3.85972297,3.90098096
-2.94269708,3.65569192,3.72424933
-2.69385547,3.79922747,3.54069567
3.88838106,-3.27541443,3.95151499
3.83368442,-3.0558386,3.80208207
3.55129818,3.97373548,-3.07309002
3.91135532,3.82372026,-3.20289813
3.78817192,3.69427749,-2.83683288
-2.88202149,3.91556789,3.83436633
3.73923792,-2.68419061,3.70978282
3.80657886,3.64954941,-2.74992835
3.92248232,3.98488094,-3.23019144
-3.21549934,3.84135869,3.94966238
3.85265076,3.75866086,-3.20305786
3.85719725,3.51572151,-2.87565189
3.97019344,3.80545158,-3.04260121
3.96696063,3.84006875,-3.31847869
3.91951894,-2.96600606,3.52260613
3.99668714,-3.18075718,3.91089475
-2.66300083,3.64698844,3.98305196
-3.10533918,3.85268353,3.97136525
-3.20190245,3.81978015,3.98653356
3.88387319,-3.20958982,3.735353
3.94021941,-3.14775843,3.73869293
-3.21700702,3.95167067,3.89194364
3.89744202,3.71818779,-3.12305302
3.99798469,3.89630671,-3.45372166
3.71287068,-2.90244862,3.71816163
-3.21728776,3.78504792,3.91678114
3.97348254,-3.01228373,3.67874371
3.8301251,3.77927606,-3.21492645
-3.00704443,3.51009898,3.95193587
3.9895568,-3.15058175,3.57129588
3.5744879,-3.02492005,3.98148854
3.70340983,3.48740842,-2.77238726
-3.17764631,3.69798387,3.97999985
3.74483615,-3.23622088,3.90005726
3.99048337,-3.50819894,3.93999998
3.73295903,3.59418329,-2.85603276
3.46072257,-2.88199168,3.89997611
-3.00969367,3.85112764,3.58564948
3.70891669,3.91823286,-3.09408963
3.89993312,-2.65005786,3.96954395
-2.7105629,3.52578886,3.86971215
-3.241529,3.99507947,3.65208343
3.61949732,-2.83814212,3.77593373
-3.45855903,3.93903653,3.92758259
3.94606235,-3.19848769,3.87563675
3.81525017,3.70496387,-2.81899022
-3.03557452,3.94774136,3.89035731
-3.06285513,3.6622366,3.89626721
-3.28845381,3.87660402,3.85619986
3.98506893,3.75926383,-3.1905347
-3.28729115,3.8599841,3.87056168
-2.96716394,3.8261755,3.65453515
3.9403025,-3.34249555,3.84906547
3.99706919,-3.46032432,3.94004935
3.5811325,-2.82627055,3.90506227
3.98986854,-3.32341518,3.83256782
-3.38024991,3.92761618,3.94283257
3.90113253,3.87352182,-3.31012482
-3.07196313,3.8767449,3.72227243
3.90420392,-2.99129745,3.80363758
3.8546254,-2.71357092,3.82171019
3.94198896,-3.15159948,3.83402738
3.75692145,-2.57995279,3.76679488
-2.92043526,3.72156411,3.96155433
3.95082328,3.83026028,-3.28031989
3.96238048,-3.40807497,3.91011928
-3.15402783,3.94070167,3.95121492
-3.31523587,3.94859031,3.78847554
3.8925507,3.49252585,-2.95158204
-3.281172,3.95203394,3.75184054
-2.90421567,3.83743161,3.87598093
-2.68608771,3.90940072,3.37867035
-3.26894709,3.82767156,3.94050214
-3.09848925,3.90320125,3.78379351
3.97456206,3.91421369,-3.18322681
3.60305761,-2.70127331,3.61826085
3.84144192,-3.00076513,3.61931315
3.42228017,-2.90736499,3.95951077
3.71912108,-3.22846428,3.97704752
-3.26280798,3.94345302,3.87895649
3.87530845,3.93413843,-3.39123111
3.75343183,3.99602634,-3.03592319
3.89112962,-3.18181522,3.82213016
3.84275047,3.47749603,-2.71101284
