[[0.90355382 0.09184259 0.99468295 0.90275968]]
[[0.90114738 0.08624398 0.99885921 0.91198774]]
[[0.90946319 0.09359791 0.99913007 0.92151339]]
[[0.91131394 0.07751877 0.99306332 0.94822018]]
[[0.91046989 0.07102505 0.99944466 0.9885357 ]]
[[0.91508049 0.08730457 0.9991974  0.92392007]]
[[0.90866915 0.09399922 0.98910391 0.91580034]]
[[0.917202   0.08378817 0.99930734 0.92207235]]
[[0.90344171 0.09967323 0.99877949 0.92972254]]
[[0.90282006 0.07842776 0.999152   0.92763251]]
[[0.90629709 0.09058761 0.99901135 0.93375515]]
[[0.9055301  0.09974456 0.99256644 0.90747056]]
[[0.90066927 0.06964982 0.99880708 0.92861454]]
[[0.90765424 0.09469779 0.99650799 0.95363344]]
[[0.91106985 0.08931016 0.99930857 0.95114716]]
[[0.90478045 0.08254059 0.99919096 0.97182114]]
[[0.90799102 0.09834705 0.99931935 0.98327442]]
[[0.91482855 0.07651777 0.99922509 0.91385903]]
[[0.90636992 0.07400999 0.9788448  0.90117282]]
[[0.9160377  0.09991741 0.99114058 0.90162363]]
[[0.90961198 0.09522    0.99903319 0.94707885]]
[[0.92160481 0.09288038 0.99910525 0.901165  ]]
[[0.90320682 0.09523659 0.99891839 0.96259103]]
[[0.91330956 0.08517981 0.99913976 0.90216578]]
[[0.90280047 0.08434312 0.99930666 0.92998779]]
[[0.9033598  0.09546236 0.99902536 0.9438242 ]]
[[0.9012726  0.07855566 0.99843972 0.96364304]]
[[0.90811952 0.08206668 0.99849011 0.93235114]]
[[0.90580366 0.08901685 0.9991562  0.94239263]]
[[0.91193181 0.07069192 0.99932378 0.91065804]]
[[0.90099326 0.09660849 0.99909763 0.97404541]]
[[0.91577012 0.09622139 0.99931747 0.97417384]]
[[0.91020761 0.08435647 0.99942156 0.98603522]]
[[0.92512757 0.0966846  0.99571536 0.9214319 ]]
[[0.90471314 0.06405636 0.99925337 0.93840269]]
[[0.9016422  0.06307425 0.99932834 0.95217298]]
[[0.91395194 0.09103796 0.98815608 0.93339394]]
[[0.90845189 0.07468304 0.99918287 0.90635622]]
[[0.90066749 0.08224199 0.99905214 0.94198697]]
[[0.90052307 0.08399675 0.99692845 0.92724496]]
[[0.90386515 0.08334407 0.99886344 0.91893284]]
[[0.9098532  0.07812258 0.99909596 0.9367142 ]]
[[0.91704865 0.09929042 0.99896086 0.92086552]]
[[0.91606582 0.09785477 0.9990017  0.90416387]]
[[0.90021358 0.07906667 0.99916964 0.97106329]]
[[0.90727125 0.09402475 0.98988453 0.90331793]]
[[0.9044459  0.08425813 0.99274005 0.94030728]]
[[0.90465962 0.06345635 0.99705728 0.93954011]]
[[0.90882821 0.09311038 0.99926366 0.90712438]]
[[0.90636644 0.07964884 0.99942052 0.97894448]]
[[0.90198196 0.0838737  0.99923561 0.96469549]]
[[0.91924982 0.09800837 0.99927599 0.94319573]]
[[0.902526   0.08153771 0.99862932 0.90385657]]
[[0.9018263  0.09719297 0.99880847 0.93026162]]
[[0.91584441 0.0931239  0.99940782 0.98810348]]
[[0.90440114 0.098857   0.99769767 0.95971741]]
[[0.90505455 0.08824276 0.99072365 0.9039169 ]]
[[0.91293106 0.07263761 0.99929738 0.93774649]]
[[0.91195673 0.08094986 0.99940127 0.98145197]]
[[0.90996364 0.08807968 0.99798296 0.91850167]]
[[0.92830813 0.09804648 0.99517356 0.90058209]]
[[0.90579887 0.06054699 0.99937937 0.95242093]]
[[0.91143572 0.09047097 0.99844775 0.91416813]]
[[0.91922304 0.09323248 0.9993283  0.95588969]]
[[0.92030622 0.09838287 0.99914267 0.91737546]]
[[0.90790199 0.09388122 0.99926207 0.97654092]]
[[0.90117404 0.09545689 0.99913847 0.96494695]]
[[0.90233015 0.09923759 0.99896066 0.93683287]]
[[0.90397591 0.09399281 0.99834541 0.93276074]]
[[0.90021074 0.08939032 0.99936135 0.98283704]]
[[0.90836855 0.07383623 0.99917398 0.91554145]]
[[0.90378243 0.08347324 0.98633618 0.91379897]]
[[0.90142086 0.07961519 0.99915432 0.97281836]]
[[0.92073502 0.09807601 0.9992582  0.95227756]]
[[0.90209291 0.09824348 0.98775893 0.91444552]]
[[0.90367711 0.08206311 0.99914621 0.94109009]]
[[0.90905272 0.06067847 0.9993861  0.93034913]]
[[0.90053061 0.08939397 0.98696496 0.93713769]]
[[0.90832011 0.08124963 0.99912301 0.93677198]]
[[0.91515041 0.09721187 0.99910913 0.91534251]]
[[0.90732005 0.08687033 0.99875248 0.95849616]]
[[0.92260518 0.09905224 0.99866229 0.92764631]]
[[0.91858003 0.09127565 0.99931237 0.95626409]]
[[0.91395283 0.0969815  0.99827367 0.94297333]]
[[0.91407948 0.07720938 0.99056587 0.91675222]]
[[0.91253972 0.07852179 0.99919386 0.92217786]]
[[0.90143692 0.09996325 0.99871931 0.92252834]]
[[0.90169839 0.09445527 0.99083549 0.94183245]]
[[0.9043771  0.0866661  0.99895885 0.9462919 ]]
[[0.90767748 0.09849992 0.99804535 0.91962266]]
[[0.90434046 0.09824461 0.99831914 0.95473659]]
[[0.90697074 0.07695447 0.99921438 0.92663006]]
[[0.92159229 0.09737538 0.99910854 0.91346319]]
[[0.91116634 0.06822944 0.99947039 0.97916905]]
[[0.9111155  0.09377612 0.99923704 0.93552778]]
[[0.90685772 0.06393449 0.99838358 0.90083994]]
[[0.91534015 0.0904698  0.99927336 0.90442376]]
[[0.92237685 0.08948252 0.99923115 0.91089021]]
[[0.91116455 0.08050145 0.99915197 0.93145577]]
[[0.91481333 0.08691104 0.99931223 0.97360355]]
[[0.90424379 0.09519682 0.99910918 0.96133337]]
[[0.91027014 0.08672088 0.99920109 0.91598536]]
[[0.92257296 0.09553797 0.99920254 0.90776829]]
[[0.9029916  0.09597428 0.99896802 0.94904339]]
[[0.90743192 0.09065619 0.99936099 0.99087453]]
[[0.9004378  0.09817341 0.99878889 0.93443514]]
[[0.90660323 0.0776843  0.9949254  0.90292097]]
[[0.9036375  0.0863137  0.99839004 0.93998783]]
[[0.9052102  0.09523405 0.99400916 0.91904964]]
[[0.90136616 0.08107248 0.99928431 0.9532931 ]]
[[0.90327678 0.08424694 0.99739914 0.92904088]]
[[0.90019477 0.07572148 0.99863327 0.92138797]]
[[0.90388912 0.08530421 0.99905985 0.92473428]]
[[0.90208923 0.08516411 0.99821815 0.96242557]]
[[0.91174419 0.09206612 0.99906537 0.90250402]]
[[0.90003554 0.08885423 0.99854855 0.93740576]]
[[0.90162437 0.07993573 0.99930251 0.96932225]]
[[0.90189834 0.07897713 0.99921729 0.96703429]]
[[0.90874559 0.08059893 0.9791335  0.90059319]]
[[0.90805689 0.09995575 0.99748876 0.93421374]]
[[0.90577096 0.07674071 0.99801922 0.91670064]]
[[0.90063367 0.05401672 0.99932169 0.94215396]]
[[0.91026691 0.09121696 0.98177662 0.91140608]]
[[0.90072454 0.08927854 0.99039898 0.91313327]]
[[0.91179832 0.09257555 0.99904708 0.90904478]]
[[0.91224616 0.08678912 0.9991933  0.95032961]]
[[0.90927961 0.09736529 0.99893681 0.9218836 ]]
[[0.91708571 0.09579815 0.997987   0.91208183]]
[[0.90381429 0.09025968 0.99941026 0.97262249]]
[[0.90119284 0.09945462 0.99902052 0.91642398]]
[[0.90339548 0.08198534 0.9990374  0.95909957]]
[[0.9101878  0.09867032 0.99924181 0.98900768]]
[[0.90971966 0.09015919 0.99924477 0.96980755]]
[[0.90212906 0.09844597 0.99836519 0.95462008]]
[[0.90961322 0.08439494 0.99885346 0.91251179]]
[[0.90849001 0.0982756  0.99916628 0.95847372]]
[[0.93158487 0.08851946 0.99944006 0.90066209]]
[[0.91540479 0.08807489 0.99931768 0.96284285]]
[[0.90523874 0.0808667  0.99596132 0.94833961]]
[[0.90286341 0.09274591 0.99896269 0.90324321]]
[[0.91565109 0.07794312 0.99828517 0.90165409]]
[[0.91838466 0.0975349  0.99940345 0.986354  ]]
[[0.91536379 0.0975849  0.99927278 0.94594336]]
[[0.90033444 0.05697771 0.99923809 0.90115706]]
[[0.9156982  0.09465819 0.98700341 0.93246145]]
[[0.91115807 0.09650932 0.99910925 0.91552949]]
[[0.90255003 0.07769761 0.99926023 0.9496221 ]]
[[0.9043351  0.07952269 0.99932081 0.93842519]]
[[0.90391943 0.07722324 0.99917819 0.95788127]]
[[0.91162863 0.0932938  0.9933804  0.91372093]]
[[0.90568269 0.09533151 0.99921686 0.98230451]]
[[0.90526762 0.09644767 0.99881442 0.92637488]]
[[0.91455159 0.07252135 0.99858006 0.90789767]]
[[0.90300009 0.09625054 0.99920675 0.9787662 ]]
[[0.90729777 0.08802283 0.99918097 0.95430179]]
[[0.91014653 0.08595328 0.99899241 0.90384881]]
[[0.902729   0.08241655 0.99880248 0.93540211]]
[[0.90524026 0.07278739 0.99938773 0.97239603]]
[[0.90040416 0.09788373 0.99881459 0.9256327 ]]
[[0.90028367 0.09918349 0.99857707 0.93093868]]
[[0.90496299 0.08154175 0.99860922 0.90180581]]
[[0.90209564 0.08828557 0.99874341 0.90744136]]
[[0.90796211 0.07889468 0.99938934 0.98553909]]
[[0.91616372 0.09663118 0.99915205 0.92825341]]
[[0.90942813 0.07873386 0.99934507 0.95613576]]
[[0.90283778 0.06548985 0.98995919 0.93849869]]
[[0.90265484 0.08250398 0.98469614 0.90847598]]
[[0.90523266 0.08454351 0.99915846 0.96345376]]
[[0.9132492  0.08874649 0.98964392 0.91106402]]
[[0.91443883 0.08331569 0.97950575 0.90536531]]
[[0.91504894 0.0973582  0.98205547 0.9006466 ]]
[[0.9188736  0.09657217 0.99931687 0.95485194]]
[[0.90885584 0.08559525 0.99630942 0.94583669]]
[[0.91562412 0.08445418 0.99940999 0.98471029]]
[[0.90358721 0.07877814 0.99907016 0.93674652]]
[[0.91127556 0.08692768 0.99931682 0.97671946]]
[[0.91613038 0.09280954 0.99918295 0.94159071]]
[[0.90435592 0.08559685 0.99910756 0.96505815]]
[[0.90090332 0.08989193 0.99904607 0.97104547]]
[[0.90768344 0.09832209 0.99924243 0.96953995]]
[[0.91617431 0.08752259 0.99923688 0.94247432]]
[[0.90312343 0.08608997 0.99810247 0.90292401]]
[[0.90854921 0.09861427 0.99025012 0.93686912]]
[[0.90714241 0.09346642 0.99894488 0.92152705]]
[[0.91404883 0.08016454 0.99930722 0.96403183]]
[[0.90574044 0.07543684 0.99932101 0.95627813]]
[[0.90985391 0.08306991 0.99773044 0.92361555]]
[[0.90220289 0.05750068 0.9994164  0.97486882]]
[[0.92529341 0.09183799 0.99334854 0.90445892]]
[[0.91449594 0.09896058 0.99873964 0.93999024]]
[[0.91344031 0.09653263 0.99910105 0.93517692]]
[[0.90350856 0.09932233 0.99879352 0.91356559]]
[[0.90914854 0.09569222 0.99880549 0.92495385]]
[[0.9158656  0.09021518 0.99876727 0.93017213]]
[[0.91852793 0.09390084 0.97961651 0.91426672]]
[[0.90333272 0.0895576  0.99912053 0.94779805]]
[[0.91851717 0.09535554 0.99908611 0.909338  ]]
[[0.91726475 0.09676247 0.99793571 0.91167878]]
[[0.90391194 0.09397119 0.99930999 0.98639729]]
[[0.90209698 0.0766408  0.99924119 0.95815535]]
[[0.9126956  0.09935051 0.99897109 0.91193616]]
[[0.90752399 0.07676807 0.99926334 0.95935986]]
[[0.90995453 0.09311116 0.99901603 0.92626568]]
[[0.90320079 0.08553844 0.99904252 0.94861067]]
[[0.90890503 0.09127018 0.9982421  0.92902998]]
[[0.91045574 0.09792238 0.98057315 0.91826825]]
[[0.90484983 0.07629126 0.99897733 0.93253783]]
[[0.90673371 0.09929759 0.99937165 0.90550511]]
[[0.91214023 0.07352038 0.99941832 0.96400026]]
[[0.91011219 0.09603972 0.99909737 0.95812216]]
[[0.90278647 0.07463518 0.99924867 0.95567758]]
[[0.91304091 0.08602238 0.9888361  0.91509771]]
[[0.90278479 0.07859162 0.99902867 0.92035348]]
[[0.9046667  0.06776438 0.99919296 0.91390636]]
[[0.90035346 0.0968909  0.99890557 0.94790534]]
[[0.90736213 0.09915473 0.99862254 0.96963795]]
[[0.91237618 0.09890975 0.9988724  0.91290483]]
[[0.90352727 0.08026856 0.99896645 0.90134454]]
[[0.91200822 0.09466875 0.99362833 0.9098642 ]]
[[0.90117116 0.09675751 0.97629443 0.94269959]]
[[0.91196644 0.08558794 0.99162957 0.93434456]]
[[0.90458411 0.08303501 0.99920297 0.90871094]]
[[0.91158023 0.08595067 0.99792213 0.90506019]]
[[0.90373457 0.08913639 0.99919541 0.98498501]]
[[0.91480643 0.09953678 0.99936947 0.97958575]]
[[0.90263649 0.09798207 0.99905846 0.93685105]]
[[0.90822784 0.08896672 0.99930055 0.97748966]]
[[0.91152374 0.06613908 0.99934033 0.91467987]]
[[0.91234546 0.09653791 0.98685788 0.90643066]]
[[0.90943705 0.09338665 0.99903049 0.95814282]]
[[0.90853354 0.09456705 0.99895061 0.94728767]]
[[0.90861367 0.09477549 0.99743223 0.92121306]]
[[0.91698492 0.07896169 0.99933734 0.90543697]]
[[0.91150964 0.09079731 0.99915068 0.94190432]]
[[0.9138293  0.09966504 0.99877256 0.91483   ]]
[[0.90906584 0.09629433 0.99840975 0.90377777]]
[[0.92982932 0.09973951 0.99938196 0.93436264]]
[[0.9123831  0.09532819 0.9989084  0.90336906]]
[[0.90232333 0.09859195 0.99876076 0.92503911]]
[[0.90727418 0.09465717 0.99898965 0.91776372]]
[[0.90215225 0.07445601 0.99914576 0.92112805]]
[[0.90042706 0.09036988 0.9989699  0.94161393]]
[[0.92083722 0.0904128  0.99920583 0.94867261]]
[[0.90968712 0.0967666  0.99355612 0.91459482]]
[[0.90167666 0.09422762 0.99900007 0.93195411]]
[[0.91237022 0.09454436 0.99899224 0.96712547]]
[[0.90834817 0.08966674 0.99915031 0.94354637]]
[[0.90468265 0.09065959 0.99914544 0.95898036]]
[[0.90338293 0.06733044 0.99934605 0.97427145]]
[[0.90092746 0.09906843 0.99911916 0.96048274]]
[[0.90117185 0.09505638 0.99299622 0.90938837]]
[[0.91412668 0.09591425 0.99886767 0.91814343]]
[[0.90763543 0.0964798  0.99920704 0.97037739]]
[[0.90012429 0.09936279 0.98984843 0.91600976]]
[[0.9009646  0.08381763 0.99877252 0.90628719]]
[[0.90443098 0.0427065  0.99950367 0.90715521]]
[[0.90358096 0.09734153 0.99870025 0.95018841]]
[[0.90325931 0.09086651 0.99879463 0.90651879]]
[[0.91169241 0.08084909 0.99864982 0.92457297]]
[[0.92461633 0.0825186  0.99928336 0.92512193]]
[[0.92563266 0.08378101 0.99940512 0.92889109]]
[[0.90837129 0.08780967 0.99927018 0.95324434]]
[[0.91537987 0.09039086 0.99895964 0.918655  ]]
[[0.9063922  0.08638044 0.99350684 0.93357647]]
[[0.90088459 0.08924577 0.98619078 0.91700756]]
[[0.9005957  0.0987923  0.99883673 0.94297713]]
[[0.91894281 0.08878456 0.99936205 0.93804587]]
[[0.91859586 0.07730526 0.99838422 0.90104929]]
[[0.90450761 0.08889368 0.99880245 0.91682442]]
[[0.90880017 0.0982408  0.99906041 0.9327347 ]]
[[0.90008719 0.09993583 0.99031957 0.91559956]]
[[0.90326139 0.09737129 0.99846949 0.91463267]]
[[0.90513628 0.08829272 0.99937594 0.98757114]]
[[0.90098384 0.06173112 0.99919735 0.94674779]]
[[0.90031344 0.08168811 0.99803298 0.90686027]]
[[0.90336958 0.08760344 0.99883879 0.93652807]]
[[0.92181249 0.09863998 0.99910611 0.93001551]]
[[0.91054787 0.09286308 0.99902425 0.9071143 ]]
[[0.90220979 0.09196145 0.99903893 0.94582271]]
[[0.91483023 0.07787596 0.9993398  0.96283084]]
[[0.91621983 0.09938249 0.99915204 0.90759866]]
[[0.91223509 0.08001051 0.99923252 0.9355233 ]]
[[0.90518188 0.09446496 0.99825135 0.90323809]]
[[0.90684761 0.09021743 0.99833466 0.92496797]]
[[0.90879201 0.076961   0.99798507 0.9172674 ]]
[[0.91162666 0.08132284 0.99009953 0.90624726]]
[[0.91236985 0.09448401 0.99936045 0.98848906]]
[[0.90138713 0.08588202 0.9989653  0.90878235]]
[[0.90146248 0.0713307  0.99935617 0.97304834]]
[[0.90669403 0.08837737 0.9990101  0.91858278]]
[[0.91177476 0.09991797 0.99343152 0.9264682 ]]
[[0.9105678  0.0971664  0.99910117 0.96396129]]
[[0.91369985 0.09840961 0.99879927 0.9458135 ]]
[[0.92630952 0.08559057 0.99941879 0.92224902]]
[[0.92415252 0.09552567 0.99909378 0.90427794]]
[[0.90453789 0.09077072 0.9993069  0.95734217]]
[[0.9186917  0.08545956 0.99515666 0.91620964]]
[[0.90554499 0.07584709 0.9991175  0.94004503]]
[[0.9214542  0.08360558 0.99935628 0.94330673]]
[[0.90607895 0.08550392 0.99929979 0.97673657]]
[[0.92557897 0.08740014 0.99947128 0.9747866 ]]
[[0.91322175 0.0894682  0.99883071 0.92894869]]
[[0.90757408 0.09338436 0.99769835 0.9100412 ]]
[[0.9081519  0.08203251 0.99142187 0.92418919]]
[[0.91807284 0.07942634 0.99935175 0.95041391]]
[[0.92105666 0.09134933 0.9978627  0.91788683]]
[[0.90903746 0.07721657 0.99921954 0.9583267 ]]
[[0.9096666  0.08984242 0.99818829 0.90090358]]
[[0.90402432 0.09791321 0.98800588 0.92070252]]
[[0.91727255 0.09581502 0.99921482 0.95569615]]
[[0.91359585 0.09373131 0.99916647 0.91305258]]
[[0.90735767 0.08034719 0.99912457 0.91348316]]
[[0.90977553 0.07767481 0.99497771 0.92451429]]
[[0.90524963 0.0974229  0.99907128 0.95255702]]
[[0.90430283 0.08261716 0.99918531 0.97315371]]
[[0.90057531 0.09113469 0.99931969 0.9885007 ]]
[[0.90686272 0.09604773 0.99846631 0.90245274]]
[[0.91212294 0.09176361 0.99897629 0.90281453]]
[[0.91577729 0.09885825 0.99811665 0.91846085]]
[[0.92312613 0.09370819 0.9991757  0.91076397]]
[[0.91899942 0.08915596 0.983648   0.91244776]]
[[0.90537643 0.09766768 0.99891932 0.93615284]]
[[0.92143202 0.08754214 0.99916755 0.92577119]]
[[0.91103962 0.09997395 0.99918188 0.96757254]]
[[0.90446077 0.09846015 0.99727892 0.90817378]]
[[0.90071214 0.07580635 0.98617329 0.91789878]]
[[0.90998089 0.07045496 0.99820552 0.91058538]]
[[0.9090574  0.09411403 0.9989547  0.92339089]]
[[0.90390483 0.07368383 0.99922454 0.96657624]]
[[0.91714516 0.08974001 0.99922645 0.93187878]]
[[0.90417525 0.09070853 0.99633034 0.90259473]]
[[0.90422415 0.08078555 0.98809929 0.92353577]]
[[0.90564313 0.08996101 0.99916827 0.9700308 ]]
[[0.9026594  0.07779313 0.9816012  0.94799286]]
[[0.91005055 0.09740266 0.99907686 0.91468861]]
[[0.91257277 0.09515385 0.99904102 0.90679967]]
[[0.90140021 0.07640129 0.9905596  0.92700457]]
[[0.90349381 0.09937306 0.9990692  0.97310029]]
[[0.91334027 0.0916084  0.99922673 0.96696636]]
[[0.90444036 0.09427529 0.9989513  0.92144815]]
[[0.90159895 0.05958432 0.99915306 0.91503802]]
[[0.91095846 0.09879256 0.99894171 0.9438478 ]]
[[0.90054485 0.09966932 0.99902044 0.97245177]]
[[0.90191892 0.06033587 0.99927318 0.94135597]]
[[0.90095959 0.07293996 0.98356857 0.92344207]]
[[0.90396326 0.08427827 0.9990523  0.926412  ]]
[[0.90472276 0.09353644 0.99883038 0.91193826]]
[[0.91306227 0.09030203 0.98044879 0.91607684]]
[[0.90956205 0.06878855 0.99780769 0.9261541 ]]
[[0.91802827 0.09236788 0.99939448 0.98211647]]
[[0.91394397 0.09737755 0.99896866 0.92000693]]
[[0.91740885 0.09656092 0.99953402 0.99491889]]
[[0.91158344 0.08653607 0.99912209 0.90266139]]
[[0.91351416 0.08729558 0.99905117 0.91281596]]
[[0.91155606 0.09344822 0.99938275 0.97249074]]
[[0.9010489  0.08255299 0.99768508 0.95767571]]
[[0.90991874 0.09773046 0.99905494 0.94381867]]
[[0.90230125 0.06611277 0.99841031 0.92040695]]
[[0.90452122 0.09227531 0.99892855 0.91724687]]
[[0.90102646 0.08283801 0.99889351 0.90958274]]
[[0.90457929 0.09930467 0.99210314 0.9506986 ]]
[[0.90798977 0.09332813 0.99911629 0.93094605]]
[[0.90420668 0.06293981 0.99933872 0.93904574]]
[[0.92188381 0.08263971 0.99941594 0.9410026 ]]
[[0.90642718 0.09115859 0.98929816 0.9069541 ]]
[[0.91539978 0.08801133 0.99925135 0.95294886]]
[[0.90477897 0.08604495 0.99929739 0.92667151]]
[[0.90393514 0.08420829 0.99906912 0.96038452]]
[[0.90579727 0.0934621  0.99912533 0.97650147]]
[[0.91192238 0.08357026 0.99905421 0.92236491]]
[[0.90775841 0.09767466 0.99848793 0.96354408]]
[[0.90837193 0.09514862 0.98851241 0.95167922]]
[[0.91288981 0.08309892 0.99780709 0.91278528]]
[[0.90115055 0.07547853 0.99905326 0.9367302 ]]
[[0.9046047  0.09099167 0.99920856 0.9433544 ]]
[[0.90347562 0.0720544  0.99773904 0.94645434]]
[[0.90172293 0.09112899 0.99932212 0.98975382]]
[[0.90143269 0.08672189 0.99931348 0.97353974]]
[[0.9141763  0.08892689 0.99837338 0.93143526]]
[[0.91252406 0.08912286 0.99943269 0.98598408]]
[[0.91254664 0.09565016 0.99922157 0.91877011]]
[[0.91426687 0.09646847 0.99903712 0.90350376]]
[[0.90492082 0.07352574 0.98864849 0.94555116]]
[[0.9071787  0.09965975 0.99221265 0.92765155]]
[[0.91841276 0.09564741 0.998816   0.94664596]]
[[0.91684871 0.09068115 0.99939501 0.9769586 ]]
[[0.90014483 0.07874377 0.99604074 0.9100242 ]]
[[0.90226237 0.07415805 0.99912023 0.90730414]]
[[0.90114655 0.09052349 0.99910615 0.96069608]]
[[0.90152455 0.07529743 0.99532719 0.92948164]]
[[0.90218312 0.08894363 0.99915742 0.92741001]]
[[0.90188898 0.09016066 0.99878983 0.9164897 ]]
[[0.90879964 0.09680825 0.99867187 0.91630222]]
[[0.9181876  0.09603854 0.99927938 0.97251406]]
[[0.90632571 0.05884985 0.99938261 0.95124014]]
[[0.90055025 0.06978567 0.9990347  0.91284753]]
[[0.90158843 0.05022211 0.99941431 0.92061838]]
[[0.90158424 0.07882972 0.99910452 0.94596962]]
[[0.90889645 0.09207645 0.99881177 0.95190388]]
[[0.90952051 0.09388682 0.99905957 0.93760598]]
[[0.9051293  0.09629773 0.99907829 0.95570592]]
[[0.9011689  0.09829872 0.9990211  0.95142611]]
[[0.90397318 0.06819143 0.99930792 0.96322479]]
[[0.90528169 0.0944684  0.99877691 0.91978222]]
[[0.9086542  0.0964851  0.98975672 0.964106  ]]
[[0.90674534 0.08916901 0.99885344 0.94980905]]
[[0.90034876 0.07990557 0.9990626  0.94833503]]
[[0.90058249 0.08012855 0.99917    0.93031674]]
[[0.90586609 0.09811726 0.99905352 0.91725665]]
[[0.90444545 0.09362338 0.99905142 0.96358376]]
[[0.92249488 0.08286946 0.99939694 0.95018682]]
[[0.9062338  0.07867222 0.99909215 0.91867632]]
[[0.91169453 0.09357655 0.99898289 0.92021382]]
[[0.91217679 0.09822348 0.99938207 0.96907306]]
[[0.91905377 0.098325   0.99159654 0.90613547]]
[[0.90801027 0.09307179 0.99943902 0.96718831]]
[[0.90434169 0.09031404 0.99890709 0.9274135 ]]
[[0.90256023 0.07015831 0.99898218 0.93030835]]
[[0.90549059 0.08444973 0.99895067 0.91151722]]
[[0.91611    0.07868008 0.99930379 0.92853662]]
[[0.91789542 0.08874743 0.99808373 0.90158042]]
[[0.90634666 0.09519847 0.98862562 0.90271333]]
[[0.90329967 0.0737182  0.99915106 0.93291602]]
[[0.90949988 0.07313531 0.99930363 0.95083114]]
[[0.90759613 0.06856015 0.99924275 0.93536916]]
[[0.91789968 0.0899134  0.99655859 0.90422501]]
[[0.91034834 0.07811804 0.99923886 0.93042451]]
[[0.90544649 0.07665508 0.999116   0.91788543]]
[[0.90103284 0.09420673 0.99883199 0.93316982]]
[[0.91239735 0.08584876 0.99922733 0.9087477 ]]
[[0.90396797 0.08488292 0.99931356 0.98932355]]
[[0.91925639 0.09462849 0.99175269 0.91418607]]
[[0.91044619 0.08337495 0.98220647 0.90259714]]
[[0.90413354 0.08699481 0.99931472 0.98340785]]
[[0.90180458 0.07472516 0.99929292 0.96416988]]
[[0.91801701 0.07599679 0.99935605 0.93186418]]
[[0.90151535 0.09723336 0.9989352  0.9018973 ]]
[[0.90681302 0.07367064 0.9993379  0.97370124]]
[[0.91416897 0.09967863 0.99897969 0.90427885]]
[[0.90588554 0.08496892 0.99914218 0.96120842]]
[[0.90262724 0.09706421 0.99939724 0.98881852]]
[[0.92610227 0.09941662 0.99732752 0.91462042]]
[[0.90049669 0.08911088 0.98642947 0.91459798]]
[[0.91010435 0.08525232 0.99913494 0.91059967]]
[[0.91780485 0.08848716 0.99931963 0.96292901]]
[[0.90937847 0.09545634 0.98885813 0.92509106]]
[[0.90323443 0.09634125 0.99048269 0.94952396]]
[[0.90263771 0.09742204 0.99832922 0.90809395]]
[[0.90811822 0.08120913 0.99917844 0.96058607]]
[[0.90010692 0.09977684 0.99853121 0.95361119]]
[[0.90192047 0.07837307 0.97849982 0.90894952]]
[[0.91567514 0.098501   0.99887034 0.90913311]]
[[0.91078935 0.09375011 0.99904857 0.93527371]]
[[0.90667616 0.09707767 0.99888192 0.91782508]]
[[0.90723216 0.07149443 0.99725376 0.90457818]]
[[0.92501512 0.08686252 0.99935421 0.91748446]]
[[0.90105271 0.06809314 0.99898647 0.93844443]]
[[0.92053917 0.09851521 0.99926723 0.92309426]]
[[0.9057421  0.07998677 0.99737876 0.95788   ]]
[[0.90730888 0.08162667 0.99944983 0.98008238]]
[[0.90045216 0.07270131 0.99570667 0.93129009]]
[[0.90873627 0.07395592 0.99940524 0.97418865]]
[[0.90380946 0.08303692 0.99839824 0.92524562]]
[[0.90296804 0.09522373 0.99882694 0.94835124]]
[[0.90500623 0.08667639 0.99937556 0.98437678]]
[[0.90900642 0.09816975 0.99647406 0.90288016]]
[[0.90684403 0.09822211 0.99801566 0.90485718]]
[[0.90327886 0.09043147 0.99320929 0.92390805]]
[[0.91340276 0.0941008  0.99903302 0.9039626 ]]
[[0.90595169 0.09693954 0.99895451 0.95200033]]
[[0.90402406 0.09510433 0.99082779 0.94432135]]
[[0.91345542 0.09576813 0.99936288 0.97421262]]
[[0.92376859 0.08836463 0.99946069 0.96685016]]
[[0.90743821 0.09585039 0.99902677 0.95940029]]
[[0.90575083 0.0828895  0.99502107 0.92523848]]
[[0.90879865 0.09540874 0.99593329 0.95168054]]
[[0.92236692 0.09760475 0.99926602 0.94392039]]
[[0.90969819 0.09369348 0.99898185 0.90035123]]
[[0.90716108 0.09698912 0.9981257  0.91295184]]
[[0.90250593 0.0886289  0.9988414  0.96789792]]
[[0.91233759 0.09148893 0.99927762 0.95407697]]
[[0.91657634 0.06942617 0.99919059 0.92218636]]
[[0.91035159 0.09760043 0.98786831 0.92452918]]
[[0.91466114 0.09128316 0.99923293 0.95452162]]
[[0.90328366 0.07735071 0.98951338 0.91673628]]
[[0.90025589 0.07341499 0.99940026 0.95368778]]
[[0.91422938 0.08337615 0.99926236 0.93832501]]
[[0.90884481 0.09227262 0.99746168 0.90438261]]
[[0.91338306 0.08715589 0.99926996 0.92773061]]
[[0.90226283 0.09009142 0.99924496 0.97068778]]
[[0.91002566 0.09783528 0.99897825 0.93159096]]
[[0.9050617  0.09945567 0.99553207 0.91587128]]
[[0.91300779 0.07926411 0.99942593 0.97186141]]
[[0.90816052 0.09496708 0.97827263 0.9116261 ]]
[[0.93221659 0.09708163 0.99940352 0.9395525 ]]
[[0.90436192 0.08752192 0.99737526 0.92879524]]
[[0.90979005 0.07399777 0.99933637 0.92946796]]
[[0.90292498 0.0724184  0.99922525 0.9304927 ]]
[[0.90873956 0.0935521  0.99913761 0.94404355]]
[[0.90143805 0.08349895 0.98721158 0.93601544]]
[[0.90013829 0.0781972  0.99928729 0.9709308 ]]
[[0.90450135 0.09816354 0.98115275 0.90581328]]
[[0.90602756 0.09501374 0.99847346 0.91733733]]
[[0.91250454 0.0998484  0.9990043  0.93154292]]
[[0.90088023 0.08957042 0.99896686 0.94406793]]
[[0.93384266 0.09237787 0.99951573 0.95792945]]
[[0.90991955 0.07741139 0.99939008 0.95667156]]
[[0.90301994 0.08060402 0.99924171 0.94092366]]
[[0.91129113 0.09982613 0.99695619 0.93361161]]
[[0.90759518 0.07623055 0.98895962 0.90451874]]
[[0.90365223 0.08483507 0.99896415 0.91932116]]
[[0.90511118 0.0911194  0.99859475 0.91597528]]
[[0.90753548 0.07659653 0.99906936 0.97136146]]
[[0.90403582 0.09671627 0.98534172 0.94108288]]
[[0.90425757 0.08844835 0.99908228 0.97353065]]
[[0.90135107 0.08741388 0.9802249  0.90124033]]
[[0.90155972 0.09762905 0.99912767 0.94324623]]
[[0.91181993 0.08759804 0.99913331 0.93829253]]
[[0.90526402 0.08276144 0.99915053 0.96474542]]
[[0.90653091 0.0987152  0.99922103 0.96525431]]
[[0.90652699 0.08354851 0.99820992 0.92263759]]
[[0.90651603 0.09811488 0.99859684 0.94203344]]
[[0.90469437 0.07815205 0.99884852 0.95256847]]
[[0.90586414 0.07615455 0.99920119 0.94985911]]
[[0.9181606  0.09445006 0.9992197  0.95300237]]
[[0.91637362 0.09326443 0.99932189 0.96068921]]
[[0.90462527 0.09978079 0.99884163 0.92957092]]
[[0.90095763 0.08472989 0.99882277 0.92069999]]
[[0.90380282 0.0718469  0.99911476 0.90816054]]
[[0.90769845 0.09966393 0.9954123  0.96505395]]
[[0.92006582 0.09261992 0.99921097 0.93642002]]
[[0.90145548 0.07929939 0.9963731  0.90545031]]
[[0.90544403 0.09869614 0.99898783 0.93105385]]
[[0.91520808 0.07171393 0.99885387 0.91606858]]
[[0.90211796 0.08491672 0.99909388 0.96135234]]
[[0.90381275 0.08939885 0.99896829 0.92945283]]
[[0.91181719 0.08707461 0.999093   0.92129984]]
[[0.90218574 0.08618897 0.99890369 0.96185692]]
[[0.90270158 0.09824553 0.99911331 0.9735176 ]]
[[0.90091798 0.09363775 0.99700886 0.93949223]]
[[0.9059162  0.09483658 0.99890648 0.91615743]]
[[0.92179748 0.09640786 0.99242711 0.90264524]]
[[0.90044298 0.08894877 0.99435349 0.93938746]]
[[0.90927004 0.06829096 0.99934114 0.93532014]]
[[0.90638204 0.07916768 0.99904649 0.90309792]]
[[0.90759561 0.07583001 0.99914134 0.90700842]]
[[0.9050415  0.08371396 0.99916642 0.97896588]]
[[0.9122876  0.0802865  0.99925074 0.94242476]]
[[0.90032117 0.07118153 0.99922136 0.96560591]]
[[0.91959313 0.08874607 0.99933381 0.93287378]]
[[0.90351008 0.07079268 0.99923146 0.91199878]]
[[0.90166461 0.08159307 0.99895057 0.92070752]]
[[0.90150991 0.09067806 0.99872146 0.90775523]]
[[0.90797752 0.0878513  0.99793269 0.92911354]]
[[0.90589872 0.0790398  0.99921112 0.93757049]]
[[0.92501421 0.09279284 0.99886502 0.91097851]]
[[0.93101109 0.09763886 0.99937059 0.91723161]]
[[0.90485286 0.08863358 0.99901307 0.96686909]]
[[0.90604294 0.09770848 0.98030241 0.92268138]]
[[0.91103005 0.08659136 0.99922214 0.95883686]]
[[0.90905531 0.08040176 0.99638957 0.9405102 ]]
[[0.90973401 0.09790888 0.99902302 0.91921942]]
[[0.90496053 0.08937893 0.99719292 0.9182373 ]]
[[0.90754251 0.09770434 0.98043467 0.93371946]]
[[0.90931354 0.07847597 0.99920933 0.91411112]]
[[0.90048938 0.09175753 0.99933081 0.98847664]]
[[0.91635947 0.09326324 0.99921851 0.96266319]]
[[0.92043803 0.09159534 0.99924341 0.90180063]]
[[0.91118134 0.09599375 0.99907132 0.92237687]]
[[0.90259993 0.08760984 0.97607432 0.91316943]]
[[0.91625869 0.08743371 0.9994249  0.98397188]]
[[0.91253867 0.07886778 0.99917733 0.91972623]]
[[0.91903707 0.09936222 0.99420134 0.92674895]]
[[0.90939295 0.09829123 0.99884799 0.93240371]]
[[0.90784699 0.09285538 0.99911212 0.95232719]]
[[0.90473798 0.09834853 0.99137649 0.9189219 ]]
[[0.90700734 0.08200778 0.99918963 0.95915291]]
[[0.9003286  0.06946702 0.99921365 0.93188776]]
[[0.9184782  0.0940676  0.99851028 0.90007231]]
[[0.90619881 0.08526249 0.99897028 0.92252783]]
[[0.90077289 0.09611992 0.99724158 0.92340238]]
[[0.90074365 0.09868951 0.99915162 0.965301  ]]
[[0.90353347 0.09869546 0.99391121 0.91195268]]
[[0.90210884 0.09853343 0.99830639 0.91362283]]
[[0.90933228 0.07323582 0.99930902 0.94186601]]
[[0.90253911 0.09586636 0.99793184 0.94254387]]
[[0.90190936 0.08625449 0.99906088 0.9570562 ]]
[[0.91076681 0.09394588 0.99892833 0.92239228]]
[[0.90739551 0.07245197 0.9994024  0.96673235]]
[[0.90804244 0.07256102 0.99932977 0.96659314]]
[[0.90255767 0.06495448 0.99932112 0.97585477]]
[[0.90602931 0.07928647 0.99937932 0.95995076]]
[[0.91074848 0.09374489 0.99319159 0.93051326]]
[[0.91938027 0.07630573 0.99936378 0.907061  ]]
[[0.9154765  0.09417833 0.9989809  0.94839556]]
[[0.91318031 0.09715321 0.99783996 0.93781103]]
[[0.91202269 0.09766322 0.99936268 0.94889513]]
[[0.90785831 0.07748684 0.99934819 0.97710095]]
[[0.90061949 0.07582683 0.98637332 0.90020525]]
[[0.90453259 0.07230333 0.99915325 0.91529304]]
[[0.91423855 0.06734604 0.99933427 0.92734548]]
[[0.90415559 0.08133269 0.97963718 0.91376925]]
[[0.90361558 0.09744592 0.97919765 0.92454945]]
[[0.91399443 0.0738729  0.99938627 0.95554312]]
[[0.92297839 0.0926099  0.99933043 0.94926966]]
[[0.91367493 0.09912751 0.9991191  0.96573614]]
[[0.90905954 0.08814997 0.98884521 0.94936287]]
[[0.90068135 0.0835765  0.99915885 0.96746596]]
[[0.90598573 0.08215853 0.99931415 0.97328749]]
[[0.90997286 0.08698334 0.99898707 0.90967723]]
[[0.9043299  0.08299413 0.99929935 0.97210961]]
[[0.90205637 0.07951458 0.99858021 0.9093758 ]]
[[0.90587621 0.09958596 0.99884036 0.90336115]]
[[0.90398173 0.08229708 0.99919221 0.92061744]]
[[0.9105176  0.07266094 0.99924081 0.95571534]]
[[0.90000115 0.09698146 0.99835575 0.90100672]]
[[0.90269156 0.07534997 0.99922235 0.96795729]]
[[0.90070973 0.09817963 0.98028042 0.91975815]]
[[0.90598158 0.08473606 0.9991925  0.94620536]]
[[0.90107402 0.09967536 0.99846431 0.90858087]]
[[0.90466509 0.08500078 0.99140493 0.91311851]]
[[0.90063823 0.09958083 0.99828137 0.91532857]]
[[0.90124563 0.09584272 0.99720061 0.90677852]]
[[0.90339722 0.09297484 0.99075538 0.91019263]]
[[0.90372822 0.09750466 0.98887927 0.91451827]]
[[0.90145899 0.09075828 0.99909732 0.96660599]]
[[0.90606687 0.09690101 0.99873946 0.93023941]]
[[0.93148386 0.09779708 0.99940987 0.93682429]]
[[0.91233376 0.0835632  0.99915289 0.91453459]]
[[0.90050219 0.08316683 0.99898789 0.91564791]]
[[0.90709287 0.09641479 0.99880243 0.91648541]]
[[0.90061083 0.08393782 0.98766408 0.93740912]]
[[0.90983367 0.08789712 0.99294866 0.94394127]]
[[0.91298285 0.08677468 0.99913694 0.93467081]]
[[0.91692349 0.08970805 0.99848057 0.94883064]]
[[0.9044627  0.09397951 0.98941757 0.94020393]]
[[0.90222324 0.0884483  0.99933208 0.97296873]]
[[0.90694567 0.09351068 0.99869345 0.92633824]]
[[0.90217491 0.08312717 0.99250531 0.92597997]]
[[0.90523319 0.07550574 0.99917061 0.91406441]]
[[0.90233444 0.08082724 0.99898398 0.94623918]]
[[0.90364498 0.09086619 0.98586472 0.93823349]]
[[0.91132827 0.09328404 0.99915608 0.95910665]]
[[0.90460831 0.09593383 0.99937237 0.9569352 ]]
[[0.90422698 0.06842799 0.99936912 0.95311007]]
[[0.90310971 0.08452172 0.99536413 0.94120844]]
[[0.90581099 0.08285362 0.99914643 0.95135693]]
[[0.91358949 0.07658442 0.99930658 0.94381519]]
[[0.9228263  0.09048999 0.99938468 0.95926484]]
[[0.9098831  0.09909366 0.99907308 0.95168305]]
[[0.92214697 0.09664339 0.99922428 0.90564935]]
[[0.9153934  0.09219629 0.99854529 0.90884592]]
[[0.90468347 0.09453429 0.99932261 0.98883223]]
[[0.90310513 0.09681982 0.98921952 0.90658294]]
[[0.9144283  0.09651195 0.9899592  0.95630236]]
[[0.90122541 0.08003881 0.99944409 0.97846612]]
[[0.90174337 0.07935942 0.99901342 0.91626535]]
[[0.90126423 0.09432373 0.99850465 0.92617713]]
[[0.91717729 0.08984427 0.99910468 0.91269425]]
[[0.90895914 0.09744633 0.99910832 0.96307219]]
[[0.90461717 0.09609947 0.99596731 0.90273915]]
[[0.90839993 0.0751429  0.99926261 0.93484557]]
[[0.9131545  0.07798836 0.99950668 0.99071312]]
[[0.90551156 0.09928867 0.99909131 0.97824762]]
[[0.90291092 0.08634325 0.99918063 0.98118646]]
[[0.90354183 0.0981891  0.99816012 0.95018096]]
[[0.90324853 0.0972881  0.99886501 0.96563043]]
[[0.90719027 0.09011402 0.99930099 0.96255912]]
[[0.90106443 0.06630489 0.99925062 0.94258329]]
[[0.91347064 0.08811785 0.99934776 0.96651015]]
[[0.90599811 0.0917442  0.99892648 0.90830875]]
[[0.90925868 0.09953804 0.99893783 0.92759357]]
