[[ 4.31837934  5.83472452 -3.23010054]]
[[ 5.95659512  4.91869017 -2.71154379]]
[[-2.56604585  5.65159623  5.78860857]]
[[ 5.51153689  5.95970587 -2.88922616]]
[[ 5.28530395  5.56103037 -2.68980183]]
[[ 5.73582417  5.80860312 -2.60919771]]
[[ 5.83791621 -3.43563907  5.55918071]]
[[ 4.16321761 -3.08692049  5.9359345 ]]
[[ 5.98930031  5.20794626 -3.04481259]]
[[ 5.19318346  5.87873918 -3.23586885]]
[[ 2.82592241  5.70965624 -3.06230152]]
[[ 5.30298161  5.60493868 -3.42583529]]
[[ 5.80748217 -3.04691017  5.42698204]]
[[ 5.59821129 -3.1182022   5.3290616 ]]
[[ 5.77959256 -2.59387705  5.51535269]]
[[ 4.89101752 -2.79267139  5.68103295]]
[[ 5.54343371 -3.61514134  5.85478554]]
[[ 5.78466215  4.65482505 -3.91656533]]
[[-2.90830223  4.38958805  5.83967093]]
[[ 5.49324902 -3.47750224  5.87301405]]
[[ 5.66408609  5.24695548 -3.19896199]]
[[-3.15754336  5.82128001  5.59407214]]
[[-2.71790357  5.91690891  5.67175982]]
[[ 4.27464568 -2.60991601  5.70518924]]
[[ 5.61055439  5.73208254 -2.85902494]]
[[-3.04040006  4.95008245  5.43921246]]
[[-3.1732296   4.42860288  5.85063287]]
[[ 3.62698779 -3.15776361  5.98915065]]
[[ 4.98873614 -3.02643924  5.96007976]]
[[ 5.7675323   5.56092085 -3.25402586]]
[[-3.86316001  5.1403787   5.91547855]]
[[ 5.71795038 -3.17400484  5.22056195]]
[[ 5.87594274 -3.7003292   5.93634645]]
[[ 4.80597347 -2.93616686  5.68583617]]
[[ 5.28602504 -2.93782068  5.74602741]]
[[-2.80670697  5.70293566  5.90611418]]
[[ 5.85710187 -3.41287181  5.71640488]]
[[-3.06573389  3.71074937  5.69933444]]
[[ 5.30708113 -3.98984769  5.04787432]]
[[ 5.79343952  4.37876019 -3.04814556]]
[[-3.32222581  5.97600446  5.20629747]]
[[-3.56400301  5.91232363  4.77858392]]
[[ 5.76352935  2.96399653 -3.35893548]]
[[ 5.63414459 -3.36874534  5.20747792]]
[[ 5.69388479 -3.11868571  3.28594132]]
[[ 5.59683975 -3.20927094  3.7322902 ]]
[[-3.5617078   5.95199625  4.80512763]]
[[-2.65808928  5.96093778  4.29133861]]
[[ 5.85651592  5.52618653 -2.6464358 ]]
[[-2.84121807  5.99661586  5.38126081]]
[[ 5.75222243 -3.53029694  4.77456714]]
[[ 2.52855676 -3.26418901  5.89132201]]
[[ 3.82212987  5.85617344 -2.92567586]]
[[-2.91882328  5.79158085  5.68098981]]
[[ 4.5254764   5.95185531 -3.1447437 ]]
[[ 5.73814035 -3.14523377  4.86925142]]
[[ 5.93229014 -3.57580976  5.7416898 ]]
[[-2.8488551   5.82334322  5.56315264]]
[[ 4.57513688 -2.95236203  5.71875006]]
[[ 5.85004368 -3.08203308  5.90689014]]
[[-3.82955249  5.88563623  4.86306309]]
[[-2.84407627  5.62022798  5.67226051]]
[[-3.21236384  5.85817008  3.13084571]]
[[-3.21054141  5.91678212  4.88597263]]
[[ 5.69206923  5.47441884 -3.01189595]]
[[ 5.93972805  5.97673048 -2.84113894]]
[[-2.85100887  5.44947653  5.18275372]]
[[-3.76658736  5.84138138  5.83649248]]
[[ 4.95755632  5.80251623 -2.61127409]]
[[-2.96082566  5.84880137  5.64254285]]
[[-2.93960116  5.98854373  4.43201196]]
[[ 5.88318485 -4.25363435  5.93918934]]
[[ 5.33310612 -2.8321315   5.68903646]]
[[ 4.59730024  5.53995771 -3.11347427]]
[[-3.13303011  5.433509    5.77023671]]
[[ 5.7737049  -3.33497537  3.16001452]]
[[ 5.97749666  5.64611451 -2.98987029]]
[[ 5.76146794  5.67128581 -3.36906797]]
[[ 4.94048371 -2.68955965  5.46156546]]
[[ 5.21198133 -3.31779612  5.59789214]]
[[ 5.98429293 -2.59506723  5.42164765]]
[[-2.68270279  5.69556825  5.7455555 ]]
[[-3.06180193  5.78185439  5.89704965]]
[[ 5.44101036 -2.66445711  5.98992373]]
[[ 5.96944036 -3.60468529  5.46204677]]
[[ 5.93274461  5.97044788 -2.5342623 ]]
[[ 5.98759386 -3.28860538  4.78384964]]
[[ 5.90531416  3.65616628 -3.44436121]]
[[-3.25341677  5.56267758  5.90961834]]
[[ 5.88523408  5.88303092 -3.47638912]]
[[ 5.71584326  5.8088768  -3.79483057]]
[[-2.98707917  3.97716678  5.7752541 ]]
[[-3.0906122   5.94994258  4.01595224]]
[[-3.0979479   5.96435811  5.80246881]]
[[ 5.41090262 -3.1097461   4.33140658]]
[[ 5.38850185  5.89864772 -2.90387959]]
[[ 5.89686672  5.94151119 -2.90551466]]
[[-5.81033227  5.8010594   5.40342969]]
[[-2.98705809  5.21961397  5.45587177]]
[[ 4.91814515  5.52436461 -2.74747963]]
[[-3.2540234   5.83032934  5.94893794]]
[[-3.15182203  5.57335484  5.57145489]]
[[ 5.86281787  3.53433963 -3.32510519]]
[[ 5.93891456 -4.1069223   5.92599681]]
[[ 5.74484362  5.73757311 -2.92027958]]
[[ 5.94028848  5.915263   -3.58427114]]
[[ 5.92131802 -3.77614437  4.20356279]]
[[-3.49434271  5.96802579  5.22320443]]
[[ 5.2683617   5.897514   -3.33725838]]
[[-3.15690979  5.69940316  5.94378325]]
[[ 4.81095593  5.85904803 -3.21488748]]
[[-3.22468577  5.90784713  5.82726453]]
[[-2.92355518  5.67983074  4.25246432]]
[[ 5.4671448  -2.72438567  5.10084715]]
[[-2.93612071  5.24431258  5.62693559]]
[[ 5.94913663  5.24631439 -2.47216805]]
[[-3.02809513  4.098224    5.4143402 ]]
[[-3.05180088  3.81731427  5.42678405]]
[[ 5.47152533 -3.85484044  5.96372279]]
[[-3.87884377  5.78350147  5.98461181]]
[[ 3.87604077 -3.47026264  5.93230212]]
[[ 5.95714879 -4.22625441  5.84866372]]
[[ 5.44374001 -3.37781418  5.45462619]]
[[ 5.43479602 -2.9036454   3.42400372]]
[[-2.75006848  5.77153984  3.8143047 ]]
[[-3.28113007  5.93593772  5.71305177]]
[[ 5.83076791 -3.16943107  5.93003865]]
[[ 3.29396163 -2.8462948   5.83962898]]
[[ 4.95126665  5.47860516 -3.32574364]]
[[ 5.64339612  5.78555941 -3.23191258]]
[[ 4.11501529 -2.74588792  5.87510525]]
[[ 5.7076138  -3.49281228  5.25493996]]
[[ 5.99844671  4.99918559 -3.42410192]]
[[ 5.06652809  5.74041614 -3.00917517]]
[[-3.00565832  5.87553856  4.26116163]]
[[-2.875675    5.34599676  5.83289644]]
[[-3.54624762  5.05371367  5.96528297]]
[[-2.57869807  5.66059889  4.62913863]]
[[ 5.90758091  4.21056062 -3.6541731 ]]
[[ 5.48923381  5.90898394 -2.97226766]]
[[-3.03183929  4.56774728  5.65457449]]
[[ 5.77062549  4.42993678 -3.15101563]]
[[ 5.60472997 -3.1976648   5.80730437]]
[[-3.73416936  5.90084724  5.42938778]]
[[ 5.99390582 -3.19717857  4.47977842]]
[[-2.75232696  5.32977882  4.09402304]]
[[ 5.88436597  5.87409611 -2.59877546]]
[[ 5.31545437 -2.8830906   5.39841506]]
[[-3.11409352  5.76245163  4.96398395]]
[[ 5.87026768 -3.22871505  5.3191072 ]]
[[ 5.86338977  5.84979317 -3.43440443]]
[[ 5.76354695 -3.33442043  5.21471685]]
[[-2.83640043  5.6924504   5.59920996]]
[[-2.87619774  4.60931551  5.78821659]]
[[ 5.9373007  -3.10054625  4.27221844]]
[[-4.48661714  5.54488693  5.62863519]]
[[ 5.90765977 -3.08434688  4.27353698]]
[[ 5.52169302  5.9785625  -4.0923401 ]]
[[-2.7351484   5.44715901  4.68538154]]
[[-2.55570313  5.69290096  5.25947818]]
[[-2.84682857  4.37836235  5.53291166]]
[[ 5.06691853  5.76939117 -3.24742149]]
[[ 5.11023684 -3.01263448  5.65138336]]
[[ 5.83048829 -2.72372771  5.32783481]]
[[ 5.91526299  5.58590595 -3.42111213]]
[[ 5.20287407  5.91712094 -3.34311837]]
[[ 5.57466457  5.17384587 -3.18569266]]
[[ 5.2702529   5.53848342 -2.90783133]]
[[ 5.2127154   5.83356427 -3.28450362]]
[[ 5.57742655 -2.45121677  5.53404531]]
[[ 5.92855649 -3.33342656  5.74003329]]
[[ 5.52586138 -2.66140814  5.63815398]]
[[ 5.80295022 -3.76094512  4.47161709]]
[[-3.81719297  5.83739649  5.72573822]]
[[ 5.21554505  5.92503699 -2.54548333]]
[[ 5.73325885 -3.31089244  5.70492891]]
[[-3.28074502  5.56586175  5.22783699]]
[[ 4.02611791  5.89198244 -3.44662266]]
[[ 4.81648424 -3.67817662  5.36311606]]
[[ 5.78566202 -2.64683825  5.6346627 ]]
[[-3.06492466  5.44590945  5.32199106]]
[[ 5.87806596 -3.97722314  5.80602304]]
[[-2.98488696  5.52909536  5.7118094 ]]
[[ 5.97174719 -3.91766263  4.79482552]]
[[-3.19164191  4.71185199  5.88606429]]
[[-3.21909718  4.48348822  5.81779707]]
[[ 3.7484741   5.53518353 -2.83983718]]
[[-2.92451501  5.53139287  5.42291481]]
[[-3.19102101  5.91806806  4.54370159]]
[[-3.85323988  5.93773991  5.97916238]]
[[ 5.93986533 -3.15752644  5.56062695]]
[[-3.04735239  5.7515327   5.82686817]]
[[ 5.07507565  5.55808417 -3.39631493]]
[[ 5.22560358 -3.00816999  5.92938196]]
[[-3.4871873   5.94024686  4.96380962]]
[[-2.85787146  5.8085557   5.25147245]]
[[-3.20817539  5.98890457  5.60218314]]
[[-3.32229881  5.80692134  4.9288906 ]]
[[ 5.90635637 -2.87864037  3.61392587]]
[[ 5.9309718   5.56829732 -4.48100796]]
[[ 5.83236619 -3.818676    4.82212568]]
[[ 5.88293201  3.71270034 -2.61314832]]
[[-2.8658744   5.62673381  5.23040142]]
[[ 5.82853374 -2.70253828  5.9315484 ]]
[[ 5.55797681 -2.73716812  5.97069196]]
[[ 4.69437197 -2.85529433  5.77257236]]
[[-2.83010166  4.82974308  5.8719546 ]]
[[ 5.25485296 -3.31541185  5.99037076]]
[[-2.84909872  5.75202794  5.34156274]]
[[ 5.28083505  5.99503754 -3.40748434]]
[[-3.05291815  5.27319325  5.44672269]]
[[-3.73326023  5.92880911  5.13463293]]
[[-3.06326391  5.71007955  5.69462631]]
[[-3.25949836  5.97527231  5.23989037]]
[[ 5.43818708  5.81651596 -3.35607729]]
[[ 5.9232981   5.58673289 -2.84943773]]
[[ 4.24266044 -2.91794797  5.68244468]]
[[-3.57048275  5.91989494  4.70488537]]
[[ 5.67785517  5.95234938 -3.47256345]]
[[ 5.95396069  5.72984307 -3.28297387]]
[[-2.77848803  5.95693918  5.77420171]]
[[ 5.74553861  5.4367357  -2.92182573]]
[[ 3.12202046  5.96118713 -3.31061829]]
[[-3.52742524  5.09299813  5.81169744]]
[[ 5.91232442 -4.82511052  5.90541396]]
[[ 5.37073491 -2.80686574  5.93746949]]
[[ 5.96267756 -2.86873942  5.919784  ]]
[[ 5.86255192 -3.39039421  5.77618571]]
[[ 5.91611322 -3.21641162  5.78628539]]
[[ 5.8204583  -2.72886346  5.78896803]]
[[-3.33058423  5.86110733  5.74958855]]
[[-2.8487541   5.99720229  2.73625125]]
[[-3.082711    4.27752803  5.63324366]]
[[ 5.86199153  5.71166669 -2.90985812]]
[[ 5.23464787  5.4243285  -2.72588623]]
[[-3.44322801  5.0495957   5.90476729]]
[[-3.28081479  4.67019381  5.58799702]]
[[ 5.08299165  5.42788163 -2.76651039]]
[[ 5.7131561   5.19058759 -2.78139485]]
[[ 3.21428629  5.63961143 -3.02792624]]
[[ 5.98449399 -3.40074391  3.98406398]]
[[ 5.9375937  -3.41423207  4.53229564]]
[[ 5.87205158  4.49010227 -2.73120741]]
[[-3.31569925  5.88775592  5.1146607 ]]
[[-3.25109994  5.54926615  4.945812  ]]
[[ 5.69083181 -2.98533878  5.87683472]]
[[ 5.33091327 -2.7500807   5.97347505]]
[[ 5.9719577  -3.6182824   4.62502098]]
[[-3.65583945  5.18086761  5.74911592]]
[[ 5.92436016  4.65158772 -3.49920779]]
[[ 5.80737097 -2.83900972  4.55222795]]
[[ 5.76253489 -3.23746653  5.90926933]]
[[ 5.79748332  5.12581651 -2.66906155]]
[[ 5.73697839  5.92288221 -4.04862772]]
[[ 5.80290904 -3.20598174  3.98516789]]
[[ 5.36550466 -2.96931333  5.73788672]]
[[-3.34577555  5.72947816  4.51197073]]
[[-2.8385972   5.7173747   3.85601307]]
[[-2.8266985  5.9609318  4.9775423]]
[[ 5.17137827  5.73674408 -3.09465371]]
[[-3.57375153  5.20226863  5.92587886]]
[[ 5.77320387 -3.10582431  4.66198067]]
[[ 5.39750227  5.38716338 -2.57305028]]
[[-3.44512     5.49321435  5.18901825]]
[[ 5.77844183  4.18980913 -3.03635766]]
[[-3.34392067  5.67777516  5.7191225 ]]
[[ 5.07508558  5.94442471 -3.21211598]]
[[-3.13317209  5.81956482  4.04394539]]
[[ 5.45909721 -2.95237335  5.75452419]]
[[ 3.65661008  5.98429559 -3.12452879]]
[[-3.27781432  5.77333005  5.27592535]]
[[-3.78506216  5.99693923  5.91519649]]
[[-3.89531122  5.89617841  5.89048263]]
[[-2.83390654  5.36569266  5.42020522]]
[[ 5.67899749 -3.08743398  2.8927403 ]]
[[-3.49122264  3.69021079  5.80035342]]
[[ 5.464215   -3.45290024  5.69832106]]
[[ 5.5869063   5.83455032 -2.92007338]]
[[ 4.85513155  5.53588226 -3.22341776]]
[[ 5.84163943  3.61285838 -3.00333542]]
[[-2.72319826  4.75699839  5.66118978]]
[[ 4.98347091 -2.90381582  5.85969892]]
[[ 5.93733781 -3.14643683  5.18994043]]
[[ 5.47499345  5.94335346 -3.50935016]]
[[-4.74693844  5.72926964  5.94484969]]
[[-3.37731877  3.14655389  5.99899681]]
[[-2.56039434  5.61609668  5.88632185]]
[[-3.08267939  5.93157637  5.50154856]]
[[ 4.89133533  5.74894086 -2.75645193]]
[[ 5.78369065  5.96521163 -3.14510374]]
[[ 4.03685716 -2.8443922   5.47395555]]
[[-3.27857306  4.36418917  5.98330144]]
[[-3.31459     5.15960568  5.70142257]]
[[-3.01374296  5.58836718  4.86674266]]
[[ 5.77708863  5.61958766 -3.28194848]]
[[-3.18845832  5.68356074  4.9974728 ]]
[[ 4.92895107  5.90762243 -2.93648719]]
[[ 5.22194162  5.84271631 -3.43557881]]
[[-3.10358267  5.38664006  4.98895699]]
[[ 4.99682009 -3.18674484  5.88680055]]
[[ 5.88959971 -3.42007408  5.44398365]]
[[ 5.6154893  -2.82104007  5.85387893]]
[[ 4.48216758 -3.19212303  5.98156421]]
[[-2.67396409  5.66146481  5.4353113 ]]
[[ 5.86958637  3.11145146 -3.07435854]]
[[-3.1167737   5.68866651  5.02589379]]
[[ 5.50180705 -5.00738131  5.64054793]]
[[ 5.61737343 -3.04431066  5.49499024]]
[[ 5.52904982  4.61224924 -3.32791994]]
[[ 5.5690783  -3.24985191  5.15537677]]
[[ 5.4958419  -2.69378778  4.43560773]]
[[ 5.57896914 -2.72340879  5.78178144]]
[[-2.66033719  5.64485533  3.63786922]]
[[-3.39316111  5.3916918   5.7625784 ]]
[[ 5.72219461  5.97603142 -3.21294749]]
[[ 5.85984751  5.66376827 -3.15197613]]
[[-3.06712037  5.65853652  5.78599881]]
[[ 5.95798785 -3.37814715  4.57214364]]
[[-2.88026308  5.75326885  5.31323039]]
[[ 5.58254043 -5.01433485  5.56759185]]
[[-2.8506204   5.20570794  5.86989356]]
[[ 5.89356833 -3.24780477  3.56076438]]
[[ 4.35684279 -3.46158994  5.81448215]]
[[-2.48851348  4.22926157  5.97926079]]
[[ 5.72884643 -2.94181201  5.85968859]]
[[ 5.5330446   5.80710303 -2.72086446]]
[[-2.96525977  5.08144011  5.34856782]]
[[ 5.71009054 -2.78365198  5.67250837]]
[[-4.20634933  5.85146835  4.97875831]]
[[-3.07667072  5.81826636  5.19727091]]
[[ 5.93028574  5.8220455  -4.01596682]]
[[-2.59508627  5.6078089   5.33513296]]
[[-3.07557107  3.2577917   5.73560658]]
[[ 5.55559509  5.45212883 -2.94167377]]
[[-3.23843814  5.92295483  5.28727399]]
[[ 4.51813352 -3.38553365  5.95348253]]
[[ 4.935132    5.96887778 -2.94824609]]
[[-2.69528     5.81206729  5.84127585]]
[[-4.43180796  5.71469433  5.7889956 ]]
[[-2.75389875  5.16538257  4.35199825]]
[[-3.4978004   4.89741668  5.95973597]]
[[ 5.79530217 -3.05861825  3.650412  ]]
[[ 5.2653999   5.87676894 -3.35645014]]
[[ 5.66826435 -5.10219298  5.79868013]]
[[-3.76629645  5.81139452  5.93117062]]
[[-3.3668279   5.88954907  5.69135719]]
[[ 5.95386062 -3.04037625  5.62088744]]
[[ 5.11035102  5.50896689 -2.638353  ]]
[[ 5.69594552  5.23652253 -3.15924307]]
[[ 4.94248427  5.91842452 -2.81100026]]
[[-3.9699104   5.89345172  5.41447622]]
[[-3.02935672  5.55347246  5.87074737]]
[[ 5.90975494  5.96367919 -3.16604851]]
[[-3.00509659  5.76077745  5.90485282]]
[[ 5.52936784  5.46608319 -2.81394217]]
[[ 5.8263388   4.98444155 -3.03752858]]
[[ 4.94536211 -3.13892095  5.98505754]]
[[ 3.95074911  5.7762267  -3.19845022]]
[[-2.87779597  5.33580841  5.71424943]]
[[ 5.46031735 -2.63645847  5.58849391]]
[[-2.5086912   5.75404773  5.34096535]]
[[-2.79668582  5.98337009  5.70474778]]
[[ 5.71491661 -3.09512446  5.49756886]]
[[ 5.97663173 -3.02172218  5.82031762]]
[[ 5.88409458 -3.52542707  5.72265759]]
[[ 5.7236694   5.73839731 -2.71047906]]
[[ 3.74392325 -2.84460757  5.28635242]]
[[-3.15798573  5.82084115  5.8672437 ]]
[[ 5.77488576  4.8162539  -3.44053415]]
[[ 5.91092046  5.90320206 -3.29114909]]
[[-3.17302276  3.73146158  5.76665334]]
[[ 5.75341932 -3.04212164  5.97851377]]
[[ 5.56572546 -3.39797865  5.68641499]]
[[ 4.79038972  5.83156085 -2.98331028]]
[[ 5.92798394 -3.4727949   4.90663813]]
[[-3.31006985  5.68646902  5.85148721]]
[[ 5.52909499 -2.80736337  5.68768808]]
[[ 5.13617945  5.93557721 -3.59560698]]
[[ 5.84396712  4.18582872 -2.61302473]]
[[-3.33335827  5.81401627  5.97206406]]
[[ 5.86561756  5.51066633 -3.24326125]]
[[-3.03351582  4.47884409  5.79283516]]
[[ 5.81736905 -3.72184353  5.78377382]]
[[ 5.89124121  5.68261094 -3.04347054]]
[[-3.2895737   4.08236663  5.86399132]]
[[ 5.61863886 -3.16379579  5.87562813]]
[[ 5.80450468 -3.47696199  5.39097113]]
[[ 4.43181595 -3.38348211  5.79174886]]
[[-3.03486107  5.98796153  4.41714163]]
[[-3.47723999  5.90248827  5.90238406]]
[[-2.71259091  4.96847514  5.79002529]]
[[ 5.66771176 -3.02775149  5.0193202 ]]
[[ 5.94771725  5.69425332 -3.90631443]]
[[ 5.11182665  5.78283428 -3.26178096]]
[[ 5.97576412 -3.55458615  5.45034957]]
[[ 5.47882529 -3.8796864   5.92280805]]
[[ 5.86875916  4.76862355 -2.77545301]]
[[-2.98838669  5.59549686  5.46672655]]
[[ 5.54764975  5.68545591 -2.76790863]]
[[ 5.74165547  4.42428836 -3.15533293]]
[[ 4.2151407  -3.14101947  5.91970067]]
[[-2.78716158  5.68181211  5.19425865]]
[[ 5.80387063  5.94624688 -3.09420682]]
[[-3.23671029  5.77236118  5.03867907]]
[[-2.80214051  5.32467879  5.67122639]]
[[ 5.60199947 -2.94063684  4.61313522]]
[[ 5.4738411   5.74277439 -2.8381532 ]]
[[ 2.76784123 -2.88323418  5.44130417]]
[[ 5.68677098  5.13254269 -3.31698258]]
[[ 4.79561395  5.62026749 -2.66004388]]
[[ 4.63803071  5.86001188 -2.97727583]]
[[-2.99677971  4.78559813  5.87780994]]
[[-2.99441045  5.85138262  4.69841898]]
[[ 5.80757441  5.35892592 -3.16447693]]
[[ 4.61826499  5.93687223 -2.90439677]]
[[ 5.85384443  5.537084   -3.05601481]]
[[-2.59833424  5.92029062  5.05144274]]
[[ 5.91145214 -3.57619781  5.27396014]]
[[ 4.99256196  5.55693065 -3.14664792]]
[[ 5.67009551  5.38214943 -2.83999045]]
[[ 5.45636407  5.45822963 -2.6286688 ]]
[[-2.9997835   5.82897764  5.05368409]]
[[-3.1563756   5.94809644  5.76563822]]
[[ 5.96772609  5.5460536  -3.18519001]]
[[ 5.91211167 -3.60542661  4.21481706]]
[[ 5.75637458  4.81943165 -3.24492523]]
[[ 3.92266824  5.97638369 -2.68466349]]
[[ 5.67978704  5.26571717 -3.74865193]]
[[ 5.35434156 -3.10394844  5.41196858]]
[[ 5.68788058  5.5172088  -5.18446873]]
[[ 5.4549618  -2.64267441  5.78176238]]
[[ 5.79910418  5.99033045 -2.99427895]]
[[ 5.907994   -3.26015395  5.54295843]]
[[ 5.99595779  5.71016187 -3.23443911]]
[[-2.60626958  5.86100141  4.9015832 ]]
[[-3.50357357  5.94015509  5.35146005]]
[[ 5.62395425 -3.49487162  5.70336866]]
[[ 5.13527245 -3.47429734  5.97698241]]
[[ 5.55335845 -3.09115498  2.73821667]]
[[ 5.8138012  -3.34931065  5.79426938]]
[[ 5.72118641  5.13825542 -3.24374218]]
[[ 5.97466194  5.68377968 -2.70679047]]
[[ 5.19480216  5.81467536 -3.58819477]]
[[ 5.68228773  4.30596877 -2.92513259]]
[[-3.3452344   5.95583701  5.82551941]]
[[-3.36319271  4.50043786  5.91856279]]
[[ 5.61695337  5.57343546 -2.8820102 ]]
[[ 5.97797093 -2.87119914  5.37497748]]
[[ 5.92194049 -3.25412757  5.50349224]]
[[ 5.94292159 -2.66104195  4.45482462]]
[[-3.42909767  5.8369868   5.79922976]]
[[ 3.92753244  5.96182676 -2.88427675]]
[[ 5.7671823  -3.5708078   5.97967725]]
[[-2.90066652  5.78766217  5.31417353]]
[[ 5.98251148 -3.71321739  4.27484111]]
[[-3.1747192   5.80926897  3.53225113]]
[[ 4.17362329 -3.07609517  5.71837601]]
[[-3.05494782  5.74149973  5.99758734]]
[[ 5.73716733 -3.24460046  5.38773915]]
[[ 5.50535335  5.7937381  -3.38018131]]
[[ 5.81438977 -3.10462637  5.65114356]]
[[ 5.97074621  5.74272132 -3.44572512]]
[[ 4.15659824  5.93959291 -2.79064321]]
[[ 5.90209723 -3.14088771  4.53792479]]
[[ 4.8115379  -2.81619976  5.82070466]]
[[-2.54252234  5.26261727  5.58477698]]
[[-2.58149943  5.63368472  5.71635812]]
[[ 5.61261964  5.741352   -3.26973978]]
[[-2.81742413  5.74498249  4.46920656]]
[[ 5.65596598  4.57009624 -2.94116346]]
[[ 3.104918   -2.94113954  5.68430694]]
[[ 5.96729127  4.61221374 -3.01021333]]
[[ 5.3954823   5.9314354  -2.89421033]]
[[ 5.69992894  2.83740196 -3.15380907]]
[[ 4.45353671 -2.83655692  5.93915893]]
[[ 5.80590524 -3.16206669  5.82708963]]
[[ 5.73754462 -3.3137143   5.53386817]]
[[ 5.99991238  5.29973855 -3.08205285]]
[[ 4.44821847 -3.73906389  5.62767041]]
[[ 5.43427125 -2.81704351  5.88233422]]
[[ 5.829851   -3.35381266  4.14781685]]
[[ 5.90593399  5.96397784 -3.09714308]]
[[ 5.70624597 -3.23596307  5.43897966]]
[[ 4.3845315  -3.16651382  5.7051585 ]]
[[-2.73932601  5.20769232  4.48861302]]
[[-3.09685532  5.8548731   5.73684338]]
[[ 5.79727927 -3.14726997  5.76781064]]
[[ 5.672872   -2.80468744  3.53941713]]
[[ 5.92357413 -3.34779882  5.48595538]]
[[-2.66564926  5.70541523  5.80899689]]
[[ 5.85999127 -3.46271093  5.75402613]]
[[-2.87517223  5.31831035  5.53256361]]
[[-3.64853607  5.68119604  5.96974808]]
[[ 5.77842392 -3.40543973  4.64191121]]
[[ 5.6979157  -4.05402032  5.41784719]]
[[ 3.85499468  5.90707679 -3.10553503]]
[[ 5.87504625 -3.70996237  4.84311979]]
[[-3.1730363   5.93520332  5.90815807]]
[[-3.31244974  5.34043889  5.76518751]]
[[-2.98102735  5.66118538  5.72130104]]
[[ 4.46270711 -3.23770591  5.99489361]]
[[ 5.82586717  5.73585365 -3.11403086]]
[[ 4.04719949 -2.76137009  5.73241612]]
[[-3.67439457  5.87406159  3.84609062]]
[[-3.47495853  4.01494076  5.96301369]]
[[-3.31402401  5.83486831  3.75462672]]
[[ 4.96170808 -3.07615029  5.86695234]]
[[ 5.81201565  5.74313191 -3.25328856]]
[[ 5.80622873 -3.59432535  5.91690524]]
[[-3.20527352  5.12072023  5.82491171]]
[[-2.95618549  5.83626301  5.50949744]]
[[ 4.91905575 -2.89268386  5.91063117]]
[[ 5.53869085  5.94882775 -2.52474642]]
[[ 5.99264251 -2.65301287  5.32134548]]
[[ 5.39351899  5.59345914 -3.12899251]]
[[ 4.9220898   5.95784178 -3.92822885]]
[[ 4.46114888  5.85002042 -2.68070889]]
[[ 4.38864888 -3.05678384  5.92570755]]
[[ 5.680504   -2.72313531  5.94521311]]
[[ 4.20205952  5.96166362 -3.28357758]]
[[ 5.56579818  5.72174206 -2.62978797]]
[[-3.7004298   5.02829117  5.98864971]]
[[ 4.92039489  5.50463374 -2.54978777]]
[[ 5.64578925 -3.71535391  5.93249972]]
[[ 4.65562251 -3.53798415  5.94622164]]
[[-2.58408892  5.66973657  5.94961318]]
[[-4.08461063  5.68510452  5.89587099]]
[[-3.84195196  5.98992798  5.70912651]]
[[ 5.79030998 -3.37110448  5.32052767]]
[[-3.35101897  3.4877697   5.99457025]]
[[ 4.69962438  5.64264748 -3.31491565]]
[[ 5.94177593  5.63356451 -3.51649915]]
[[ 5.9122086  -3.2324514   5.53728976]]
[[-3.11103778  4.80517921  5.70353565]]
[[ 5.79815998  4.24356452 -2.81959921]]
[[-2.98875662  5.96968565  2.67193687]]
[[ 5.70248148  5.999428   -3.18325945]]
[[-3.28703232  5.9840013   5.83926219]]
[[-3.13473931  5.6165688   5.68997313]]
[[-2.92493314  4.47958261  5.45515712]]
[[-3.62288496  5.99464185  5.35350051]]
[[ 5.22915761 -3.77687522  5.59691931]]
[[ 5.88969209  4.53522438 -3.24240497]]
[[ 5.83416735 -4.24029134  5.90776028]]
[[-3.91003523  5.80286586  5.78044252]]
[[ 5.94302596 -2.827806    5.13004335]]
[[ 5.58346988  5.97582143 -2.73258336]]
[[ 5.51786499  5.98821485 -2.67532181]]
[[ 5.44740262 -2.99925317  4.68519046]]
[[ 5.89230674  5.98205822 -3.38584349]]
[[ 5.7401378  -2.51504741  5.58945503]]
[[ 5.98474797 -2.78474417  5.49731159]]
[[ 5.8610189  -2.98888577  5.96609552]]
[[ 5.46526224  5.88905101 -2.90591712]]
[[ 5.95716242 -2.95502752  4.62810309]]
[[ 5.70682567 -3.11407614  5.74560615]]
[[ 3.61178855  5.50300039 -2.94076075]]
[[ 4.773664    5.95211788 -3.32220187]]
[[ 5.84067532 -2.82849054  5.78841001]]
[[-3.20670033  5.71121864  5.69037815]]
[[ 5.64716881  5.31158668 -2.71999019]]
[[ 5.8408788   5.8398387  -2.51249043]]
[[ 2.616942   -3.1784549   5.88107085]]
[[ 5.7532306   5.8916378  -3.92295317]]
[[-3.31526176  5.996093    5.21774578]]
[[ 3.65612618 -3.02891184  5.98373533]]
[[ 5.77468004  4.82090757 -3.14437519]]
[[ 5.98097609  5.80316155 -3.73108539]]
[[ 5.47579869  5.46148008 -4.01177496]]
[[ 5.58572461  5.8310172  -3.24995774]]
[[ 5.75009406 -2.77296086  5.39038217]]
[[-3.26098418  5.5575423   5.96526713]]
[[ 5.68881785 -2.58541824  4.86918704]]
[[ 5.73555834  5.10826201 -3.02857936]]
[[-2.90653323  5.60375664  5.67811848]]
[[ 4.45502298  5.66274247 -3.00180693]]
[[ 5.5949831   5.62254151 -3.01694134]]
[[-3.45002075  5.16718056  5.99663292]]
[[ 5.36573614 -2.73445213  5.79139372]]
[[ 5.66281539  5.69187992 -2.68556428]]
[[ 5.81885208  5.98081177 -2.66321725]]
[[ 5.72227059  5.84026725 -3.1914146 ]]
[[ 5.1042196  -3.16458533  5.77956133]]
[[ 5.85130861  5.88914323 -2.72904163]]
[[ 4.82412928  5.87858229 -3.29856555]]
[[ 4.47120889  5.56102225 -2.85978056]]
