[[ 4.17362329 -3.07609517  5.71837601]]
[[-3.05494782  5.74149973  5.99758734]]
[[-3.1747192   5.80926897  3.53225113]]
[[ 5.98251148 -3.71321739  4.27484111]]
[[-2.90066652  5.78766217  5.31417353]]
[[ 5.73716733 -3.24460046  5.38773915]]
[[ 5.50535335  5.7937381  -3.38018131]]
[[ 5.81438977 -3.10462637  5.65114356]]
[[ 5.97074621  5.74272132 -3.44572512]]
[[ 4.15659824  5.93959291 -2.79064321]]
[[ 5.90209723 -3.14088771  4.53792479]]
[[ 4.8115379  -2.81619976  5.82070466]]
[[-2.54252234  5.26261727  5.58477698]]
[[ 5.7671823  -3.5708078   5.97967725]]
[[ 3.92753244  5.96182676 -2.88427675]]
[[-2.58149943  5.63368472  5.71635812]]
[[ 5.61261964  5.741352   -3.26973978]]
[[-3.42909767  5.8369868   5.79922976]]
[[-2.81742413  5.74498249  4.46920656]]
[[ 5.94292159 -2.66104195  4.45482462]]
[[ 5.65596598  4.57009624 -2.94116346]]
[[ 5.92194049 -3.25412757  5.50349224]]
[[ 3.104918   -2.94113954  5.68430694]]
[[ 5.96729127  4.61221374 -3.01021333]]
[[ 5.97797093 -2.87119914  5.37497748]]
[[ 5.61695337  5.57343546 -2.8820102 ]]
[[-3.36319271  4.50043786  5.91856279]]
[[ 5.3954823   5.9314354  -2.89421033]]
[[ 5.69992894  2.83740196 -3.15380907]]
[[ 4.45353671 -2.83655692  5.93915893]]
[[-3.3452344   5.95583701  5.82551941]]
[[ 5.80590524 -3.16206669  5.82708963]]
[[ 5.73754462 -3.3137143   5.53386817]]
[[ 5.99991238  5.29973855 -3.08205285]]
[[ 5.68228773  4.30596877 -2.92513259]]
[[ 5.19480216  5.81467536 -3.58819477]]
[[ 4.44821847 -3.73906389  5.62767041]]
[[ 5.97466194  5.68377968 -2.70679047]]
[[ 5.43427125 -2.81704351  5.88233422]]
[[ 5.72118641  5.13825542 -3.24374218]]
[[ 5.8138012  -3.34931065  5.79426938]]
[[ 5.55335845 -3.09115498  2.73821667]]
[[ 5.829851   -3.35381266  4.14781685]]
[[ 5.90593399  5.96397784 -3.09714308]]
[[ 5.13527245 -3.47429734  5.97698241]]
[[ 5.62395425 -3.49487162  5.70336866]]
[[ 5.70624597 -3.23596307  5.43897966]]
[[-3.50357357  5.94015509  5.35146005]]
[[-2.60626958  5.86100141  4.9015832 ]]
[[ 4.3845315  -3.16651382  5.7051585 ]]
[[ 5.99595779  5.71016187 -3.23443911]]
[[-2.73932601  5.20769232  4.48861302]]
[[ 5.907994   -3.26015395  5.54295843]]
[[-3.09685532  5.8548731   5.73684338]]
[[ 5.79910418  5.99033045 -2.99427895]]
[[ 5.4549618  -2.64267441  5.78176238]]
[[ 5.68788058  5.5172088  -5.18446873]]
[[ 5.79727927 -3.14726997  5.76781064]]
[[ 5.35434156 -3.10394844  5.41196858]]
[[ 5.67978704  5.26571717 -3.74865193]]
[[ 3.92266824  5.97638369 -2.68466349]]
[[ 5.75637458  4.81943165 -3.24492523]]
[[ 5.91211167 -3.60542661  4.21481706]]
[[ 5.672872   -2.80468744  3.53941713]]
[[ 5.92357413 -3.34779882  5.48595538]]
[[-2.66564926  5.70541523  5.80899689]]
[[ 5.96772609  5.5460536  -3.18519001]]
[[-3.1563756   5.94809644  5.76563822]]
[[ 5.85999127 -3.46271093  5.75402613]]
[[-2.87517223  5.31831035  5.53256361]]
[[-3.64853607  5.68119604  5.96974808]]
[[ 5.77842392 -3.40543973  4.64191121]]
[[ 5.6979157  -4.05402032  5.41784719]]
[[-2.9997835   5.82897764  5.05368409]]
[[ 3.85499468  5.90707679 -3.10553503]]
[[ 5.87504625 -3.70996237  4.84311979]]
[[ 5.45636407  5.45822963 -2.6286688 ]]
[[ 5.67009551  5.38214943 -2.83999045]]
[[ 4.99256196  5.55693065 -3.14664792]]
[[ 5.91145214 -3.57619781  5.27396014]]
[[-3.1730363   5.93520332  5.90815807]]
[[-2.59833424  5.92029062  5.05144274]]
[[ 5.85384443  5.537084   -3.05601481]]
[[ 4.61826499  5.93687223 -2.90439677]]
[[-3.31244974  5.34043889  5.76518751]]
[[ 5.80757441  5.35892592 -3.16447693]]
[[-2.99441045  5.85138262  4.69841898]]
[[-2.99677971  4.78559813  5.87780994]]
[[-2.98102735  5.66118538  5.72130104]]
[[ 4.63803071  5.86001188 -2.97727583]]
[[ 4.79561395  5.62026749 -2.66004388]]
[[ 5.68677098  5.13254269 -3.31698258]]
[[ 2.76784123 -2.88323418  5.44130417]]
[[ 4.46270711 -3.23770591  5.99489361]]
[[ 5.4738411   5.74277439 -2.8381532 ]]
[[ 5.82586717  5.73585365 -3.11403086]]
[[ 4.04719949 -2.76137009  5.73241612]]
[[-3.67439457  5.87406159  3.84609062]]
[[ 5.60199947 -2.94063684  4.61313522]]
[[-3.47495853  4.01494076  5.96301369]]
[[-2.80214051  5.32467879  5.67122639]]
[[-3.31402401  5.83486831  3.75462672]]
[[-3.23671029  5.77236118  5.03867907]]
[[ 4.96170808 -3.07615029  5.86695234]]
[[ 5.80387063  5.94624688 -3.09420682]]
[[ 5.81201565  5.74313191 -3.25328856]]
[[ 5.80622873 -3.59432535  5.91690524]]
[[-3.20527352  5.12072023  5.82491171]]
[[-2.95618549  5.83626301  5.50949744]]
[[ 4.91905575 -2.89268386  5.91063117]]
[[-2.78716158  5.68181211  5.19425865]]
[[ 5.53869085  5.94882775 -2.52474642]]
[[ 5.99264251 -2.65301287  5.32134548]]
[[ 4.2151407  -3.14101947  5.91970067]]
[[ 5.74165547  4.42428836 -3.15533293]]
[[ 5.54764975  5.68545591 -2.76790863]]
[[-2.98838669  5.59549686  5.46672655]]
[[ 5.86875916  4.76862355 -2.77545301]]
[[ 5.39351899  5.59345914 -3.12899251]]
[[ 4.9220898   5.95784178 -3.92822885]]
[[ 5.47882529 -3.8796864   5.92280805]]
[[ 4.46114888  5.85002042 -2.68070889]]
[[ 4.38864888 -3.05678384  5.92570755]]
[[ 5.97576412 -3.55458615  5.45034957]]
[[ 5.680504   -2.72313531  5.94521311]]
[[ 5.11182665  5.78283428 -3.26178096]]
[[ 5.94771725  5.69425332 -3.90631443]]
[[ 5.66771176 -3.02775149  5.0193202 ]]
[[ 4.20205952  5.96166362 -3.28357758]]
[[-2.71259091  4.96847514  5.79002529]]
[[-3.47723999  5.90248827  5.90238406]]
[[-3.03486107  5.98796153  4.41714163]]
[[ 5.56579818  5.72174206 -2.62978797]]
[[ 4.43181595 -3.38348211  5.79174886]]
[[ 5.80450468 -3.47696199  5.39097113]]
[[ 5.61863886 -3.16379579  5.87562813]]
[[-3.2895737   4.08236663  5.86399132]]
[[ 5.89124121  5.68261094 -3.04347054]]
[[ 5.81736905 -3.72184353  5.78377382]]
[[-3.03351582  4.47884409  5.79283516]]
[[-3.7004298   5.02829117  5.98864971]]
[[ 4.92039489  5.50463374 -2.54978777]]
[[ 5.64578925 -3.71535391  5.93249972]]
[[ 5.86561756  5.51066633 -3.24326125]]
[[ 4.65562251 -3.53798415  5.94622164]]
[[-3.33335827  5.81401627  5.97206406]]
[[-2.58408892  5.66973657  5.94961318]]
[[-4.08461063  5.68510452  5.89587099]]
[[-3.84195196  5.98992798  5.70912651]]
[[ 5.84396712  4.18582872 -2.61302473]]
[[ 5.79030998 -3.37110448  5.32052767]]
[[ 5.13617945  5.93557721 -3.59560698]]
[[-3.35101897  3.4877697   5.99457025]]
[[ 4.69962438  5.64264748 -3.31491565]]
[[ 5.94177593  5.63356451 -3.51649915]]
[[ 5.52909499 -2.80736337  5.68768808]]
[[-3.31006985  5.68646902  5.85148721]]
[[ 5.92798394 -3.4727949   4.90663813]]
[[ 5.9122086  -3.2324514   5.53728976]]
[[-3.11103778  4.80517921  5.70353565]]
[[ 4.79038972  5.83156085 -2.98331028]]
[[ 5.79815998  4.24356452 -2.81959921]]
[[-2.98875662  5.96968565  2.67193687]]
[[ 5.56572546 -3.39797865  5.68641499]]
[[ 5.75341932 -3.04212164  5.97851377]]
[[-3.17302276  3.73146158  5.76665334]]
[[ 5.91092046  5.90320206 -3.29114909]]
[[ 5.70248148  5.999428   -3.18325945]]
[[ 5.77488576  4.8162539  -3.44053415]]
[[-3.15798573  5.82084115  5.8672437 ]]
[[ 3.74392325 -2.84460757  5.28635242]]
[[-3.28703232  5.9840013   5.83926219]]
[[ 5.7236694   5.73839731 -2.71047906]]
[[ 5.88409458 -3.52542707  5.72265759]]
[[-3.13473931  5.6165688   5.68997313]]
[[-2.92493314  4.47958261  5.45515712]]
[[ 5.97663173 -3.02172218  5.82031762]]
[[-3.62288496  5.99464185  5.35350051]]
[[ 5.71491661 -3.09512446  5.49756886]]
[[-2.79668582  5.98337009  5.70474778]]
[[-2.5086912   5.75404773  5.34096535]]
[[ 5.22915761 -3.77687522  5.59691931]]
[[ 5.46031735 -2.63645847  5.58849391]]
[[ 5.88969209  4.53522438 -3.24240497]]
[[-2.87779597  5.33580841  5.71424943]]
[[ 5.83416735 -4.24029134  5.90776028]]
[[ 3.95074911  5.7762267  -3.19845022]]
[[ 4.94536211 -3.13892095  5.98505754]]
[[ 5.8263388   4.98444155 -3.03752858]]
[[ 5.52936784  5.46608319 -2.81394217]]
[[-3.00509659  5.76077745  5.90485282]]
[[ 5.90975494  5.96367919 -3.16604851]]
[[-3.02935672  5.55347246  5.87074737]]
[[-3.91003523  5.80286586  5.78044252]]
[[ 5.94302596 -2.827806    5.13004335]]
[[ 5.58346988  5.97582143 -2.73258336]]
[[ 5.51786499  5.98821485 -2.67532181]]
[[ 5.44740262 -2.99925317  4.68519046]]
[[-3.9699104   5.89345172  5.41447622]]
[[ 4.94248427  5.91842452 -2.81100026]]
[[ 5.89230674  5.98205822 -3.38584349]]
[[ 5.69594552  5.23652253 -3.15924307]]
[[ 5.11035102  5.50896689 -2.638353  ]]
[[ 5.95386062 -3.04037625  5.62088744]]
[[-3.3668279   5.88954907  5.69135719]]
[[-3.76629645  5.81139452  5.93117062]]
[[ 5.7401378  -2.51504741  5.58945503]]
[[ 5.98474797 -2.78474417  5.49731159]]
[[ 5.8610189  -2.98888577  5.96609552]]
[[ 5.46526224  5.88905101 -2.90591712]]
[[ 5.95716242 -2.95502752  4.62810309]]
[[ 5.66826435 -5.10219298  5.79868013]]
[[ 5.2653999   5.87676894 -3.35645014]]
[[ 5.79530217 -3.05861825  3.650412  ]]
[[-3.4978004   4.89741668  5.95973597]]
[[ 5.70682567 -3.11407614  5.74560615]]
[[ 3.61178855  5.50300039 -2.94076075]]
[[ 4.773664    5.95211788 -3.32220187]]
[[-2.75389875  5.16538257  4.35199825]]
[[ 5.84067532 -2.82849054  5.78841001]]
[[-4.43180796  5.71469433  5.7889956 ]]
[[-3.20670033  5.71121864  5.69037815]]
[[-2.69528     5.81206729  5.84127585]]
[[ 4.935132    5.96887778 -2.94824609]]
[[ 4.51813352 -3.38553365  5.95348253]]
[[-3.23843814  5.92295483  5.28727399]]
[[ 5.64716881  5.31158668 -2.71999019]]
[[ 5.8408788   5.8398387  -2.51249043]]
[[ 2.616942   -3.1784549   5.88107085]]
[[ 5.55559509  5.45212883 -2.94167377]]
[[ 5.7532306   5.8916378  -3.92295317]]
[[-3.07557107  3.2577917   5.73560658]]
[[-2.59508627  5.6078089   5.33513296]]
[[-3.31526176  5.996093    5.21774578]]
[[ 5.93028574  5.8220455  -4.01596682]]
[[ 3.65612618 -3.02891184  5.98373533]]
[[-3.07667072  5.81826636  5.19727091]]
[[ 5.77468004  4.82090757 -3.14437519]]
[[-4.20634933  5.85146835  4.97875831]]
[[ 5.98097609  5.80316155 -3.73108539]]
[[ 5.47579869  5.46148008 -4.01177496]]
[[ 5.71009054 -2.78365198  5.67250837]]
[[ 5.58572461  5.8310172  -3.24995774]]
[[-2.96525977  5.08144011  5.34856782]]
[[ 5.75009406 -2.77296086  5.39038217]]
[[-3.26098418  5.5575423   5.96526713]]
[[ 5.68881785 -2.58541824  4.86918704]]
[[ 5.5330446   5.80710303 -2.72086446]]
[[ 5.73555834  5.10826201 -3.02857936]]
[[-2.90653323  5.60375664  5.67811848]]
[[ 5.72884643 -2.94181201  5.85968859]]
[[ 4.45502298  5.66274247 -3.00180693]]
[[ 5.5949831   5.62254151 -3.01694134]]
[[-2.48851348  4.22926157  5.97926079]]
[[-3.45002075  5.16718056  5.99663292]]
[[ 4.35684279 -3.46158994  5.81448215]]
[[ 5.89356833 -3.24780477  3.56076438]]
[[-2.8506204   5.20570794  5.86989356]]
[[ 5.58254043 -5.01433485  5.56759185]]
[[-2.88026308  5.75326885  5.31323039]]
[[ 5.95798785 -3.37814715  4.57214364]]
[[-3.06712037  5.65853652  5.78599881]]
[[ 5.85984751  5.66376827 -3.15197613]]
[[ 5.36573614 -2.73445213  5.79139372]]
[[ 5.72219461  5.97603142 -3.21294749]]
[[ 5.66281539  5.69187992 -2.68556428]]
[[ 5.81885208  5.98081177 -2.66321725]]
[[-3.39316111  5.3916918   5.7625784 ]]
[[ 5.72227059  5.84026725 -3.1914146 ]]
[[-2.66033719  5.64485533  3.63786922]]
[[ 5.57896914 -2.72340879  5.78178144]]
[[ 5.1042196  -3.16458533  5.77956133]]
[[ 5.85130861  5.88914323 -2.72904163]]
[[ 4.82412928  5.87858229 -3.29856555]]
[[ 5.4958419  -2.69378778  4.43560773]]
[[ 5.5690783  -3.24985191  5.15537677]]
[[ 5.52904982  4.61224924 -3.32791994]]
[[ 5.61737343 -3.04431066  5.49499024]]
[[ 4.47120889  5.56102225 -2.85978056]]
[[ 5.50180705 -5.00738131  5.64054793]]
[[-3.1167737   5.68866651  5.02589379]]
[[ 5.86958637  3.11145146 -3.07435854]]
[[-2.67396409  5.66146481  5.4353113 ]]
[[-3.24376465  5.81349227  5.4993894 ]]
[[ 5.66776204 -2.92915747  4.25610647]]
[[ 4.48216758 -3.19212303  5.98156421]]
[[ 3.78069783  5.68473287 -3.04669289]]
[[-2.98107421  4.98658651  5.73312999]]
[[ 5.6154893  -2.82104007  5.85387893]]
[[-3.41183422  5.60404524  5.99582261]]
[[ 3.0549011   5.94633124 -3.3110586 ]]
[[ 5.88959971 -3.42007408  5.44398365]]
[[ 5.78190007 -3.26989133  3.42458938]]
[[ 5.50917463 -3.10439203  5.54795192]]
[[ 4.99682009 -3.18674484  5.88680055]]
[[-3.10358267  5.38664006  4.98895699]]
[[ 5.22194162  5.84271631 -3.43557881]]
[[-2.97242229  5.3089904   5.15303825]]
[[-2.79605978  5.51323795  5.93189858]]
[[ 4.92895107  5.90762243 -2.93648719]]
[[-2.88108345  5.12421405  5.78192972]]
[[-3.18845832  5.68356074  4.9974728 ]]
[[ 5.22668067  5.97332142 -3.91205107]]
[[ 5.70803109 -3.14691107  3.66098456]]
[[ 5.77708863  5.61958766 -3.28194848]]
[[-3.01374296  5.58836718  4.86674266]]
[[-3.31459     5.15960568  5.70142257]]
[[-3.27857306  4.36418917  5.98330144]]
[[-2.62730923  5.19630101  5.9795353 ]]
[[ 5.04806062  5.52599257 -2.69653363]]
[[-3.80035938  5.90912075  5.89917612]]
[[ 5.69297801 -3.0270018   5.44137926]]
[[-3.02519585  5.33659413  5.90299732]]
[[ 5.94032681  5.72398383 -3.29016454]]
[[ 4.03685716 -2.8443922   5.47395555]]
[[ 5.7560597   5.31439152 -3.1360009 ]]
[[ 5.80356627  3.91793414 -3.05377122]]
[[ 5.78369065  5.96521163 -3.14510374]]
[[-3.19288461  5.90099782  4.2017072 ]]
[[ 4.89133533  5.74894086 -2.75645193]]
[[-3.08267939  5.93157637  5.50154856]]
[[-5.0358711   5.53886048  5.93531287]]
[[-2.94730711  4.79109499  5.91922139]]
[[-2.56039434  5.61609668  5.88632185]]
[[-3.37731877  3.14655389  5.99899681]]
[[-4.74693844  5.72926964  5.94484969]]
[[ 5.92480976  5.56729718 -3.27119292]]
[[-3.68344088  5.16054063  5.98590352]]
[[ 5.47499345  5.94335346 -3.50935016]]
[[ 5.93733781 -3.14643683  5.18994043]]
[[ 4.98347091 -2.90381582  5.85969892]]
[[-2.72319826  4.75699839  5.66118978]]
[[ 5.97103856  5.77710977 -2.6982034 ]]
[[ 5.79918692  5.68251902 -2.59496019]]
[[ 5.41809224  5.72346892 -2.96149091]]
[[ 5.84163943  3.61285838 -3.00333542]]
[[ 5.96917113  5.38202261 -2.94289792]]
[[ 4.85513155  5.53588226 -3.22341776]]
[[-2.39676283  5.16873543  5.5375141 ]]
[[ 5.83704191 -3.60418004  4.83023886]]
[[-2.59607204  4.98262831  5.89286441]]
[[-3.04164748  5.82979468  5.91395643]]
[[ 5.87853742 -3.56682176  4.19522102]]
[[ 5.5869063   5.83455032 -2.92007338]]
[[ 5.93720321 -3.14872533  5.77160957]]
[[ 5.464215   -3.45290024  5.69832106]]
[[ 5.87809947  5.95185575 -5.4737369 ]]
[[ 5.80917549  5.41951546 -3.41384653]]
[[-5.54714007  5.58192803  5.43839819]]
[[ 5.86646515 -3.09537797  5.52760905]]
[[-3.49122264  3.69021079  5.80035342]]
[[ 5.67899749 -3.08743398  2.8927403 ]]
[[ 5.47193281  5.65819797 -2.91460983]]
[[-2.83390654  5.36569266  5.42020522]]
[[-3.89531122  5.89617841  5.89048263]]
[[-3.78506216  5.99693923  5.91519649]]
[[-3.27781432  5.77333005  5.27592535]]
[[-2.77333403  5.75726402  5.22829278]]
[[ 5.74510135 -2.93124633  3.42692265]]
[[-2.74561987  5.66456525  4.88906899]]
[[ 3.65661008  5.98429559 -3.12452879]]
[[ 5.45909721 -2.95237335  5.75452419]]
[[-3.53925611  5.819757    5.70232685]]
[[-3.13317209  5.81956482  4.04394539]]
[[-2.85809611  5.52566009  5.71097937]]
[[ 4.77894305  5.57548182 -2.9899793 ]]
[[ 5.67556163 -2.98938965  5.80856258]]
[[ 5.07508558  5.94442471 -3.21211598]]
[[-3.34392067  5.67777516  5.7191225 ]]
[[ 5.64869636  4.89574358 -2.88649043]]
[[ 5.77844183  4.18980913 -3.03635766]]
[[-3.44512     5.49321435  5.18901825]]
[[ 5.39750227  5.38716338 -2.57305028]]
[[ 5.77320387 -3.10582431  4.66198067]]
[[-3.57375153  5.20226863  5.92587886]]
[[-2.93771638  4.94855728  5.94449214]]
[[-2.80414112  4.50319979  5.49562646]]
[[ 5.17137827  5.73674408 -3.09465371]]
[[ 3.74264325  5.96916409 -3.39439672]]
[[-2.8266985  5.9609318  4.9775423]]
[[-2.8385972   5.7173747   3.85601307]]
[[ 5.86306769  5.27060437 -3.19443152]]
[[-4.1177311   5.9301134   4.99046596]]
[[-3.34577555  5.72947816  4.51197073]]
[[ 5.36550466 -2.96931333  5.73788672]]
[[ 5.80290904 -3.20598174  3.98516789]]
[[ 5.73697839  5.92288221 -4.04862772]]
[[-2.54923689  4.97752799  5.77070992]]
[[ 5.79748332  5.12581651 -2.66906155]]
[[ 5.76253489 -3.23746653  5.90926933]]
[[ 5.80737097 -2.83900972  4.55222795]]
[[ 5.92436016  4.65158772 -3.49920779]]
[[-3.65583945  5.18086761  5.74911592]]
[[ 5.97207445 -3.17266816  5.97576837]]
[[ 4.37853368  5.8624859  -3.45737139]]
[[ 5.9719577  -3.6182824   4.62502098]]
[[ 5.42923501 -2.91368038  5.96993356]]
[[-3.48360265  4.58947057  5.61442392]]
[[-2.86380888  5.83786429  5.42824079]]
[[ 5.33091327 -2.7500807   5.97347505]]
[[ 5.69083181 -2.98533878  5.87683472]]
[[-2.57997775  4.58038494  5.51264042]]
[[-3.25109994  5.54926615  4.945812  ]]
[[-3.31569925  5.88775592  5.1146607 ]]
[[ 5.87205158  4.49010227 -2.73120741]]
[[ 5.9375937  -3.41423207  4.53229564]]
[[ 5.98449399 -3.40074391  3.98406398]]
[[ 3.21428629  5.63961143 -3.02792624]]
[[ 5.35743582  5.59930455 -2.91377464]]
[[-2.67498123  5.56148941  5.71649957]]
[[ 5.93698056  5.82342223 -2.62568195]]
[[ 5.2074439  -3.00395748  5.56564552]]
[[ 5.96147883 -3.16957042  5.60318489]]
[[ 5.7131561   5.19058759 -2.78139485]]
[[-3.95577551  5.78605334  5.43468217]]
[[ 5.67603867 -3.42196739  4.92766977]]
[[ 5.51345748  4.11961912 -3.17920549]]
[[ 5.08299165  5.42788163 -2.76651039]]
[[ 5.97127929 -5.25131566  5.89156514]]
[[ 4.00506663  5.8362764  -2.68606743]]
[[ 5.94156641  3.51710409 -3.32941874]]
[[ 5.91762426  3.31080409 -3.52746481]]
[[-3.28081479  4.67019381  5.58799702]]
[[ 5.80278477 -2.72851551  4.25853497]]
[[ 5.8320803   3.54232152 -2.38203157]]
[[-3.44322801  5.0495957   5.90476729]]
[[ 5.23464787  5.4243285  -2.72588623]]
[[ 5.66085367  5.74973538 -3.04385883]]
[[-2.51581106  5.81623123  5.93857487]]
[[ 5.86199153  5.71166669 -2.90985812]]
[[-3.082711    4.27752803  5.63324366]]
[[-2.8487541   5.99720229  2.73625125]]
[[-3.33058423  5.86110733  5.74958855]]
[[ 5.8204583  -2.72886346  5.78896803]]
[[ 5.91611322 -3.21641162  5.78628539]]
[[ 5.86255192 -3.39039421  5.77618571]]
[[ 5.73793652  5.6401812  -2.95169817]]
[[ 5.96267756 -2.86873942  5.919784  ]]
[[ 5.37073491 -2.80686574  5.93746949]]
[[ 5.93801335 -5.24727478  5.99644052]]
[[ 5.91232442 -4.82511052  5.90541396]]
[[ 5.37288313 -3.32205548  5.70545342]]
[[-3.52742524  5.09299813  5.81169744]]
[[ 4.50012736 -3.27042242  5.6930401 ]]
[[ 3.12202046  5.96118713 -3.31061829]]
[[ 5.74553861  5.4367357  -2.92182573]]
[[-2.77848803  5.95693918  5.77420171]]
[[ 5.95396069  5.72984307 -3.28297387]]
[[ 5.95807097  5.79767196 -2.78651349]]
[[-2.84350805  5.93477442  5.09108171]]
[[ 5.67785517  5.95234938 -3.47256345]]
[[ 5.69299857 -2.64976314  5.3172531 ]]
[[ 5.80864217  2.91895304 -3.27842912]]
[[-3.02810484  5.59643733  4.63722745]]
[[-3.57048275  5.91989494  4.70488537]]
[[ 5.69057107 -3.14156739  3.96711763]]
[[ 4.24266044 -2.91794797  5.68244468]]
[[ 5.9232981   5.58673289 -2.84943773]]
[[ 5.26211296  5.96552166 -3.52907436]]
[[ 5.43818708  5.81651596 -3.35607729]]
[[-3.25949836  5.97527231  5.23989037]]
[[-3.06326391  5.71007955  5.69462631]]
[[-3.44453307  5.66559369  5.87348193]]
[[-3.73326023  5.92880911  5.13463293]]
[[ 5.57077646 -3.75003442  5.86408414]]
[[-3.05291815  5.27319325  5.44672269]]
[[-2.69324442  4.60377059  5.95800567]]
[[-2.93615698  5.88007644  5.69451289]]
[[ 5.28083505  5.99503754 -3.40748434]]
[[-3.26846389  5.8329259   4.90278344]]
[[ 5.75349095  5.98212893 -3.09241237]]
[[-2.84909872  5.75202794  5.34156274]]
[[-2.9156162   5.5178925   5.23434294]]
[[ 5.25485296 -3.31541185  5.99037076]]
[[-2.83010166  4.82974308  5.8719546 ]]
[[-2.87528176  4.32819612  5.56742433]]
[[ 4.69437197 -2.85529433  5.77257236]]
[[-2.86191862  5.95625788  5.30327298]]
[[ 5.80242236 -3.02630884  5.94454102]]
[[ 5.55797681 -2.73716812  5.97069196]]
[[ 3.68310563 -3.1878662   5.984105  ]]
[[ 5.5566574   4.84230566 -3.00262903]]
[[ 5.56206369 -2.53947998  5.63901544]]
[[ 5.43699652  5.84861303 -3.00318906]]
[[ 5.82853374 -2.70253828  5.9315484 ]]
[[-2.8658744   5.62673381  5.23040142]]
[[ 4.03767601 -3.27292942  5.86594254]]
[[ 5.88293201  3.71270034 -2.61314832]]
[[ 5.83236619 -3.818676    4.82212568]]
[[ 5.9309718   5.56829732 -4.48100796]]
[[ 5.90635637 -2.87864037  3.61392587]]
[[ 4.56354112  5.35272147 -2.80693347]]
[[ 5.45938575  3.31168675 -2.99803511]]
[[-3.32229881  5.80692134  4.9288906 ]]
[[ 5.88760106 -2.73469632  5.9477164 ]]
[[-3.20817539  5.98890457  5.60218314]]
[[ 4.64911782  5.93021795 -2.90178949]]
[[-2.85787146  5.8085557   5.25147245]]
[[-3.4871873   5.94024686  4.96380962]]
[[ 5.22560358 -3.00816999  5.92938196]]
[[ 5.07507565  5.55808417 -3.39631493]]
[[-3.04735239  5.7515327   5.82686817]]
[[ 5.91859271 -3.2209457   2.97166466]]
[[ 5.93986533 -3.15752644  5.56062695]]
[[-2.8232715   5.64934373  5.64828151]]
[[-3.85323988  5.93773991  5.97916238]]
[[-3.19102101  5.91806806  4.54370159]]
[[-2.92451501  5.53139287  5.42291481]]
