[[0.96795213 0.96467081 0.91093071 0.06731481]]
[[0.9871575  0.9393514  0.95215128 0.08786642]]
[[0.95620281 0.90139554 0.90099557 0.07130018]]
[[0.96345803 0.92935263 0.90291921 0.06783516]]
[[0.98370687 0.92660045 0.92998445 0.08554863]]
[[0.98092567 0.90648573 0.90448691 0.0806809 ]]
[[0.98128348 0.95116131 0.91024268 0.07064445]]
[[0.98493874 0.91829    0.91274941 0.0932206 ]]
[[0.98423188 0.95164373 0.90787368 0.05672095]]
[[0.9747357  0.93605546 0.94312052 0.09766278]]
[[0.97465661 0.976108   0.9188374  0.07663052]]
[[0.98031508 0.97976408 0.92950529 0.0803858 ]]
[[0.98451742 0.92161348 0.97592665 0.09587449]]
[[0.98350436 0.91346263 0.97035814 0.09680087]]
[[0.97075999 0.93717301 0.9543013  0.08656533]]
[[0.98768167 0.92361149 0.95798603 0.09402558]]
[[0.98274277 0.90529364 0.98571471 0.09900919]]
[[0.98375448 0.92777037 0.90330556 0.07742462]]
[[0.97583486 0.91299024 0.94536366 0.08162459]]
[[0.97953481 0.91740293 0.90956712 0.09147741]]
[[0.97448019 0.9128095  0.90116386 0.09888483]]
[[0.98346581 0.92549142 0.95973601 0.08415879]]
[[0.94902224 0.90887167 0.9416108  0.0918318 ]]
[[0.97778769 0.97744036 0.93536612 0.08056888]]
[[0.98580928 0.93628011 0.96998991 0.08553872]]
[[0.98454412 0.91513639 0.93013161 0.07933925]]
[[0.97147138 0.94268891 0.91882398 0.06296201]]
[[0.98546213 0.98045564 0.90535636 0.08972251]]
[[0.93653872 0.9072795  0.90278029 0.09846623]]
[[0.9776444  0.9116622  0.93974529 0.09923458]]
[[0.98548657 0.90921701 0.90174406 0.06965092]]
[[0.98573339 0.90455794 0.93139031 0.07510916]]
[[0.98163638 0.90245179 0.98277698 0.09504607]]
[[0.98383801 0.9742131  0.93728717 0.08318733]]
[[0.97157258 0.91653228 0.93201677 0.09732993]]
[[0.97612226 0.90729158 0.92369894 0.09977573]]
[[0.95962813 0.90770485 0.90346347 0.08614281]]
[[0.98874724 0.90477359 0.97317694 0.08617318]]
[[0.98593334 0.92800715 0.93206789 0.07249296]]
[[0.97828611 0.90713401 0.90181941 0.0577152 ]]
[[0.98416202 0.94960903 0.91157192 0.0756973 ]]
[[0.9308751  0.91375871 0.90120851 0.08495882]]
[[0.96483574 0.93578948 0.91109364 0.06134368]]
[[0.98770734 0.95756994 0.91703312 0.07662297]]
[[0.97852126 0.92893843 0.92057973 0.08882914]]
[[0.98047278 0.95137454 0.91715704 0.09991393]]
[[0.98119468 0.91601716 0.91129542 0.07925661]]
[[0.98004308 0.91273808 0.92357538 0.09053195]]
[[0.98334349 0.93905295 0.95830974 0.09499704]]
[[0.96957485 0.90446589 0.90135627 0.08045573]]
[[0.98573868 0.91193233 0.92984518 0.07105777]]
[[0.9700695  0.90046313 0.94405801 0.08974056]]
[[0.98362356 0.96334843 0.91410276 0.05742512]]
[[0.9859007  0.93909643 0.94570396 0.09282029]]
[[0.98784251 0.98567275 0.92475206 0.08549519]]
[[0.98657373 0.94794703 0.95190081 0.09588533]]
[[0.95303775 0.90565124 0.92341603 0.08248705]]
[[0.9853551  0.90947637 0.90158432 0.06801954]]
[[0.97877622 0.90075172 0.95123521 0.09935646]]
[[0.97336223 0.91038735 0.90688918 0.08722945]]
[[0.97358863 0.90454327 0.92276247 0.08538676]]
[[0.97504576 0.92937112 0.9024516  0.06993086]]
[[0.96305752 0.96918974 0.90337005 0.09067633]]
[[0.96097706 0.90657165 0.9076849  0.08134633]]
[[0.98255092 0.93272139 0.91921331 0.06532608]]
[[0.98816024 0.95048263 0.94102471 0.0901457 ]]
[[0.98469715 0.93968913 0.92628955 0.08589196]]
[[0.98632855 0.9221672  0.93064371 0.06560189]]
[[0.98330243 0.95500592 0.9248321  0.06949471]]
[[0.98179794 0.93177526 0.90543042 0.07687972]]
[[0.98203504 0.92676877 0.93345062 0.09651703]]
[[0.97089894 0.96856148 0.90520344 0.08384941]]
[[0.9715535  0.90217005 0.91136086 0.06504195]]
[[0.98094971 0.96518739 0.93673473 0.09637577]]
[[0.96538595 0.92702408 0.92308474 0.09398772]]
[[0.97080425 0.90148091 0.92826506 0.09989057]]
[[0.98437235 0.96538529 0.91421827 0.09273901]]
[[0.98379547 0.9432431  0.92125108 0.0871374 ]]
[[0.97590644 0.91498836 0.90478802 0.07312706]]
[[0.97821712 0.9025609  0.94282276 0.09256989]]
[[0.98706964 0.94502285 0.94976834 0.09302996]]
[[0.98503112 0.92615275 0.92314875 0.09990781]]
[[0.98474472 0.90490416 0.96362187 0.09210569]]
[[0.97865518 0.98149549 0.92259868 0.09609136]]
[[0.98009324 0.93444618 0.90283783 0.09326073]]
[[0.98203165 0.94502237 0.91186483 0.09607277]]
[[0.97763623 0.90858987 0.92778443 0.07740041]]
[[0.97882049 0.90845257 0.92616742 0.06730599]]
[[0.98523658 0.93939631 0.93421588 0.08510867]]
[[0.97725458 0.96699041 0.90954844 0.09922694]]
[[0.9797257  0.90037071 0.91001696 0.09460791]]
[[0.97704878 0.92235098 0.94000309 0.07902644]]
[[0.93480503 0.90464251 0.91753714 0.0958349 ]]
[[0.97365933 0.91734461 0.94393553 0.09165503]]
[[0.9850684  0.96068463 0.93491125 0.08143245]]
[[0.98556906 0.97983849 0.92919238 0.09135281]]
[[0.97094623 0.9084489  0.9317584  0.09237962]]
[[0.95359708 0.90330868 0.90152375 0.09134625]]
[[0.97435055 0.92268491 0.9311027  0.09585264]]
[[0.9627269  0.9015417  0.96173412 0.08658059]]
[[0.98364743 0.92501604 0.90554938 0.09045249]]
[[0.95842274 0.92800486 0.91321095 0.08065669]]
[[0.97784234 0.94500987 0.92070943 0.08010148]]
[[0.97969263 0.92908458 0.91615824 0.06661773]]
[[0.98697733 0.9237814  0.95308878 0.09758397]]
[[0.98449444 0.97535972 0.90759755 0.08521249]]
[[0.98311672 0.90253775 0.90914678 0.06987365]]
[[0.9795714  0.96204097 0.91546831 0.09788508]]
[[0.9851499  0.92271595 0.90887738 0.08340118]]
[[0.98144891 0.91867054 0.94579104 0.07036737]]
[[0.98278238 0.90783557 0.93030448 0.08966409]]
[[0.98880894 0.95204444 0.95311817 0.09991957]]
[[0.98700984 0.92423851 0.95115069 0.09640208]]
[[0.97059975 0.91780164 0.9789751  0.0908115 ]]
[[0.97083835 0.90995812 0.91506474 0.09997804]]
[[0.98569304 0.91555173 0.91591923 0.07642097]]
[[0.9826544  0.91974883 0.94151565 0.09040975]]
[[0.98075299 0.92861112 0.92324793 0.09849521]]
[[0.98071573 0.91371458 0.97641692 0.09817174]]
[[0.9699928  0.91829126 0.91902404 0.0680155 ]]
[[0.97726769 0.92768022 0.91572812 0.07999825]]
[[0.97844233 0.9193267  0.94405702 0.0977007 ]]
[[0.9741382  0.97007337 0.91451923 0.06896031]]
[[0.98084337 0.90383326 0.94265558 0.06671542]]
[[0.98847097 0.91277807 0.93785992 0.0963243 ]]
[[0.97846783 0.90666126 0.92845767 0.0636662 ]]
[[0.9795243  0.92474311 0.90677232 0.05769193]]
[[0.97874419 0.90827608 0.98269216 0.07928097]]
[[0.96893371 0.91392701 0.90898804 0.05264988]]
[[0.98241478 0.92817053 0.94260442 0.09334015]]
[[0.98468993 0.97601031 0.90268001 0.05328007]]
[[0.97552016 0.92885316 0.97284726 0.09427091]]
[[0.98698916 0.93146075 0.96750605 0.09241183]]
[[0.96832504 0.91705282 0.91059018 0.08850609]]
[[0.97935168 0.90328169 0.96876045 0.06997164]]
[[0.98471132 0.91806106 0.93585065 0.09438468]]
[[0.96539009 0.9526238  0.91320034 0.09300974]]
[[0.98614546 0.96246842 0.92684497 0.09236739]]
[[0.98091625 0.96201324 0.90586467 0.08825889]]
[[0.97389259 0.93344037 0.92108345 0.09796155]]
[[0.97487034 0.90390398 0.95648912 0.07627125]]
[[0.98087822 0.91630969 0.96696205 0.09917839]]
[[0.98076248 0.90037168 0.95391796 0.06830949]]
[[0.98315166 0.90950891 0.94989408 0.08493572]]
[[0.97158275 0.93154913 0.91164983 0.06207691]]
[[0.98560481 0.95574383 0.94523197 0.0998931 ]]
[[0.98920299 0.93248158 0.94325803 0.09713327]]
[[0.97698179 0.9215412  0.91757404 0.0912847 ]]
[[0.98070738 0.91433744 0.9018518  0.06040937]]
[[0.97606963 0.95259656 0.93688716 0.09561063]]
[[0.97956514 0.97943159 0.9096097  0.06967551]]
[[0.97675339 0.9092255  0.96386036 0.09798036]]
[[0.95545384 0.9454442  0.908199   0.08208899]]
[[0.97107446 0.95220468 0.90380918 0.08386503]]
[[0.98252614 0.90464945 0.95870838 0.07143061]]
[[0.98529437 0.91331005 0.92521188 0.07913412]]
[[0.9839196  0.98324461 0.91226293 0.08032901]]
[[0.97541949 0.96257759 0.90532203 0.08971449]]
[[0.98383363 0.96600216 0.91720814 0.08863242]]
[[0.97584562 0.90891265 0.90316731 0.06827883]]
[[0.97852843 0.94067469 0.95488826 0.09805632]]
[[0.97368792 0.91656322 0.94927183 0.09041847]]
[[0.94408761 0.90113771 0.91634031 0.07493257]]
[[0.98067954 0.91377624 0.93424478 0.07241005]]
[[0.98719341 0.94891716 0.94984706 0.09851331]]
[[0.95940024 0.90423645 0.90636719 0.09052483]]
[[0.98609476 0.98723649 0.92102716 0.09940262]]
[[0.98606509 0.98258252 0.91146118 0.07379766]]
[[0.97275607 0.9008442  0.92217319 0.09136473]]
[[0.98614353 0.90632442 0.93656057 0.09465188]]
[[0.95659619 0.93388526 0.90214636 0.09516315]]
[[0.98618536 0.94606555 0.94808168 0.08587632]]
[[0.98757809 0.93218508 0.96648604 0.08941035]]
[[0.9827181  0.91963168 0.9160027  0.07278597]]
[[0.98346986 0.913675   0.91297557 0.08524533]]
[[0.97082696 0.97847992 0.90906854 0.09680493]]
[[0.98772226 0.9390863  0.92499469 0.08479477]]
[[0.97941976 0.90530975 0.92882661 0.06999516]]
[[0.98302146 0.93259739 0.92764656 0.09096518]]
[[0.98840726 0.91898822 0.93245339 0.09451524]]
[[0.98652245 0.94716521 0.90489251 0.09003288]]
[[0.97137969 0.91228073 0.90317535 0.07896511]]
[[0.9853156  0.95542039 0.9144038  0.0896409 ]]
[[0.97317568 0.92350187 0.90175223 0.08036714]]
[[0.98347359 0.9319408  0.9690935  0.0833935 ]]
[[0.97704099 0.95659297 0.92191254 0.0951858 ]]
[[0.96318226 0.92475762 0.9369385  0.09543785]]
[[0.98007686 0.92878351 0.90372635 0.06626048]]
[[0.97989794 0.90125066 0.95403211 0.09536652]]
[[0.98354857 0.90156249 0.98480503 0.08720819]]
[[0.98700701 0.94929973 0.93024668 0.08167705]]
[[0.98730402 0.93381313 0.9885201  0.09054756]]
[[0.98518854 0.92373419 0.9285498  0.08088324]]
[[0.97888926 0.94281357 0.91493461 0.05468347]]
[[0.98405649 0.91712342 0.95002206 0.09576985]]
[[0.98803053 0.93101656 0.96940815 0.08688766]]
[[0.98805445 0.91696833 0.95533009 0.0949919 ]]
[[0.97252635 0.95084921 0.90085088 0.09093152]]
[[0.97513243 0.90528474 0.95090263 0.09003911]]
[[0.98244929 0.90863163 0.91622481 0.08779292]]
[[0.98585657 0.98924388 0.90301811 0.06570604]]
[[0.97989767 0.92020199 0.9615542  0.09599806]]
[[0.98184491 0.94804891 0.9211175  0.08919859]]
[[0.98617269 0.91434058 0.95006082 0.08382714]]
[[0.98381    0.90113443 0.90411253 0.06750547]]
[[0.98180301 0.92995053 0.91007031 0.08681196]]
[[0.98795839 0.9047519  0.95902328 0.09987387]]
[[0.98724075 0.91459094 0.95969038 0.0996242 ]]
[[0.98809846 0.9478456  0.90154942 0.07408565]]
[[0.98557409 0.90848069 0.93794708 0.08933508]]
[[0.97843998 0.92253218 0.93163628 0.06869741]]
[[0.96016563 0.91477488 0.94642177 0.08165035]]
[[0.98002036 0.91881216 0.92683075 0.07839996]]
[[0.96059075 0.90286664 0.9105517  0.07275758]]
[[0.9753898  0.9126236  0.92511898 0.06762387]]
[[0.98477055 0.90157488 0.91687825 0.07476967]]
[[0.9563539  0.90113006 0.92496443 0.08061876]]
[[0.97591509 0.90893228 0.90380019 0.06157379]]
[[0.967129   0.9022451  0.93374141 0.09610382]]
[[0.98787513 0.92723011 0.9264626  0.09367362]]
[[0.97169328 0.92833693 0.90892277 0.08875262]]
[[0.98365653 0.91044614 0.91770936 0.07040271]]
[[0.98878286 0.91419452 0.93840333 0.09582452]]
[[0.98161893 0.95471543 0.90721827 0.08587755]]
[[0.97188792 0.90978582 0.94720556 0.05423921]]
[[0.98176296 0.90303359 0.99291931 0.09839343]]
[[0.98400544 0.92368551 0.96630789 0.08696985]]
[[0.98989045 0.9168981  0.94395997 0.09914825]]
[[0.93461116 0.9191321  0.90255368 0.08437046]]
[[0.98258791 0.91418747 0.92462434 0.09944825]]
[[0.97938604 0.94377543 0.90084569 0.08053155]]
[[0.95068308 0.91406054 0.90198317 0.08857985]]
[[0.98484163 0.92433879 0.90614207 0.09795594]]
[[0.98109585 0.95637041 0.93463388 0.0731477 ]]
[[0.9795314  0.95863327 0.91122046 0.07850032]]
[[0.96461615 0.91295973 0.90836239 0.0798404 ]]
[[0.98146587 0.9138191  0.92025682 0.07262784]]
[[0.97646858 0.90743971 0.98527912 0.0723021 ]]
[[0.96483611 0.90469311 0.90124882 0.08538995]]
[[0.98247637 0.96479279 0.92924504 0.09483279]]
[[0.96960916 0.90111586 0.93905791 0.09121664]]
[[0.98660613 0.90872199 0.93568358 0.07863277]]
[[0.98342901 0.92394693 0.98585882 0.08572135]]
[[0.97662359 0.93660272 0.90374205 0.09814419]]
[[0.98498768 0.94076306 0.91957559 0.08964839]]
[[0.9841859  0.92654977 0.91083762 0.08816338]]
[[0.98177009 0.93829141 0.93093436 0.09724525]]
[[0.98673983 0.98041456 0.92430493 0.09080409]]
[[0.98030735 0.9741845  0.92709248 0.08932515]]
[[0.98504543 0.9114609  0.97169133 0.09411096]]
[[0.98691815 0.90437374 0.95183162 0.0941065 ]]
[[0.97229319 0.91016967 0.921502   0.07273078]]
[[0.98370218 0.95488831 0.90085616 0.06381947]]
[[0.97936679 0.90096235 0.92941492 0.09543419]]
[[0.97930389 0.91423203 0.9169929  0.06871446]]
[[0.96626387 0.90796891 0.90256773 0.09548155]]
[[0.95702718 0.92712285 0.95232798 0.08804563]]
[[0.9838966  0.98444906 0.91502178 0.09234482]]
[[0.95554901 0.9188106  0.91900736 0.09967649]]
[[0.98358677 0.94839437 0.91107751 0.07726128]]
[[0.97277434 0.92560993 0.90001343 0.05907306]]
[[0.98506069 0.98235841 0.9063075  0.07297927]]
[[0.98501814 0.94000452 0.93009519 0.07010079]]
[[0.98539011 0.92667881 0.90213566 0.0981957 ]]
[[0.98583394 0.95069789 0.90829333 0.08639529]]
[[0.98706202 0.91836912 0.93471958 0.09452929]]
[[0.98973018 0.91782776 0.90179023 0.09249656]]
[[0.97977799 0.98866666 0.90175407 0.07508345]]
[[0.98501433 0.9595532  0.90641143 0.09396444]]
[[0.96481083 0.91572584 0.90484885 0.09830168]]
[[0.98685745 0.92997272 0.91381201 0.09340287]]
[[0.97935857 0.9436846  0.90583044 0.09023986]]
[[0.98907488 0.97025603 0.93631462 0.09890102]]
[[0.97592174 0.90878946 0.96909233 0.06918276]]
[[0.97388621 0.90912623 0.96090562 0.09876733]]
[[0.97673582 0.91535494 0.90634991 0.08307828]]
[[0.96791295 0.90482442 0.91057553 0.09298727]]
[[0.98260504 0.9099435  0.91669113 0.09017265]]
[[0.97304405 0.9039791  0.92167599 0.08909716]]
[[0.95553151 0.90673461 0.91020977 0.09877375]]
[[0.97809503 0.91404118 0.93260547 0.08609086]]
[[0.95042109 0.90321088 0.91318775 0.06736754]]
[[0.98539108 0.97388045 0.9220458  0.08557479]]
[[0.98261413 0.90050141 0.95928352 0.07897483]]
[[0.97061243 0.91474394 0.93421941 0.07702408]]
[[0.97431442 0.90822614 0.95740244 0.09758562]]
[[0.96118533 0.90013247 0.95164524 0.08992291]]
[[0.97955422 0.96179805 0.91247443 0.08267561]]
[[0.98692851 0.95034801 0.92596949 0.06916058]]
[[0.98360127 0.9804203  0.90467681 0.08071408]]
[[0.94506416 0.90735273 0.92159939 0.0927707 ]]
[[0.98123382 0.91673464 0.92575127 0.09114797]]
[[0.95112126 0.91845747 0.90864272 0.07933027]]
[[0.98159158 0.96620682 0.90529883 0.06738664]]
[[0.97913176 0.98552825 0.90006887 0.08387466]]
[[0.9743195  0.96731083 0.90439503 0.09071136]]
[[0.97842776 0.91712392 0.90905005 0.05556032]]
[[0.97690567 0.90679117 0.95776551 0.09951727]]
[[0.98693334 0.95423929 0.93600555 0.0862353 ]]
[[0.98110984 0.93009317 0.92483884 0.08897504]]
[[0.98223378 0.91806061 0.91944443 0.09695409]]
[[0.97693914 0.96124775 0.9111298  0.08024302]]
[[0.97451812 0.93152695 0.92002535 0.09952461]]
[[0.95734635 0.91189417 0.92150896 0.08995009]]
[[0.98299947 0.92184167 0.97202631 0.09039787]]
[[0.9763552  0.90654888 0.91602942 0.0849002 ]]
[[0.97753815 0.93223754 0.91465788 0.07492969]]
[[0.97165248 0.92777998 0.94348283 0.09970183]]
[[0.98626887 0.90552331 0.94923723 0.09376181]]
[[0.98089958 0.9017268  0.978684   0.09185927]]
[[0.98208375 0.94090185 0.94551916 0.08556491]]
[[0.98293776 0.91729348 0.94783074 0.08724211]]
[[0.98381253 0.90115003 0.92550965 0.07958763]]
[[0.98503662 0.90800078 0.94607563 0.09023139]]
[[0.96555071 0.96092263 0.90765717 0.08274703]]
[[0.98142566 0.92785739 0.9125065  0.081299  ]]
[[0.96557247 0.90936308 0.90846234 0.06586784]]
[[0.98663814 0.90242908 0.90520792 0.08906665]]
[[0.96937724 0.91627709 0.92817367 0.07557903]]
[[0.98095855 0.96007452 0.91956175 0.08357461]]
[[0.98486095 0.90231596 0.95781501 0.0819046 ]]
[[0.96154864 0.91388731 0.9085475  0.06585888]]
[[0.97979681 0.91566191 0.94050387 0.0948928 ]]
[[0.98869356 0.92595015 0.92619899 0.09158096]]
[[0.94705562 0.90455958 0.92638513 0.08742793]]
[[0.96963386 0.91963503 0.93396765 0.09286923]]
[[0.98386435 0.90727892 0.94961445 0.06811564]]
[[0.97660367 0.95380874 0.90272183 0.09234791]]
[[0.98119223 0.92131636 0.9600659  0.07980933]]
[[0.98184381 0.96985857 0.93484874 0.08311332]]
[[0.9814703  0.90367996 0.93095418 0.08605829]]
[[0.97911249 0.90756512 0.97526332 0.08461309]]
[[0.98928113 0.90311465 0.97460507 0.08987846]]
[[0.98838038 0.95849005 0.92946922 0.09658322]]
[[0.98353692 0.9081814  0.91012729 0.07980038]]
[[0.96178568 0.91809289 0.90687158 0.07909717]]
[[0.98528622 0.92605329 0.93932667 0.09891873]]
[[0.97298031 0.90851766 0.90642986 0.07276721]]
[[0.98455255 0.92189331 0.97209568 0.0998033 ]]
[[0.97157226 0.94765332 0.90168066 0.08001298]]
[[0.98432224 0.92781569 0.94130511 0.09868035]]
[[0.98727088 0.91101157 0.95391962 0.08684793]]
[[0.96279754 0.90732736 0.92240416 0.06128897]]
[[0.98594596 0.96253885 0.90756356 0.09784644]]
[[0.98634693 0.93456819 0.94127051 0.08801284]]
[[0.97926172 0.91103876 0.90676779 0.07191606]]
[[0.96000212 0.90950317 0.90792789 0.07255059]]
[[0.98030352 0.90018714 0.91171007 0.09340872]]
[[0.9391517  0.9242823  0.90011695 0.0799836 ]]
[[0.98447028 0.93278055 0.91038595 0.07646265]]
[[0.95255925 0.95568488 0.90261367 0.09982316]]
[[0.93946859 0.90985708 0.90713491 0.08791996]]
[[0.98382149 0.97419216 0.92280787 0.09480999]]
[[0.98158487 0.90389089 0.97566279 0.09068811]]
[[0.98102871 0.97092939 0.90294691 0.09468882]]
[[0.98310232 0.98028655 0.90136763 0.07516517]]
[[0.97988009 0.90115039 0.97443088 0.07109593]]
[[0.98379522 0.90253187 0.9385505  0.07756235]]
[[0.95772597 0.90413298 0.93452625 0.08229805]]
[[0.98023747 0.93953056 0.96717107 0.09664426]]
[[0.96296624 0.91422916 0.95560223 0.09096074]]
[[0.9841814  0.90001639 0.96315068 0.07584475]]
[[0.98186151 0.93505912 0.9160739  0.08313508]]
[[0.96659807 0.90853497 0.91739161 0.09875541]]
[[0.98506899 0.90804189 0.96582115 0.0892691 ]]
[[0.97545086 0.90740888 0.92546719 0.07077527]]
[[0.98589982 0.90874074 0.91350746 0.09541249]]
[[0.98023146 0.93082417 0.95484311 0.06839947]]
[[0.98247572 0.90531102 0.97335414 0.08684067]]
[[0.97873034 0.90077704 0.9762828  0.0922972 ]]
[[0.96970316 0.90799013 0.9379946  0.09063658]]
[[0.97387922 0.9318325  0.90798698 0.07797187]]
[[0.98379038 0.94720428 0.90881357 0.08551915]]
[[0.97502725 0.91588063 0.90076002 0.0746133 ]]
[[0.97762535 0.9191802  0.92805088 0.07213184]]
[[0.98161504 0.95305938 0.93692384 0.07976799]]
[[0.97333412 0.93156266 0.90645709 0.08372613]]
[[0.98029023 0.92668294 0.92378192 0.09613636]]
[[0.95925037 0.90624921 0.90416481 0.09988191]]
[[0.98297478 0.94979712 0.95094147 0.09448533]]
[[0.96666987 0.96794319 0.92077602 0.09573573]]
[[0.98146927 0.92118354 0.98416535 0.08223539]]
[[0.96774901 0.92303693 0.92715077 0.09644199]]
[[0.96916656 0.91179856 0.93247974 0.08323674]]
[[0.9831604  0.9603691  0.93666547 0.09353943]]
[[0.96412041 0.91544945 0.96527798 0.08225649]]
[[0.97823861 0.96068901 0.91282523 0.07573439]]
[[0.98368949 0.93380811 0.96808328 0.09876603]]
[[0.98412675 0.91301075 0.93643339 0.09057264]]
[[0.9854738  0.91931351 0.96267615 0.09703487]]
[[0.97725261 0.91712624 0.91518725 0.09625661]]
[[0.97176002 0.90851076 0.98447417 0.08061011]]
[[0.97434613 0.93014486 0.90044228 0.09842439]]
[[0.98772194 0.96417355 0.93966457 0.09577052]]
[[0.96744804 0.90683413 0.93164324 0.07013796]]
[[0.97038317 0.94502973 0.90594403 0.07907479]]
[[0.98583541 0.98804504 0.93808573 0.08062485]]
[[0.96643551 0.92339763 0.9177235  0.08968413]]
[[0.98524267 0.95214063 0.92309827 0.08349955]]
[[0.98630796 0.90502476 0.95130574 0.08379774]]
[[0.98649587 0.92803735 0.97766819 0.09496676]]
[[0.97716863 0.92149143 0.97927884 0.09513206]]
[[0.97396641 0.95252972 0.90268278 0.09669673]]
[[0.97902773 0.91719245 0.95274703 0.09563485]]
[[0.97844746 0.93511085 0.9129348  0.08632927]]
[[0.97146929 0.96302144 0.90238902 0.07035904]]
[[0.96387258 0.9022603  0.90882938 0.06236259]]
[[0.94848465 0.90335816 0.94935888 0.09005962]]
[[0.98238933 0.94589096 0.9126535  0.08576344]]
[[0.98663293 0.94218265 0.92080705 0.09276208]]
[[0.98972141 0.93533337 0.90624175 0.08360092]]
[[0.97985732 0.95341243 0.91218889 0.08117039]]
[[0.98519022 0.9317463  0.93087436 0.07503585]]
[[0.98306303 0.93138192 0.95036639 0.08542613]]
[[0.97423109 0.9153129  0.9180518  0.07360777]]
[[0.97316562 0.91926423 0.90700709 0.09808609]]
[[0.96183542 0.92940309 0.90120709 0.09062926]]
[[0.97961143 0.93292452 0.91230239 0.09143221]]
[[0.96462603 0.90977434 0.92333287 0.07906619]]
[[0.97281789 0.9198718  0.90763394 0.07898403]]
[[0.95540978 0.92824626 0.92928793 0.09726315]]
[[0.94534358 0.91598216 0.90474899 0.09156626]]
[[0.97036419 0.94723131 0.90272432 0.07864329]]
[[0.97506914 0.93818558 0.94061543 0.09136017]]
[[0.97057903 0.92054905 0.93882024 0.09951995]]
[[0.97714729 0.90596051 0.90514778 0.05519772]]
[[0.98141326 0.97191932 0.91101687 0.08898132]]
[[0.98498187 0.9081636  0.96047703 0.07080298]]
[[0.99023848 0.92705305 0.9074423  0.09649573]]
[[0.98702793 0.92218922 0.90622645 0.07044635]]
[[0.96814015 0.97300485 0.91686713 0.09378833]]
[[0.94990067 0.92328868 0.93751437 0.09755172]]
[[0.98432757 0.9261694  0.91620927 0.083372  ]]
[[0.98834483 0.93448445 0.94118433 0.09832086]]
[[0.98583889 0.930446   0.90934402 0.0806587 ]]
[[0.98408064 0.97597829 0.92289104 0.09291302]]
[[0.98541702 0.97848354 0.90560256 0.08578461]]
[[0.98908736 0.91923119 0.99229174 0.08747525]]
[[0.98594565 0.93226894 0.97395002 0.09187411]]
[[0.96589429 0.92557353 0.92523994 0.08886738]]
[[0.97058271 0.91069283 0.93480699 0.090175  ]]
[[0.97973011 0.95930919 0.90529435 0.09058624]]
[[0.97560394 0.90455819 0.93612671 0.08639381]]
[[0.96956849 0.94470661 0.90783373 0.08852896]]
[[0.94716476 0.91441946 0.90229285 0.09133444]]
[[0.98417518 0.91196784 0.96574143 0.07144014]]
[[0.98875281 0.94582871 0.95637007 0.09544618]]
[[0.98523201 0.90835929 0.90096012 0.06837387]]
[[0.98884461 0.90300025 0.94020002 0.08058292]]
[[0.98355536 0.9197014  0.96028289 0.09853417]]
[[0.98335435 0.93523274 0.91294176 0.06050784]]
[[0.98493563 0.94005531 0.92078397 0.09803606]]
[[0.93846174 0.90486186 0.90881557 0.08597358]]
[[0.97347488 0.97906235 0.90364365 0.08036093]]
[[0.97145044 0.91776532 0.9449861  0.09352072]]
[[0.96296168 0.9188469  0.92142921 0.09940302]]
[[0.97078942 0.96505093 0.92140633 0.09942444]]
[[0.98700739 0.92560654 0.97040228 0.08103857]]
[[0.97914896 0.91129929 0.91927185 0.07650757]]
[[0.9810963  0.90024086 0.97597502 0.08918073]]
[[0.98161803 0.98018784 0.91432935 0.09539223]]
[[0.98479368 0.96468596 0.91954624 0.07983473]]
[[0.98282998 0.90943452 0.9677886  0.05412549]]
[[0.97503725 0.90394447 0.90444444 0.06897576]]
[[0.9790083  0.90156178 0.93986153 0.06045272]]
[[0.97882432 0.92640121 0.90123294 0.0912536 ]]
[[0.9808152  0.9682225  0.91488055 0.07659257]]
[[0.98686452 0.96492471 0.90334654 0.07838972]]
[[0.98081385 0.96015053 0.91256597 0.09184221]]
[[0.97665208 0.91054269 0.91691524 0.06397185]]
[[0.98689544 0.92082627 0.96047196 0.08578116]]
[[0.98405044 0.95960839 0.91832547 0.09114373]]
[[0.98051264 0.93308456 0.91973192 0.08486327]]
[[0.98138333 0.90478817 0.92833601 0.05326972]]
[[0.98084401 0.90370534 0.98516161 0.09398274]]
[[0.97097574 0.9295409  0.9338534  0.09542085]]
[[0.97824305 0.96384834 0.90363046 0.09346729]]
[[0.98520858 0.90191411 0.90544949 0.06912349]]
[[0.98738692 0.97442755 0.9065763  0.0833133 ]]
[[0.98782054 0.9051528  0.90700114 0.08196731]]
[[0.96230022 0.90720539 0.91558659 0.06013518]]
[[0.97582978 0.90534789 0.94551229 0.09102151]]
[[0.98701384 0.93885477 0.95489751 0.09704195]]
[[0.98434537 0.91105945 0.9194422  0.08442973]]
[[0.98932134 0.95220866 0.90261044 0.09706382]]
[[0.98193645 0.92101432 0.91382904 0.09202498]]
[[0.96495148 0.92266907 0.95658134 0.078069  ]]
[[0.97043755 0.90577779 0.91075616 0.09945632]]
[[0.96825954 0.90806792 0.90177568 0.07915688]]
[[0.97094645 0.94455562 0.9011927  0.0941175 ]]
[[0.96513623 0.92721001 0.92580493 0.09870913]]
[[0.97220376 0.95726964 0.90051202 0.08453806]]
[[0.94717597 0.90880059 0.90709963 0.08541969]]
[[0.97603155 0.96812616 0.92507304 0.09749444]]
[[0.98954651 0.902831   0.97728667 0.08620806]]
[[0.98510109 0.91063904 0.94721857 0.05658029]]
[[0.97893337 0.94625548 0.90300364 0.09235589]]
[[0.98371478 0.98660872 0.91191813 0.09257041]]
[[0.97607078 0.9304254  0.90830042 0.09991354]]
[[0.98326552 0.90011529 0.90473454 0.06815559]]
[[0.97387582 0.91680122 0.93765653 0.08524354]]
[[0.98615001 0.90699545 0.93479785 0.08591266]]
[[0.94452008 0.90529999 0.92221192 0.08497076]]
[[0.98480509 0.90716376 0.92126833 0.08244461]]
[[0.98575746 0.98744691 0.92038562 0.09580066]]
[[0.98256747 0.93203594 0.9037468  0.07313267]]
[[0.97430366 0.94056819 0.9043316  0.09851272]]
[[0.98227502 0.96181567 0.9043592  0.09789434]]
