[[,1.73050305  5.52345694 -5.89625216]  [-5.96166714 -0.19305992  1.07054255]]
[[-5.11694694,4.40230865  3.01242795]  [ 1.84366711 -0.70514312 -5.10553649]]
[[-5.99027681,-0.9362015   0.85435125]  [ 3.27876178  5.26627896 -5.48827881]]
[[,2.90643802  4.96772993 -4.97407491]  [-5.36437514  0.96254329  1.62003064]]
[[,0.52903756  3.61844555 -4.49077831]  [ 1.48974187 -5.66400889  2.40304667]]
[[,5.28826912 -3.43981857  2.00896541]  [-0.3856329   0.56113239 -5.72644202]]
[[-5.68988265,4.43946947  5.83849184]  [ 1.74133547 -5.73013476 -0.85831694]]
[[-5.86362297,0.53627696 -2.01778374]  [ 3.81983712 -3.19702253  5.36554037]]
[[-4.6770342,2.53509888  1.09201819]  [ 1.96826419 -4.68054223  0.32581475]]
[[,1.17932154 -4.56730513  2.07318909]  [ 2.70021269  2.29071797 -4.56562532]]
[[,4.63992345 -5.75544997  2.80205381]  [-2.60269004  1.72199049 -5.38765221]]
[[,3.59517285  3.19086368 -4.67110496]  [ 1.03940633 -5.46076205  2.3986016 ]]
[[,0.63480853 -1.38787113 -5.92263511]  [-5.04372379  3.11996207  2.78844364]]
[[,1.70077414 -5.72996645  2.59234029]  [-5.065913    1.04282366  1.18228305]]
[[-4.98387793,-1.53492505  0.53300797]  [ 2.19278734  4.6167404  -5.60120938]]
[[-1.79264413,0.21058688 -4.98880304]  [ 5.39559925 -5.44832415  3.06274981]]
[[-5.93866145,0.63194102 -2.40697665]  [ 2.79733944 -5.00524878  5.75911222]]
[[,2.11948885  5.29332193 -4.53585937]  [-5.83094118 -3.12604263  1.23513482]]
[[,5.52928577  3.71347113 -5.97215037]  [-0.42668113 -5.45963915  1.6571331 ]]
[[-4.68142313,5.6437399   3.7315996 ]  [ 0.76078158 -1.90097449 -5.91876274]]
[[,1.584796   -0.90237559 -5.39326297]  [-5.3381573   2.61334627  3.01849168]]
[[,2.80231588 -5.9122889   2.62330649]  [ 5.91170559  2.41160599 -4.7252156 ]]
[[-5.87755172,1.05485239  0.17492061]  [ 2.89956777 -2.91530902  5.15812138]]
[[-5.54469464,2.70001422  5.18784806]  [ 1.46758444 -5.52098607 -0.75233166]]
[[-1.56061254,1.06023948 -4.60206854]  [ 5.05353712 -3.83670476  1.74948253]]
[[-4.76066737,2.43890752  2.30652408]  [ 1.82891752 -5.40172971  0.44336031]]
[[-5.69065173,1.05330803 -0.62405011]  [ 3.76478614 -4.61008627  3.90885795]]
[[,2.27018064 -4.79593088  4.32489178]  [-5.21217755  1.12731977 -0.9187295 ]]
[[-1.29942486,0.445882   -5.92430917]  [ 5.15284561 -3.19240977  4.31151771]]
[[,2.13731773 -5.62782268  2.82568676]  [-5.56219136  1.40601673  0.22800578]]
[[-5.29500782,4.98376536  2.07865084]  [ 2.79334311 -0.8426024  -5.66398204]]
[[,1.04038585 -5.94840004 -2.00036186]  [-5.69161574  1.85679512  4.77354609]]
[[,2.96782959 -5.38974638  1.36980539]  [-4.96702502  2.08645991  0.98488429]]
[[,1.39109963 -5.74502351  1.98042785]  [ 3.94611105  2.05005286 -5.91996623]]
[[,0.27501479  1.37722874 -4.38020285]  [ 1.15295989 -5.32881825  2.21504771]]
[[-0.0225921,-1.8303661  -5.36396041]  [-3.78292979  3.83731955  2.19697252]]
[[,5.11833104 -5.38094312  2.50384104]  [ 2.60634882  1.86985595 -4.98057106]]
[[-0.40638035,1.5155884  -5.78248293]  [ 1.04565673 -5.89070972  2.8790931 ]]
[[,0.08573554  1.80557179 -5.5126952 ]  [ 5.20391582 -4.83893473  3.03019816]]
[[-1.43532015,0.54524219 -5.76948999]  [ 2.77070098 -5.58757786  2.58536642]]
[[,3.46928808 -5.21653675  1.94931716]  [ 4.19979872  2.89276801 -5.89163837]]
[[-1.0500894,1.49458222 -4.7917764 ]  [ 5.21159158 -4.30114957  1.94375575]]
[[,5.17549908 -5.90950566  2.79089859]  [-2.49079673  1.89443409 -5.93433712]]
[[,3.05954059  5.16573099 -5.61553918]  [-5.66440958  1.30081988  1.48881174]]
[[,1.58769331 -5.13180275  0.03181807]  [-5.5494048   3.45762737  1.77217739]]
[[,3.35526224 -3.19882814  2.02579261]  [-0.78425171  0.26240338 -5.8293183 ]]
[[,4.50388313 -3.77340583  2.64436646]  [-0.86691928  1.39609129 -5.73724688]]
[[,1.5834391  -4.06332078  1.14553324]  [-5.15346962  2.03111653  3.27952819]]
[[-5.23904276,3.56565513  3.5396673 ]  [ 2.78714266  0.93834041 -5.38700074]]
[[-0.14119525,2.21155997 -5.17162223]  [ 5.74454941 -4.81938512  2.30521801]]
[[,3.55128994 -4.93145353  4.42865634]  [-5.52593537  0.20828059 -1.81279467]]
[[,3.91049242  1.97150202 -5.30195713]  [-1.36393239 -5.79880354  3.47871072]]
[[,3.58891161  5.30026068 -5.89557547]  [-5.31607691 -0.97399798  2.00854081]]
[[-5.39329529,-2.36506791  1.07207575]  [ 2.5598436   4.59810337 -4.51051713]]
[[,0.84816046 -1.96904672 -4.97248028]  [-5.86387497  5.26823552  1.82103694]]
[[,5.83663371  2.83189914 -5.61205571]  [ 0.23793107 -5.01369378  1.68252059]]
[[,1.60352917 -1.46049882 -5.90508934]  [-5.86452087  3.19407083  2.84160572]]
[[-1.43318407,1.46150498 -4.84030165]  [ 5.49425729 -5.60118833  2.48993193]]
[[-1.87209717,1.08427126 -5.33642987]  [ 5.9057385  -5.63458729  1.66989427]]
[[,2.21974592 -5.67523123  2.41026481]  [ 4.93664696  2.99223225 -5.24426214]]
[[,2.59415909  5.35400434 -5.6730601 ]  [-5.94030652 -1.05524773  1.39734207]]
[[,2.47683421 -3.13543021  5.74058406]  [-5.89009027  0.6457673  -3.81369009]]
[[,5.49268206 -4.50029517  1.84810864]  [ 1.75282482  1.8030217  -5.74775004]]
[[-5.45399432,2.46603037  5.51328158]  [ 1.1229163  -5.85858758 -1.57486068]]
[[-0.75036904,1.90500929  5.9143863 ]  [ 0.04976102 -5.02703004 -2.52315526]]
[[-0.59624154,0.82652647 -5.93139222]  [ 3.95005932 -4.06084548  1.59037353]]
[[,3.49905078  2.70930846 -3.40781291]  [-1.04831727 -5.09376001  0.93269557]]
[[,2.96210918  3.23802608 -5.90721091]  [-5.97325599  0.92139765  1.23156775]]
[[,1.56866084  2.07751195 -5.86148554]  [ 3.78882316 -5.34238915  2.21944305]]
[[,3.18807075 -4.84351717  1.1599386 ]  [-5.92781604  3.3240118   1.23178786]]
[[-3.8210132,5.00874813  3.82291942]  [ 0.06274995 -2.14682386 -5.68242693]]
[[-4.13358391,5.85939371  3.77855243]  [ 0.45957683 -3.0987048  -5.89068576]]
[[-5.45406622,2.02580929 -0.53817817]  [ 2.85871053 -5.87577126  4.18122701]]
[[-5.38690098,5.74697108  3.14759414]  [ 1.96828623 -3.04143825 -5.12031413]]
[[,0.46925678 -2.33068043 -5.46849511]  [-5.2273808   5.69556272  2.39691164]]
[[-4.27226512,5.12748494  2.42945131]  [ 1.6776163  -0.3162909  -5.9434871 ]]
[[-4.77189656,3.44437367  5.14694523]  [ 1.2560118  -5.46654268 -1.45045308]]
[[,0.92642666 -2.68692861 -5.8246445 ]  [-5.07419411  5.02787294  2.32202712]]
[[,1.77290692 -5.71546299  0.7651705 ]  [-5.53220925  2.22929739  0.39339147]]
[[-5.87400476,3.4260439  -2.02474174]  [ 2.39729224 -5.91731841  4.68894651]]
[[,3.00897569 -5.77875979  3.06333032]  [-5.44210126  1.78402129 -0.93391935]]
[[-5.1863467,4.13536856  1.788044  ]  [ 0.59248963  0.14464752 -5.61360491]]
[[,3.72745085 -4.38568242  3.73179504]  [-5.58031661  0.77743347 -1.6709056 ]]
[[,3.02267618  5.91946475 -5.53487423]  [-5.99935321 -0.94023089  2.94118938]]
[[,5.64684987  2.64855011 -4.00633529]  [-0.33973846 -5.01408057  1.20991062]]
[[,1.91859571 -4.73030184  4.83138298]  [-5.71300053  0.0284769  -3.03101046]]
[[,1.27287748  2.91398575 -5.82548584]  [ 5.23846861 -5.0360591   2.50868657]]
[[-4.5591539,5.23935876  2.99075985]  [ 2.167699   -0.48228131 -5.87702998]]
[[-5.7170901,1.82721623  5.18855641]  [ 2.07361979 -5.94781193  1.57796787]]
[[-3.34070326,2.53986828  2.52161714]  [ 1.17682916 -0.41143137 -5.07310887]]
[[-5.3035614,4.34811095  2.84891418]  [ 1.55711878 -1.02431384 -5.42504079]]
[[,4.22129768  2.32099061 -4.78651951]  [-0.47781279 -4.89764854  1.12140999]]
[[-5.04820302,-1.91526227  0.86424375]  [ 2.9916946   5.72175231 -4.17859128]]
[[,2.24106353  5.88777031 -5.92117936]  [-5.5876869  -2.52089143  1.03190085]]
[[,2.84052037  4.26521729 -5.86071243]  [-5.68453993 -2.89555828  2.21180446]]
[[-5.9015652,0.92015985  0.6037224 ]  [ 2.01442047 -5.92253212  2.668068  ]]
[[-5.36431486,2.4966113   1.91153721]  [ 1.72883579  0.00668684 -5.81750747]]
[[,2.80333565  0.77832842 -5.64345299]  [-5.29472529  0.41743234  2.05466405]]
[[,3.58913194 -5.85625073  2.49946046]  [-0.84253366  1.30057    -4.75660881]]
[[-4.64747256,1.96977477  3.52847548]  [ 2.18581921 -5.93760712  5.30235052]]
[[,4.45205595 -5.80902174  3.1756344 ]  [ 1.18040809  1.74921172 -5.95061078]]
[[-5.70361976,0.26089497 -1.53247798]  [ 2.4500869  -1.1657379   5.32994757]]
[[,3.81743191  5.34652107 -5.85817471]  [-5.73056226 -1.85455847  1.98624509]]
[[,2.69546665 -5.44070408 -0.65850435]  [-5.54354705  3.14678297  3.94637583]]
[[,2.12740176 -4.87362315  5.53403127]  [-5.24572304  2.20977864  2.05785641]]
[[,2.4283168  -4.21805433  5.12917146]  [-4.73453577  0.52377361 -2.06847926]]
[[,3.97944766 -5.41882991  2.73227408]  [-0.71613816  1.89549197 -5.64110457]]
[[-2.17986114,0.14117531 -5.55070365]  [ 5.71437335 -5.62033569  1.9570785 ]]
[[,2.2737975  -5.3563048   3.16860301]  [-5.75967112  3.53920458  2.61122257]]
[[-3.27801875,1.33399914 -5.5359905 ]  [ 5.85013647 -4.74944992  2.43703754]]
[[,0.84311814 -2.48803216 -5.74674221]  [-5.50361005  5.61886439  3.37977651]]
[[-5.81418908,1.77994283  5.16182267]  [ 1.58840696 -4.99673072 -0.56051194]]
[[,0.80563855  3.14559925 -5.59929924]  [ 5.1182912  -5.74313476  3.48768809]]
[[,2.14584275  0.54769739 -4.8428802 ]  [-5.57080027  0.9184162   1.18678943]]
[[-0.95219418,-5.0782053   0.85811152]  [ 3.34651092  2.76668296 -5.70036922]]
[[-0.10715666,-5.52357838  1.50478731]  [ 4.16993308  2.89203819 -5.20553576]]
[[,5.77394353 -3.91683584  2.48046655]  [-1.60073175  1.1702256  -5.94213359]]
[[,5.01876546 -2.34230396  2.33484977]  [-2.04561778  0.72687828 -5.23933259]]
[[,2.44946382  2.11183493 -5.61381151]  [-5.80535565  0.45608644  2.21074145]]
[[-2.37688481,-5.85036366  2.16223806]  [ 4.72816712  2.82218846 -5.34319795]]
[[-5.17290691,1.44393123  3.37222272]  [ 1.60991183  0.74202488 -5.11744463]]
[[,2.50513696 -4.79500374  5.57976887]  [-5.05263163  0.59741851 -0.99818221]]
[[,3.04929757  1.40202167 -5.9228029 ]  [-5.40773348 -0.68346092  1.08512293]]
[[,5.93610798  1.87260716 -4.78250057]  [-2.05799466 -5.24938141  2.10859104]]
[[,3.16772724 -1.47498245  5.86355483]  [-5.98823621  0.44813412 -2.25025306]]
[[-4.65264206,1.94577839  4.00188596]  [ 1.2020197  -4.19010913  0.25099159]]
[[,1.90469575 -5.91056123  4.99554228]  [-5.91122717  1.8649222   0.19812153]]
[[,2.89157212  5.98301523 -5.32507319]  [-5.76340484 -0.28710366  3.62941079]]
[[,3.36171254  1.56634912 -5.5305618 ]  [-5.67260879  2.62267937  2.48433388]]
[[,3.37765535  4.34594746 -5.75076607]  [-5.37090102  0.75554439  1.11196646]]
[[,3.00929779  3.40488004 -5.52112667]  [-5.31582969  1.40658092  1.45506039]]
[[-1.80158522,1.82568374 -5.98481111]  [ 4.97570723 -3.7988128   3.18955641]]
[[,2.94048437 -5.07227199  4.80766088]  [-5.39861662  0.12933283 -1.92849134]]
[[,0.18590902  1.85327356 -5.68953444]  [ 1.60771545 -4.70232624  2.38081218]]
[[-5.01641016,1.94200197  3.54475269]  [ 0.59670665 -5.59366183 -0.22451099]]
[[-4.72092404,-0.57404868  0.62220213]  [ 1.42264816  4.63411852 -4.3384741 ]]
[[,3.63792232  1.57533013 -5.73471856]  [-5.81068345  2.66312811  3.09075489]]
[[-5.32366184,-2.99379644  0.83610004]  [ 3.34416855  5.71239479 -4.55981006]]
[[-1.0378267,2.16749226 -5.98571751]  [ 5.12619052 -5.60345268  3.44137017]]
[[,2.58731457  0.92374647 -5.46641932]  [-5.0183335   4.64980172  2.68459101]]
[[-5.90237261,1.23727282  0.85254429]  [ 3.6536279  -4.94040232  5.8798125 ]]
[[,5.78541153 -0.01649338  1.7741663 ]  [-2.47124562 -0.03198985 -5.69024035]]
[[-3.32287132,2.41771607  4.88794766]  [ 0.24428437 -5.51800438 -2.69622489]]
[[,2.14365617 -0.3298036  -5.67956803]  [-4.6603027   2.9811765   3.17069969]]
[[,2.08349492 -5.55356193  1.83663222]  [ 2.88887735  3.42125676 -5.44933692]]
[[-5.71591764,3.34372289  0.46032493]  [ 1.8138027  -5.87204481  1.26657593]]
[[-1.18215898,1.96534198 -5.08810158]  [ 3.68077574 -5.84769668  2.65056673]]
[[,2.60786834 -0.09652669 -4.58154162]  [-5.66857974  4.07951153  1.67702483]]
[[,1.03844288 -5.2560108  -0.59631148]  [-3.23363204  2.45467513  2.87732231]]
[[,1.63761886 -0.63086115 -5.6137414 ]  [-5.4262026   5.82901889  2.27403356]]
[[-5.58847054,2.3214173   4.86695209]  [ 1.88519462 -5.43556115 -2.49168216]]
[[,1.7784365  -4.58552857  4.91353758]  [-4.64008205  1.37480622  0.26473265]]
[[,5.75823612e+00 -4.94050544e+00  3.27494223e+00]  [-3.30418790e+00  8.80311049e-04 -5.78981969e+00]]
[[-5.44877423,1.54780101  2.10885274]  [ 2.26404557  2.05788305 -5.03316432]]
[[,2.01640679  2.24307369 -5.99971897]  [-5.68313017  4.9373947   3.17916394]]
[[,4.47654064 -5.64798556  3.7016107 ]  [-5.9903855   2.1857278  -1.03910999]]
[[,1.97039548 -5.64346998  1.19253755]  [-4.97780092  2.58838713  2.75192595]]
[[,0.69994328  1.7165901  -4.08868935]  [ 0.59355153 -5.25343742  1.7830442 ]]
[[,4.72553575  3.02902578 -5.27558857]  [-1.25096724 -5.48667804  1.86540141]]
[[-5.71002828,-2.22847573  0.86585689]  [ 2.66233218  5.09981675 -4.64285445]]
[[-5.54828677,1.65101778  5.67476328]  [ 1.48811514 -5.04915198 -0.13362781]]
[[,2.14627403 -5.65282536  1.36789918]  [-4.39322534  2.22371588  4.32894737]]
[[,1.69501479 -5.92605452  2.53318802]  [ 1.02481332  2.8338912  -4.60522958]]
[[,1.988186   -4.671925   -1.37660335]  [-5.93993972  1.53040448  5.79803449]]
[[,2.08341805 -5.44144644  5.33561829]  [-5.94412695  0.17497405 -1.00877501]]
[[-4.48393733,1.84888819  0.78765115]  [ 1.82321685 -4.9496408   3.65038897]]
[[,2.33026311  5.90359282 -5.19771179]  [-5.78000382 -3.83863828  1.54016949]]
[[,3.42463582  5.25301101 -4.79122008]  [-5.81268015 -2.48886925  1.19775112]]
[[,1.82756654  2.59599577 -5.92479088]  [ 3.9494063  -5.1099104   2.59769724]]
[[-3.45845661,3.21631132  2.78554432]  [ 1.06707945  0.1803314  -5.99753722]]
[[,4.64012544 -2.15793531  2.23197241]  [-2.60502791  0.49134661 -5.56345045]]
[[,1.89835068 -5.77782703  0.9888459 ]  [-4.79900822  1.86274135  5.69589195]]
[[-5.63745073,-0.11377449  1.5533585 ]  [ 2.02352107  4.55965064 -4.73895922]]
[[-0.73933375,-4.42344667  1.10609679]  [ 4.39964839  2.05707781 -4.95985453]]
[[-5.43287103,-2.77467398  2.29654852]  [ 3.59167824  4.97858827 -5.73293793]]
[[,4.95122979 -4.3943198   3.55337279]  [-3.21594631  0.3682309  -5.70799382]]
[[,2.62126014 -4.80985223  5.15010722]  [-5.13687946  0.79059583 -2.7829251 ]]
[[-5.71412911,1.14527663 -0.36369672]  [ 2.06566105 -3.68950012  4.38511457]]
[[-5.51403343,2.4557066   1.89609572]  [ 2.96650114  5.29474193 -5.17894996]]
[[-3.1628039,-5.41785338  0.97786328]  [ 5.24654785  2.47997051 -5.1483275 ]]
[[,2.1831437  -4.54415468  5.9949088 ]  [-5.00657077  0.10383584 -4.09533461]]
[[,1.72264328 -4.98832298  2.32693818]  [ 2.34455519  2.11099671 -5.57641852]]
[[,4.4632032   2.04513465 -2.99033853]  [ 0.12028116 -5.93118942  0.77733177]]
[[,2.59945185 -5.08109933  5.53574563]  [-5.21485359  2.10814947 -2.4282886 ]]
[[-5.64561849,1.72077702  5.01988373]  [ 0.84255639 -5.66337519 -2.6223321 ]]
[[,5.29693934  3.03682554 -4.59716051]  [-0.57468715 -5.96753572  1.80808689]]
[[,3.77342993 -5.90363738  4.83763479]  [-5.57539694  2.28010608 -0.02583592]]
[[,3.37674447 -4.02617268  5.32233876]  [-5.20315683  1.13569707 -2.19625525]]
[[-5.0605812,2.12013839 -0.15881857]  [ 2.48612159 -5.11198871  2.23017383]]
[[,2.48046579 -5.69608319  2.75359606]  [ 3.70549047  2.21823385 -5.89190628]]
[[-1.61345902,-5.87089001  0.28378378]  [ 4.85649547  2.5645903  -3.78518628]]
[[-2.30809458,1.99139271 -5.87060852]  [ 5.58532666 -3.66360784  3.46019228]]
[[,1.86672744  4.96254714 -5.73634951]  [-5.79682494 -1.86874244  0.99927352]]
[[-5.67883779,5.24284041  3.44734336]  [ 2.31702467 -1.54200813 -5.49986911]]
[[-5.77474874,1.90179698 -1.1439244 ]  [ 3.61740996 -5.60017138  3.22324387]]
[[,3.0131513   5.84858409 -5.95053275]  [-5.30627219  2.05602595  2.44538862]]
[[-5.48669223,3.18146606  2.03340035]  [ 1.76221274 -5.87156897  0.40479385]]
[[-1.79751944,-5.61696318  0.21613663]  [ 5.18512097  2.76803131 -1.50819681]]
[[,5.98146864 -3.98632413  2.85228997]  [-0.88792586  1.57146234 -5.22403912]]
[[-4.28314034,5.99870787  2.2960074 ]  [ 1.72828811  0.8280266  -5.29901836]]
[[,4.44602813  2.25410267 -3.11693774]  [-1.52603414 -5.93101229  0.89257791]]
[[,2.26106589 -5.31384053  3.26193192]  [-5.40010629  2.26020218  1.40283411]]
[[,4.45416609  2.76123486 -4.77916625]  [ 1.95111302 -4.76919883  1.69133746]]
[[-4.86755084,2.16906805  5.40026242]  [ 1.2849938  -4.86048374 -1.97035832]]
[[,1.3996519  -0.43235266 -5.89205322]  [-5.428249    2.71731818  3.49663532]]
[[,0.80114955  1.45332523 -5.70064348]  [ 5.4248531  -5.19865572  2.40433223]]
[[,5.26083956 -4.74266822  2.08141371]  [-0.35964835  2.05394399 -5.73614759]]
[[,2.490413   -0.84574849 -5.43417127]  [-4.85988435  5.35612834  3.01294912]]
[[-4.40997413,0.47392666 -1.49887652]  [ 2.06328738 -2.90381485  4.89190401]]
[[-5.97500308,-0.10803164 -2.40472361]  [ 3.3221559  -0.44539043  4.027394  ]]
[[-1.66901687,-5.60667372  1.19807167]  [ 5.14464915  3.52095396 -4.20718436]]
[[-4.42748689,4.19778995  2.41411839]  [ 1.75712066 -1.64324268 -5.29326519]]
[[,2.31326342 -5.53678591  4.96324009]  [-4.80110083  1.59538593 -0.03818771]]
[[,3.53951223  3.36072271 -5.4415235 ]  [-1.39971021 -5.94772617  1.94682312]]
[[-0.39866628,2.05637951 -5.39062815]  [ 2.23048334 -5.23642455  2.30376855]]
[[-4.98583317,2.06379059  5.09441053]  [-0.22335556 -5.4481008  -1.98197639]]
[[-5.61095155,3.60835815  0.48422698]  [ 2.90620584 -5.91277458  1.09764368]]
[[-4.76811592,3.76171998  1.67244603]  [ 1.02105986 -0.48503102 -5.83291527]]
[[-5.1416191,2.12678306  1.56119497]  [ 1.86894939 -5.88859217  0.29954554]]
[[,2.77859428 -2.03543469 -5.2594784 ]  [-5.76855102  5.50882305  1.83553346]]
[[-5.95333472,0.55148027 -0.51301204]  [ 3.02574769 -5.0018605   3.8830644 ]]
[[,4.33670372 -5.87575497  2.49695934]  [-0.53146337  3.04661913 -5.79154919]]
[[,3.00776358  4.22632917 -5.99316267]  [-5.8963407  -2.52086297  1.62063035]]
[[-4.66164163e+00,1.73687439e+00  4.10849474e+00]  [ 2.51343021e+00 -5.98412521e+00 -4.78573430e-03]]
[[,0.81612876 -1.91205475 -5.23942899]  [-5.55109977  4.58616033  1.55824326]]
[[,3.04137427 -4.13969953  5.3368585 ]  [-5.80397627  1.24640523 -2.23621028]]
[[-5.96216675,2.59481362  5.08353343]  [ 1.34273479 -5.39093485 -1.44907547]]
[[,1.81062837 -1.99023106 -5.91057334]  [-5.67569827  4.79441084  3.61006292]]
[[-5.42419483,2.29031634  3.33623567]  [ 2.81544378 -5.44121089  2.78407873]]
[[,0.45793474 -1.76040905 -5.72132986]  [-5.46286428  5.92135321  2.57671232]]
[[-5.76206768,0.42342547 -3.47831869]  [ 2.71371179 -4.90721702  5.36362265]]
[[,1.23143779 -1.72013142 -5.86390109]  [-4.57726985  4.65958293  2.22493071]]
[[-4.64535566,5.78746278  1.9975136 ]  [ 2.04502307  0.01953491 -5.26572345]]
[[,0.18702207 -5.62039616  0.92937697]  [ 5.12772874  1.66582336 -4.5693662 ]]
[[-0.31747414,2.07217759 -5.94062656]  [ 4.14943114 -5.38597113  3.41700464]]
[[,5.71478781  3.33656252 -5.7670989 ]  [-0.85490541 -5.68138345  0.69039092]]
[[,0.4434103  -4.98369417 -2.04404176]  [-3.77945178  2.21560398  4.85712426]]
[[-0.62153454,-5.49223426  0.93369401]  [ 4.53626514  2.77161715 -4.31608868]]
[[,4.53210944 -5.09211196  2.15672761]  [-1.17903496  0.73085467 -5.05171591]]
[[,5.75982688 -5.89223872  1.71180031]  [-1.57480813  1.64783108 -5.80078341]]
[[,1.6176916   0.04938073 -5.59542858]  [-5.71979565  1.31730255  1.98256031]]
[[-0.71647013,1.37081578 -5.98718977]  [ 4.51866057 -5.74875712  3.46942189]]
[[,2.95210452 -5.01978773  1.04016851]  [-5.72296752  2.94317737  2.95531766]]
[[,3.24216107  3.96881893 -4.03885865]  [-5.75282325 -0.75419135  1.81963462]]
[[,5.02844855  2.63806546 -5.26751563]  [-2.5773197  -5.9717851   1.92064072]]
[[-5.56856274,2.1278177  -2.18611826]  [ 2.74072715 -4.66454848  4.22911741]]
[[-5.93898722,5.08000025  3.02693939]  [ 2.1879732   2.18426361 -5.85091963]]
[[-1.04350521,-5.56810346  1.18999324]  [ 3.62402038  1.83169741 -3.99120317]]
[[,1.7539735  -4.9434822   1.72449429]  [-5.76753292  1.82200393  5.81583185]]
[[-4.535138,3.8104557   3.06510749]  [ 2.07148217 -0.56955666 -5.49066425]]
[[,3.31883409  5.99578743 -2.62304231]  [-5.98739854 -1.99002067  0.49615183]]
[[-6.75615241e-01,4.90063338e+00  3.03636070e+00]  [ 4.95116537e-03 -2.28462633e+00 -5.32277917e+00]]
[[,2.04767457 -5.23449455  3.34304298]  [-5.57939128  1.35272329 -1.19488063]]
[[,2.28423787 -5.02373565  1.16631568]  [ 3.80177355  1.79387778 -5.89610524]]
[[-5.64216672,0.3784702  -2.44936505]  [ 2.67902124 -5.48418502  5.36279484]]
[[,1.93642796 -5.87406554  5.99692782]  [-5.88256583  1.53843957 -1.370239  ]]
[[-5.72419134,-0.17617126  2.69066698]  [ 2.67709758  5.86706345 -5.93988239]]
[[-5.97408044,1.16305181 -2.42652903]  [ 4.26959295 -3.82295872  5.90347   ]]
[[-5.9657961,1.86043992 -1.77399765]  [ 4.28256832 -5.97541379  5.11303787]]
[[-5.78096041,1.71493033  5.34696754]  [ 1.01942577 -5.38686482 -1.4051713 ]]
[[,0.01118782 -2.17962681 -5.6981682 ]  [-0.84865617  4.73889654  3.54948928]]
[[,2.76509835 -5.30127799  2.79772317]  [-5.34632908  2.25072764 -0.53307749]]
[[,3.32058181  5.84339523 -3.10404348]  [-5.37104968 -0.61489225  1.00478263]]
[[,0.90660782  2.21847803 -5.85911323]  [ 1.12230214 -5.78537583  4.10918014]]
[[,2.95738132  4.11390906 -4.67537111]  [-5.42552556 -0.59401193  0.67689083]]
[[-5.70528485,5.65243033  3.06195447]  [ 2.27939917  0.30006728 -5.60527567]]
[[-0.02089461,-5.8160144  -1.03902419]  [-4.65433289  2.1795448   5.60737164]]
[[,1.89571166 -5.69270911  1.60513027]  [ 2.44247738  2.78149591 -5.95092129]]
[[-5.74850475,1.83723459  1.80049728]  [ 1.5484858  -5.75442554  0.16223885]]
[[-1.9629407,2.29018806 -5.96509573]  [ 5.65126412 -5.87441207  2.32340154]]
[[,5.82647358  2.34470967 -5.99632187]  [ 1.11082758 -5.45179514  2.80972657]]
[[,1.87585293 -4.83513942  3.20879918]  [-0.16144697  2.07017492 -5.88177525]]
[[-5.66761713,5.64938633  2.72544843]  [ 2.36526294 -1.42435058 -5.87631313]]
[[,1.32747798 -5.41653786 -1.08283037]  [-5.96734048  3.423663    4.34386901]]
[[-4.76567566,2.71503464  2.92301178]  [ 0.78368829 -1.04590652 -5.81104385]]
[[-1.49673564,1.23450981 -5.5276839 ]  [ 4.69067182 -5.80504128  2.13006662]]
[[-0.0494728,-5.19995389  2.26051622]  [ 0.55778858  1.79833678 -5.7871711 ]]
[[-5.49692635,2.27769033 -1.31736299]  [ 3.10142242 -5.38708099  5.15688169]]
[[,1.90975052 -4.39863218 -0.75145098]  [-4.9425121   2.79842203  5.8170578 ]]
[[,4.49605093 -5.57025972  2.37334507]  [-1.59120258  0.75483024 -5.50602795]]
[[,5.04792021 -5.63863182  2.7874794 ]  [-1.82453314  0.78324919 -5.58525183]]
[[-4.71742852,1.29269524 -2.74837147]  [ 2.15590227 -5.39164614  5.9221968 ]]
[[,1.93011297  1.9700379  -5.46356218]  [-4.18026385  4.86351991  2.10794255]]
[[,0.58164223 -5.73826596 -1.45835048]  [-4.10501208  2.5802949   5.51551917]]
[[-2.11480108,0.65012327 -5.72788448]  [ 5.68318677 -3.38263709  1.88301463]]
[[,2.60506284  3.15645257 -3.988013  ]  [ 0.06426707 -5.41446812  1.28622104]]
[[-1.25542304,-5.86323929  1.47106986]  [ 5.13809933  3.28365417 -5.9292033 ]]
[[-5.85480483,-1.25433057  3.19892189]  [ 2.09092348  3.99842471 -5.91596878]]
[[,0.86822742 -5.38135186  2.09082129]  [ 3.89313901  1.78273176 -5.83732926]]
[[-5.76170077,2.87763366  4.88852479]  [ 2.21514992 -5.25793205 -0.1725617 ]]
[[-5.90255985,-2.79732534 -0.20590984]  [ 3.10723472  5.54747032 -4.01210585]]
[[,0.12942955 -5.90644812  2.83292866]  [ 0.055379    3.07417031 -5.76099099]]
[[-5.16787476,3.45818907  1.85573469]  [ 3.17806505 -5.88679111  5.06878998]]
[[,3.34772033 -0.6619641   4.52792935]  [-5.82746869 -0.21980469 -2.65400845]]
[[,1.93365846  1.24572801 -5.17689055]  [-4.71257028  1.52399191  2.19198973]]
[[-5.93413133,-2.26348969  0.69218199]  [ 3.17051657  5.62972897 -3.02754693]]
[[-3.88131744,0.10522804 -5.52263625]  [ 5.91916854 -3.61508789  1.99638931]]
[[-0.11852391,1.37374548 -5.67957067]  [ 2.60430078 -5.47987285  1.65849923]]
[[,2.60613963  2.17358419 -5.68920495]  [-4.96353619 -0.12873889  2.75675598]]
[[-1.38074162,1.25069293 -5.98625919]  [ 5.47687661 -5.63418     1.93179256]]
[[-4.45285307,1.02918497 -0.24195383]  [ 2.25313852 -5.06467437  4.41758739]]
[[,2.74237421 -4.27882019  3.27178877]  [-5.92321509  0.32476164 -0.60615714]]
[[-4.34238391,2.1043845   4.3193959 ]  [ 0.6175584  -5.92465712 -1.10995107]]
[[-4.94549747,0.66331737 -2.48453225]  [ 1.47845916 -4.54489877  5.90217573]]
[[,1.31634603 -5.52981697  1.76652723]  [-0.57063088  1.66444517 -5.77230412]]
[[-5.74818411,2.06268466  0.48147865]  [ 2.40720509 -4.58144046  3.97425949]]
[[-2.10944752,0.56121448 -5.32422904]  [ 4.37148404 -3.5822746   1.92504975]]
[[,0.45462877 -5.49816318  2.22046655]  [ 0.4167717   3.43758813 -5.25436346]]
[[-0.251785,-5.32007977  2.65897417]  [ 5.88956324  2.78804154 -5.44957258]]
[[,2.41237334 -5.60671521  5.92712402]  [-5.28075245  0.7153721  -2.02928308]]
[[-5.34461398,2.17927448  1.28611546]  [ 2.49742529 -5.01454004  2.11759885]]
[[,0.14175408 -4.84829346 -2.09632059]  [-2.79040534  2.32764377  5.06432502]]
[[,0.84578046 -5.90711888  1.2830606 ]  [ 4.29014774  3.22303473 -4.54208772]]
[[-5.44858933,0.77837845  2.30945895]  [ 2.90631858  5.89717857 -5.301133  ]]
[[,0.74079398  2.35666031 -5.28928237]  [ 1.13247571 -4.9352236   2.9282834 ]]
[[,1.70228463 -5.21364789 -1.54782537]  [-5.43498343  2.01477896  5.16167566]]
[[-2.36264636,-5.81062465  0.0999772 ]  [ 5.36938129  2.65386072 -5.66473826]]
[[,3.69627563  5.19946297 -5.07013624]  [-5.70963991 -1.45937291  1.357078  ]]
[[-4.24331484,3.43948595  1.93636908]  [ 1.35577002 -5.39189379 -0.39753221]]
[[,3.65130161 -5.70476133  2.24077029]  [ 0.44829786  1.40237187 -4.52570677]]
[[,4.40862728 -5.79051765  2.3779523 ]  [ 0.99244386  2.39823142 -5.5284998 ]]
[[-0.97498438,-5.83252977  1.15657154]  [ 5.20119735  3.7551479  -4.76406597]]
[[,3.4008061   5.25632941 -5.94891404]  [-5.99827055 -0.33178866  1.62668311]]
[[-5.88335172,-1.68285046  1.48773079]  [ 3.79959838  4.89140659 -5.67139815]]
[[-5.71120937,3.37326826  5.32747735]  [ 3.70171245 -5.53646362 -1.27538513]]
[[,4.77816296 -4.01456552  2.48422678]  [-1.43128389  1.43895293 -4.9560627 ]]
[[,3.93098853 -5.93626034  2.39657025]  [-0.12207029  2.45057247 -5.09471607]]
[[,1.40551963 -5.45509522 -3.60437025]  [-4.47212154  2.35724744  5.7528656 ]]
[[-5.84605114,-1.51478657  1.0649239 ]  [ 2.50185662  4.07286809 -5.67540695]]
[[,0.69651582 -5.40156433  3.27186715]  [ 4.97147965  2.58468249 -5.69388777]]
[[-4.91315514,2.90443884  4.94141343]  [ 1.8557046  -5.70279553  0.30022133]]
[[,1.52076587 -5.43928788 -1.63313568]  [-5.35039715  2.76321932  4.28087161]]
[[,2.21903869 -3.78460573  5.75028493]  [-5.83243444  1.01373454 -0.78760185]]
[[-3.84088297,4.91736068  2.39814637]  [ 0.4449696  -2.11025631 -4.73735165]]
[[-3.55110181,2.23145658  4.71284861]  [ 0.44299088 -4.64885051 -2.02054393]]
[[,1.53708589 -4.84372422  4.07278495]  [-5.24752087  1.67127667  5.42887394]]
[[-5.62441073,1.3477587   0.84183525]  [ 1.60973119 -4.84996117  1.92294708]]
[[,0.01358426 -1.43539885 -4.83157085]  [-3.9151434   5.20900971  2.08565715]]
[[,2.72225265 -5.45806216  2.69573616]  [ 0.3917946   1.71990221 -4.93650125]]
[[,2.4873689  -5.43460688  4.48285112]  [-5.77644982  0.91189368 -0.73787474]]
[[-5.83113406,3.20480965  5.72923654]  [ 0.69485462 -5.79005358 -1.24086864]]
[[-2.2040829,-5.14404906  0.69855648]  [ 4.79294859  2.50908794 -5.17223248]]
[[,3.33446842 -5.61962836  5.3181593 ]  [-5.87735814  1.04625652 -2.84877569]]
[[,2.185835    4.63055278 -4.61996216]  [-5.59150739 -0.82853791  0.92471757]]
[[-2.6837575,-0.20568813 -5.0388283 ]  [ 5.64943159 -3.9403213   2.98547228]]
[[,2.21059236  5.9887968  -5.56052244]  [-4.90042285  0.33881135  1.42084821]]
[[,1.60480018 -5.89100583 -1.90007785]  [-5.79128038  3.88258174  5.25759486]]
[[-5.38746112,1.52870506 -0.22788788]  [ 2.65025491 -5.43865337  0.9944844 ]]
[[,3.02990387 -5.19090117  1.71549364]  [-5.76219968  3.25623877  0.46986329]]
[[-5.72998843,2.52167652 -2.33518274]  [ 2.65639666 -5.87186532  5.17348962]]
[[,0.75954269 -2.46025327 -4.96656454]  [-4.23771483  5.33257451  2.06890558]]
[[,2.93551184  3.33930121 -5.69456149]  [-0.49930202 -5.91071649  1.5756951 ]]
[[-5.93490857,1.85678914  1.04775323]  [ 1.38958301 -4.7514748  -0.12859109]]
[[,3.19548671 -2.24638131 -5.90531665]  [-5.20866092  4.88922922  2.8888268 ]]
[[,2.1737949  -5.89662077  3.46566517]  [-5.33679178  0.99164599  1.10355314]]
[[-5.89816252,2.43584997  0.27129255]  [ 2.41352491 -5.72527326  5.34201316]]
[[-2.47163013,-0.14681391 -5.93790487]  [ 5.56123552 -2.55362508  2.15861741]]
[[,1.15460635  0.75418997 -5.87298556]  [-4.20088986  1.78076838  1.68026956]]
[[-4.92086948,2.53788317  5.64828082]  [ 1.58370713 -5.10772416  0.04199232]]
[[,0.9345235  -5.80276359 -3.3674865 ]  [-5.47463719  2.61004202  5.73658184]]
[[,1.61010047  1.21460671 -4.82478539]  [-4.93727112  2.73583533  2.06445608]]
[[-5.47928548,-1.01095387  0.99157105]  [ 2.24521476  5.35318584 -4.97733871]]
[[-4.90352715,2.80200204  4.58798806]  [ 1.90741921 -5.66208575  1.77263181]]
[[-4.66508726,5.22524638  1.81797373]  [ 1.56736488  0.67907203 -5.16915166]]
[[-4.8375755,0.99092593  2.70823647]  [ 1.72295328  3.88617372 -5.53290602]]
[[-5.80764302,0.01121651  1.3084221 ]  [ 1.47142617  4.06849262 -4.59998485]]
[[-5.5981961,2.58589672  4.64243109]  [ 2.30070635 -5.1460106  -1.06358684]]
[[,2.87679787  4.38129457 -5.97094032]  [-5.10795337 -1.28959351  1.17216933]]
[[,0.59750167 -5.20521526 -1.3995432 ]  [-3.7058312   1.54577965  5.72605941]]
[[,1.22463959 -5.62163554 -0.74283705]  [-5.7090746   1.95262287  3.4593277 ]]
[[,3.0122129   5.20994327 -3.99291477]  [-5.87221779 -0.0764789   0.9967283 ]]
[[,1.44148035 -5.8970325   3.0598566 ]  [ 0.26202051  1.82070057 -5.76852399]]
[[,3.01705858  1.01831658 -5.59890515]  [-4.84462213  0.39333534  2.8314771 ]]
[[-5.37546732,0.38996052 -1.66804318]  [ 3.41061338 -5.28486437  5.88200526]]
[[-5.68824091,0.75354443  1.77162298]  [ 3.6278147   1.03199893 -5.13629559]]
[[,2.23419912  3.5286942  -5.71864574]  [-0.37588866 -5.90876336  0.81980793]]
[[,5.90150341 -5.17992889  2.9909294 ]  [-2.94055482  1.9965169  -5.61307786]]
[[,4.84211102 -2.63450985  2.12829034]  [-0.54121713  0.50104937 -5.92448522]]
[[,0.06475271 -5.90906235  1.29652355]  [ 1.79057998  2.71834288 -4.44218299]]
[[-5.69878566,2.36465763  5.59411091]  [ 1.05734696 -4.84388355 -2.47787303]]
[[-2.80962632,-5.95386832  3.02290703]  [ 5.51243021  1.87634006 -5.60255043]]
[[-4.77724695,1.42660968 -1.43769546]  [ 2.13640144 -5.70407088  5.15210637]]
[[,4.26015335 -5.78787909  2.53835386]  [ 1.02728089  2.98708271 -5.81895584]]
[[,2.10886358  2.12614453 -5.58755693]  [-5.73292603  0.51225894  3.34754791]]
[[-5.82926942,1.54019148 -0.28232073]  [ 2.46890109 -3.78821301  3.0184257 ]]
[[-3.9015319,3.30867403  5.18315968]  [ 0.90197317 -5.51255464 -2.06243405]]
[[,5.65266096 -5.68420389  2.70639791]  [-1.91844436  2.51794298 -4.70186258]]
[[,3.59970308  4.8274658  -5.7461577 ]  [-5.9103585  -2.01302776  1.37271734]]
[[,0.73598641  1.37180606 -5.01657618]  [ 1.32580352 -5.29398714  2.77341359]]
[[,1.02311043  2.81178511 -4.73027478]  [ 0.81918007 -4.56455194  2.07785613]]
[[-1.34423615,0.34943874 -5.68913956]  [ 3.84661422 -5.41396107  1.83455959]]
[[-4.02915795,5.45026331  3.52091192]  [ 1.21460548 -0.93678554 -5.86378376]]
[[,0.27692192 -2.88393269 -5.93706625]  [-4.33420746  5.58584218  4.03854669]]
[[,2.20405869 -5.52028569 -0.31325483]  [-5.94739955  2.06529846  4.02108394]]
[[-0.35095888,2.32093401 -4.99329763]  [ 2.83857826 -5.70333859  3.06046931]]
[[-5.89878653,2.06895777  0.60609092]  [ 2.58930349 -5.88090922  4.0269346 ]]
[[-5.96505335,2.62676261  5.4163406 ]  [ 0.92168952 -5.5285605  -1.36659768]]
[[-4.84161461,2.95164158  2.03424346]  [ 1.40876897  1.57077742 -5.05130217]]
[[-5.92664234,5.26240352  2.3282711 ]  [ 1.94892423 -1.92188383 -5.37505839]]
[[,0.76374288 -5.8099202  -2.34309424]  [-5.12791917  1.85202454  4.44501701]]
[[,2.63376834 -5.79696481  0.22196347]  [-5.65481094  3.71172802  1.89196383]]
[[,1.08437731 -5.52878109 -2.13976931]  [-5.05945588  3.56802271  5.34678368]]
[[,2.5472346   4.58372928 -4.94505696]  [-5.80608054 -1.76443043  0.15870971]]
[[,1.91175617 -5.74506705  0.97300857]  [-5.89881299  2.15281574  2.63985549]]
[[,1.50554267 -0.35877185 -5.54258826]  [-5.36873264  5.1644062   2.12113977]]
[[,1.34659919 -5.98877262  1.66280263]  [ 4.10558555  2.30477689 -4.20071305]]
[[,5.4557152  -5.64094852  3.0276152 ]  [-3.59770047  0.586609   -5.35154327]]
[[-0.09278563,-1.84806217 -5.50664192]  [-5.63028189  5.06132863  3.71833973]]
[[-4.96164303,2.85616999  3.86787697]  [ 1.26596698 -5.06534388 -0.97462433]]
[[-4.67739754,4.15288635  2.38906662]  [ 1.25767631 -0.29740097 -5.6565292 ]]
[[,2.80085617  2.70087818 -5.92944163]  [-0.75825581 -5.65109183  3.10316788]]
[[-1.54673567,2.89573567 -5.30269592]  [ 4.80578568 -4.77818465  2.82051751]]
[[-0.97837222,-5.84259753  1.60215783]  [ 5.27750223  3.95216476 -3.37752167]]
[[-5.68900468,5.08735776  2.62386102]  [ 1.48402509 -0.51248303 -5.24451776]]
[[-5.8956756,3.66513894  3.63924974]  [ 1.55115689 -5.88191347 -0.83974823]]
[[-5.836585,2.26266112  3.12705392]  [ 1.46940781 -0.47536355 -5.70287659]]
[[,0.73169106  1.51930038 -5.58430297]  [ 2.33790332 -5.69441777  2.963975  ]]
[[,4.1569246  -2.72122832  2.14476922]  [-0.91853337  0.69844124 -5.08639081]]
[[,0.1891452   1.28047329 -5.23806612]  [ 1.52334224 -5.62244369  2.42536191]]
[[-5.68126666,0.19783738  2.8498549 ]  [ 1.33022208  0.66941356 -5.43587042]]
[[-5.85861005,2.65522497  3.92025025]  [ 3.18799309 -5.0469482  -0.46496388]]
[[,2.80705598  1.16559841 -4.72816314]  [-5.42164264  0.78394827  2.43058823]]
[[,3.40851975  4.75504521 -4.75899292]  [-5.93453558 -2.88286953  1.23128168]]
[[,2.0434629  -5.61179321  3.8909667 ]  [ 0.5064134   1.68049168 -5.44888945]]
[[,4.62635999 -5.80308205  2.44335114]  [ 0.72997202  1.74620727 -5.35381203]]
[[,3.39936391  2.43920181 -5.46892311]  [-5.83065098 -0.01210557  1.56491091]]
[[,4.59208751  2.8155612  -5.41852131]  [ 0.07912359 -5.87767618  1.06898048]]
[[,2.62146313  2.54945913 -5.91403219]  [-5.55309705  1.33460207  3.13158818]]
[[,2.07456484  4.46920637 -5.23286025]  [-5.40709965 -1.11759814  1.5869632 ]]
[[,2.12995173  3.09793147 -4.85027453]  [-5.68731574 -0.89571529  0.22021857]]
[[,1.54233949 -5.11435231  2.6944891 ]  [ 2.28291675  2.83949519 -5.98854356]]
[[-1.86066359,-5.81200849  0.88696895]  [ 5.37611733  2.69309483 -4.45665083]]
[[,1.67550951 -0.09583726 -5.35966046]  [-4.25695217  3.10667559  2.37016597]]
[[,3.10905628  5.37830356 -4.10466484]  [-5.25917189 -0.55337748  0.62385794]]
[[,2.21232554 -5.59087549  2.94787244]  [-5.99254434  3.07395209  1.65097283]]
[[,3.43598633  5.88194593 -5.16658429]  [-5.81417312 -1.39521774  1.40083366]]
[[,0.7878835  -0.39205178 -5.71094906]  [-5.58318695  4.54278636  2.25401108]]
[[,3.54133223  0.26184668 -5.36270621]  [-5.93534968  1.54957895  2.99060349]]
[[,2.91753324 -4.99324598  3.94320827]  [-5.78499343  1.37760772 -1.38100013]]
[[-5.06237263,-1.76687815  1.46082816]  [ 2.85393196  5.20352016 -4.04323678]]
[[,1.78168525  1.14112469 -5.09665327]  [-4.77943139  5.13978707  2.40399591]]
[[-4.28143387,4.25885058  2.48732238]  [ 2.02875538  0.28209977 -5.96874891]]
[[,2.77551805 -5.92303002  5.83675634]  [-5.06387466  1.47828743 -3.85367941]]
[[,2.88870974 -5.29412416  5.50467094]  [-5.72774895  0.7562636  -2.98857424]]
[[,2.89683254 -5.49786319  5.87158488]  [-5.71963834  2.38282375 -1.67907874]]
[[,2.9198765  -2.70907878 -5.74659422]  [-5.40730246  5.23392284  2.40020049]]
[[,1.99921008 -3.97583254  3.50342683]  [-5.14185425  1.68211256  0.09158706]]
[[-1.33809157,-5.09116529  1.15843097]  [ 5.99183265  2.12658945 -5.05970608]]
[[,2.86270647 -5.94230069 -0.69264187]  [-4.72254556  2.99855882  5.88601544]]
[[,0.69436459 -5.6488767   1.69382538]  [ 4.94733824  2.1167484  -5.3293469 ]]
[[-0.4799365,2.0322935  -5.56613902]  [ 5.78790761 -5.83987154  2.11569545]]
[[-5.48746516,5.53980553  2.46454144]  [ 1.94379487 -1.97331009 -5.98958349]]
[[,2.69723188  5.45829156 -5.20555918]  [-5.75062569 -3.02603735  1.69941111]]
[[-4.7169845,2.61514138  4.61457364]  [ 1.35379019 -5.41909864 -1.19993903]]
[[,3.05769785 -5.61362471  5.83381383]  [-5.39509841  0.32293513 -2.09264706]]
[[-5.77184321,5.59691279  3.16742562]  [ 2.79977519  5.16774096 -5.40190394]]
[[-4.64182375,3.20716649  3.77439343]  [ 0.67180063 -5.74263176 -1.35452108]]
[[,2.57033846  3.18307181 -5.05537679]  [-5.50291625  1.90550325  2.77874689]]
[[,0.80071546  2.03968543 -5.78789984]  [ 1.74751936 -4.7487482   2.01572264]]
[[-5.64758808,5.46102224  2.7459487 ]  [ 2.16714435 -1.75255268 -5.83491325]]
[[-1.95400604,-5.80482206  1.00380445]  [ 4.31698103  2.30831786 -4.02724952]]
[[,3.39651988  5.01986709 -3.45979616]  [-5.55428982 -1.61462376  1.05393147]]
[[,5.39240978  2.60430008 -4.12097474]  [-1.79217875 -5.34451303  0.2003215 ]]
[[,1.19934624 -0.98425151 -5.34636572]  [-4.96511034  4.87952093  3.89604894]]
[[,2.09438725 -5.56684866 -1.60947859]  [-5.62446829  2.59154712  4.68991196]]
[[,5.52025799  3.23877758 -5.15778541]  [ 1.01410492 -5.17792492  1.88763766]]
[[,1.46941437  5.73530526 -3.50913128]  [-5.68297945 -1.31418056  0.67412456]]
[[-5.40765407e+00,5.04917477e-03  1.88167222e+00]  [ 3.44573579e+00  5.32823040e+00 -5.67326379e+00]]
[[-5.39915206,-1.69446815  0.96713515]  [ 2.46416139  4.64643053 -5.4905443 ]]
[[,0.90242928 -5.70173988 -0.02080684]  [-4.27606473  2.53577436  5.03468239]]
[[,4.98395332 -4.44026403  3.33153309]  [-1.61878266  1.05835622 -5.94858229]]
[[,0.43240341  0.8839004  -5.23276108]  [ 4.42235725 -4.1444759   2.88285728]]
[[,3.36363858 -4.63926969  5.6956473 ]  [-5.91429976  1.95739538 -0.0961943 ]]
[[,1.44273717 -5.98687808 -0.07948881]  [-5.2093063   4.6202396   3.74310252]]
[[,1.17585306 -5.73128589 -0.54587001]  [-4.46696904  1.80031371  5.36128366]]
[[-5.86154781,0.19228234 -1.45463862]  [ 3.04814732 -4.77500678  5.19695378]]
[[-4.95712044,2.60807584  2.64984673]  [ 2.19896932  0.82240278 -5.26409423]]
[[,2.91618906  4.75580336 -5.91430918]  [-5.72972239 -2.4145615   2.90531632]]
[[-2.5704296,4.84545406  2.52147377]  [ 0.55259584 -1.32893641 -5.04541374]]
[[-3.85577322,2.38972035  3.24402783]  [ 1.06852854 -0.60798554 -5.66147713]]
[[-0.29304923,-4.74757968  1.02444177]  [ 3.05535311  2.83855428 -4.16685803]]
[[-1.47490068,-5.30036912  1.00805052]  [ 5.6704759   2.28011008 -5.78694233]]
[[,0.71033532 -5.76556714 -0.20295987]  [-3.45683082  2.69095952  4.35250682]]
[[,2.51712728  3.0982823  -5.7658078 ]  [-5.93830632  0.11835049  2.17967947]]
[[-5.04647523,2.31867666  5.49191385]  [ 2.09693283 -5.22650661 -0.74245405]]
[[,1.67616765  0.46898937 -5.91364607]  [-5.65011987  3.96248589  2.88628251]]
[[-5.81140743,0.10480907 -2.40224938]  [ 3.43763435 -0.63413846  5.40264829]]
[[-5.88193118,0.59088414  2.3798645 ]  [ 3.77123098  4.17472697 -5.23413435]]
[[,2.71110041 -5.80675826  1.50101893]  [-5.92044145  4.29045152  1.2157468 ]]
[[,1.8984611  -5.88279418 -0.60579753]  [-5.22728126  1.46356285  3.79222903]]
[[,2.59456825 -3.9864178   4.8393217 ]  [-5.39548648  1.20805639 -0.58674947]]
[[,3.52318059  3.94590553 -4.9510496 ]  [-5.80158789 -1.94350681  2.45789247]]
[[-5.21315449,1.70481598  0.79477521]  [ 2.75783732 -4.9092766   2.34405095]]
[[,0.40920924  1.11226159 -5.82130654]  [ 2.66820913 -4.8949412   2.63437935]]
[[,4.81222049  3.4908883  -5.8820024 ]  [-1.61366196 -5.65296355  1.10910314]]
[[-5.88909392,2.32369449  5.74338003]  [ 2.49626936 -5.78437858  0.65413384]]
[[-5.60318145,1.76511704  1.14980152]  [ 2.56925652 -5.69697019  1.91149065]]
[[-5.37572383,3.05854543  3.81962491]  [ 1.27217668 -5.47294282 -0.03362139]]
[[,1.62679448  0.44689553 -4.79017978]  [-5.04591009  1.08662804  2.46905959]]
[[-2.88305034,-5.86018819  0.06422103]  [ 5.08852176  1.78691965 -4.81986033]]
[[-4.51939036,0.66393966 -1.77828475]  [ 1.99517941 -3.60766388  5.74928676]]
[[-5.88448062,2.16677662  4.19652499]  [ 2.31163128 -5.96036854 -2.37983023]]
[[,2.57892937 -4.04249852  5.70017898]  [-5.36189849  0.14665625 -3.97325522]]
[[-1.72975362,-5.06164672  0.53890572]  [ 5.13171625  2.05812098 -3.99935238]]
[[-0.61964845,1.05832977 -5.45491522]  [ 5.15120414 -4.54708585  2.07858142]]
[[-5.36522939,2.14628252  5.1462876 ]  [ 3.32703646 -5.4453498  -0.49849888]]
[[-5.93893211,1.47263592  1.76311073]  [ 3.21065123 -5.94540852  2.32464227]]
[[-5.7018474,2.89979573  0.58752914]  [ 2.97682976 -5.681407    2.0958331 ]]
[[,2.2345239  -3.25379179 -5.80366862]  [-5.58241888  5.39521228  2.7350755 ]]
[[-4.6519939,2.89772548  5.80896635]  [ 0.67655594 -5.9084118  -1.67294856]]
[[-5.8434026,-0.40927948  1.48487247]  [ 2.46002766  2.56301012 -4.54378088]]
[[,5.04732304 -5.73522768  2.05552359]  [ 2.60293093  3.15006072 -5.89467427]]
[[,4.39745775  3.59375943 -5.06920665]  [-0.08214848 -5.8423301   1.89327239]]
[[,0.26538306 -5.74423629 -2.26036384]  [-5.65203914  2.48639568  3.63805015]]
[[-1.6821398,-5.08754938  0.30770255]  [ 5.24359317  1.88649424 -3.69303458]]
[[,2.68768226 -3.21654583 -5.95826389]  [-5.78079241  5.00401597  2.62530356]]
[[,2.58818223 -4.2499563   3.14790819]  [-4.88587867  1.08655964 -0.71271374]]
[[,1.10987468 -5.47819881  0.63300684]  [-5.59390975  2.18873408  5.01882113]]
[[-0.05784999,-5.72463894  1.21051353]  [ 3.91208069  2.75682704 -3.91098077]]
[[,2.02480804 -5.47247163  3.83834995]  [-5.01088455  0.55753158 -1.50175712]]
[[-5.56311949,0.53256342  1.46297685]  [ 1.78917882  0.2295298  -5.75578475]]
[[-4.98759532,-2.80140731  0.1747097 ]  [ 2.74607401  5.99741114 -3.43012144]]
[[,2.63683822 -5.61529725  0.76799369]  [-5.7929515   2.83454717  4.01505577]]
[[,3.36056148 -2.55907099  5.08455315]  [-5.76140065  0.24286157 -1.5196845 ]]
[[-5.60079337,-2.79970025  1.62257363]  [ 2.60306915  5.87671854 -4.95647516]]
[[,5.36132458 -4.04438333  2.66437057]  [-1.13357823  0.59436061 -5.77439904]]
[[,4.3781789  -5.53391929  3.06101272]  [-0.12278153  2.21332447 -5.83934153]]
[[-2.41958445,-5.71723626  1.83098676]  [ 5.58493155  2.46383958 -4.06675149]]
[[-4.80960062,5.80878845  3.74784081]  [ 1.23637552 -0.78937064 -5.42991001]]
[[-5.99811553,-0.44717723  2.04992986]  [ 3.49225729  5.15249247 -4.51918439]]
[[-3.58578229,5.61999742  3.37427272]  [ 1.05732585  0.24090894 -5.79740393]]
[[,4.06450435 -3.70450606  2.68453838]  [-1.85613562  1.66016035 -5.93621111]]
[[-5.05131726,3.11150334  3.33291737]  [ 0.68022499 -5.83331244 -1.24047214]]
[[,2.5691168   1.75103313 -5.19063316]  [-4.66269011  0.19669054  2.22703328]]
[[,0.01265085  2.04748158 -5.85022183]  [ 5.25766106 -4.63200718  3.45464819]]
[[-5.643702,1.30964836 -0.25263076]  [ 1.74367057 -5.34897381  1.62782874]]
[[,0.90642153 -5.7601604   1.91376674]  [ 0.36417345  1.80654772 -4.87105907]]
[[,2.20688904 -4.70205329  5.73944747]  [-5.72744536  1.26053196 -2.1212554 ]]
[[,1.14635122 -5.45535015 -1.53140055]  [-5.27057359  3.93877337  4.23448433]]
[[-4.7344271,5.86034194  2.52625837]  [ 1.25094609  0.83719256 -5.91864823]]
[[,5.46965073 -4.25570527  2.94203526]  [-2.35225936  1.16258448 -5.34557764]]
[[,2.71849157  3.35077149 -4.53866609]  [-4.94091159 -1.12159707  1.5656542 ]]
[[,1.36302172 -5.8788029  -1.041602  ]  [-5.07204637  3.43138474  3.75581266]]
[[-5.91197011,1.7446474   3.57463132]  [ 2.74308866  1.72589283 -5.86937033]]
[[-5.17186564,2.61411815  3.19531549]  [ 2.55103421  1.38274848 -5.87631633]]
[[-0.70767263,1.98269552 -5.02403971]  [ 5.60916826 -4.11085758  2.54347962]]
[[,2.92440246 -4.30842121  3.9953694 ]  [-5.91718644  2.26000251 -0.81050051]]
[[-4.69291751,1.37952677 -0.3431825 ]  [ 2.14408305 -4.96905755  1.90745067]]
[[-1.25300526,0.27627194 -4.23366381]  [ 5.37880427 -3.81146465  2.20974298]]
[[-5.69836408,4.52287974  2.94769673]  [ 1.31541204 -2.05917663 -5.67945479]]
[[,0.86938525 -5.49584078 -1.06518944]  [-5.49639421  2.44835012  4.63738974]]
[[,3.45172379  5.54942673 -3.330531  ]  [-5.96638006 -3.44323345 -0.23157535]]
[[-5.42727197,3.10711214  2.49908134]  [ 0.93314358  0.11129655 -4.95348167]]
[[,3.73438829  4.51226362 -5.17140267]  [-5.75585432 -0.61204139  0.71982366]]
[[,4.69288479 -4.14629197  2.58047511]  [-0.08213781  0.51185594 -5.29151821]]
[[,5.98763607 -5.30998233  2.04096553]  [ 0.35018444  1.12537736 -5.95303339]]
[[,2.25377983  5.40540551 -4.67093109]  [-5.79769428 -0.30805806  1.07372425]]
[[-1.93851634,0.89772041 -5.84669356]  [ 5.94162675 -4.63834256  2.97236553]]
[[,2.09910998 -5.90594919 -1.03789834]  [-5.29291052  2.93719689  2.69647263]]
[[-5.63600049,3.43479948  1.98581765]  [ 2.53069512  0.62553205 -5.21461803]]
[[-5.31034012,0.57584649 -2.72709303]  [ 1.90141651 -3.43656507  4.82713352]]
[[-5.72008264,2.47685495 -0.77243226]  [ 2.1584827  -5.761342    3.92174444]]
[[,2.1321297  -5.49427116  2.08746162]  [ 1.29525915  2.34329176 -5.18839964]]
[[,1.66277095 -5.58360513 -1.59395378]  [-5.35429866  3.28747581  4.46339274]]
[[,4.99307188 -5.83416736  2.87545111]  [-1.40814866  0.20405899 -5.25541258]]
[[-3.62374104e-05,1.63519274e+00 -5.79560344e+00]  [ 9.93305580e-01 -4.42401421e+00  2.73517609e+00]]
[[,1.14059145 -5.85169529 -0.05024439]  [-4.08227622  1.55938185  2.98010068]]
[[,2.50134891 -5.92148898  0.62682993]  [-5.45759998  2.30105572  1.04771538]]
[[-5.48681771,2.36742662  4.22565554]  [ 1.03812884 -5.74469227 -0.67961201]]
[[,2.79165732  2.00389258 -5.92024642]  [-5.29103759  2.59453264  2.43240091]]
[[,1.53714702  1.7045635  -5.19047064]  [ 3.20509546 -5.38248664  2.98883523]]
[[,2.46529353 -5.60700517  3.54360591]  [ 0.75066131  1.97766518 -5.0038373 ]]
[[-5.75636851,0.14371422  3.27691182]  [ 3.21085512  0.43122168 -5.7951417 ]]
[[-4.00007859,3.55289509  3.61926089]  [ 0.50574917 -5.92925298 -1.04410122]]
[[-5.62170892,-3.00895187  0.70514505]  [ 2.26110423  5.35202828 -4.95951695]]
[[-1.26372885,0.69462813 -5.79129193]  [ 3.03707305 -5.65708084  2.96216636]]
[[-2.04906783,-5.77856412  0.73765747]  [ 4.8784536   3.09632319 -5.765655  ]]
[[,1.10550454 -4.67680669  3.27189897]  [-0.36073496  1.16967416 -5.60980113]]
[[,1.60269008 -4.83565459  1.67699882]  [ 2.53046654  1.58782268 -5.06501864]]
[[-5.56034703,1.91188119  5.76695611]  [ 0.51154581 -5.21480373 -3.7295169 ]]
[[,0.97780223 -1.96417295 -5.67350677]  [-5.85461796  5.32467652  2.98559619]]
[[-3.23400243,-5.03963071  2.96458267]  [ 5.96917582  2.41675458 -5.40163079]]
[[,2.16509487 -5.75438947  1.71779462]  [-5.03991922  3.32110286  5.71041404]]
[[,5.43627925 -5.5284602   2.42364421]  [-3.75901569  1.05075316 -5.62843818]]
[[,4.50255793 -5.60319517  2.22214158]  [ 4.71633758  2.20979059 -5.50781245]]
[[,3.49780511 -5.26193161  1.82308438]  [-5.44385921  2.60389573  0.2964633 ]]
[[,5.70750009  2.83217809 -5.68371808]  [ 1.37562411 -5.66462447  2.48401619]]
[[,4.84081092e-03 -4.50719593e+00  1.77237814e+00]  [ 1.14716438e+00  2.54290866e+00 -5.60726235e+00]]
[[-5.90476806,1.01740816  1.58345036]  [ 2.00098217  5.84336415 -4.85796198]]
[[,3.94099835 -4.34632813  2.95287307]  [-2.1076917   0.36615806 -5.98800889]]
[[,2.66554395 -4.95008445  5.69021818]  [-5.75040362  0.96940579 -2.03483681]]
[[,0.12448531 -3.24335135 -4.72121275]  [-5.88648217  5.4248637   1.99779702]]
[[-2.2200156,0.67249326 -5.62441241]  [ 5.07540483 -5.66975716  1.26826571]]
[[,0.22656577 -2.66030882 -5.32482878]  [-4.11944073  5.33284035  3.63044264]]
[[-5.9808725,-1.98939815  2.87434212]  [ 3.71079879  4.7112023  -5.94503415]]
[[,5.78718978 -4.78128715  2.00811418]  [-3.52929314  1.44582593 -5.90801112]]
[[-0.35907739,5.98105976  2.47451782]  [-0.12478579 -3.03283062 -4.94291872]]
[[,4.35241504  2.15598398 -5.91645481]  [-0.52599813 -5.06416708  1.05882045]]
[[,2.43773893  3.82531477 -5.24078766]  [-5.8554837  -1.74447138  0.65257685]]
[[,5.95538997 -5.66745986  2.40978149]  [-3.33890235  0.96713929 -5.4443519 ]]
[[,2.93657318 -5.8020378   2.93903574]  [-5.88919957  0.86189296 -0.42437495]]
[[-4.99052745,2.31354382  4.69455483]  [ 2.81311077 -5.39146963  1.19448823]]
[[,4.49445961 -5.53207757  3.26855603]  [-1.85569885  2.31942178 -5.74398778]]
[[,4.59313252  1.81123749 -4.65850765]  [-1.40549135 -5.04776274  1.32432725]]
[[-5.64519082,4.02753289  1.88126371]  [ 2.83917499  4.99319927 -5.63549124]]
[[-5.59429488,-0.57309061  2.68642742]  [ 2.15408603  3.83240302 -5.67618195]]
[[,3.77112393  4.25729104 -5.12069083]  [-5.8999461   0.76407569  2.07992291]]
[[,3.76604187 -4.44191317  2.79900302]  [-5.94253018  1.80674756  0.07248104]]
[[-5.53701321,-2.78961819 -0.14225032]  [ 2.69251662  4.79155151 -4.33508745]]
[[,2.87025077  0.33720353 -5.1855766 ]  [-4.62573691  0.4085502   2.54247119]]
