[[-5.64758808,5.46102224  2.7459487 ]  [ 2.16714435 -1.75255268 -5.83491325]]
[[,0.80071546  2.03968543 -5.78789984]  [ 1.74751936 -4.7487482   2.01572264]]
[[-1.95400604,-5.80482206  1.00380445]  [ 4.31698103  2.30831786 -4.02724952]]
[[,3.39651988  5.01986709 -3.45979616]  [-5.55428982 -1.61462376  1.05393147]]
[[,5.39240978  2.60430008 -4.12097474]  [-1.79217875 -5.34451303  0.2003215 ]]
[[,2.57033846  3.18307181 -5.05537679]  [-5.50291625  1.90550325  2.77874689]]
[[-4.64182375,3.20716649  3.77439343]  [ 0.67180063 -5.74263176 -1.35452108]]
[[-5.77184321,5.59691279  3.16742562]  [ 2.79977519  5.16774096 -5.40190394]]
[[,3.05769785 -5.61362471  5.83381383]  [-5.39509841  0.32293513 -2.09264706]]
[[-4.7169845,2.61514138  4.61457364]  [ 1.35379019 -5.41909864 -1.19993903]]
[[,2.69723188  5.45829156 -5.20555918]  [-5.75062569 -3.02603735  1.69941111]]
[[-5.48746516,5.53980553  2.46454144]  [ 1.94379487 -1.97331009 -5.98958349]]
[[-0.4799365,2.0322935  -5.56613902]  [ 5.78790761 -5.83987154  2.11569545]]
[[,1.19934624 -0.98425151 -5.34636572]  [-4.96511034  4.87952093  3.89604894]]
[[,2.09438725 -5.56684866 -1.60947859]  [-5.62446829  2.59154712  4.68991196]]
[[,0.69436459 -5.6488767   1.69382538]  [ 4.94733824  2.1167484  -5.3293469 ]]
[[,2.86270647 -5.94230069 -0.69264187]  [-4.72254556  2.99855882  5.88601544]]
[[,5.52025799  3.23877758 -5.15778541]  [ 1.01410492 -5.17792492  1.88763766]]
[[-1.33809157,-5.09116529  1.15843097]  [ 5.99183265  2.12658945 -5.05970608]]
[[,1.46941437  5.73530526 -3.50913128]  [-5.68297945 -1.31418056  0.67412456]]
[[,1.99921008 -3.97583254  3.50342683]  [-5.14185425  1.68211256  0.09158706]]
[[-5.40765407e+00,5.04917477e-03  1.88167222e+00]  [ 3.44573579e+00  5.32823040e+00 -5.67326379e+00]]
[[,2.9198765  -2.70907878 -5.74659422]  [-5.40730246  5.23392284  2.40020049]]
[[,2.89683254 -5.49786319  5.87158488]  [-5.71963834  2.38282375 -1.67907874]]
[[-5.39915206,-1.69446815  0.96713515]  [ 2.46416139  4.64643053 -5.4905443 ]]
[[,0.90242928 -5.70173988 -0.02080684]  [-4.27606473  2.53577436  5.03468239]]
[[,4.98395332 -4.44026403  3.33153309]  [-1.61878266  1.05835622 -5.94858229]]
[[,2.88870974 -5.29412416  5.50467094]  [-5.72774895  0.7562636  -2.98857424]]
[[,2.77551805 -5.92303002  5.83675634]  [-5.06387466  1.47828743 -3.85367941]]
[[-4.28143387,4.25885058  2.48732238]  [ 2.02875538  0.28209977 -5.96874891]]
[[,0.43240341  0.8839004  -5.23276108]  [ 4.42235725 -4.1444759   2.88285728]]
[[,1.78168525  1.14112469 -5.09665327]  [-4.77943139  5.13978707  2.40399591]]
[[-5.06237263,-1.76687815  1.46082816]  [ 2.85393196  5.20352016 -4.04323678]]
[[,2.91753324 -4.99324598  3.94320827]  [-5.78499343  1.37760772 -1.38100013]]
[[,3.36363858 -4.63926969  5.6956473 ]  [-5.91429976  1.95739538 -0.0961943 ]]
[[,1.44273717 -5.98687808 -0.07948881]  [-5.2093063   4.6202396   3.74310252]]
[[,3.54133223  0.26184668 -5.36270621]  [-5.93534968  1.54957895  2.99060349]]
[[,1.17585306 -5.73128589 -0.54587001]  [-4.46696904  1.80031371  5.36128366]]
[[,0.7878835  -0.39205178 -5.71094906]  [-5.58318695  4.54278636  2.25401108]]
[[-5.86154781,0.19228234 -1.45463862]  [ 3.04814732 -4.77500678  5.19695378]]
[[-4.95712044,2.60807584  2.64984673]  [ 2.19896932  0.82240278 -5.26409423]]
[[,2.91618906  4.75580336 -5.91430918]  [-5.72972239 -2.4145615   2.90531632]]
[[,3.43598633  5.88194593 -5.16658429]  [-5.81417312 -1.39521774  1.40083366]]
[[,2.21232554 -5.59087549  2.94787244]  [-5.99254434  3.07395209  1.65097283]]
[[-2.5704296,4.84545406  2.52147377]  [ 0.55259584 -1.32893641 -5.04541374]]
[[-3.85577322,2.38972035  3.24402783]  [ 1.06852854 -0.60798554 -5.66147713]]
[[,3.10905628  5.37830356 -4.10466484]  [-5.25917189 -0.55337748  0.62385794]]
[[-0.29304923,-4.74757968  1.02444177]  [ 3.05535311  2.83855428 -4.16685803]]
[[-1.47490068,-5.30036912  1.00805052]  [ 5.6704759   2.28011008 -5.78694233]]
[[,1.67550951 -0.09583726 -5.35966046]  [-4.25695217  3.10667559  2.37016597]]
[[,0.71033532 -5.76556714 -0.20295987]  [-3.45683082  2.69095952  4.35250682]]
[[-1.86066359,-5.81200849  0.88696895]  [ 5.37611733  2.69309483 -4.45665083]]
[[,2.51712728  3.0982823  -5.7658078 ]  [-5.93830632  0.11835049  2.17967947]]
[[,1.54233949 -5.11435231  2.6944891 ]  [ 2.28291675  2.83949519 -5.98854356]]
[[-5.04647523,2.31867666  5.49191385]  [ 2.09693283 -5.22650661 -0.74245405]]
[[,1.67616765  0.46898937 -5.91364607]  [-5.65011987  3.96248589  2.88628251]]
[[-5.81140743,0.10480907 -2.40224938]  [ 3.43763435 -0.63413846  5.40264829]]
[[,2.12995173  3.09793147 -4.85027453]  [-5.68731574 -0.89571529  0.22021857]]
[[-5.88193118,0.59088414  2.3798645 ]  [ 3.77123098  4.17472697 -5.23413435]]
[[,2.71110041 -5.80675826  1.50101893]  [-5.92044145  4.29045152  1.2157468 ]]
[[,1.8984611  -5.88279418 -0.60579753]  [-5.22728126  1.46356285  3.79222903]]
[[,2.59456825 -3.9864178   4.8393217 ]  [-5.39548648  1.20805639 -0.58674947]]
[[,3.52318059  3.94590553 -4.9510496 ]  [-5.80158789 -1.94350681  2.45789247]]
[[,2.07456484  4.46920637 -5.23286025]  [-5.40709965 -1.11759814  1.5869632 ]]
[[,2.62146313  2.54945913 -5.91403219]  [-5.55309705  1.33460207  3.13158818]]
[[,4.59208751  2.8155612  -5.41852131]  [ 0.07912359 -5.87767618  1.06898048]]
[[-5.21315449,1.70481598  0.79477521]  [ 2.75783732 -4.9092766   2.34405095]]
[[,0.40920924  1.11226159 -5.82130654]  [ 2.66820913 -4.8949412   2.63437935]]
[[,3.39936391  2.43920181 -5.46892311]  [-5.83065098 -0.01210557  1.56491091]]
[[,4.62635999 -5.80308205  2.44335114]  [ 0.72997202  1.74620727 -5.35381203]]
[[,2.0434629  -5.61179321  3.8909667 ]  [ 0.5064134   1.68049168 -5.44888945]]
[[,3.40851975  4.75504521 -4.75899292]  [-5.93453558 -2.88286953  1.23128168]]
[[,2.80705598  1.16559841 -4.72816314]  [-5.42164264  0.78394827  2.43058823]]
[[,4.81222049  3.4908883  -5.8820024 ]  [-1.61366196 -5.65296355  1.10910314]]
[[-5.85861005,2.65522497  3.92025025]  [ 3.18799309 -5.0469482  -0.46496388]]
[[-5.68126666,0.19783738  2.8498549 ]  [ 1.33022208  0.66941356 -5.43587042]]
[[-5.88909392,2.32369449  5.74338003]  [ 2.49626936 -5.78437858  0.65413384]]
[[-5.60318145,1.76511704  1.14980152]  [ 2.56925652 -5.69697019  1.91149065]]
[[-5.37572383,3.05854543  3.81962491]  [ 1.27217668 -5.47294282 -0.03362139]]
[[,1.62679448  0.44689553 -4.79017978]  [-5.04591009  1.08662804  2.46905959]]
[[,0.1891452   1.28047329 -5.23806612]  [ 1.52334224 -5.62244369  2.42536191]]
[[-2.88305034,-5.86018819  0.06422103]  [ 5.08852176  1.78691965 -4.81986033]]
[[-4.51939036,0.66393966 -1.77828475]  [ 1.99517941 -3.60766388  5.74928676]]
[[-5.88448062,2.16677662  4.19652499]  [ 2.31163128 -5.96036854 -2.37983023]]
[[,4.1569246  -2.72122832  2.14476922]  [-0.91853337  0.69844124 -5.08639081]]
[[,2.57892937 -4.04249852  5.70017898]  [-5.36189849  0.14665625 -3.97325522]]
[[-1.72975362,-5.06164672  0.53890572]  [ 5.13171625  2.05812098 -3.99935238]]
[[-0.61964845,1.05832977 -5.45491522]  [ 5.15120414 -4.54708585  2.07858142]]
[[,0.73169106  1.51930038 -5.58430297]  [ 2.33790332 -5.69441777  2.963975  ]]
[[-5.36522939,2.14628252  5.1462876 ]  [ 3.32703646 -5.4453498  -0.49849888]]
[[-5.93893211,1.47263592  1.76311073]  [ 3.21065123 -5.94540852  2.32464227]]
[[-5.7018474,2.89979573  0.58752914]  [ 2.97682976 -5.681407    2.0958331 ]]
[[,2.2345239  -3.25379179 -5.80366862]  [-5.58241888  5.39521228  2.7350755 ]]
[[-5.836585,2.26266112  3.12705392]  [ 1.46940781 -0.47536355 -5.70287659]]
[[-4.6519939,2.89772548  5.80896635]  [ 0.67655594 -5.9084118  -1.67294856]]
[[-5.8956756,3.66513894  3.63924974]  [ 1.55115689 -5.88191347 -0.83974823]]
[[-5.68900468,5.08735776  2.62386102]  [ 1.48402509 -0.51248303 -5.24451776]]
[[-0.97837222,-5.84259753  1.60215783]  [ 5.27750223  3.95216476 -3.37752167]]
[[-5.8434026,-0.40927948  1.48487247]  [ 2.46002766  2.56301012 -4.54378088]]
[[-1.54673567,2.89573567 -5.30269592]  [ 4.80578568 -4.77818465  2.82051751]]
[[,5.04732304 -5.73522768  2.05552359]  [ 2.60293093  3.15006072 -5.89467427]]
[[,2.80085617  2.70087818 -5.92944163]  [-0.75825581 -5.65109183  3.10316788]]
[[,4.39745775  3.59375943 -5.06920665]  [-0.08214848 -5.8423301   1.89327239]]
[[-4.67739754,4.15288635  2.38906662]  [ 1.25767631 -0.29740097 -5.6565292 ]]
[[,0.26538306 -5.74423629 -2.26036384]  [-5.65203914  2.48639568  3.63805015]]
[[-4.96164303,2.85616999  3.86787697]  [ 1.26596698 -5.06534388 -0.97462433]]
[[-0.09278563,-1.84806217 -5.50664192]  [-5.63028189  5.06132863  3.71833973]]
[[,5.4557152  -5.64094852  3.0276152 ]  [-3.59770047  0.586609   -5.35154327]]
[[,1.34659919 -5.98877262  1.66280263]  [ 4.10558555  2.30477689 -4.20071305]]
[[,1.50554267 -0.35877185 -5.54258826]  [-5.36873264  5.1644062   2.12113977]]
[[-1.6821398,-5.08754938  0.30770255]  [ 5.24359317  1.88649424 -3.69303458]]
[[,1.91175617 -5.74506705  0.97300857]  [-5.89881299  2.15281574  2.63985549]]
[[,2.5472346   4.58372928 -4.94505696]  [-5.80608054 -1.76443043  0.15870971]]
[[,2.68768226 -3.21654583 -5.95826389]  [-5.78079241  5.00401597  2.62530356]]
[[,2.58818223 -4.2499563   3.14790819]  [-4.88587867  1.08655964 -0.71271374]]
[[,1.10987468 -5.47819881  0.63300684]  [-5.59390975  2.18873408  5.01882113]]
[[-0.05784999,-5.72463894  1.21051353]  [ 3.91208069  2.75682704 -3.91098077]]
[[,2.02480804 -5.47247163  3.83834995]  [-5.01088455  0.55753158 -1.50175712]]
[[,1.08437731 -5.52878109 -2.13976931]  [-5.05945588  3.56802271  5.34678368]]
[[,2.63376834 -5.79696481  0.22196347]  [-5.65481094  3.71172802  1.89196383]]
[[-5.56311949,0.53256342  1.46297685]  [ 1.78917882  0.2295298  -5.75578475]]
[[,0.76374288 -5.8099202  -2.34309424]  [-5.12791917  1.85202454  4.44501701]]
[[-5.92664234,5.26240352  2.3282711 ]  [ 1.94892423 -1.92188383 -5.37505839]]
[[-4.98759532,-2.80140731  0.1747097 ]  [ 2.74607401  5.99741114 -3.43012144]]
[[-4.84161461,2.95164158  2.03424346]  [ 1.40876897  1.57077742 -5.05130217]]
[[,2.63683822 -5.61529725  0.76799369]  [-5.7929515   2.83454717  4.01505577]]
[[,3.36056148 -2.55907099  5.08455315]  [-5.76140065  0.24286157 -1.5196845 ]]
[[-5.60079337,-2.79970025  1.62257363]  [ 2.60306915  5.87671854 -4.95647516]]
[[-5.96505335,2.62676261  5.4163406 ]  [ 0.92168952 -5.5285605  -1.36659768]]
[[,5.36132458 -4.04438333  2.66437057]  [-1.13357823  0.59436061 -5.77439904]]
[[,4.3781789  -5.53391929  3.06101272]  [-0.12278153  2.21332447 -5.83934153]]
[[-2.41958445,-5.71723626  1.83098676]  [ 5.58493155  2.46383958 -4.06675149]]
[[-5.89878653,2.06895777  0.60609092]  [ 2.58930349 -5.88090922  4.0269346 ]]
[[-4.80960062,5.80878845  3.74784081]  [ 1.23637552 -0.78937064 -5.42991001]]
[[-5.99811553,-0.44717723  2.04992986]  [ 3.49225729  5.15249247 -4.51918439]]
[[-3.58578229,5.61999742  3.37427272]  [ 1.05732585  0.24090894 -5.79740393]]
[[,4.06450435 -3.70450606  2.68453838]  [-1.85613562  1.66016035 -5.93621111]]
[[-5.05131726,3.11150334  3.33291737]  [ 0.68022499 -5.83331244 -1.24047214]]
[[,2.5691168   1.75103313 -5.19063316]  [-4.66269011  0.19669054  2.22703328]]
[[,0.01265085  2.04748158 -5.85022183]  [ 5.25766106 -4.63200718  3.45464819]]
[[-0.35095888,2.32093401 -4.99329763]  [ 2.83857826 -5.70333859  3.06046931]]
[[,2.20405869 -5.52028569 -0.31325483]  [-5.94739955  2.06529846  4.02108394]]
[[,0.27692192 -2.88393269 -5.93706625]  [-4.33420746  5.58584218  4.03854669]]
[[-5.643702,1.30964836 -0.25263076]  [ 1.74367057 -5.34897381  1.62782874]]
[[-4.02915795,5.45026331  3.52091192]  [ 1.21460548 -0.93678554 -5.86378376]]
[[,0.90642153 -5.7601604   1.91376674]  [ 0.36417345  1.80654772 -4.87105907]]
[[-1.34423615,0.34943874 -5.68913956]  [ 3.84661422 -5.41396107  1.83455959]]
[[,1.02311043  2.81178511 -4.73027478]  [ 0.81918007 -4.56455194  2.07785613]]
[[,0.73598641  1.37180606 -5.01657618]  [ 1.32580352 -5.29398714  2.77341359]]
[[,2.20688904 -4.70205329  5.73944747]  [-5.72744536  1.26053196 -2.1212554 ]]
[[,3.59970308  4.8274658  -5.7461577 ]  [-5.9103585  -2.01302776  1.37271734]]
[[,1.14635122 -5.45535015 -1.53140055]  [-5.27057359  3.93877337  4.23448433]]
[[,5.65266096 -5.68420389  2.70639791]  [-1.91844436  2.51794298 -4.70186258]]
[[-3.9015319,3.30867403  5.18315968]  [ 0.90197317 -5.51255464 -2.06243405]]
[[-5.82926942,1.54019148 -0.28232073]  [ 2.46890109 -3.78821301  3.0184257 ]]
[[-4.7344271,5.86034194  2.52625837]  [ 1.25094609  0.83719256 -5.91864823]]
[[,5.46965073 -4.25570527  2.94203526]  [-2.35225936  1.16258448 -5.34557764]]
[[,2.71849157  3.35077149 -4.53866609]  [-4.94091159 -1.12159707  1.5656542 ]]
[[,2.10886358  2.12614453 -5.58755693]  [-5.73292603  0.51225894  3.34754791]]
[[,4.26015335 -5.78787909  2.53835386]  [ 1.02728089  2.98708271 -5.81895584]]
[[,1.36302172 -5.8788029  -1.041602  ]  [-5.07204637  3.43138474  3.75581266]]
[[-4.77724695,1.42660968 -1.43769546]  [ 2.13640144 -5.70407088  5.15210637]]
[[-2.80962632,-5.95386832  3.02290703]  [ 5.51243021  1.87634006 -5.60255043]]
[[-5.91197011,1.7446474   3.57463132]  [ 2.74308866  1.72589283 -5.86937033]]
[[-5.17186564,2.61411815  3.19531549]  [ 2.55103421  1.38274848 -5.87631633]]
[[-0.70767263,1.98269552 -5.02403971]  [ 5.60916826 -4.11085758  2.54347962]]
[[,2.92440246 -4.30842121  3.9953694 ]  [-5.91718644  2.26000251 -0.81050051]]
[[-5.69878566,2.36465763  5.59411091]  [ 1.05734696 -4.84388355 -2.47787303]]
[[-4.69291751,1.37952677 -0.3431825 ]  [ 2.14408305 -4.96905755  1.90745067]]
[[-1.25300526,0.27627194 -4.23366381]  [ 5.37880427 -3.81146465  2.20974298]]
[[-5.69836408,4.52287974  2.94769673]  [ 1.31541204 -2.05917663 -5.67945479]]
[[,0.06475271 -5.90906235  1.29652355]  [ 1.79057998  2.71834288 -4.44218299]]
[[,0.86938525 -5.49584078 -1.06518944]  [-5.49639421  2.44835012  4.63738974]]
[[,3.45172379  5.54942673 -3.330531  ]  [-5.96638006 -3.44323345 -0.23157535]]
[[,4.84211102 -2.63450985  2.12829034]  [-0.54121713  0.50104937 -5.92448522]]
[[,5.90150341 -5.17992889  2.9909294 ]  [-2.94055482  1.9965169  -5.61307786]]
[[-5.42727197,3.10711214  2.49908134]  [ 0.93314358  0.11129655 -4.95348167]]
[[,2.23419912  3.5286942  -5.71864574]  [-0.37588866 -5.90876336  0.81980793]]
[[,3.73438829  4.51226362 -5.17140267]  [-5.75585432 -0.61204139  0.71982366]]
[[,4.69288479 -4.14629197  2.58047511]  [-0.08213781  0.51185594 -5.29151821]]
[[,5.98763607 -5.30998233  2.04096553]  [ 0.35018444  1.12537736 -5.95303339]]
[[-5.68824091,0.75354443  1.77162298]  [ 3.6278147   1.03199893 -5.13629559]]
[[,2.25377983  5.40540551 -4.67093109]  [-5.79769428 -0.30805806  1.07372425]]
[[-5.37546732,0.38996052 -1.66804318]  [ 3.41061338 -5.28486437  5.88200526]]
[[-1.93851634,0.89772041 -5.84669356]  [ 5.94162675 -4.63834256  2.97236553]]
[[,3.01705858  1.01831658 -5.59890515]  [-4.84462213  0.39333534  2.8314771 ]]
[[,2.09910998 -5.90594919 -1.03789834]  [-5.29291052  2.93719689  2.69647263]]
[[-5.63600049,3.43479948  1.98581765]  [ 2.53069512  0.62553205 -5.21461803]]
[[-5.31034012,0.57584649 -2.72709303]  [ 1.90141651 -3.43656507  4.82713352]]
[[-5.72008264,2.47685495 -0.77243226]  [ 2.1584827  -5.761342    3.92174444]]
[[,2.1321297  -5.49427116  2.08746162]  [ 1.29525915  2.34329176 -5.18839964]]
[[,1.66277095 -5.58360513 -1.59395378]  [-5.35429866  3.28747581  4.46339274]]
[[,4.99307188 -5.83416736  2.87545111]  [-1.40814866  0.20405899 -5.25541258]]
[[,1.44148035 -5.8970325   3.0598566 ]  [ 0.26202051  1.82070057 -5.76852399]]
[[,3.0122129   5.20994327 -3.99291477]  [-5.87221779 -0.0764789   0.9967283 ]]
[[,1.22463959 -5.62163554 -0.74283705]  [-5.7090746   1.95262287  3.4593277 ]]
[[,0.59750167 -5.20521526 -1.3995432 ]  [-3.7058312   1.54577965  5.72605941]]
[[,2.87679787  4.38129457 -5.97094032]  [-5.10795337 -1.28959351  1.17216933]]
[[-3.62374104e-05,1.63519274e+00 -5.79560344e+00]  [ 9.93305580e-01 -4.42401421e+00  2.73517609e+00]]
[[,1.14059145 -5.85169529 -0.05024439]  [-4.08227622  1.55938185  2.98010068]]
[[-5.5981961,2.58589672  4.64243109]  [ 2.30070635 -5.1460106  -1.06358684]]
[[,2.50134891 -5.92148898  0.62682993]  [-5.45759998  2.30105572  1.04771538]]
[[-5.48681771,2.36742662  4.22565554]  [ 1.03812884 -5.74469227 -0.67961201]]
[[,2.79165732  2.00389258 -5.92024642]  [-5.29103759  2.59453264  2.43240091]]
[[,1.53714702  1.7045635  -5.19047064]  [ 3.20509546 -5.38248664  2.98883523]]
[[,2.46529353 -5.60700517  3.54360591]  [ 0.75066131  1.97766518 -5.0038373 ]]
[[-5.80764302,0.01121651  1.3084221 ]  [ 1.47142617  4.06849262 -4.59998485]]
[[-4.8375755,0.99092593  2.70823647]  [ 1.72295328  3.88617372 -5.53290602]]
[[-4.66508726,5.22524638  1.81797373]  [ 1.56736488  0.67907203 -5.16915166]]
[[-4.90352715,2.80200204  4.58798806]  [ 1.90741921 -5.66208575  1.77263181]]
[[-5.47928548,-1.01095387  0.99157105]  [ 2.24521476  5.35318584 -4.97733871]]
[[-5.75636851,0.14371422  3.27691182]  [ 3.21085512  0.43122168 -5.7951417 ]]
[[-4.00007859,3.55289509  3.61926089]  [ 0.50574917 -5.92925298 -1.04410122]]
[[-5.62170892,-3.00895187  0.70514505]  [ 2.26110423  5.35202828 -4.95951695]]
[[-1.26372885,0.69462813 -5.79129193]  [ 3.03707305 -5.65708084  2.96216636]]
[[,1.61010047  1.21460671 -4.82478539]  [-4.93727112  2.73583533  2.06445608]]
[[,0.9345235  -5.80276359 -3.3674865 ]  [-5.47463719  2.61004202  5.73658184]]
[[-4.92086948,2.53788317  5.64828082]  [ 1.58370713 -5.10772416  0.04199232]]
[[-2.04906783,-5.77856412  0.73765747]  [ 4.8784536   3.09632319 -5.765655  ]]
[[,1.15460635  0.75418997 -5.87298556]  [-4.20088986  1.78076838  1.68026956]]
[[,1.10550454 -4.67680669  3.27189897]  [-0.36073496  1.16967416 -5.60980113]]
[[-2.47163013,-0.14681391 -5.93790487]  [ 5.56123552 -2.55362508  2.15861741]]
[[,1.60269008 -4.83565459  1.67699882]  [ 2.53046654  1.58782268 -5.06501864]]
[[-5.56034703,1.91188119  5.76695611]  [ 0.51154581 -5.21480373 -3.7295169 ]]
[[,0.97780223 -1.96417295 -5.67350677]  [-5.85461796  5.32467652  2.98559619]]
[[-3.23400243,-5.03963071  2.96458267]  [ 5.96917582  2.41675458 -5.40163079]]
[[-5.89816252,2.43584997  0.27129255]  [ 2.41352491 -5.72527326  5.34201316]]
[[,2.1737949  -5.89662077  3.46566517]  [-5.33679178  0.99164599  1.10355314]]
[[,3.19548671 -2.24638131 -5.90531665]  [-5.20866092  4.88922922  2.8888268 ]]
[[,2.16509487 -5.75438947  1.71779462]  [-5.03991922  3.32110286  5.71041404]]
[[-5.93490857,1.85678914  1.04775323]  [ 1.38958301 -4.7514748  -0.12859109]]
[[,5.43627925 -5.5284602   2.42364421]  [-3.75901569  1.05075316 -5.62843818]]
[[,4.50255793 -5.60319517  2.22214158]  [ 4.71633758  2.20979059 -5.50781245]]
[[,2.93551184  3.33930121 -5.69456149]  [-0.49930202 -5.91071649  1.5756951 ]]
[[,3.49780511 -5.26193161  1.82308438]  [-5.44385921  2.60389573  0.2964633 ]]
[[,0.75954269 -2.46025327 -4.96656454]  [-4.23771483  5.33257451  2.06890558]]
[[,5.70750009  2.83217809 -5.68371808]  [ 1.37562411 -5.66462447  2.48401619]]
[[-5.72998843,2.52167652 -2.33518274]  [ 2.65639666 -5.87186532  5.17348962]]
[[,4.84081092e-03 -4.50719593e+00  1.77237814e+00]  [ 1.14716438e+00  2.54290866e+00 -5.60726235e+00]]
[[,3.02990387 -5.19090117  1.71549364]  [-5.76219968  3.25623877  0.46986329]]
[[-5.38746112,1.52870506 -0.22788788]  [ 2.65025491 -5.43865337  0.9944844 ]]
[[-5.90476806,1.01740816  1.58345036]  [ 2.00098217  5.84336415 -4.85796198]]
[[,1.60480018 -5.89100583 -1.90007785]  [-5.79128038  3.88258174  5.25759486]]
[[,3.94099835 -4.34632813  2.95287307]  [-2.1076917   0.36615806 -5.98800889]]
[[,2.21059236  5.9887968  -5.56052244]  [-4.90042285  0.33881135  1.42084821]]
[[-2.6837575,-0.20568813 -5.0388283 ]  [ 5.64943159 -3.9403213   2.98547228]]
[[,2.185835    4.63055278 -4.61996216]  [-5.59150739 -0.82853791  0.92471757]]
[[,2.66554395 -4.95008445  5.69021818]  [-5.75040362  0.96940579 -2.03483681]]
[[,3.33446842 -5.61962836  5.3181593 ]  [-5.87735814  1.04625652 -2.84877569]]
[[-2.2040829,-5.14404906  0.69855648]  [ 4.79294859  2.50908794 -5.17223248]]
[[,0.12448531 -3.24335135 -4.72121275]  [-5.88648217  5.4248637   1.99779702]]
[[-5.83113406,3.20480965  5.72923654]  [ 0.69485462 -5.79005358 -1.24086864]]
[[,2.4873689  -5.43460688  4.48285112]  [-5.77644982  0.91189368 -0.73787474]]
[[-2.2200156,0.67249326 -5.62441241]  [ 5.07540483 -5.66975716  1.26826571]]
[[,2.72225265 -5.45806216  2.69573616]  [ 0.3917946   1.71990221 -4.93650125]]
[[,0.22656577 -2.66030882 -5.32482878]  [-4.11944073  5.33284035  3.63044264]]
[[-5.9808725,-1.98939815  2.87434212]  [ 3.71079879  4.7112023  -5.94503415]]
[[,5.78718978 -4.78128715  2.00811418]  [-3.52929314  1.44582593 -5.90801112]]
[[-0.35907739,5.98105976  2.47451782]  [-0.12478579 -3.03283062 -4.94291872]]
[[,4.35241504  2.15598398 -5.91645481]  [-0.52599813 -5.06416708  1.05882045]]
[[,2.43773893  3.82531477 -5.24078766]  [-5.8554837  -1.74447138  0.65257685]]
[[,5.95538997 -5.66745986  2.40978149]  [-3.33890235  0.96713929 -5.4443519 ]]
[[,2.93657318 -5.8020378   2.93903574]  [-5.88919957  0.86189296 -0.42437495]]
[[,0.01358426 -1.43539885 -4.83157085]  [-3.9151434   5.20900971  2.08565715]]
[[-4.99052745,2.31354382  4.69455483]  [ 2.81311077 -5.39146963  1.19448823]]
[[-5.62441073,1.3477587   0.84183525]  [ 1.60973119 -4.84996117  1.92294708]]
[[,1.53708589 -4.84372422  4.07278495]  [-5.24752087  1.67127667  5.42887394]]
[[,4.49445961 -5.53207757  3.26855603]  [-1.85569885  2.31942178 -5.74398778]]
[[-3.55110181,2.23145658  4.71284861]  [ 0.44299088 -4.64885051 -2.02054393]]
[[,4.59313252  1.81123749 -4.65850765]  [-1.40549135 -5.04776274  1.32432725]]
[[-5.64519082,4.02753289  1.88126371]  [ 2.83917499  4.99319927 -5.63549124]]
[[-3.84088297,4.91736068  2.39814637]  [ 0.4449696  -2.11025631 -4.73735165]]
[[,2.21903869 -3.78460573  5.75028493]  [-5.83243444  1.01373454 -0.78760185]]
[[,1.52076587 -5.43928788 -1.63313568]  [-5.35039715  2.76321932  4.28087161]]
[[-5.59429488,-0.57309061  2.68642742]  [ 2.15408603  3.83240302 -5.67618195]]
[[,3.77112393  4.25729104 -5.12069083]  [-5.8999461   0.76407569  2.07992291]]
[[,3.76604187 -4.44191317  2.79900302]  [-5.94253018  1.80674756  0.07248104]]
[[-5.53701321,-2.78961819 -0.14225032]  [ 2.69251662  4.79155151 -4.33508745]]
[[-4.91315514,2.90443884  4.94141343]  [ 1.8557046  -5.70279553  0.30022133]]
[[,2.87025077  0.33720353 -5.1855766 ]  [-4.62573691  0.4085502   2.54247119]]
[[,0.81337417 -4.88735757  2.82396138]  [ 1.57723293  1.8764364  -5.87988167]]
[[-5.86539681,2.99630708 -1.36227295]  [ 2.16578476 -5.77271942  4.54458703]]
[[,5.55675417 -5.70438485  2.77181669]  [-0.92344342  1.21360427 -5.95405942]]
[[,0.69651582 -5.40156433  3.27186715]  [ 4.97147965  2.58468249 -5.69388777]]
[[-5.84605114,-1.51478657  1.0649239 ]  [ 2.50185662  4.07286809 -5.67540695]]
[[,1.44160947 -1.46774633 -4.23329844]  [-4.77734745  5.36007863  2.29081133]]
[[,1.40551963 -5.45509522 -3.60437025]  [-4.47212154  2.35724744  5.7528656 ]]
[[,3.93098853 -5.93626034  2.39657025]  [-0.12207029  2.45057247 -5.09471607]]
[[-5.98313905,5.06052233  2.28982919]  [ 1.11712739 -0.1633327  -5.87770848]]
[[,4.77816296 -4.01456552  2.48422678]  [-1.43128389  1.43895293 -4.9560627 ]]
[[-5.71120937,3.37326826  5.32747735]  [ 3.70171245 -5.53646362 -1.27538513]]
[[-5.72637566,1.21405645  2.83127277]  [ 3.78650249  4.52682296 -5.45160014]]
[[-5.88335172,-1.68285046  1.48773079]  [ 3.79959838  4.89140659 -5.67139815]]
[[,3.4008061   5.25632941 -5.94891404]  [-5.99827055 -0.33178866  1.62668311]]
[[-4.63915123,5.79144368  2.25335226]  [ 1.8244159  -3.32493401 -5.31159166]]
[[,2.66780364  3.00514174 -5.69149072]  [-0.36332113 -5.83695078  2.60227332]]
[[-4.13277078,3.24703955  4.69121406]  [ 0.46568648 -5.92777781 -1.16026656]]
[[-0.97498438,-5.83252977  1.15657154]  [ 5.20119735  3.7551479  -4.76406597]]
[[,4.40862728 -5.79051765  2.3779523 ]  [ 0.99244386  2.39823142 -5.5284998 ]]
[[,0.18547815 -5.63001316 -2.59740688]  [-3.15417911  2.180742    5.28236117]]
[[,3.65130161 -5.70476133  2.24077029]  [ 0.44829786  1.40237187 -4.52570677]]
[[,5.61689984  2.95739564 -3.87554996]  [-1.98443635 -5.48541034  0.91949254]]
[[-4.24331484,3.43948595  1.93636908]  [ 1.35577002 -5.39189379 -0.39753221]]
[[,3.69627563  5.19946297 -5.07013624]  [-5.70963991 -1.45937291  1.357078  ]]
[[-5.75965546,1.69378389 -0.52869107]  [ 2.48777556 -5.24841068  2.01425797]]
[[,5.18570844  3.21863818 -5.90928941]  [ 0.72558786 -5.46695793  1.98609426]]
[[,2.66957178 -5.21418403  3.05073458]  [-0.76483493  0.89142928 -5.92651376]]
[[-1.88483994,1.04029126 -5.57791328]  [ 3.38932573 -5.54558625  3.03059188]]
[[-2.36264636,-5.81062465  0.0999772 ]  [ 5.36938129  2.65386072 -5.66473826]]
[[,1.70228463 -5.21364789 -1.54782537]  [-5.43498343  2.01477896  5.16167566]]
[[,0.74079398  2.35666031 -5.28928237]  [ 1.13247571 -4.9352236   2.9282834 ]]
[[-5.44858933,0.77837845  2.30945895]  [ 2.90631858  5.89717857 -5.301133  ]]
[[,0.84578046 -5.90711888  1.2830606 ]  [ 4.29014774  3.22303473 -4.54208772]]
[[,0.14175408 -4.84829346 -2.09632059]  [-2.79040534  2.32764377  5.06432502]]
[[-5.21896587,5.78887979  2.61095487]  [ 1.85313398 -2.11809979 -5.72223419]]
[[-5.34461398,2.17927448  1.28611546]  [ 2.49742529 -5.01454004  2.11759885]]
[[,2.41237334 -5.60671521  5.92712402]  [-5.28075245  0.7153721  -2.02928308]]
[[-4.24685008,2.00062195  3.85113739]  [ 1.78293198 -4.75307159  2.02284961]]
[[-0.251785,-5.32007977  2.65897417]  [ 5.88956324  2.78804154 -5.44957258]]
[[-4.62381351,2.10907269  4.99638817]  [ 1.21546232 -5.79262638 -1.2581221 ]]
[[-2.36684764,0.27341273 -5.71008066]  [ 4.69526071 -5.05958562  2.9997584 ]]
[[,0.45462877 -5.49816318  2.22046655]  [ 0.4167717   3.43758813 -5.25436346]]
[[-2.10944752,0.56121448 -5.32422904]  [ 4.37148404 -3.5822746   1.92504975]]
[[,3.95265595  2.11964817 -5.34963099]  [ 1.60812163 -5.68972877  1.31487828]]
[[,5.76063516 -4.80212708  3.84616795]  [-2.99029028  1.15423113 -5.7874655 ]]
[[-2.43492005,0.10494138 -5.86317529]  [ 5.81736325 -1.20517148  4.11479464]]
[[-5.74818411,2.06268466  0.48147865]  [ 2.40720509 -4.58144046  3.97425949]]
[[,1.31634603 -5.52981697  1.76652723]  [-0.57063088  1.66444517 -5.77230412]]
[[,1.78597861 -5.74649276 -0.25968091]  [-4.41443617  2.68012525  2.22517264]]
[[,3.37564814  4.1510189  -5.53950426]  [-5.73248056 -1.10860528  1.48668022]]
[[-5.64535547,5.90280203  2.66890592]  [ 2.33849616  1.40765231 -5.38630357]]
[[-0.96558791,2.5414742  -5.88874265]  [ 5.88489413 -5.62005957  1.99390379]]
[[-4.94549747,0.66331737 -2.48453225]  [ 1.47845916 -4.54489877  5.90217573]]
[[-4.34238391,2.1043845   4.3193959 ]  [ 0.6175584  -5.92465712 -1.10995107]]
[[,2.74237421 -4.27882019  3.27178877]  [-5.92321509  0.32476164 -0.60615714]]
[[-5.4098319,0.99416373 -1.91096234]  [ 2.43411097 -5.64426467  4.3963617 ]]
[[-4.45285307,1.02918497 -0.24195383]  [ 2.25313852 -5.06467437  4.41758739]]
[[,0.17038198 -5.79968195 -2.0132289 ]  [-2.84327956  2.87642708  5.65320506]]
[[-1.38074162,1.25069293 -5.98625919]  [ 5.47687661 -5.63418     1.93179256]]
[[,2.60613963  2.17358419 -5.68920495]  [-4.96353619 -0.12873889  2.75675598]]
[[-0.11852391,1.37374548 -5.67957067]  [ 2.60430078 -5.47987285  1.65849923]]
[[-3.88131744,0.10522804 -5.52263625]  [ 5.91916854 -3.61508789  1.99638931]]
[[-5.93413133,-2.26348969  0.69218199]  [ 3.17051657  5.62972897 -3.02754693]]
[[,2.17883334 -5.61964918  2.81952276]  [-5.39530676  3.12107778  1.45395682]]
[[,1.93365846  1.24572801 -5.17689055]  [-4.71257028  1.52399191  2.19198973]]
[[-5.78696236,0.97068832  1.62687755]  [ 3.4091293   1.92688883 -4.70435806]]
[[,3.34772033 -0.6619641   4.52792935]  [-5.82746869 -0.21980469 -2.65400845]]
[[-5.16787476,3.45818907  1.85573469]  [ 3.17806505 -5.88679111  5.06878998]]
[[,0.12942955 -5.90644812  2.83292866]  [ 0.055379    3.07417031 -5.76099099]]
[[-5.90255985,-2.79732534 -0.20590984]  [ 3.10723472  5.54747032 -4.01210585]]
[[,5.77272516 -5.97456527  4.01590467]  [-3.82540748  1.71800962 -5.84189921]]
[[-5.82512632,-1.77896519  2.68702221]  [ 2.76021939  4.42768193 -4.87766402]]
[[-5.76170077,2.87763366  4.88852479]  [ 2.21514992 -5.25793205 -0.1725617 ]]
[[-3.27646649,0.86615077 -5.75676098]  [ 5.5240286  -5.91885571  2.61159019]]
[[,4.40812837  3.43711773 -2.71323453]  [-2.6465743  -5.92299225  0.56120493]]
[[,3.60686341  3.56743872 -4.49564511]  [-0.94816337 -5.57417232  1.62354896]]
[[-1.27942086,-5.77622643  1.52895398]  [ 4.3646087   2.58927821 -4.2183618 ]]
[[,0.86822742 -5.38135186  2.09082129]  [ 3.89313901  1.78273176 -5.83732926]]
[[-5.85480483,-1.25433057  3.19892189]  [ 2.09092348  3.99842471 -5.91596878]]
[[-1.25542304,-5.86323929  1.47106986]  [ 5.13809933  3.28365417 -5.9292033 ]]
[[,3.67772947 -5.10810622 -1.58087286]  [-5.71434963  2.36630557  5.97285918]]
[[-5.31398782,-0.50929218  1.12561805]  [ 2.71832082  5.65985489 -5.74445938]]
[[,2.60506284  3.15645257 -3.988013  ]  [ 0.06426707 -5.41446812  1.28622104]]
[[-0.02323228,-5.8872379   3.63220993]  [ 1.73987925  1.74040944 -5.97551339]]
[[-2.11480108,0.65012327 -5.72788448]  [ 5.68318677 -3.38263709  1.88301463]]
[[,0.58164223 -5.73826596 -1.45835048]  [-4.10501208  2.5802949   5.51551917]]
[[,1.93011297  1.9700379  -5.46356218]  [-4.18026385  4.86351991  2.10794255]]
[[,2.13963607 -5.9564919  -0.12650456]  [-5.76349521  3.35307495  4.10490861]]
[[-0.35562675,1.92019071 -5.47160909]  [ 5.16637657 -4.68881354  3.38040489]]
[[-4.71742852,1.29269524 -2.74837147]  [ 2.15590227 -5.39164614  5.9221968 ]]
[[-5.43460689,1.80521457 -0.8538833 ]  [ 2.11107885 -4.60007887  3.10893263]]
[[,2.02893088  3.41856251 -5.83444281]  [ 0.06158167 -5.68537571  1.6775754 ]]
[[-5.72073081,2.19530983  5.88510752]  [ 0.724284   -5.74546766 -0.85906749]]
[[-5.21804954,-2.21373613  0.12852983]  [ 2.75089052  5.99258926 -4.35460109]]
[[,0.30139771  2.02522487 -5.94531196]  [ 1.47453965 -4.57654245  2.11223819]]
[[,5.04792021 -5.63863182  2.7874794 ]  [-1.82453314  0.78324919 -5.58525183]]
[[,4.49605093 -5.57025972  2.37334507]  [-1.59120258  0.75483024 -5.50602795]]
[[,1.83892297 -5.12215806  0.60427014]  [-5.01812879  2.89030237  2.89159381]]
[[,1.90975052 -4.39863218 -0.75145098]  [-4.9425121   2.79842203  5.8170578 ]]
[[,2.34748558  2.54483858 -5.65666482]  [ 0.13073743 -5.84805018  2.08791077]]
[[,5.48344134  2.46029598 -5.74390805]  [-3.13966974 -5.65606414  2.30283607]]
[[-5.49692635,2.27769033 -1.31736299]  [ 3.10142242 -5.38708099  5.15688169]]
[[-0.0494728,-5.19995389  2.26051622]  [ 0.55778858  1.79833678 -5.7871711 ]]
[[-0.57973255,-5.37895476  1.67509778]  [ 2.98611083  3.19176449 -5.54921832]]
[[-5.96911263,2.82740693  3.07129326]  [ 2.60129104  0.47085623 -5.62645271]]
[[-5.64272511,-1.99421081  2.52097842]  [ 3.07392473  4.92610337 -5.36730652]]
[[-5.48474374,1.96590805  0.89050978]  [ 2.35346599 -5.53061543  0.04148636]]
[[-1.49673564,1.23450981 -5.5276839 ]  [ 4.69067182 -5.80504128  2.13006662]]
[[,2.33135899 -4.45007042  5.12225413]  [-5.89436053  1.20419994  0.41588887]]
[[,1.60857297 -0.01520063 -4.66584613]  [-5.47290508  3.96937386  2.85090696]]
[[,2.0082746   3.75704733 -4.92686951]  [-5.25232543 -1.72577125  0.47127339]]
[[-5.56060157,2.63135298 -2.73948965]  [ 3.64112338 -5.95157589  5.88063146]]
[[,2.76154367 -4.09092393  3.35652664]  [ 0.18185332  1.9850765  -5.33937431]]
[[-4.76567566,2.71503464  2.92301178]  [ 0.78368829 -1.04590652 -5.81104385]]
[[,1.32747798 -5.41653786 -1.08283037]  [-5.96734048  3.423663    4.34386901]]
[[,3.34663028  3.65731232 -5.27787742]  [-5.88644874 -0.17734382  3.40954344]]
[[-5.66761713,5.64938633  2.72544843]  [ 2.36526294 -1.42435058 -5.87631313]]
[[,1.87585293 -4.83513942  3.20879918]  [-0.16144697  2.07017492 -5.88177525]]
[[,5.82647358  2.34470967 -5.99632187]  [ 1.11082758 -5.45179514  2.80972657]]
[[-5.74638285,1.4654324   1.88981182]  [ 2.55286905  4.29268619 -5.62319656]]
[[-5.38897699,0.03157386  2.16064828]  [ 2.94043329  3.19336248 -5.71085881]]
[[-1.9629407,2.29018806 -5.96509573]  [ 5.65126412 -5.87441207  2.32340154]]
[[,4.90358072  3.92452948 -5.95688017]  [-0.118426   -5.61897343  2.33273206]]
[[-2.37864821,-5.98165321  0.57268907]  [ 3.95673021  2.59644018 -3.31721455]]
[[-5.30635538,0.62423428 -1.26145158]  [ 2.35578596 -5.09394631  5.78986017]]
[[,2.83132322  5.13786497 -5.99840381]  [-5.08318958 -2.51465321  1.19440354]]
[[,2.23252589  2.39547625 -5.85773225]  [-5.71286031 -0.17404957  2.79991356]]
[[,3.01658216 -5.17863868 -2.85482294]  [-5.99252562  2.58697538  5.70146982]]
[[-5.74850475,1.83723459  1.80049728]  [ 1.5484858  -5.75442554  0.16223885]]
[[,1.89571166 -5.69270911  1.60513027]  [ 2.44247738  2.78149591 -5.95092129]]
[[-0.02089461,-5.8160144  -1.03902419]  [-4.65433289  2.1795448   5.60737164]]
[[-5.70528485,5.65243033  3.06195447]  [ 2.27939917  0.30006728 -5.60527567]]
[[,2.95738132  4.11390906 -4.67537111]  [-5.42552556 -0.59401193  0.67689083]]
[[-5.84389794,2.32044837  0.5918767 ]  [ 2.69529492 -5.744558    4.87093166]]
[[,0.90660782  2.21847803 -5.85911323]  [ 1.12230214 -5.78537583  4.10918014]]
[[,3.32058181  5.84339523 -3.10404348]  [-5.37104968 -0.61489225  1.00478263]]
[[,2.76509835 -5.30127799  2.79772317]  [-5.34632908  2.25072764 -0.53307749]]
[[-4.60573655,2.35364619  3.26873115]  [ 1.1057095  -5.66332387 -0.25878457]]
[[,0.01118782 -2.17962681 -5.6981682 ]  [-0.84865617  4.73889654  3.54948928]]
[[-5.78096041,1.71493033  5.34696754]  [ 1.01942577 -5.38686482 -1.4051713 ]]
[[-5.9657961,1.86043992 -1.77399765]  [ 4.28256832 -5.97541379  5.11303787]]
[[-5.97408044,1.16305181 -2.42652903]  [ 4.26959295 -3.82295872  5.90347   ]]
[[,4.64908462 -5.34153413  3.71647035]  [-0.33675209  2.28583091 -5.89852854]]
[[-5.72419134,-0.17617126  2.69066698]  [ 2.67709758  5.86706345 -5.93988239]]
[[,1.93642796 -5.87406554  5.99692782]  [-5.88256583  1.53843957 -1.370239  ]]
[[,4.28550097 -5.37071561  3.01564259]  [-1.38902815  0.3253925  -5.66279387]]
[[,3.1060097  -5.89533131  4.61144066]  [-5.99416677  1.72601431 -0.43121808]]
[[-5.64216672,0.3784702  -2.44936505]  [ 2.67902124 -5.48418502  5.36279484]]
[[,2.28423787 -5.02373565  1.16631568]  [ 3.80177355  1.79387778 -5.89610524]]
[[,1.82372874 -4.05303809  4.45277154]  [-5.87790245  0.17095355 -1.25950818]]
[[,5.48290272 -5.56517376  3.41625207]  [-2.27250885  2.20494405 -5.63726014]]
[[,5.82002018  2.49595215 -5.82445991]  [-2.60933255 -5.61675103  3.5713445 ]]
[[,4.13053056  3.07171601 -4.42113148]  [-1.83533133 -5.32737228  0.05877863]]
[[-5.74846704,4.2951144   2.76621451]  [ 2.2077679   3.08333862 -5.51835793]]
[[,2.41258715  5.2700557  -4.32059924]  [-4.92578152  0.76967427  1.52155529]]
[[,3.080813    2.54969497 -5.57078265]  [-5.75338757  0.22106338  3.28514506]]
[[,2.04767457 -5.23449455  3.34304298]  [-5.57939128  1.35272329 -1.19488063]]
[[-5.73691878,-0.99086817  2.91443365]  [ 2.02696506  5.47214171 -5.68373536]]
[[,2.95559025  0.13739302 -5.91333165]  [-5.7540225   3.53834529  2.17677122]]
[[-6.75615241e-01,4.90063338e+00  3.03636070e+00]  [ 4.95116537e-03 -2.28462633e+00 -5.32277917e+00]]
[[-4.42565232,0.6594553   3.77879843]  [ 2.09591533  0.46545693 -5.62272486]]
[[,3.31883409  5.99578743 -2.62304231]  [-5.98739854 -1.99002067  0.49615183]]
[[,1.57868824 -5.58598777  3.22799912]  [ 0.87576296  2.50784858 -5.27315087]]
[[-4.535138,3.8104557   3.06510749]  [ 2.07148217 -0.56955666 -5.49066425]]
[[,2.34265449 -5.92937715 -1.4262318 ]  [-3.48540347  2.6777852   5.93546819]]
[[-5.9292008,2.12025469  0.09535152]  [ 2.30730422 -5.39218446  5.71085191]]
[[-0.53948274,-5.24641909  0.87849593]  [ 5.4862055   2.77763768 -5.72720591]]
[[-4.84798197,0.25593412 -0.72952081]  [ 2.23010389 -3.37839653  5.62230244]]
[[,1.7539735  -4.9434822   1.72449429]  [-5.76753292  1.82200393  5.81583185]]
[[-1.04350521,-5.56810346  1.18999324]  [ 3.62402038  1.83169741 -3.99120317]]
[[-4.60460265,3.34422929  5.31780885]  [ 1.27574386 -5.69556351  0.06012238]]
[[-5.93898722,5.08000025  3.02693939]  [ 2.1879732   2.18426361 -5.85091963]]
[[-5.56856274,2.1278177  -2.18611826]  [ 2.74072715 -4.66454848  4.22911741]]
[[,5.02844855  2.63806546 -5.26751563]  [-2.5773197  -5.9717851   1.92064072]]
[[-0.02175067,-5.54176931  3.65518248]  [ 2.42312588  3.15389714 -5.77425994]]
[[,3.24216107  3.96881893 -4.03885865]  [-5.75282325 -0.75419135  1.81963462]]
[[-5.78721809,5.82785033  2.80430034]  [ 1.52471071 -2.59791536 -5.04917678]]
[[-5.68636961,1.92469243 -0.02721585]  [ 2.1043097  -5.22855851  3.81960621]]
[[,2.95210452 -5.01978773  1.04016851]  [-5.72296752  2.94317737  2.95531766]]
[[,0.79109821 -5.32321044 -3.91327484]  [-5.29773955  2.91485574  5.67251946]]
[[,5.84892791  2.64474259 -4.89873662]  [-0.65006815 -5.60635802  3.02613   ]]
[[,4.46440765  3.02529037 -5.70605046]  [-1.05215866 -5.42825074  0.92299091]]
[[-0.71647013,1.37081578 -5.98718977]  [ 4.51866057 -5.74875712  3.46942189]]
[[,1.12750023  1.74746056 -5.62411365]  [ 1.0817643  -5.81481171  3.71299074]]
[[,1.6176916   0.04938073 -5.59542858]  [-5.71979565  1.31730255  1.98256031]]
[[,1.13651209 -4.90288921  1.53763663]  [ 1.10979111  2.34108972 -5.68603032]]
[[,5.75982688 -5.89223872  1.71180031]  [-1.57480813  1.64783108 -5.80078341]]
[[,4.53210944 -5.09211196  2.15672761]  [-1.17903496  0.73085467 -5.05171591]]
[[-3.31748807,2.48586169  4.60121021]  [ 0.54355329 -5.43473097 -2.85801788]]
[[-0.62153454,-5.49223426  0.93369401]  [ 4.53626514  2.77161715 -4.31608868]]
[[,0.4434103  -4.98369417 -2.04404176]  [-3.77945178  2.21560398  4.85712426]]
[[,4.69352161  2.27777455 -5.32566175]  [-2.70813715 -5.8145154   0.5031393 ]]
[[,5.71478781  3.33656252 -5.7670989 ]  [-0.85490541 -5.68138345  0.69039092]]
[[,2.14992455  0.63479261 -5.61667696]  [-5.49480005  4.87306656  2.4633955 ]]
[[-2.77984134,2.19369166 -5.92154241]  [ 5.59769301 -4.86269564  1.775982  ]]
[[-0.31747414,2.07217759 -5.94062656]  [ 4.14943114 -5.38597113  3.41700464]]
[[-5.28799153,3.58747361  1.85712767]  [ 2.50844488 -0.48557325 -5.25904789]]
[[,0.18702207 -5.62039616  0.92937697]  [ 5.12772874  1.66582336 -4.5693662 ]]
[[-4.64535566,5.78746278  1.9975136 ]  [ 2.04502307  0.01953491 -5.26572345]]
[[-5.68845017,-2.60047531 -0.36397705]  [ 2.10385892  5.43322652 -5.37956822]]
[[,1.23143779 -1.72013142 -5.86390109]  [-4.57726985  4.65958293  2.22493071]]
[[-5.76206768,0.42342547 -3.47831869]  [ 2.71371179 -4.90721702  5.36362265]]
[[,0.45793474 -1.76040905 -5.72132986]  [-5.46286428  5.92135321  2.57671232]]
[[-5.42419483,2.29031634  3.33623567]  [ 2.81544378 -5.44121089  2.78407873]]
[[,1.62975008  4.20897614 -5.90705618]  [-5.07026668  4.7263812   2.94230424]]
[[-0.29910202,-5.18256896  0.74802357]  [ 2.86793078  2.35862412 -5.24910729]]
[[,1.81062837 -1.99023106 -5.91057334]  [-5.67569827  4.79441084  3.61006292]]
[[-5.3179855,1.24525352 -1.23529984]  [ 1.47841777 -4.03169029  4.82114529]]
[[,4.21809519  2.58581337 -5.45425721]  [-5.87881177 -0.27859538  1.46783058]]
[[,3.0670017  -1.51187675  5.4870949 ]  [-5.63544635  0.09077584 -3.81960608]]
[[,2.31314504  5.40992925 -5.46419593]  [-4.67850799 -2.17822438  1.20881307]]
[[-5.96216675,2.59481362  5.08353343]  [ 1.34273479 -5.39093485 -1.44907547]]
[[,3.04137427 -4.13969953  5.3368585 ]  [-5.80397627  1.24640523 -2.23621028]]
[[,2.84937998  3.51542755 -5.81575999]  [-0.6928271  -5.67181256  2.35403029]]
[[,0.81612876 -1.91205475 -5.23942899]  [-5.55109977  4.58616033  1.55824326]]
[[,0.11138287 -5.67611976  1.47629619]  [ 5.82503179  2.37603076 -4.92339189]]
[[-4.66164163e+00,1.73687439e+00  4.10849474e+00]  [ 2.51343021e+00 -5.98412521e+00 -4.78573430e-03]]
[[,4.03270831  2.02115496 -5.76456814]  [-1.58061209 -5.38953735  2.27316635]]
[[,2.91792937  2.65207916 -4.53992687]  [-1.61730831 -5.14578954  0.54004061]]
[[,0.04416605 -1.74558553 -5.36840538]  [-4.76701499  4.53377948  1.85994632]]
[[,2.37744143 -5.45683958  0.30730111]  [-5.97741029  3.27312279  1.9367575 ]]
[[,5.29262744 -5.15811082  3.53667618]  [ 2.08261454  1.85304206 -5.95339762]]
[[,3.00776358  4.22632917 -5.99316267]  [-5.8963407  -2.52086297  1.62063035]]
[[,0.70429623 -0.04125353 -5.17389177]  [-4.21529112  2.77372785  2.56927324]]
[[,4.33670372 -5.87575497  2.49695934]  [-0.53146337  3.04661913 -5.79154919]]
[[,4.01240304 -3.52318145  3.84662744]  [ 0.15012991  1.30720965 -5.91518446]]
[[-2.38257347,-5.86773245  0.20089543]  [ 5.90280032  3.8707524  -3.39997815]]
[[,5.12666439 -5.17359702  2.83704248]  [-0.84614492  1.02128362 -4.96293741]]
