[[ 5.77364855 -2.36442845  5.38254731]]
[[ 4.34675644 -3.21523117  5.79306209]]
[[ 5.33261723 -2.75403924  5.81609084]]
[[ 5.8475992  -3.03117277  5.74167988]]
[[-3.9385347   4.8840174   5.89756125]]
[[-2.73720328  5.61009816  5.39692757]]
[[ 4.0091121   5.92287818 -3.62275194]]
[[ 5.39815931  5.30445128 -3.30334332]]
[[ 5.66725031  5.85425306 -4.00053432]]
[[-3.28070519  5.75654377  5.27082175]]
[[-3.21869312  4.98596153  5.8565265 ]]
[[-3.4170161   5.77296037  5.71591203]]
[[ 5.03937249 -3.07573277  5.54425208]]
[[ 5.59480639  5.66504775 -2.58710888]]
[[ 5.76344031 -2.81057027  5.89355697]]
[[-3.08664384  4.8638815   5.74729015]]
[[ 5.53197635  4.60881295 -2.62118344]]
[[ 5.93928513 -3.06484717  3.05709235]]
[[-3.4739676   5.85720813  5.78112666]]
[[ 5.49354103 -3.20439934  5.54958789]]
[[ 4.34148756 -3.58654838  5.8689445 ]]
[[-3.14784689  5.94492173  5.64823714]]
[[ 5.71393305  5.9062805  -3.41128457]]
[[ 5.63666885  5.41768683 -2.65876635]]
[[-2.95799574  3.84196052  5.94438751]]
[[ 5.85345044  5.72410741 -3.34114242]]
[[ 5.75972939  5.50283014 -3.48556614]]
[[ 5.865019    5.16461468 -3.04944302]]
[[-3.7700474   5.26266607  5.99364956]]
[[ 5.40290465  5.3097065  -2.74845428]]
[[ 4.6752751  -3.05361318  5.91916997]]
[[ 4.17577021  5.7505791  -2.6240229 ]]
[[ 5.34587612  5.89905207 -3.64666818]]
[[-2.78957695  5.98782588  5.07489856]]
[[-3.59207528  5.60446349  5.754271  ]]
[[ 5.43883651 -3.09828617  5.92387202]]
[[-3.01652464  5.800621    5.96053665]]
[[-3.99492804  5.29224047  5.92828153]]
[[-2.97228385  5.30820107  5.72924639]]
[[-3.18707852  5.80230168  5.64577341]]
[[-3.03010256  5.75359427  5.95481801]]
[[-3.11322031  4.52661798  5.99072575]]
[[-3.01534679  3.36613804  5.71282014]]
[[ 5.923801   -2.81318007  5.61749096]]
[[ 5.35759164  5.90693582 -3.78586519]]
[[-3.07208319  5.56123244  5.92421831]]
[[-3.06583304  3.98919045  5.71934303]]
[[ 5.57096906  5.95610901 -3.10925305]]
[[ 5.31389413 -3.5729509   5.85522715]]
[[-3.01587942  5.36713291  5.81900966]]
[[ 5.96045357  5.23940322 -3.33511932]]
[[-3.12665656  5.98781349  3.49502601]]
[[ 5.97870009 -3.38132706  5.21541182]]
[[ 5.97418378 -3.34993985  4.05134995]]
[[ 4.32471316 -2.90958397  5.92481809]]
[[-3.30026858  5.97166743  5.46449537]]
[[ 4.65724881 -3.15851695  5.76215092]]
[[-3.18429906  5.4745718   5.85058967]]
[[-2.63962461  3.71391264  5.82007475]]
[[-2.92471851  5.58977429  5.44914357]]
[[ 5.94106949 -2.87987462  4.09206714]]
[[ 5.56840966  4.4522378  -3.11893914]]
[[-2.70066918  5.8363554   5.8212853 ]]
[[ 3.96266321  5.7255281  -3.07327016]]
[[ 5.22288413  5.71997577 -4.38413655]]
[[-2.73808504  4.74029025  5.89913571]]
[[-3.47696301  5.7789569   5.95525732]]
[[ 5.54589188 -2.78304394  5.60654682]]
[[-2.60017417  5.1875534   5.9985404 ]]
[[ 5.9143265   5.84884862 -4.35046358]]
[[ 5.71399068 -3.7780059   5.97199399]]
[[ 4.81853999 -3.50719554  5.90222219]]
[[ 5.70629478  5.01949483 -3.05583576]]
[[ 4.89031678 -3.33901147  5.79939365]]
[[ 5.71217539 -2.83874006  5.88625169]]
[[ 5.51786829 -3.05397507  5.85888485]]
[[ 4.97149895  5.50456548 -3.1498864 ]]
[[ 4.42088951 -2.89091593  5.68895788]]
[[ 5.68770781  5.54862927 -3.44507481]]
[[ 5.95186578  5.01830375 -3.17558171]]
[[ 5.56124992  4.76220948 -3.16113973]]
[[ 5.53693479 -2.53653106  5.75921843]]
[[ 5.74066506  4.08020539 -3.49757283]]
[[ 5.96429209 -3.50304178  3.73915229]]
[[-3.01920014  5.69150376  5.16747359]]
[[ 5.71684604  5.90745096 -2.83943817]]
[[-3.12145921  5.81687784  5.93365422]]
[[ 5.23086408 -3.37414936  5.77574479]]
[[ 5.47029783  5.99052402 -2.86051557]]
[[ 5.13203619 -3.56959886  5.8606364 ]]
[[ 4.95118176 -3.06656244  5.89728444]]
[[-3.01194604  5.95577623  4.49610007]]
[[ 5.61273926 -3.14744588  5.73264138]]
[[ 5.72953168 -2.90314357  4.65056068]]
[[ 5.98655291 -3.46504267  3.74113864]]
[[ 5.26379569  5.71805226 -2.57395092]]
[[ 5.10152476 -2.8531867   5.74412738]]
[[ 5.54536875 -4.11141624  5.85220153]]
[[-3.24715893  4.31239838  5.83532353]]
[[ 5.90533265  5.6990542  -2.82903578]]
[[-2.92292575  5.3739529   5.40896079]]
[[ 5.86521501  5.47317123 -4.50454194]]
[[ 5.94478917 -3.31683443  5.60397972]]
[[ 4.06709427  5.99825607 -3.43707654]]
[[ 5.59409443  5.32039988 -2.82185844]]
[[ 5.61981367  5.40139206 -2.97548313]]
[[-2.97356076  4.39357754  5.70839765]]
[[-2.62886028  5.84485282  5.77796032]]
[[ 5.9129627   5.56096634 -3.19796351]]
[[-2.98392836  5.01433854  5.59503093]]
[[ 4.35069795 -2.82882598  5.44646657]]
[[ 4.66016601  5.67189621 -2.60288423]]
[[-3.50096062  4.83574266  5.92404555]]
[[ 4.83553887 -3.12550216  5.91700053]]
[[-3.2224424   5.87557046  5.79511203]]
[[-2.72138214  5.18669705  4.50898388]]
[[-3.15130983  5.31813424  5.71846822]]
[[-3.6089678   4.93257626  5.97949215]]
[[ 5.81220803 -3.2329983   4.85863677]]
[[-2.838046    5.62098796  3.10405713]]
[[ 5.74732238 -3.75869281  5.85873519]]
[[ 5.76856505  5.51540683 -3.12268339]]
[[ 5.94934733 -4.29568278  4.97704516]]
[[-2.91321092  5.85237973  4.09731763]]
[[ 5.98019974  5.41281407 -4.54935073]]
[[ 4.9961273   5.84198745 -2.95899034]]
[[ 5.550319    4.45918231 -2.5982095 ]]
[[ 5.88692948 -3.11630394  3.78309133]]
[[ 5.09187852 -3.17597325  5.65608354]]
[[ 5.72233619 -2.9589347   5.93772863]]
[[ 5.88068057 -2.90105376  5.85944025]]
[[-3.51144672  4.69111029  5.99294704]]
[[ 5.73105003  5.03235505 -3.02069238]]
[[-3.54402796  5.00236517  5.83232076]]
[[ 5.3432634   5.59316424 -2.55405252]]
[[ 5.88190085 -2.57423229  4.7239589 ]]
[[ 5.98303131 -3.65083129  5.91086194]]
[[ 5.95882501 -3.5893098   5.96950014]]
[[-3.22012446  3.91653435  5.72912746]]
[[ 5.35195441 -3.23114516  5.80982879]]
[[ 5.5354233   5.92590277 -3.07808493]]
[[-5.38086214  5.50009958  5.86899758]]
[[ 4.55793565  5.70571865 -2.95104846]]
[[ 4.80471171 -3.33527326  5.74242161]]
[[-3.20639735  5.47662569  5.88873203]]
[[ 5.91365354  4.91575355 -3.60055734]]
[[-3.15999331  4.59345522  5.82101398]]
[[ 5.73352597 -2.85577609  5.97108768]]
[[ 5.53574815  5.95234696 -3.49968567]]
[[ 5.74297293 -2.78449834  5.96889093]]
[[ 5.57773814  5.9272718  -3.20749949]]
[[ 5.98612606  5.46141208 -2.89150808]]
[[-2.98835166  5.28373856  5.89776233]]
[[ 5.85056539 -3.05347557  5.8720206 ]]
[[ 5.84962966 -2.73895413  5.82336542]]
[[ 5.93964041  4.90474089 -3.67936565]]
[[ 5.17444696  5.63134627 -3.03976951]]
[[-3.80533163  5.98849199  5.95280309]]
[[-3.21143282  5.90860089  5.47297775]]
[[ 5.77462298 -3.24265046  5.06561353]]
[[ 4.656535    5.94727422 -2.55612909]]
[[ 5.59671538  5.9330726  -3.12246129]]
[[-3.58775858  5.06959403  5.95653529]]
[[ 3.64649368  5.90848685 -2.55996773]]
[[ 5.85476485  5.77140751 -2.61405153]]
[[ 5.88020097  5.61688198 -2.94173336]]
[[ 5.71543805 -2.89369412  2.82283286]]
[[ 5.94916554 -3.51664895  4.58877629]]
[[-3.1252933   5.48696102  5.76317658]]
[[ 5.79107328 -3.34284258  5.96011671]]
[[-3.70976974  5.1316781   5.98028307]]
[[ 5.99629146  5.69924512 -2.68340417]]
[[ 5.53903331 -2.65471595  4.48701482]]
[[-3.00381233  5.79214639  5.05083129]]
[[ 5.97610006 -3.55882824  3.78256653]]
[[-3.47962821  4.29343433  5.82122588]]
[[ 5.86280049  4.03753551 -3.31954436]]
[[ 5.84489236  5.60357958 -3.06141847]]
[[ 5.40735842 -2.93063807  5.89787438]]
[[-2.9142593   5.88179649  4.30599208]]
[[ 5.94549429  4.72850334 -3.17322484]]
[[-3.11558998  5.71319769  5.46749763]]
[[-3.04843774  5.78180337  5.78687484]]
[[ 5.85098655  3.19555754 -3.03100116]]
[[ 4.78679113  5.85932673 -2.76127785]]
[[-3.38096582  5.89760146  4.7181267 ]]
[[ 5.69544655  5.42122245 -3.24939844]]
[[ 5.71471797  3.66512554 -3.39589334]]
[[ 5.90347096  4.55760041 -3.27635066]]
[[-2.62446244  5.37608724  5.3588168 ]]
[[-2.7052888   5.18427445  5.25836202]]
[[-3.355283    2.82896877  5.67954645]]
[[ 5.73485021 -2.60494686  5.94942949]]
[[ 4.34704841 -3.2263861   5.74623141]]
[[ 5.61259251  5.93911752 -3.29023094]]
[[ 5.84507854 -2.91857284  5.23134856]]
[[ 5.27598317  5.35491867 -3.09817373]]
[[-4.33273532  5.96451212  5.99007765]]
[[-3.2170613   4.80569873  5.96832147]]
[[ 5.53122729 -3.23271551  5.95111208]]
[[-3.07416047  5.81610904  4.70239313]]
[[ 5.58654201  5.41417975 -2.97408708]]
[[-3.2518947   5.70846605  5.92096234]]
[[ 5.64164255  5.98610689 -3.04803698]]
[[ 4.84132762 -3.12359605  5.63777633]]
[[-2.58277109  5.74351589  5.98182717]]
[[-2.84605743  3.99370466  5.73011786]]
[[ 3.67387551 -3.39739546  5.98713276]]
[[ 5.9716217   4.78907605 -3.29688716]]
[[ 5.82823786  5.87446876 -5.7643062 ]]
[[-3.47520832  5.81159536  4.88956701]]
[[ 3.1902344  -3.01738212  5.64348681]]
[[ 5.9124997   5.36481114 -3.01831353]]
[[-3.21203405  5.62971008  5.22037746]]
[[-3.48769961  5.33869387  5.95858442]]
[[ 5.95554193  5.87780692 -2.89201658]]
[[ 5.82932631  5.80074918 -3.9248601 ]]
[[ 4.4781782  -2.50083716  5.86500147]]
[[ 4.77915587  5.54433162 -3.26146014]]
[[ 3.13736958 -2.84465928  5.83589678]]
[[ 5.97622015  5.94152049 -2.75741513]]
[[-2.8232715   5.64934373  5.64828151]]
[[ 5.91859271 -3.2209457   2.97166466]]
[[ 4.64911782  5.93021795 -2.90178949]]
[[ 5.88760106 -2.73469632  5.9477164 ]]
[[ 5.45938575  3.31168675 -2.99803511]]
[[ 4.56354112  5.35272147 -2.80693347]]
[[ 4.03767601 -3.27292942  5.86594254]]
[[ 5.43699652  5.84861303 -3.00318906]]
[[ 5.56206369 -2.53947998  5.63901544]]
[[ 5.5566574   4.84230566 -3.00262903]]
[[ 3.68310563 -3.1878662   5.984105  ]]
[[ 5.80242236 -3.02630884  5.94454102]]
[[-2.86191862  5.95625788  5.30327298]]
[[-2.87528176  4.32819612  5.56742433]]
[[-2.9156162   5.5178925   5.23434294]]
[[ 5.75349095  5.98212893 -3.09241237]]
[[-3.26846389  5.8329259   4.90278344]]
[[-2.93615698  5.88007644  5.69451289]]
[[-2.69324442  4.60377059  5.95800567]]
[[ 5.57077646 -3.75003442  5.86408414]]
[[-3.44453307  5.66559369  5.87348193]]
[[ 5.26211296  5.96552166 -3.52907436]]
[[ 5.69057107 -3.14156739  3.96711763]]
[[-3.02810484  5.59643733  4.63722745]]
[[ 5.80864217  2.91895304 -3.27842912]]
[[ 5.69299857 -2.64976314  5.3172531 ]]
[[-2.84350805  5.93477442  5.09108171]]
[[ 5.95807097  5.79767196 -2.78651349]]
[[ 4.50012736 -3.27042242  5.6930401 ]]
[[ 5.37288313 -3.32205548  5.70545342]]
[[ 5.93801335 -5.24727478  5.99644052]]
[[ 5.73793652  5.6401812  -2.95169817]]
[[-2.51581106  5.81623123  5.93857487]]
[[ 5.66085367  5.74973538 -3.04385883]]
[[ 5.8320803   3.54232152 -2.38203157]]
[[ 5.80278477 -2.72851551  4.25853497]]
[[ 5.91762426  3.31080409 -3.52746481]]
[[ 5.94156641  3.51710409 -3.32941874]]
[[ 4.00506663  5.8362764  -2.68606743]]
[[ 5.97127929 -5.25131566  5.89156514]]
[[ 5.51345748  4.11961912 -3.17920549]]
[[ 5.67603867 -3.42196739  4.92766977]]
[[-3.95577551  5.78605334  5.43468217]]
[[ 5.96147883 -3.16957042  5.60318489]]
[[ 5.2074439  -3.00395748  5.56564552]]
[[ 5.93698056  5.82342223 -2.62568195]]
[[-2.67498123  5.56148941  5.71649957]]
[[ 5.35743582  5.59930455 -2.91377464]]
[[-2.57997775  4.58038494  5.51264042]]
[[-2.86380888  5.83786429  5.42824079]]
[[-3.48360265  4.58947057  5.61442392]]
[[ 5.42923501 -2.91368038  5.96993356]]
[[ 4.37853368  5.8624859  -3.45737139]]
[[ 5.97207445 -3.17266816  5.97576837]]
[[-2.54923689  4.97752799  5.77070992]]
[[-4.1177311   5.9301134   4.99046596]]
[[ 5.86306769  5.27060437 -3.19443152]]
[[ 3.74264325  5.96916409 -3.39439672]]
[[-2.80414112  4.50319979  5.49562646]]
[[-2.93771638  4.94855728  5.94449214]]
[[ 5.64869636  4.89574358 -2.88649043]]
[[ 5.67556163 -2.98938965  5.80856258]]
[[ 4.77894305  5.57548182 -2.9899793 ]]
[[-2.85809611  5.52566009  5.71097937]]
[[-3.53925611  5.819757    5.70232685]]
[[-2.74561987  5.66456525  4.88906899]]
[[ 5.74510135 -2.93124633  3.42692265]]
[[-2.77333403  5.75726402  5.22829278]]
[[ 5.47193281  5.65819797 -2.91460983]]
[[ 5.86646515 -3.09537797  5.52760905]]
[[-5.54714007  5.58192803  5.43839819]]
[[ 5.80917549  5.41951546 -3.41384653]]
[[ 5.87809947  5.95185575 -5.4737369 ]]
[[ 5.93720321 -3.14872533  5.77160957]]
[[ 5.87853742 -3.56682176  4.19522102]]
[[-3.04164748  5.82979468  5.91395643]]
[[-2.59607204  4.98262831  5.89286441]]
[[ 5.83704191 -3.60418004  4.83023886]]
[[-2.39676283  5.16873543  5.5375141 ]]
[[ 5.96917113  5.38202261 -2.94289792]]
[[ 5.41809224  5.72346892 -2.96149091]]
[[ 5.79918692  5.68251902 -2.59496019]]
[[ 5.97103856  5.77710977 -2.6982034 ]]
[[-3.68344088  5.16054063  5.98590352]]
[[ 5.92480976  5.56729718 -3.27119292]]
[[-2.94730711  4.79109499  5.91922139]]
[[-5.0358711   5.53886048  5.93531287]]
[[-3.19288461  5.90099782  4.2017072 ]]
[[ 5.80356627  3.91793414 -3.05377122]]
[[ 5.7560597   5.31439152 -3.1360009 ]]
[[ 5.94032681  5.72398383 -3.29016454]]
[[-3.02519585  5.33659413  5.90299732]]
[[ 5.69297801 -3.0270018   5.44137926]]
[[-3.80035938  5.90912075  5.89917612]]
[[ 5.04806062  5.52599257 -2.69653363]]
[[-2.62730923  5.19630101  5.9795353 ]]
[[ 5.70803109 -3.14691107  3.66098456]]
[[ 5.22668067  5.97332142 -3.91205107]]
[[-2.88108345  5.12421405  5.78192972]]
[[-2.79605978  5.51323795  5.93189858]]
[[-2.97242229  5.3089904   5.15303825]]
[[ 5.50917463 -3.10439203  5.54795192]]
[[ 5.78190007 -3.26989133  3.42458938]]
[[ 3.0549011   5.94633124 -3.3110586 ]]
[[-3.41183422  5.60404524  5.99582261]]
[[-2.98107421  4.98658651  5.73312999]]
[[ 3.78069783  5.68473287 -3.04669289]]
[[ 5.66776204 -2.92915747  4.25610647]]
[[-3.24376465  5.81349227  5.4993894 ]]
[[ 4.47120889  5.56102225 -2.85978056]]
[[ 4.82412928  5.87858229 -3.29856555]]
[[ 5.85130861  5.88914323 -2.72904163]]
[[ 5.1042196  -3.16458533  5.77956133]]
[[ 5.72227059  5.84026725 -3.1914146 ]]
[[ 5.81885208  5.98081177 -2.66321725]]
[[ 5.66281539  5.69187992 -2.68556428]]
[[ 5.36573614 -2.73445213  5.79139372]]
[[-3.45002075  5.16718056  5.99663292]]
[[ 5.5949831   5.62254151 -3.01694134]]
[[ 4.45502298  5.66274247 -3.00180693]]
[[-2.90653323  5.60375664  5.67811848]]
[[ 5.73555834  5.10826201 -3.02857936]]
[[ 5.68881785 -2.58541824  4.86918704]]
[[-3.26098418  5.5575423   5.96526713]]
[[ 5.75009406 -2.77296086  5.39038217]]
[[ 5.58572461  5.8310172  -3.24995774]]
[[ 5.47579869  5.46148008 -4.01177496]]
[[ 5.98097609  5.80316155 -3.73108539]]
[[ 5.77468004  4.82090757 -3.14437519]]
[[ 3.65612618 -3.02891184  5.98373533]]
[[-3.31526176  5.996093    5.21774578]]
[[ 5.7532306   5.8916378  -3.92295317]]
[[ 2.616942   -3.1784549   5.88107085]]
[[ 5.8408788   5.8398387  -2.51249043]]
[[ 5.64716881  5.31158668 -2.71999019]]
[[-3.20670033  5.71121864  5.69037815]]
[[ 5.84067532 -2.82849054  5.78841001]]
[[ 4.773664    5.95211788 -3.32220187]]
[[ 3.61178855  5.50300039 -2.94076075]]
[[ 5.70682567 -3.11407614  5.74560615]]
[[ 5.95716242 -2.95502752  4.62810309]]
[[ 5.46526224  5.88905101 -2.90591712]]
[[ 5.8610189  -2.98888577  5.96609552]]
[[ 5.98474797 -2.78474417  5.49731159]]
[[ 5.7401378  -2.51504741  5.58945503]]
[[ 5.89230674  5.98205822 -3.38584349]]
[[ 5.44740262 -2.99925317  4.68519046]]
[[ 5.51786499  5.98821485 -2.67532181]]
[[ 5.58346988  5.97582143 -2.73258336]]
[[ 5.94302596 -2.827806    5.13004335]]
[[-3.91003523  5.80286586  5.78044252]]
[[ 5.83416735 -4.24029134  5.90776028]]
[[ 5.88969209  4.53522438 -3.24240497]]
[[ 5.22915761 -3.77687522  5.59691931]]
[[-3.62288496  5.99464185  5.35350051]]
[[-2.92493314  4.47958261  5.45515712]]
[[-3.13473931  5.6165688   5.68997313]]
[[-3.28703232  5.9840013   5.83926219]]
[[ 5.70248148  5.999428   -3.18325945]]
[[-2.98875662  5.96968565  2.67193687]]
[[ 5.79815998  4.24356452 -2.81959921]]
[[-3.11103778  4.80517921  5.70353565]]
[[ 5.9122086  -3.2324514   5.53728976]]
[[ 5.94177593  5.63356451 -3.51649915]]
[[ 4.69962438  5.64264748 -3.31491565]]
[[-3.35101897  3.4877697   5.99457025]]
[[ 5.79030998 -3.37110448  5.32052767]]
[[-3.84195196  5.98992798  5.70912651]]
[[-4.08461063  5.68510452  5.89587099]]
[[-2.58408892  5.66973657  5.94961318]]
[[ 4.65562251 -3.53798415  5.94622164]]
[[ 5.64578925 -3.71535391  5.93249972]]
[[ 4.92039489  5.50463374 -2.54978777]]
[[-3.7004298   5.02829117  5.98864971]]
[[ 5.56579818  5.72174206 -2.62978797]]
[[ 4.20205952  5.96166362 -3.28357758]]
[[ 5.680504   -2.72313531  5.94521311]]
[[ 4.38864888 -3.05678384  5.92570755]]
[[ 4.46114888  5.85002042 -2.68070889]]
[[ 4.9220898   5.95784178 -3.92822885]]
[[ 5.39351899  5.59345914 -3.12899251]]
[[ 5.99264251 -2.65301287  5.32134548]]
[[ 5.53869085  5.94882775 -2.52474642]]
[[ 4.91905575 -2.89268386  5.91063117]]
[[-2.95618549  5.83626301  5.50949744]]
[[-3.20527352  5.12072023  5.82491171]]
[[ 5.80622873 -3.59432535  5.91690524]]
[[ 5.81201565  5.74313191 -3.25328856]]
[[ 4.96170808 -3.07615029  5.86695234]]
[[-3.31402401  5.83486831  3.75462672]]
[[-3.47495853  4.01494076  5.96301369]]
[[-3.67439457  5.87406159  3.84609062]]
[[ 4.04719949 -2.76137009  5.73241612]]
[[ 5.82586717  5.73585365 -3.11403086]]
[[ 4.46270711 -3.23770591  5.99489361]]
[[-2.98102735  5.66118538  5.72130104]]
[[-3.31244974  5.34043889  5.76518751]]
[[-3.1730363   5.93520332  5.90815807]]
[[ 5.87504625 -3.70996237  4.84311979]]
[[ 3.85499468  5.90707679 -3.10553503]]
[[ 5.6979157  -4.05402032  5.41784719]]
[[ 5.77842392 -3.40543973  4.64191121]]
[[-3.64853607  5.68119604  5.96974808]]
[[-2.87517223  5.31831035  5.53256361]]
[[ 5.85999127 -3.46271093  5.75402613]]
[[-2.66564926  5.70541523  5.80899689]]
[[ 5.92357413 -3.34779882  5.48595538]]
[[ 5.672872   -2.80468744  3.53941713]]
[[ 5.79727927 -3.14726997  5.76781064]]
[[-3.09685532  5.8548731   5.73684338]]
[[-2.73932601  5.20769232  4.48861302]]
[[ 4.3845315  -3.16651382  5.7051585 ]]
[[ 5.70624597 -3.23596307  5.43897966]]
[[ 5.90593399  5.96397784 -3.09714308]]
[[ 5.829851   -3.35381266  4.14781685]]
[[ 5.43427125 -2.81704351  5.88233422]]
[[ 4.44821847 -3.73906389  5.62767041]]
[[ 5.99991238  5.29973855 -3.08205285]]
[[ 5.73754462 -3.3137143   5.53386817]]
[[ 5.80590524 -3.16206669  5.82708963]]
[[ 4.45353671 -2.83655692  5.93915893]]
[[ 5.69992894  2.83740196 -3.15380907]]
[[ 5.3954823   5.9314354  -2.89421033]]
[[ 5.96729127  4.61221374 -3.01021333]]
[[ 3.104918   -2.94113954  5.68430694]]
[[ 5.65596598  4.57009624 -2.94116346]]
[[-2.81742413  5.74498249  4.46920656]]
[[ 5.61261964  5.741352   -3.26973978]]
[[-2.58149943  5.63368472  5.71635812]]
[[-2.54252234  5.26261727  5.58477698]]
[[ 4.8115379  -2.81619976  5.82070466]]
[[ 5.90209723 -3.14088771  4.53792479]]
[[ 4.15659824  5.93959291 -2.79064321]]
[[ 5.97074621  5.74272132 -3.44572512]]
[[ 5.81438977 -3.10462637  5.65114356]]
[[ 5.50535335  5.7937381  -3.38018131]]
[[ 5.73716733 -3.24460046  5.38773915]]
[[-3.05494782  5.74149973  5.99758734]]
[[ 4.17362329 -3.07609517  5.71837601]]
[[-3.1747192   5.80926897  3.53225113]]
[[ 5.98251148 -3.71321739  4.27484111]]
[[-2.90066652  5.78766217  5.31417353]]
[[ 5.7671823  -3.5708078   5.97967725]]
[[ 3.92753244  5.96182676 -2.88427675]]
[[-3.42909767  5.8369868   5.79922976]]
[[ 5.94292159 -2.66104195  4.45482462]]
[[ 5.92194049 -3.25412757  5.50349224]]
[[ 5.97797093 -2.87119914  5.37497748]]
[[ 5.61695337  5.57343546 -2.8820102 ]]
[[-3.36319271  4.50043786  5.91856279]]
[[-3.3452344   5.95583701  5.82551941]]
[[ 5.68228773  4.30596877 -2.92513259]]
[[ 5.19480216  5.81467536 -3.58819477]]
[[ 5.97466194  5.68377968 -2.70679047]]
[[ 5.72118641  5.13825542 -3.24374218]]
[[ 5.8138012  -3.34931065  5.79426938]]
[[ 5.55335845 -3.09115498  2.73821667]]
[[ 5.13527245 -3.47429734  5.97698241]]
[[ 5.62395425 -3.49487162  5.70336866]]
[[-3.50357357  5.94015509  5.35146005]]
[[-2.60626958  5.86100141  4.9015832 ]]
[[ 5.99595779  5.71016187 -3.23443911]]
[[ 5.907994   -3.26015395  5.54295843]]
[[ 5.79910418  5.99033045 -2.99427895]]
[[ 5.4549618  -2.64267441  5.78176238]]
[[ 5.68788058  5.5172088  -5.18446873]]
[[ 5.35434156 -3.10394844  5.41196858]]
[[ 5.67978704  5.26571717 -3.74865193]]
[[ 3.92266824  5.97638369 -2.68466349]]
[[ 5.75637458  4.81943165 -3.24492523]]
[[ 5.91211167 -3.60542661  4.21481706]]
[[ 5.96772609  5.5460536  -3.18519001]]
[[-3.1563756   5.94809644  5.76563822]]
[[-2.9997835   5.82897764  5.05368409]]
[[ 5.45636407  5.45822963 -2.6286688 ]]
[[ 5.67009551  5.38214943 -2.83999045]]
[[ 4.99256196  5.55693065 -3.14664792]]
[[ 5.91145214 -3.57619781  5.27396014]]
[[-2.59833424  5.92029062  5.05144274]]
[[ 5.85384443  5.537084   -3.05601481]]
[[ 4.61826499  5.93687223 -2.90439677]]
[[ 5.80757441  5.35892592 -3.16447693]]
[[-2.99441045  5.85138262  4.69841898]]
[[-2.99677971  4.78559813  5.87780994]]
[[ 4.63803071  5.86001188 -2.97727583]]
[[ 4.79561395  5.62026749 -2.66004388]]
[[ 5.68677098  5.13254269 -3.31698258]]
[[ 2.76784123 -2.88323418  5.44130417]]
[[ 5.4738411   5.74277439 -2.8381532 ]]
[[ 5.60199947 -2.94063684  4.61313522]]
[[-2.80214051  5.32467879  5.67122639]]
[[-3.23671029  5.77236118  5.03867907]]
[[ 5.80387063  5.94624688 -3.09420682]]
[[-2.78716158  5.68181211  5.19425865]]
[[ 4.2151407  -3.14101947  5.91970067]]
[[ 5.74165547  4.42428836 -3.15533293]]
[[ 5.54764975  5.68545591 -2.76790863]]
[[-2.98838669  5.59549686  5.46672655]]
[[ 5.86875916  4.76862355 -2.77545301]]
[[ 5.47882529 -3.8796864   5.92280805]]
[[ 5.97576412 -3.55458615  5.45034957]]
[[ 5.11182665  5.78283428 -3.26178096]]
[[ 5.94771725  5.69425332 -3.90631443]]
[[ 5.66771176 -3.02775149  5.0193202 ]]
[[-2.71259091  4.96847514  5.79002529]]
[[-3.47723999  5.90248827  5.90238406]]
[[-3.03486107  5.98796153  4.41714163]]
[[ 4.43181595 -3.38348211  5.79174886]]
[[ 5.80450468 -3.47696199  5.39097113]]
[[ 5.61863886 -3.16379579  5.87562813]]
[[-3.2895737   4.08236663  5.86399132]]
[[ 5.89124121  5.68261094 -3.04347054]]
[[ 5.81736905 -3.72184353  5.78377382]]
[[-3.03351582  4.47884409  5.79283516]]
[[ 5.86561756  5.51066633 -3.24326125]]
[[-3.33335827  5.81401627  5.97206406]]
[[ 5.84396712  4.18582872 -2.61302473]]
[[ 5.13617945  5.93557721 -3.59560698]]
[[ 5.52909499 -2.80736337  5.68768808]]
[[-3.31006985  5.68646902  5.85148721]]
[[ 5.92798394 -3.4727949   4.90663813]]
[[ 4.79038972  5.83156085 -2.98331028]]
[[ 5.56572546 -3.39797865  5.68641499]]
[[ 5.75341932 -3.04212164  5.97851377]]
[[-3.17302276  3.73146158  5.76665334]]
[[ 5.91092046  5.90320206 -3.29114909]]
[[ 5.77488576  4.8162539  -3.44053415]]
[[-3.15798573  5.82084115  5.8672437 ]]
[[ 3.74392325 -2.84460757  5.28635242]]
[[ 5.7236694   5.73839731 -2.71047906]]
[[ 5.88409458 -3.52542707  5.72265759]]
[[ 5.97663173 -3.02172218  5.82031762]]
[[ 5.71491661 -3.09512446  5.49756886]]
[[-2.79668582  5.98337009  5.70474778]]
[[-2.5086912   5.75404773  5.34096535]]
[[ 5.46031735 -2.63645847  5.58849391]]
[[-2.87779597  5.33580841  5.71424943]]
[[ 3.95074911  5.7762267  -3.19845022]]
[[ 4.94536211 -3.13892095  5.98505754]]
[[ 5.8263388   4.98444155 -3.03752858]]
[[ 5.52936784  5.46608319 -2.81394217]]
[[-3.00509659  5.76077745  5.90485282]]
[[ 5.90975494  5.96367919 -3.16604851]]
[[-3.02935672  5.55347246  5.87074737]]
[[-3.9699104   5.89345172  5.41447622]]
[[ 4.94248427  5.91842452 -2.81100026]]
[[ 5.69594552  5.23652253 -3.15924307]]
[[ 5.11035102  5.50896689 -2.638353  ]]
[[ 5.95386062 -3.04037625  5.62088744]]
[[-3.3668279   5.88954907  5.69135719]]
[[-3.76629645  5.81139452  5.93117062]]
[[ 5.66826435 -5.10219298  5.79868013]]
[[ 5.2653999   5.87676894 -3.35645014]]
[[ 5.79530217 -3.05861825  3.650412  ]]
[[-3.4978004   4.89741668  5.95973597]]
[[-2.75389875  5.16538257  4.35199825]]
[[-4.43180796  5.71469433  5.7889956 ]]
[[-2.69528     5.81206729  5.84127585]]
[[ 4.935132    5.96887778 -2.94824609]]
[[ 4.51813352 -3.38553365  5.95348253]]
[[-3.23843814  5.92295483  5.28727399]]
[[ 5.55559509  5.45212883 -2.94167377]]
[[-3.07557107  3.2577917   5.73560658]]
[[-2.59508627  5.6078089   5.33513296]]
[[ 5.93028574  5.8220455  -4.01596682]]
[[-3.07667072  5.81826636  5.19727091]]
[[-4.20634933  5.85146835  4.97875831]]
[[ 5.71009054 -2.78365198  5.67250837]]
[[-2.96525977  5.08144011  5.34856782]]
[[ 5.5330446   5.80710303 -2.72086446]]
[[ 5.72884643 -2.94181201  5.85968859]]
[[-2.48851348  4.22926157  5.97926079]]
[[ 4.35684279 -3.46158994  5.81448215]]
[[ 5.89356833 -3.24780477  3.56076438]]
[[-2.8506204   5.20570794  5.86989356]]
[[ 5.58254043 -5.01433485  5.56759185]]
[[-2.88026308  5.75326885  5.31323039]]
[[ 5.95798785 -3.37814715  4.57214364]]
[[-3.06712037  5.65853652  5.78599881]]
[[ 5.85984751  5.66376827 -3.15197613]]
[[ 5.72219461  5.97603142 -3.21294749]]
[[-3.39316111  5.3916918   5.7625784 ]]
[[-2.66033719  5.64485533  3.63786922]]
[[ 5.57896914 -2.72340879  5.78178144]]
[[ 5.4958419  -2.69378778  4.43560773]]
[[ 5.5690783  -3.24985191  5.15537677]]
[[ 5.52904982  4.61224924 -3.32791994]]
[[ 5.61737343 -3.04431066  5.49499024]]
[[ 5.50180705 -5.00738131  5.64054793]]
