3.5703143,-3.12127447,3.98852487
3.97313634,-3.50872989,3.96978708
-2.75089836,3.9162171,3.92695847
-3.16504809,3.79724593,3.87483269
3.31538765,-2.82507995,3.98388818
3.94686033,-3.05778941,3.5470786
3.46676357,3.65014706,-2.70881641
3.698304,-2.74844835,3.49378881
3.95981129,3.82738102,-3.36989157
3.71004799,3.99711014,-3.26404576
-3.01059976,3.67057543,3.83227663
3.78979517,3.9730558,-3.34786047
-3.30445277,3.84539312,3.9567577
3.77066591,3.75682621,-2.54226333
-3.17104879,3.99989135,3.98297146
3.97977496,-3.14061982,3.83082551
3.2442666,3.97003237,-2.76967935
3.9223932,3.99691361,-3.49173847
-3.38493027,3.85509222,3.98836537
-3.3086574,3.85182051,3.91000259
3.73189029,-3.05882996,3.8361925
3.80799502,3.48390934,-2.68658215
3.96641462,-3.1935897,3.96422364
-3.44839145,3.97470911,3.9524006
3.83271367,3.63101243,-3.04437929
-3.17479889,3.73472988,3.9174446
3.98609612,-2.89127209,3.41459121
3.94237075,-3.22580777,3.9833269
3.27168765,3.97564588,-2.82888698
3.92541139,-3.3030993,3.89832526
-3.02157302,3.9540972,3.49880437
3.82822697,3.86641287,-2.97912693
3.60308472,-2.5979935,3.5096414
3.85805974,3.46075888,-2.72990578
3.92277832,-3.30905281,3.92842531
-2.82206179,3.83612235,3.91636473
3.71583002,3.95425853,-2.97300881
3.97847872,3.85878323,-3.15632532
-3.22302587,3.73563635,3.88402572
3.94229535,3.99504779,-3.50200352
-2.91726473,3.82319229,3.68815565
3.61583561,3.93193443,-3.03352171
-2.95681868,3.98921186,3.93716125
3.9158398,-3.40005823,3.97143006
3.71110344,3.8582438,-2.97089622
-3.05901034,3.883466,3.8528954
3.50943512,3.86268433,-2.84048996
3.67081013,3.66945755,-2.61062355
-3.40864,3.88145718,3.92678021
-2.79062588,3.55985452,3.66489137
3.76899962,3.71377246,-3.03059312
3.9460761,3.32421275,-2.68376219
3.61386401,-2.82211411,3.70084716
-2.86812091,3.84459578,3.61387882
-2.54052548,3.56093792,3.96367307
3.73829259,-2.70935956,3.45522168
-3.30059346,3.90064153,3.79918542
3.95359633,-2.76949072,3.6826991
3.9429781,3.99639125,-3.46204768
3.61761013,3.97114083,-3.01775226
-3.06253993,3.67518765,3.97431274
3.43283602,-2.85500874,3.89224419
3.88210964,3.67529907,-3.12376392
3.98043386,-3.0702937,3.96756452
-2.93274034,3.54422575,3.83332305
-3.28795049,3.7928985,3.91818421
-2.77404633,3.63577158,3.77338285
-3.47896316,3.99506216,3.96056829
3.90847387,3.99518697,-3.28303573
-2.8869273,3.70490637,3.69005523
3.3562087,3.84625802,-2.76087383
3.99389072,3.87909749,-3.38521429
3.8689029,-2.86531202,3.93247104
-2.98212036,3.51091241,3.93548013
3.9753841,3.99194416,-3.46327355
3.8749943,3.96950435,-2.83737322
-3.18060058,3.98162685,3.87649143
-3.10737948,3.91114348,3.89542973
-2.94287061,3.61801385,3.86591339
3.73771191,3.4061588,-2.66658346
3.75986622,3.78466278,-3.05584598
3.60071078,-2.94411783,3.77935713
3.63408801,3.98044038,-3.08615541
3.65727254,-2.92498285,3.94772406
3.90467117,3.99805822,-3.13867762
-3.19276278,3.98542732,3.64107878
-3.15676453,3.88674551,3.92612104
-2.71561389,3.97490432,3.60739131
-3.23660366,3.99347446,3.78489873
-3.34551733,3.89666413,3.90887633
3.95770088,3.91316711,-3.37800961
-3.23664781,3.8471556,3.97784215
-2.92263082,3.64722829,3.7636649
3.86320526,3.99091766,-3.2245777
3.86927624,-3.32686024,3.90429994
3.63446523,3.95055621,-2.77929514
3.63878947,-2.83419756,3.72636894
-2.84786023,3.90700924,3.39926899
-2.64265573,3.73962589,3.81137328
3.41609866,3.78944257,-2.57627177
-3.24879529,3.6941796,3.98537574
-2.9875987,3.95299237,3.53203481
-3.38285694,3.84809997,3.96381423
3.86509416,3.73999012,-2.99328513
-3.24727424,3.99699302,3.73785936
3.91854525,3.98304264,-3.10295554
-3.32550793,3.9879881,3.91266902
3.99902221,3.56832405,-3.16646309
3.99190803,-3.22546215,3.98119091
3.58093378,-2.76096459,3.66911663
3.52539149,3.88079054,-2.97048495
3.73488571,3.72965341,-2.94356862
-3.03892449,3.77565136,3.83342221
-3.31998868,3.97601076,3.9949409
3.99193564,3.86259792,-3.18983521
-3.01055533,3.51829133,3.91856838
3.76969123,-3.07982177,3.89708076
3.95550712,-2.78010527,3.90536656
3.89639562,3.66072953,-3.15342357
3.89668518,3.82885009,-3.20517625
3.89942235,-2.94726938,3.52883031
3.89595394,3.97161628,-3.21104118
-3.13643667,3.8822796,3.93404264
-2.69106711,3.28503652,3.99435162
3.57358199,3.94168891,-2.99078245
-3.24680707,3.65423773,3.99547668
-2.81736641,3.97701592,3.52045069
-3.37567549,3.93055482,3.94469492
3.74279969,3.61359658,-2.80720597
3.78146847,3.48197171,-2.85314802
3.77342855,-3.34882497,3.97507501
-3.01216438,3.894476,3.92932267
3.95600748,-3.44290161,3.90057773
3.95360704,-2.82702859,3.41451476
-3.23298214,3.96500464,3.91891144
3.82532833,3.83479432,-2.79713629
-2.74659608,3.41385896,3.73581536
3.94180525,-2.96513615,3.79264342
3.68535091,-2.90059678,3.86834797
3.75406578,-3.06800107,3.82895354
-3.45003546,3.97033656,3.90493306
3.64437384,-2.88097055,3.88710085
3.65330224,-2.88663474,3.8012726
3.73101719,-2.70840023,3.39877256
3.86787935,3.90039431,-3.07813281
3.71173594,3.85893554,-3.11351621
3.90288378,-3.18582182,3.73140191
-2.9471413,3.9074329,3.59349613
3.91342081,3.4075686,-2.9257131
-3.1312395,3.77898643,3.92282506
3.79894678,-2.97074927,3.7545498
-3.04996854,3.78826583,3.78858781
3.7567159,3.91879665,-3.03572551
3.62399645,-2.86989559,3.95012718
3.99458211,3.94090122,-3.45413541
3.89705455,3.71105402,-2.82740113
3.54671249,3.96527777,-3.07261658
-3.45008077,3.98818309,3.92711907
3.73977537,3.76010865,-2.93804679
3.90908252,3.79741305,-3.12917587
-2.80030003,3.4381891,3.8293756
3.88529901,3.8533727,-3.09753296
3.49956695,-2.94297591,3.84106142
-3.16301939,3.76159378,3.98790835
-3.07048462,3.96916161,3.89869648
-3.18963939,3.78295415,3.90618346
3.99918605,-3.40680481,3.87278987
3.85216717,-3.0948874,3.64194503
3.91700036,3.61460528,-3.10609945
-3.40622969,3.97634856,3.96877992
3.96312963,3.97033006,-3.47766502
-2.62662467,3.94135156,3.21725758
3.78472505,3.45844496,-2.83313591
-3.0546947,3.81756067,3.80564265
3.56661078,3.94566487,-2.82592316
-2.82518181,3.75699004,3.6641291
3.80486153,3.93133753,-2.99432039
3.88494239,-3.46238302,3.98674471
3.95944487,3.75327553,-3.08851568
3.41405838,-2.85080054,3.94195084
3.93474669,3.53367585,-2.95222985
3.31597649,-2.88338359,3.98583276
3.84382107,3.62072399,-2.84620789
3.9730328,3.73098527,-3.25228188
-3.04766612,3.73439824,3.92745472
3.48480612,3.88267932,-2.90468148
3.81076583,3.9256655,-3.29796105
3.95570291,-3.43807941,3.88864302
-2.88052264,3.66881101,3.72132409
-2.96196907,3.50941773,3.90750384
3.55376136,3.95393961,-3.0387848
-3.13846792,3.87936739,3.77299577
3.03182749,-2.57489998,3.95036504
3.64366686,3.99320841,-2.85764539
-3.11186204,3.53609207,3.99286887
-3.42666125,3.83971198,3.99880437
-3.10215709,3.86698446,3.99510635
-3.12970987,3.94921476,3.66809114
-2.68704277,3.52334118,3.61388998
-3.17907394,3.72840272,3.88714564
-3.05337598,3.88131977,3.60442332
3.94274198,3.71297464,-3.24206419
3.97082831,3.8129798,-3.30442944
-3.20746193,3.79387071,3.99468152
3.79125615,-3.320229,3.94174703
3.98145228,-3.43600091,3.92530342
3.98736071,-3.33989884,3.85512191
3.41246268,3.9068392,-2.77017096
3.96372511,-3.12447888,3.62257742
-2.87779797,3.99377243,3.34177787
3.51762051,3.8888786,-2.75267375
-2.6982738,3.73649493,3.94872647
3.95505465,-3.32284845,3.84332778
-2.95566408,3.46877294,3.92931654
3.61030711,-2.81695785,3.97129715
-3.06578102,3.49947888,3.99308861
3.95186099,3.69553193,-2.93659372
3.95771177,3.43104292,-2.89181704
3.99497108,3.65468891,-3.23744033
3.63806519,3.87122599,-3.08975136
3.99057952,3.8387264,-3.40358591
3.94820379,3.99298736,-3.39648759
3.84970855,3.64552235,-2.99051932
3.96042856,-3.54302545,3.97858426
3.83711607,3.58745338,-2.78531264
-3.26497123,3.94297849,3.89379203
3.86342832,-2.67708334,3.73041892
3.64167538,3.83964516,-2.6702574
3.85754663,3.9950848,-3.37053459
-2.81860197,3.92595502,3.3470862
3.98432376,-2.84900246,3.40899961
3.60210497,3.86804664,-2.81276856
3.82919457,-3.24210502,3.8197546
-3.11976937,3.6754032,3.86703996
-2.92826589,3.87367469,3.59132189
-3.05853945,3.78409032,3.89362397
3.90418756,3.74425519,-2.96942442
3.79976029,-3.03104165,3.75981229
3.75201301,3.70081628,-2.92733841
-2.83441084,3.9850666,3.63449744
3.72472267,3.856626,-3.13803237
3.90964338,3.9839588,-3.47506849
3.98629468,-3.16270156,3.97822884
3.92090219,-2.80310131,3.77974528
-3.17677268,3.73362233,3.88873607
3.91899595,3.25171298,-2.76369823
3.97024597,-3.17598253,3.71579069
-3.19320416,3.97391228,3.75520264
-2.82245803,3.83062071,3.44416058
3.83673444,3.62198992,-2.8762981
3.96424633,-3.21315197,3.86615649
3.87026504,-3.02116531,3.98426468
-3.371863,3.91650294,3.89181326
-2.88829,3.63186386,3.81423902
3.77060297,3.91616674,-3.2765725
3.92725162,3.87565372,-2.96050779
3.97655597,3.51531755,-3.07390441
3.99918685,3.8561038,-3.11814604
3.99873102,3.87636901,-2.86279355
-2.8771193,3.45763754,3.81519778
-3.04145948,3.95087565,3.71836363
-3.25538388,3.69369899,3.98227501
3.97376231,3.64877049,-2.97449788
-3.21424237,3.95079456,3.79065415
3.54723377,-3.0040255,3.91455218
-2.73416694,3.79724597,3.8702016
3.87486516,3.62249669,-2.83809574
3.37455945,-2.52329044,3.61052862
-3.15364771,3.6320107,3.98422363
-2.94510193,3.56454239,3.93524306
3.90455873,-3.26081263,3.81699799
3.87218643,3.78551366,-3.15391213
3.98049423,3.99178178,-3.31430341
3.95838023,3.67264689,-3.01092903
3.97784829,-3.27738799,3.90734114
3.56892499,3.80735451,-2.86533262
-3.26491059,3.97590373,3.71461966
3.66666212,3.88076211,-3.14521103
-3.151946,3.99845693,3.97297239
-2.66394392,3.99697209,3.15881333
3.93643511,-3.09431339,3.86417333
-3.21803232,3.86810277,3.76061216
-3.01139022,3.55962815,3.86699799
-2.91338474,3.89053843,3.49934389
3.76380853,3.94881858,-3.00977852
-2.87351952,3.95447024,3.34157192
-3.15481402,3.97147293,3.84226499
3.84670143,3.92464446,-3.0836782
3.91189919,-3.38818634,3.89855436
-3.05289043,3.77093161,3.69764761
3.99914349,-3.28367198,3.84420942
3.65288942,-2.88775479,3.9990393
-3.08693482,3.99694526,3.84968279
3.94727483,-3.22513466,3.732166
-3.25157132,3.83279052,3.8247564
-3.09280582,3.9780617,3.94190136
-3.31048532,3.82511117,3.89857024
3.65880779,3.6943672,-2.70035993
3.99258793,3.51712022,-2.63776008
3.95760837,-3.23350748,3.94122914
3.8555448,3.75889795,-3.00497135
-3.33285981,3.85654943,3.97166526
3.75593288,3.67651816,-2.95298993
-3.06515307,3.57474739,3.98982981
3.67394982,3.97178046,-3.20408173
-3.44016993,3.98300222,3.99491283
3.61484689,-2.95877392,3.85270606
3.82789049,-3.00262681,3.69767536
-3.11119687,3.68926045,3.86508023
3.79672075,-2.6978936,3.31290548
3.8261035,3.84759345,-3.25229708
3.82598675,3.76537922,-2.58900749
-3.21732519,3.98309231,3.88461668
3.74523554,-3.13798322,3.8179907
-3.06213744,3.7408081,3.8177621
3.79009288,3.62445046,-2.72577684
3.96842397,3.85667375,-3.27713188
-3.13793425,3.95054045,3.78308796
-3.14763876,3.76898701,3.9637303
3.879221,-3.16855846,3.78594197
3.83408478,3.86921003,-2.94925633
3.64632927,-3.16001664,3.93600719
-3.3036944,3.88329546,3.82064849
3.92412396,3.68078274,-3.14386916
3.74546205,-2.55556693,3.72559331
-2.86156303,3.91888118,3.54614535
3.92655415,-3.35693198,3.96439838
3.70801025,3.75139177,-2.92511589
-2.75069853,3.98415323,3.26537239
-3.25667799,3.98452994,3.88799791
-2.95419696,3.64350777,3.84567494
3.45471268,-2.85145501,3.89425145
3.99719879,3.9650362,-3.53645417
3.72698758,3.90092583,-3.17881629
3.69891118,-2.6581255,3.60041972
3.97640858,-2.63487319,3.35764032
3.99686139,-3.23770044,3.89923117
3.49862048,3.89089626,-2.85226727
-2.89892607,3.92376869,3.63595583
-3.1011528,3.78218075,3.82175437
3.92924095,-3.29961276,3.90742861
-2.99317259,3.90132422,3.68216225
-3.27887169,3.9783808,3.798457
3.93264789,3.95806445,-3.04842711
3.68442879,-2.82261354,3.59178348
3.93154925,3.96838923,-3.36815015
3.82489726,-3.36447732,3.99357271
3.95093074,3.94757318,-3.28730091
3.93919869,-3.29857645,3.79767108
-3.1481181,3.68941566,3.98637063
3.90311212,-2.7343563,3.55917496
3.84646388,-2.96801033,3.68134834
-3.04403945,3.8544386,3.87946086
3.8147468,-2.68689577,3.61063543
3.87193073,3.97293124,-3.37695093
3.75062128,-3.15466992,3.95553976
3.82332493,3.77103915,-3.13059635
-2.84225076,3.57110254,3.77451405
3.79861098,-2.63932461,3.62974915
-3.02308963,3.62910518,3.98426218
3.98268254,-3.18193683,3.94210033
3.76337346,3.81935357,-2.85906615
3.97537899,-3.19949683,3.83091305
3.99558313,3.98170856,-3.58181985
-3.01377249,3.53690638,3.93579244
-3.12321204,3.89077265,3.89936924
-2.81775457,3.65459614,3.55956994
3.6317676,3.74531787,-2.78398039
-3.25370018,3.989037,3.871404
3.98038373,-3.35718726,3.91881784
3.85969442,3.95309008,-3.20307776
3.93947734,3.82677396,-3.23882778
3.74708476,3.93687344,-3.25731395
3.2040618,-2.75751582,3.96684457
-3.32059934,3.97104444,3.77797006
3.58729375,3.96767959,-3.04695884
3.76281616,3.52892241,-2.79978835
3.90537374,3.74697218,-3.22157018
3.97845921,3.9809588,-3.52347548
3.843135,-3.04644681,3.94798691
-3.17133413,3.86955911,3.78638128
3.75244899,3.63063866,-2.6824827
-3.07705234,3.7818786,3.83056705
3.9838306,-3.07286812,3.99349814
3.85991165,-2.94908977,3.96383263
3.94084473,3.89521135,-2.90754525
3.9939741,-3.41982104,3.91590236
-2.78065372,3.59488157,3.64009087
3.77417543,-3.09554747,3.75138959
3.50695362,3.89577159,-2.83119177
3.65029855,-2.99653701,3.79252911
-2.91122247,3.75311419,3.80345547
3.65337976,3.79543034,-2.92705787
3.95658863,-3.17593125,3.69785696
3.64532435,-3.10464751,3.9981923
-2.65856363,3.42897993,3.78540154
-3.32796501,3.78688601,3.96460683
-2.7711658,3.78820255,3.82737751
-3.0546696,3.87926327,3.71357808
3.93194627,-3.16685606,3.98895012
3.96074378,-3.35137669,3.8878417
3.72106559,-2.96021307,3.8223409
3.98237882,3.73401141,-2.98880197
3.95957618,3.9033358,-2.85155126
-3.12701267,3.78287883,3.88561659
3.76570848,3.78082,-3.13089136
3.96834838,-3.25074195,3.98075689
-3.15281482,3.96372567,3.79035833
-3.05676706,3.95482636,3.71495548
-3.47000904,3.99214047,3.95692558
3.92900033,-3.21744554,3.8087537
3.7308747,3.72701147,-3.02722793
3.70182789,-2.96555066,3.78185788
3.62496785,3.73303312,-2.89324834
3.46655566,3.84580463,-2.81394343
-2.58359871,3.8358505,3.65618153
3.68656846,-2.88775843,3.88381325
3.99768345,3.35539371,-2.83366743
-3.35063447,3.99238631,3.77125779
3.9660879,3.50047145,-2.79463593
-3.43041702,3.96742687,3.94329957
3.69122607,3.98706345,-3.28357106
-2.9718348,3.8369715,3.80875558
3.68074399,-3.15278225,3.88630712
3.77629575,3.99031324,-2.94201048
3.90744925,3.41521779,-2.75029606
3.88579472,-3.39925611,3.96436012
3.5384113,-2.91264643,3.93209519
-3.37438851,3.97708355,3.9632367
3.98789675,-2.98536111,3.80039873
3.98708967,3.7345881,-3.31632318
3.36739867,3.94490431,-2.80670467
3.82961231,3.82556115,-3.22460126
-3.18333532,3.98903576,3.72295432
-2.66741659,3.94537352,3.25599251
-2.98718462,3.54437106,3.95028881
-3.05046871,3.70838317,3.95643929
-2.8092245,3.58793921,3.8876571
3.98974243,3.60064097,-3.11533696
3.89147949,-2.86716801,3.72541602
3.78354514,-2.97015776,3.89451282
3.99070522,-3.49716715,3.92416218
3.60291895,3.89395608,-3.06513972
3.95937215,3.74809283,-3.20688357
3.90526625,-3.14161735,3.75110327
-2.88192833,3.82170597,3.98166045
-3.01896966,3.58975335,3.98723368
-2.66488712,3.87695151,3.33037231
3.91915182,-3.31125477,3.98721573
3.98478576,3.98291233,-3.44374948
3.96476746,3.74980864,-3.24295023
-3.14253628,3.98129215,3.63288155
-2.85836498,3.71819745,3.89723583
-2.69180586,3.85489418,3.24597269
3.76530442,3.96308519,-2.74802528
-2.75197007,3.80860984,3.43926472
3.76799387,-2.80180667,3.9428202
-2.82976879,3.91317868,3.35667268
-3.12582956,3.78395732,3.82737473
3.91300422,3.45417356,-2.91195177
3.76182744,3.92474205,-2.72592339
3.85483222,-2.95669324,3.49798718
3.79419937,3.71012231,-2.7589057
3.45399478,-2.98604204,3.9948706
-3.12022075,3.75951863,3.8418292
-3.23672032,3.9182878,3.91667802
3.91513974,3.71025148,-3.20528949
-2.60182361,3.27614529,3.72690771
-2.97782594,3.54129285,3.87019794
3.75550154,3.61688299,-2.84555348
3.91346401,3.78444557,-3.30042425
3.97935583,3.52659992,-2.9380839
3.65258092,-2.79088953,3.56784336
-2.9241105,3.86795448,3.86836097
3.70478823,3.67176114,-2.80167168
3.94192271,-3.12664648,3.6700657
3.6696723,3.82750073,-3.03863151
3.83194092,3.91039471,-3.03485106
3.99058744,3.35189645,-2.73210668
3.71914646,3.80211944,-2.93889119
3.68617483,3.94730182,-3.01656503
3.87830531,3.85902995,-3.09034123
3.72170055,-2.89401216,3.98647767
3.79911447,3.97904562,-3.13141174
3.9631855,3.85322972,-3.04057961
3.28393175,-2.81409131,3.942558
3.72085031,-2.83077283,3.80329641
3.63591512,3.76508673,-2.87775795
-3.06094498,3.67981047,3.90574721
-2.68030385,3.62805388,3.64086879
3.91881495,-3.15045716,3.90003182
3.83017999,3.60298752,-2.95723848
-3.23440075,3.92750435,3.82752019
3.86997165,3.56814434,-2.96437158
-2.91360988,3.9712629,3.37837969
3.89587883,-2.98345198,3.92798993
3.94625345,-3.37561696,3.93005798
-3.20519345,3.93919217,3.84112951
-2.96392439,3.81455373,3.62094504
3.96536053,3.99140162,-3.18714345
3.93605584,-3.38770479,3.92395402
3.59548122,3.83704743,-2.98109069
-3.38783245,3.95331894,3.92464703
-3.11966333,3.61772782,3.91877114
3.88318182,-3.0662644,3.8108259
3.50572268,-2.96802447,3.99300919
3.94228468,-3.21826971,3.70932711
-3.09147442,3.7341427,3.86774599
3.76066953,3.87060862,-3.2068837
3.84139491,-3.18114091,3.93414665
3.85410795,-3.04489692,3.79776771
-3.00878723,3.80146954,3.60468561
3.82297201,-2.97235576,3.76990104
-3.39734792,3.97191117,3.9322758
3.84699776,-2.99886947,3.9111231
-3.00376218,3.90434805,3.76948101
3.89016994,3.87400369,-3.3621281
3.83237172,-3.13415263,3.95237557
3.78784016,3.98313486,-2.90268849
-2.87231628,3.78758651,3.53389785
3.68780321,-3.04238776,3.95313549
3.65282066,-2.92259827,3.6720741
3.81654627,3.85145552,-3.02969576
3.70600698,3.87672937,-2.98978662
3.95339011,3.65073816,-2.74643767
-2.74079139,3.92398675,3.70562846
3.89870519,-3.17497253,3.91190938
3.97893088,3.98660349,-3.52912259
3.91072678,3.80647476,-3.09749125
3.61453637,3.64474817,-2.85829935
3.76708212,3.56825388,-2.75749361
3.9278644,3.98700776,-2.87751097
3.60742066,-2.84004951,3.63504751
-2.86844999,3.74848843,3.54153513
3.85316025,-2.89629084,3.47429979
3.97735404,-3.51040361,3.92814461
3.84605163,-3.24810542,3.83396526
3.80204245,3.98543592,-3.31450348
-3.00712484,3.77363628,3.74055454
3.82550662,-2.99141706,3.62327409
3.65526034,-3.00689812,3.8044859
-2.87546703,3.60914253,3.76443604
3.4811012,-2.54508034,3.82064301
-3.22161166,3.84700835,3.80919968
3.63619247,3.98270168,-3.07891025
3.70934632,-2.85659292,3.54364604
3.71801832,3.84817393,-3.09899271
3.71510553,-2.95240261,3.88142739
3.80963481,3.97581366,-3.20095823
3.75656848,3.9444956,-2.97422718
3.83674991,3.70561674,-3.03936545
3.79782029,-3.34989781,3.96749944
-3.32067422,3.97403558,3.80305658
3.78181043,3.99340971,-3.32919757
-3.32620182,3.83711176,3.93172667
3.68644095,-2.87448234,3.89253139
3.92374804,-3.25450924,3.81413793
3.74946718,3.80997601,-2.6592705
-2.95782168,3.89097573,3.93403524
3.97123266,3.67819443,-3.08459874
3.84300319,-2.95497475,3.64747191
3.69282728,3.74314588,-2.95037185
-3.10497411,3.75043012,3.92059729
3.89359105,3.60738828,-3.01926537
3.89012651,-2.81706908,3.36138358
3.72203623,3.96532423,-3.02378494
3.94475291,-2.83219448,3.87315719
-3.21263427,3.71454185,3.91301401
-3.32292905,3.95718052,3.93785771
3.97887305,3.8986814,-3.15274799
-2.97494621,3.6695044,3.83724045
3.5030649,-2.61832029,3.82533966
-2.91650192,3.73546117,3.66527757
3.9922366,-3.19644901,3.71895893
3.94788024,-2.92686961,3.44546352
3.69670064,-2.93450597,3.64938362
-2.83705809,3.88364658,3.62676056
-2.70679561,3.95399326,3.36233466
-2.82666035,3.8049901,3.90783211
3.97521721,3.79926058,-3.35052643
3.82442689,-2.94621994,3.69005068
3.93543576,-3.16261832,3.92093203
3.66397047,3.75943503,-2.95509107
-2.81195953,3.68859306,3.87919846
-3.36089602,3.96639061,3.80477658
3.8930203,3.95719068,-3.44467298
-3.06718695,3.84667574,3.96830429
3.9319009,3.74982093,-2.89701473
3.94520058,3.8358196,-3.33449252
3.93227246,-3.02607821,3.55530117
3.8519351,-3.24650259,3.92836142
3.96056421,3.90851402,-3.39707875
3.9951296,3.99846308,-3.41120778
-3.16069035,3.85410451,3.85963476
-2.96903149,3.76847551,3.93492742
3.51967252,3.88334395,-2.69258593
-3.27064594,3.92912597,3.75780627
3.80925531,-2.96984732,3.93271887
3.99784208,-3.33410459,3.75395274
3.84523631,3.76497535,-3.19014866
3.64304381,3.95375037,-2.84919439
3.85927913,3.46321675,-2.74150831
-3.19551364,3.70819816,3.96562792
3.87163766,-2.9512688,3.49352661
3.91221884,-3.42552256,3.97908488
3.86470332,-3.12121574,3.95452836
-2.89512402,3.50989932,3.90937093
3.68341038,-2.7781076,3.95823282
3.67843239,3.93575537,-3.21345105
-2.91266083,3.98549349,3.42171378
3.77330671,3.63874996,-2.9143877
3.98176436,-3.1575893,3.96367876
-3.18760005,3.75487723,3.95050763
3.97403275,3.99194401,-3.51785439
-2.80578686,3.67742723,3.86148687
3.69956103,-3.09427479,3.98355661
3.42085866,-2.73000636,3.96136969
3.68178192,-2.86873521,3.97305861
3.82190471,-2.83634458,3.91218156
-2.71275672,3.96421026,3.8680411
-2.85751223,3.96994364,3.66123423
3.32858234,-2.80318185,3.87867009
3.46936693,-2.88427367,3.85786235
3.81987035,3.96789896,-3.0334202
-2.93663827,3.87889781,3.82635661
3.78020597,3.62796973,-2.85018235
-2.7908716,3.69154702,3.65201248
-3.23410508,3.97529008,3.97618747
3.86275502,3.94336008,-3.11950779
-3.09659645,3.80293722,3.84259805
-3.02509976,3.84164446,3.70445956
3.91259663,3.88481194,-2.77104656
3.86364457,-3.31906936,3.85248033
-3.19683857,3.9267362,3.90868403
3.90055223,-3.29117381,3.95813537
3.83855019,-2.98806592,3.67080988
3.95683957,-3.20567144,3.76206039
3.73401358,-2.86295986,3.52920431
3.59331254,-2.89753049,3.75819164
3.85278801,-3.40492581,3.97387413
3.99671244,3.99673881,-3.41852988
-3.17965195,3.86444222,3.71031827
3.95740678,-2.97704014,3.78430014
3.73180853,-3.14314219,3.94991918
-3.00729656,3.89403775,3.70956913
3.87874597,-3.18245671,3.83247402
3.86356706,-2.86001905,3.62744801
-3.01301027,3.96480952,3.7973454
3.70046771,-3.10711664,3.91008114
-3.0452628,3.65843727,3.85628125
3.77440467,-3.11001616,3.86337913
3.9939344,3.90838917,-3.35582179
3.86762168,-2.92408823,3.51873993
3.81845402,-3.17572139,3.77245004
3.82816195,3.98356809,-3.33980655
3.99434204,3.21235706,-2.69982881
3.93052947,-3.3922585,3.91979069
3.89030749,3.78212011,-3.26767819
3.95274553,-3.13725524,3.68921045
3.93657329,3.45964484,-2.916182
-3.11541789,3.89432134,3.64285782
-2.6211477,3.46136418,3.860261
3.88840403,3.90065329,-3.2941438
3.95639619,-3.30040331,3.83170269
3.46343828,3.88321792,-2.93791462
-3.22928813,3.78585673,3.9825429
3.72497458,-3.27449424,3.96099858
3.8968768,-3.31950768,3.87951586
3.81852479,3.8720551,-3.13025418
-2.68795249,3.91956056,3.41677358
3.72364684,-2.9856916,3.66517189
3.98059034,-3.34701121,3.90700756
3.91287166,3.87893327,-3.35523669
3.72864572,-2.98249733,3.87247777
3.90088711,-2.96696426,3.7003727
3.6586922,3.83286324,-3.09524616
3.94767181,3.8027539,-3.21434104
-3.29219357,3.84310602,3.96622917
3.95021017,-2.86823128,3.6575364
3.97798464,-3.16042115,3.71508038
3.89610712,-2.74544965,3.28752526
3.98274354,-3.32667325,3.87202846
3.89276818,-3.21650245,3.95048176
3.99095801,-2.74778286,3.65749157
3.95684914,-3.11232258,3.95110273
3.67672448,-3.16851332,3.96025555
3.97859749,3.55535407,-2.6868445
-3.20745153,3.80688553,3.85623348
3.95576478,3.99217112,-3.51370559
3.95606287,-3.01574514,3.89012673
-2.7734201,3.97807464,3.66683523
3.89453472,-2.83842363,3.49748468
3.95953221,-2.95619618,3.45110801
3.50785203,3.98369748,-3.0942113
3.78667135,-2.59625108,3.60912648
3.85716456,-3.25985766,3.80526671
-3.26419636,3.91313144,3.98118039
3.89484562,3.87734402,-3.31151466
-3.10638521,3.99440825,3.99477231
3.93710483,-3.47577575,3.95835905
3.3015497,3.83155463,-2.59203385
3.75671129,3.62638917,-2.74027887
3.98075557,3.7747435,-3.28897862
3.65818979,-2.93180112,3.93732287
3.96342196,3.97574231,-3.23324841
3.87020374,3.98935989,-2.85912377
-2.92666066,3.52066041,3.8453531
-2.81110611,3.99936242,3.76566193
3.97866953,3.83088497,-3.20424059
3.98021972,-3.0441121,3.4672406
3.95152311,3.73473559,-2.97058377
3.77987342,3.96504952,-3.2512752
-2.67830786,3.93327218,3.68484589
-3.03980464,3.6057874,3.94627895
3.86948473,-3.34487973,3.92479531
3.9648532,3.83639073,-3.02094541
-3.06264303,3.72912576,3.73103383
3.85685732,-2.8832828,3.51750694
3.49965419,3.97438414,-2.81100957
3.63603298,-2.91278523,3.87141144
3.71415392,3.71423818,-2.72285865
3.87114512,3.87318357,-3.27108927
-3.40388887,3.98099164,3.89965419
-3.02788564,3.96823862,3.60452409
3.4247781,3.96374516,-2.84395321
3.89052867,3.87109296,-3.31488323
3.96451407,-3.08692647,3.83144923
-3.17411206,3.75736859,3.84880635
-2.85538602,3.77124446,3.78070926
-3.08172494,3.85006567,3.69148507
3.6750722,3.85914331,-3.12123947
-3.25556214,3.80082978,3.9413218
-3.27333138,3.78455812,3.89583632
3.93204468,3.90635286,-3.29360163
3.87014453,-2.87877384,3.43888437
3.9053148,-2.61068025,3.26530997
-3.33349205,3.9254003,3.99308411
3.80546171,-2.95657129,3.57646933
-2.80251429,3.91662168,3.31901573
3.87147579,3.99476239,-3.42956635
3.88933397,3.94020416,-3.13730846
-3.10171367,3.76130566,3.75525528
3.8406684,3.98580123,-3.29151419
-3.2330071,3.92677047,3.75034393
-2.90142105,3.59693122,3.7468956
3.77405283,-2.7010157,3.77900146
-2.70692898,3.99717675,3.90677383
3.79794434,-3.18853098,3.92572525
-3.11213377,3.60328934,3.92824113
3.96896172,-3.15992858,3.61996081
-3.27229303,3.88622115,3.78817418
3.27466087,3.94611202,-2.76498838
3.56774928,-3.03670134,3.91448686
3.41635581,-2.97857425,3.96079072
3.68791136,-2.84934217,3.70121789
3.94077346,3.91193787,-3.4321694
3.80885991,-2.95005757,3.83371828
3.82097569,3.57004546,-2.88490666
3.83784171,-3.26562771,3.99993034
3.93879915,-3.32940978,3.93572209
3.81362686,3.80984298,-3.08620345
3.89324761,-3.32973269,3.93007822
-3.23414011,3.80854298,3.84303475
3.98425081,3.79371689,-3.32724618
