[[-1.50200676  3.51821619 -3.60019101]
 [-3.52782602  2.5066327  -3.92363034]]
[[-2.85062697  2.84875373 -2.04470691]
 [-2.76517706  3.74200167 -2.22019371]]
[[ 2.8412254  -3.48593835 -3.7551742 ]
 [ 3.9509538  -2.15745801 -3.76863711]]
[[ 2.86065411 -1.58720889 -3.78228872]
 [ 3.75265981 -3.3966693  -2.48722521]]
[[-3.43785015  3.25061626 -3.83938742]
 [-3.2605791   2.14155542 -3.87518787]]
[[-3.36592749  3.22613552 -2.19207117]
 [-2.46234162  2.21871355 -3.34933501]]
[[-3.87100618 -3.40110183  2.82793485]
 [-3.31300087 -3.78785813  2.53433604]]
[[-3.09744935  3.78661167 -2.62354724]
 [-3.58839236  2.84027832 -3.65159231]]
[[-2.94923863 -3.30710499  3.22116694]
 [-3.79251366 -3.76459136  2.95035866]]
[[-2.8884725  -3.27423254  3.32049331]
 [-3.13262199 -2.27501366  2.44443644]]
[[ 3.20993572 -3.66104    -1.88678385]
 [ 2.22513353 -2.54736892 -3.73791831]]
[[-2.23720579 -3.93629347  2.01332776]
 [-2.53278504 -2.33984834  2.83750771]]
[[ 3.57173691 -1.38303154 -2.7810041 ]
 [ 1.3541828  -2.92855769 -2.87441029]]
[[-3.94595632 -3.89713801  3.31929756]
 [-3.2308536  -3.22476049  3.84944577]]
[[ 2.09067167 -3.08087735 -3.11766906]
 [ 2.69129677 -2.37770195 -3.099573  ]]
[[-2.81135332  3.15495684 -2.01668463]
 [-3.62155208  2.79772604 -3.19212199]]
[[-3.22207507 -3.41492865  2.32504919]
 [-3.58761814 -2.94102634  2.46184797]]
[[-2.9392737  -2.17954062  3.85417781]
 [-2.2983221  -3.62698144  1.7982736 ]]
[[ 3.15755303 -1.64402998 -3.08537017]
 [ 3.59475001 -3.17282191 -1.95019388]]
[[ 3.50316833 -3.92328599 -3.00263887]
 [ 1.99326492 -2.10440283 -3.92316979]]
[[-3.66282207  1.50717088 -3.9077428 ]
 [-2.37710641  3.76690865 -2.39925845]]
[[-2.8833238  -3.33182315  2.77383209]
 [-3.97349319 -3.53589511  2.76201432]]
[[-2.76800206  1.86363413 -2.76352685]
 [-2.2752027   2.73001196 -3.76966356]]
[[ 1.43291834 -3.08485114 -3.26373436]
 [ 2.66126769 -2.10188187 -2.96565779]]
[[-2.435894   -3.23315654  2.08108774]
 [-3.36201954 -3.38674832  2.4123828 ]]
[[ 2.9390651  -2.8335864  -2.20403386]
 [ 1.53720423 -3.86118661 -3.10100135]]
[[-2.11540403  3.03966737 -3.87657321]
 [-3.94467451  2.12584837 -3.7801756 ]]
[[-1.342632    3.83881919 -3.35956553]
 [-3.6963535   3.13602911 -2.68317646]]
[[-2.93450406 -3.79367279  2.74830496]
 [-3.65836287 -2.55786094  2.72122929]]
[[-2.93999934  2.99464656 -3.21644366]
 [-1.98628034  3.96717542 -2.42370014]]
[[ 2.19884296 -3.42884954 -2.92440544]
 [ 3.03670204 -3.19447159 -3.99602321]]
[[-2.51995375 -2.36489009  3.46984063]
 [-3.08705544 -3.52768567  1.62877391]]
[[-3.64200509  3.91023144 -3.01538347]
 [-3.54873369  3.23390131 -3.21130536]]
[[-3.36809403 -3.02328479  3.19598945]
 [-3.20944294 -2.84426456  3.42298949]]
[[-2.41985179  2.0077701  -3.48773448]
 [-2.99999955  3.93831811 -2.33409521]]
[[ 3.34213015 -2.71712531 -2.59946427]
 [ 3.91965115 -2.47472507 -2.95373541]]
[[-2.72336562 -3.09785996  2.86419551]
 [-2.68844774 -3.24057638  3.95934925]]
[[-2.85555615 -3.06805918  3.30960527]
 [-3.71953963 -1.79191509  3.18785337]]
[[ 2.83526429 -1.99409492 -3.86728114]
 [ 3.45971764 -1.78353839 -3.25720049]]
[[-2.75731687 -3.76126191  1.18244802]
 [-1.82022019 -3.07312653  3.13755123]]
[[ 2.91805109 -2.41263605 -3.0224961 ]
 [ 3.65651799 -3.82922529 -2.59656338]]
[[-2.1676095  -2.60500884  2.91017882]
 [-2.92029215 -3.42160487  3.73738423]]
[[ 3.92782421 -3.96085254 -2.64594695]
 [ 3.4519798  -3.68416433 -3.91143636]]
[[-1.72720448  3.06914339 -3.24979426]
 [-3.72392467  3.18774281 -2.28009797]]
[[-2.88715259 -2.03696786  3.68139426]
 [-3.94560443 -3.69770028  1.44475197]]
[[ 2.48918972 -2.04541626 -3.66553891]
 [ 2.6294993  -3.60708246 -2.60160489]]
[[-3.72591471 -3.31059455  3.41039105]
 [-2.97478873 -3.02263221  3.50866886]]
[[-3.68021195 -2.86603875  3.49889107]
 [-3.76229036 -3.39446114  2.70420502]]
[[ 1.70677108 -3.31397713 -3.06851535]
 [ 2.91513513 -3.99901029 -3.82756002]]
[[ 3.95138757 -3.02322436 -2.47195995]
 [ 3.78735698 -3.43464649 -3.07276399]]
[[-2.99304752 -3.0372319   2.58127335]
 [-3.55673555 -3.98118516  2.17891074]]
[[-3.01762004 -3.60320621  3.37937034]
 [-3.80856003 -3.1987557   2.32183312]]
[[-3.90202584  2.79124558 -2.28240456]
 [-3.82293467  1.96055628 -3.67152505]]
[[ 1.95797917 -3.63995954 -3.50763897]
 [ 3.52777683 -2.69177339 -3.61132941]]
[[ 3.15116802 -3.72790927 -3.67677134]
 [ 3.72295127 -3.47770871 -3.80687974]]
[[-3.39910419  3.52386986 -2.54311329]
 [-3.69987394  3.65248495 -2.310322  ]]
[[ 1.78458162 -3.70863567 -3.30874819]
 [ 2.95939391 -3.20270328 -3.05385039]]
[[-3.23769684  3.44416857 -3.04475705]
 [-3.87941994  2.4740697  -2.9453626 ]]
[[-2.63599381 -2.95617397  2.81179929]
 [-1.73044339 -2.21279122  3.21549317]]
[[-3.27616157 -3.76195349  1.41910329]
 [-2.46202863 -3.93954569  3.15164002]]
[[ 2.49888846 -3.37381129 -2.44057387]
 [ 3.99397987 -3.7865819  -3.05298987]]
[[-2.88430276  3.5940992  -3.09208076]
 [-3.78163709  3.68448846 -2.99518181]]
[[-3.26366538 -2.64127667  1.62610853]
 [-3.70394991 -2.33483586  3.0297215 ]]
[[-3.05938308  3.15014603 -3.33599761]
 [-2.77420805  3.36695591 -2.3234432 ]]
[[ 3.57211176 -2.8528054  -3.36295087]
 [ 3.13211776 -3.93058476 -3.46625891]]
[[ 2.69269931 -3.76906412 -1.82094694]
 [ 3.03860538 -3.03262907 -2.19633477]]
[[ 2.31031705 -3.62976031 -2.77006498]
 [ 3.17606495 -3.21198524 -2.91070119]]
[[ 3.43844243 -2.7641644  -2.00394668]
 [ 2.680997   -3.45486297 -1.65924128]]
[[-2.07599573 -3.27700118  3.45038408]
 [-2.54202997 -2.53097973  3.19329567]]
[[ 3.97706461 -3.89749594 -3.81373918]
 [ 3.93726073 -2.52207915 -3.67759107]]
[[-3.25505736 -3.62336166  3.71967007]
 [-2.35388701 -3.62725097  3.27975112]]
[[-3.37513904 -2.57733114  3.55627821]
 [-2.83419842 -2.41109025  3.2528405 ]]
[[-3.46759917  2.02918753 -3.09369479]
 [-3.94875166  1.99276234 -3.03088701]]
[[ 2.6484623  -3.07463908 -3.3339769 ]
 [ 3.1929198  -2.78879501 -3.83264164]]
[[-3.38805055 -3.66995111  0.87953787]
 [-2.29515297 -3.96343075  2.36921296]]
[[-3.87361797 -2.71055889  2.81498371]
 [-3.28675015 -3.51471865  3.84534364]]
[[ 3.96376097 -2.71384031 -3.13307839]
 [ 1.6822235  -3.83794392 -2.58270143]]
[[ 1.91167066 -3.8790648  -2.49750382]
 [ 2.47020577 -3.15672818 -2.35569031]]
[[ 2.42963638 -3.50690308 -3.47202713]
 [ 3.48221929 -2.46205356 -2.93754677]]
[[-3.25441908 -3.94595103  2.54608817]
 [-3.56872194 -3.41239728  3.58566857]]
[[-2.65467999 -3.31901104  3.32336198]
 [-3.78223299 -3.58061462  2.3412977 ]]
[[-3.95421303  3.40375511 -2.74516885]
 [-3.82377936  3.18315315 -2.14467342]]
[[-3.84688028 -2.0083408   3.12940705]
 [-3.1023836  -2.07182982  3.87234386]]
[[-3.93358952  2.31270761 -2.54763618]
 [-3.23891003  2.72295734 -3.33531132]]
[[-2.68049484 -2.00077295  3.39913263]
 [-2.51857535 -2.39153589  2.74193566]]
[[ 2.83144101 -2.66771085 -2.23560584]
 [ 2.91171123 -3.06216369 -2.26160067]]
[[ 2.86566725 -2.95879191 -3.85305046]
 [ 3.62087775 -1.57638906 -3.94038982]]
[[ 2.20251576 -3.3547364  -3.91413201]
 [ 2.2051011  -3.36753374 -3.91074954]]
[[ 2.4932173  -3.69281208 -3.52547476]
 [ 2.57503037 -3.6955643  -3.41023844]]
[[ 2.48834794 -3.34310538 -3.99348866]
 [ 2.74634066 -2.83417471 -1.9832475 ]]
[[-1.68762037 -3.30589067  2.10303877]
 [-1.26037427 -3.41554672  2.99926796]]
[[ 3.00433815 -3.85410031 -2.3455422 ]
 [ 2.47812538 -2.58589579 -2.68489133]]
[[ 3.15940306 -2.4522159  -2.45063343]
 [ 2.19330089 -3.92066065 -2.61670911]]
[[-3.97401467 -3.77544399  3.43336819]
 [-2.67366282 -2.41016185  3.61977548]]
[[-3.22338178  1.43899982 -3.33408341]
 [-3.81594648  3.69776186 -2.90665783]]
[[-3.5936248  -3.86797233  3.74958827]
 [-2.4691953  -2.84482715  3.56835493]]
[[-2.49241954  3.84084642 -3.72472703]
 [-3.55573133  1.91211262 -3.97813592]]
[[ 1.71275627 -3.8101861  -3.97979091]
 [ 2.36049871 -2.83092198 -3.67125103]]
[[ 3.24490202 -3.71445065 -2.83025049]
 [ 3.30728727 -3.77749945 -3.59699926]]
[[-3.9300588  -3.19574692  2.89817313]
 [-3.80988957 -3.24220482  2.92746848]]
[[ 3.5379714  -3.35019341 -3.27839045]
 [ 2.95332483 -3.38150147 -3.74994743]]
[[ 3.59845159 -3.88127147 -2.19153174]
 [ 2.85306297 -3.72565112 -2.06742883]]
[[ 2.5411622  -2.04484679 -2.25013511]
 [ 3.77122222 -3.47683263 -3.60813579]]
[[-2.80919244 -2.11807318  3.91268693]
 [-3.6799319  -2.86794649  2.92578871]]
[[ 1.89288362 -3.89243545 -2.07807267]
 [ 3.83444125 -2.53077482 -2.23491077]]
[[-3.54439996 -2.97036297  3.35781953]
 [-2.3489095  -3.38214005  3.67375356]]
[[ 3.88946079 -3.970471   -1.11321377]
 [ 3.00120649 -3.11490342 -2.99260223]]
[[-1.96744128 -3.00497766  2.88535586]
 [-2.41861281 -2.28564273  3.7451473 ]]
[[-3.40258928  2.69067343 -3.51233981]
 [-2.43188313  3.36833618 -2.73488477]]
[[-3.71822339  3.78678945 -2.77341801]
 [-2.42392475  3.53385362 -3.13409662]]
[[-3.79902242 -2.04098595  3.15843752]
 [-2.38455767 -2.44389002  2.86438469]]
[[-2.76086888 -2.6884929   2.90303022]
 [-1.71089149 -3.62795655  3.69785838]]
[[ 2.41176371 -3.16190464 -2.36398035]
 [ 1.78868578 -3.2754207  -3.45713459]]
[[ 3.553562   -2.10270812 -2.00423747]
 [ 3.75279942 -3.15980058 -2.32425033]]
[[-2.44512565 -3.7194208   3.93772595]
 [-2.66264149 -3.84696698  1.99026995]]
[[ 2.67502652 -3.57550922 -3.40988208]
 [ 2.73994252 -3.81183784 -2.61144984]]
[[-3.96466424  2.05910105 -2.60798076]
 [-2.93755673  3.32976675 -3.21536163]]
[[-3.87679758  3.33981551 -3.77471989]
 [-3.9734982   3.1267236  -3.00093459]]
[[-2.18003732 -2.80383836  2.49614639]
 [-2.47452304 -2.67572319  3.91314406]]
[[-3.21873574 -3.1488308   3.82278382]
 [-3.19494754 -2.95605225  3.77138861]]
[[-2.3231856   2.45431629 -3.99736846]
 [-3.44785002  3.49951429 -2.49855468]]
[[-3.10750097 -2.31139236  3.06796346]
 [-3.05086921 -3.39350856  3.14549417]]
[[ 2.54976306 -3.0561987  -3.94613117]
 [ 3.20816682 -2.32495696 -3.84464073]]
[[ 2.95787189 -3.86010082 -3.21616428]
 [ 3.2726003  -3.7927195  -3.12434788]]
[[-3.38499371 -1.69690593  3.84512899]
 [-2.92712641 -2.73328952  3.32157644]]
[[ 3.25455871 -3.19640813 -2.77316706]
 [ 1.30011346 -2.88449535 -3.58690115]]
[[ 3.97868576 -2.1434147  -3.28960072]
 [ 3.94446721 -3.47536983 -3.78998704]]
[[ 2.63154828 -1.49505661 -3.04467095]
 [ 2.79622785 -3.88726688 -3.11376787]]
[[-3.53947867 -2.09609001  3.61843725]
 [-3.08677437 -2.4603032   3.24530317]]
[[-2.41222363 -2.82337487  2.98378795]
 [-3.48438925 -3.4313985   3.49418949]]
[[-1.71658245  2.44241034 -3.38574872]
 [-1.72425791  2.2357461  -3.26819204]]
[[ 1.51171458 -3.87364517 -3.65157375]
 [ 3.04964251 -3.36535582 -2.34350375]]
[[-3.72930389  2.42010112 -3.32056202]
 [-3.06349337  1.7912248  -2.41650325]]
[[-3.4875888   2.82240508 -3.84095545]
 [-3.77604184  3.40438079 -3.23206984]]
[[ 3.15474118 -2.52390963 -3.61771661]
 [ 3.82334505 -2.77629497 -2.69551826]]
[[-3.17478973 -2.3501639   3.69528788]
 [-2.62305925 -3.01717177  3.38137223]]
[[ 3.03912844 -2.67081546 -3.04571477]
 [ 3.93112681 -3.32172285 -2.27898857]]
[[-2.21361282  2.73735825 -3.19927372]
 [-2.84210943  3.61658523 -2.46876014]]
[[-3.1109242   3.94774407 -1.93759586]
 [-2.7396628   2.32595475 -3.55192151]]
[[-3.60302171  2.68478967 -2.11482336]
 [-3.42517639  2.62774193 -2.8486098 ]]
[[ 3.70461658 -1.88447394 -2.00363846]
 [ 2.58621088 -3.40880002 -1.87030854]]
[[-2.71206701  2.1776209  -3.48980561]
 [-3.10217915  1.9768498  -3.84754291]]
[[-2.57054414  2.95396961 -2.78746604]
 [-2.89867451  3.95735273 -3.49909995]]
[[-3.1914737   2.90225879 -3.25398344]
 [-2.75292466  2.53305865 -3.7650867 ]]
[[-2.41501869 -2.86397047  3.8143757 ]
 [-2.69635841 -1.94148309  3.48079153]]
[[-3.37377222 -2.0052094   3.01609724]
 [-2.58039326 -3.23784235  3.82893913]]
[[-1.96831132  3.76461921 -3.83205395]
 [-3.16679723  3.70966306 -3.75784953]]
[[ 1.93256863 -3.66835169 -3.6844786 ]
 [ 3.64959878 -3.07484805 -2.42200936]]
[[-3.88764715 -2.75864155  3.82617294]
 [-3.29224662 -2.53459445  3.0013941 ]]
[[ 3.73083334 -3.99286095 -1.87507613]
 [ 3.21788397 -3.62677298 -3.2429041 ]]
[[-2.63805267  2.26478954 -2.85583771]
 [-2.36584545  2.84554851 -2.73603517]]
[[ 2.9598908  -3.99819212 -2.58846487]
 [ 1.99578092 -2.97572858 -2.93726627]]
[[-3.31291884 -3.14252785  2.80407623]
 [-3.38860387 -3.02655843  2.83253799]]
[[-3.63799686  2.78422564 -2.25258186]
 [-1.89449017  3.46134352 -3.73874039]]
[[-2.74288066 -3.72169864  2.43817567]
 [-1.37753766 -3.80146294  3.25520069]]
[[-3.31168754 -2.39499928  3.0694226 ]
 [-3.86407023 -3.96085344  2.49007351]]
[[-2.93259975 -2.94445154  3.63168564]
 [-3.01087193 -1.91104031  2.71870405]]
[[ 3.06542747 -1.97942404 -2.50876408]
 [ 3.48116685 -3.28099522 -2.31284406]]
[[-3.29549843 -3.95130091  3.48153634]
 [-2.67832551 -3.34773164  2.97014132]]
[[-3.98668548 -1.85015354  3.25758785]
 [-3.08547166 -2.90815215  3.27582639]]
[[ 2.98884981 -2.38078566 -3.35809056]
 [ 2.39471035 -2.72459678 -3.27250563]]
[[-3.98937691 -3.39679583  1.69291123]
 [-2.60276191 -3.88360225  3.16176571]]
[[-3.87874918  2.97449596 -1.84728338]
 [-2.53784689  3.58726716 -3.24042892]]
[[ 3.75760749 -2.90101052 -3.85444318]
 [ 3.3544603  -1.89492886 -3.16829705]]
[[ 2.53770514 -3.51518492 -2.19887261]
 [ 2.52734638 -2.6581704  -2.69825521]]
[[ 3.1315528  -3.94491287 -2.37712114]
 [ 2.16428736 -3.64559106 -3.13092352]]
[[-2.36917511  3.04749353 -2.48934604]
 [-3.08116563  3.268603   -3.73615587]]
[[-3.75014074  2.38957885 -3.21759029]
 [-3.07806331  3.61993111 -3.68558044]]
[[-2.99563757 -3.31213146  3.45670308]
 [-2.46358257 -2.61543058  3.63787046]]
[[ 2.84508746 -3.75741328 -1.3933735 ]
 [ 1.97265846 -2.7908375  -1.95962957]]
[[-2.61488818 -3.44001996  1.23256442]
 [-3.96771808 -3.86587234  3.14550951]]
[[ 2.84303598 -3.55751735 -3.38685322]
 [ 2.85665449 -3.37186163 -3.48202026]]
[[-3.25098741 -2.6092224   2.96708171]
 [-2.80427879 -3.93713978  2.74858827]]
[[ 1.81660512 -3.81870409 -2.93122186]
 [ 2.21117855 -3.84244401 -3.13265297]]
[[-3.33341568 -3.35230246  3.59009001]
 [-3.43796136 -2.6465654   3.40401034]]
[[ 3.69124518 -3.60163879 -2.80500151]
 [ 2.19795869 -3.665853   -3.39939766]]
[[-2.74478577 -3.53293334  2.23004861]
 [-3.00708879 -2.86543871  1.87390444]]
[[-2.85609692  1.07497745 -3.09679372]
 [-3.18962605  2.0170508  -1.94399771]]
[[-3.6528777  -2.17707467  3.50082792]
 [-3.65620718 -1.91836238  2.21003258]]
[[-2.57947938  3.42236314 -3.64086266]
 [-2.7481595   3.76381725 -3.92918718]]
[[-2.79049809 -2.16464052  3.89762278]
 [-3.35749456 -2.59027576  1.99075293]]
[[-1.72508549  3.52599217 -3.87829846]
 [-3.70173719  2.29415398 -2.68216309]]
[[-2.88260485 -3.21666494  3.45758017]
 [-2.88310633 -2.35125697  3.62790913]]
[[-3.59170925 -2.16242333  2.95461208]
 [-3.76685    -1.90244289  2.8822936 ]]
[[ 2.99255303 -2.33016999 -2.5271165 ]
 [ 2.60236157 -3.57902228 -1.9838567 ]]
[[-2.35056997 -3.24142613  3.80457739]
 [-2.02733861 -3.24954233  3.67790115]]
[[-2.51282928 -2.49558077  2.96196137]
 [-1.67952418 -3.16795471  3.18654907]]
[[-1.74580438  2.77957709 -2.27290812]
 [-1.31507882  2.8635878  -3.96715855]]
[[ 3.66596235 -2.93654942 -2.79423068]
 [ 3.55789693 -2.88895009 -3.03024304]]
[[ 3.24844391 -2.19036699 -3.42182836]
 [ 3.07556135 -3.98822929 -3.88107674]]
[[-2.65650994 -3.77322792  1.91285094]
 [-2.05675464 -3.71245056  3.52081928]]
[[ 2.99364499 -3.43427985 -3.88689112]
 [ 3.63095568 -3.31739974 -1.48616931]]
[[-3.11534986  3.78356402 -3.70765962]
 [-3.16878199  3.97108029 -3.4788393 ]]
[[-2.54494761 -3.78503309  2.56216088]
 [-3.35655736 -2.83498114  2.37884728]]
[[ 1.97790874 -2.36287997 -3.55615263]
 [ 3.98616939 -2.75923363 -1.94283809]]
[[ 3.57713653 -2.32617973 -3.95962692]
 [ 2.92644297 -3.77700031 -2.46084455]]
[[ 2.63314112 -3.17031892 -3.78851658]
 [ 2.09942156 -3.09548422 -3.62116586]]
[[ 3.06687646 -3.33189977 -2.443308  ]
 [ 3.91559677 -3.17597578 -2.35057695]]
[[ 2.22955978 -3.85033049 -3.52052801]
 [ 2.49932641 -3.20216888 -3.41028227]]
[[ 2.66289817 -1.84679884 -2.72453428]
 [ 2.24304461 -3.27409892 -3.21066334]]
[[ 3.34634739 -3.54510996 -2.30385079]
 [ 2.03756959 -2.36459011 -3.64421571]]
[[-3.8587872  -2.61022638  2.78634896]
 [-2.99041876 -2.39327502  3.83159712]]
[[-3.01248916 -3.13881361  3.70598008]
 [-1.61788683 -2.90045713  3.05667888]]
[[ 3.70167757 -3.76680753 -2.79038518]
 [ 3.98583808 -2.42521161 -3.16466619]]
[[-2.74270736  2.210934   -2.63312319]
 [-3.68856363  2.41067583 -3.74566151]]
[[-2.59796307  2.41337129 -3.58365002]
 [-3.74883048  2.2023998  -3.35426389]]
[[-3.79633829  3.74369847 -1.28927434]
 [-3.55541657  3.28249098 -1.93805432]]
[[-2.8718837  -3.22225189  3.1883964 ]
 [-3.78369086 -2.70877696  3.26030308]]
[[-3.12375259  3.12507595 -3.60115969]
 [-2.88125781  2.66889048 -2.90091971]]
[[ 2.26781396 -3.6290192  -2.80042029]
 [ 2.31318957 -3.36564688 -3.03648819]]
[[-2.91326688 -3.8125469   2.58575106]
 [-3.54169626 -3.71649404  2.28590096]]
[[ 3.96187119 -3.00636878 -2.9958861 ]
 [ 3.8776842  -3.77831923 -2.69235429]]
[[-3.42076375  1.72988881 -2.34687788]
 [-2.60315721  3.213324   -2.7174167 ]]
[[ 3.57067826 -2.90340363 -3.96662448]
 [ 3.62239336 -2.28457258 -3.70234306]]
[[-3.94716347  2.84737586 -2.69490847]
 [-3.87819682  1.75058669 -3.93712443]]
[[ 1.61518458 -3.83103754 -3.6430601 ]
 [ 3.59478169 -2.68369553 -2.21230279]]
[[-3.31256228 -2.02047012  3.97516011]
 [-2.10102383 -2.94650383  3.72865624]]
[[-2.92206555 -2.35008899  3.3831069 ]
 [-2.64519564 -3.74008431  2.09996214]]
[[-3.36009435 -1.26635473  3.91715382]
 [-1.88602484 -2.27274625  3.5067004 ]]
[[-2.97037983 -2.61305164  3.03388908]
 [-3.39407199 -3.868536    2.9620297 ]]
[[-3.54490475 -1.3340654   2.96760457]
 [-3.37878735 -1.92540394  2.16887577]]
[[-2.22066926 -2.29140288  2.87651961]
 [-3.44596363 -2.43179746  1.82113781]]
[[-2.96505933 -3.90767059  2.35510706]
 [-2.43168386 -3.82211849  2.04282821]]
[[-2.21291774  1.312522   -3.19477891]
 [-3.97482357  3.01597434 -1.72878689]]
[[-3.45261699 -3.35613425  3.2421691 ]
 [-2.3017464  -3.83475037  3.81070577]]
[[ 2.11617362 -3.74540738 -2.69606239]
 [ 1.48939041 -3.60748075 -3.05384717]]
[[-2.80528733  3.85160639 -3.09334715]
 [-3.51754517  2.99679081 -3.10793479]]
[[-3.50434349 -3.70977461  3.68535853]
 [-3.58473248 -3.73786884  2.55837226]]
[[-2.84602963 -2.38064048  3.41849391]
 [-3.10250152 -3.15922663  2.6359954 ]]
[[ 3.67208475 -3.3440706  -3.2141179 ]
 [ 1.9827164  -3.24596743 -3.97548706]]
[[-3.72101161  3.76248006 -2.23321933]
 [-3.81458654  3.46514025 -2.54736528]]
[[-2.7268535  -3.15466688  3.12396112]
 [-3.52418592 -3.71697761  3.8286355 ]]
[[-3.47829526  3.17233955 -2.79841923]
 [-3.76084872  2.02619585 -3.68476855]]
[[ 3.21311176 -3.9175556  -1.90409082]
 [ 1.3717191  -3.0208304  -3.66283511]]
[[ 3.0873942  -3.90009183 -3.34237555]
 [ 3.88826115 -2.75774144 -2.16301602]]
[[ 2.59679386 -3.92160673 -3.37667448]
 [ 3.42576842 -2.89924979 -1.8674882 ]]
[[-3.56211641 -3.13690735  2.06820226]
 [-2.80659013 -3.43167279  3.21097519]]
[[-2.34165123  3.28022743 -3.29646591]
 [-3.88722018  1.85359945 -3.01019071]]
[[-3.46724179 -3.73024453  3.63134396]
 [-2.87667748 -2.23970856  3.67181057]]
[[ 2.67757514 -2.64950553 -3.02156925]
 [ 3.59921178 -2.35181181 -3.60113121]]
[[-2.3717825  -2.70678909  2.55924944]
 [-2.82457704 -3.53034888  3.12578688]]
[[-3.20320516 -3.28936833  2.32525631]
 [-2.12854862 -3.28117624  3.59926434]]
[[-2.63374204  2.19751459 -3.54953316]
 [-2.62767464  3.53989098 -2.07437647]]
[[-3.55034237  2.63596678 -3.05455847]
 [-3.1772894   3.54313659 -2.7904024 ]]
[[ 2.94547013 -3.37842006 -2.28068121]
 [ 2.58390272 -2.22690191 -3.10846259]]
[[-3.65478264 -3.72987679  3.2270037 ]
 [-3.81339058 -3.25763866  3.80442351]]
[[-2.90535922  2.3102884  -2.04328109]
 [-2.60242393  3.64720444 -2.73994887]]
[[ 3.2520162  -2.13142633 -2.61692368]
 [ 2.12344439 -2.44484861 -3.27763312]]
[[ 2.83526382 -2.7274683  -2.98406505]
 [ 1.91410017 -3.20762803 -3.79602451]]
[[-2.60971061 -3.52963831  3.30276464]
 [-3.87260995 -3.13050882  1.95794778]]
[[-2.27280641  3.77983658 -3.62581923]
 [-2.75714062  2.66429216 -2.514987  ]]
[[-3.41468334  3.15531418 -2.20665145]
 [-3.23204783  2.89164887 -3.15569097]]
[[ 3.59580054 -1.92297456 -2.75350699]
 [ 3.42226714 -3.15878502 -1.89216662]]
[[ 3.57050972 -2.44424705 -2.47848479]
 [ 3.95119151 -2.42734984 -3.32449658]]
[[-3.98987055 -1.64840076  3.49647949]
 [-2.76880793 -3.68783798  1.89369442]]
[[-3.44360296 -2.84702863  2.22239376]
 [-2.75842383 -3.42703301  2.3741224 ]]
[[-2.83855503 -3.10721122  3.06753668]
 [-3.81175564 -2.94496754  2.21648261]]
[[-2.24934764 -2.91467194  3.82059343]
 [-3.89876073 -2.97653663  2.77284094]]
[[-2.59289239 -3.1412586   3.60659501]
 [-3.44970507 -3.35980449  3.90672165]]
[[ 3.38524423 -1.91798064 -3.92444669]
 [ 3.18193262 -3.62409269 -2.40059629]]
[[ 3.61079046 -3.73442405 -2.01062932]
 [ 2.58130216 -2.66848695 -2.41500418]]
[[ 1.87391122 -3.25423318 -3.66308311]
 [ 1.89644361 -2.1482178  -2.74116571]]
[[-3.14061158 -2.95692281  2.23255644]
 [-2.44049783 -2.12071958  3.81975427]]
[[ 3.18679539 -3.67944784 -3.04070246]
 [ 1.51464391 -2.54823122 -3.88798462]]
[[-2.96490099  1.7951141  -3.97733551]
 [-2.29914151  2.83137314 -2.53354797]]
[[ 3.83183821 -3.41421353 -2.40235117]
 [ 2.40912915 -3.62919701 -3.65858424]]
[[-3.70887121 -2.99810246  3.16471445]
 [-3.78412501 -3.94417511  3.61255468]]
[[-3.38057193  3.1783315  -3.50412443]
 [-3.73870452  3.82063685 -3.07430233]]
[[ 3.5481634  -3.40271135 -2.54903428]
 [ 3.85201361 -2.02513499 -3.79840717]]
[[ 3.00656799 -2.14649507 -2.9735487 ]
 [ 2.66536552 -3.30088416 -2.7300567 ]]
[[-3.74027605  3.02585283 -2.98842122]
 [-2.8004398   3.43412873 -1.55186763]]
[[-2.00204514 -3.36896307  3.42610689]
 [-3.53965784 -3.97201907  1.83004775]]
[[-2.30216048 -2.89870423  1.74985951]
 [-3.54585555 -3.46256877  3.18750837]]
[[-2.58608249 -2.51855042  2.99684783]
 [-3.68448926 -3.81186072  2.11719142]]
[[-2.82645219  2.33718167 -3.78959929]
 [-1.35005939  3.6616899  -3.47028395]]
[[-3.82452578 -2.84549937  2.86549401]
 [-2.55012241 -3.15262992  2.95568533]]
[[ 3.65067189 -1.58975189 -3.98146409]
 [ 3.70159253 -2.74849351 -1.53567301]]
[[-3.76378104 -1.7267412   2.718698  ]
 [-3.32445729 -1.79076592  3.13069184]]
[[ 2.65011028 -3.23745322 -3.97744377]
 [ 3.16066564 -3.45734682 -2.07957327]]
[[ 3.65040283 -3.31336194 -3.16903291]
 [ 2.55361008 -3.93022189 -3.30366876]]
[[-3.41139487  2.02724196 -3.56163391]
 [-2.81904969  3.65821466 -2.39552737]]
[[ 2.01499945 -3.20688163 -3.91837319]
 [ 3.72038472 -2.46926385 -2.65265622]]
[[ 3.77976623 -3.75927021 -2.0370751 ]
 [ 3.45729442 -2.1872245  -3.37379666]]
[[ 3.67995211 -1.84992359 -3.69888525]
 [ 2.60849258 -3.02738199 -2.51212763]]
[[-3.95793198 -3.63938601  2.02288089]
 [-3.55988086 -2.66221161  2.98155197]]
[[ 2.56714517 -2.33736414 -3.29461272]
 [ 3.80480304 -3.80060004 -2.855364  ]]
[[ 3.98902625 -2.10414624 -3.67730225]
 [ 3.25446927 -1.8127896  -2.55054881]]
[[-3.83803156 -3.62328835  1.86293013]
 [-3.39426405 -2.01689973  3.22133288]]
[[-1.57405164  2.92673332 -3.33577599]
 [-2.25675992  2.11904888 -3.5281157 ]]
[[ 3.93399317 -3.60997014 -2.18577923]
 [ 2.20053648 -2.12655139 -3.72141923]]
[[-3.86036263  3.53612935 -2.85606306]
 [-2.83446544  2.78616598 -3.96755233]]
[[-3.16770132  2.37837224 -3.3749778 ]
 [-2.72931898  2.95622039 -2.59741637]]
[[ 3.18163469 -2.3972498  -2.90861076]
 [ 2.17565322 -2.82734931 -3.36945505]]
[[-3.17080913  3.44481238 -3.23568803]
 [-2.56490908  3.16015042 -2.16591173]]
[[ 2.08022592 -3.79739373 -3.50215523]
 [ 3.45429229 -1.3844455  -3.73990903]]
[[ 3.62926702 -3.96994144 -1.91439831]
 [ 2.77172518 -3.56525345 -2.26617401]]
[[ 2.04560955 -3.0528629  -2.23626572]
 [ 1.88589698 -2.95426194 -3.61168975]]
[[-2.44077048 -3.63863981  3.62602118]
 [-3.6093532  -3.54991137  2.44246904]]
[[-3.70671162 -2.6156243   3.63483003]
 [-3.30657812 -3.34194173  2.86787542]]
[[-2.04279611  3.8244607  -3.17116581]
 [-3.14134224  2.90979305 -3.42965399]]
[[-3.47297628 -3.63312149  3.64919779]
 [-2.22591812 -2.77881622  3.20510679]]
[[ 1.89948295 -2.66583406 -2.63127741]
 [ 1.91089922 -3.52483426 -3.69194496]]
[[-2.96503407 -2.50203396  2.80693985]
 [-3.23847431 -3.58498496  2.40098682]]
[[ 2.50698268 -3.48069972 -3.73513683]
 [ 3.92064712 -3.49394351 -1.57387384]]
[[-1.62884319 -2.60524766  3.66779061]
 [-3.8891155  -2.37998182  2.58548962]]
[[ 3.13302924 -3.76163595 -2.78549301]
 [ 2.10316369 -2.41411578 -2.78910238]]
[[-3.31897915  3.4254825  -2.09723355]
 [-2.87032606  3.62230286 -1.98444015]]
[[-3.08371419  1.72222694 -3.24031483]
 [-3.03039456  3.57920009 -3.9126952 ]]
[[ 3.73509199 -2.98430274 -2.59231063]
 [ 3.13197036 -3.16850301 -3.07355026]]
[[-3.51150105  2.95749148 -3.28718571]
 [-3.84504219  3.23667383 -2.85262264]]
[[-1.65863126 -3.36369674  3.20050842]
 [-2.97206957 -1.64648574  3.16106812]]
[[-3.48089892 -3.64524161  3.17682231]
 [-3.97338049 -3.7040578   2.44763278]]
[[ 3.35364615 -3.92052281 -3.13196287]
 [ 3.42646518 -3.92519092 -2.52450922]]
[[-1.72332085  3.68026984 -3.87828733]
 [-3.22572188  1.68307616 -3.25623219]]
[[ 2.05319119 -3.62362596 -2.09924757]
 [ 3.56942065 -3.52966175 -1.60836324]]
[[-2.93664795 -2.74268414  3.75301724]
 [-3.90219102 -3.19706494  2.39282308]]
[[-3.47346082 -3.82752387  3.69766157]
 [-2.85644217 -3.55002358  3.75847719]]
[[ 2.10885764 -3.24782478 -2.02707001]
 [ 1.75838342 -2.83674329 -3.41965423]]
[[ 3.70620244 -3.09796302 -3.21184978]
 [ 3.5191762  -2.79359019 -1.74427134]]
[[-2.6171762   3.44347762 -3.33077708]
 [-3.05271325  3.06938369 -2.16530252]]
[[-2.81437817 -3.55170223  3.79686404]
 [-2.62539186 -3.73441512  2.00243614]]
[[-2.52352959  2.60311663 -3.29274028]
 [-3.37774052  3.43688029 -2.66643514]]
[[ 1.83409123 -3.43094729 -3.37548086]
 [ 2.92329463 -3.37948088 -2.36045268]]
[[-3.98676004 -3.05419533  2.98043684]
 [-3.11277333 -3.36936966  3.5018777 ]]
[[-3.93021117  3.79402864 -3.43997288]
 [-3.68548194  3.8365705  -3.95033512]]
[[ 3.85929041 -3.5574286  -3.0786314 ]
 [ 3.89955195 -2.78864923 -2.49595346]]
[[-3.70163546  2.46982423 -3.65400714]
 [-2.62951088  2.24919377 -3.06263531]]
[[-3.98983176 -3.05561297  3.72546003]
 [-3.58048784 -3.47582803  3.21022042]]
[[ 3.51159734 -3.27728831 -3.37113427]
 [ 3.17882642 -3.07657893 -3.60125718]]
[[ 3.76802976 -2.87536638 -3.76673467]
 [ 2.98415528 -2.0778663  -2.03241091]]
[[ 3.22357113 -3.92230512 -3.08732665]
 [ 2.29017385 -3.02202748 -2.50118296]]
[[-2.21659936  3.62104709 -3.04490094]
 [-3.51235304  3.7676034  -2.75231982]]
[[-3.91534097 -2.81342928  2.12545382]
 [-3.04904902 -1.97327847  1.64154037]]
[[-2.20090271 -3.99198111  3.89402476]
 [-1.55244085 -2.86874102  3.62196811]]
[[-3.32862762  3.07964422 -2.93050606]
 [-2.89665249  3.38918838 -3.00712834]]
[[-3.08213467  2.76785322 -3.70462254]
 [-3.24676826  3.94602844 -3.93123285]]
[[-2.48483771  1.71307478 -3.59003797]
 [-2.99556903  3.25307041 -3.3457308 ]]
[[-2.69208204 -3.29638259  3.80014459]
 [-3.77822009 -3.80977973  3.27592545]]
[[ 3.06499575 -3.87335654 -3.85950208]
 [ 2.89102681 -3.94070918 -2.39038333]]
[[ 1.43752816 -3.24273087 -3.26811961]
 [ 1.76087507 -3.59147245 -2.6963342 ]]
[[-2.35162705  2.4282199  -2.51369126]
 [-3.50538541  1.9060059  -3.29626305]]
[[ 3.61427051 -3.71813443 -3.54521531]
 [ 2.23989744 -2.35808356 -3.61326415]]
[[ 3.52470604 -3.87467146 -2.9906552 ]
 [ 1.41914767 -3.74625912 -3.77354124]]
[[-3.06756048 -2.34386053  3.00615213]
 [-3.28163539 -3.14513432  2.58184997]]
[[-3.15355837  2.32427451 -2.79573362]
 [-2.13562586  3.16313437 -3.84045471]]
[[-3.61854359 -3.59858812  2.95334047]
 [-3.23543261 -3.62362461  3.55998269]]
[[-3.15198268  3.38442643 -3.55456288]
 [-2.70656803  2.65212218 -2.17337317]]
[[-2.41248034 -2.64367161  3.37097121]
 [-2.05273251 -3.27302766  2.06936895]]
[[-3.50665197  2.11225321 -1.97335957]
 [-3.15830086  2.96503633 -3.76179027]]
[[ 3.6547624  -3.08351185 -2.20898351]
 [ 3.22806564 -3.60961628 -3.29552991]]
[[-3.54773227  3.27320396 -2.90933563]
 [-3.62638678  3.12280362 -3.74983416]]
[[-2.35712418  3.44561294 -2.94500954]
 [-2.82166795  3.63686715 -3.60631105]]
[[ 3.64542133 -2.90294354 -3.9360712 ]
 [ 1.78924476 -2.41425421 -3.77702425]]
[[-3.46544559  2.85085315 -3.74682251]
 [-3.89407499  2.75514713 -3.49300875]]
[[-3.35390695 -2.97102329  3.81770124]
 [-3.01357212 -2.13956955  3.25953504]]
[[-3.23062454  3.7309732  -2.67410937]
 [-3.96348848  1.48479493 -2.89351173]]
[[-2.98652136 -2.57184266  3.82016424]
 [-3.49844231 -3.72444133  2.02120871]]
[[ 3.54725534 -3.46195421 -3.30895081]
 [ 2.45560061 -3.11464066 -2.87002663]]
[[-3.14449078  2.67073904 -3.54222967]
 [-3.77881857  2.93968139 -3.27001831]]
[[ 1.939405   -3.04398757 -3.6850241 ]
 [ 1.98240377 -2.74816076 -3.45627109]]
[[-3.78839084  2.12621646 -3.02313651]
 [-3.77178461  1.19385311 -3.70820288]]
[[-3.22294132 -3.87679117  3.04331092]
 [-3.56125079 -3.83401361  2.82908667]]
[[-3.55163437  1.35105643 -2.73789982]
 [-2.92434419  3.88208239 -3.88723364]]
[[-2.76856563 -3.67635308  2.79059044]
 [-2.43752734 -3.69297595  3.90133128]]
[[ 2.95930463 -3.37671008 -2.41865364]
 [ 3.48875943 -3.65665363 -3.23615639]]
[[ 3.35194728 -2.09146927 -2.95578577]
 [ 2.11832849 -2.9606498  -2.59053362]]
[[ 3.99345044 -3.38611884 -3.82999283]
 [ 3.44696911 -2.71219658 -2.39030899]]
[[-2.85488764 -3.86636733  3.76664507]
 [-2.70723172 -3.04146293  2.70319217]]
[[ 3.71983155 -2.00217628 -2.82654268]
 [ 3.57977324 -2.85853346 -3.5945897 ]]
[[-2.86878078  3.43970307 -1.83505864]
 [-3.07347693  3.25305562 -3.63493812]]
[[-3.43340051 -3.920608    2.56531174]
 [-2.03319083 -2.52412862  3.58965013]]
[[-3.91880896 -2.01759589  3.4496191 ]
 [-2.96038279 -2.9260286   1.7117584 ]]
[[-2.69336104 -1.9210502   2.81349275]
 [-1.957619   -2.83267952  2.15068531]]
[[-2.60414076  3.59010797 -2.941715  ]
 [-2.73886439  3.78096129 -3.85443621]]
[[ 3.98280145 -1.94700329 -3.74776338]
 [ 1.87901644 -2.71311598 -2.9210261 ]]
[[-2.81947677 -3.01977875  1.73413553]
 [-3.29272858 -3.098849    3.13204765]]
[[-2.73591243 -3.08696252  2.64085885]
 [-3.72816589 -3.81677461  3.97491175]]
[[-3.87204013 -2.54316025  1.36343615]
 [-2.97634728 -3.82723192  1.51583717]]
[[-1.55316012 -2.47883833  2.94428009]
 [-2.06069439 -3.0990706   1.7842188 ]]
[[-3.98883099  1.43191221 -3.52601337]
 [-2.45374657  3.49814103 -2.36701444]]
[[ 2.35948844 -3.75001661 -2.07178903]
 [ 2.63696439 -1.88826648 -3.30487555]]
[[-2.97799532 -3.76784592  3.32113542]
 [-3.66833534 -3.28531898  2.93036589]]
[[ 1.88492946 -2.79233585 -3.76850865]
 [ 3.12062161 -3.80427832 -2.60541903]]
[[-3.32017058  3.94193991 -3.3821083 ]
 [-3.70054421  2.03359973 -2.54191148]]
[[-3.44992096  3.90772378 -2.98921587]
 [-2.18475818  3.79669266 -3.35989869]]
[[-3.73380208 -2.44943     2.68520862]
 [-2.82149373 -3.64558088  2.2051836 ]]
[[-1.22927638  3.6293665  -3.14139329]
 [-2.69650711  3.34308031 -3.49518683]]
[[ 3.62796525 -3.55056989 -2.42308736]
 [ 2.57321692 -3.64373747 -3.44806059]]
[[-3.9976741   2.67638453 -3.69904976]
 [-3.7164019   2.9453233  -1.79571529]]
[[-3.99998692 -2.32932066  2.49379487]
 [-2.57272305 -3.16140176  3.85661711]]
[[-3.29084289  2.4434026  -3.99951911]
 [-3.03877837  3.16933642 -3.65779432]]
[[ 3.28050751 -3.51480084 -3.49397162]
 [ 3.33333107 -3.17023104 -2.82151055]]
[[-2.89606523 -3.3242656   3.48437227]
 [-3.68247307 -3.94017867  3.29575125]]
[[-3.07713741  3.78675596 -2.49595212]
 [-2.92135018  2.65058326 -2.79472537]]
[[-3.04673782  2.28204149 -3.4387175 ]
 [-3.6887013   2.68548916 -3.12743946]]
[[ 3.30421203 -3.61141654 -3.49859136]
 [ 3.39778868 -3.34570451 -3.42208143]]
[[ 2.69438081 -1.61087028 -2.85717053]
 [ 3.81723393 -1.90977996 -3.75317346]]
[[ 2.02060443 -3.78907742 -3.45681551]
 [ 2.35399236 -3.11367015 -3.94431265]]
[[ 2.27108425 -3.06624578 -2.22045701]
 [ 2.1176425  -3.11895432 -3.61726676]]
[[-2.70715479  2.20009628 -2.66311461]
 [-2.03415073  2.36816494 -3.18416023]]
[[-3.71040041  1.4264415  -2.83894368]
 [-2.73222837  1.84486571 -2.94868708]]
[[-2.87639089  3.64657662 -3.66515013]
 [-3.2622586   3.34047938 -2.4934167 ]]
[[-3.30841225 -3.72055607  3.49538926]
 [-2.03358846 -3.79022647  2.86637472]]
[[-3.06596927 -3.50307346  2.09355419]
 [-3.14251927 -2.94415355  3.19365462]]
[[ 2.81221199 -2.95726272 -3.69866648]
 [ 3.16461545 -3.44201967 -3.08842878]]
[[-3.6326756  -3.13465645  2.50478815]
 [-3.53665062 -3.24882708  1.51703136]]
[[-2.81893074  3.9185096  -1.7431375 ]
 [-2.12034269  3.26248856 -2.85053504]]
[[ 3.39602407 -3.87048343 -3.24857344]
 [ 2.92527207 -3.72765537 -3.82841845]]
[[ 3.47648042 -2.17835643 -2.80056011]
 [ 3.70852743 -2.20576365 -2.30929689]]
[[ 3.78029086 -2.34137296 -2.92852988]
 [ 1.96015428 -3.47494234 -3.54161837]]
[[-1.98708155  2.9657704  -2.61091396]
 [-2.87172112  3.65092474 -3.18490916]]
[[-3.59061594 -1.90540354  2.66969643]
 [-3.42554972 -2.32323603  3.97800727]]
[[-1.96476497  3.66762908 -3.29517868]
 [-3.41764714  3.30668843 -2.02549949]]
[[-3.44871597 -3.60685654  2.71086248]
 [-2.24123916 -3.91822271  2.39332703]]
[[-3.72269714 -3.27705353  3.79427758]
 [-2.86804852 -3.00740782  3.61331368]]
[[ 3.44814713 -3.74719956 -3.4770196 ]
 [ 2.96103318 -3.84318635 -3.25619059]]
[[-2.42353964  2.60510081 -3.70910014]
 [-2.61197263  3.66293101 -2.77609418]]
[[-3.26759976 -3.98733932  3.99724647]
 [-3.95336699 -3.37169858  3.69139634]]
[[ 3.34977295 -1.77600263 -3.34633042]
 [ 3.36052644 -3.34613247 -2.11690611]]
[[-3.77354693 -3.7334743   2.61024745]
 [-2.92079637 -3.27025128  3.90859059]]
[[ 2.64530233 -3.11952945 -1.90116526]
 [ 1.93230044 -2.50939926 -2.85535267]]
[[-3.45232406 -2.55214404  2.66880065]
 [-1.99241893 -1.83080361  3.65531199]]
[[ 3.38470803 -3.31517852 -3.49662674]
 [ 3.82982018 -3.10744824 -2.3757554 ]]
[[-3.32049546  2.99451128 -2.55530956]
 [-3.07757692  1.56361367 -3.79268954]]
[[-3.91892754 -3.65339038  3.01456417]
 [-3.76651199 -3.98001865  2.30244179]]
[[-2.69036605 -3.14990429  3.57029659]
 [-3.46700149 -3.52885847  2.4473708 ]]
[[-3.60217998  3.17749327 -2.6406814 ]
 [-3.33883534  2.18556697 -1.62201601]]
[[-3.23123823  2.30013241 -3.07099368]
 [-2.61902467  3.28381569 -3.74669587]]
[[ 1.75907345 -2.13131502 -2.88081508]
 [ 1.62391167 -2.20608049 -3.36046614]]
[[-3.53977069  3.21784737 -2.31580831]
 [-2.24108365  3.07678158 -3.5142119 ]]
[[-1.96717258 -2.79002177  2.6834471 ]
 [-3.38152724 -3.40182663  2.14296727]]
[[-3.12657641 -2.90982271  3.05011359]
 [-3.15845642 -3.23372507  2.57554481]]
[[-3.99547751 -2.0948317   2.58819222]
 [-2.98024973 -2.81575096  3.76809348]]
[[ 2.68165424 -2.83872604 -3.29131077]
 [ 2.37894319 -2.52169485 -2.27627336]]
[[ 3.59618587 -2.97251429 -3.11512565]
 [ 2.70322665 -2.85446069 -3.88574195]]
[[ 2.43761234 -3.241954   -2.85359453]
 [ 3.96692418 -3.12786734 -3.66665576]]
[[ 3.59956495 -2.22405848 -3.73167141]
 [ 2.89025918 -1.89505243 -3.0948913 ]]
[[ 3.49375585 -2.92215529 -2.75510264]
 [ 2.31067032 -3.5891764  -3.29987056]]
[[-3.08291201 -1.91663331  3.44187672]
 [-2.989456   -1.89519176  3.11685762]]
[[-3.23790154  2.64795429 -3.04838831]
 [-2.91447272  2.83223894 -2.88695304]]
[[-2.40600837  2.55672914 -3.65179276]
 [-3.91456141  1.69774485 -3.27515131]]
[[-1.8143081   2.01209789 -2.99085919]
 [-2.74751053  3.64409356 -2.88233121]]
[[-2.53275545 -3.59328442  1.93075554]
 [-3.50989431 -2.49423229  2.99145383]]
[[-2.42752563 -2.16850805  3.46377877]
 [-3.77582858 -3.71186711  1.31535865]]
[[-2.42544971  3.42814354 -2.42534798]
 [-2.36499868  2.57111862 -3.4759301 ]]
[[ 3.67887237 -3.6033975  -3.43366748]
 [ 3.02533092 -2.2643056  -3.07218864]]
[[ 2.94340361 -3.97541723 -2.1644853 ]
 [ 3.28621894 -2.49731223 -2.42124576]]
[[ 3.18758166 -3.61113477 -3.65065964]
 [ 3.00784513 -3.40565415 -3.55231466]]
[[-1.57185142  2.64836499 -3.63481314]
 [-3.74231682  2.64581482 -1.87914719]]
[[-3.97542104 -1.9392378   3.01102847]
 [-2.89775233 -3.04720387  1.89711911]]
[[-2.72121318 -3.2520762   1.44920586]
 [-2.46772572 -3.31202706  1.94765873]]
[[ 2.60769673 -2.84668747 -2.11840952]
 [ 2.51673919 -2.9745539  -2.72041747]]
[[ 3.51209133 -3.11856988 -2.14479007]
 [ 3.23918051 -2.40969143 -3.72046114]]
[[ 3.93096635 -3.88555362 -2.83707329]
 [ 3.339921   -3.86541868 -2.85289372]]
[[-3.88237569 -3.55881125  3.53483938]
 [-3.20638101 -3.95858675  3.00473682]]
[[ 3.22364531 -3.97115301 -3.96997503]
 [ 2.6929163  -3.88643343 -3.87060094]]
[[-3.20370215  2.60551886 -3.21834031]
 [-2.65052087  3.97134451 -2.67330134]]
[[ 3.6878971  -2.04674801 -3.66914391]
 [ 2.85179257 -2.43776999 -3.69756634]]
[[ 1.79939695 -2.2416913  -3.97236894]
 [ 2.92167611 -3.97370003 -2.93409187]]
[[-2.70735131 -2.96814427  2.67949877]
 [-3.57818366 -3.31787753  3.08628344]]
[[-3.45502744 -2.81662335  3.85723687]
 [-2.52307676 -3.03875934  3.82542771]]
[[-2.17433317  3.55457594 -3.69710011]
 [-2.28180103  2.71604928 -2.80617704]]
[[-3.5952582  -3.58562796  3.93131834]
 [-2.75590948 -3.18650316  2.74244752]]
[[-3.39625856  2.44208371 -2.43204251]
 [-3.26954415  2.22579422 -3.27303652]]
[[ 3.30524464 -2.56586157 -3.94776606]
 [ 3.94802102 -3.12374171 -1.66532668]]
[[ 1.71310835 -3.11768504 -3.19010683]
 [ 2.30153429 -3.24175141 -3.01028331]]
[[-3.62933518 -3.39003202  2.48963707]
 [-3.16002794 -2.50623024  3.87799447]]
[[ 3.72366194 -2.41903868 -3.9496038 ]
 [ 2.62743664 -3.63625119 -3.73565785]]
[[ 3.61105257 -2.75221014 -2.37512321]
 [ 3.31327528 -3.00065345 -2.73774351]]
[[-3.11709232 -3.29396725  3.70664209]
 [-2.53399319 -3.17766782  3.16794444]]
[[-3.9319836  -3.85873373  1.9977571 ]
 [-3.17423483 -2.59195254  2.76242705]]
[[-3.72504162 -3.52570386  2.89673397]
 [-2.77392372 -2.72901908  3.79059402]]
[[-3.03213023  2.66118492 -2.98114703]
 [-3.93694465  3.18783043 -2.42145096]]
[[ 2.86245117 -3.22224183 -3.61819553]
 [ 3.93587248 -3.82556437 -2.77074148]]
[[-2.44261347 -2.87140779  3.43960092]
 [-3.87844519 -2.85422949  3.29390573]]
[[-2.27186931  3.45845114 -3.7845609 ]
 [-3.04762669  2.29114117 -3.60234362]]
[[-3.36766446 -3.34973314  3.7064272 ]
 [-3.19270551 -2.83104007  2.43003428]]
[[-3.47077656 -2.4126419   2.68622155]
 [-3.29089897 -3.56315962  3.80860837]]
[[-3.46298884 -2.76805377  2.92792129]
 [-2.94640957 -3.5576708   3.9113492 ]]
[[-2.96258838 -2.12910402  3.89965237]
 [-3.84443794 -3.90527019  3.94255178]]
[[-3.81770451 -3.7701226   2.26124432]
 [-3.41256003 -2.57376679  3.84082166]]
[[-1.57508746 -3.64593786  3.82574506]
 [-3.97898842 -1.80781337  2.69659135]]
[[-3.49746789  2.5993132  -3.36650284]
 [-3.15228295  3.01193214 -3.88157019]]
[[-2.43374194 -3.08304078  2.69671748]
 [-2.31243237 -2.54771884  2.27484606]]
[[-3.56793607 -2.79674995  2.21947882]
 [-3.16361636 -2.52876049  3.04532707]]
[[-1.98215329  3.18997084 -3.96000963]
 [-3.36214308  2.87069773 -3.27492759]]
[[-2.17745178  3.10992984 -3.42981254]
 [-2.38924405  3.82256505 -3.91233202]]
[[-3.64159657 -3.78001124  3.97927943]
 [-3.05128286 -2.71081586  2.34402146]]
[[ 1.8598043  -3.10707488 -2.80049113]
 [ 2.36679171 -3.96653004 -1.99655484]]
[[ 3.90711588 -2.8067698  -3.17073704]
 [ 3.09542004 -3.90924404 -3.86685343]]
[[-3.99672154  3.05390134 -3.34290369]
 [-3.48748698  3.05456541 -3.69751131]]
[[-2.11637095 -3.80053166  3.89934168]
 [-2.73231359 -3.02165218  3.28619675]]
[[ 3.6857944  -3.61555638 -2.24746604]
 [ 1.11593356 -3.79586832 -3.61725568]]
[[-3.17037927 -2.22312156  2.62201603]
 [-3.441744   -2.00032201  3.06514668]]
[[ 2.82817555 -2.40960028 -3.47185968]
 [ 2.12585038 -2.98447162 -3.3199627 ]]
[[-3.99308072  3.09470677 -2.65258377]
 [-3.98404777  3.01328707 -2.27136208]]
[[-1.58699475  3.08645613 -2.29221283]
 [-1.86462475  2.81589145 -2.39185069]]
[[ 2.50192633 -2.33540499 -2.63685197]
 [ 3.2611901  -2.47869367 -3.04815327]]
[[ 2.66282799 -3.55936963 -2.92045582]
 [ 2.77337963 -2.97115898 -3.88057393]]
[[-3.75311244 -3.12545703  2.74215469]
 [-2.13864065 -2.3674478   3.53914896]]
[[-3.25511234  3.97875497 -1.39101247]
 [-3.17054572  2.34740049 -1.50770418]]
[[-3.84275807 -3.44371213  3.37590498]
 [-2.61251272 -3.48399324  2.88506564]]
[[ 3.8747412  -2.98796604 -1.68219879]
 [ 1.9592585  -3.45878073 -1.96635376]]
[[ 2.16629801 -3.93485867 -3.67004457]
 [ 2.45431243 -3.36106887 -3.79114599]]
[[-3.87942393  3.87040203 -1.81987293]
 [-3.70367212  3.83233516 -2.09152172]]
[[-2.50119788  3.52567297 -2.74712111]
 [-2.89064328  3.65877568 -3.08547309]]
[[-3.04337488  2.27726541 -3.14643815]
 [-2.67739951  2.8132369  -3.769934  ]]
[[ 2.19382271 -3.79234585 -3.76702334]
 [ 2.30361373 -3.54468467 -3.24178728]]
[[-2.86974463 -3.00625493  3.17641793]
 [-1.58691713 -3.02160047  2.85558275]]
[[-2.87106755  1.47652667 -3.31137399]
 [-2.63834141  2.84651627 -3.43780495]]
[[-3.08152374  3.82511076 -3.97774917]
 [-2.5214863   2.13785261 -3.12009775]]
[[ 2.52563201 -3.90065995 -3.85835908]
 [ 3.24252883 -2.84762338 -2.40908143]]
[[-2.367214    2.85648961 -2.73428734]
 [-2.96859937  2.406838   -2.81637127]]
[[ 2.01828098 -3.8259077  -3.94822033]
 [ 2.11016762 -2.94756067 -3.13271648]]
[[-3.43290562  3.63374009 -2.3453936 ]
 [-2.13569792  3.18584076 -3.73226629]]
[[ 2.42270613 -3.84521952 -3.33956597]
 [ 2.88621405 -2.32206165 -3.43651649]]
[[-3.55566822 -2.57481543  2.81357609]
 [-3.66152284 -2.89916839  3.56503741]]
[[-2.41331354  3.80198732 -2.44505604]
 [-1.98900309  2.18742088 -3.62045992]]
[[-3.67400806 -3.96126734  1.86838849]
 [-3.29783907 -3.34785233  3.05629072]]
[[ 3.62270329 -3.68534474 -3.51009019]
 [ 1.76291789 -3.36839969 -3.28754002]]
[[-3.21675556  3.41772147 -1.71169693]
 [-2.95136092  2.89964071 -3.85323831]]
[[-2.89964133  3.36367467 -3.03336911]
 [-2.28407786  2.27009324 -3.82491349]]
[[-2.13038011 -3.40464608  3.32662622]
 [-3.00677893 -3.56687351  3.98365376]]
[[-2.96735968 -2.9703157   3.11142403]
 [-2.71033415 -3.44139375  3.44336982]]
[[-3.70536407 -3.0118105   2.6839143 ]
 [-3.38146252 -3.38108962  3.90516806]]
[[ 2.83199086 -3.35330011 -3.96180493]
 [ 3.78885511 -2.57353808 -3.92160264]]
[[-2.77785931  3.16654291 -2.88281962]
 [-3.26196113  3.79292443 -2.28381748]]
[[-3.34498962 -2.7063842   3.51113811]
 [-2.15284053 -3.9595014   3.59691831]]
[[-3.5058843  -3.50993641  2.55153866]
 [-2.21582074 -2.58007332  3.36434025]]
[[-2.06472894 -3.91946745  2.74189451]
 [-3.7674444  -2.61126534  2.58545991]]
[[-3.17411561 -2.65512661  3.10660495]
 [-2.30606378 -3.7102839   3.13025455]]
[[-3.11195654 -2.25362479  3.2551293 ]
 [-2.5033974  -2.55589009  3.52419238]]
[[-3.85844157  2.40087312 -3.38137   ]
 [-2.19630266  3.82647499 -3.99590373]]
[[ 2.5756363  -2.5888933  -3.40122023]
 [ 2.61481441 -3.8742306  -3.53853406]]
[[-3.99655861  1.7694194  -3.84392108]
 [-3.19075362  3.24935706 -2.29778607]]
[[-2.71275089  3.15762855 -1.90298131]
 [-2.19885502  1.4442009  -3.66076734]]
[[-2.3275491   1.81307482 -3.61455609]
 [-2.69898911  3.33035535 -3.30061799]]
[[-3.09651625 -3.43360927  3.74450647]
 [-2.7801407  -2.56294763  1.86710862]]
[[ 2.08480149 -3.43154685 -3.66980838]
 [ 3.48434465 -3.82246832 -3.22250294]]
[[-1.85679316  3.43435422 -3.82475771]
 [-2.22266173  3.68019408 -2.81000364]]
[[-3.50898754  3.2498962  -2.09293266]
 [-3.91774058  3.63725114 -1.67426908]]
[[ 3.42568364 -2.90381386 -2.62064622]
 [ 3.03058443 -2.52510462 -2.70545558]]
[[-3.48604507  3.3968359  -3.59515103]
 [-2.94568524  3.69642152 -3.78265654]]
[[ 2.64313767 -2.47560043 -3.04291035]
 [ 3.46402362 -2.29763761 -2.01253907]]
[[-3.28827558 -3.63320169  3.18860982]
 [-2.4033547  -3.84959177  2.63612024]]
[[-3.41394529  2.71931863 -3.79661204]
 [-2.48060849  3.01632984 -3.35862871]]
[[-3.59742109 -3.07335722  1.76225941]
 [-3.40860456 -1.97525201  3.52259754]]
[[-3.98915566  3.16369483 -3.27111939]
 [-2.82258198  2.4791953  -3.67856669]]
[[-2.38439822 -2.14570641  3.25076806]
 [-3.28253535 -3.55968207  1.53157196]]
[[-2.70544976 -2.08630147  3.77702223]
 [-1.92242427 -3.65193857  2.82868043]]
[[-3.44467533 -3.40171767  2.59430631]
 [-3.8617684  -2.59606658  2.48291216]]
[[-2.65535516  1.20834198 -3.53825714]
 [-2.55114228  2.51295076 -3.49613008]]
[[ 3.7313911  -3.52629483 -3.81864168]
 [ 3.73238709 -2.64262939 -3.55397311]]
[[-3.80732602 -3.77516037  3.68032016]
 [-3.15354682 -3.74560888  3.78770631]]
[[ 3.35142711 -3.23130871 -1.39012558]
 [ 3.74455259 -1.5325478  -2.46973908]]
[[-2.31574079  2.38784615 -3.78912943]
 [-2.63484507  3.88049863 -2.27145113]]
[[-3.95843279  1.51777999 -3.59716482]
 [-2.5340299   3.36209925 -2.19246642]]
[[-3.23061973 -3.79345034  2.45718596]
 [-3.86525463 -3.95081559  2.27614961]]
[[ 2.98071361 -2.28933409 -2.95587628]
 [ 3.87733955 -3.47917729 -2.5056884 ]]
[[-2.65039057 -3.69213899  3.60193008]
 [-1.98727922 -3.69841509  2.63492586]]
[[-2.73014798  3.68850771 -2.22962962]
 [-3.83134173  2.89410229 -2.1974583 ]]
[[-3.21759991 -3.48797466  3.61536686]
 [-3.18038237 -3.7717721   2.28083582]]
[[ 1.8270165  -3.81204059 -3.2853825 ]
 [ 2.53352432 -3.77479455 -1.72976397]]
[[-2.06124838 -3.83939346  3.17839796]
 [-3.99397551 -2.10788152  3.83756393]]
[[-2.77236168  3.02701576 -2.62875306]
 [-2.41785171  3.27930646 -3.59490431]]
[[-3.73832186 -2.1923811   3.7835156 ]
 [-2.28907942 -3.27915166  2.65253132]]
[[-3.67753705  3.60737544 -3.46632397]
 [-2.47686786  3.92836916 -3.08132744]]
[[ 3.86430971 -3.57905699 -3.52309384]
 [ 2.57781937 -2.99471482 -3.772076  ]]
[[ 3.54156162 -2.57703666 -1.58271373]
 [ 2.52330782 -2.01849915 -3.05204606]]
[[-3.47864058 -1.52471945  3.54613806]
 [-3.42883515 -3.14614039  1.38256189]]
[[ 3.29358604 -3.96342527 -1.78068138]
 [ 3.3196887  -2.93900163 -3.46944096]]
[[-3.76367613  2.82019366 -2.93370271]
 [-3.98820167  2.8516977  -3.22497206]]
[[ 3.02035026 -2.75857491 -2.62832003]
 [ 2.65187319 -2.38890307 -3.633791  ]]
[[-2.58501406  3.27785799 -3.22190315]
 [-3.06396545  3.63388836 -2.58556146]]
[[-3.86352551  3.85066628 -3.92580125]
 [-3.94523978  3.28611316 -2.06124721]]
[[-3.25803552  3.75742764 -3.741018  ]
 [-2.91513363  3.07451461 -3.05912982]]
[[ 3.44174673 -3.01464921 -2.31730651]
 [ 2.63404342 -3.3927928  -3.3601227 ]]
[[ 3.29345427 -3.90327895 -3.64187354]
 [ 3.32606447 -2.5170548  -3.77174842]]
[[ 2.60314581 -3.6274598  -3.10587774]
 [ 2.07325953 -3.57918835 -3.36701274]]
[[-3.1624583  -2.3946308   2.45256114]
 [-2.40815018 -3.10266494  1.67630391]]
[[-3.16704249  3.84599287 -2.21573919]
 [-3.85358727  1.9076091  -3.26459648]]
[[-2.93360459  3.40501928 -1.64357727]
 [-3.04406797  3.34501083 -1.67754273]]
[[-1.84738028 -2.9589766   3.96020156]
 [-3.31327006 -3.90583952  2.77252272]]
[[ 3.85136145 -2.91360273 -2.99823618]
 [ 2.81959902 -3.98760781 -2.51468158]]
[[ 2.42453956 -3.68219174 -2.66206775]
 [ 3.69553425 -3.69573569 -1.16518888]]
[[-2.55311134 -3.19427307  3.52157215]
 [-3.01261206 -1.44269944  3.29714475]]
[[ 2.48376913 -2.88991889 -3.34524747]
 [ 3.03864509 -2.68842402 -1.99158619]]
[[-3.09753424 -3.59212508  2.28814645]
 [-2.92272389 -3.54867506  3.05191868]]
[[-3.29635026 -2.60010511  2.66296417]
 [-2.49560748 -1.88718085  2.48718678]]
[[-3.80191946  2.14431271 -3.74450733]
 [-3.0286714   3.18542462 -2.03376451]]
[[-2.33665503  2.87847586 -3.27717354]
 [-2.03966052  2.28872756 -2.6540896 ]]
[[-2.25575203 -2.37884624  3.46334861]
 [-2.09121711 -3.28385707  3.9355575 ]]
[[-2.15696696 -1.79318646  2.81909217]
 [-2.18307234 -2.89413074  2.92955558]]
[[ 1.81127501 -3.7180119  -3.53145428]
 [ 2.44321378 -2.31214735 -3.91607924]]
[[ 3.86233974 -2.57917279 -2.55956253]
 [ 3.6482036  -2.27356254 -3.92389279]]
[[-3.87111152 -3.0387694   2.43848388]
 [-3.21297751 -3.34018699  3.35332593]]
[[ 2.82096661 -3.12098161 -2.69556378]
 [ 3.44485774 -3.17654903 -2.46710734]]
[[-2.46292394  3.74002931 -2.25605569]
 [-2.15973491  3.91921248 -2.80122851]]
[[-2.32287009  2.30595041 -3.37562156]
 [-2.74326138  2.28911556 -2.26800596]]
[[-2.76305015 -1.87675617  3.2715585 ]
 [-2.14528769 -3.58885368  2.3206359 ]]
[[-3.14992533 -3.26041528  3.6845913 ]
 [-3.28850767 -2.10317767  3.65984995]]
[[-3.69325843 -2.59955005  2.98933659]
 [-3.51343434 -2.62305228  3.47541065]]
[[ 1.31066296 -3.13960579 -3.16009766]
 [ 2.72923227 -3.68024988 -1.97001806]]
[[-2.37072505  3.727886   -3.62158045]
 [-2.00738632  2.86967658 -3.62342743]]
[[-3.00944538  3.3918838  -3.47869361]
 [-3.45571478  1.72401388 -3.23488554]]
[[-3.77074324  2.79225954 -1.76148374]
 [-2.52260088  1.84968545 -3.09650633]]
[[ 3.15598311 -3.19134793 -2.96544413]
 [ 3.37854951 -3.74987493 -2.53414691]]
[[-3.19559314  3.4757692  -2.49875912]
 [-3.8100511   3.87573223 -3.63178086]]
[[-1.66612022 -2.86174065  3.40024662]
 [-3.43681512 -2.66817215  1.38743541]]
[[ 3.77502294 -3.8977043  -2.7459516 ]
 [ 2.25128877 -3.59047359 -3.15348638]]
[[-3.31404921 -3.094577    1.81040967]
 [-2.23364199 -3.57998047  3.38615143]]
[[-3.96472209  3.12172619 -2.40507984]
 [-3.42416194  3.89168682 -2.79571807]]
[[ 2.5061769  -1.76349821 -2.93104054]
 [ 2.24099128 -3.77823062 -2.30060353]]
[[-3.58881799 -2.14538266  1.84582571]
 [-3.43012507 -1.3234186   3.70924933]]
[[ 3.02991245 -3.0252208  -2.52761835]
 [ 3.47533278 -3.7646048  -3.04309751]]
[[-2.28274383  3.45187223 -2.06244395]
 [-2.69528371  2.11627358 -3.46363651]]
[[-3.5717459   2.96839429 -2.97084871]
 [-3.82651123  3.29288192 -3.3393118 ]]
[[-3.47924761  3.64234737 -3.04452288]
 [-3.84327399  2.90367298 -2.12340161]]
[[-3.95257486  3.50856116 -2.33686294]
 [-3.00256764  2.81280884 -3.2343419 ]]
[[ 2.96597478 -3.6680363  -2.74255748]
 [ 3.9126313  -3.20082284 -3.30115973]]
[[ 2.96319681 -2.42140427 -3.94976729]
 [ 2.99578819 -2.64931036 -3.07808796]]
[[-2.73087185  3.7335778  -3.84196227]
 [-3.60973898  3.31490925 -3.32853799]]
[[-3.6049022   3.11150623 -3.01607582]
 [-2.02771006  3.58795411 -3.64003266]]
[[-3.56358859 -2.71297174  3.56409804]
 [-3.88864224 -2.45519771  1.85600979]]
[[ 2.35626249 -2.90856969 -3.2035893 ]
 [ 3.00581317 -2.19435278 -3.83418177]]
[[-2.83532482 -2.71185256  3.56589303]
 [-3.45269086 -3.45587737  3.59754982]]
[[ 2.87997452 -3.30631232 -3.80001933]
 [ 2.60894974 -3.28962827 -2.79049672]]
[[ 3.45359965 -3.94007495 -3.03882764]
 [ 1.24778607 -3.75345186 -3.32731303]]
[[-3.03530159 -3.35055762  2.9526825 ]
 [-1.6857427  -3.89928609  2.77074591]]
[[ 3.96714535 -2.07784018 -3.02057741]
 [ 3.98636357 -2.13215665 -2.10795536]]
[[ 2.09341851 -3.8603771  -3.94162385]
 [ 3.24635243 -3.14078362 -3.04457976]]
[[-3.18927743 -3.72053211  3.08257075]
 [-3.43749533 -3.91146447  2.31178381]]
[[-3.73890811  3.48893659 -3.32670032]
 [-2.44395069  3.45753263 -2.2964673 ]]
[[ 2.71304998 -3.83196454 -2.74749545]
 [ 3.20367297 -3.08294512 -2.49498881]]
[[-2.57599765  1.88478257 -3.98334486]
 [-3.23615076  3.04211237 -1.87302292]]
[[-3.19168368  3.82843128 -3.48013722]
 [-3.55750031  3.56360472 -1.9504398 ]]
[[-3.27118632  3.50272641 -1.52546626]
 [-2.38621507  3.09252301 -3.40527594]]
[[-2.99681865  1.99675214 -3.2977257 ]
 [-3.33068954  2.44248873 -2.63318671]]
[[-2.57412352  2.6607281  -3.12550089]
 [-2.83555282  3.05023282 -3.50757846]]
[[-2.91658458  2.67301377 -2.78090667]
 [-2.36443206  3.35699723 -2.74479281]]
[[-1.90737443 -2.86085499  2.75991652]
 [-2.45494089 -1.96725723  3.03077084]]
[[ 3.26223907 -2.70354892 -3.45396368]
 [ 3.80871048 -3.11726181 -1.4195713 ]]
[[-3.52977449  2.21836624 -3.33908236]
 [-3.69259599  2.71539771 -3.43523449]]
[[-2.67637106  3.42623893 -3.99026341]
 [-3.2573895   2.65572648 -3.97575553]]
[[ 1.94771602 -3.89600686 -2.44034916]
 [ 2.52263831 -3.95543797 -3.06629314]]
[[-2.72416604  3.19419829 -3.82770537]
 [-3.47409194  1.9807859  -1.95191023]]
[[-2.44055014  3.91861875 -3.8914432 ]
 [-3.29752472  2.31093319 -3.06845282]]
[[ 2.56639766 -2.08488173 -3.73036567]
 [ 1.95572194 -3.29884818 -2.61495426]]
[[-3.39221945  2.68187972 -3.02360087]
 [-2.15338662  2.38639915 -3.47600268]]
[[ 3.26703904 -1.70091971 -3.4734545 ]
 [ 2.97928215 -2.70683681 -2.07601669]]
[[-3.38435787  1.44279502 -3.81967338]
 [-3.62633656  2.77659567 -3.41099439]]
[[-1.73153475 -3.13455856  2.17274556]
 [-3.73342195 -2.63932395  2.30192704]]
[[-3.40802359  3.7361686  -3.39092999]
 [-3.7424375   3.57341273 -2.24680087]]
[[-2.59867975  2.97565831 -2.66356041]
 [-3.62566311  2.14911998 -2.74663943]]
[[-3.31095583 -3.26267157  1.7132429 ]
 [-2.11812229 -2.59559576  2.14420864]]
[[-3.22637583 -3.95148572  3.59429559]
 [-3.73835305 -2.85272134  2.82648617]]
[[-3.11232507  1.27193536 -2.59456348]
 [-3.10524045  3.15388195 -3.3950328 ]]
[[-2.79943912 -3.50365324  3.22895304]
 [-3.2971796  -3.88517308  1.62205965]]
[[-2.52934901  3.06904439 -3.54406715]
 [-3.68153187  2.82981451 -3.31217826]]
[[-3.36115353 -3.38495032  2.19833175]
 [-3.24630638 -3.03336084  3.61701342]]
[[ 3.57806513 -2.92151512 -2.9966942 ]
 [ 3.36085147 -3.37858811 -1.57729652]]
[[ 3.5305585  -3.23925826 -3.73243212]
 [ 3.85305799 -3.81805006 -3.40015572]]
[[-3.74301149 -2.71606536  3.27069156]
 [-3.0130792  -3.45181521  1.23931605]]
[[-2.45267063  2.79446873 -2.35709941]
 [-1.99620888  3.00091154 -3.35216616]]
[[-3.9808049  -3.89340679  2.02817202]
 [-3.81515343 -2.48951057  2.86275092]]
[[ 3.89586943 -2.49123252 -2.98467538]
 [ 3.06749173 -2.51147593 -3.65360833]]
[[-3.43932805  2.4230562  -1.73729667]
 [-1.96333178  3.46332669 -2.33518888]]
[[-2.69131457  3.04520741 -3.41715877]
 [-3.34244061  2.75302876 -1.73756072]]
[[-1.88921338 -3.08137921  2.95866416]
 [-3.96772443 -2.73288266  3.95324579]]
[[ 3.79978901 -2.47786798 -3.92009786]
 [ 3.46490197 -3.36206486 -3.68865788]]
[[-3.7469107   2.80396848 -2.11263595]
 [-1.6878504   3.71969291 -3.94172026]]
[[-3.47526802  2.94326526 -3.96401429]
 [-3.65720128  2.36986614 -2.22532316]]
[[-2.92871049 -2.02165905  3.37725638]
 [-3.56925618 -2.65726367  2.13427509]]
[[-2.05803587  3.6954312  -3.30107215]
 [-3.26389444  2.24440103 -3.66478011]]
[[-3.40793843  2.67432222 -3.96208808]
 [-3.33072602  3.10928023 -3.8520933 ]]
[[-2.80824572 -3.2798942   1.86096091]
 [-2.28658965 -2.82468229  2.48394794]]
[[-3.67169991 -3.62731122  2.24111573]
 [-1.84826036 -2.50471987  3.54485346]]
[[ 3.4296841  -3.49652342 -1.89703604]
 [ 1.89304633 -2.79018854 -3.83701112]]
[[-2.80714889  3.98001738 -3.52879646]
 [-2.98814726  3.43807359 -2.28012762]]
[[-3.49446432  2.31633058 -2.08145341]
 [-3.18504884  2.59411048 -2.03001223]]
[[-3.68566318  2.247341   -2.95050603]
 [-3.70508176  2.43568556 -2.98282518]]
[[-3.43679207  2.84703471 -3.75857985]
 [-3.97232765  2.16266435 -2.02930763]]
[[-1.84005506  2.88631404 -3.15983128]
 [-2.80692529  3.49960269 -2.11635628]]
[[-3.55757503  3.39300857 -3.8174262 ]
 [-2.91352149  3.18803164 -3.98729864]]
[[-3.09506759  2.89954893 -3.23829995]
 [-1.72394905  3.09065518 -3.66931794]]
[[-3.93571461  3.68844433 -1.84409379]
 [-1.8646278   2.09368737 -3.85644844]]
[[-3.42874849 -3.25094998  2.68406452]
 [-3.81786121 -2.39677873  3.56909365]]
[[ 3.82915006 -2.61089147 -3.91232247]
 [ 3.83471176 -3.94867039 -1.5153776 ]]
[[-2.6697941  -3.07520786  1.89205383]
 [-1.98354732 -2.84498535  2.53854919]]
[[-3.92485282  2.93799184 -1.9511849 ]
 [-2.84984814  2.07767076 -3.1871528 ]]
[[ 2.28441683 -3.5717491  -3.15030283]
 [ 2.63625175 -3.26634635 -3.67141896]]
[[-2.61356672  3.82971757 -3.83481539]
 [-3.74223021  2.60233915 -2.83279346]]
[[-2.09296625  3.01258289 -3.68962019]
 [-1.77588325  3.76321794 -3.89066211]]
[[-3.96212484 -3.73424096  3.92849635]
 [-2.96374216 -2.95218078  3.46746595]]
[[-3.65960327  3.95132149 -3.23487234]
 [-3.00113207  3.34175445 -3.8048011 ]]
[[-3.16410909  1.82056735 -2.41691116]
 [-3.58102835  3.06734557 -1.7209333 ]]
[[ 2.97113675 -2.99811806 -3.88514925]
 [ 3.50057163 -3.85597002 -2.89426566]]
[[-1.82358155 -2.8520317   2.74047764]
 [-3.56740631 -3.33867002  1.04664488]]
[[ 1.3471683  -3.61139727 -3.86084068]
 [ 2.92995701 -3.86419409 -2.16434388]]
[[-2.96688744  2.67650542 -3.27778378]
 [-3.17023044  3.2361055  -3.16887657]]
[[-3.69057651 -3.35134591  3.60041507]
 [-2.93058068 -3.45938338  3.52737241]]
[[-2.14236953 -3.87232782  3.64385683]
 [-3.51434875 -3.52928391  3.99567292]]
[[-1.5430548  -3.05537834  3.47224269]
 [-3.97215931 -3.54044766  1.90242582]]
[[-2.03768827  3.95543743 -3.19839976]
 [-3.22884108  3.29368022 -3.78043059]]
[[-3.92720116 -3.32879323  2.47947585]
 [-2.89028359 -3.95189769  3.2675213 ]]
[[-2.71196442 -3.39550085  2.99063452]
 [-3.89980751 -3.16139584  3.35203116]]
[[ 2.52776812 -3.79686172 -3.42457772]
 [ 3.65044197 -2.25166702 -3.28918629]]
[[ 3.74939544 -3.45914941 -3.09790459]
 [ 2.5626304  -2.81637103 -3.59127647]]
[[-2.98093188 -1.67590608  3.4081551 ]
 [-2.80753111 -3.8835951   2.56492778]]
[[-2.43180319  3.3628065  -3.06309667]
 [-2.55275181  3.6184115  -2.78574648]]
[[-2.60989898 -3.32853225  2.97594564]
 [-2.74305191 -3.7241044   2.2955636 ]]
[[-3.07121589 -3.40786464  1.80180755]
 [-3.27774051 -3.66298072  3.52987395]]
[[ 3.82851236 -2.98798357 -3.62141275]
 [ 3.78271853 -2.83155402 -3.59032101]]
[[ 2.97451824 -3.93040949 -1.71501301]
 [ 2.741404   -3.38461579 -2.78523423]]
[[-2.74415387  3.22264576 -2.33902466]
 [-3.05832805  2.39982961 -3.28605489]]
[[-2.77479187 -3.1459692   2.8129909 ]
 [-3.60905368 -2.56003432  2.65794915]]
[[ 2.93715882 -3.93489716 -3.29859804]
 [ 3.63322902 -3.36451825 -2.19391031]]
[[-2.89301645  3.70665212 -2.95720615]
 [-3.42303861  2.03173956 -3.32696229]]
[[-2.99919491 -2.90219245  3.3686167 ]
 [-2.84822242 -3.38808842  2.62214141]]
[[-3.39613907  3.22683242 -2.50445042]
 [-3.09363987  1.82198577 -3.94150143]]
[[-3.93558474 -3.30699416  3.53910018]
 [-3.94499793 -2.62410005  3.98855945]]
[[-2.48871346 -3.49507699  3.81567425]
 [-2.45149729 -1.75655571  3.68366246]]
[[ 2.26747349 -2.05373536 -3.73773922]
 [ 1.27410616 -3.62518444 -2.70832881]]
[[ 2.65588402 -2.7514955  -3.8858455 ]
 [ 2.23904409 -3.70542727 -3.61189541]]
[[-2.628347   -3.04203341  3.66505146]
 [-3.80092632 -2.95407283  2.29166108]]
[[-2.02732366 -2.27268961  2.86341424]
 [-3.57878993 -3.5265425   2.99255678]]
[[-2.52964779  2.75474947 -2.46742089]
 [-3.43907106  2.86260064 -3.87538433]]
[[ 3.75131668 -3.8014853  -3.60929157]
 [ 3.97828818 -1.83003697 -3.91438001]]
[[ 2.61921479 -3.957363   -2.44140315]
 [ 2.93719237 -2.38179621 -3.96859143]]
[[ 3.79122718 -3.82569614 -3.17174417]
 [ 3.92583994 -3.83473209 -1.69716951]]
[[-2.3809092  -3.9194985   2.12578296]
 [-2.39466409 -3.24003662  1.98293652]]
[[ 2.87556352 -3.58883408 -3.04250641]
 [ 2.39129853 -2.58416346 -2.19125812]]
[[ 3.80411869 -3.20461921 -2.82131181]
 [ 3.07211176 -3.05484628 -1.62531045]]
[[-3.12484508 -3.99693234  1.55812044]
 [-3.92008592 -2.63380076  1.24315468]]
[[-2.51102949  3.91705345 -2.24448143]
 [-3.16213503  3.26398776 -3.77689306]]
[[-3.91002288  2.35053479 -3.74794766]
 [-3.90301385  3.34313697 -3.25772244]]
[[ 2.55935454 -1.93974149 -3.83678659]
 [ 3.16368523 -3.56066094 -3.59055878]]
[[-2.51714509  3.3174998  -2.28254998]
 [-3.76236376  1.99922966 -2.94235504]]
[[ 3.87749876 -2.20645088 -3.69408668]
 [ 3.13242534 -3.50315466 -2.24922661]]
[[-3.01623429 -3.48635198  1.61129065]
 [-1.35438806 -3.55757131  2.31675301]]
[[-3.77787051 -3.37717874  2.59432752]
 [-2.57773301 -3.75191633  3.24363776]]
[[ 1.69544255 -3.45143752 -3.04966006]
 [ 3.55688224 -3.72701302 -1.43271663]]
[[-3.86703262 -3.25480942  2.83052635]
 [-2.08060273 -3.80082783  2.70833215]]
[[ 2.22751199 -2.64842761 -3.8896227 ]
 [ 1.69460365 -2.26801394 -3.84112507]]
[[ 2.68316078 -3.4700916  -2.41391104]
 [ 3.27869986 -3.34871906 -2.67134808]]
[[-3.55720768  2.18420867 -3.64360957]
 [-3.46944081  3.27059621 -3.97964724]]
[[ 3.20475408 -3.56068477 -2.95939086]
 [ 2.99164223 -3.6734082  -3.84394303]]
[[-3.50201468  3.4962832  -2.32773416]
 [-1.70480456  2.39586214 -3.4219462 ]]
[[ 3.20330855 -2.38326667 -3.79337935]
 [ 3.03803761 -2.01947249 -3.98129809]]
[[-3.78489367  2.79677586 -2.46579568]
 [-3.09571981  1.8935537  -2.83850099]]
[[ 3.13288575 -3.28648062 -1.81706191]
 [ 2.54636199 -2.35503881 -3.9368597 ]]
[[-3.4088584  -2.90103174  2.92699847]
 [-2.84076871 -3.52454948  3.05603032]]
[[-1.98286577  3.21604508 -3.98542718]
 [-3.37475738  2.41674639 -2.06223217]]
[[-2.87985342  3.34837633 -2.81843149]
 [-2.66500649  3.73620055 -3.77680116]]
[[-3.59536831  3.21147132 -2.84422265]
 [-2.01164622  3.67429278 -3.77441361]]
[[-3.59516966 -1.88007233  2.4609458 ]
 [-2.06715603 -3.89634522  3.22536577]]
[[-3.11381138  2.63971878 -3.11408568]
 [-2.23587004  3.61179389 -2.48035607]]
[[-3.70430383 -2.90819468  3.14459496]
 [-3.77087723 -3.39836028  2.59161753]]
[[-1.68691298  2.99537309 -2.75347346]
 [-3.89774956  1.66139345 -3.64240999]]
[[-2.56654347  2.85912894 -2.27839978]
 [-3.27702123  3.76157475 -1.84006399]]
[[-3.28207813 -2.65217889  2.18810282]
 [-2.77112453 -3.16401486  2.83008433]]
[[-1.94426978  2.55080099 -2.84666993]
 [-3.09694682  1.73444937 -3.59854003]]
[[ 3.96894743 -1.54355349 -3.70089933]
 [ 2.7942523  -2.21192888 -3.37788323]]
[[-3.72738485 -2.46338435  3.99561915]
 [-3.21115828 -2.10548762  1.83157716]]
