-2.32227821,-2.12173491,3.49492557,3.22599085,2.53045313,-3.99963377
-2.19509471,2.23424421,-3.25117871,3.64907972,-1.30883923,3.22036527
-2.81382354,-3.52757794,3.35726504,3.17524144,3.83111634,-3.93618002
-2.2106945,3.95120412,-3.10834663,3.36627176,-1.41797775,3.46440647
-2.44767975,1.89980355,-2.83384965,2.42228804,-2.26342669,3.27929966
-2.82652408,1.81828418,-2.52193445,0.83013372,-2.85317568,3.6503634
-2.56896035,2.2598448,-3.09304946,2.77045209,-2.16549525,3.29419146
3.92962036,-3.86202919,-2.99275173,-3.55808361,3.53262651,3.48023639
-2.78492636,3.28520027,-2.15668954,3.50063148,0.34186579,3.33637821
3.44300032,-3.0288383,-2.84531284,-3.09039862,2.90062265,3.72252077
-2.29616445,3.8071984,-2.62126874,3.67021334,2.97644271,3.83148294
-2.64632813,-3.43412516,3.76193395,3.64208011,3.75970363,-0.82336173
2.15481899,-2.46736427,-2.88242745,-1.67566921,3.17487982,3.64850455
-2.60506034,3.78158045,-2.61919698,3.26664651,-3.71618618,2.44247328
-2.69880298,2.31605507,-2.39451272,-1.0359538,-3.83992571,3.15880597
2.41419765,-3.05798754,-2.36142062,-2.45255195,1.82225774,3.64355629
2.64981239,-2.18776788,-3.67594438,-1.81315081,3.80171732,3.14435016
3.83479979,-2.83791271,-3.56975817,-3.43417472,3.008964,3.81493947
-3.63233549,-2.28748263,3.25246789,3.45120064,2.40927627,-3.53203863
-2.75585493,3.92058777,-2.24418259,3.8944275,1.74428262,3.67350527
2.71590544,-1.51557822,-3.42023144,-3.15253855,3.63658394,-0.73076088
-1.39061897,-3.62329473,2.76608898,3.12126271,3.58109469,-3.9785171
-3.97594501,2.85235214,-3.3590827,3.51239443,-3.31481427,3.55878155
-2.31846544,3.20460096,-2.95722807,3.84730331,-3.6871163,1.94059422
-2.33846942,3.43144921,-3.18483302,2.88135163,-3.82811562,2.38216724
-2.66596731,-2.77263455,2.40166163,1.35814467,3.51894263,-3.94695375
-2.52340963,2.52290482,-2.76504804,1.28724465,-3.35078999,3.56999768
-2.32237834,3.22354204,-2.0932166,2.0009927,-3.93208188,2.15980593
-2.00360298,-2.41471627,2.70629197,2.60381009,3.71106757,-0.83163805
-3.67715132,-3.12013821,2.10189141,3.47348252,3.26084402,-3.17229319
-2.45346344,3.94078673,-2.6575719,3.85468838,1.68592341,3.32489139
2.94537875,-3.8249825,-1.82111933,3.01002175,3.9202886,3.945956
-3.31728965,-2.1992235,2.033779,3.88822471,2.64060481,-2.27365561
-2.97683828,3.76209339,-1.77496181,3.17365686,0.90221161,3.68687022
-2.93313661,3.76948171,-2.9193601,3.97263915,-0.87108385,3.84263106
3.28995962,-3.27351483,-2.57866634,-3.81100136,2.43015026,2.88416163
-1.81204991,-2.86807512,1.73496608,0.25463999,3.40550283,-3.25081753
2.62238398,-2.98752613,-3.37963171,-3.68635087,3.66433715,1.4199901
3.81929993,-1.53680882,-2.46133507,-3.60241098,3.57283956,2.07476574
3.24953666,-2.3420418,-2.57830953,-0.38538554,3.28582849,3.15243968
-1.98466268,3.20312985,-3.42924079,3.75360477,-2.30239572,3.61596316
-3.26732291,1.58219636,-2.01153646,-1.53991406,-3.37679315,3.52412377
3.85431109,-3.58897353,-2.02149996,-2.18683524,3.24341086,3.87484969
2.99314405,-1.84823347,-2.95034564,3.17399451,2.85784575,3.81864736
-3.54339878,3.52683306,-2.6659266,3.9890862,-3.47619067,3.44456169
-2.44594022,-3.94064786,2.9555465,3.83146194,3.77961805,-3.53789714
-3.15547803,-2.58217644,2.71521705,3.51713476,3.92443675,1.49350092
2.28777307,-1.983249,-2.0609379,-3.68190064,3.94863893,-1.85902697
3.7961527,-2.96850101,-1.71317373,-3.52843574,2.81770773,2.92079706
3.83942033,-1.97263504,-2.74162037,-1.25537442,3.88792017,3.10224641
-2.32306999,-2.38485412,3.82668172,3.96852045,3.83595959,3.67119805
-3.19819833,-3.26945897,2.84230478,3.4796554,3.26767387,-3.76930753
-2.58609536,3.57610824,-2.765722,3.70720591,-3.48993469,3.30529775
3.61152589,-3.215072,-2.49365077,-3.9085104,3.30516565,2.43112035
-2.77689395,-3.53932233,3.9781652,2.78454562,3.39447989,-3.81984742
3.28144471,-2.11626913,-3.22537445,-0.33363493,3.32706819,3.94749023
-2.51025177,3.11780503,-2.30537716,2.96852268,2.52501259,3.47460336
3.10270979,-3.62407767,-1.62027862,-0.86569992,3.89996765,3.92185133
2.99546714,-3.06508975,-3.67746135,-3.42455106,3.87768236,3.79107149
2.62710246,-2.1429139,-1.73714045,1.7595736,3.92922993,2.26264366
-2.4736818,-3.17203354,3.43205305,3.98093274,2.79292023,-2.27387076
-3.12916391,-1.95477198,2.30202016,3.47983766,2.68414532,-0.80352818
-2.06808648,3.8890913,-3.34186507,3.80504216,0.99886734,3.25773501
3.31598042,-1.77602651,-3.34444795,-2.86895763,3.84893665,1.98883051
2.85487234,-2.60738105,-2.93995361,0.59058133,3.58328073,3.48751473
-1.63145308,3.49578354,-2.68203323,2.33660284,-2.88299943,3.55666375
-3.73021288,1.59192397,-3.60888268,3.52793069,-3.29823238,2.65375219
-1.45046025,-2.3625723,3.31430566,0.80986673,3.99744231,-2.63435423
-3.17151321,-2.45718625,2.14026457,-3.10374211,3.49865262,-3.8696458
-2.85209541,-2.72564691,3.20816062,3.30660834,3.39223291,-3.26234965
-3.41704383,-1.96194411,2.95674163,3.6104309,3.38832214,2.76418759
2.7152495,-2.67317234,-2.83260184,-3.59501036,3.57140978,1.95507648
-2.53162746,-3.59175168,2.84731662,3.91593072,2.96621209,-3.28063451
3.90263405,-2.13625742,-3.24734146,-3.90834006,3.11549141,2.29854168
-2.45441015,-3.50294464,2.1519824,2.25802017,3.30576893,-2.73754516
-1.65351698,3.01412679,-3.28378243,2.56180465,-1.58092868,3.83792025
-2.37741042,3.88061713,-3.07101351,3.50220094,3.50338822,3.59485513
-2.1711724,3.68706256,-2.49231786,3.33224298,-3.87508531,3.78107566
-3.16537599,3.24835016,-2.88102583,3.13404807,-2.77945177,3.84883371
3.47115336,-3.23755618,-1.33719645,-3.0303392,3.90544409,1.64574795
3.19737359,-2.89861299,-2.70444613,-3.36291432,3.66505271,1.87189488
3.05329639,-2.77196207,-3.62169415,-3.08654914,3.6756309,2.85096309
3.27080078,-2.28600949,-2.42423102,-3.6972943,1.07359083,3.5392824
-2.90295237,-1.99520164,3.48045698,2.59561435,3.39047094,-2.29187366
2.51657474,-3.14043837,-1.79927197,-2.99300114,1.63667586,2.75458009
-2.81178825,3.44426158,-2.36218737,2.84259823,-1.52189016,3.5839318
-1.65879468,2.94717916,-3.4773928,3.72828155,-3.811584,3.73468355
-2.25006874,-3.95392686,2.33364969,2.64522192,2.77565717,-3.46279832
3.35063053,-1.81600537,-2.73327855,-3.73785742,3.91935757,2.89030733
-2.43012775,-3.13905145,2.02541374,2.81708148,2.42778918,-2.46780934
-2.25043441,-2.76764191,2.39968817,1.16781935,2.86750829,-3.56508724
2.5878673,-2.75985393,-2.47036686,1.42993362,3.87465749,3.34346831
-2.42450964,2.07463165,-2.68506796,2.16462756,-1.70986324,3.89282165
-2.07253755,-3.36428372,3.34574016,2.7594142,3.29099136,-3.51249702
-3.57624254,3.52809887,-2.25266707,2.04541488,-3.81037642,3.86808059
-3.05004198,3.47190954,-2.95250666,3.63332033,-3.77547468,2.1914264
2.20077389,-2.69032713,-3.07046513,2.53839061,3.98293547,3.81056307
3.01307838,-3.8959883,-2.90734475,-3.12305126,2.90953874,3.99526937
-2.64111863,-3.06726627,2.88012588,3.43468643,2.37340162,-3.70841624
-3.06798638,3.03011149,-3.09669109,3.20068555,-3.67006008,3.20517346
3.2478422,-1.80452724,-3.44789189,-2.65343787,2.57381198,3.69717356
-3.71973837,3.30698639,-3.36010228,3.36845905,-3.82373959,3.35032891
-3.39290342,2.534225,-2.98301898,3.32550912,-2.99739103,2.79409949
3.47615133,-2.43786986,-2.22854132,-3.75150556,2.17353158,3.28619367
2.87922999,-2.46698661,-3.5872796,-3.1628064,3.42252042,2.20596734
3.30519255,-3.00984972,-1.59898201,-3.69381494,3.22069843,2.38480622
3.842219,-2.37454631,-2.54614695,-2.12861344,3.49273449,2.62051766
-2.84819197,3.57004282,-3.29834679,3.86173756,-3.23593079,3.03027497
-2.14667929,3.03359257,-3.74515969,3.33309814,-3.337758,3.22937616
3.55333668,-2.50638219,-2.90924506,2.87622905,3.86540457,3.71748912
-3.01028384,-3.31461025,2.75335644,3.35196631,3.32877146,-3.66139283
3.87223444,-1.92869656,-1.67624977,3.72754385,3.69844587,3.50519866
-3.45094948,-2.40109073,3.54317048,3.96934943,3.72960936,-3.85505474
-2.7389109,3.5772707,-3.21136876,3.09065843,-3.46562948,3.31630354
3.47441776,-3.50220293,-2.16490911,-3.90673885,2.4317634,3.35202924
1.63547073,-3.20959025,-2.71161136,-3.94692933,1.89331226,3.24734427
-2.79563126,1.91162465,-3.37456349,3.45298516,-3.48456571,3.52164615
-3.00869849,3.29657846,-2.74332486,3.87805048,-3.83086959,1.95744533
-3.28858532,3.21138642,-1.55580211,2.88512544,-3.59173144,2.58778176
3.01028905,-2.74193091,-2.46106478,-2.65192828,3.95560457,3.3473063
-2.68644045,-2.31462291,2.53033097,3.96797988,3.18979877,-3.04625719
2.90225182,-3.80949461,-2.60388235,-3.6121964,3.98320379,3.88349378
-3.37161994,-2.23248207,1.59861663,1.76293802,2.84537713,-3.54041499
1.85265424,-3.32174626,-3.33830274,-3.93685254,3.54840045,3.79809711
-2.10004866,-3.14137135,2.29087225,3.47045151,-1.33452564,-3.28335365
-3.5797453,-1.99280171,2.85689917,3.93152049,3.58774875,-1.66692286
-3.7675098,2.53157165,-1.66469324,3.9824011,-1.63902687,2.93805789
-3.39242737,-3.4351654,1.86690348,1.97463346,3.62879928,-3.96812716
3.12402272,-2.76485655,-3.13723553,-3.18197203,3.67153256,3.60404662
-2.01504642,2.02780272,-2.64120564,1.23503289,-3.4233141,2.35902398
2.61968194,-2.39628055,-1.9959337,-1.96882129,2.83599987,2.24666982
-2.80686931,2.8700549,-2.43278716,3.61247774,-1.29334841,3.00192417
-2.77133095,3.79431138,-2.75410086,3.1766366,1.03543553,3.5932705
3.62188119,-2.1468942,-2.8190466,-1.61568504,3.52079341,2.8176234
-3.40970905,3.12025194,-3.41313258,3.86740552,-3.17158183,3.38906377
-3.13760192,-3.91638032,1.6572642,3.94215722,3.75747364,-2.36701105
-3.5611526,2.03875336,-3.24067975,1.29700165,-3.83426949,3.66064615
-2.40454522,-3.70102395,1.45046128,3.8051093,1.88063689,-2.27168046
2.48374189,-3.11344385,-2.59139218,1.12861515,3.99294295,3.39231731
1.46424906,-2.78987485,-2.84670974,-3.11395499,0.02989276,3.61076897
-2.38464538,2.50168255,-3.89039704,3.0629071,-3.59231078,2.34181576
-3.69972853,2.43045193,-2.17836636,2.90096675,-3.11057251,2.39576805
-3.39613091,-2.59432077,2.11997556,3.41330707,3.93141987,-2.87149867
-2.847039,2.60416063,-1.9775192,3.20311298,-3.72261452,3.05294724
-2.2728805,-2.44988376,3.071352,3.95172802,3.3747411,-1.18389888
-3.5281406,-2.78418543,3.31492551,3.80759436,2.59713515,-3.77629125
-2.80614206,3.93263867,-2.64007574,2.79210886,-3.41811518,3.88617531
3.2160639,-1.98807192,-3.67112845,-1.03804356,3.93025293,3.52681464
-2.93593922,2.69958446,-2.47791134,3.95937255,2.86671473,3.77043578
-3.83652865,-2.84438842,2.31059071,3.15839528,3.59840793,-3.12236275
2.98728816,-2.88609815,-3.78541576,-3.50821407,3.60855275,2.90646396
-2.29983007,-2.49483956,2.25108375,1.85124319,1.77315521,-3.79385506
3.05600176,-3.59709016,-2.81087079,-3.7753111,3.75645068,3.9769067
2.6316553,-2.54843721,-1.72108509,-0.01998478,3.57345824,3.53940092
2.67262468,-2.59524974,-3.54757631,-1.43248959,3.87924664,3.39952328
-2.16956426,2.00810721,-2.6996701,2.75699948,-3.18043939,1.55081584
-1.87892801,-2.97319817,3.29268061,3.89556463,-1.7218117,-3.67953433
-3.08115957,-1.8262412,3.48526845,3.93756539,3.309759,-1.49656375
-1.57834415,3.32216278,-3.29157218,3.59811946,-3.75735038,1.65899732
-2.67893241,3.53511927,-3.36075242,3.85464942,-1.93350526,3.35179422
-2.92385548,-2.87834658,1.65646602,3.42131319,2.75616609,-3.38673551
3.13974613,-2.64902265,-2.49959255,0.49171553,3.55457198,3.94530238
-2.53409444,-2.89460639,2.11698122,2.485653,2.95378524,-3.86927739
-3.14240798,2.7061187,-3.20086835,3.14389906,-3.73288429,3.64740781
-2.51605131,-3.46490922,2.83174899,3.99731249,2.87608409,-2.64465589
-2.25900188,2.47018973,-2.06792604,2.6103246,-2.04215538,2.17528387
2.81119036,-2.63980628,-1.40969959,-0.77740984,3.3799379,3.14541122
-1.61506099,2.68725778,-3.30789401,2.24192877,-3.75654237,3.00992735
-2.43043747,-3.94123216,3.16574668,3.92458786,-0.20658053,-3.95807415
-3.10757388,2.76300873,-1.98930076,1.55110627,-2.66299168,3.84646096
-2.64953835,-3.24864421,2.17955214,3.7020272,3.84593552,-2.74764433
-2.67587726,-1.92839288,2.30450721,2.78000879,2.42572964,-1.57275313
-1.78331086,-2.72486767,3.47870487,3.51204653,3.60489369,-2.42380192
-3.56259358,2.86130618,-3.33317579,3.57464005,-3.77248625,2.66638419
-3.92530094,1.85777859,-2.61068918,3.94840422,-1.79540597,3.80539488
-2.26563291,-3.35971022,3.78895713,2.76020527,3.88006155,-3.03229865
-3.85339504,-1.98722631,2.84354513,3.87463512,2.17232313,-2.92675484
-2.82780134,2.12362133,-3.23863671,3.23928449,-3.80919103,1.47462571
3.68419246,-2.77053729,-3.65567597,-3.31570802,3.62794911,3.30591568
3.4154128,-2.80087929,-3.79183229,-3.77889853,3.63284224,3.06682551
-3.11462964,-1.82332465,3.51215035,3.9453885,2.75633492,3.08945294
-3.21182351,-2.86839497,3.46633002,3.66651344,3.61319154,-3.49344116
-2.25618789,2.93429256,-3.02973068,3.74564077,-0.13583571,3.02652755
3.10131448,-2.95646583,-2.72966982,3.30980907,3.76188365,3.98473972
-2.54590379,-3.24167483,2.54811274,3.91522788,3.66779439,-3.30048632
-2.87510582,-3.74268572,3.17732109,3.26595036,3.762362,-2.93499419
-1.84405942,-3.74345119,3.2470198,3.13872009,2.99343899,-3.54952441
2.20758195,-3.72639021,-2.27706177,-2.48482314,3.52842765,3.32420522
-1.75372072,-3.78529002,2.78416253,3.05998699,2.63984222,-3.83204768
-2.15981413,1.99666597,-3.5613863,3.94921107,2.69138382,3.82109917
-3.61729723,-2.32957155,3.00727084,1.99389962,3.95797313,-3.98972708
-2.44451962,-3.49967106,2.84857635,3.50917113,3.63054362,-2.67724995
2.62442956,-2.79928018,-2.14095635,2.46941541,3.29350985,3.5364778
2.47166451,-3.87811865,-2.6046033,-3.37557002,-2.32816654,3.98952004
-2.14370031,3.79712169,-2.54550173,3.57733458,-0.82034841,3.33572541
-2.24741692,2.38676846,-3.76387242,3.90595274,-3.86959139,2.76654806
-2.96386414,3.54552978,-3.34659999,3.87455166,-3.02615699,3.39538007
-3.28952131,2.46576184,-3.3490796,3.06895684,-3.76427085,3.71451103
-3.98896677,-3.56574187,2.07848864,3.81955904,3.00170283,-3.05643
1.79927145,-3.14460624,-3.74080225,-3.23049334,3.78994636,3.03755457
-3.4209839,-3.32043587,2.49190673,3.16929562,3.36207086,-3.29867531
-2.04501452,2.47893893,-2.85931109,3.7294601,2.44250574,3.30060286
3.51326692,-3.48162509,-2.24091524,-1.99787665,3.92306308,3.50349169
3.15963729,-2.51228115,-2.6327415,-0.50085342,3.3623391,3.54368442
-2.3154597,-3.51365622,2.94640317,3.51826015,3.95493167,-1.31404466
-3.58659343,3.58871447,-2.71393291,3.30036932,-3.81738371,3.2686629
-1.943584,-2.60134416,3.40140224,3.10906613,3.74006002,3.7762976
-3.47878643,2.22810818,-3.06857872,3.54837635,-3.25268572,2.55673476
-2.92601236,-3.1111469,1.59574536,3.73592623,-2.11308311,-3.73482343
-2.88537523,2.80635497,-3.2749983,2.72131941,-2.91410037,3.25580718
2.80363521,-3.0784929,-2.20596013,-3.8324389,3.72905197,2.90737859
-3.72027648,3.65004082,-3.09728386,3.40302386,-3.53529261,3.29708546
-3.91906386,-3.54886819,2.59136381,2.97559141,3.86597335,-3.07151276
-3.833598,2.28606713,-3.71627301,3.81492974,-3.92517374,3.141579
-1.59944865,-3.74241039,3.53534598,3.09877639,3.98984237,-2.36524327
3.27058885,-2.21335616,-3.34231762,-2.58881374,3.10579097,3.40677295
2.43484927,-2.74393189,-3.74683974,-0.98399639,3.82122885,3.53135844
-2.29449193,3.73384652,-2.58706919,3.64282957,3.61623615,3.49635679
-1.83884236,-3.02129132,3.85722084,3.26341193,3.79353105,1.58867288
3.10568507,-2.50585956,-3.86910372,-3.78966319,3.26394103,2.79094702
-2.25931004,-1.82343973,3.00456765,3.63760271,3.44321917,-0.93327628
-2.34428123,2.19558824,-2.37865542,3.94241322,1.81469332,3.44565501
-2.6386534,3.55088746,-1.85889551,3.64233856,-2.10391752,2.83722198
-2.60851178,-3.3363596,1.84632958,3.81345754,-1.60649977,-2.94862329
-2.77229796,-3.86604057,3.19105662,3.70787068,2.58986412,-3.87437307
-3.3353091,-2.64101482,1.92801651,-2.44331716,3.87499202,-3.1284646
-3.56346681,3.31783104,-2.42995136,3.52787785,-3.65143325,2.13585836
-3.15363276,3.41878201,-1.98569313,3.41986066,3.69227257,3.80363571
2.08751706,-3.90446689,-2.62066171,-2.34885532,3.88110893,3.03032054
-2.6617205,2.14030756,-2.25765301,1.23025373,-2.44133237,3.37694944
-3.60797345,-3.23630391,1.9530486,3.45434349,3.49220419,-2.22614875
-2.68653557,-2.62056478,2.1023039,3.49712385,3.51791686,2.44836261
3.12512291,-2.11533316,-3.17758392,-3.34045913,3.83067652,1.30550321
-2.92784069,-3.58277479,2.69640818,3.86892815,2.94789298,-3.2908804
3.76038443,-2.57070432,-2.71868126,-2.07477395,3.28555386,3.1677586
2.75040984,-2.65009253,-3.42395635,-3.54434617,3.24613969,2.74897769
-3.58190347,2.55851212,-2.26062086,1.71863042,-3.29782677,3.66815758
3.03756802,-2.01027902,-3.47206744,-3.92192976,3.33000179,-0.87593126
-3.38714602,-3.6503234,2.24085588,3.74645684,1.92404633,-3.93405512
-3.30456823,-1.55388993,2.71439794,3.76706926,2.75642411,-0.85836489
-3.21508891,2.75482765,-3.79507592,3.83884948,-3.68277861,2.22122234
2.75926001,-2.600193,-2.2730977,-2.91463308,3.68519185,3.39208751
-3.43374377,-3.5217642,2.44094393,3.97853379,3.79785779,-2.79260129
-2.91792067,-3.07621335,1.81344789,-1.1025265,3.77706354,-3.60528487
2.97066367,-3.3816112,-3.74519719,-3.68292772,3.76058743,2.96512229
-2.17387598,2.45107748,-3.78938152,2.07087913,-2.42541471,3.97017107
-2.78607357,-2.76239943,2.51316255,3.86535543,3.51251871,2.62854918
2.357015,-2.39862686,-3.33815902,-3.1290641,1.71615117,3.61160992
-1.57467268,-3.20571494,2.93318003,2.90614951,3.34847557,-2.41464861
-2.61963398,3.90709259,-3.33078808,3.90238093,-2.70295932,3.38447605
3.45669747,-3.75561744,-2.74564903,-3.69183614,3.43742033,2.60136985
-2.67160738,-1.89554542,3.87573773,3.95569424,2.82382617,2.12731307
1.92241437,-2.29350329,-2.99073143,-1.78541868,3.95053589,3.78529481
2.10060268,-3.66321556,-1.98553256,-2.88774835,1.98237558,3.97543603
-2.77912364,1.19638726,-3.43239219,2.9061422,-2.51192624,3.71284552
-2.23610816,-2.49795727,2.388961,3.42061891,2.95782741,2.65557245
1.84964192,-3.36881119,-3.65785105,-2.79577455,3.72463426,2.59182792
-3.95625891,2.13099934,-2.78718191,3.59670827,-3.21235687,2.57216437
-3.66895828,2.98678296,-2.12496454,2.18839086,-3.91694436,2.84721012
-3.99319488,-3.25399203,2.40302319,3.78697055,3.90270883,-3.05536785
2.88646713,-2.58175668,-2.63212875,2.05213648,3.54748406,3.64606639
-3.42331959,-2.14002963,3.17642436,2.99987472,3.93866288,-2.29832496
3.21468752,-3.28636241,-2.70682885,-3.01404503,3.22110318,3.90213526
-3.69362557,2.06528597,-3.61047792,3.62648621,-3.56072008,2.96320399
-2.62963135,2.15410162,-2.63318356,3.84287469,-3.44269446,-0.57101313
-2.93250128,-2.13225262,3.42727746,2.57438744,3.88279928,-1.23812216
-2.20757416,2.65132998,-3.76184991,3.90732092,-3.49818158,1.18801333
-1.86834887,3.57351181,-3.65169916,3.86685762,-1.54064571,3.81662587
-3.79214718,1.76075535,-2.19209369,3.6264873,-2.52364902,2.44679757
3.44671202,-3.07872269,-2.78676043,-3.3997598,2.66598555,3.42876203
3.4372246,-3.1936606,-1.92262157,-2.32365418,2.95402876,3.65651249
2.65105908,-3.64325551,-2.18055103,-3.90597475,3.91128091,1.15774723
-2.00498343,3.45036046,-2.07518733,3.98858538,-3.21430391,3.93862735
-2.74719884,2.45343442,-3.14944058,3.51476402,-3.31298541,1.75768315
-2.42223188,2.73113938,-2.91253298,3.76585335,-2.82447922,2.76222806
-2.55770928,3.08405188,-2.36401232,3.65779974,-1.49909593,2.49303997
-3.09626652,-1.9546514,2.05128541,3.58501745,3.53516537,-3.24446875
-1.52299396,-3.07454353,2.38959543,3.73778438,-1.85249556,-2.89047837
-2.54079048,-3.32400503,2.52732638,3.97070955,2.63884906,-1.89215156
-2.94158478,1.9753362,-3.35487901,2.41791654,-3.43587053,3.16527444
-2.81412813,3.55888393,-2.14934269,3.53645478,-1.69825797,3.33670388
-3.05162671,2.92802628,-2.23500856,2.77672888,-3.55571381,2.46590523
-2.49549036,-2.36186906,3.09914478,3.43779952,3.81220684,-3.58727438
-3.12388865,3.90912759,-1.53876755,3.82982088,-3.74284066,1.11546964
2.17779469,-3.22896823,-3.16173532,-2.65327087,2.35279548,3.60559404
-2.41866631,2.23337,-2.76994613,2.53669669,-2.63060954,2.50576992
-2.15520582,3.49856174,-2.45413383,2.46337841,-1.90870833,3.2803069
-3.28473781,2.40762826,-2.66619061,3.68158013,-2.56663416,3.36788045
2.01231395,-2.63678632,-2.86061948,-1.81123937,2.3153501,3.66261168
2.72497689,-3.26276282,-3.06369851,-3.12842917,3.27175029,2.6421098
3.01275501,-3.50607304,-3.11413893,-3.72316455,2.4921246,3.63456945
2.66660294,-2.31575946,-2.74107457,-3.81812655,3.53541601,3.99638554
2.66979378,-2.44244903,-1.89197839,-3.9648422,0.73182996,3.6552888
-3.52353614,-2.77123022,2.46600388,3.95530619,3.31789452,-1.88424771
-3.46813858,-2.92972457,3.00516259,3.68808227,2.92873118,-3.28828619
-2.30236941,-2.50964525,1.84714611,3.42566815,-1.09652351,-3.1258413
-3.20675336,-3.62220558,2.64180198,3.31075403,3.4733785,-3.66546804
-3.23442106,3.87348097,-2.29286264,3.86588968,-0.11165337,3.8350338
-3.9630604,-2.50087881,1.59830703,-3.34322524,3.80808606,-3.22704852
-2.37942633,-3.67313296,3.40834868,3.97003215,3.75057088,0.75579524
-3.19095998,-3.63814746,3.18048389,3.54587464,3.55317156,-3.14854109
-3.76904084,1.97722791,-3.11050209,2.738833,-3.41312301,3.50286047
2.25335925,-3.51477412,-3.68600224,-3.44405287,2.66000932,3.51854887
-2.73317516,-3.58823088,2.26087072,2.19649214,3.92204642,-3.09058758
-3.25720421,1.4310918,-3.64426361,3.27799025,-3.26103392,2.167064
-2.69822249,3.99794096,-3.28319967,3.86293826,-3.94326258,2.87674484
-3.51422471,2.77062084,-2.44588986,3.6738447,-1.27073647,3.05677827
-2.67342444,2.35087063,-2.70604442,3.93489659,-0.24879488,3.25249837
-3.79583056,2.09560926,-3.20815714,1.95909231,-3.49278107,3.81025723
1.64201252,-3.55492095,-3.31018159,-3.03440329,3.13161259,3.92339101
-2.55898681,-2.92051357,3.6565189,3.45217199,3.81034762,-0.77462672
-3.29439891,1.70575473,-2.64388947,2.9323294,-1.24364721,3.54120034
-3.70740636,2.3497213,-3.2532065,2.09048948,-3.84737908,3.92127181
2.34985365,-3.14373636,-2.19481727,-2.21436512,2.79198929,3.35691949
2.9272161,-1.95580685,-2.10031111,-0.12419605,3.49002606,2.80990125
-2.24920964,1.87624273,-3.71035315,3.30518979,-3.64329229,-0.33713045
-3.04709111,2.86371551,-2.50893923,3.45997789,-3.13489554,3.93928254
-2.88185779,1.50784376,-3.60529797,2.72080236,-3.75936496,3.79785216
3.76986923,-2.69496408,-2.13367312,1.3939068,3.14945626,3.61778947
-2.40730713,3.49858495,-2.04822913,3.26272611,-2.32413569,2.2318786
-3.9721326,-3.1903136,3.61655103,3.45200892,3.67529862,-3.91308756
2.33551722,-3.14399333,-2.96015804,-3.71726415,2.68142856,2.85322702
-2.4164276,2.87013553,-3.54004315,3.01456255,-3.98853877,2.17570741
-1.71731054,3.64216961,-2.42581327,2.73924534,2.74832181,3.40606364
-2.88544636,2.1494193,-3.47371232,2.42956689,-3.85177199,3.83697733
-1.79806584,-2.84043791,3.86030894,3.47586165,2.9528222,3.45970937
-3.40117875,3.81263909,-3.46078526,3.97192323,-3.54198398,3.60180899
-2.41498965,-3.66971443,2.14156917,3.81734646,1.92871169,-3.43312493
-3.43976254,3.0600818,-2.22761822,3.56379644,-2.70032156,3.69453158
-2.46372305,-3.53274719,3.6159004,3.16360396,3.84947882,-1.80552821
3.26241083,-2.88437469,-2.62671535,-3.67012787,3.47958523,3.09725582
-3.441241,2.92806062,-1.66321121,3.55546961,-2.03358718,2.66446816
-2.34653787,-2.15023868,3.57431653,3.563645,3.15370419,1.36052789
-3.22362403,2.61110439,-3.89562103,3.75002029,-2.54942321,3.73526615
-2.00759111,3.53637436,-2.89204048,3.63548933,-3.10704793,2.88754088
-3.46802595,-1.60848,3.32382759,3.58766672,2.69791881,-3.34252948
2.5381539,-3.6153247,-1.60369675,-3.31746069,2.91232983,1.80801783
-3.40766496,2.00224266,-3.9676896,2.60858209,-3.94512622,3.73453376
-1.76715133,-2.77931547,3.18658874,3.51061608,3.67212916,3.3678948
1.80482788,-3.17164225,-2.93092798,-3.46245443,2.34679546,2.6047251
-2.58734569,1.99020605,-2.62988443,2.9613324,-3.00770493,3.98429774
-3.19439279,2.47512373,-2.36468514,0.49561615,-3.17277785,3.78454856
3.34636899,-2.55347034,-3.33201223,-3.02588942,3.71417032,2.47938444
3.34583178,-2.72279893,-2.94463897,-2.49006521,3.54727623,2.60392982
-3.01359893,2.65998202,-3.61450176,3.6409064,-1.49601084,3.88331698
2.46652569,-2.88733248,-3.18843985,-2.91120443,3.5991006,2.98269627
3.47744996,-2.92936756,-1.52455575,-1.57859854,2.80326839,3.65818258
-1.95697946,3.61964441,-3.53743659,3.89724905,1.62642838,3.84039588
2.06516712,-2.3006564,-3.49160281,-2.30280884,1.76841006,3.95504879
-3.44641248,1.84677453,-2.20487505,2.46528698,-2.97200893,2.81348931
2.84440822,-1.80953641,-3.88188594,-2.79157163,3.61001826,2.39262964
-3.71973134,-3.2908244,3.21961845,3.34201454,3.66261804,-3.74680104
-2.70591775,2.44718576,-2.66188255,3.58007762,0.05394199,3.71476092
-3.67327962,1.82116449,-3.16899584,3.1157901,-2.21807995,3.6939986
2.99000231,-3.07477597,-2.27236163,-1.96305825,2.72284731,3.82192095
-2.60853481,3.22608331,-2.40341189,3.81743011,-1.23953162,2.59681256
-3.04907469,3.07485877,-2.29886294,3.70826626,1.38380862,3.93076868
-2.10808191,-3.67291724,2.42290566,3.86866898,3.75804363,2.63760464
3.5738913,-2.38145262,-3.63494278,-2.33717664,3.10900787,3.77552689
-3.43356435,-1.45444286,3.47060758,3.82757072,3.85113371,1.14017887
-2.28687589,-3.49989587,3.03456557,3.61163577,3.88329352,-1.59780915
-3.21900022,-2.3369064,3.5921703,3.4057378,3.59588758,-0.41082264
3.56441216,-3.59800432,-2.44904512,-2.34271034,3.96244072,3.66774796
-3.43093544,-2.15281746,2.83850387,3.80640088,2.79034102,-1.8716736
-2.03639073,-2.20791305,3.92386522,2.64027264,3.9945382,-1.02320311
-3.67691917,1.72834657,-2.91010202,0.49767861,-3.65846117,3.39300228
-2.01510025,-2.45209577,2.72663038,2.94760221,2.542728,-2.61606698
-2.920322,3.52355097,-2.25918477,3.98093366,-3.91224342,2.57716331
1.72378763,-2.90845403,-2.7379227,-0.05806814,3.91662875,2.99971248
2.20533018,-3.15916169,-3.25248673,-3.77421594,3.55259632,3.12534634
-3.09888316,3.22638863,-1.93103108,2.09861937,-2.83649162,3.88027174
-2.33862244,-2.68127973,3.05171903,2.91592197,3.34420297,-3.50233411
3.93445697,-2.24378839,-2.06839233,3.17173856,3.67790386,2.57543356
3.37123048,-1.62442828,-2.60339311,-0.29965656,3.30252563,3.31419174
-3.78284265,-2.40005287,3.36830738,2.58138724,3.93858012,-2.95884593
2.21784463,-3.14282691,-2.01673086,-3.81977353,-2.67326586,3.54726272
2.30575428,-3.42109306,-2.90803914,-2.68952653,3.7072832,3.49640803
-2.39792707,-3.01369632,2.7296414,3.10622041,3.92659741,-1.88764515
-2.24250205,-1.7666866,2.98802875,2.83524069,3.39263783,-2.58902003
-2.28434613,-2.94082998,3.10894177,3.24163305,3.76118491,1.28786218
-3.99019851,-3.36770918,1.19895704,2.31342044,3.98031944,-2.69840845
-3.30526026,3.95801778,-2.33373599,3.57857353,-2.34985839,3.26121073
-1.65596159,2.8854909,-3.14585291,2.37221844,-3.76988671,3.73861075
-2.60762201,-3.92544214,2.53702526,3.4967572,-2.30139422,-3.86943607
-1.73290798,-3.72260721,2.33391738,3.8116451,-0.61755574,-3.62201187
2.67887654,-2.57298561,-2.82370718,-2.41801537,3.09818191,2.9886158
-2.69788744,-3.31147509,1.92573706,3.62223652,-0.04352772,-3.27273566
-2.82958146,-2.3692459,2.473094,3.82559242,1.12785004,-3.76000175
-3.04291302,-3.26870196,1.41344686,3.92969208,-0.21733291,-3.11695528
-2.85254583,-3.49658055,2.31928436,1.41992643,3.78227366,-3.919112
-1.84016125,3.39737076,-2.95276376,3.63762751,-2.75188772,3.91331416
-3.40775281,-3.35795035,2.38503557,3.66706778,2.83321139,-3.5922492
-3.95283665,2.59654169,-2.59746749,3.84971301,-2.43776309,3.81766928
-3.5037446,2.85088084,-1.84513441,-1.86129315,-3.6357143,3.54692539
-1.92767195,2.84309621,-3.4220001,3.40924989,-3.59530442,3.36490862
-2.84604771,2.57302276,-2.79394135,1.24115889,-3.1997716,3.76430516
-1.99550249,-3.17982286,2.05907127,3.83422544,3.85638233,-0.22776666
-2.24333457,-3.40925589,2.77333282,3.85757118,3.12643583,-3.10188957
-3.82967384,-3.05364267,2.23767751,3.48663589,3.95646987,-3.63392221
2.27295057,-3.57132381,-3.64534167,-3.97007632,3.29452172,3.59683886
2.22055671,-3.24018879,-3.49906123,-3.95572161,3.01382114,3.75831304
-2.15931564,3.09509904,-2.9600858,3.75115825,-2.00224734,2.94780955
-3.70031931,-2.17621188,3.94281895,2.38878199,3.7575887,-3.39722987
-3.40541088,2.14996832,-2.98963156,2.92199547,-3.91439251,3.27203225
-3.29533521,1.52183276,-3.68668299,3.6297805,-2.22086287,2.82325185
-2.24013178,1.99485727,-3.26846998,1.81975219,-2.88686631,2.98391247
-3.77381528,-3.69907158,1.77166054,3.61709814,3.25733296,-2.93249646
-3.09116643,-2.85055072,3.78456282,3.77370259,3.62108303,-1.88035537
-3.44201835,3.5016284,-1.40947577,3.04445927,-2.4468323,2.95111485
-3.40889696,-3.18089834,3.75139558,3.78700083,3.31288494,-3.949503
-2.77884385,-2.3191182,2.34175553,2.83420822,3.75817407,-2.66589195
3.70293885,-2.65350586,-3.39638215,-2.63728612,3.69675128,3.27110136
2.926645,-3.97951892,-1.69239926,-2.51976419,3.56378956,2.79872727
-2.06496319,-3.13853034,3.58442722,2.59422562,2.73126092,-3.36953379
-3.28395805,2.61196119,-2.47898662,1.43664632,-3.57395476,3.14602556
-3.92283054,3.36165591,-2.91723346,3.58311003,-3.17254058,3.58859209
-3.62104296,2.61241922,-2.51572984,3.50700024,-2.57124619,3.34586878
-2.10094055,-2.72230144,2.57945031,1.50286597,3.35005471,-3.32555844
-3.141654,2.29064636,-2.86637618,2.3016491,-3.27971111,2.94909971
-2.90579315,3.50656859,-3.10917053,3.61475611,-3.90874571,3.66425621
-2.90113837,2.00047087,-3.13978732,3.86602767,-3.34491952,0.62540774
-2.47720928,1.30132155,-3.79002356,0.82424307,-3.7288405,3.88245535
-3.67420999,2.18296713,-2.6198637,3.99443085,-3.74131249,3.60209332
2.36312739,-2.76672252,-3.91877804,-3.81579838,3.98505335,-2.65952142
2.01060529,-2.85477761,-2.00540388,-3.99321266,3.85504478,-0.38092254
3.67993511,-3.54891962,-2.50688895,-3.97970743,3.17183079,3.315654
3.66703329,-3.65749553,-2.65221689,-2.74919141,3.73685294,3.46339511
-2.72741914,-3.94028826,2.53369601,3.69417773,2.00068223,-3.42928637
-2.35512522,3.91640681,-1.85794346,3.06482382,-0.2801074,3.85901885
-1.67941955,3.95274451,-2.47347728,3.42108211,-3.90695155,1.81964849
2.5153435,-2.59937188,-3.66985088,-1.26558939,3.93705174,3.8169072
-3.15077408,2.16794665,-2.40371855,-0.22482675,-3.88143947,3.50911874
-1.83603568,3.55057933,-2.24699529,2.96755787,0.02749761,2.91188819
-3.78832801,-2.43285137,1.74742374,0.28499971,3.26254954,-3.826622
3.67205508,-3.57561228,-2.0222291,1.63002128,3.74971027,3.93348907
-2.42023717,2.31292642,-2.80683743,3.92313206,-3.2910021,2.96469165
-1.86700683,3.73379723,-3.54575704,3.88006103,-1.77685987,3.569223
-3.35474101,-3.20260803,2.15500678,3.99098399,3.49952648,-3.2166453
-3.08964423,-2.09623953,2.85578809,3.72102017,3.56803384,-1.71944942
-3.28291612,2.6334945,-2.7475339,3.67113311,-3.71024511,2.55858847
3.77835593,-2.96382721,-2.53675199,2.61049007,3.56164269,3.85344741
2.33241061,-2.64208651,-2.90552732,3.39779628,3.77703693,3.58581484
-2.77295766,3.02791106,-3.22484617,3.17392363,-3.34392683,3.03832626
2.18978468,-3.83490631,-2.26432683,-3.17521641,-3.6240944,3.91728385
-2.05037927,-2.36583047,3.09256237,3.14589346,3.31145691,-3.110909
-3.43353268,-2.03589003,3.1269966,3.8956906,1.91282632,-3.35586966
-3.22191167,-2.18490356,1.97665144,3.42667075,3.21947791,-1.28914936
-3.88747712,-2.99251339,2.82754686,3.97560123,3.17835437,-3.21085853
3.28963243,-3.14723894,-2.53050626,1.23131645,3.73489507,3.48218777
3.73378755,-2.66515148,-2.38591715,2.49789754,3.25008461,3.42377967
1.74383496,-3.54288848,-3.81173623,-3.218189,3.92085474,2.09902882
2.36834747,-2.30704699,-2.97307742,-1.99567637,2.34695575,3.50873118
-3.32149756,-3.94207233,1.75438258,2.83864125,3.23515854,-3.73715035
3.08965264,-1.59188056,-3.74713051,-3.33072084,3.92255538,1.58654264
-2.75576272,2.4044721,-3.59759235,3.77609987,-0.99714087,3.68039641
-1.77272435,-3.27981322,2.19951574,3.27933368,-0.56049841,-3.80582636
3.88812308,-3.10031161,-2.04874925,-2.41807906,3.89309327,2.38482434
-2.21233721,-2.15874305,2.7149695,2.90948751,3.70888047,-1.73385374
-1.64334384,-2.70006843,3.68197561,2.70198027,3.91882925,-3.55290505
-3.62008649,2.68819296,-2.1336752,2.82252724,-3.51667488,3.09100157
-2.61149488,-2.52040528,3.15739019,3.91199111,3.6483016,3.10146754
2.18773083,-3.73965101,-2.34290117,-3.32885081,2.2970099,3.2258731
2.40514475,-3.18996935,-2.96694218,-2.55228647,2.82310486,3.96977428
2.86327344,-1.56735652,-2.81212852,1.55919097,3.65222985,3.50901132
-2.48490967,-3.13929004,3.26677428,2.42040459,3.30267109,-3.64372121
2.96427558,-2.57565192,-1.96313357,3.63275216,2.88321293,3.78360461
-3.03199981,-1.99236689,2.23535259,3.65375001,3.78504229,1.99753384
-2.1525545,-2.97291569,3.47177177,3.41503524,3.01898728,-1.57934536
-2.58075471,-3.56893331,3.95978733,2.83726849,3.92398031,-3.19951077
-2.29112953,2.042127,-3.35778394,3.57763149,-2.30222693,2.43524052
3.80582426,-2.33869049,-3.12770857,-3.62588903,3.22019303,3.81264094
-2.759997,-2.30475303,3.1900506,3.90561729,2.62813147,-2.61367476
3.06645728,-1.75269234,-3.19532292,-3.90611117,3.07974325,1.33609899
-3.01498764,3.57228425,-2.55878245,3.30993131,-3.9817038,3.48067493
-3.31246543,1.86460792,-3.0576689,3.71670817,-1.99653787,3.48062734
-2.53963799,3.99949323,-1.81535369,3.36846592,2.04014594,3.21413598
2.54886641,-3.88740046,-2.47122965,-2.62243042,3.72336734,2.77892957
3.05725065,-3.52145855,-2.82886384,-3.61939815,2.4877595,3.39042921
3.99718404,-2.98602206,-3.74727564,-3.49628652,3.71956183,3.80272231
3.19350216,-2.60728638,-3.8776379,-2.50361649,3.63548677,3.78591426
1.55142131,-3.33089974,-2.98526014,-3.52963177,3.83979051,-0.06782421
3.80081107,-3.2498559,-2.02151808,1.92687055,3.66666151,3.94724579
-3.02075434,3.74681601,-2.03722499,2.66955611,-3.7517926,3.50024116
3.79047442,-3.59339596,-1.51206045,-3.50290909,2.79312029,2.56552532
-2.94590951,-3.59327695,3.07104876,2.39106113,3.80704188,-3.46623882
-3.345365,3.95958341,-1.41061842,3.10614776,-3.4478498,2.71392657
-2.1972511,-3.17487321,2.28849266,3.16680363,1.54605479,-3.41250366
-3.07930628,2.3274995,-2.16489699,1.87152606,-2.78707381,3.48746017
2.87182333,-3.1986925,-3.207795,-1.97076196,3.82051949,3.58510328
-2.31447786,3.52585129,-2.67047974,2.45713095,-3.9685193,3.29959753
2.15921167,-2.88154428,-2.91746993,-3.16963852,2.07382777,3.78408164
-3.39173756,1.94594275,-3.47414178,3.21438307,-2.7914533,3.16182113
-2.82522941,3.20537949,-2.14153969,3.98965872,-1.68896282,2.42778012
2.68930883,-2.41280562,-3.48138504,-3.73805186,3.4305059,0.58089766
2.45159377,-2.90620334,-2.49471369,-3.07713369,1.96081059,3.18819409
1.54565079,-2.58114588,-3.56730844,-2.18560519,3.51201784,2.88508834
2.44067249,-2.0818648,-3.72186649,-3.23539923,3.85451262,-3.21316611
-3.73374409,-2.35552967,2.25876899,3.13452131,3.56388688,-1.38375724
-3.34863359,-3.88908492,2.5569845,3.47965168,3.15111394,-3.58402834
-2.42771214,-3.41270261,2.81053877,3.4680218,3.96999769,1.16990543
-3.13122468,-2.50570777,2.99616003,2.95667873,3.98436996,-3.05648311
3.64599372,-2.66418314,-3.32409489,-3.35761422,3.12523854,3.334841
3.60170933,-2.89360935,-2.946752,-1.6204147,3.43730986,3.76038275
2.3740622,-1.78758486,-3.59466738,-3.76462567,3.66860723,-0.40553167
-3.65448917,3.26059018,-2.85597811,3.27449869,-2.95772083,3.46002057
-3.15971627,3.270236,-3.90556522,3.67233478,-3.82225107,3.15412982
-3.61262899,3.53503592,-2.96860866,3.89248389,-2.06546804,3.74994326
-2.78340698,2.0901824,-2.75727995,3.86657863,-0.21820197,3.83745169
-2.51372861,1.77883436,-2.37093713,2.43106129,-1.93544203,3.6200326
3.92032529,-2.40204823,-1.48733592,1.23233857,3.02583046,3.4518561
-3.76138296,-2.25730836,2.69520348,-1.19782834,3.89019386,-3.53271304
-2.87880593,2.89340006,-1.52790345,3.87128241,-1.05827727,2.73209446
-2.1326566,-2.1373755,3.11422483,3.92925147,3.61889417,-2.59852707
-2.25430503,-2.66481369,2.46136992,2.67928025,3.01129668,-1.99562222
3.83457663,-2.38906464,-3.2012623,-3.75646976,2.69380681,2.81799416
2.27631333,-2.97858065,-2.57894732,-3.79035074,3.74603771,0.71287726
-3.34949406,-2.57982412,1.32835583,3.90127274,-3.42855317,-3.63362714
-2.49125666,3.91767829,-2.29866465,3.80112665,1.59898528,2.86188131
-2.21556752,3.06778352,-2.3070522,3.90248851,1.80121229,3.33577297
3.42473117,-2.12025389,-2.57879366,-3.93635709,3.15653525,2.0809515
-3.35650408,-2.55310578,3.07191411,3.45704653,3.75584319,1.12685291
3.59808841,-3.11104449,-2.38390529,-3.00026522,3.97541216,2.02495991
3.01412475,-2.60068195,-3.17361321,-3.50139791,2.23029591,3.17158946
1.90828721,-3.20652047,-3.44514283,-2.76624709,3.99049109,2.33137819
-2.63842115,-2.94912181,3.4279821,3.36199111,3.02290312,-2.96472146
2.56630108,-3.47446905,-2.97079732,-3.30576668,1.38651446,3.98106644
-3.15290156,-2.74978033,2.12894656,0.4416413,3.8781608,-2.98395767
-3.80901288,3.81043103,-3.40092221,3.62568276,-3.96011434,3.66745295
1.64989819,-2.69671327,-3.80125201,-2.95895926,3.57714365,2.70167861
-3.23187577,3.90356662,-1.34992013,3.96557297,-1.46540011,3.25657807
2.94260113,-2.91488804,-2.28884075,-3.48738076,3.72782962,3.93756925
-3.00101994,-3.36608474,3.89910531,3.12825564,3.2035998,-3.78038155
3.72261123,-2.41168198,-1.98633478,-1.94098349,2.68924355,3.86640335
3.74697756,-2.38820517,-3.42347163,1.18259934,3.37791267,3.86592614
-3.79392689,-2.02391567,2.20552589,2.55761424,3.8049052,-3.91373366
-1.90637612,3.51743749,-3.28111432,3.84537961,-2.80294883,2.95580383
2.12984886,-2.36374018,-3.65642512,-3.70637403,3.84405932,2.93149716
2.75952029,-3.92685263,-1.75177881,-2.79358482,3.69578456,2.08859521
3.82472672,-2.42239755,-2.65524285,1.50892767,3.61012575,3.48128448
3.74770682,-2.53668104,-2.99352656,1.0630539,3.41741973,3.83120408
2.50345008,-2.59561704,-3.61350304,-3.14912246,3.1339252,3.24591005
-2.29988283,-3.41122069,3.8064415,3.12615019,3.79294966,-2.13430321
3.22566164,-1.94151452,-3.03079618,0.59732896,3.55845398,3.53063204
-3.67235923,-2.19133815,2.5854902,0.20767426,3.58100938,-3.8126328
-2.94382216,-3.0891634,2.4335002,2.45256131,3.37123796,-3.4352769
-3.02799966,-1.94760644,3.08275301,3.9062636,3.19103653,-1.12802808
-3.20422318,-2.93336063,2.29999806,3.0943786,3.84948009,-3.09927632
-3.05937122,2.4963104,-3.44430312,3.83488503,-1.72933117,3.32205327
-1.68014267,2.17974965,-3.78150175,2.41638441,-3.47207406,2.07653846
2.04610809,-2.00417572,-3.7633046,-3.31749337,3.2754277,2.73607732
-2.79221586,3.15842201,-2.44550964,2.61620013,-2.653454,3.50887729
-2.47490292,-2.57177981,3.6505394,2.74301514,3.79869632,-0.29106793
-2.80352516,2.73141302,-3.19053105,2.97638559,-0.79571245,3.92009394
-2.77692079,2.54289786,-2.45318375,0.3756738,-3.97625088,3.12047749
-3.85828104,3.13643062,-3.89705019,3.50011046,-3.65612476,3.91539348
2.81560186,-2.56735927,-1.80044595,-1.94446898,1.96298293,3.49808748
2.366673,-2.87110157,-3.11761195,-2.00704092,3.54128214,3.51044122
-2.44981461,-3.28007789,3.06707318,3.59844726,3.82613617,-3.4997759
-3.77711415,2.57361641,-2.61414652,2.9252092,-3.73158951,2.5862004
-2.13742664,-2.1418103,3.25269807,0.00413768,3.28308824,-3.93994999
1.75732364,-3.67377314,-2.47973298,-2.34193858,1.96133309,3.93957689
-3.84677065,-2.10332232,2.13375695,3.22510776,3.4362292,-2.46448999
-2.37544761,2.32923605,-3.55244945,3.90204088,-3.66379496,1.59598585
-2.81824389,-3.29069481,3.15041955,3.5121441,2.96123945,-3.83366595
-1.92595393,3.89340622,-2.46554746,3.63576393,-2.38947553,3.15037503
-2.29230377,-3.53369174,3.93555325,3.50148748,3.9692128,-2.72975902
-2.2345007,1.82012422,-3.61395087,3.26230134,-3.86434318,-0.8099465
-3.72435358,3.23674321,-3.31500018,3.66805611,-3.65427002,3.70903165
-2.05032608,2.29084453,-2.64739528,3.56202626,-3.57303743,-3.28597358
-3.5191911,3.23293139,-2.20311134,2.33823855,-3.33690823,3.46720249
-2.61561916,-2.17135845,3.40721006,3.78597899,2.67431384,-3.68662306
-3.21237553,-2.98428997,1.68044023,-0.45189479,3.76836014,-3.59401499
-2.56807074,-2.94745111,3.60867351,3.48230549,3.96255257,2.91576767
3.24618592,-3.06968372,-2.54750668,-3.39369862,3.87712573,2.02460483
-3.53905738,-2.69624802,3.85246799,3.3785912,3.66417099,-3.61179525
2.91563515,-3.51534066,-1.78772483,-3.91556785,1.255889,2.75589803
3.19392905,-1.4655605,-3.89942219,-3.75052706,3.75252937,1.46766599
-3.69943408,2.29867183,-3.11914112,3.9404218,-1.17663931,3.97781007
-3.23495674,-3.64764496,2.50007006,2.89478204,3.89230769,-3.78964147
2.25528538,-2.52784017,-2.20633791,-2.16513778,3.99604312,1.18303265
-2.54180137,-2.53980663,3.33600148,2.844693,3.78668636,-2.77711599
-2.3728269,-2.95563445,3.28863585,2.31529892,3.61623422,-2.88957985
-2.46141663,-2.86135635,3.59851846,2.82986316,2.36602971,-3.92422207
-1.84766055,2.77648182,-3.91615305,3.54660054,-3.89122768,-2.53388658
-2.23211546,-2.96333245,2.55000231,3.33679353,-3.98348281,-3.98374887
1.53640393,-3.27764045,-3.49684848,-3.07916702,3.9853589,3.28133371
-3.05486662,2.55382847,-2.82529207,3.90293192,-3.47129394,3.654044
-2.1499373,2.70635317,-3.64995845,3.13774088,-1.82177967,3.73910024
3.13194674,-3.05834533,-2.66060271,-1.95909298,3.76969392,3.99577738
-3.56398097,-2.95945503,2.30893886,-1.61578684,3.71509133,-3.97526364
-2.20647106,-2.7413983,2.64252613,-0.65601988,3.59637168,-3.87960578
-2.70589961,3.55534844,-2.19690489,3.6919304,-3.53828257,2.09851162
1.53451825,-2.51686589,-3.65049467,-3.82781538,2.76569594,3.13159282
-3.73670067,-2.47190975,3.60161068,2.94717821,3.91594873,-3.77744115
-2.99067302,-2.26253141,3.91970919,2.48438078,2.80242148,-3.8843534
3.5659353,-2.17216003,-2.22116683,-2.33278534,3.72126092,2.92620068
-3.04357199,2.55012847,-3.14013591,3.98675567,-3.1885138,3.01445178
-3.86271469,2.45791634,-2.47747519,3.84519653,-3.39779173,2.16409333
2.66333205,-2.19277192,-2.7171132,-2.29051095,2.8361731,3.59418708
-2.58200749,-2.51780045,3.44736572,3.25785788,3.76528507,-1.19093188
3.13479469,-2.29478891,-2.87157984,-3.40315245,3.84566269,3.96372208
-3.97206142,3.38504832,-3.0577683,3.64820734,-3.34753108,3.44248945
-3.89617535,-2.75577006,2.90075799,3.45013235,3.18538492,-3.97154813
-3.55573399,-1.99471053,2.75956646,3.66040743,3.54002198,-2.29309205
-3.52964252,1.12294316,-3.50496318,3.33181442,-3.25149058,2.49160345
-3.03591343,1.64939417,-2.61475056,3.35747622,-2.71434275,1.96390041
-2.13478855,-3.67319786,3.04965061,3.51868001,3.28026475,-2.96560335
-2.6612043,3.25093687,-1.98023986,2.45094761,-3.71180409,2.9821654
3.0639302,-1.97278494,-3.23006387,-3.43874479,3.70255473,3.87363372
-2.25103361,2.90201419,-3.23480131,1.62080188,-3.88491668,3.30224603
-3.77129417,3.49688362,-2.02590294,3.65114806,-2.32396345,3.15944255
-3.7089782,-1.88309123,3.56153892,3.81794635,3.54883843,-2.13496793
-2.8161986,2.93496071,-3.81929905,3.81515015,-3.10704221,2.5126075
-2.91518268,-3.51858754,2.32880943,3.52450644,2.86384423,-2.52832883
3.26899465,-1.62027512,-2.67389687,3.31173677,3.04118135,3.55246026
-3.94942142,2.6656885,-2.06703327,-3.15352109,-3.99749982,3.23458994
2.60590676,-1.98288585,-3.32847024,-3.70214196,2.86675833,2.8274597
3.69339997,-1.64622882,-3.38547525,-3.92267892,2.64036753,2.12256233
2.29436723,-3.66466783,-3.84751563,-3.93110785,3.27092227,3.84584966
-3.88278932,2.29325457,-1.97748456,3.80795998,-2.40657473,2.28588134
2.3504917,-2.14968613,-3.22669368,3.80786257,3.57030167,3.70302043
3.70653814,-2.34752603,-2.0274152,-0.79968503,2.9835178,3.57879439
2.54445692,-2.11900008,-3.41843421,-3.92888,3.10963081,3.10957293
3.09705254,-3.98746024,-2.14628942,-3.00263681,3.30219158,3.15060699
3.83074284,-2.82160844,-2.27699843,3.12912152,3.85750921,2.93070944
-1.97976222,-3.78634382,2.68650196,3.75453715,-0.21701034,-3.80932212
-1.95990743,3.54189839,-3.77312486,2.67947072,-3.14270388,3.92625458
1.93841206,-2.37220665,-3.59160328,-2.42002017,3.89643931,3.43674064
-2.95986346,3.07488025,-2.41305542,3.85792593,0.78451185,3.76885774
-1.37111611,-2.66954426,3.50350218,1.47049139,2.77980787,-3.73946706
-3.21522182,2.34400012,-2.02483526,3.79511165,-3.11374583,2.73185723
-2.8688195,-3.04057013,2.7550863,2.83156361,3.51742392,-2.14884193
-3.52085607,2.04628863,-3.01325519,3.6382448,-3.10334547,2.39506175
-3.8852698,2.59111974,-3.006877,3.73720718,-3.08680224,3.54174048
-2.51840499,2.99111834,-2.3374612,3.38395375,-1.28719771,3.17235219
-3.23246304,-2.35906902,1.99589213,3.64989556,3.44285631,1.44692419
-2.04282213,-3.98022574,3.36138906,3.72767991,2.71985798,-3.18213561
3.11683309,-1.76518567,-2.3942146,-2.2277032,3.7779306,2.32269928
-3.60845386,3.84212608,-1.71645064,3.74361977,-3.10371004,2.37151205
3.35865433,-2.56883187,-2.99468961,-3.53678744,2.98172264,3.74134409
-3.9098653,2.80857808,-1.50466722,1.77260459,-3.65407557,2.8037206
-3.71710369,3.41635729,-3.47723389,3.73662329,-3.60978437,3.29742022
3.66402461,-2.89171626,-2.10288972,-1.30906211,3.71316748,2.74132197
-2.48638937,2.62206367,-3.10428245,2.95981823,-1.18473653,3.98866749
-2.0047452,2.70560885,-3.43076098,3.96654384,-3.20783644,1.36122769
-2.76313606,2.57052338,-1.960428,3.09749562,-3.10040896,2.34933655
2.69546551,-3.60763996,-1.90772498,-3.89325837,-3.86174328,3.37300953
-1.73107447,-2.69732678,3.74403626,3.63986094,3.41163272,-3.22886154
1.88475043,-3.24951421,-2.82759596,-2.55690041,2.77021431,3.52048728
-3.09846471,-2.09625628,1.97259109,-1.30546699,3.60995885,-3.06552963
2.843686,-1.83621022,-3.90934974,-3.92958781,3.25708346,1.25184075
-3.09094523,-2.4483083,2.2659008,3.98999809,3.79522279,1.2272492
-1.92423792,2.06779583,-3.99907231,3.67128896,-2.62418591,3.63161709
-2.20479399,3.41470274,-3.1039981,2.50885122,-3.35850578,3.92376106
-2.58289053,3.18206843,-3.37883673,3.51676389,-2.08465058,3.8066583
-2.08128335,-1.97133776,3.06752776,3.8396379,0.68768625,-3.38256676
-3.00257941,-2.5810949,1.61814779,2.8762261,3.66290846,-1.6708161
-3.10340267,-3.6586689,2.74990583,2.86486203,3.85988414,-2.97767808
-3.27936858,1.8035079,-2.719864,2.30560399,-3.52597284,2.94174335
2.81646548,-3.61649906,-3.27702897,-3.42941333,3.04552979,3.71557038
-2.88935087,2.81126863,-2.43894173,3.69975627,0.1630949,3.01002032
3.68146517,-2.35222027,-2.45078028,1.85398642,3.44119028,3.46679428
3.71692476,-2.05075469,-3.40029182,-0.2424752,3.90025825,3.48959558
-3.11021025,3.07368215,-2.64887637,3.93254181,-0.80055942,3.59558358
-3.91167223,-2.05254433,3.72413923,3.21239125,3.55569079,-3.6373325
-3.48045998,1.75952649,-2.61741266,0.42434998,-3.74180674,3.57138635
-2.55286899,3.49932145,-3.64605082,3.71056067,-1.82896673,3.55609471
-3.09064776,-1.75558581,3.61707466,2.97113899,3.31384995,-2.78229534
3.78687921,-3.28578914,-1.31764635,-1.2182983,3.70815256,2.98020081
1.60972396,-3.89883761,-3.29225108,-2.11184744,3.41614931,3.92006665
-2.74740375,2.96923694,-2.15008189,2.7259544,-1.20233942,3.59809531
3.59996903,-2.62985933,-1.66444028,0.08052381,2.98524733,3.43184385
2.20856063,-3.79414402,-2.11799187,-2.28614017,3.00340027,3.39933802
-2.32905721,2.91123592,-3.17799339,2.18275295,-3.81393293,3.92431368
-2.65930376,-2.13951528,2.56480505,3.28031548,1.53270862,-3.45598208
-3.22359434,3.61982128,-2.26563547,3.58679251,-3.12630918,2.39659555
-2.24219823,2.75335159,-3.99253797,3.27172932,-2.2138488,3.86765721
-3.77295549,3.57385453,-3.20243903,3.78939972,-3.05132416,3.70572717
-2.96251604,2.33744096,-2.12672978,3.17297614,-2.74970839,3.04891028
-3.55412265,2.62319923,-2.42915672,3.46811389,-3.92163329,3.84099931
-2.45882065,-2.70156126,3.06544113,3.30685592,2.75027653,-2.13488882
-2.8533398,2.7225248,-2.44674049,3.63112342,-3.33554995,1.15433533
-2.34898052,3.77615533,-2.45372596,2.6907369,-0.6906389,3.6130221
3.46318294,-2.67872695,-3.35699184,-1.7241967,3.65044562,3.989184
-2.39477147,-2.60716954,2.42447355,1.51807945,2.77926405,-3.25095236
-3.12024051,3.29754543,-1.53373737,3.42003046,2.57079661,3.39607817
3.36294229,-2.48278673,-2.29601479,-3.86352171,2.73751472,3.19673389
-2.5127301,2.21827939,-3.76687723,3.6109784,-3.65286003,0.32418663
-2.27220478,1.31409766,-3.59828414,1.3171386,-3.32485772,3.65015861
-3.69560804,2.36056763,-3.10327677,3.93014439,-3.35000545,3.93554382
3.81111388,-1.40961303,-2.61881596,-2.72597196,2.91119483,2.47889207
-2.67506529,2.75549815,-2.00907875,0.91956965,-3.59968663,3.57201409
3.1992257,-1.97517339,-2.25418462,-1.52551985,3.27246882,3.79650836
-2.48660929,3.58111749,-3.20855644,3.3330541,-2.11165752,2.98422185
-3.22644124,2.49098893,-2.41145012,2.21580151,-3.82234231,3.42349387
-1.96095578,3.63567491,-3.70105306,3.78386657,-2.51239475,3.23129782
-1.81273937,2.34611367,-3.65556334,2.89806487,-3.79097796,-2.52975231
-2.26777696,-2.64209898,3.3922378,3.91713186,2.26503952,-2.54522718
-3.78697074,-3.93056377,1.23926314,3.92647182,3.32162576,-3.52075845
1.22929527,-3.7657314,-2.45505144,-2.52692105,3.7441189,2.76197663
-2.9530962,3.38761098,-2.62502821,2.79704256,-2.87249082,3.83328408
1.77074329,-3.35803414,-2.59489398,-2.04341769,1.63112451,3.96621753
3.364236,-2.45409013,-2.1763441,-3.30148079,2.3373769,3.32534731
-2.55192817,-3.40873546,2.30999849,2.95330321,3.86566453,-2.29419492
-2.84348448,-2.38384725,2.94764495,3.74447865,2.26305424,-2.44382846
-2.92566286,-3.54395192,2.04764795,3.95756769,3.98842751,-0.77079763
-1.82689599,2.15595997,-3.96249065,3.29518175,-3.72057526,-2.89882036
-1.95697674,-2.46166456,3.97480864,3.95910427,1.96016583,-3.06281567
-2.7181225,3.85256786,-2.0806052,3.55171522,-0.91979922,3.97270972
3.49512655,-3.55659054,-3.34907094,-3.80448515,3.82342741,3.9278713
-3.09929326,-1.64537187,2.77736925,3.5111325,3.06064873,-0.22486923
-2.42246706,-3.11879477,3.81522777,3.01425291,3.89202377,-3.88828475
-3.08618498,-3.64902667,2.03205971,2.9661598,3.14265602,-2.99475479
1.94158328,-2.22851052,-3.63197092,-1.82650446,3.92853424,2.86438503
-2.45180116,-2.24516314,3.54068396,2.85458043,2.85128248,-2.96558428
-3.41123634,-3.2733251,1.63729585,3.74012999,3.37185768,-2.27169869
