-3.98675852,-3.75343771,3.14887271
-3.96376013,3.35237577,-3.91535743
-3.94476171,-3.53240149,3.03326559
-3.9399716,2.97023431,-3.72969784
-3.7437085,3.16065471,-3.85728426
-3.7035416,3.15942751,-3.86085777
-3.57918727,2.90209324,-3.72378238
2.72248124,-3.50343572,-3.86905419
-3.6384584,3.02603779,-3.87697162
2.95596487,-3.87108388,-3.70975051
-3.6605813,2.98975949,-3.82549667
-3.99995337,-3.71826673,2.81035348
3.11817347,-3.70134062,-3.87780165
-3.9261744,2.92286405,-3.88321712
-3.96753351,3.41897936,-3.99330967
3.1381135,-3.67758755,-3.9626086
2.91682668,-3.99985244,-3.78482782
2.63643139,-3.8003718,-3.62756922
-3.83770619,-3.34067716,2.7080364
-3.65604893,3.10142998,-3.87562231
3.27095302,-3.99064715,-3.92706396
-3.98098794,-3.951094,3.34633904
-3.65813246,2.59752495,-3.96869099
-3.87854646,2.8630647,-3.81318213
-3.6515033,3.02445084,-3.98680648
-3.93044146,-3.60042955,3.06798483
-3.79081729,3.06306826,-3.83887544
-3.90651471,3.16379188,-3.68455882
-3.92809625,-3.87357715,3.33762733
-3.52618481,-3.83693988,2.79491484
-3.85050984,2.95773316,-3.56558148
3.13339624,-3.7314133,-3.9739941
-3.70553737,-3.95209497,3.10352344
-3.67912771,3.1513949,-3.99671971
-3.22285392,2.70559129,-3.87814438
2.7478221,-3.20900217,-3.94207775
-3.93225579,-3.95717178,3.49278302
2.69603817,-3.74447743,-3.62626574
3.343277,-3.98895968,-3.96228986
2.91458103,-3.85716566,-3.47641903
-3.96744168,2.92383928,-3.61538294
-3.92536591,3.45229443,-3.98006177
2.80357831,-3.63581069,-3.64164939
3.12989527,-3.83847222,-3.89360868
-3.4979534,2.66455036,-3.74153144
-3.93077863,-3.92878712,2.8269911
-3.36934827,-3.98030751,2.89501593
3.51790205,-3.99099124,-3.95083704
3.26342139,-3.88906129,-3.9530767
2.94340476,-3.73968968,-3.65797841
-3.63871052,-3.9100056,3.11491784
-3.71522665,-3.96642464,3.11755704
-3.85899347,2.86270297,-3.77257011
2.77912724,-3.89962147,-3.33565843
-3.98146263,-3.66827589,2.61602834
3.0061192,-3.80516873,-3.71451253
-3.83337314,3.06473875,-3.86372415
3.13069311,-3.8392168,-3.9395779
2.73687655,-3.6650332,-3.46730269
3.46147009,-3.8682471,-3.99457503
-3.71297138,-3.9220933,3.0373277
-3.99434279,-3.88779203,3.15084305
-3.96710534,3.00387725,-3.99376901
3.20010352,-3.8593468,-3.99546762
2.91663368,-3.83965102,-3.5875016
-3.78266921,3.17179174,-3.8036095
-3.78512619,3.01764212,-3.79913593
-3.90892026,-3.97155748,3.44813474
-3.78489562,-3.79601178,3.07399434
-3.66648526,-3.78167945,2.94000529
-3.95585154,-3.87658417,3.09736686
2.97592071,-3.85124464,-3.91505353
-3.91981619,-3.83586806,3.24755492
2.78357896,-3.46447688,-3.82295216
-3.86433745,-3.73171508,2.98786518
-3.96940886,3.19813315,-3.85889684
-3.67999698,2.81012933,-3.74175134
-3.85977744,3.23439153,-3.94006409
-3.96930657,2.70308471,-3.82407875
3.35998311,-3.8992242,-3.91671998
2.91896545,-3.88956888,-3.70863969
2.86084893,-3.70136118,-3.69217895
3.15281308,-3.84114477,-3.74913489
-3.76359833,-3.97656461,3.33590312
3.17422496,-3.80422818,-3.84564164
-3.93913994,2.99711948,-3.9322188
-3.90456256,3.12298575,-3.61414983
-3.6260013,-3.99644379,2.87822486
3.09764716,-3.74047756,-3.93659047
-3.80059013,-3.90335227,3.27590158
-3.56466542,-3.95175313,3.06968018
3.30250266,-3.75255304,-3.98512472
-3.99104654,3.17632412,-3.60044419
-3.75133167,-3.85469429,3.1000226
-3.93482953,3.05983633,-3.58854356
-3.28349981,2.72319888,-3.91554283
2.91127535,-3.6177394,-3.71406706
2.7359366,-3.66281181,-3.51254706
-3.87816439,-3.8157221,3.00358038
-3.65915155,2.99266968,-3.76838151
3.07441567,-3.9493815,-3.62893664
-3.1042319,2.54036162,-3.84502634
-3.6795981,2.98617834,-3.76637449
2.99734761,-3.96600224,-3.48160469
2.84493474,-3.86050294,-3.98989491
3.1636901,-3.83713654,-3.80459749
2.9505802,-3.70395545,-3.86126793
-3.70963667,2.76837512,-3.96701988
-3.88237296,3.0939156,-3.88151945
2.76334953,-3.68900537,-3.86839749
-3.82601687,-3.29756636,2.71126588
3.48389459,-3.93750468,-3.96164016
-3.93779924,-3.6810355,3.17992009
-3.77052994,2.79163555,-3.45301927
2.88568243,-3.61494102,-3.98394124
3.14495588,-3.70012664,-3.91318608
-3.61268579,2.9449002,-3.88037591
-3.90214197,2.97203043,-3.50154098
-3.93361793,3.43277599,-3.95900209
3.05909563,-3.54316391,-3.94055317
-3.84640466,-3.89564827,3.23756954
2.88766025,-3.7841616,-3.76375931
-3.96977695,-3.79353423,3.25251013
2.94459029,-3.60827785,-3.91980515
-3.82805776,-3.8241889,3.19154183
-3.92072612,-3.93481011,3.05473957
-3.87786185,3.30910665,-3.87079225
-3.82363236,-3.59504302,2.82308124
3.17377134,-3.78857962,-3.87862779
-3.84684094,3.33308147,-3.96614551
3.23595198,-3.90520084,-3.87393759
-3.75289979,2.93165607,-3.76576113
-3.9913006,2.76276149,-3.9257412
3.05544281,-3.74655885,-3.99939339
-3.89461563,3.15853877,-3.98413577
-3.9299352,-3.47797321,2.9405645
-3.62456659,2.92384042,-3.87194138
-3.79608573,-3.9140122,3.27003535
3.14917235,-3.71795831,-3.89084733
3.35024,-3.81656971,-3.94970675
-3.92785228,2.89625299,-3.58669549
-3.98096438,3.01659988,-3.97043677
-3.69493928,-3.95308915,3.09676296
-3.80169635,3.26344943,-3.90123672
-3.71186229,-3.72509694,3.01658309
-3.98644674,-3.95890584,3.08529272
-3.8388252,2.80323236,-3.59552317
2.86521073,-3.63668473,-3.76448235
-3.85655303,3.16787421,-3.98805377
-3.92678768,-3.88686499,3.07822935
3.03853037,-3.89418367,-3.93351409
-3.91168811,-3.86015679,3.23142915
3.14331944,-3.64221556,-3.92763716
3.37248373,-3.98951896,-3.86329049
2.88573522,-3.41137425,-3.97631703
-3.79743859,3.32192402,-3.9223959
-3.96975258,-3.83795595,3.17452841
-3.95660289,-3.89629986,3.36225295
-3.68759981,3.16739093,-3.89561983
-3.76339311,2.89289558,-3.66788283
-3.76719235,-3.97245562,3.33585121
3.06971325,-3.59967421,-3.88309781
-3.65766328,-3.91283967,3.08770409
-3.8452032,3.06846625,-3.69003165
-3.83699389,-3.57748664,2.74961952
-3.78319542,3.32865028,-3.96612306
3.44847608,-3.95570195,-3.99257072
-3.95307036,3.19849954,-3.81046711
-3.9570489,-3.83066391,2.94809776
-3.93796131,3.34970612,-3.99355238
-3.74701709,-3.80301444,2.88228603
-3.97530562,-3.75036411,3.26151428
-3.97065828,-3.93256898,3.31659143
-3.68346018,2.67239465,-3.49161871
-3.98343578,2.92731517,-3.63275508
-3.53997215,-3.79932831,2.85657297
-3.93757891,-3.93315685,3.00604949
-3.81248423,2.89255158,-3.54518358
2.58113631,-3.24347464,-3.8877979
2.60402207,-3.83742198,-3.50761375
-3.85472732,-3.95698314,3.26747757
-3.87874092,-3.18909226,2.61918095
-3.77580525,2.9316394,-3.98627854
2.94219889,-3.96377869,-3.52026226
-3.7849228,-3.61204927,2.84193139
-3.90165135,-3.88368295,2.89034898
-3.73956299,-3.72919808,3.05709911
3.10818056,-3.88906257,-3.74002946
-3.97777922,-3.9934911,3.38005319
-3.79260636,3.22140725,-3.97736619
-3.37099143,-3.80365582,2.7766943
-3.98389951,-3.61423322,2.91158195
3.31179578,-3.87341849,-3.9279203
3.04489952,-3.69265189,-3.84935753
-3.90499798,3.20017418,-3.93008371
-3.87045855,2.9503762,-3.49188437
-3.78344767,2.81068406,-3.48652018
-3.61466648,2.77019038,-3.99962227
-3.75545465,-3.89928767,2.72756592
3.30813461,-3.87565249,-3.86843544
-3.71586488,-3.56840998,2.66161367
-3.96673759,3.12955448,-3.85346339
2.98934927,-3.45270502,-3.98598302
2.94132869,-3.96703505,-3.6618595
-3.48712608,-3.85990198,2.9338248
-3.53027152,2.63736761,-3.62538061
-3.79434366,-3.71977399,3.11120237
-3.74695581,3.06201511,-3.74408314
-3.69014433,-3.97953841,3.19249407
-3.95227645,3.07790866,-3.81916138
3.00070907,-3.90630524,-3.74297304
-3.60852746,2.51656401,-3.79266407
-3.84745909,-3.85453078,2.86049242
-3.73296258,3.05767747,-3.97892839
-3.89686051,-3.83148253,3.16119308
2.91600671,-3.8468674,-3.90970354
2.79174162,-3.89693208,-3.91229759
-3.72252409,2.97633121,-3.85693263
-3.97171993,-3.66037606,2.98094338
2.93113452,-3.45779445,-3.89187968
-3.95983264,-3.97573276,3.53567775
-3.71877642,3.25847324,-3.99573462
-3.8951777,3.33652262,-3.95389012
-3.85578764,-3.7957849,3.08812728
-3.91208427,-3.70981348,3.00040825
-3.81437834,-3.99479718,3.0987473
-3.99076294,3.32524987,-3.91455244
-3.95211241,3.01986452,-3.68733498
2.97773059,-3.82688158,-3.70465757
-3.94689512,3.20957601,-3.73982769
-3.96849769,-3.94944649,2.87243714
-3.78762017,-3.8702872,3.14827672
3.04271436,-3.65330137,-3.81753663
-3.97368822,-3.99018047,3.06663464
2.80356238,-3.75739376,-3.52260506
2.77068402,-3.78316252,-3.66010564
-3.97491932,3.09450396,-3.81747342
2.93713215,-3.94672265,-3.6393711
-3.89659322,-3.91187749,3.36839588
-3.86614151,-3.92437356,3.28053992
-3.72096583,2.59855867,-3.34113666
3.16666909,-3.95046093,-3.87552819
-3.81903745,-3.74274177,3.03686176
-3.85900632,-3.91066774,3.10859172
2.88228671,-3.51970134,-3.82970598
-3.6848663,2.99972184,-3.8899449
-3.82538514,-3.94329236,3.00440558
3.02292101,-3.90392959,-3.94144334
-3.91921578,-3.91824026,3.4276323
-3.63630891,3.00401031,-3.86538996
2.75782653,-3.95937967,-3.77506382
-3.54945607,-3.89325488,3.03144048
3.33728317,-3.94002242,-3.97934619
3.12477287,-3.67654407,-3.8433066
-3.97528527,3.3504752,-3.85936132
-3.95885054,-3.94274541,3.16472863
3.22173767,-3.84110302,-3.81281561
-3.98089479,3.38101456,-3.83189946
-3.89581119,3.3904874,-3.92976972
-3.34122914,-3.9043163,2.66551208
3.08616939,-3.93645997,-3.77992272
-3.83972629,-3.88847374,3.11148502
2.79127198,-3.92224729,-3.83135197
-3.37823101,2.73254939,-3.85591518
-3.95973378,3.04781355,-3.62046973
-3.93658527,-3.89921491,2.96432349
-3.94442093,3.03536609,-3.55736012
-3.9030401,3.21891084,-3.90428699
-3.89632697,3.28904593,-3.79304912
2.94687884,-3.9010738,-3.46331131
3.05935229,-3.92350465,-3.99984371
2.91076806,-3.757985,-3.86693957
-3.88388178,3.31780737,-3.95746899
-3.756843,2.90817836,-3.75305611
-3.6811893,3.22722084,-3.98899933
-3.75609248,2.93787636,-3.92965067
-3.8709525,-3.97512083,3.29812448
-3.97573084,-3.98927638,3.4521116
-3.98754495,-3.4939625,3.06443517
-3.45352281,2.9416698,-3.89628011
-3.94520955,3.0935939,-3.92053405
-3.98324081,2.88476866,-3.51116248
-3.81310634,-3.72128471,3.07701348
-3.91206137,3.22345038,-3.79595498
2.93884137,-3.89607249,-3.60385874
-3.95324762,3.13949746,-3.96905956
-3.99139775,3.01957051,-3.65801691
-3.78731152,3.01174148,-3.95004452
3.32975327,-3.87495318,-3.95911815
2.86803292,-3.89283288,-3.92238707
2.85957516,-3.44213148,-3.89292918
3.27101303,-3.87276208,-3.95997682
3.4091095,-3.87094723,-3.98999799
-3.96080471,-3.36675193,2.78737223
-3.7987428,-3.30839736,2.66343928
-3.86509274,-3.95521843,3.3764832
-3.61748693,-3.801915,2.83416029
-3.9307172,3.31977307,-3.95846221
-3.62747902,-3.89159294,3.08586837
-3.57977891,-3.82405542,2.75112825
-3.88667703,-3.86904241,3.18106735
-3.7433241,2.89990744,-3.92414046
2.7432624,-3.91893413,-3.88568044
-3.96842795,-3.87444887,2.98136985
-3.98179131,3.29587864,-3.76286918
-3.7492458,2.77693667,-3.66130392
-3.97370597,2.84988099,-3.76734312
-3.80437371,2.93303741,-3.5685445
-3.83995181,2.84668173,-3.96919364
3.03979975,-3.86274937,-3.71174997
-3.82286904,-3.7685511,3.04856742
-3.80248618,3.18149428,-3.8466902
-3.66974942,2.68126787,-3.49569484
3.12429619,-3.9605333,-3.76304342
3.41836819,-3.96274105,-3.97143972
-3.95857265,3.26609062,-3.76591374
-3.78469234,2.86230717,-3.95776603
-3.94930883,3.33720586,-3.80941627
2.96888404,-3.80966906,-3.90342892
-3.79516398,3.13319575,-3.97937915
-3.81956332,-3.91495297,2.70227107
2.97775382,-3.77757305,-3.87230089
-3.67985532,3.00363198,-3.8949646
-3.82096545,3.22231405,-3.91972556
-3.95603086,3.20326515,-3.65097893
-3.93765659,-3.82556919,3.0855595
-3.53730802,2.56420142,-3.52102595
-3.9622745,-3.53603932,3.09078911
-3.81732578,2.86256035,-3.91316973
-3.84229371,-3.89349477,2.94657083
2.75514712,-3.49681781,-3.66963828
-3.92055119,3.14377277,-3.75979936
-3.92340055,-3.78572536,3.04198013
-3.86005549,2.940282,-3.64090932
-3.95481146,2.98351311,-3.67056245
-3.89425908,-3.71176506,3.10965759
3.26688922,-3.94486701,-3.97265528
-3.81934594,3.05629087,-3.8474864
-3.98996771,-3.82636644,3.36071784
2.98691394,-3.50286837,-3.90868505
-3.93220107,3.45819768,-3.99586426
-3.85964206,2.94782862,-3.80754438
2.91824309,-3.84629516,-3.65475046
2.86842312,-3.93561757,-3.59943656
-3.80946772,3.30804444,-3.94664052
3.27571035,-3.95690879,-3.74986848
3.20383429,-3.6728323,-3.93931566
-3.83162254,3.03479496,-3.74396694
3.16835248,-3.61655543,-3.94799461
-3.89581609,3.4329413,-3.99863869
3.47425626,-3.92862348,-3.97988935
-3.70050363,-3.55744022,2.58485595
-3.90719001,3.31182117,-3.92046622
-3.44178733,2.90059574,-3.88744302
3.01106334,-3.66720175,-3.75326299
-3.7314283,2.94794067,-3.80606511
-3.84557906,3.2012891,-3.75609618
-3.74481309,-3.82256005,2.99547507
2.97206803,-3.74534961,-3.86229731
-3.87458051,-3.88239301,3.33393759
-3.87119672,-3.95567074,3.29496154
-3.73234398,-3.99944314,2.91670973
2.92928237,-3.84124673,-3.96616879
-3.70634951,-3.90108935,2.9689486
-3.87712588,-3.89595486,3.29845202
-3.70468742,2.96763128,-3.94465739
-3.69681974,-3.83780489,3.13856511
-3.96042264,3.15525707,-3.62274927
3.13012298,-3.8893268,-3.78025726
2.90932212,-3.87704458,-3.92308236
-3.51916634,3.06870829,-3.96905447
-3.97651139,-3.72529945,3.13093671
3.22055572,-3.92875203,-3.84490769
3.23027396,-3.72465975,-3.93205379
-3.64830618,-3.99915072,2.83359307
3.28020309,-3.89132481,-3.88228543
2.771443,-3.97480247,-3.26635677
-3.91877505,-3.61096973,2.97142687
-3.91513576,-3.95139951,3.44314214
-3.69685017,-3.99081657,2.94876685
-3.92390203,-3.9235782,3.42629102
-3.81149879,2.84630129,-3.75901813
-3.79689409,3.18434929,-3.97846795
-3.94433493,-3.93269805,2.8874746
-3.92286404,-3.71603337,3.16957609
2.85469691,-3.54111006,-3.94942716
-3.944254,-3.89076335,3.0001596
-3.62946565,-3.86283005,2.99264668
-3.91396577,-3.93902436,3.31938676
-3.70522075,-3.86986022,3.05023153
-3.68240872,3.08488165,-3.97117693
-3.50747616,-3.80552941,2.89908774
-3.92905307,3.08261289,-3.74520501
-3.78071901,3.08757584,-3.73087381
-3.97079889,3.04591728,-3.6939819
-3.82553406,3.19291107,-3.96930685
-3.85364955,-3.98106173,3.41140915
-3.7008342,-3.70226514,2.89544909
-3.51368371,-3.69791561,2.74404211
2.69910681,-3.49363267,-3.89668377
3.10129167,-3.98542899,-3.78494158
-3.69292435,2.93706307,-3.98442725
-3.35690754,-3.97101988,2.75136717
-3.54099908,2.8087212,-3.66445831
-3.95737713,3.13848711,-3.73322707
-3.87533946,3.1118898,-3.67856898
-3.46659019,-3.91500879,2.8405945
-3.93869083,-3.64202545,3.08509525
-3.91489344,3.25536256,-3.74792782
-3.68878665,-3.6220475,2.68786392
-3.97613982,-3.81912125,3.09678468
2.84442825,-3.81105179,-3.54301881
3.06207694,-3.55518611,-3.92103772
-3.85040443,-3.89856849,3.15755515
-3.63467203,2.84811273,-3.96119648
-3.77937758,2.68968777,-3.99314696
-3.32542535,2.81992706,-3.95732534
-3.96514997,-3.95630535,3.28778764
-3.78123154,2.81719802,-3.696357
-3.93962289,2.84688615,-3.85712094
-3.56500706,3.11365494,-3.96930312
-3.98173236,3.30586865,-3.94347603
-3.9686385,3.15800504,-3.73825456
2.73936948,-3.56745115,-3.7587306
3.26976645,-3.86184299,-3.86162663
2.72430975,-3.50841627,-3.76868449
3.11451787,-3.95303528,-3.56764776
-3.54508534,-3.7776398,2.89163314
-3.79888329,3.17568671,-3.91957631
-3.84245803,3.28065775,-3.98614969
2.99336494,-3.83676716,-3.78728733
-3.77197825,3.00471674,-3.91811337
-3.76935653,3.23948283,-3.90139801
-3.91936483,-3.81085291,3.22732406
3.07851424,-3.84994776,-3.67856747
-3.82562483,3.33674668,-3.96786286
-3.65790226,3.10400046,-3.99502457
-3.68712549,-3.59258378,2.74896147
-3.68760147,-3.90303471,3.03729511
-3.86479617,3.04883142,-3.68350859
2.84170899,-3.96236741,-3.60468737
2.93628448,-3.68448381,-3.71299771
-3.8236312,2.77731163,-3.43465527
3.07005658,-3.83339519,-3.66224954
-3.98446509,-3.61408811,3.19603221
-3.97666689,-3.61380692,2.96405231
-3.80133854,-3.9205283,3.29560949
-3.94074585,-3.7294705,2.91447368
2.75756619,-3.64799524,-3.77279134
3.08008597,-3.89589661,-3.89035505
3.0104778,-3.87941049,-3.70857395
2.97220192,-3.47318989,-3.92925734
-3.87575455,-3.64683361,3.12474665
3.33016217,-3.89625225,-3.99983597
-3.65238357,2.81054203,-3.96546275
-3.8953353,-3.81725767,3.25873727
3.05293693,-3.53514697,-3.96312951
-3.8368084,-3.96347178,3.39491107
-3.79019167,-3.9138599,3.28047745
-3.78514319,2.98054885,-3.80287841
-3.8258584,-3.48109033,2.84990319
2.97606171,-3.96688971,-3.54023153
2.93565736,-3.72411021,-3.85281203
3.47941043,-3.99322703,-3.90217359
-3.98031652,-3.94379681,3.38772042
3.26242885,-3.90906153,-3.78673588
-3.91730993,-3.82782218,3.24517825
-3.98116555,-3.69334865,3.0961764
-3.78507742,-3.55227666,2.94161145
-3.81150397,3.28061283,-3.96615384
2.96939257,-3.68892021,-3.84977784
-3.9801694,-3.97433305,3.12916877
3.14103476,-3.83212491,-3.90663449
-3.48038265,2.81689846,-3.7471159
-3.96716462,2.97520306,-3.90206738
-3.89821678,3.15284579,-3.67900249
2.84289384,-3.81627294,-3.63765834
2.80525075,-3.62169154,-3.7445205
3.43562191,-3.89637762,-3.99760071
2.65101607,-3.74683759,-3.97742433
3.07398137,-3.96297142,-3.5908207
3.11215705,-3.86813637,-3.96159259
-3.95457414,2.98947431,-3.9928267
3.40325341,-3.86256761,-3.97538049
-3.60322716,-3.85237581,2.75306247
-3.8347091,3.21629308,-3.83361531
-3.83063291,-3.87355088,3.04650898
-3.90174665,3.3468324,-3.96401061
2.69605959,-3.99131056,-3.81997967
-3.7568141,3.12645754,-3.94191227
3.28441933,-3.92401685,-3.97853467
-3.94506218,2.97033598,-3.6959455
-3.51856593,2.97554979,-3.90964575
3.0066191,-3.83182168,-3.60799256
3.00331211,-3.89040271,-3.72628379
3.15180369,-3.76527291,-3.94532494
3.25709163,-3.96859981,-3.93337461
-3.93561777,-3.73062787,2.92860627
-3.72761116,-3.57914217,2.79052408
-3.86242919,-3.95189132,2.82478942
-3.95749126,-3.72731524,2.87314193
2.9073891,-3.54445341,-3.90660336
2.98059127,-3.79051619,-3.94873918
3.0811925,-3.52330839,-3.96514352
-3.85835053,3.31332801,-3.97579314
-3.72841622,2.81644137,-3.55911611
-3.88503994,3.20639655,-3.98525684
-3.667533,2.98129896,-3.82288382
-3.96483188,3.34232329,-3.96577273
3.31923941,-3.92492089,-3.83064968
-3.83331159,-3.84883574,2.84038965
-3.91151229,3.26734339,-3.8277954
-3.85227084,-3.97104548,3.24577149
-3.80793041,-3.99819186,3.16007923
2.75500764,-3.94723872,-3.93020734
2.97218508,-3.98121422,-3.69067898
-3.98022697,-3.82740222,3.40412013
-3.76715443,3.18388141,-3.87019172
-3.94573768,3.10799963,-3.74283913
3.0169322,-3.64631738,-3.94408379
-3.51077373,-3.95646565,2.72446384
3.0161797,-3.8017594,-3.70480576
2.82262066,-3.70074143,-3.93695318
2.85708218,-3.95560806,-3.35688196
-3.94923339,-3.27138218,2.77520341
2.74148004,-3.71941396,-3.96574006
-3.5728341,-3.95857917,3.07522934
-3.60893077,2.71761876,-3.5957363
3.20233039,-3.9169828,-3.81053947
-3.97604696,3.40469784,-3.88307039
3.03066922,-3.64766425,-3.93556279
-3.79345844,-3.44225123,2.59788023
3.2862881,-3.88480554,-3.83772198
2.87340784,-3.96271216,-3.99173191
-3.95519436,-3.97608642,3.17297408
-3.99949531,3.04907183,-3.62275239
3.18271917,-3.90367847,-3.69858971
3.03973987,-3.84242969,-3.73648186
3.00425057,-3.66173394,-3.74427646
2.95316772,-3.94253026,-3.9906973
2.85755405,-3.96209797,-3.50423494
-3.98556257,-3.84278298,3.21297306
3.19221697,-3.88728492,-3.80301233
-3.58541708,-3.73423149,2.87365895
-3.79965757,-3.95488174,2.9466566
-3.96068499,-3.67736542,3.12257208
-3.7980836,-3.93760943,3.24537203
-3.69881703,2.73769528,-3.71004693
-3.93369567,3.28506959,-3.82874134
3.26114545,-3.9167441,-3.9154329
-3.74227796,2.84648102,-3.92156194
-3.38959348,-3.99643319,2.9062543
-3.90737046,2.76550632,-3.87700025
-3.95416205,3.50496735,-3.96850829
-3.67929761,2.57604246,-3.46735915
3.25121406,-3.80475729,-3.95379386
2.99830296,-3.93975791,-3.93995265
-3.84589558,-3.917619,3.1260468
-3.88428779,3.04602584,-3.69933161
-3.78354774,-3.91504327,3.12538146
3.07656972,-3.52933215,-3.99926665
-3.96445275,-3.57761453,3.02938299
-3.40920519,2.9066757,-3.97612825
-3.92597606,-3.39151202,2.67642303
-3.97327782,3.12425275,-3.68853145
-3.7574141,-3.92215615,3.11150649
-3.79748309,3.10604384,-3.82872832
-3.81705036,3.30066111,-3.93318646
-3.75378023,3.29314171,-3.94484367
-3.96832003,3.29444796,-3.94139566
-3.89664561,-3.91621096,3.1079505
-3.8400759,-3.93872378,3.28784085
-3.68245129,-3.55406407,2.74718643
2.7434188,-3.66249844,-3.48962751
-3.84907783,-3.45426733,2.63113037
3.01280056,-3.84917117,-3.81103274
3.43662641,-3.93492905,-3.93474222
-3.89603883,2.73380517,-3.32224192
-3.3225738,-3.96374329,2.75379662
3.30008223,-3.94452285,-3.78029573
-3.89731025,-3.53937414,2.98761971
-3.36290349,-3.90689402,2.87173863
-3.88656445,-3.4443947,2.85347626
-3.88506382,3.21173865,-3.90665954
-3.85836737,-3.62542294,3.05967472
3.06631174,-3.50421818,-3.99038041
-3.95078665,3.09330568,-3.66937065
-3.80472283,3.35261246,-3.95884039
2.94640165,-3.69824734,-3.8808369
-3.52506206,-3.88168624,2.75616027
-3.87162584,-3.84816168,3.13856822
-3.92172409,2.95018072,-3.83288327
3.27907452,-3.99999474,-3.90326013
-3.80818083,-3.8768526,2.72389811
-3.87052627,-3.73398933,2.84565828
3.05068666,-3.79112155,-3.737835
-3.84267556,2.80320165,-3.67798167
-3.94196285,2.86927165,-3.78462969
3.15801613,-3.98551034,-3.80445953
-3.89555232,-3.37465631,2.86738579
2.94001143,-3.89063805,-3.61744228
-3.12433387,2.66668715,-3.9802349
-3.85671022,-3.84412737,3.28154276
-3.92822609,-3.70600141,3.19246667
-3.93562975,3.32730265,-3.81918113
-3.70305289,3.18797436,-3.97067415
-3.76492995,-3.98063828,2.89663165
-3.79948178,3.1615655,-3.81737548
3.2581022,-3.86178887,-3.95786355
-3.75842031,2.8925543,-3.70721896
-3.86079846,3.11570349,-3.7321066
-3.85133722,-3.69372784,2.92872597
-3.68972768,2.72950873,-3.54929086
-3.95430527,-3.85012032,2.97148612
3.48868556,-3.93339736,-3.97143719
-3.87663918,3.35673028,-3.9702136
2.99689815,-3.70777059,-3.89267234
3.13048236,-3.9035102,-3.99333044
2.94651753,-3.59715833,-3.88516349
-3.74681926,3.03078138,-3.7796036
3.00359946,-3.84843159,-3.61353015
3.07716759,-3.79544898,-3.97983757
3.02963907,-3.61794849,-3.98942653
2.83519778,-3.95007465,-3.76069606
2.94071278,-3.94471601,-3.96024064
-3.86907231,-3.87786884,3.29200428
-3.99826733,3.00583538,-3.49099031
3.32715894,-3.90610286,-3.89185603
-3.66945192,2.87324282,-3.82050639
-3.99928338,-3.91182843,3.36419758
-3.93731952,3.10027388,-3.70224761
-3.42067682,-3.9923497,2.80651623
-3.78506126,3.00298191,-3.97494485
-3.89718444,3.23466859,-3.76844823
-3.99576826,3.3299598,-3.74262355
-3.91423589,-3.84284991,3.10779224
-3.56230821,-3.92072786,2.95294151
3.24048118,-3.831088,-3.80667618
-3.76450521,2.96778483,-3.76219673
2.779071,-3.26425283,-3.96994947
-3.98412537,3.37610703,-3.8212863
-3.40975558,2.57661651,-3.67773027
2.8984431,-3.93334561,-3.61901001
-3.9112803,2.92497634,-3.66650628
-3.47522383,2.95941238,-3.93348333
-3.9683972,3.21720492,-3.86913092
3.0277858,-3.93268173,-3.94175826
-3.81562822,-3.98086797,3.16670624
3.05678069,-3.93775494,-3.60939437
-3.90736603,-3.82079683,3.3275357
3.02088566,-3.66724505,-3.79002389
-3.57877199,-3.86346199,2.99327142
-3.90742407,3.25573823,-3.96417462
-3.82294401,3.02632292,-3.73374152
-3.93793712,2.84077891,-3.55943719
-3.99939031,-3.99550566,3.38062984
-3.82944862,-3.77713375,3.17831991
-3.91265168,-3.84624506,2.68780524
-3.91259811,3.04972918,-3.65670048
2.7235075,-3.38075225,-3.76249309
-3.97896294,3.04816817,-3.97777754
3.04463876,-3.75622346,-3.98740208
2.97393814,-3.64287427,-3.77167836
-3.57472607,2.99699125,-3.84895828
-3.74909811,-3.84208505,3.07791854
-3.77028203,3.08474465,-3.87829139
-3.87489816,2.75153964,-3.31243768
-3.82107922,-3.98010885,3.28239553
3.24908872,-3.93300942,-3.76880597
3.39931159,-3.89763718,-3.93474467
-3.8844725,3.05507969,-3.76864325
3.34334394,-3.96623074,-3.81048142
3.00660274,-3.81824772,-3.72028123
-3.85189907,3.23688711,-3.90165574
-3.77856916,-3.86478698,3.18367576
-3.99751658,3.50953497,-3.98149276
-3.41556907,2.84726448,-3.96798717
-3.95909055,2.51940816,-3.1649762
-3.89198745,3.33052158,-3.99151292
-3.99106648,3.18594503,-3.63909364
-3.86332272,-3.77003855,3.22125914
-3.56158064,2.88769857,-3.78136257
-3.75159665,2.9179389,-3.94119161
2.79732295,-3.8423872,-3.60680524
-3.99957524,-3.90953611,3.14410538
-3.94544065,3.25520358,-3.72646625
2.91308689,-3.542473,-3.76606568
-3.97373871,3.44346168,-3.94873776
-3.99196789,3.45397324,-3.87862124
-3.72703074,3.22398667,-3.90706021
3.40417949,-3.99116922,-3.87581588
-3.9457207,3.30475818,-3.95966048
3.45360627,-3.8673988,-3.99898611
-3.85297003,2.76425034,-3.99053672
-3.93697452,2.86426595,-3.35861465
-3.64465506,2.82660636,-3.75096572
-3.78772419,3.0972966,-3.73532301
-3.70827857,-3.70265342,3.01590392
-3.74409646,-3.82795769,3.12053434
3.47249727,-3.92453964,-3.99553243
-3.9911571,2.91289362,-3.63285392
3.30756012,-3.76393029,-3.99350568
3.07912051,-3.68663539,-3.95536313
-3.8315216,-3.93091357,3.09498154
-3.89639734,-3.73181662,3.20878037
-3.98913961,-3.6496293,3.1019873
-3.79787671,3.25653236,-3.97760596
-3.7804794,-3.70218638,3.0792631
-3.80391191,2.99017307,-3.89878463
2.99943168,-3.68100721,-3.85900534
-3.78913326,-3.99145037,3.2665645
-3.86865663,-3.89566227,3.1599151
-3.79203863,-3.82370904,3.02424838
3.07710526,-3.96091014,-3.95308361
-3.97481917,-3.67467765,3.02388584
-3.68517094,-3.91870875,3.08717248
