[[9.14828906e-02 7.06535951e-04 9.08752269e-01 1.97032842e-02]]
[[0.09420234 0.00099155 0.92308529 0.06066475]]
[[9.77967217e-02 7.56624101e-04 9.31321210e-01 3.66960825e-02]]
[[0.08708822 0.00106267 0.91415413 0.08031284]]
[[0.09795387 0.00104968 0.9035373  0.05199586]]
[[0.09952747 0.00208702 0.90240116 0.07366264]]
[[0.09971115 0.00127925 0.90128068 0.07597419]]
[[8.90731757e-02 8.39412151e-04 9.17821121e-01 9.52224255e-02]]
[[0.09580795 0.00404372 0.90914368 0.07859257]]
[[9.00983424e-02 7.74201231e-04 9.22872263e-01 6.32258342e-02]]
[[0.09550836 0.01132631 0.91139362 0.05306016]]
[[0.07915139 0.00126152 0.91415742 0.08234223]]
[[0.09704619 0.0010683  0.90881511 0.03912823]]
[[7.99325569e-02 6.85186388e-04 9.10833169e-01 5.46265628e-02]]
[[0.09355915 0.00817978 0.92608223 0.09925965]]
[[0.09525968 0.00113647 0.91482545 0.08385149]]
[[8.06219256e-02 7.98617456e-04 9.02685569e-01 6.28908689e-02]]
[[8.34969866e-02 8.33835576e-04 9.06456281e-01 7.45685656e-02]]
[[0.09663607 0.00121962 0.90028479 0.08694638]]
[[0.09840085 0.00881234 0.92064656 0.05703994]]
[[0.08920514 0.0064928  0.90246181 0.0878433 ]]
[[9.17150676e-02 5.02495673e-04 9.04832463e-01 1.04724813e-02]]
[[7.48375725e-02 6.61778269e-04 9.05088854e-01 6.97392104e-02]]
[[8.20863225e-02 8.56431141e-04 9.01635612e-01 4.27818489e-02]]
[[9.05506891e-02 8.72706632e-04 9.20560199e-01 8.89049579e-02]]
[[0.09696221 0.00140658 0.91260741 0.06066612]]
[[0.0925145  0.00135744 0.91106847 0.07078718]]
[[0.09853221 0.00124928 0.90799902 0.07572869]]
[[0.09691144 0.00161581 0.91246167 0.06390685]]
[[0.09244797 0.0009084  0.90389536 0.05099104]]
[[0.09716063 0.00886268 0.91394751 0.07593216]]
[[0.09228862 0.01023902 0.91242528 0.08477305]]
[[9.30412143e-02 8.83689834e-04 9.02058707e-01 3.20952737e-02]]
[[0.09430006 0.00554955 0.91070134 0.08470128]]
[[0.0999569  0.00210395 0.90747062 0.06963919]]
[[0.09960431 0.0013273  0.90499643 0.09874197]]
[[0.09990125 0.00269169 0.90063148 0.07221511]]
[[0.08807633 0.00149314 0.90152947 0.09631309]]
[[9.07933579e-02 6.67359783e-04 9.04991217e-01 3.62967357e-02]]
[[0.09890046 0.00280912 0.90222655 0.09593525]]
[[8.87096673e-02 7.98913189e-04 9.01748985e-01 3.60436000e-02]]
[[0.09739004 0.01159993 0.90465038 0.0572559 ]]
[[0.09648189 0.00113064 0.9021832  0.09139721]]
[[0.09103249 0.01170608 0.90589847 0.08071521]]
[[0.09216625 0.00092922 0.904383   0.03452991]]
[[7.47242365e-02 4.95922744e-04 9.08777499e-01 1.91233304e-02]]
[[0.09732384 0.00807126 0.90869225 0.09201678]]
[[0.09868133 0.01259542 0.90591136 0.05323961]]
[[9.20081455e-02 6.56651887e-04 9.16662906e-01 4.77544632e-02]]
[[0.09734038 0.00148259 0.90054225 0.0642871 ]]
[[0.09824317 0.01260477 0.91637495 0.0429092 ]]
[[9.26207648e-02 6.39152413e-04 9.34304579e-01 3.86113806e-02]]
[[8.43676947e-02 6.61153434e-04 9.08140557e-01 2.18677727e-02]]
[[0.09725741 0.001143   0.90895775 0.078092  ]]
[[7.46849906e-02 7.14714674e-04 9.03016817e-01 9.20759232e-02]]
[[0.09476615 0.00232235 0.91262605 0.07073203]]
[[0.08979184 0.01039361 0.90858278 0.0960017 ]]
[[0.08915058 0.00123068 0.90427512 0.05044117]]
[[0.09995455 0.00101164 0.91354025 0.03586809]]
[[0.0996898  0.01144692 0.90239077 0.08283392]]
[[9.12167154e-02 8.60384257e-04 9.23850632e-01 8.93229448e-02]]
[[0.08583016 0.00144272 0.90155241 0.08382836]]
[[0.07737933 0.00394566 0.91387887 0.09072971]]
[[8.88825930e-02 8.06932963e-04 9.16295489e-01 9.15315133e-02]]
[[0.09489676 0.00477267 0.91003735 0.09663804]]
[[0.09910191 0.00093013 0.90166689 0.04074044]]
[[9.25146843e-02 8.08975847e-04 9.10395476e-01 9.16408154e-02]]
[[0.09830765 0.00170183 0.90403625 0.08440598]]
[[0.09505173 0.02221896 0.90875798 0.08708809]]
[[9.49981376e-02 8.35139963e-04 9.16305774e-01 3.51839003e-02]]
[[0.0856821  0.00912163 0.91220158 0.09910897]]
[[8.35403160e-02 8.27750119e-04 9.10914626e-01 4.68045707e-02]]
[[9.49994315e-02 6.27237615e-04 9.35710126e-01 3.93877739e-02]]
[[0.09518354 0.00118517 0.9019873  0.09994907]]
[[0.09078449 0.00099021 0.90567075 0.08651679]]
[[0.08988121 0.00099004 0.90648354 0.06312729]]
[[0.09064296 0.01113943 0.90678543 0.08951691]]
[[9.25638102e-02 5.45550523e-04 9.21233556e-01 1.03283605e-02]]
[[7.27529685e-02 6.17004961e-04 9.03632509e-01 4.46987536e-02]]
[[0.09726582 0.00095684 0.90861444 0.05780017]]
[[0.08789425 0.00099781 0.91440581 0.08011698]]
[[0.09394882 0.00093366 0.91818146 0.08351349]]
[[0.0980808  0.00161016 0.91513438 0.07879853]]
[[9.95593858e-02 8.72700645e-04 9.28540727e-01 9.75368051e-02]]
[[0.09640507 0.00129433 0.90321661 0.09508471]]
[[8.03855827e-02 9.00929834e-04 9.12336554e-01 8.14847075e-02]]
[[9.99425277e-02 6.92014189e-04 9.03306981e-01 1.01565678e-02]]
[[8.53243135e-02 8.57849095e-04 9.00513387e-01 8.28657766e-02]]
[[9.19787314e-02 6.58409962e-04 9.02831514e-01 1.47232278e-02]]
[[0.0984985  0.00098973 0.918676   0.09385445]]
[[0.09767147 0.00170293 0.90387116 0.09563167]]
[[0.0981822  0.00768582 0.92672883 0.08373122]]
[[0.09907157 0.00132896 0.90614086 0.06691889]]
[[9.50908608e-02 7.80712812e-04 9.20288227e-01 5.06262947e-02]]
[[0.09693373 0.00097409 0.92581529 0.08487245]]
[[0.0963964  0.00127968 0.90874631 0.09995988]]
[[0.09883242 0.0111284  0.90260341 0.07821219]]
[[0.09799433 0.00110455 0.91316534 0.08871724]]
[[8.74518055e-02 7.64356345e-04 9.18053811e-01 4.61467857e-02]]
[[9.81960026e-02 8.55378741e-04 9.26160704e-01 5.19641973e-02]]
[[9.51812880e-02 9.03340015e-04 9.08002110e-01 5.96780466e-02]]
[[0.09935174 0.00127784 0.90448448 0.09567069]]
[[0.09709766 0.00094897 0.92168941 0.08864532]]
[[0.09751643 0.00106024 0.90468266 0.0468428 ]]
[[7.56669094e-02 7.33408570e-04 9.07565080e-01 8.57080263e-02]]
[[9.63006237e-02 8.27111890e-04 9.03068377e-01 3.06109656e-02]]
[[0.0905184  0.00102689 0.90826545 0.09163351]]
[[7.91362737e-02 6.66559902e-04 9.12777934e-01 5.58433098e-02]]
[[8.82663937e-02 6.25566238e-04 9.20994722e-01 4.26207422e-02]]
[[0.08339971 0.0083759  0.9009883  0.05457889]]
[[0.0991988  0.00109913 0.90495447 0.04237406]]
[[0.09906784 0.01356785 0.90795287 0.03572071]]
[[9.80167713e-02 6.14779294e-04 9.34846200e-01 1.73901238e-02]]
[[0.09832668 0.00105407 0.91317429 0.07196988]]
[[8.65426037e-02 8.11989513e-04 9.07467966e-01 5.52089700e-02]]
[[0.09672297 0.00098385 0.90419427 0.04892734]]
[[9.32924524e-02 7.58640510e-04 9.02842316e-01 1.87756366e-02]]
[[0.09833826 0.00108165 0.92206262 0.0602309 ]]
[[9.70954776e-02 6.64594873e-04 9.21901285e-01 4.30885352e-02]]
[[9.86504165e-02 8.39609907e-04 9.16142676e-01 2.36319516e-02]]
[[9.51562764e-02 6.29682969e-04 9.17067907e-01 1.04563158e-02]]
[[8.86581323e-02 6.57151896e-04 9.16526464e-01 1.71424973e-02]]
[[0.09488464 0.001025   0.90081032 0.06212271]]
[[9.18088350e-02 6.85349879e-04 9.07657201e-01 1.65507443e-02]]
[[0.09705775 0.01219779 0.91070231 0.09685814]]
[[8.31423270e-02 7.54269342e-04 9.09735551e-01 3.80330742e-02]]
[[0.0979888  0.00096259 0.91386353 0.05608049]]
[[0.09130557 0.00110452 0.90100651 0.0824894 ]]
[[9.56329362e-02 6.46043304e-04 9.34272111e-01 2.81494008e-02]]
[[0.09621967 0.00150334 0.90282394 0.0951311 ]]
[[0.09350308 0.00111721 0.902642   0.08113914]]
[[0.09166252 0.00134417 0.90522666 0.0711598 ]]
[[0.07062421 0.00363595 0.90308076 0.08354951]]
[[0.08744369 0.0010005  0.9136263  0.09154999]]
[[8.62658140e-02 5.30157405e-04 9.41218645e-01 5.65362964e-02]]
[[0.09676722 0.00090952 0.90364275 0.03398966]]
[[0.09226113 0.00141462 0.91222314 0.09436434]]
[[0.09796604 0.00110829 0.90380176 0.06965177]]
[[0.09710472 0.00646149 0.92253331 0.09565272]]
[[0.09903276 0.0035401  0.90749928 0.08456169]]
[[0.09036821 0.0009607  0.90667849 0.07544895]]
[[7.81753505e-02 6.86151150e-04 9.06591528e-01 8.15749583e-02]]
[[9.31612543e-02 6.83057561e-04 9.14537866e-01 1.79553021e-02]]
[[9.79916223e-02 6.74034481e-04 9.13402161e-01 1.28582569e-02]]
[[0.09883932 0.00144711 0.90381237 0.04009177]]
[[8.09112413e-02 5.44426640e-04 9.32959466e-01 5.35638597e-02]]
[[8.98426244e-02 8.65462396e-04 9.08137791e-01 5.00272316e-02]]
[[0.09380995 0.00154023 0.90231477 0.0867821 ]]
[[0.08799493 0.00914619 0.9216626  0.05677775]]
[[8.56682134e-02 5.98690271e-04 9.24410926e-01 4.65861717e-02]]
[[8.35866502e-02 5.91220108e-04 9.30834239e-01 6.64113634e-02]]
[[0.09362057 0.00134571 0.90660698 0.09818387]]
[[9.85654507e-02 6.46063706e-04 9.35956088e-01 1.92488302e-02]]
[[0.09620138 0.00255909 0.906408   0.04236743]]
[[0.09526514 0.00131313 0.91302164 0.09324368]]
[[0.09984435 0.00126138 0.90824354 0.06916392]]
[[0.08975827 0.01219461 0.91277867 0.09498919]]
[[9.57534931e-02 8.88703226e-04 9.27456136e-01 4.76248235e-02]]
[[0.09904203 0.00112392 0.90777066 0.06610971]]
[[0.09370696 0.0010441  0.92028224 0.09161857]]
[[9.95801434e-02 6.92829961e-04 9.16657559e-01 2.39981149e-02]]
[[0.09916568 0.00447741 0.9175789  0.06206543]]
[[9.60939188e-02 8.82126460e-04 9.07370802e-01 3.41381741e-02]]
[[9.67923692e-02 7.37951183e-04 9.29088983e-01 3.34046260e-02]]
[[0.08847246 0.00093682 0.90037308 0.05215272]]
[[0.09882631 0.00122516 0.90602942 0.09156024]]
[[0.09535824 0.0014035  0.90075782 0.04640305]]
[[9.25811178e-02 7.98629146e-04 9.00642386e-01 3.28420183e-02]]
[[0.08167469 0.00389812 0.91951184 0.08529611]]
[[0.09187911 0.00096658 0.9242682  0.0845899 ]]
[[8.83562177e-02 7.41066998e-04 9.00243396e-01 1.49480799e-02]]
[[0.09690665 0.00132053 0.90321297 0.09787984]]
[[9.16778822e-02 6.02268543e-04 9.17135543e-01 2.43216560e-02]]
[[0.09523376 0.00112631 0.90936703 0.09356159]]
[[8.75088987e-02 8.71111933e-04 9.00828723e-01 3.57820281e-02]]
[[0.09609702 0.00098647 0.9115752  0.06674745]]
[[8.07393873e-02 7.19970172e-04 9.07606303e-01 6.31367753e-02]]
[[0.09686462 0.00151488 0.90351346 0.08632651]]
[[0.09320897 0.0010912  0.90280496 0.08635388]]
[[8.54495234e-02 8.82437051e-04 9.02384807e-01 6.00667236e-02]]
[[0.09345874 0.01240696 0.9212031  0.09434494]]
[[0.09758717 0.00110132 0.90187946 0.03756697]]
[[0.08201927 0.00218445 0.90394584 0.09049148]]
[[0.09356007 0.0110828  0.91713125 0.07299911]]
[[9.30019077e-02 7.98467155e-04 9.02441912e-01 1.34873601e-02]]
[[7.96220997e-02 6.06055597e-04 9.22473341e-01 6.48396705e-02]]
[[9.92280858e-02 8.66608484e-04 9.12592067e-01 5.55872102e-02]]
[[9.44513826e-02 7.84935859e-04 9.13791069e-01 3.98823679e-02]]
[[9.14873116e-02 5.77977154e-04 9.24679701e-01 3.85601381e-02]]
[[0.09327538 0.00999011 0.91167165 0.09086109]]
[[0.09984244 0.00129376 0.90206287 0.04840161]]
[[8.76017663e-02 7.44702763e-04 9.11178318e-01 3.53200228e-02]]
[[0.09580142 0.01100665 0.92075492 0.09429337]]
[[0.09547418 0.01786846 0.92186392 0.09900037]]
[[0.08968773 0.00133754 0.91941337 0.05670212]]
[[9.92144671e-02 8.93816400e-04 9.04902859e-01 2.54199609e-02]]
[[0.09712004 0.00095782 0.91890668 0.06171082]]
[[8.15067147e-02 6.77879066e-04 9.07855749e-01 3.30526373e-02]]
[[7.84505317e-02 6.97772376e-04 9.04541769e-01 8.41274057e-02]]
[[9.81477541e-02 6.38587965e-04 9.30137846e-01 3.97373672e-02]]
[[0.0901889  0.00098682 0.90169011 0.06752327]]
[[0.08743822 0.00891567 0.90240231 0.07016921]]
[[0.09755694 0.00100851 0.9180861  0.05966843]]
[[0.08756121 0.00186381 0.90707871 0.06648282]]
[[0.09915923 0.00142433 0.91391751 0.07066299]]
[[0.09456378 0.00106846 0.90430315 0.0660737 ]]
[[0.09961967 0.01442683 0.90710126 0.06905976]]
[[9.84548625e-02 9.08536058e-04 9.23139192e-01 7.35778296e-02]]
[[0.09633785 0.01872762 0.90861351 0.09631297]]
[[8.73232842e-02 7.25937056e-04 9.27865648e-01 9.53897320e-02]]
[[8.91315914e-02 6.74941398e-04 9.07713400e-01 1.36667800e-02]]
[[8.00024492e-02 8.42391342e-04 9.00567096e-01 9.31986371e-02]]
[[8.16041247e-02 6.68737554e-04 9.22617808e-01 9.84088471e-02]]
[[8.89027354e-02 6.06388947e-04 9.30988715e-01 5.81428410e-02]]
[[9.24924405e-02 7.31901056e-04 9.11174810e-01 5.09497098e-02]]
[[8.16391017e-02 7.00860048e-04 9.08599497e-01 5.67782950e-02]]
[[0.07524746 0.00105323 0.90388805 0.08381758]]
[[0.09099362 0.0112884  0.90854987 0.06121664]]
[[0.08902678 0.00717692 0.90063376 0.06082521]]
[[0.09892114 0.00097458 0.92165092 0.08631463]]
[[0.09975553 0.00121364 0.91994577 0.03417078]]
[[0.09726245 0.00885201 0.90617282 0.0538808 ]]
[[9.48097747e-02 7.70202215e-04 9.20601804e-01 4.63977919e-02]]
[[0.09264804 0.01402335 0.90656174 0.09764742]]
[[9.02369863e-02 7.39889922e-04 9.29274723e-01 6.83406219e-02]]
[[0.08665222 0.01648854 0.90956443 0.08403451]]
[[9.19518152e-02 6.79326271e-04 9.41708916e-01 9.59064398e-02]]
[[0.09031528 0.01112479 0.91028755 0.08375127]]
[[9.30538868e-02 8.89489155e-04 9.10714703e-01 5.61362458e-02]]
[[0.09633967 0.00163631 0.90551429 0.09836868]]
[[7.42783881e-02 6.10969482e-04 9.05638631e-01 5.64212116e-02]]
[[0.09493491 0.01058917 0.90899785 0.09483176]]
[[0.09849482 0.00153894 0.91441281 0.09561098]]
[[7.95397423e-02 5.13529444e-04 9.28449049e-01 4.10895986e-02]]
[[0.09637059 0.00124253 0.90506901 0.09045945]]
[[0.08816154 0.00090778 0.90371021 0.05670718]]
[[0.08714971 0.00092694 0.91713426 0.06908769]]
[[0.08911566 0.00797562 0.90264015 0.09091483]]
[[9.79654974e-02 7.79891852e-04 9.43644527e-01 8.60972089e-02]]
[[0.09492011 0.0015129  0.90507257 0.07223077]]
[[0.09693342 0.00136806 0.90256275 0.09449808]]
[[8.86961402e-02 5.86771643e-04 9.12382968e-01 1.19674130e-02]]
[[9.42802048e-02 7.20924716e-04 9.28694871e-01 3.58783934e-02]]
[[0.08862494 0.00898811 0.90907331 0.09640952]]
[[9.67769831e-02 9.01183958e-04 9.26736015e-01 8.75022811e-02]]
[[0.09215977 0.00106208 0.90882373 0.08715803]]
[[0.0845451  0.00837718 0.91075408 0.07266394]]
[[8.23206568e-02 8.92889174e-04 9.08973623e-01 6.95426990e-02]]
[[9.93102677e-02 7.31297952e-04 9.19044990e-01 4.51871258e-02]]
[[9.54492015e-02 8.12688814e-04 9.28541524e-01 7.44245969e-02]]
[[7.66818738e-02 6.86385789e-04 9.13353150e-01 9.96231734e-02]]
[[0.09924558 0.01155366 0.9030686  0.07268433]]
[[9.18675212e-02 6.90578043e-04 9.13719602e-01 1.38265882e-02]]
[[0.09997171 0.00106996 0.9027451  0.04829759]]
[[9.60343264e-02 6.85143816e-04 9.01993197e-01 2.65093908e-02]]
[[0.08561168 0.00971185 0.90175991 0.09080096]]
[[9.83148356e-02 8.14272154e-04 9.28252679e-01 8.83162207e-02]]
[[9.83326231e-02 6.72497783e-04 9.38494386e-01 7.64958444e-02]]
[[9.81858138e-02 7.83246951e-04 9.37701077e-01 8.25610596e-02]]
[[0.09195316 0.00093472 0.90367588 0.04108441]]
[[0.08987954 0.00836562 0.91626812 0.07172408]]
[[9.04331571e-02 7.55150755e-04 9.21018515e-01 6.55249913e-02]]
[[7.71892739e-02 6.12963852e-04 9.09074177e-01 3.54594731e-02]]
[[0.09528062 0.00102536 0.90392013 0.07892876]]
[[0.09396164 0.00612516 0.90220712 0.07343582]]
[[0.08048775 0.00109915 0.90539739 0.0931252 ]]
[[0.09680783 0.00149535 0.91401963 0.06439675]]
[[9.16037790e-02 8.44997189e-04 9.24864554e-01 6.27519591e-02]]
[[9.97356659e-02 8.73544311e-04 9.12102648e-01 5.32548218e-02]]
[[0.0989672  0.00099995 0.92296074 0.08990594]]
[[8.07650049e-02 6.38707262e-04 9.08809367e-01 5.60269958e-02]]
[[0.0865048  0.00140085 0.90295658 0.07541881]]
[[9.43388878e-02 5.17006580e-04 9.09983362e-01 6.78416624e-03]]
[[0.09105173 0.00117281 0.9086494  0.07956673]]
[[9.78377495e-02 7.69358002e-04 9.25825645e-01 3.81979363e-02]]
[[0.08518212 0.00116374 0.90037494 0.07789056]]
[[9.33014466e-02 5.49895622e-04 9.05665953e-01 7.18677553e-03]]
[[0.09479474 0.01416832 0.90672567 0.09025636]]
[[0.09898656 0.00114263 0.9187181  0.08430304]]
[[0.0993859  0.00109302 0.90710057 0.0762427 ]]
[[8.42407405e-02 7.91363421e-04 9.14941277e-01 4.82146803e-02]]
[[0.09072478 0.00100072 0.90194956 0.06458856]]
[[9.72036457e-02 7.08004611e-04 9.11597412e-01 1.00715740e-02]]
[[0.0960172  0.00134066 0.91088105 0.08503093]]
[[0.09274709 0.00103439 0.91253174 0.09848195]]
[[8.38304710e-02 8.06504832e-04 9.07067198e-01 7.20880532e-02]]
[[0.08989464 0.00109741 0.90264481 0.08809884]]
[[8.60531504e-02 6.76473455e-04 9.14474228e-01 2.87766478e-02]]
[[0.09516339 0.00098783 0.92157322 0.07375277]]
[[7.77302311e-02 6.80594452e-04 9.14746418e-01 8.62453948e-02]]
[[0.09641201 0.00100228 0.92127041 0.08196808]]
[[9.27203343e-02 5.09656556e-04 9.22059520e-01 5.03759556e-03]]
[[0.09744708 0.0015944  0.91339863 0.03677113]]
[[0.09363039 0.00114895 0.90528808 0.06032588]]
[[0.0978054  0.0011687  0.90509384 0.06809421]]
[[0.09779979 0.01003399 0.90617192 0.09230069]]
[[9.17359482e-02 8.18702832e-04 9.17282027e-01 5.14967217e-02]]
[[0.09239779 0.00211301 0.93935649 0.07026716]]
[[0.09826952 0.02160235 0.90062113 0.07181066]]
[[0.0889638  0.00459707 0.90592606 0.09528672]]
[[9.21780660e-02 6.05918361e-04 9.42752345e-01 7.43945471e-02]]
[[8.44180556e-02 7.21836240e-04 9.08490613e-01 5.89962534e-02]]
[[7.37354576e-02 6.41118316e-04 9.06718633e-01 9.02533206e-02]]
[[8.08574510e-02 7.16178609e-04 9.13203855e-01 5.64483338e-02]]
[[9.75814583e-02 8.31343113e-04 9.18080703e-01 9.48950651e-02]]
[[8.97405838e-02 8.36537188e-04 9.13570319e-01 5.24079561e-02]]
[[0.07976208 0.00105945 0.90607649 0.09475373]]
[[0.09797407 0.00278124 0.90103783 0.06843189]]
[[7.71844144e-02 7.72853875e-04 9.08569478e-01 7.39186687e-02]]
[[9.38633781e-02 7.44937165e-04 9.09593876e-01 3.45129530e-02]]
[[0.09351723 0.00160881 0.92445624 0.07606577]]
[[0.09675245 0.0013099  0.90897364 0.08773996]]
[[0.09603411 0.00130826 0.90289191 0.08101379]]
[[9.11527583e-02 8.57629862e-04 9.09816504e-01 5.55096392e-02]]
[[0.09466966 0.00250198 0.91055343 0.06303422]]
[[0.09715898 0.00494849 0.91408935 0.07412106]]
[[8.01673371e-02 5.91509491e-04 9.03648818e-01 1.43012192e-02]]
[[9.87884243e-02 6.38777172e-04 9.18487324e-01 2.69686016e-02]]
[[0.08532456 0.00620781 0.90445135 0.07172745]]
[[0.08942519 0.00093914 0.90662562 0.08007285]]
[[7.47356261e-02 5.71011043e-04 9.17297141e-01 6.32796108e-02]]
[[8.81801897e-02 8.03224524e-04 9.14368381e-01 6.32938849e-02]]
[[0.09232311 0.00095679 0.9191748  0.08111438]]
[[0.09455983 0.01268547 0.90378953 0.07994565]]
[[9.95824800e-02 7.89667676e-04 9.27568253e-01 3.93752666e-02]]
[[0.08795748 0.01138736 0.90476596 0.09495722]]
[[0.09560282 0.00108262 0.90783339 0.06356592]]
[[0.09941314 0.00103978 0.91316888 0.04560163]]
[[8.06189024e-02 6.42053174e-04 9.03348343e-01 2.87295965e-02]]
[[8.35847252e-02 8.38725795e-04 9.21105106e-01 9.21666112e-02]]
[[0.09924386 0.00107446 0.90211604 0.0319212 ]]
[[0.09378354 0.00094547 0.90580073 0.06977264]]
[[0.08838037 0.00652827 0.90216059 0.05857866]]
[[9.27642169e-02 8.12701957e-04 9.25445996e-01 7.00491646e-02]]
[[8.94042853e-02 7.44309994e-04 9.03604370e-01 3.45644421e-02]]
[[9.55062871e-02 7.75804774e-04 9.05910135e-01 3.55504893e-02]]
[[8.90478477e-02 8.75141544e-04 9.05425407e-01 7.81646192e-02]]
[[9.06873806e-02 7.04648442e-04 9.24059284e-01 7.56983187e-02]]
[[0.09728095 0.01265513 0.91845984 0.05982053]]
[[0.09864961 0.0011744  0.90256293 0.09729179]]
[[9.66569886e-02 5.53446902e-04 9.24046019e-01 1.00763881e-02]]
[[0.08629951 0.00246538 0.90377967 0.08867236]]
[[0.09183761 0.00091843 0.9179831  0.08865346]]
[[0.08840111 0.00095074 0.91279667 0.09805218]]
[[9.76130787e-02 9.35298215e-04 9.43210489e-01 9.98072906e-02]]
[[9.83642261e-02 7.08527228e-04 9.34750349e-01 4.48983925e-02]]
[[0.09937782 0.0011632  0.90178698 0.07896683]]
[[0.0936045  0.00750614 0.91493592 0.07692983]]
[[0.09992135 0.00126012 0.91418157 0.08590602]]
[[9.70223235e-02 7.49184321e-04 9.20399661e-01 5.67503207e-02]]
[[9.82228731e-02 6.94913215e-04 9.34020962e-01 8.93988206e-02]]
[[0.08814129 0.00092671 0.90638414 0.06592113]]
[[0.0946687  0.00265698 0.92740628 0.06898099]]
[[0.09847214 0.001108   0.90503549 0.07380873]]
[[0.09932916 0.0011774  0.91327182 0.08370759]]
[[0.0915565  0.0014548  0.90583654 0.0856678 ]]
[[0.09973315 0.00755791 0.92712012 0.07504872]]
[[0.09229336 0.00987223 0.9047544  0.09873404]]
[[8.96603242e-02 8.25074504e-04 9.22359669e-01 9.20620226e-02]]
[[0.09872093 0.00625886 0.91507561 0.07099714]]
[[9.39822504e-02 8.32050349e-04 9.35282326e-01 6.01784468e-02]]
[[0.08259964 0.00175736 0.91234475 0.08671121]]
[[8.02417748e-02 6.23063944e-04 9.19154877e-01 4.45515935e-02]]
[[0.08954158 0.00100148 0.9074327  0.06925773]]
[[0.09644933 0.00139659 0.91691147 0.06196984]]
[[0.08779527 0.00236212 0.90246594 0.09873038]]
[[0.09992756 0.00105125 0.90084668 0.04730734]]
[[9.85040917e-02 7.51347898e-04 9.25510357e-01 2.26658848e-02]]
[[0.09366108 0.00274644 0.90249984 0.08680766]]
[[7.97754127e-02 5.74291607e-04 9.10234383e-01 2.53194423e-02]]
[[0.09887779 0.00105456 0.90863157 0.06972689]]
[[9.23362604e-02 6.89410901e-04 9.16905140e-01 2.21716131e-02]]
[[0.09308362 0.01320482 0.91298516 0.08671908]]
[[0.09856961 0.00244408 0.90369292 0.06367609]]
[[8.26456283e-02 7.65159087e-04 9.10962811e-01 8.06922293e-02]]
[[0.09563419 0.01880859 0.91223332 0.06580473]]
[[0.0966636  0.00103366 0.90250616 0.03743254]]
[[0.09286378 0.00100553 0.9083663  0.04205749]]
[[9.87050399e-02 6.88421102e-04 9.10959243e-01 2.26957532e-02]]
[[0.08553215 0.00578516 0.90727599 0.07383331]]
[[9.88031161e-02 7.41402016e-04 9.19128268e-01 7.32801474e-02]]
[[8.61081783e-02 8.40768435e-04 9.10998321e-01 7.67934577e-02]]
[[9.14958055e-02 6.83753211e-04 9.04060897e-01 1.50364463e-02]]
[[0.07622499 0.01587155 0.91124514 0.09971826]]
[[0.09668084 0.00632216 0.90137164 0.05471515]]
[[0.08964966 0.00099206 0.90014974 0.06009803]]
[[0.08185328 0.00355768 0.90314947 0.0881911 ]]
[[0.0953646  0.00165539 0.90265972 0.05370828]]
[[0.09391001 0.00426056 0.91271337 0.0848817 ]]
[[0.09428311 0.00121934 0.92137577 0.08234004]]
[[9.24272401e-02 6.77536470e-04 9.07492629e-01 1.78569659e-02]]
[[0.09912731 0.00097071 0.91790397 0.0613879 ]]
[[9.14695232e-02 6.99691225e-04 9.26575157e-01 4.34560087e-02]]
[[0.09867729 0.01702705 0.90882772 0.09923231]]
[[9.03448338e-02 6.53258358e-04 9.05266529e-01 1.70568199e-02]]
[[0.09104308 0.00120267 0.92606386 0.08267124]]
[[0.09870909 0.00211108 0.91722938 0.04635803]]
[[9.50200277e-02 8.69813152e-04 9.04800661e-01 3.03077696e-02]]
[[0.0967579  0.00094137 0.90362385 0.02805435]]
[[8.74157597e-02 8.15061151e-04 9.04851351e-01 4.78908296e-02]]
[[8.83025307e-02 5.87346426e-04 9.26654051e-01 3.10811897e-02]]
[[8.54778616e-02 8.71349745e-04 9.03042251e-01 5.47473051e-02]]
[[0.09209826 0.00104137 0.90144477 0.09414232]]
[[0.09989713 0.00107352 0.90259531 0.04612422]]
[[9.31252873e-02 8.48016259e-04 9.12411633e-01 8.53471488e-02]]
[[0.09787965 0.00126432 0.90304694 0.09876543]]
[[0.0935956  0.00090908 0.90511447 0.07927227]]
[[9.55384926e-02 9.21042670e-04 9.33781857e-01 8.15744426e-02]]
[[9.94160918e-02 8.75978219e-04 9.09118430e-01 9.56877097e-02]]
[[9.01762253e-02 8.65760599e-04 9.14008513e-01 5.17543206e-02]]
[[8.71263436e-02 6.84473931e-04 9.04702049e-01 2.12380029e-02]]
[[0.09493441 0.00096512 0.91762503 0.08601691]]
[[0.09911709 0.00098178 0.90304752 0.07436607]]
[[9.14789737e-02 7.93795026e-04 9.22510986e-01 9.68190301e-02]]
[[0.08518645 0.00128375 0.9016504  0.08905129]]
[[7.30051254e-02 5.78329253e-04 9.10628724e-01 6.04934362e-02]]
[[0.09696495 0.00105726 0.90419155 0.05290815]]
[[0.08973835 0.00095618 0.91528008 0.05075667]]
[[0.08865289 0.00106113 0.90048782 0.09103899]]
[[7.76345581e-02 5.30535713e-04 9.16430757e-01 1.88963606e-02]]
[[0.09882689 0.00254363 0.91623182 0.09667673]]
[[0.09032527 0.00142213 0.90051836 0.08057226]]
[[9.32617291e-02 5.73765520e-04 9.23170075e-01 1.13179422e-02]]
[[0.09167054 0.02438371 0.90198535 0.09629301]]
[[0.09736499 0.00501637 0.90161305 0.05992357]]
[[0.09309683 0.000954   0.90679737 0.0533945 ]]
[[9.94740132e-02 7.97652780e-04 9.37177972e-01 9.11760301e-02]]
[[0.09836311 0.00123445 0.9160145  0.0993307 ]]
[[0.09352061 0.00223507 0.90512887 0.05189908]]
[[9.33013996e-02 8.35703238e-04 9.09293915e-01 4.94804705e-02]]
[[0.08986006 0.00110087 0.91758412 0.06036119]]
[[0.08764877 0.0044145  0.90172883 0.06853357]]
[[0.09835515 0.00352908 0.90531312 0.09321961]]
[[0.09522474 0.00290453 0.91326675 0.08246562]]
[[0.09752779 0.00820125 0.92182079 0.09678342]]
[[9.72315807e-02 6.07864169e-04 9.23995840e-01 1.26454573e-02]]
[[9.32601076e-02 8.92747756e-04 9.19069997e-01 7.39131268e-02]]
[[0.09403157 0.0009097  0.90013127 0.02263025]]
[[0.09307362 0.00097228 0.9075714  0.03617737]]
[[9.53721818e-02 8.12239982e-04 9.22935481e-01 3.93031924e-02]]
[[0.08606372 0.00870032 0.91047076 0.07161289]]
[[0.09703619 0.01244825 0.90369109 0.08897997]]
[[0.09617316 0.00105517 0.90828448 0.06436621]]
[[0.09860745 0.02745774 0.91175323 0.09609303]]
[[9.96373533e-02 7.68197749e-04 9.08282786e-01 1.78863887e-02]]
[[0.09003475 0.00096119 0.90870058 0.05612115]]
[[0.09857771 0.00118162 0.91312569 0.05763733]]
[[8.48757572e-02 6.51539604e-04 9.23748280e-01 5.14986865e-02]]
[[0.08853863 0.00612818 0.90290788 0.08794148]]
[[0.08682104 0.00926615 0.91885855 0.09106558]]
[[0.0920587  0.00091858 0.91475623 0.09047119]]
[[0.09840067 0.00131927 0.90132857 0.07656444]]
[[9.98474479e-02 8.26419758e-04 9.21245851e-01 9.06921511e-02]]
[[9.25438192e-02 8.87669889e-04 9.19389729e-01 7.59277726e-02]]
[[0.08289463 0.00125287 0.90497331 0.07645047]]
[[0.09735829 0.00624072 0.90286439 0.06155377]]
[[0.09773313 0.00106504 0.91581565 0.09424212]]
[[9.95096740e-02 9.13231926e-04 9.16469793e-01 3.35152499e-02]]
[[9.86969895e-02 6.76271122e-04 9.12089661e-01 1.64814493e-02]]
[[9.08139883e-02 8.04655768e-04 9.07999092e-01 4.66464260e-02]]
[[0.09721822 0.01193381 0.90139257 0.0577502 ]]
[[0.09401829 0.0010003  0.90666617 0.07295476]]
[[8.94285457e-02 8.37300695e-04 9.13473729e-01 4.81990914e-02]]
[[0.09903482 0.00811207 0.91538046 0.06190662]]
[[9.37913913e-02 6.27631868e-04 9.42317481e-01 6.41470883e-02]]
[[0.09826221 0.01439921 0.91369767 0.09502912]]
[[0.09535146 0.00897974 0.90821759 0.06714951]]
[[0.09202397 0.00106185 0.91749247 0.09098548]]
[[0.09994181 0.0009637  0.92572287 0.0981752 ]]
[[9.54769883e-02 8.61180547e-04 9.18360846e-01 6.37761960e-02]]
[[9.24020156e-02 7.19105964e-04 9.18239855e-01 2.79190856e-02]]
[[8.22118724e-02 6.14129744e-04 9.17429732e-01 3.48208935e-02]]
[[0.09121723 0.00123529 0.90733238 0.06862801]]
[[0.09927555 0.000966   0.90953924 0.02787703]]
[[7.96571494e-02 6.73210044e-04 9.05633209e-01 3.39897770e-02]]
[[0.09866144 0.01082327 0.9085467  0.07455419]]
[[0.09066693 0.00094939 0.9069328  0.07732429]]
[[0.0927525  0.00101375 0.91423085 0.08977937]]
[[9.71607050e-02 4.93527177e-04 9.56656706e-01 7.26107081e-02]]
[[7.33303256e-02 6.49067876e-04 9.01017031e-01 5.25531961e-02]]
[[0.09622377 0.00396386 0.90263652 0.09419719]]
[[0.08636995 0.00709203 0.91955761 0.06374967]]
[[7.73461550e-02 5.49700351e-04 9.06880169e-01 3.27759796e-02]]
[[9.82034715e-02 7.22688237e-04 9.24603651e-01 9.97367746e-02]]
[[0.08696486 0.00092356 0.91277591 0.08806414]]
[[9.74384786e-02 7.71395339e-04 9.06669366e-01 6.33898333e-02]]
[[0.08876265 0.00114446 0.9026933  0.06504944]]
[[9.45363745e-02 8.80994723e-04 9.21994232e-01 6.10959422e-02]]
[[7.19165441e-02 6.79916616e-04 9.04359680e-01 4.99432376e-02]]
[[9.22778317e-02 7.43073237e-04 9.20124572e-01 3.35480228e-02]]
[[9.03748892e-02 7.14290854e-04 9.26370051e-01 4.17053228e-02]]
[[8.82384370e-02 7.71185870e-04 9.13689164e-01 7.81631960e-02]]
[[0.09741076 0.00138127 0.90479334 0.07767605]]
[[0.09826989 0.00258488 0.91626966 0.09774526]]
[[0.09057064 0.00105121 0.9071499  0.07403313]]
[[9.28437204e-02 8.45845730e-04 9.02448147e-01 5.03462076e-02]]
[[0.08928135 0.01954893 0.92152281 0.08450372]]
[[0.08558146 0.00109881 0.9034815  0.09966957]]
[[0.09465181 0.00093595 0.9161716  0.08259115]]
[[0.07622595 0.00419919 0.90249091 0.06954457]]
[[8.27290357e-02 6.80481867e-04 9.08007899e-01 3.08090817e-02]]
[[9.34826907e-02 8.49747830e-04 9.21785982e-01 7.75848997e-02]]
[[8.47623694e-02 8.76121836e-04 9.24530323e-01 7.48292859e-02]]
[[0.09942501 0.00702062 0.9009315  0.07485189]]
[[9.44554797e-02 6.05563590e-04 9.46718596e-01 9.69117518e-02]]
[[9.66035959e-02 9.20985250e-04 9.23531583e-01 7.99199934e-02]]
[[8.85112075e-02 6.48399345e-04 9.43680640e-01 8.78995659e-02]]
[[0.09495695 0.00245804 0.90127786 0.0469752 ]]
[[9.16093931e-02 8.36843227e-04 9.02368520e-01 3.10105735e-02]]
[[0.09813103 0.00749159 0.90227637 0.06818939]]
[[0.08159437 0.01015201 0.9010588  0.08405006]]
[[0.09656549 0.00138069 0.9007187  0.04830575]]
[[9.20571034e-02 5.98408185e-04 9.07252225e-01 1.09054493e-02]]
[[0.08923419 0.0009148  0.90802707 0.06279229]]
[[7.16763753e-02 6.46674710e-04 9.01266628e-01 8.06291603e-02]]
[[0.08707737 0.00183237 0.90400571 0.06430905]]
[[0.09959304 0.01919034 0.90775949 0.09741171]]
[[0.09737547 0.00903881 0.92277191 0.09435882]]
[[0.09193046 0.00804778 0.90403152 0.04731721]]
[[0.09222758 0.00096145 0.90490932 0.04514276]]
[[0.08538071 0.00542181 0.90023526 0.09957447]]
[[0.09576494 0.00104625 0.92135727 0.09514512]]
[[8.25997672e-02 8.77630210e-04 9.06928298e-01 8.28731227e-02]]
[[0.09729011 0.00114143 0.90293694 0.06329022]]
[[0.09772993 0.0011121  0.9056542  0.06586552]]
[[0.07785625 0.00114437 0.90385109 0.08080216]]
[[0.09725603 0.00271876 0.91403864 0.09146307]]
[[0.09590952 0.00093815 0.92161249 0.08179003]]
[[9.42684891e-02 7.28720218e-04 9.13382948e-01 4.56532716e-02]]
[[9.73335158e-02 9.09005303e-04 9.15822795e-01 5.04130257e-02]]
[[9.31066785e-02 6.53581572e-04 9.11252517e-01 8.87842641e-03]]
[[0.08956852 0.00102274 0.90479559 0.09771465]]
[[0.09813509 0.00092558 0.9187932  0.06138687]]
[[0.07306608 0.00390157 0.91277508 0.0782407 ]]
[[8.47762335e-02 5.53807036e-04 9.09447819e-01 2.17464810e-02]]
[[9.22398503e-02 7.57262710e-04 9.09904950e-01 4.88590045e-02]]
[[9.88761628e-02 7.04775979e-04 9.18029731e-01 2.10055844e-02]]
[[0.09367337 0.00100806 0.90309771 0.08423318]]
[[0.0996715  0.00868339 0.91651035 0.08162264]]
[[0.07656008 0.00395693 0.91725601 0.06639922]]
[[9.07600821e-02 8.64789280e-04 9.06737722e-01 4.96182266e-02]]
[[9.04883869e-02 7.19550066e-04 9.34449199e-01 8.69807497e-02]]
[[0.09543229 0.00442825 0.91738319 0.07680313]]
[[0.09770447 0.0038757  0.90096584 0.07967625]]
[[8.28726418e-02 7.23913144e-04 9.12667053e-01 5.18879012e-02]]
[[0.09468399 0.00129089 0.91244389 0.05131716]]
[[9.57677286e-02 6.42820527e-04 9.31024130e-01 2.65804787e-02]]
[[0.08821845 0.00112488 0.90454374 0.08279827]]
[[0.09633006 0.0009921  0.90449182 0.07303408]]
[[9.23296635e-02 6.50518770e-04 9.11649400e-01 3.30301602e-02]]
[[8.25132359e-02 8.18037012e-04 9.00387763e-01 5.48481763e-02]]
[[0.09622544 0.00287069 0.90769914 0.09953919]]
[[0.07519959 0.00128013 0.90202525 0.08937797]]
[[0.09895843 0.0022821  0.93723029 0.09310472]]
[[0.09234715 0.00100057 0.91082638 0.09090913]]
[[0.09503349 0.00114983 0.90341573 0.08361677]]
[[8.01210260e-02 6.75591374e-04 9.13963934e-01 3.94498754e-02]]
[[8.95832673e-02 5.60645452e-04 9.26855449e-01 1.52064039e-02]]
[[9.37403796e-02 8.61911668e-04 9.23498727e-01 9.47263875e-02]]
[[0.09223844 0.00364934 0.90010092 0.08931202]]
[[0.09743858 0.00117281 0.90268842 0.06393168]]
[[9.48038067e-02 8.74064244e-04 9.03495112e-01 4.97476645e-02]]
[[0.09627392 0.00139282 0.90447824 0.06372322]]
[[0.08943668 0.00092925 0.90234431 0.04153277]]
[[9.37419531e-02 7.87494451e-04 9.06159787e-01 3.69453114e-02]]
[[9.24540966e-02 6.70823947e-04 9.30592897e-01 5.31100743e-02]]
[[0.0944832  0.00838857 0.90072861 0.07683921]]
[[9.75465107e-02 5.65125645e-04 9.50171104e-01 5.24906276e-02]]
[[0.09950461 0.02406821 0.90900948 0.0854305 ]]
[[9.04926976e-02 6.56369815e-04 9.34820568e-01 7.99048070e-02]]
[[8.68709897e-02 6.12208430e-04 9.12290314e-01 1.66905076e-02]]
[[0.09574012 0.00519258 0.91933113 0.08491682]]
[[0.09581069 0.01149422 0.90337215 0.07625456]]
[[0.09936022 0.00138367 0.9024535  0.07169889]]
[[8.81763837e-02 8.92180433e-04 9.04609246e-01 5.72881001e-02]]
[[0.08917893 0.00147104 0.90029495 0.08983515]]
[[0.09827655 0.0009448  0.92307401 0.06674032]]
[[0.09602112 0.00159597 0.90462704 0.07923326]]
[[0.09395609 0.00093683 0.91039269 0.04697988]]
[[0.09864531 0.001614   0.91054976 0.0771916 ]]
[[0.09756901 0.00093967 0.91227815 0.04351876]]
[[0.09983768 0.00121226 0.9079147  0.0765153 ]]
[[0.09632504 0.0011538  0.90767964 0.08278882]]
[[0.09195519 0.01800113 0.91820987 0.07604594]]
[[0.09867291 0.02328774 0.90772263 0.09008437]]
[[9.84875752e-02 7.83232281e-04 9.07097903e-01 2.68988361e-02]]
[[9.41976570e-02 6.38228737e-04 9.23215650e-01 1.16890736e-02]]
[[9.92598747e-02 8.69533037e-04 9.33731527e-01 7.82015608e-02]]
[[8.97785947e-02 8.56701776e-04 9.17112870e-01 3.54752243e-02]]
[[0.08904967 0.01308627 0.90190825 0.09771645]]
[[0.09190366 0.00666232 0.90994426 0.09947052]]
[[8.30040751e-02 7.78619201e-04 9.03717502e-01 3.95148293e-02]]
[[9.01265953e-02 5.90847834e-04 9.08878320e-01 3.21934712e-02]]
[[7.72317369e-02 6.36771439e-04 9.05603790e-01 4.37994651e-02]]
[[8.47548747e-02 8.79086883e-04 9.04914242e-01 8.57499696e-02]]
[[0.09629079 0.00093    0.90143369 0.03674765]]
[[8.63745369e-02 7.70589393e-04 9.06599595e-01 2.87347119e-02]]
[[8.10131411e-02 7.75437042e-04 9.06255472e-01 6.03200053e-02]]
[[8.98083793e-02 7.63258540e-04 9.10216752e-01 3.13901314e-02]]
[[0.09962381 0.00169033 0.90492964 0.06861902]]
[[9.24538807e-02 6.99401569e-04 9.06141725e-01 9.52107779e-03]]
[[0.09806245 0.00110003 0.91236877 0.08937175]]
[[9.88874871e-02 6.30223733e-04 9.42890766e-01 4.75905635e-02]]
[[9.78910288e-02 7.93319252e-04 9.20521561e-01 4.07183654e-02]]
[[9.85221463e-02 7.43753847e-04 9.07800045e-01 8.03892962e-02]]
[[0.09596571 0.00104524 0.90322756 0.06353431]]
[[8.13257962e-02 6.41582984e-04 9.06263346e-01 4.28770729e-02]]
[[9.72952050e-02 8.61695330e-04 9.11535208e-01 3.66114501e-02]]
[[9.27277230e-02 5.28582458e-04 9.23483300e-01 1.04828658e-02]]
[[0.09224366 0.00128551 0.90409174 0.08059445]]
[[9.63372833e-02 8.53384443e-04 9.24308980e-01 9.46184745e-02]]
[[9.04486192e-02 8.67256099e-04 9.06196298e-01 5.86729750e-02]]
[[0.0949401  0.00113899 0.90947857 0.099287  ]]
[[8.19253879e-02 6.99902266e-04 9.16338115e-01 7.31032840e-02]]
[[0.09902774 0.01407946 0.92091721 0.0765383 ]]
[[0.09577632 0.01949252 0.93208378 0.08865295]]
[[9.09762783e-02 8.15175025e-04 9.00915263e-01 3.41625877e-02]]
[[8.44643974e-02 7.84874772e-04 9.08278236e-01 8.76216716e-02]]
[[9.38164093e-02 7.36589079e-04 9.24537838e-01 5.16642768e-02]]
[[0.09553761 0.00106294 0.90183269 0.07224883]]
[[0.09716045 0.0129798  0.9004864  0.08854608]]
[[0.08714056 0.00145663 0.9010659  0.05479848]]
[[9.20491165e-02 7.28342509e-04 9.08415973e-01 2.36487555e-02]]
[[8.03363017e-02 6.87341137e-04 9.04395255e-01 6.96794593e-02]]
[[0.07712104 0.0081196  0.907897   0.07051955]]
[[0.09731079 0.00432695 0.92598397 0.0711193 ]]
[[9.60668481e-02 8.74744734e-04 9.12864698e-01 5.90346613e-02]]
[[9.66162946e-02 6.56978837e-04 9.22077216e-01 2.33725895e-02]]
[[0.09043314 0.00470229 0.90478777 0.05567151]]
[[0.09334522 0.00105083 0.9005044  0.06428412]]
[[9.36682076e-02 7.49897598e-04 9.04230472e-01 1.75982894e-02]]
[[0.09085373 0.00109652 0.90659771 0.08901434]]
[[8.48260011e-02 7.44634475e-04 9.14078578e-01 6.77931291e-02]]
[[9.83687864e-02 6.56666543e-04 9.40092272e-01 4.94282197e-02]]
[[0.09937253 0.00118546 0.92710805 0.06881361]]
[[0.08910219 0.00654153 0.90513059 0.09799661]]
[[9.40593968e-02 8.75904726e-04 9.14757932e-01 9.42634553e-02]]
[[0.09987255 0.00100974 0.90245876 0.05125837]]
[[0.09283854 0.00091928 0.90318044 0.07747151]]
[[0.09730225 0.00100068 0.90586016 0.0325567 ]]
[[0.0984424  0.00098354 0.91769278 0.08251789]]
[[0.09488171 0.00110249 0.90917433 0.09696592]]
[[0.08891493 0.00132754 0.90251202 0.07922452]]
[[0.08895958 0.00131403 0.90627683 0.06651427]]
[[0.09755888 0.00161551 0.90362701 0.08533351]]
[[9.02848713e-02 7.53259356e-04 9.06830875e-01 3.14675613e-02]]
[[0.0814111  0.02121455 0.90230146 0.07570123]]
[[8.98968559e-02 5.80454059e-04 9.06203741e-01 1.77560985e-02]]
[[0.09576567 0.000919   0.90930024 0.05321739]]
[[0.09972233 0.01206701 0.91167778 0.08759675]]
[[0.09812873 0.00162559 0.90686597 0.08018891]]
[[0.0975735  0.00684417 0.90455944 0.06268943]]
[[9.04683094e-02 5.79754054e-04 9.10609250e-01 2.26847581e-02]]
[[9.40479765e-02 8.28606481e-04 9.16056405e-01 3.78297538e-02]]
[[0.08880632 0.00091814 0.91162362 0.05459564]]
[[0.09053392 0.00155769 0.90872975 0.05457812]]
[[0.09848866 0.00110738 0.90074108 0.04446785]]
[[7.34035563e-02 6.49696985e-04 9.05642892e-01 6.60791458e-02]]
[[0.09450879 0.00096337 0.9046872  0.06656305]]
[[0.09886775 0.00109618 0.91249384 0.07237588]]
[[0.07912568 0.00240988 0.91265077 0.08347556]]
[[0.08710605 0.00758495 0.9110836  0.06266626]]
[[0.09794166 0.00266989 0.91422797 0.09681667]]
[[0.09855835 0.00179064 0.92111927 0.07314773]]
[[9.47789088e-02 7.02294086e-04 9.23765052e-01 5.83116288e-02]]
[[0.09263192 0.00252244 0.90510628 0.06940962]]
[[0.09815471 0.0013288  0.90943015 0.09845799]]
[[9.45420378e-02 6.86033075e-04 9.20113565e-01 5.75694453e-02]]
[[0.09740791 0.00124923 0.90371786 0.07406082]]
[[9.82754253e-02 6.99143902e-04 9.31786608e-01 5.89030089e-02]]
[[0.09120432 0.00134764 0.90710184 0.08599136]]
[[0.09826222 0.00324405 0.91538411 0.08904311]]
[[0.09398139 0.00094785 0.9025212  0.06549182]]
[[9.46330244e-02 7.32829874e-04 9.29034311e-01 2.93614020e-02]]
[[0.09710265 0.00120195 0.90904532 0.05239189]]
[[9.66741594e-02 6.16027864e-04 9.47381006e-01 9.11627420e-02]]
[[0.09379569 0.00100984 0.90694133 0.07054537]]
[[0.09093023 0.0010617  0.90361502 0.08418457]]
[[9.30889069e-02 6.44615657e-04 9.18393821e-01 2.46236627e-02]]
[[9.77827165e-02 6.28769360e-04 9.28555436e-01 1.54793500e-02]]
[[0.09920842 0.00097732 0.9266447  0.08902464]]
[[0.09729727 0.00193559 0.90151963 0.09617786]]
[[0.08413667 0.00169784 0.90146721 0.08295169]]
[[0.08899771 0.00104467 0.91246244 0.05933352]]
[[0.0845167  0.00106424 0.90768204 0.08779565]]
[[0.09900301 0.01210234 0.90978989 0.09571957]]
[[0.09995489 0.00102166 0.90008081 0.02727202]]
[[0.09625839 0.00229709 0.93810515 0.08017874]]
[[0.09900691 0.00110267 0.9043074  0.0635066 ]]
[[9.92977214e-02 6.24359451e-04 9.36301727e-01 1.92681072e-02]]
[[9.69657370e-02 7.82670689e-04 9.07521242e-01 7.43260659e-02]]
[[0.09109717 0.00137968 0.91564726 0.05408574]]
[[9.91781915e-02 8.92734925e-04 9.21810235e-01 3.15667972e-02]]
[[7.31263693e-02 7.31134326e-04 9.03648448e-01 9.78345754e-02]]
[[0.09835286 0.00117998 0.90189154 0.05139616]]
[[0.09241422 0.00094813 0.90149699 0.07960762]]
[[0.09860023 0.02194329 0.90034915 0.095517  ]]
[[0.09997395 0.00114534 0.91082004 0.07544272]]
[[9.74609735e-02 6.91002955e-04 9.05773848e-01 4.47091602e-02]]
[[9.76346177e-02 6.51846825e-04 9.07369228e-01 2.93704943e-02]]
[[8.66249504e-02 7.75125551e-04 9.14852840e-01 5.65745456e-02]]
[[0.0975333  0.00124462 0.91852429 0.08917164]]
[[9.26718853e-02 8.48975380e-04 9.07323762e-01 4.10346194e-02]]
[[8.83679734e-02 7.39873219e-04 9.17784626e-01 4.13968278e-02]]
[[0.0988813  0.00097685 0.92549346 0.07418747]]
[[0.09377487 0.00147681 0.91996765 0.06068477]]
[[0.09453529 0.02203541 0.910352   0.07393682]]
[[0.09959781 0.00109346 0.90581168 0.07375904]]
[[0.08656934 0.00126372 0.90548956 0.03913608]]
[[9.36135662e-02 6.60766859e-04 9.35718869e-01 3.59900964e-02]]
[[0.09474655 0.00237202 0.90604455 0.07869187]]
[[9.09407647e-02 5.85766052e-04 9.31608054e-01 2.57367918e-02]]
[[9.14755857e-02 8.01965363e-04 9.17678101e-01 8.43593187e-02]]
[[8.17770003e-02 7.47760124e-04 9.00609431e-01 4.85565767e-02]]
[[9.00679542e-02 8.37535443e-04 9.06492215e-01 5.59909993e-02]]
[[9.46313317e-02 8.24669885e-04 9.10823121e-01 4.19286819e-02]]
