[[-7.93203887  9.22288005 13.2560391 ]]
[[ 9.75136835 -7.91303165 12.70948058]]
[[-0.50451312 21.25075003 -6.92306874]]
[[-7.89886748 10.81779569 11.62791217]]
[[16.30605813  6.11154281 -7.89517174]]
[[14.32298621 -7.93289262  8.1701094 ]]
[[-7.9378282   9.55297379 12.93138119]]
[[15.6058126  -7.86465889  6.87418871]]
[[21.33321646 -3.14135504 -4.35717119]]
[[14.45766874  7.99071905 -7.90403498]]
[[ 7.88667943 14.57227769 -7.92128516]]
[[-7.92743536  9.33602254 13.1392774 ]]
[[10.57165963 -7.94754202 11.91217721]]
[[ 8.11474178 14.36251013 -7.91990518]]
[[ 5.17477712 -7.87866917 17.22355931]]
[[-7.88910418 10.31882402 12.12342079]]
[[13.64536378  8.82784676 -7.93059168]]
[[ 8.00150052 14.44595408 -7.88818947]]
[[-1.58529388 21.31250082 -5.89658567]]
[[ 8.50105003 -7.89829202 13.9679569 ]]
[[11.36414533 -7.93691184 11.10797115]]
[[ 8.72386785 13.70882112 -7.88719456]]
[[12.98515705  9.49266031 -7.93460028]]
[[-3.09069782 -4.40945578 21.33533308]]
[[21.31923273 -3.14728051 -4.33710817]]
[[-7.87860697 11.58571362 10.84574646]]
[[10.23678291 12.21787798 -7.90980338]]
[[12.16060059 -7.93060017 10.30912147]]
[[-7.93404137 11.01230826 11.45967409]]
[[-7.84820092 10.76414269 11.63878436]]
[[10.99405411 11.45448839 -7.90180963]]
[[21.33889721 -3.8893539  -3.61472128]]
[[-7.86297088 12.53060195  9.890544  ]]
[[-7.90246424 13.89470818  8.55283929]]
[[11.14096747 -7.92886766 11.32278011]]
[[-7.87602922 14.56801905  7.91266219]]
[[-7.94753892 12.53218043  9.9520665 ]]
[[-7.92469677 12.46836798 10.00125046]]
[[12.54053164  9.90419864 -7.88842925]]
[[-7.93021557 10.30117093 12.16642088]]
[[-4.65406507 21.31785567 -2.82925161]]
[[-7.91793961  9.60072293 12.86948422]]
[[ 8.12030056 14.37101643 -7.92771169]]
[[11.56878092 -7.85569613 10.83887372]]
[[-7.92198579 10.8788381  11.58427914]]
[[-7.9452232  11.05335747 11.42630135]]
[[-5.23669602 -2.24932402 21.31968051]]
[[10.5717273  -7.88211525 11.86647343]]
[[14.3101315  -7.88069061  8.14226603]]
[[15.95403506  6.52734174 -7.84703266]]
[[-7.93409681  9.56929668 12.90860954]]
[[-7.90429765  8.36141266 14.09877614]]
[[-7.93366326  9.42390093 13.06069043]]
[[10.89209943 -7.89792457 11.55511553]]
[[ 9.73414957 -7.91957531 12.72547961]]
[[21.33044103 -4.21913438 -3.2757576 ]]
[[-7.92400818  8.98582713 13.48317857]]
[[ 9.56633794 12.89789647 -7.91433834]]
[[-7.93653139 10.18764306 12.28533544]]
[[-4.86514523 21.33711656 -2.63821001]]
[[15.1990666   7.26718047 -7.89571122]]
[[ 9.95225653 12.53002305 -7.94546524]]
[[12.41735362 10.05365108 -7.93220732]]
[[-7.88592842  6.96818869 15.51613967]]
[[11.14882762 -7.84693599 11.24964028]]
[[ 9.44468885 13.02560051 -7.92604101]]
[[14.29262643  8.14626015 -7.88772362]]
[[-7.94677768  9.78553607 12.7000407 ]]
[[11.9030021  -7.80789683 10.45081438]]
[[10.93690714 -7.91598598 11.52305298]]
[[21.33384889 -5.38911531 -2.11140863]]
[[ 6.82802094 15.71298097 -7.80593994]]
[[17.5791366  -7.88119841  4.82363669]]
[[-7.90209094 11.47917273 10.97208668]]
[[11.40409019 -7.92308337 11.05828422]]
[[ 8.86124533 13.60489916 -7.90807979]]
[[12.12508549 -7.90063428 10.32330165]]
[[-7.9247157   8.94123748 13.52808171]]
[[13.82455726  8.65117968 -7.93331279]]
[[ 9.07044985 13.40210395 -7.92562554]]
[[-7.84625822 11.07900093 11.3193754 ]]
[[10.65553778 11.81477463 -7.93553461]]
[[14.01801627  8.43508357 -7.88627552]]
[[10.66883185 11.79632672 -7.9261314 ]]
[[ 9.54593388 12.91170749 -7.91426638]]
[[ 8.52974879 -7.93120087 13.94518793]]
[[10.45599038 -7.91183147 11.99565498]]
[[-4.35969842 -3.13959345 21.33382071]]
[[21.30696593 -1.50221746 -5.97481765]]
[[-4.57909069 21.34414921 -2.93023714]]
[[12.74282042  9.74074029 -7.94024389]]
[[ 7.33835159 -7.88063355 15.09474212]]
[[-1.32911362 -6.16519897 21.32201399]]
[[14.08394347 -7.91721175  8.39829132]]
[[ 8.09337671 -7.92145701 14.36953456]]
[[14.15084009  8.27807592 -7.8619007 ]]
[[11.91038046 10.55247001 -7.92441387]]
[[10.26512613 12.2189759  -7.94671962]]
[[12.37757863 10.0824489  -7.92117158]]
[[-7.92143785  8.28411119 14.17505073]]
[[12.96413783  9.50420378 -7.91682069]]
[[-7.93121357 10.67500432 11.79287095]]
[[-2.34930712 -5.12835402 21.31085322]]
[[11.45071521 10.99733305 -7.90498998]]
[[ 0.46548247 20.99393615 -7.57527816]]
[[10.23665918 12.22729241 -7.92044008]]
[[12.20563602 -7.84839082 10.19835889]]
[[14.89209551 -7.90194312  7.55608206]]
[[10.30132153 -7.82907337 12.07701467]]
[[-4.02035529 21.32867844 -3.47303464]]
[[14.78476248 -7.89006539  7.68274508]]
[[10.65615079 11.80334438 -7.9219087 ]]
[[-7.94392601 11.87817404 10.60084593]]
[[15.64422049  6.88294201 -7.72642812]]
[[ 8.1748081  14.29567422 -7.89347293]]
[[12.02712601 10.42461054 -7.91088778]]
[[-7.91129926  9.41882612 13.04223636]]
[[-7.82540863 10.75584624 11.62020934]]
[[-7.88413598  8.34509417 14.10612707]]
[[-7.90209524 10.74277159 11.71094818]]
[[11.63052226 10.70073811 -7.78697965]]
[[ 8.25195454 14.18408399 -7.88515952]]
[[12.7380154  -7.9287088   9.73330594]]
[[10.66732878 11.76597646 -7.8862272 ]]
[[21.31675345 -1.2293206  -6.25921225]]
[[-7.88646262  8.69647266 13.73956945]]
[[-7.64320689 10.14815113 12.01695238]]
[[ 7.90108945 14.55399265 -7.89584118]]
[[-7.92638771 10.13898357 12.32842125]]
[[10.59114188 11.87497299 -7.92523108]]
[[ 6.96916062 -7.87995745 15.45787113]]
[[14.96536904 -7.87348049  7.5141417 ]]
[[13.560792    8.91469575 -7.92239952]]
[[-7.92591664  9.18987849 13.28223492]]
[[10.91421255 11.51105317 -7.86935368]]
[[ 9.02829058 13.44501942 -7.93506146]]
[[-7.90297086  8.78885427 13.66467476]]
[[10.96395041 -7.91111143 11.48829771]]
[[11.03955031 -7.85757364 11.37308488]]
[[21.33669985 -2.8860032  -4.61633162]]
[[-7.92856264 11.6669355  10.79949431]]
[[-7.94880759 12.07372888 10.41420389]]
[[18.0875062   4.30142462 -7.90519642]]
[[-7.92562541  8.67976842 13.79330525]]
[[-7.86413235 10.75125629 11.65674345]]
[[-7.91025732  9.99809185 12.45280886]]
[[ 6.02671193 -7.88564028 16.38489704]]
[[ 9.3076942  -7.86273866 13.11392565]]
[[-7.93983628 11.18140811 11.29372983]]
[[ 8.50514416 -7.86333626 13.92012948]]
[[10.16045766 12.31771695 -7.93823871]]
[[10.90676444 11.47377143 -7.8301203 ]]
[[-7.89309458  6.0710611  16.34654047]]
[[-7.93207927  9.60065039 12.87056676]]
[[11.86014991 -7.8385301  10.53169262]]
[[14.30034739 -7.88765813  8.13531063]]
[[ 7.17912489 15.13347177 -7.595582  ]]
[[-7.93121411 10.94584795 11.52233473]]
[[10.50555256 11.94068185 -7.89265807]]
[[-7.93452135 10.52688609 11.9469554 ]]
[[-7.92917833 11.18608556 11.28068652]]
[[-7.9281891  10.78095587 11.68559557]]
[[21.30435554 -2.99333483 -4.47748705]]
[[ 9.86358477 12.6234927  -7.94837638]]
[[-7.87468373 11.35132368 11.07660999]]
[[-4.65009705 -2.8199448  21.30330206]]
[[-7.92290254  8.56635446 13.89692049]]
[[-7.9182366  11.43425066 11.0236337 ]]
[[-7.92001856  8.57763339 13.89621128]]
[[-4.77095497 -2.7296873  21.33430178]]
[[10.64630858 -7.92198783 11.8168706 ]]
[[18.43746572 -7.8936078   3.93596114]]
[[ 8.6718838  -7.56247079 13.41397473]]
[[11.22657302 11.21274514 -7.88698612]]
[[ 7.6337208  -7.83574615 14.77713336]]
[[-2.58696528 -4.91089439 21.33140005]]
[[-7.84076192 14.46194766  7.94275845]]
[[ 8.26412313 -7.90434128 14.18331617]]
[[-7.8747192  13.13546929  9.29675363]]
[[10.73055319 11.69987924 -7.87734037]]
[[-7.91956086 10.86483988 11.59378977]]
[[-7.89465767  7.76077052 14.72616173]]
[[-7.83613238 15.16256984  7.3099779 ]]
[[-7.91237901 12.29532181 10.16484275]]
[[11.01502319 11.44746149 -7.92238481]]
[[13.80441221  8.65881677 -7.90445051]]
[[ 8.38694221 -7.90308082 14.08039759]]
[[10.19392998 -7.89960143 12.2567918 ]]
[[ 8.18798377 14.25780845 -7.90279434]]
[[ 9.52376554 -7.88687502 12.91646407]]
[[-7.89883716 15.01477162  7.46025668]]
[[-7.94519836 10.08309636 12.40171163]]
[[10.3645073  -7.93541933 12.10586896]]
[[-7.85873395 13.47436589  8.93967565]]
[[-7.93059412  9.99198627 12.48133625]]
[[-1.58777742 21.32968579 -5.9117758 ]]
[[-7.43072844  0.1627886  21.11390596]]
[[11.17903373 11.29674626 -7.93965618]]
[[11.76748409 -7.86043904 10.64796141]]
[[10.12030396 -7.92862128 12.35005611]]
[[-3.75619584 21.33205826 -3.7409244 ]]
[[13.85605406  8.61360669 -7.92961714]]
[[14.27517355  8.17212352 -7.88073422]]
[[ 4.63082302 17.77265491 -7.90628054]]
[[-3.36896055 21.3040042  -4.10137841]]
[[-7.90311244 14.4007023   8.07275342]]
[[-7.91380231 12.17232728 10.28626424]]
[[ 3.80142286 -7.88144604 18.55571525]]
[[15.37732295 -7.84088449  7.12002649]]
[[-3.03274915 -4.46121958 21.32875709]]
[[12.8984168   9.58826315 -7.94131624]]
[[ 6.51302572 15.91405216 -7.88466329]]
[[-7.93508184  9.61565188 12.85568782]]
[[14.83692352 -7.89375915  7.62839745]]
[[21.33060702 -5.91745462 -1.5829088 ]]
[[13.94837648  8.50996249 -7.91460073]]
[[-7.44762129  7.30533674 14.81852087]]
[[13.17654748 -7.86048932  9.24190879]]
[[11.37160656 11.09361536 -7.92820695]]
[[-7.9086213  13.09808278  9.35537008]]
[[-7.93260875 12.31230303 10.15756786]]
[[-7.88824997 13.77111457  8.68282476]]
[[14.30086787 -7.90895218  8.14491337]]
[[ 8.79117892 -7.93141232 13.68085664]]
[[12.84625809 -7.79285328  9.4943049 ]]
[[11.61278445 -7.75972937 10.68604871]]
[[-7.86023776  7.26821162 15.21030637]]
[[16.72227629 -7.87303798  5.70437607]]
[[17.60168909 -7.88836425  4.80301188]]
[[ 8.63909664 13.8181027  -7.90431549]]
[[-7.91702918  4.34457557 18.05796909]]
[[-7.93593808 13.70079608  8.77554634]]
[[13.72721283  8.73414623 -7.91472075]]
[[12.84451226 -7.93037687  9.63049906]]
[[15.1427053   7.36810421 -7.90546821]]
[[13.20717563 -7.93522141  9.27321065]]
[[11.9148199  -7.91069319 10.53957769]]
[[-7.76711632  6.34527977 16.14210723]]
[[ 9.40139834 -7.84300616 12.99653978]]
[[11.8156367  10.63742334 -7.90942917]]
[[ 9.54410181 12.91963727 -7.90642891]]
[[-7.94107313 11.56960503 10.90594012]]
[[10.39983602 12.08277578 -7.94752906]]
[[21.32830017 -2.78667469 -4.70652796]]
[[21.3195862  -2.25465588 -5.23168977]]
[[-7.92737369  8.92862841 13.54306879]]
[[21.33710918 -4.17023056 -3.33178571]]
[[12.51591349 -7.8643137   9.90514125]]
[[-7.89787494 11.70173963 10.7450387 ]]
[[ 8.96133217 -7.93741471 13.52490731]]
[[10.09679974 -7.87565798 12.3315488 ]]
[[-7.93296937  9.66473185 12.81138711]]
[[-7.91354997 13.85339651  8.61660054]]
[[10.33255964 -7.93918276 12.1434772 ]]
[[12.11036434 -7.92760846 10.35711917]]
[[-7.93376665 12.33868206 10.1333527 ]]
[[ 8.93835119 -7.89448956 13.50186628]]
[[10.78905097 11.65898359 -7.90492044]]
[[12.62011824 -7.93478267  9.85112531]]
[[-7.83570941  9.5694106  12.82063722]]
[[10.16954582 12.28362102 -7.91327063]]
[[14.07090956 -7.92885334  8.39432109]]
[[-7.84432138  9.37339568 13.02469983]]
[[13.062799   -7.86904537  9.36654543]]
[[-7.93261275 13.3181415   9.15897051]]
[[-7.91647925 13.44759469  9.01401912]]
[[11.8358402  -7.86406127 10.57875118]]
[[ 9.77408674 12.63312949 -7.85144853]]
[[-2.82759514 -4.66851093 21.33109992]]
[[13.66399714  8.77961864 -7.89036082]]
[[12.90189873 -7.92311972  9.57231672]]
[[-7.85160697 11.91177321 10.49348465]]
[[12.18593499 -7.8598567  10.22883375]]
[[-7.89336367  8.68582202 13.75758603]]
[[11.84701961 -7.93449926 10.6262632 ]]
[[15.53952681  6.95222897 -7.86884706]]
[[-7.90899623 10.44912792 12.00347221]]
[[10.73843632 -7.89645697 11.70082051]]
[[17.8748738   4.52859372 -7.9095141 ]]
[[13.21508378  9.26513024 -7.93605997]]
[[ 9.48705573 -7.93539089 12.99473575]]
[[-7.93017724  9.55484077 12.91713882]]
[[-5.51233963 -1.97316755 21.31808468]]
[[-7.9339744  11.25625948 11.21370531]]
[[-7.86097433 13.75131042  8.67239453]]
[[12.74962869  9.72383864 -7.93285364]]
[[-7.92678355  8.70768205 13.76371035]]
[[16.05328128 -7.89005507  6.35945884]]
[[-7.94270732 11.25810335 11.21922581]]
[[ 8.60995519 13.85826063 -7.91696037]]
[[11.52452223 10.96720827 -7.95697072]]
[[ 9.01784818 13.43467312 -7.89307826]]
[[14.3553841   8.14120387 -7.92286921]]
[[-7.94032263  9.74299699 12.73587278]]
[[-4.51768261 21.33758223 -2.98495116]]
[[ 9.30669285 13.16382437 -7.91568803]]
[[ 9.56341147 12.92085087 -7.93802942]]
[[-7.87950339  6.66830253 15.74949432]]
[[-7.91022183 14.50958917  7.93935155]]
[[12.1564368  -7.81094926 10.20338172]]
[[16.01639765  6.48010204 -7.80447579]]
[[11.19085449 11.25843564 -7.901953  ]]
[[13.68924709 -7.93339666  8.7909119 ]]
[[ 8.24959379 14.22372138 -7.91330875]]
[[11.96393185 10.43504013 -7.84551382]]
[[11.74117701 -7.92303937 10.72408666]]
[[10.58749003 -7.86153263 11.83129481]]
[[13.43286962  8.9668017  -7.84797696]]
[[11.96881903 -7.95791686 10.53012664]]
[[10.04701481 -7.9377323  12.42899728]]
[[-7.93582438 14.07949202  8.40079829]]
[[-1.81062494 -5.68572795 21.32876897]]
[[ 7.64537415 14.79608379 -7.88848152]]
[[15.44321083  7.03733685 -7.90148603]]
[[-1.02305727 -6.43344848 21.28173918]]
[[-7.94197804 12.91383098  9.57222843]]
[[-2.91885328 -4.58880352 21.34191247]]
[[15.24031255  7.27129115 -7.91409649]]
[[-7.93591822 13.07981721  9.40237061]]
[[-7.89535703  6.32820994 16.08987387]]
[[-7.93699478 10.87477576 11.5989819 ]]
[[ 8.07521671 14.39613364 -7.92673795]]
[[-1.66231625 -5.83812183 21.33158746]]
[[10.38206045 12.08487001 -7.92210975]]
[[-7.89124593 10.0620011  12.37386609]]
[[-2.2266479  -5.24678633 21.30588775]]
[[-7.93997234 12.21955747 10.25677477]]
[[-7.9356441   8.96483185 13.51244885]]
[[11.28471979 11.05102277 -7.79144299]]
[[13.70413003  8.63400057 -7.78814666]]
[[-3.83139354 21.32026832 -3.65432434]]
[[-4.60750691 21.3207584  -2.8786729 ]]
[[12.44971203 -7.94264022 10.03013865]]
[[11.96919588 -7.74377059 10.31212451]]
[[ 8.99276661 -7.90561835 13.46313359]]
[[11.50382728 10.7909466  -7.75594715]]
[[-7.91012909 11.30506257 11.1457251 ]]
[[-4.95742066 21.33885176 -2.54702743]]
[[-7.9090641  11.13969342 11.31033721]]
[[-7.8897491  14.0852492   8.35331861]]
[[11.27660653 -7.91771744 11.18508187]]
[[12.98110043 -7.86852239  9.44614522]]
[[11.77139196 -7.82641609 10.60699562]]
[[13.59819664 -7.93683484  8.87659889]]
[[11.94927354 10.49273388 -7.89788126]]
[[21.33154169 -2.01066849 -5.48747668]]
[[-7.93398984 12.93162296  9.54407936]]
[[11.84650814 -7.9075659  10.6068602 ]]
[[13.65312104  8.71340302 -7.81185859]]
[[ 9.84307288 12.58563934 -7.87807352]]
[[ 9.30810925 13.17174693 -7.93561569]]
[[12.91903947  9.54756907 -7.92378097]]
[[-7.87881726 15.45084593  6.9572804 ]]
[[ 7.71208271 14.74058628 -7.91042441]]
[[13.464628    9.00045235 -7.9072183 ]]
[[10.78004202 11.61561891 -7.84121303]]
[[-5.2318685  -2.25988168 21.32604864]]
[[ 7.70677427 14.76469608 -7.89875203]]
[[-7.85392568 16.11963248  6.35774495]]
[[ 9.58376091 -7.92213338 12.88478424]]
[[15.29436169 -7.88220687  7.24493838]]
[[10.9484336  -7.82712647 11.42936838]]
[[21.34382556 -1.89825513 -5.61341217]]
[[12.98973642 -7.9374069   9.48803614]]
[[14.99836385  7.43040678 -7.83824778]]
[[21.32180827 -2.62856936 -4.85866657]]
[[15.28852373  7.16230144 -7.86975033]]
[[13.13322834  9.32376662 -7.90448948]]
[[13.74993466  8.73599399 -7.92588262]]
[[ 8.0361531  14.41116417 -7.9087055 ]]
[[ 8.39305876 -7.8950277  14.04441471]]
[[13.62177326 -7.92697528  8.85247848]]
[[15.66213628 -7.89811252  6.76515233]]
[[-7.88840555 12.18824274 10.2493936 ]]
[[15.90066598 -7.8500888   6.58193021]]
[[20.083905    2.0909968  -7.91471474]]
[[10.14448934 12.32287009 -7.92193266]]
[[12.10858667 -7.93452302 10.36182371]]
[[ 9.8984068  -7.86156597 12.51143411]]
[[-7.92934112 12.22044444 10.25014947]]
[[10.95045877 11.49204329 -7.88874824]]
[[11.77052425 -7.92837024 10.69614977]]
[[-7.86427365 13.55421967  8.87239469]]
[[ 6.95502468 15.48716103 -7.90192547]]
[[ 8.77010941 13.70611252 -7.93628626]]
[[10.83093377 11.64919227 -7.94392701]]
[[-7.92255348 11.20950075 11.25122052]]
[[11.62769765 -7.92134516 10.83285038]]
[[ 9.05149273 -7.90450417 13.41263038]]
[[ 8.2212032  -7.93518692 14.27457564]]
[[-4.4971374  21.3169786  -2.98548561]]
[[12.37758433 -7.75689905  9.91870997]]
[[12.16551334 -7.90855382 10.2933569 ]]
[[ 6.67102704 15.82813197 -7.85825309]]
[[12.0289094  -7.86253864 10.3894044 ]]
[[13.9920989   8.0436061  -7.49002668]]
[[13.58478863  8.89203978 -7.92722531]]
[[ 9.73287781 12.73481151 -7.92947815]]
[[-7.88957531 15.63642585  6.78791293]]
[[11.36890361 -7.8981033  11.07518128]]
[[14.65256555  7.78724021 -7.88899649]]
[[-4.35457017 21.33751159 -3.14762058]]
[[12.79079361  9.67899463 -7.92553795]]
[[13.11875672 -7.93022988  9.35442474]]
[[ 9.06845005 -7.9277999  13.40251102]]
[[11.78729651 -7.9440541  10.69354401]]
[[ 4.92735809 -7.90166719 17.48180929]]
[[-3.59530057 21.32704795 -3.89682726]]
[[12.25790601 10.23529125 -7.9565866 ]]
[[10.53051695 -7.92522091 11.93312137]]
[[-7.91571211 20.26695754  1.8439295 ]]
[[-7.93059973  8.62402673 13.8528109 ]]
[[10.15088217 -7.94630705 12.33087362]]
[[-7.86755694 12.55939114  9.86372219]]
[[11.37290018 -7.83882487 11.01911943]]
[[12.29910712 -7.92929714 10.16996769]]
[[-3.15777402 21.33990048 -4.34677121]]
[[ 9.15553703 -7.93122302 13.32212367]]
[[14.22675582  8.25682874 -7.92887233]]
[[-7.93339052  9.9135511  12.55823103]]
[[-7.92567563  8.63377837 13.83407055]]
[[14.1031124  -7.88431048  8.33986792]]
[[11.94157424 10.26239669 -7.6777735 ]]
[[11.13487951 11.26619961 -7.8457568 ]]
[[-7.92749359 10.7223827  11.7455942 ]]
[[-7.91825262 15.22126331  7.25913261]]
[[-7.9350005   8.56861953 13.91252026]]
[[-7.9374058  11.43718116 11.03538951]]
[[11.02502083 11.4534251  -7.94346486]]
[[13.98083485 -7.92262046  8.48504361]]
[[13.86040397  8.61050102 -7.92680613]]
[[-7.84944746 13.32502054  9.08188442]]
[[21.32235924 -3.64879295 -3.83895558]]
[[10.67415279 11.80547527 -7.9441588 ]]
[[12.80528722 -7.92747452  9.66842629]]
[[ 6.93034117 15.50392864 -7.89850543]]
[[ 9.25837303 -7.92961858 13.22009299]]
[[-7.91992891 12.08051345 10.38350744]]
[[11.193389   -7.85920515 11.22041505]]
[[12.71696957 -7.82443543  9.66059024]]
[[ 9.71850829 -7.90672465 12.74344445]]
[[-7.84964105 11.01616781 11.38820745]]
[[13.38941088  9.08416893 -7.92845752]]
[[13.55806172 -7.92565298  8.91953296]]
[[21.34170999 -3.58982419 -3.91716656]]
[[-7.92838047 10.91920281 11.54660216]]
[[-7.93857963 12.83900819  9.6348799 ]]
[[12.4615234   9.99918544 -7.9109225 ]]
[[14.56749013  7.86883941 -7.90173294]]
[[10.06131783 12.39495576 -7.90215841]]
[[12.31091392 10.15934135 -7.92101614]]
[[12.94794832  9.48326571 -7.87691667]]
[[12.46404521 10.01075463 -7.93225135]]
[[12.67521042  9.81367125 -7.95018941]]
[[10.96949225 11.509831   -7.94292873]]
[[-7.92901251 13.1422062   9.32536305]]
[[11.92279844 10.54039949 -7.91736137]]
[[12.43377917 -7.91882792 10.0310155 ]]
[[-7.93986319  9.48535487 12.99183394]]
[[14.03955476  8.40325579 -7.89786088]]
[[-7.9310502   9.59775336 12.8776786 ]]
[[13.44032634 -7.92353402  9.03072803]]
[[21.34208557 -4.59252518 -2.91484295]]
[[-5.35940538 -2.11721551 21.30911191]]
[[-7.88750164 16.43158403  5.97649826]]
[[ 9.75212696 12.75028366 -7.96314681]]
[[12.01189542 -7.93683213 10.46069651]]
[[-7.95426374 11.43773965 11.05135278]]
[[11.80797553 10.62246658 -7.87430252]]
[[13.54907584  8.89137614 -7.89365331]]
[[21.32154684 -3.95070266 -3.53546504]]
[[12.81973918  9.61345596 -7.88911329]]
[[ 8.95749638 -7.93938902 13.5208227 ]]
[[ 9.47795331 -7.93419998 13.00408162]]
[[14.79229252 -7.88410915  7.67706451]]
[[ 6.71246986 -7.78097687 15.81002338]]
[[ 7.77043954 -7.91663966 14.68298613]]
[[12.66121426  9.79917708 -7.91926604]]
[[ 5.6510303  -7.89914707 16.76531876]]
[[13.60691482  8.86804431 -7.93624296]]
[[10.97841593 11.48601697 -7.91856425]]
[[10.82249905 11.64184033 -7.92429132]]
[[-3.51404105 21.32132746 -3.9725261 ]]
[[21.3390623  -4.18478286 -3.31970708]]
[[13.31751709  9.15137099 -7.92395112]]
[[-7.94783522 10.34861178 12.13579137]]
[[12.77668577  9.59457343 -7.8189507 ]]
[[12.19675917 10.1905174  -7.83477152]]
[[13.82459518  8.6430855  -7.92188349]]
[[-4.74812874 -2.74647878 21.32878545]]
[[ 7.97860557 -7.91052487 14.50449292]]
[[21.32712911 -4.55953368 -2.9330229 ]]
[[13.06749909 -7.84108398  9.32822341]]
[[-4.66833349 -2.81226857 21.31462813]]
[[ 8.66719449 13.79670808 -7.91198456]]
[[12.42430078 -7.91974119 10.04298409]]
[[11.87472012 10.53687038 -7.85772052]]
[[12.9182319   9.5470596  -7.92486097]]
[[-7.66160051  7.34949549 14.9464182 ]]
[[-7.93945604 13.67123224  8.8235683 ]]
[[14.11504484  8.32503903 -7.88447348]]
[[-7.89024126  5.62621903 16.78817318]]
[[ 9.84179374 12.64668751 -7.94329116]]
[[11.30506717 -7.90315633 11.14461795]]
[[-7.93507722  9.26865783 13.20919221]]
[[-7.89702636  8.14596546 14.29010984]]
[[-7.94356986 11.55382046 10.92469667]]
[[11.86802713 10.60036624 -7.93117851]]
[[10.48013805 -7.92370553 11.98502938]]
[[-7.85758567  5.822035   16.61963473]]
[[-7.91216114  7.49478166 15.00937506]]
[[ 6.14343919 -7.86619055 16.31709385]]
[[13.31467309  9.15999287 -7.92490507]]
[[ 6.60689753 15.89631621 -7.76642492]]
[[13.30641483 -7.91023994  9.15200532]]
[[ 9.22909008 13.2276374  -7.90092223]]
[[ 8.99499098 -7.86879914 13.43372854]]
[[ 9.24201015 13.23804084 -7.93656726]]
[[11.34037481 -7.90854502 11.10895795]]
[[-7.89422486 10.96058165 11.48306468]]
[[-7.89974852 13.7397357   8.71174982]]
[[21.32802931 -4.24480834 -3.24813596]]
[[14.67768544  7.78913715 -7.92258436]]
[[10.99484122 -7.836566   11.38924332]]
[[-7.83214756 10.48409506 11.90055399]]
[[ 9.7229942  12.63993491 -7.81306451]]
[[10.59869544 -7.92332398 11.86106249]]
[[17.22738452  5.16962476 -7.87788042]]
[[21.31574569 -3.68952044 -3.79162424]]
[[13.26459199  9.21713639 -7.94244712]]
[[11.39054484 11.06130827 -7.90744985]]
[[ 9.77421985 12.69847484 -7.93348602]]
[[-1.30739137 21.3228191  -6.18629437]]
[[ 8.05335406 -7.92774349 14.4152074 ]]
[[10.62794923 11.82926762 -7.91902906]]
[[ 8.52071152 -7.88331497 13.92719739]]
[[ 9.36583128 13.0985371  -7.91220963]]
[[15.98914191 -7.89007959  6.42848214]]
[[-7.88597864 14.22626885  8.22924945]]
[[ 8.03046309 -7.9124002  14.43798085]]
[[12.23322588 -7.91673528 10.23228328]]
[[13.99724164 -7.9163187   8.48262799]]
[[12.63808691  9.82241433 -7.91739434]]
[[-3.78024771 -3.71510105 21.33034934]]
[[-7.93919592 13.03695595  9.44393635]]
[[10.12446013 -7.93190675 12.34835254]]
[[10.35220588 -7.92063475 12.11337874]]
[[-7.90077418 16.02144356  6.40079862]]
[[-7.93472139 13.59046016  8.88929733]]
[[ 8.10177724 -7.91754287 14.3972927 ]]
[[-7.94489715 10.81211469 11.66761567]]
[[-7.88887633 12.19971499 10.24448069]]
[[13.41695371 -7.93327396  9.05999372]]
[[-7.89472597 13.96475856  8.49509399]]
[[-7.88816893 14.29903742  8.13618074]]
[[12.6296163   9.84970211 -7.93994167]]
[[-4.74205047 -2.74504322 21.32160155]]
[[-7.86960378 10.0997786  12.32630041]]
[[12.01765031 10.4424271  -7.91849915]]
[[-5.36132083 -2.13982711 21.33461315]]
[[-7.89739969 14.18273648  8.26589021]]
[[13.48953848 -7.88648692  8.96167487]]
[[ 8.4646264  -7.88368447 13.96179822]]
[[-7.94504403 10.75494802 11.72568153]]
[[-7.85388031  6.05037629 16.37142863]]
[[-7.90763908  8.94973408 13.50354642]]
[[10.36881494 12.03705439 -7.8546607 ]]
[[12.18225268 10.2829696  -7.92532766]]
[[10.28442554 12.16642821 -7.90736678]]
[[-7.91401298 10.55070212 11.90671913]]
[[10.30326432 12.17557283 -7.94140582]]
[[ 8.6259865  -7.91147455 13.83382963]]
[[-7.93389189 12.66783925  9.80499981]]
[[ 9.95213884 12.47930857 -7.88551308]]
[[ 9.65954095 12.82857463 -7.94443082]]
[[-4.41941274 -3.06154199 21.31557312]]
[[13.4191585   9.06095062 -7.9392503 ]]
[[10.30339827 -7.89475465 12.14279038]]
[[ 7.89920777 14.55994411 -7.91821742]]
[[-3.59928731 -3.89775315 21.33233201]]
[[-7.84676586 10.63437996 11.76653786]]
[[10.81224912 -7.91874212 11.6490755 ]]
[[-7.93143938  9.95848426 12.5151685 ]]
[[10.14396132 12.26051072 -7.84902269]]
[[13.37229165 -7.89781975  9.07818221]]
[[-7.94080862 12.34486249 10.13175448]]
[[10.52638782 -7.94081712 11.95032708]]
[[10.96449927 11.49908811 -7.92581552]]
[[11.57426    -7.85002441 10.82657731]]
[[ 7.29299272 15.12496647 -7.83483645]]
[[-7.82833069 10.07589146 12.30426031]]
[[10.60071478 11.86455057 -7.92919011]]
[[-7.92635663 10.58747929 11.87657197]]
[[13.57478589  8.8958355  -7.91284577]]
[[-7.83650726  9.53131447 12.85261438]]
[[ 7.5076589  14.95166747 -7.91630294]]
[[11.66190843 -7.92319694 10.79930369]]
[[11.60253928 -7.9379662  10.87176925]]
[[ 7.55902763 -7.92589324 14.92436612]]
[[ 7.6487872  14.84252767 -7.92521755]]
[[14.28112928  8.16774628 -7.91012231]]
[[14.46909602 -7.88463696  7.956071  ]]
[[ 9.67430769 -7.91387498 12.78602527]]
[[11.87146402 10.49488422 -7.81712049]]
[[10.33245474 12.12222991 -7.9050146 ]]
[[12.89744612  9.57897851 -7.93369818]]
[[11.84706816 10.62197394 -7.92627035]]
[[-7.89332523  8.51155076 13.92529452]]
[[-7.92944272 11.64172263 10.82925722]]
[[13.49007915  8.94609645 -7.87776251]]
[[ 6.01303553 -7.83785321 16.39564119]]
[[ 7.74065294 14.73085919 -7.91248738]]
[[ 8.03637243 14.39460602 -7.88700915]]
[[11.8947713  -7.8549087  10.51376815]]
[[-7.92442155  8.9850895  13.48909876]]
[[-5.37811047 21.31357254 -2.10301826]]
[[10.35568708 12.12149634 -7.94113096]]
[[-7.85252879 11.31952394 11.08891161]]
[[12.70505342  9.7574135  -7.92097657]]
[[10.68770458 -7.91595202 11.773919  ]]
[[-7.93054336 12.31921118 10.15187522]]
[[11.67382097 10.78061003 -7.91581165]]
[[-7.92840546  2.86913432 19.44235094]]
[[14.14322418 -7.93687876  8.35088876]]
[[ 7.82370077 -7.8896984  14.61850699]]
[[12.22439069 -7.89222223 10.21457502]]
[[13.39026519  9.08173088 -7.92173582]]
[[ 7.72450239 -7.88816043 14.72439452]]
[[-7.89664975 12.80157058  9.64838739]]
[[-7.94825083 10.55358728 11.92979084]]
[[11.02742987 -7.84152204 11.36713544]]
[[10.55222403 -7.91925785 11.90408859]]
[[13.90931948 -7.93029989  8.56209418]]
[[10.61389683 11.7261367  -7.79633056]]
[[-7.94313164 12.61897949  9.86268988]]
[[17.47425797 -7.87516158  4.92401008]]
[[11.71862844 10.76324546 -7.94596219]]
[[13.74319556  8.72694698 -7.92571691]]
[[12.65569181  9.81013496 -7.92870318]]
[[12.06177278 10.33715819 -7.8438966 ]]
[[ 6.94300975 -7.88687962 15.47636248]]
[[10.08498931 12.39515702 -7.94333455]]
[[-7.93517529 10.17992451 12.29189949]]
[[10.00028007 12.45163417 -7.89634861]]
[[13.28612272  9.18740399 -7.92285476]]
[[ 9.99371852 -7.9187441  12.47254349]]
[[-7.91781718 11.34322571 11.11714325]]
[[13.99802455  8.44538421 -7.89536273]]
[[-7.87295539 12.0726587  10.34689535]]
[[13.13800674 -7.91096055  9.32586856]]
[[11.78882752 10.66853156 -7.91228638]]
[[13.70250089 -7.91804696  8.77480917]]
[[12.90468749 -7.92944155  9.56579499]]
[[15.31771648 -7.86377818  7.16873056]]
[[11.56475119 -7.83994413 10.82800601]]
[[14.53477273 -7.92561555  7.93626262]]
[[-7.92248702  9.78042304 12.68437163]]
[[-7.92506965 10.86897775 11.59407025]]
[[13.36767624 -7.93571429  9.1100662 ]]
[[-7.95184394 12.51650565  9.97513805]]
[[-4.01500929 -3.45895914 21.30810359]]
[[13.54349681  8.89430801 -7.87764498]]
[[11.09109583 -7.86415716 11.32410078]]
[[-7.9283298  10.43819925 12.02996781]]
[[14.74611285  7.69265718 -7.88810105]]
[[-7.87145154  5.55438168 16.85414055]]
[[12.77373314  9.70339369 -7.94214686]]
[[ 6.47488915 15.95373395 -7.88731853]]
[[11.3994226  -7.92977737 11.06762893]]
[[-7.92562483 11.17461179 11.28871657]]
[[-7.6490082  11.68434227 10.48688189]]
[[-7.92506636 14.68833872  7.78105422]]
[[21.34333349 -4.97493289 -2.53538443]]
[[-7.90181215 13.73192476  8.71570821]]
[[10.87151347 -7.88532798 11.56640233]]
[[ 8.29627236 -7.89940969 14.14403562]]
[[-3.54642227 -3.95612984 21.3372446 ]]
[[ 8.13370334 14.32499268 -7.90391605]]
[[12.12364134 10.36327484 -7.95044419]]
[[13.67040539  8.77852478 -7.90029669]]
[[-6.66373743 -0.81403124 21.30067519]]
[[13.52435792  8.95129219 -7.93640386]]
[[10.18305192 12.30538142 -7.9490145 ]]
[[-7.87206746 15.42938928  7.01268777]]
[[11.33148312 11.054308   -7.83485365]]
[[12.72365288 -7.8581771   9.69189211]]
[[10.99382351 11.45361357 -7.90506947]]
[[-7.90934093 10.48115871 11.96663432]]
[[-7.91244952 11.15752733 11.2965982 ]]
[[ 8.82555609 13.57728511 -7.85171216]]
[[ 8.15181075 -7.91801507 14.30583168]]
[[ 9.63225742 -7.92187837 12.84068471]]
[[12.91340812  9.55487063 -7.92846884]]
[[-7.93943943 12.45761988 10.01852734]]
[[-7.95441672 12.56805882  9.92453826]]
[[ 8.3504894  -7.90332782 14.11874516]]
[[-7.92483314  8.09738544 14.38401431]]
[[10.53622086 -7.92454554 11.92940568]]
[[ 6.19544018 16.22280185 -7.72851552]]
[[ 8.22836563 14.23263684 -7.91051562]]
[[ 9.78946715 -7.92400939 12.67516087]]
[[10.03230671 -7.87732956 12.39951005]]
[[ 9.41681771 -7.93491626 13.05832761]]
[[-7.92363617 12.03404999 10.43078048]]
[[ 8.9060983  -7.92486252 13.56228751]]
[[11.71670431 -7.94110428 10.75983381]]
[[-7.91324628 10.07463539 12.38475637]]
[[12.75229994  9.72811716 -7.94026125]]
[[ 9.36515145 -7.91385109 13.1001021 ]]
[[10.12179444 12.35015857 -7.93110998]]
[[-7.95107402 10.04737236 12.44085579]]
[[-7.89516214  4.82958877 17.56744898]]
[[15.77883987 -7.88775918  6.65262203]]
[[ 8.17455597 14.29821369 -7.93025752]]
[[ 8.2140049  13.88992404 -7.57260471]]
[[11.42718597 -7.91273914 11.02893624]]
[[-7.94401123 10.93845966 11.54159328]]
[[-7.89635978 11.41141238 11.03437148]]
[[11.40353825 -7.86843321 11.01961243]]
[[-7.89440895 14.61230075  7.85485517]]
[[-7.8300232  10.54963721 11.83136324]]
[[20.07989107  2.10948546 -7.92779561]]
[[11.7405182  10.70751338 -7.89757428]]
[[16.93745591  5.47876854 -7.8894657 ]]
[[ 8.22589077 -7.92297904 14.23296652]]
[[13.78523919 -7.93566745  8.69850427]]
[[-7.88181495  7.15841547 15.36043469]]
[[16.40320097  6.01549881 -7.87915941]]
[[10.39198862 -7.89042165 12.05090614]]
[[12.16689084 10.29678917 -7.92071358]]
[[13.34825248  9.12318498 -7.925741  ]]
[[10.56082717 -7.9266938  11.90555267]]
[[-7.92685556 10.91029958 11.55643125]]
[[-7.90330488 15.87987077  6.58199164]]
[[-7.9193875  12.00869445 10.45218407]]
[[-5.65966086 -1.82259182 21.31402466]]
[[ 7.41646806 15.00100186 -7.79239457]]
[[14.16768884 -7.91691732  8.29045891]]
[[-7.83897924  4.88592616 17.49533619]]
[[12.80717343  9.67963783 -7.94228102]]
[[ 9.27400069 13.1705934  -7.88336531]]
[[12.32200859 -7.94218182 10.15700519]]
[[-7.54543781 10.61553533 11.44247586]]
[[ 5.92853797 -7.89055593 16.47711746]]
[[11.30042152 -7.85312112 11.10053645]]
[[-7.93653555 13.18678016  9.29183768]]
[[-7.8381271  11.27852132 11.11340511]]
[[-7.89742301  9.64194816 12.80743774]]
[[-7.90041622  8.14496696 14.3004505 ]]
[[-7.90095632 14.04624754  8.39508216]]
[[ 9.52342464 12.96095764 -7.94437577]]
[[-7.83749486 20.67589086  1.19784646]]
[[12.58736195  9.85753357 -7.88784733]]
[[-7.94113763 13.07041517  9.41171527]]
[[-7.934125   13.36984388  9.10544235]]
[[12.07393078 10.39167555 -7.92654792]]
[[-3.35035903 -4.13852872 21.32350158]]
[[10.97456506 -7.94400162 11.50437238]]
[[-7.91367496 12.19439619 10.26140524]]
[[-7.85576827 16.9213477   5.48341027]]
[[-7.91335393 11.2508283  11.20296134]]
[[-7.93305833 10.67438743 11.79671546]]
[[ 8.77464577 -7.93630864 13.71507661]]
[[-7.67172535 14.16187573  8.06284856]]
[[-7.9279748  11.58556614 10.88249657]]
[[13.16088989  9.31002027 -7.91786616]]
[[-7.94546022 10.40517288 12.07819684]]
[[17.59803929  4.792341   -7.85458296]]
[[11.67771976 -7.88906926 10.75907835]]
[[ 9.61339767 -7.93634833 12.86473283]]
[[12.37610239 10.09160884 -7.92588794]]
[[11.1696687  11.30246953 -7.936994  ]]
[[21.33513293 -1.6527686  -5.85143999]]
[[-7.93484728 11.85084411 10.62098402]]
[[10.74905766 -7.91938528 11.71420649]]
[[ 9.65202964 -7.93956256 12.82902273]]
[[-2.50883376 -4.98246211 21.32519081]]
[[ 8.49528093 13.86038841 -7.79961751]]
[[-7.92423383  9.8601799  12.609936  ]]
[[21.31513685 -2.2893139  -5.19227714]]
[[-7.87706538 15.65825311  6.80846456]]
[[-7.92084193 10.17802949 12.28920496]]
[[-3.73509916 -3.74752587 21.31740185]]
[[13.73965227  8.69313626 -7.88531221]]
[[-7.87011351  8.1109775  14.32468093]]
[[21.32866753 -2.79247205 -4.7012604 ]]
[[-7.92575055 14.22211858  8.25045355]]
[[ 8.44485472 14.02715576 -7.92113627]]
[[12.08724236 -7.94502373 10.39332974]]
[[ 7.42464668 15.05163826 -7.88186262]]
[[21.33382793 -3.6849772  -3.81354234]]
[[21.33242829 -1.67103906 -5.8298501 ]]
[[-7.86931666  8.67120471 13.76091569]]
[[-7.92809569  8.68231446 13.80121758]]
[[-6.54025844 -0.91196873 21.27659174]]
[[-7.92431238  9.63905761 12.82851389]]
[[-7.92047333 11.06442153 11.39508888]]
[[11.76320444 -7.74697628 10.51956118]]
[[14.2202159   8.21222705 -7.88797244]]
[[-7.89265146 14.28189076  8.15496389]]
[[ 7.86703095 -7.88257414 14.56354804]]
[[-7.91466665 10.84303765 11.61085859]]
[[21.3298318  -4.88517296 -2.61058266]]
[[11.01489985 11.44921915 -7.92377011]]
[[10.15073327 12.30266806 -7.90818955]]
[[-7.91362724 13.56667673  8.89401154]]
[[21.32391502 -4.0579371  -3.43084479]]
[[-7.87295478  8.49507324 13.94686405]]
[[-7.88205569  9.57229494 12.86778149]]
[[11.11114042 11.35350112 -7.92824989]]
[[10.84185013 11.63272714 -7.93669691]]
[[16.96226516  5.43681982 -7.89089058]]
[[-7.94402861 12.00933426 10.47233113]]
[[-7.92680891  8.42044532 14.04534524]]
[[11.79976976 10.65933632 -7.91707265]]
[[10.95317491 -7.93581691 11.52013848]]
[[-7.88320938 12.37494149 10.05506018]]
[[-7.89508861 10.93411191 11.50635575]]
[[21.30170409 -4.00124979 -3.46694441]]
[[-7.88884407 10.03115704 12.40230154]]
[[13.39507883  9.08678006 -7.93542714]]
[[10.58222989 -7.93598447 11.88946405]]
[[12.77099431  9.6438041  -7.85689095]]
[[21.32484297 -3.7069813  -3.78259764]]
[[-4.15039375 21.3392355  -3.35379003]]
[[13.49883369  8.97816195 -7.93608417]]
[[-7.93476881 13.83123174  8.65821874]]
[[ 9.17374227 13.30788455 -7.93164   ]]
[[13.30398859 -7.65362129  8.87799434]]
[[11.41310415 10.98869205 -7.8530294 ]]
[[13.04477787 -7.85525412  9.36920917]]
[[-7.93561385  8.86626997 13.61431742]]
[[ 8.82849501 -7.89202666 13.62541139]]
[[-7.95124216 12.42187979 10.0661958 ]]
[[-7.93436666  9.32556256 13.15217386]]
[[12.11938432 -7.89121395 10.32155244]]
[[-7.85825259 11.84206077 10.5732997 ]]
[[-7.94050302 13.05371453  9.42959637]]
[[10.96408396 11.50010623 -7.92496212]]
[[21.18096289 -0.03224025 -7.31842545]]
[[ 9.62409543 12.78111867 -7.84839355]]
[[21.29771331 -3.77830813 -3.68665381]]
[[11.11190974 11.3610129  -7.93416548]]
[[13.65597865  8.81111651 -7.9097038 ]]
[[15.06669985  7.3785791  -7.91255506]]
[[11.52998625 10.89844713 -7.87632045]]
[[ 9.85706071 12.55732774 -7.85828354]]
[[ 7.32009211 -7.92168685 15.16061461]]
[[-7.94159217 13.5247399   8.95665599]]
[[-3.32996768 -4.16827546 21.33284674]]
[[-7.92270428 12.3811577  10.08558338]]
[[ 8.60360204 -7.91940675 13.86966978]]
[[11.01163606 -7.86519671 11.40968534]]
[[-1.43196689 21.32306053 -6.06101694]]
[[-7.9282969  10.32286678 12.14523054]]
[[ 6.96982108 -7.82263364 15.57194847]]
[[-7.94567962 10.62622617 11.85470256]]
[[11.40898056 11.04854405 -7.91795696]]
[[ 9.07206396 -7.92649228 13.40055016]]
[[11.00023707 11.47325088 -7.93759234]]
[[10.01197054 12.4630323  -7.93144716]]
[[ 8.61600459 -7.92849333 13.85323689]]
[[12.2590286  -7.95581365 10.23269027]]
[[-7.89330015  3.43893512 18.90310664]]
[[14.04454106 -7.8876043   8.38203764]]
[[14.4375605  -7.88555961  8.01850156]]
[[-2.83729535 -4.65203173 21.32422564]]
[[15.70024365 -7.88742466  6.7515617 ]]
[[13.06084829  9.38986481 -7.90725318]]
[[13.8287208   8.63953727 -7.9143884 ]]
[[ 9.18381264 13.28883095 -7.931452  ]]
[[-7.94526809 10.51933462 11.9626369 ]]
[[21.31743661 -4.88805834 -2.59519976]]
[[ 6.66509046 -7.88053998 15.74181619]]
[[-2.12352293 21.31449685 -5.35820196]]
[[-7.86977472 10.60536444 11.81360561]]
[[-7.91263986 10.23869043 12.22076068]]
[[11.92838111 -7.92504475 10.53344383]]
[[ 9.54107142 12.80743112 -7.80087417]]
[[12.59545629 -7.8483596   9.80900863]]
[[ 6.90775959 -7.87918674 15.50967374]]
[[21.33594948 -3.55301397 -3.94719342]]
[[-2.31507441 -5.19047841 21.3387838 ]]
[[12.89630938 -7.93782604  9.57736528]]
[[-1.38555032 21.32640684 -6.1116166 ]]
[[11.42739472 -7.91320389 11.02658268]]
[[10.85946001 -7.7076402  11.37863296]]
[[11.61337589 10.84448902 -7.91695881]]
[[11.92807689 10.55914397 -7.95014414]]
[[ 9.9559055  12.51961124 -7.93474289]]
[[10.55188405 -7.80132242 11.79424075]]
[[11.4447614  11.00408462 -7.91146962]]
[[-3.10602954 21.31653872 -4.37595582]]
[[21.31484782 -1.05209749 -6.43929403]]
[[11.07507503 11.39728812 -7.93581565]]
[[10.37650376 12.06512933 -7.90108131]]
[[-7.92101765 10.36319468 12.09709309]]
[[12.33790282 -7.87637731 10.09486268]]
[[10.09280957 12.36218028 -7.91143688]]
[[-3.49160841 -3.99958162 21.32660255]]
[[-3.59384455 -3.90042905 21.32991307]]
[[11.72011703 10.58677598 -7.766484  ]]
[[12.87489811  9.53733367 -7.85458167]]
[[-7.93644888  9.91478274 12.55878746]]
[[11.18029217 -7.8265943  11.19562013]]
[[ 8.46539138 -7.89600103 13.97962277]]
[[12.66851096 -7.8608626   9.75076721]]
[[11.08681239 11.38731183 -7.93899343]]
[[13.40176976 -7.93473012  9.07654171]]
[[14.0308359   8.40679814 -7.88775252]]
[[10.01928807 -7.86460107 12.40117973]]
[[11.40781875 11.05885851 -7.92954797]]
[[-7.91148745  7.87240133 14.58275024]]
[[-7.88411067  6.20484151 16.19734891]]
[[ 5.36277086 -7.81136793 17.03767506]]
[[-7.93638125 11.52424671 10.95153567]]
[[21.30954672 -3.20712326 -4.26832422]]
[[ 6.98124061 -7.57011793 15.44305451]]
[[12.62253322 -7.9000974   9.83488661]]
[[-7.83308891 10.2839815  12.10023025]]
[[13.35873848 -7.89584859  9.09785466]]
[[-7.93807343 12.79419111  9.68798905]]
[[13.23665853  9.22591286 -7.91452148]]
[[-7.90781415 13.17717957  9.28053345]]
[[21.34266933 -3.59981876 -3.90791046]]
[[10.92215268 11.5477311  -7.93312997]]
[[15.62539575  6.80330478 -7.90275886]]
[[-4.23477325 21.3151376  -3.24559494]]
[[-7.93898701 12.78229983  9.7047282 ]]
[[-5.41292914 21.31351862 -2.06793102]]
[[-7.95386748  9.32690202 13.16544927]]
[[-7.88686897 14.07770444  8.36765722]]
[[10.89779615 11.58247753 -7.94457494]]
[[-2.61167377 -4.8873017  21.33263286]]
[[-3.81055951 -3.67898696 21.32404973]]
[[21.30969071 -1.23852719 -6.24291016]]
[[-7.90695263 11.50915521 10.94606249]]
[[-7.89599826 16.21834152  6.19924773]]
[[13.52605385  8.90424842 -7.88203908]]
[[-7.87717413  8.93558117 13.50249424]]
[[-7.93103259 13.53886003  8.93622504]]
[[ 9.9318028  12.54023632 -7.93404195]]
[[ 9.41893208 -7.94979351 13.07018224]]
[[ 6.99986211 15.48483769 -7.87926645]]
[[13.59264157 -7.89592781  8.84884053]]
[[11.68772293 10.66423926 -7.80495255]]
[[10.43971417 -7.93431415 12.03109267]]
[[-3.96272586 21.33556753 -3.5376538 ]]
[[-7.9341287  12.77446196  9.70364405]]
[[-7.92736459 12.62914704  9.84126669]]
[[-7.9187603  14.33468438  8.14503687]]
[[-7.88635797 12.5838884   9.8586229 ]]
[[ 9.00122469 13.23211787 -7.69962163]]
[[15.85492619  6.58572842 -7.89116754]]
[[ 9.98457672 -7.9490697  12.50633293]]
[[13.6933865  -7.86114076  8.72929725]]
[[21.33407467 -3.17757624 -4.32091842]]
[[14.10960031 -7.92967468  8.36429624]]
[[14.54364761 -7.76710189  7.78647098]]
[[-7.94474816 12.51962795  9.96500446]]
[[10.70705782 11.76256553 -7.92641026]]
[[-7.92927207 11.73583128 10.73108953]]
[[-7.94089918 10.20641956 12.273884  ]]
[[15.36523502  7.06199283 -7.87628071]]
[[-7.91067143  8.71887616 13.73784238]]
[[16.01823817  6.41586122 -7.90321684]]
[[12.40912214 10.03435915 -7.88994928]]
[[14.13396842  8.34601358 -7.93123678]]
[[ 9.48913206 12.98714907 -7.92991231]]
[[14.00486071 -7.88127832  8.44135482]]
[[12.57324291  9.91947984 -7.94086609]]
[[-4.52499128 -2.97967245 21.33956348]]
[[-7.94513143 11.35375287 11.12694307]]
[[-7.92818305 10.56367448 11.90271565]]
[[-7.86099709 11.27054398 11.14178382]]
[[-7.86370521 15.35586464  7.13820271]]
[[-4.14958105 21.32249267 -3.33820751]]
[[14.26734035 -7.88475822  8.1682468 ]]
[[ 9.10963696 -7.9249226  13.36492815]]
[[15.50770732 -7.86391716  7.0046308 ]]
[[-7.90325636 13.46135673  8.99501567]]
[[13.85643518 -7.935381    8.61575504]]
[[ 8.41821223 -7.86359875 14.01379782]]
[[-7.93265264  9.89905376 12.57164031]]
[[ 9.23486792 13.22799319 -7.91331914]]
[[11.47700832 10.98373227 -7.91414064]]
[[ 8.5184105  13.95505807 -7.91817325]]
[[10.08319138 12.35122306 -7.87541323]]
[[13.1191228   9.36059732 -7.94310947]]
[[13.49828317 -7.93323594  8.97827643]]
[[12.2167599  -7.82906352 10.15831515]]
[[12.5814949   9.87230803 -7.9013007 ]]
[[-3.68974385 -3.79474829 21.31919165]]
[[ 7.58065932 14.87445564 -7.89324012]]
[[11.60748703 -7.8335675  10.77831547]]
[[-7.93969019 13.38035898  9.09804823]]
[[10.81284295 11.60983523 -7.86779925]]
[[ 9.36108381 -7.89450854 13.09003337]]
[[-7.93025676  9.78992985 12.68065487]]
[[ 8.995567   -7.93028096 13.47577312]]
