[[9.99306759e-01 1.00000000e+00 6.48782068e-04 9.99855544e-01]]
[[9.99307084e-01 1.00000000e+00 6.48297842e-04 9.99862107e-01]]
[[9.99004813e-01 9.99999997e-01 8.04051803e-04 9.99896773e-01]]
[[9.99306746e-01 1.00000000e+00 6.47470510e-04 9.99868356e-01]]
[[9.99298238e-01 9.99999997e-01 6.51585720e-04 9.99853373e-01]]
[[9.99311359e-01 9.99999999e-01 6.53963817e-04 9.99825061e-01]]
[[9.99306637e-01 9.99999999e-01 6.45214669e-04 9.99844509e-01]]
[[9.99330073e-01 9.99999973e-01 6.69733337e-04 9.99760792e-01]]
[[9.99010524e-01 9.99999998e-01 7.70406683e-04 9.99894879e-01]]
[[9.99305883e-01 9.99999998e-01 6.49527779e-04 9.99839909e-01]]
[[9.99303562e-01 9.99999999e-01 6.49222574e-04 9.99848111e-01]]
[[9.99307100e-01 1.00000000e+00 6.49177331e-04 9.99852448e-01]]
[[9.99303083e-01 1.00000000e+00 6.43825413e-04 9.99870527e-01]]
[[9.99310375e-01 9.99999999e-01 6.53363359e-04 9.99835526e-01]]
[[9.99297269e-01 9.99999989e-01 6.57838837e-04 9.99835596e-01]]
[[9.99308924e-01 9.99999999e-01 6.47825410e-04 9.99862793e-01]]
[[9.99305282e-01 9.99999999e-01 6.46535603e-04 9.99846253e-01]]
[[9.99311036e-01 9.99999995e-01 6.52673723e-04 9.99823721e-01]]
[[9.99008511e-01 9.99999992e-01 7.78989310e-04 9.99898123e-01]]
[[9.99314966e-01 9.99999999e-01 6.53754084e-04 9.99829735e-01]]
[[9.99302703e-01 1.00000000e+00 6.44429223e-04 9.99875511e-01]]
[[9.99306279e-01 9.99999970e-01 6.45937917e-04 9.99841487e-01]]
[[9.99305489e-01 1.00000000e+00 6.47385925e-04 9.99855130e-01]]
[[9.99010766e-01 9.99999998e-01 7.70462064e-04 9.99894871e-01]]
[[9.99010600e-01 9.99999993e-01 7.70382259e-04 9.99896130e-01]]
[[9.99308825e-01 9.99999999e-01 6.47626399e-04 9.99865015e-01]]
[[9.99306058e-01 1.00000000e+00 6.47618649e-04 9.99867216e-01]]
[[9.99304067e-01 1.00000000e+00 6.45899343e-04 9.99871671e-01]]
[[9.99303656e-01 1.00000000e+00 6.45082398e-04 9.99874581e-01]]
[[9.99309472e-01 9.99999994e-01 6.47492596e-04 9.99865046e-01]]
[[9.99306708e-01 1.00000000e+00 6.47309544e-04 9.99868570e-01]]
[[9.99010589e-01 9.99999999e-01 7.69987717e-04 9.99894495e-01]]
[[9.99310661e-01 9.99999995e-01 6.47521694e-04 9.99859198e-01]]
[[9.99306137e-01 9.99999995e-01 6.46595899e-04 9.99841859e-01]]
[[9.99302590e-01 1.00000000e+00 6.45021660e-04 9.99875914e-01]]
[[9.99326485e-01 9.99999999e-01 6.64767087e-04 9.99781948e-01]]
[[9.99303227e-01 1.00000000e+00 6.44409039e-04 9.99866027e-01]]
[[9.99306081e-01 1.00000000e+00 6.47158414e-04 9.99865551e-01]]
[[9.99310015e-01 9.99999999e-01 6.47815207e-04 9.99859145e-01]]
[[9.99303460e-01 1.00000000e+00 6.45805951e-04 9.99871952e-01]]
[[9.99010449e-01 9.99999991e-01 7.71004880e-04 9.99898803e-01]]
[[9.99308623e-01 9.99999997e-01 6.42999736e-04 9.99835237e-01]]
[[9.99312529e-01 9.99999999e-01 6.55353841e-04 9.99821329e-01]]
[[9.99308516e-01 9.99999999e-01 6.48057632e-04 9.99866842e-01]]
[[9.99304765e-01 1.00000000e+00 6.46249237e-04 9.99872085e-01]]
[[9.99302435e-01 1.00000000e+00 6.43524939e-04 9.99875089e-01]]
[[9.99010015e-01 9.99999993e-01 7.73285120e-04 9.99897360e-01]]
[[9.99309941e-01 9.99999999e-01 6.47187106e-04 9.99862108e-01]]
[[9.99315306e-01 9.99999992e-01 6.53325385e-04 9.99828852e-01]]
[[9.99336403e-01 9.99999984e-01 6.77081054e-04 9.99731804e-01]]
[[9.99305695e-01 1.00000000e+00 6.47493437e-04 9.99856162e-01]]
[[9.99309874e-01 9.99999998e-01 6.50215557e-04 9.99829879e-01]]
[[9.99308160e-01 9.99999999e-01 6.45744679e-04 9.99839284e-01]]
[[9.99307594e-01 1.00000000e+00 6.47347060e-04 9.99866846e-01]]
[[9.99304391e-01 1.00000000e+00 6.47826377e-04 9.99863658e-01]]
[[9.99010948e-01 9.99999997e-01 7.70130622e-04 9.99895282e-01]]
[[9.99306107e-01 9.99999999e-01 6.45284679e-04 9.99842841e-01]]
[[9.99307803e-01 1.00000000e+00 6.49202425e-04 9.99856811e-01]]
[[9.99303136e-01 1.00000000e+00 6.45282418e-04 9.99870640e-01]]
[[9.99010065e-01 9.99999998e-01 7.71617157e-04 9.99895247e-01]]
[[9.99314905e-01 9.99999998e-01 6.59552769e-04 9.99800655e-01]]
[[9.99303264e-01 1.00000000e+00 6.44534321e-04 9.99865090e-01]]
[[9.99303954e-01 1.00000000e+00 6.46139682e-04 9.99869664e-01]]
[[9.99324377e-01 9.99999996e-01 6.66675486e-04 9.99767515e-01]]
[[9.99308369e-01 9.99999998e-01 6.48156243e-04 9.99867715e-01]]
[[9.99305847e-01 1.00000000e+00 6.48376497e-04 9.99854349e-01]]
[[9.99308241e-01 9.99999994e-01 6.50476126e-04 9.99833372e-01]]
[[9.99303955e-01 1.00000000e+00 6.45131577e-04 9.99862518e-01]]
[[9.99306427e-01 9.99999997e-01 6.49665227e-04 9.99872590e-01]]
[[9.99305752e-01 1.00000000e+00 6.46601963e-04 9.99870560e-01]]
[[9.99009849e-01 9.99999998e-01 7.74117626e-04 9.99895819e-01]]
[[9.99368973e-01 9.99999987e-01 6.92488456e-04 9.99662065e-01]]
[[9.99297939e-01 9.99999996e-01 6.61702916e-04 9.99820666e-01]]
[[9.99307552e-01 1.00000000e+00 6.47169179e-04 9.99866937e-01]]
[[9.99304126e-01 1.00000000e+00 6.45941410e-04 9.99873962e-01]]
[[9.99310623e-01 9.99999999e-01 6.50221792e-04 9.99847525e-01]]
[[9.99307062e-01 1.00000000e+00 6.47724250e-04 9.99866408e-01]]
[[9.99305970e-01 9.99999999e-01 6.45612901e-04 9.99843343e-01]]
[[9.99305214e-01 1.00000000e+00 6.49260004e-04 9.99853098e-01]]
[[9.99306776e-01 9.99999999e-01 6.45054583e-04 9.99841134e-01]]
[[9.99308571e-01 9.99999998e-01 6.48021312e-04 9.99867332e-01]]
[[9.99302555e-01 1.00000000e+00 6.44621773e-04 9.99874507e-01]]
[[9.99313633e-01 9.99999996e-01 6.51173376e-04 9.99838159e-01]]
[[9.99304034e-01 1.00000000e+00 6.45944346e-04 9.99872907e-01]]
[[9.99305544e-01 1.00000000e+00 6.48993187e-04 9.99857692e-01]]
[[9.99305669e-01 1.00000000e+00 6.49604094e-04 9.99846803e-01]]
[[9.99304307e-01 1.00000000e+00 6.47088982e-04 9.99871936e-01]]
[[9.99010444e-01 9.99999998e-01 7.70427368e-04 9.99895042e-01]]
[[9.99008169e-01 9.99999990e-01 7.80008079e-04 9.99899255e-01]]
[[9.99010589e-01 9.99999999e-01 7.70763937e-04 9.99895191e-01]]
[[9.99305524e-01 1.00000000e+00 6.45729461e-04 9.99852643e-01]]
[[9.99308689e-01 9.99999985e-01 6.54375549e-04 9.99824925e-01]]
[[9.99007064e-01 9.99999998e-01 7.82285280e-04 9.99896449e-01]]
[[9.99313015e-01 9.99999999e-01 6.53422651e-04 9.99831636e-01]]
[[9.99304877e-01 9.99999999e-01 6.48448131e-04 9.99844423e-01]]
[[9.99313699e-01 9.99999976e-01 6.52815149e-04 9.99835389e-01]]
[[9.99303829e-01 1.00000000e+00 6.46058568e-04 9.99873107e-01]]
[[9.99303462e-01 1.00000000e+00 6.44438373e-04 9.99868523e-01]]
[[9.99303974e-01 1.00000000e+00 6.46973964e-04 9.99868859e-01]]
[[9.99303581e-01 9.99999999e-01 6.47001707e-04 9.99849592e-01]]
[[9.99308365e-01 9.99999997e-01 6.43130254e-04 9.99836093e-01]]
[[9.99303211e-01 1.00000000e+00 6.45307032e-04 9.99874107e-01]]
[[9.99009783e-01 9.99999982e-01 7.72799531e-04 9.99899824e-01]]
[[9.99305434e-01 1.00000000e+00 6.47215983e-04 9.99871227e-01]]
[[9.99034665e-01 9.99999914e-01 8.25079993e-04 9.99892564e-01]]
[[9.99305592e-01 1.00000000e+00 6.47210489e-04 9.99866890e-01]]
[[9.99309775e-01 9.99999990e-01 6.47705915e-04 9.99862802e-01]]
[[9.99306536e-01 9.99999997e-01 6.51634117e-04 9.99834528e-01]]
[[9.99307584e-01 9.99999998e-01 6.49474442e-04 9.99867968e-01]]
[[9.99010820e-01 9.99999996e-01 7.69974923e-04 9.99895368e-01]]
[[9.99317265e-01 9.99999996e-01 6.56984314e-04 9.99814499e-01]]
[[9.99303533e-01 1.00000000e+00 6.46054319e-04 9.99874382e-01]]
[[9.99302665e-01 1.00000000e+00 6.43984904e-04 9.99873924e-01]]
[[9.99389345e-01 9.99999935e-01 7.01880147e-04 9.99630565e-01]]
[[9.99317117e-01 9.99999998e-01 6.55343590e-04 9.99820658e-01]]
[[9.99304667e-01 1.00000000e+00 6.47172568e-04 9.99871390e-01]]
[[9.99307757e-01 9.99999994e-01 6.42899600e-04 9.99837491e-01]]
[[9.99308063e-01 9.99999992e-01 6.48485068e-04 9.99868778e-01]]
[[9.99313723e-01 9.99999994e-01 6.51375990e-04 9.99836942e-01]]
[[9.99308401e-01 1.00000000e+00 6.47010701e-04 9.99865091e-01]]
[[9.99305858e-01 9.99999940e-01 6.49710716e-04 9.99874949e-01]]
[[9.99308143e-01 9.99999990e-01 6.49836521e-04 9.99834508e-01]]
[[9.99305280e-01 1.00000000e+00 6.47406530e-04 9.99864101e-01]]
[[9.99306828e-01 1.00000000e+00 6.48104798e-04 9.99868047e-01]]
[[9.99007321e-01 9.99999998e-01 7.84145445e-04 9.99896211e-01]]
[[9.99307694e-01 9.99999988e-01 6.47505185e-04 9.99837474e-01]]
[[9.99298051e-01 9.99999982e-01 6.51515691e-04 9.99912228e-01]]
[[9.99311028e-01 9.99999999e-01 6.56966652e-04 9.99826638e-01]]
[[9.99304726e-01 1.00000000e+00 6.46778832e-04 9.99867782e-01]]
[[9.99304679e-01 1.00000000e+00 6.46258017e-04 9.99871056e-01]]
[[9.99306827e-01 9.99999979e-01 6.54725953e-04 9.99827663e-01]]
[[9.99326948e-01 9.99999989e-01 6.63175426e-04 9.99784515e-01]]
[[9.99308906e-01 1.00000000e+00 6.50424634e-04 9.99848610e-01]]
[[9.99306523e-01 9.99999999e-01 6.46298026e-04 9.99842768e-01]]
[[9.99309881e-01 9.99999998e-01 6.47070843e-04 9.99863717e-01]]
[[9.99303763e-01 1.00000000e+00 6.47258374e-04 9.99858385e-01]]
[[9.99308032e-01 9.99999999e-01 6.48672736e-04 9.99836397e-01]]
[[9.99304767e-01 1.00000000e+00 6.46822790e-04 9.99872640e-01]]
[[9.99309587e-01 9.99999997e-01 6.47284197e-04 9.99864956e-01]]
[[9.99010363e-01 9.99999998e-01 7.70957488e-04 9.99895076e-01]]
[[9.99303630e-01 1.00000000e+00 6.45589555e-04 9.99874103e-01]]
[[9.99304068e-01 1.00000000e+00 6.44226537e-04 9.99865660e-01]]
[[9.99284538e-01 9.99999996e-01 6.57008141e-04 9.99862370e-01]]
[[9.99306956e-01 9.99999999e-01 6.48529784e-04 9.99840490e-01]]
[[9.99305715e-01 1.00000000e+00 6.49002024e-04 9.99871058e-01]]
[[9.99304596e-01 1.00000000e+00 6.48031132e-04 9.99866763e-01]]
[[9.99299478e-01 9.99999992e-01 6.53490733e-04 9.99845693e-01]]
[[9.99310904e-01 9.99999995e-01 6.48922794e-04 9.99854596e-01]]
[[9.99302737e-01 1.00000000e+00 6.44210438e-04 9.99875428e-01]]
[[9.99311955e-01 9.99999980e-01 6.50800110e-04 9.99844529e-01]]
[[9.99304350e-01 1.00000000e+00 6.45647446e-04 9.99870011e-01]]
[[9.99307983e-01 9.99999996e-01 6.48428352e-04 9.99869143e-01]]
[[9.99298966e-01 9.99999996e-01 6.52552009e-04 9.99849007e-01]]
[[9.99304072e-01 1.00000000e+00 6.46701471e-04 9.99860229e-01]]
[[9.99308984e-01 9.99999991e-01 6.47973669e-04 9.99865800e-01]]
[[9.99307147e-01 9.99999987e-01 6.49411026e-04 9.99837196e-01]]
[[9.99363257e-01 9.99999775e-01 6.83190553e-04 9.99709797e-01]]
[[9.99303318e-01 1.00000000e+00 6.45197742e-04 9.99874917e-01]]
[[9.99309075e-01 9.99999999e-01 6.47410479e-04 9.99863237e-01]]
[[9.99304136e-01 1.00000000e+00 6.45554160e-04 9.99871280e-01]]
[[9.99303535e-01 1.00000000e+00 6.45380099e-04 9.99874826e-01]]
[[9.99303803e-01 1.00000000e+00 6.45688297e-04 9.99873305e-01]]
[[9.99009952e-01 9.99999959e-01 7.70732333e-04 9.99898892e-01]]
[[9.99303921e-01 1.00000000e+00 6.44385932e-04 9.99860055e-01]]
[[9.99308962e-01 9.99999999e-01 6.47508295e-04 9.99865360e-01]]
[[9.99009817e-01 9.99999951e-01 7.71126980e-04 9.99899035e-01]]
[[9.99304502e-01 1.00000000e+00 6.49802496e-04 9.99852157e-01]]
[[9.99304250e-01 1.00000000e+00 6.46290932e-04 9.99873517e-01]]
[[9.99309161e-01 1.00000000e+00 6.51763369e-04 9.99843839e-01]]
[[9.99010014e-01 9.99999998e-01 7.71331843e-04 9.99895511e-01]]
[[9.99304786e-01 1.00000000e+00 6.46414334e-04 9.99871561e-01]]
[[9.99283137e-01 9.99999994e-01 6.63600622e-04 9.99841514e-01]]
[[9.99298574e-01 9.99999830e-01 6.51389812e-04 9.99919338e-01]]
[[9.99308645e-01 9.99999999e-01 6.47346798e-04 9.99865424e-01]]
[[9.99316468e-01 9.99999922e-01 6.59126477e-04 9.99815574e-01]]
[[9.99009955e-01 9.99999997e-01 7.71772628e-04 9.99896109e-01]]
[[9.99312645e-01 9.99999978e-01 6.55599425e-04 9.99832775e-01]]
[[9.99305448e-01 9.99999997e-01 6.47530030e-04 9.99843096e-01]]
[[9.99310429e-01 9.99999998e-01 6.49074104e-04 9.99855146e-01]]
[[9.99308908e-01 9.99999999e-01 6.47567792e-04 9.99864912e-01]]
[[9.99304048e-01 1.00000000e+00 6.46251459e-04 9.99873725e-01]]
[[9.99322306e-01 9.99999998e-01 6.61341550e-04 9.99786462e-01]]
[[9.99337090e-01 9.99999965e-01 6.70752913e-04 9.99756011e-01]]
[[9.99307073e-01 1.00000000e+00 6.47445157e-04 9.99865191e-01]]
[[9.99304407e-01 1.00000000e+00 6.46101115e-04 9.99873099e-01]]
[[9.99310868e-01 9.99999999e-01 6.53396523e-04 9.99838054e-01]]
[[9.99312753e-01 9.99999999e-01 6.52079230e-04 9.99837197e-01]]
[[9.99308227e-01 1.00000000e+00 6.47811173e-04 9.99863262e-01]]
[[9.99305413e-01 9.99999997e-01 6.48047045e-04 9.99842747e-01]]
[[9.99308998e-01 9.99999999e-01 6.49824524e-04 9.99856551e-01]]
[[9.99316838e-01 9.99999998e-01 6.57942020e-04 9.99811144e-01]]
[[9.99304236e-01 1.00000000e+00 6.44966933e-04 9.99862834e-01]]
[[9.99302617e-01 1.00000000e+00 6.44865659e-04 9.99874007e-01]]
[[9.99309672e-01 9.99999999e-01 6.52881572e-04 9.99848864e-01]]
[[9.99305320e-01 1.00000000e+00 6.46653306e-04 9.99867089e-01]]
[[9.99008269e-01 9.99999998e-01 7.78559019e-04 9.99895959e-01]]
[[9.99016081e-01 9.99999998e-01 8.24404079e-04 9.99893226e-01]]
[[9.99303024e-01 1.00000000e+00 6.44356376e-04 9.99875147e-01]]
[[9.99309568e-01 9.99999998e-01 6.47487651e-04 9.99864292e-01]]
[[9.99304976e-01 1.00000000e+00 6.46458530e-04 9.99869082e-01]]
[[9.99010646e-01 9.99999998e-01 7.69949243e-04 9.99895144e-01]]
[[9.99304387e-01 1.00000000e+00 6.48243611e-04 9.99850570e-01]]
[[9.99313544e-01 9.99999996e-01 6.52790132e-04 9.99834438e-01]]
[[9.99289335e-01 9.99999999e-01 6.56345616e-04 9.99855064e-01]]
[[9.99010017e-01 9.99999962e-01 7.70198954e-04 9.99898967e-01]]
[[9.99314839e-01 9.99999998e-01 6.53070370e-04 9.99828279e-01]]
[[9.99306035e-01 1.00000000e+00 6.47423358e-04 9.99867219e-01]]
[[9.99281658e-01 9.99999990e-01 6.66155279e-04 9.99837429e-01]]
[[9.99343698e-01 9.99999965e-01 6.75464348e-04 9.99734367e-01]]
[[9.99010572e-01 9.99999996e-01 7.70526368e-04 9.99895543e-01]]
[[9.99306234e-01 9.99999999e-01 6.44409285e-04 9.99845325e-01]]
[[9.99305211e-01 9.99999993e-01 6.55668228e-04 9.99827422e-01]]
[[9.99303070e-01 1.00000000e+00 6.46031059e-04 9.99866195e-01]]
[[9.99315256e-01 9.99999997e-01 6.55626498e-04 9.99820771e-01]]
[[9.99008324e-01 9.99999998e-01 7.78779615e-04 9.99896171e-01]]
[[9.99305670e-01 9.99999999e-01 6.47815190e-04 9.99842866e-01]]
[[9.99350149e-01 9.99999913e-01 6.76706672e-04 9.99744639e-01]]
[[9.99310589e-01 9.99999996e-01 6.49483093e-04 9.99854595e-01]]
[[9.99303334e-01 1.00000000e+00 6.45392597e-04 9.99875123e-01]]
[[9.99306049e-01 1.00000000e+00 6.49881297e-04 9.99857464e-01]]
[[9.99303420e-01 1.00000000e+00 6.45746770e-04 9.99871558e-01]]
[[9.99313244e-01 9.99999999e-01 6.52360541e-04 9.99822356e-01]]
[[9.99303269e-01 9.99999998e-01 6.45987210e-04 9.99850201e-01]]
[[9.99304589e-01 1.00000000e+00 6.48473160e-04 9.99853088e-01]]
[[9.99307047e-01 9.99999977e-01 6.51101627e-04 9.99866277e-01]]
[[9.99304061e-01 9.99999958e-01 6.50533987e-04 9.99881110e-01]]
[[9.99331055e-01 9.99999977e-01 6.67627001e-04 9.99768176e-01]]
[[9.99309088e-01 9.99999998e-01 6.64641342e-04 9.99798484e-01]]
[[9.99296099e-01 9.99999997e-01 6.60492720e-04 9.99828261e-01]]
[[9.99308836e-01 9.99999998e-01 6.48494709e-04 9.99834214e-01]]
[[9.99285175e-01 9.99999999e-01 6.56704637e-04 9.99862434e-01]]
[[9.99304513e-01 1.00000000e+00 6.47658128e-04 9.99852086e-01]]
[[9.99306676e-01 9.99999999e-01 6.47181349e-04 9.99840540e-01]]
[[9.99305981e-01 1.00000000e+00 6.47759899e-04 9.99860907e-01]]
[[9.99326716e-01 9.99999998e-01 6.65597930e-04 9.99767684e-01]]
[[9.99306165e-01 9.99999999e-01 6.46436381e-04 9.99846159e-01]]
[[9.99305658e-01 1.00000000e+00 6.47158801e-04 9.99869608e-01]]
[[9.99364292e-01 9.99999844e-01 6.93023545e-04 9.99662060e-01]]
[[9.99309543e-01 9.99999995e-01 6.49693255e-04 9.99858648e-01]]
[[9.99305633e-01 1.00000000e+00 6.47210290e-04 9.99869869e-01]]
[[9.99310363e-01 9.99999999e-01 6.48476140e-04 9.99854399e-01]]
[[9.99302448e-01 1.00000000e+00 6.43954875e-04 9.99874933e-01]]
[[9.99302661e-01 1.00000000e+00 6.43780697e-04 9.99872892e-01]]
[[9.99010725e-01 9.99999996e-01 7.71040099e-04 9.99895829e-01]]
[[9.99009807e-01 9.99999994e-01 7.73472660e-04 9.99900756e-01]]
[[9.99305873e-01 1.00000000e+00 6.49564697e-04 9.99852648e-01]]
[[9.99010723e-01 9.99999998e-01 7.70146345e-04 9.99894633e-01]]
[[9.99310167e-01 9.99999997e-01 6.47859111e-04 9.99860413e-01]]
[[9.99307460e-01 1.00000000e+00 6.47452005e-04 9.99866723e-01]]
[[9.99307433e-01 1.00000000e+00 6.49303730e-04 9.99850920e-01]]
[[9.99308769e-01 9.99999999e-01 6.48540372e-04 9.99862581e-01]]
[[9.99305466e-01 1.00000000e+00 6.46995908e-04 9.99855108e-01]]
[[9.99310065e-01 9.99999999e-01 6.52439258e-04 9.99831180e-01]]
[[9.99303278e-01 1.00000000e+00 6.44939559e-04 9.99869658e-01]]
[[9.99304329e-01 1.00000000e+00 6.46228262e-04 9.99870892e-01]]
[[9.99303770e-01 1.00000000e+00 6.45835169e-04 9.99866772e-01]]
[[9.99306360e-01 9.99999979e-01 6.44510215e-04 9.99841393e-01]]
[[9.99305454e-01 1.00000000e+00 6.47279552e-04 9.99870822e-01]]
[[9.99303141e-01 1.00000000e+00 6.45804215e-04 9.99868217e-01]]
[[9.99309338e-01 9.99999984e-01 6.49269680e-04 9.99860588e-01]]
[[9.99304336e-01 1.00000000e+00 6.47387131e-04 9.99870009e-01]]
[[9.99303112e-01 9.99999999e-01 6.46511812e-04 9.99852532e-01]]
[[9.99309143e-01 9.99999996e-01 6.49662537e-04 9.99859876e-01]]
[[9.99311392e-01 9.99999995e-01 6.48516648e-04 9.99853739e-01]]
[[9.99305934e-01 9.99999999e-01 6.45889998e-04 9.99845066e-01]]
[[9.99306154e-01 9.99999998e-01 6.45106006e-04 9.99842186e-01]]
[[9.99308022e-01 9.99999999e-01 6.48339286e-04 9.99866814e-01]]
[[9.99309831e-01 9.99999995e-01 6.48445209e-04 9.99860539e-01]]
[[9.99010674e-01 9.99999997e-01 7.71000040e-04 9.99896150e-01]]
[[9.99308964e-01 9.99999994e-01 6.47909725e-04 9.99834355e-01]]
[[9.99308218e-01 9.99999999e-01 6.44015442e-04 9.99836916e-01]]
[[9.99309101e-01 9.99999998e-01 6.47982257e-04 9.99865145e-01]]
[[9.99309536e-01 9.99999998e-01 6.47857247e-04 9.99863245e-01]]
[[9.99307855e-01 9.99999999e-01 6.51259745e-04 9.99836101e-01]]
[[9.99303949e-01 1.00000000e+00 6.45415883e-04 9.99872129e-01]]
[[9.99332601e-01 9.99999993e-01 6.71658781e-04 9.99753087e-01]]
[[9.99305624e-01 1.00000000e+00 6.47255911e-04 9.99869615e-01]]
[[9.99305345e-01 1.00000000e+00 6.47744868e-04 9.99871065e-01]]
[[9.99288182e-01 9.99999999e-01 6.56638020e-04 9.99856107e-01]]
[[9.99305814e-01 9.99999999e-01 6.43871322e-04 9.99844422e-01]]
[[9.99306593e-01 9.99999999e-01 6.45473314e-04 9.99844319e-01]]
[[9.99304998e-01 1.00000000e+00 6.47638483e-04 9.99860688e-01]]
[[9.99009479e-01 9.99999994e-01 7.75083775e-04 9.99898723e-01]]
[[9.99302977e-01 1.00000000e+00 6.44800828e-04 9.99875458e-01]]
[[9.99312228e-01 9.99999986e-01 6.50902270e-04 9.99844825e-01]]
[[9.99304585e-01 1.00000000e+00 6.46915639e-04 9.99862179e-01]]
[[9.99305972e-01 1.00000000e+00 6.49893870e-04 9.99847243e-01]]
[[9.99298328e-01 9.99999993e-01 6.50017971e-04 9.99857614e-01]]
[[9.9930250e-01 1.0000000e+00 6.4378790e-04 9.9987533e-01]]
[[9.99308273e-01 1.00000000e+00 6.51982202e-04 9.99844783e-01]]
[[9.99302548e-01 1.00000000e+00 6.42431301e-04 9.99873964e-01]]
[[9.99311097e-01 9.99999999e-01 6.51785477e-04 9.99844773e-01]]
[[9.99315994e-01 9.99999999e-01 6.55650435e-04 9.99818523e-01]]
[[9.99303867e-01 1.00000000e+00 6.45887509e-04 9.99864816e-01]]
[[9.99010651e-01 9.99999998e-01 7.70644074e-04 9.99895036e-01]]
[[9.99309507e-01 9.99999999e-01 6.49094586e-04 9.99853182e-01]]
[[9.99306535e-01 9.99999999e-01 6.45011680e-04 9.99844584e-01]]
[[9.99303779e-01 9.99999989e-01 6.54221429e-04 9.99835331e-01]]
[[9.99303927e-01 9.99999998e-01 6.47919844e-04 9.99846857e-01]]
[[9.99307448e-01 9.99999973e-01 6.49271197e-04 9.99868960e-01]]
[[9.99355256e-01 9.99999980e-01 6.88508011e-04 9.99681173e-01]]
[[9.99306918e-01 1.00000000e+00 6.47220771e-04 9.99868366e-01]]
[[9.99306719e-01 9.99999999e-01 6.48488820e-04 9.99843212e-01]]
[[9.99311291e-01 9.99999999e-01 6.53393444e-04 9.99835418e-01]]
[[9.99309034e-01 9.99999996e-01 6.48028633e-04 9.99865405e-01]]
[[9.99305145e-01 1.00000000e+00 6.46253741e-04 9.99871381e-01]]
[[9.99310343e-01 9.99999996e-01 6.47001270e-04 9.99862317e-01]]
[[9.99308425e-01 9.99999999e-01 6.52691685e-04 9.99853539e-01]]
[[9.99304730e-01 1.00000000e+00 6.42637917e-04 9.99858737e-01]]
[[9.99303774e-01 1.00000000e+00 6.45680041e-04 9.99868724e-01]]
[[9.99305923e-01 9.99999999e-01 6.49087278e-04 9.99844400e-01]]
[[9.99009399e-01 9.99999998e-01 7.76462695e-04 9.99896705e-01]]
[[9.99308868e-01 9.99999990e-01 6.52650183e-04 9.99827850e-01]]
[[9.99317817e-01 9.99999998e-01 6.61994680e-04 9.99796668e-01]]
[[9.99005839e-01 9.99999975e-01 7.88454079e-04 9.99899232e-01]]
[[9.99305789e-01 1.00000000e+00 6.45803859e-04 9.99850453e-01]]
[[9.99010309e-01 9.99999999e-01 7.70798903e-04 9.99894698e-01]]
[[9.99324076e-01 9.99999999e-01 6.64822107e-04 9.99777606e-01]]
[[9.99306548e-01 9.99999999e-01 6.43808113e-04 9.99842254e-01]]
[[9.99298342e-01 9.99999998e-01 6.50694771e-04 9.99855964e-01]]
[[9.99303246e-01 1.00000000e+00 6.44772037e-04 9.99874264e-01]]
[[9.99305973e-01 9.99999999e-01 6.49409281e-04 9.99840813e-01]]
[[9.99008772e-01 9.99999998e-01 7.78172818e-04 9.99897193e-01]]
[[9.99306046e-01 1.00000000e+00 6.46658298e-04 9.99868131e-01]]
[[9.99305976e-01 1.00000000e+00 6.48843846e-04 9.99866433e-01]]
[[9.99009418e-01 9.99999972e-01 7.73429405e-04 9.99899245e-01]]
[[9.99303106e-01 1.00000000e+00 6.44805685e-04 9.99869094e-01]]
[[9.99304941e-01 1.00000000e+00 6.48235078e-04 9.99855383e-01]]
[[9.99305865e-01 9.99999987e-01 6.49624569e-04 9.99875475e-01]]
[[9.99307834e-01 9.99999996e-01 6.54299459e-04 9.99855589e-01]]
[[9.99010455e-01 9.99999989e-01 7.70016122e-04 9.99896857e-01]]
[[9.99010469e-01 9.99999995e-01 7.70898720e-04 9.99896770e-01]]
[[9.99303402e-01 1.00000000e+00 6.44985551e-04 9.99866970e-01]]
[[9.99303520e-01 9.99999924e-01 6.51080073e-04 9.99882319e-01]]
[[9.99307937e-01 9.99999998e-01 6.46616358e-04 9.99837314e-01]]
[[9.99303964e-01 9.99999917e-01 6.50563040e-04 9.99881471e-01]]
[[9.99304601e-01 1.00000000e+00 6.46835399e-04 9.99872976e-01]]
[[9.99010382e-01 9.99999998e-01 7.71919457e-04 9.99895322e-01]]
[[9.99304708e-01 1.00000000e+00 6.46900558e-04 9.99872953e-01]]
[[9.99307431e-01 9.99999987e-01 6.48476717e-04 9.99837519e-01]]
[[9.99305751e-01 1.00000000e+00 6.46459284e-04 9.99870683e-01]]
[[9.99310849e-01 9.99999997e-01 6.48406443e-04 9.99855723e-01]]
[[9.99308521e-01 9.99999969e-01 6.48228973e-04 9.99867185e-01]]
[[9.99303663e-01 1.00000000e+00 6.47241963e-04 9.99857651e-01]]
[[9.99305805e-01 1.00000000e+00 6.47813407e-04 9.99869628e-01]]
[[9.99009884e-01 9.99999998e-01 7.74736069e-04 9.99896071e-01]]
[[9.99304967e-01 1.00000000e+00 6.47332097e-04 9.99860207e-01]]
[[9.99306386e-01 1.00000000e+00 6.47233877e-04 9.99868563e-01]]
[[9.99309451e-01 9.99999982e-01 6.52906150e-04 9.99851925e-01]]
[[9.99308060e-01 9.99999999e-01 6.49862945e-04 9.99860182e-01]]
[[9.99305844e-01 9.99999999e-01 6.44685306e-04 9.99845026e-01]]
[[9.99305354e-01 1.00000000e+00 6.48006205e-04 9.99855477e-01]]
[[9.99300646e-01 9.99999976e-01 6.49970395e-04 9.99852906e-01]]
[[9.99305152e-01 9.99999999e-01 6.50342403e-04 9.99840496e-01]]
[[9.99310553e-01 9.99999999e-01 6.49974959e-04 9.99848847e-01]]
[[9.99309376e-01 9.99999987e-01 6.47573106e-04 9.99865262e-01]]
[[9.99010330e-01 9.99999995e-01 7.73181794e-04 9.99897423e-01]]
[[9.99315652e-01 9.99999998e-01 6.56395741e-04 9.99818540e-01]]
[[9.99332782e-01 9.99999992e-01 6.76048315e-04 9.99735844e-01]]
[[9.99306597e-01 1.00000000e+00 6.48180208e-04 9.99861287e-01]]
[[9.99343904e-01 9.99999997e-01 6.76268112e-04 9.99725708e-01]]
[[9.99308073e-01 9.99999993e-01 6.48389639e-04 9.99868984e-01]]
[[9.99009272e-01 9.99999999e-01 7.75630082e-04 9.99895838e-01]]
[[9.99304499e-01 1.00000000e+00 6.46901700e-04 9.99863079e-01]]
[[9.99321713e-01 9.99999988e-01 6.63892630e-04 9.99783672e-01]]
[[9.99010466e-01 9.99999994e-01 7.71569007e-04 9.99897153e-01]]
[[9.99318503e-01 9.99999972e-01 6.60815563e-04 9.99802131e-01]]
[[9.99308705e-01 9.99999996e-01 6.45042791e-04 9.99835417e-01]]
[[9.99311305e-01 9.99999999e-01 6.51504801e-04 9.99829325e-01]]
[[9.99303889e-01 9.99999998e-01 6.47914702e-04 9.99847081e-01]]
[[9.99305222e-01 9.99999995e-01 6.47264730e-04 9.99843789e-01]]
[[9.99306897e-01 1.00000000e+00 6.50115586e-04 9.99851276e-01]]
[[9.99300600e-01 9.99999998e-01 6.51067045e-04 9.99850315e-01]]
[[9.99307573e-01 1.00000000e+00 6.48287266e-04 9.99865032e-01]]
[[9.99335794e-01 9.99999984e-01 6.76242303e-04 9.99735363e-01]]
[[9.99199996e-01 9.99999995e-01 7.14643413e-04 9.99870409e-01]]
[[9.99306256e-01 1.00000000e+00 6.47291332e-04 9.99865240e-01]]
[[9.99302941e-01 1.00000000e+00 6.45162037e-04 9.99872435e-01]]
[[9.99307242e-01 9.99999999e-01 6.49513842e-04 9.99865450e-01]]
[[9.99304807e-01 1.00000000e+00 6.46260934e-04 9.99870010e-01]]
[[9.99309136e-01 9.99999999e-01 6.47148617e-04 9.99864089e-01]]
[[9.99303782e-01 1.00000000e+00 6.45734778e-04 9.99873068e-01]]
[[9.99312094e-01 9.99999988e-01 6.49969615e-04 9.99847397e-01]]
[[9.99304463e-01 9.99999998e-01 6.53226276e-04 9.99835779e-01]]
[[9.99304350e-01 1.00000000e+00 6.48025303e-04 9.99854855e-01]]
[[9.99303050e-01 1.00000000e+00 6.43921676e-04 9.99871577e-01]]
[[9.99303735e-01 1.00000000e+00 6.45891155e-04 9.99874559e-01]]
[[9.99304095e-01 1.00000000e+00 6.46161810e-04 9.99873662e-01]]
[[9.99311158e-01 9.99999999e-01 6.50775114e-04 9.99845993e-01]]
[[9.99311493e-01 9.99999999e-01 6.53812028e-04 9.99826459e-01]]
[[9.99010358e-01 9.99999992e-01 7.70607338e-04 9.99895971e-01]]
[[9.99304162e-01 9.99999990e-01 6.51387989e-04 9.99878567e-01]]
[[9.99307949e-01 1.00000000e+00 6.47417878e-04 9.99863753e-01]]
[[9.99338575e-01 9.99999993e-01 6.77406131e-04 9.99728015e-01]]
[[9.99309834e-01 9.99999998e-01 6.47568690e-04 9.99862956e-01]]
[[9.99306343e-01 9.99999741e-01 6.49525673e-04 9.99901279e-01]]
[[9.99307702e-01 9.99999999e-01 6.47596335e-04 9.99839001e-01]]
[[9.99303750e-01 1.00000000e+00 6.46726420e-04 9.99864324e-01]]
[[9.99302550e-01 9.99999994e-01 6.52132968e-04 9.99842750e-01]]
[[9.99306448e-01 1.00000000e+00 6.47452677e-04 9.99869397e-01]]
[[9.99308119e-01 9.99999991e-01 6.51599232e-04 9.99831543e-01]]
[[9.99010835e-01 9.99999998e-01 7.70352886e-04 9.99894921e-01]]
[[9.99305848e-01 1.00000000e+00 6.47919077e-04 9.99862112e-01]]
[[9.99305397e-01 1.00000000e+00 6.48107888e-04 9.99860273e-01]]
[[9.99305470e-01 9.99999999e-01 6.44690977e-04 9.99844902e-01]]
[[9.99303254e-01 1.00000000e+00 6.44098858e-04 9.99870355e-01]]
[[9.99292984e-01 9.99999999e-01 6.56519374e-04 9.99849084e-01]]
[[9.99010637e-01 9.99999996e-01 7.69988043e-04 9.99896164e-01]]
[[9.99303193e-01 1.00000000e+00 6.43330636e-04 9.99868913e-01]]
[[9.99303822e-01 1.00000000e+00 6.45992422e-04 9.99873352e-01]]
[[9.99173585e-01 9.99999993e-01 7.31008036e-04 9.99885693e-01]]
[[9.99306537e-01 1.00000000e+00 6.50269658e-04 9.99849734e-01]]
[[9.99302788e-01 1.00000000e+00 6.44185491e-04 9.99870976e-01]]
[[9.99309758e-01 9.99999999e-01 6.48399433e-04 9.99860416e-01]]
[[9.99308943e-01 9.99999992e-01 6.47748415e-04 9.99866744e-01]]
[[9.99304295e-01 1.00000000e+00 6.46377674e-04 9.99869242e-01]]
[[9.99010852e-01 9.99999998e-01 7.70338754e-04 9.99895173e-01]]
[[9.99306606e-01 1.00000000e+00 6.48226955e-04 9.99846466e-01]]
[[9.99309467e-01 9.99999999e-01 6.52970828e-04 9.99835903e-01]]
[[9.99303813e-01 1.00000000e+00 6.46233931e-04 9.99867125e-01]]
[[9.99305127e-01 1.00000000e+00 6.49611183e-04 9.99849391e-01]]
[[9.99310831e-01 9.99999993e-01 6.50882901e-04 9.99827371e-01]]
[[9.99299558e-01 9.99999956e-01 6.51704823e-04 9.99901204e-01]]
[[9.99309677e-01 9.99999988e-01 6.47221241e-04 9.99864690e-01]]
[[9.99304540e-01 1.00000000e+00 6.45880715e-04 9.99872564e-01]]
[[9.99312026e-01 9.99999999e-01 6.58474497e-04 9.99812957e-01]]
[[9.99306503e-01 9.99999999e-01 6.49485436e-04 9.99843963e-01]]
[[9.99302690e-01 1.00000000e+00 6.44385684e-04 9.99875087e-01]]
[[9.99302625e-01 1.00000000e+00 6.43840417e-04 9.99875176e-01]]
[[9.99305504e-01 9.99999999e-01 6.48853505e-04 9.99844205e-01]]
[[9.99305795e-01 9.99999999e-01 6.48069107e-04 9.99843985e-01]]
[[9.99310413e-01 9.99999970e-01 6.49377861e-04 9.99854723e-01]]
[[9.99010485e-01 9.99999994e-01 7.69991260e-04 9.99895772e-01]]
[[9.99302796e-01 1.00000000e+00 6.43989153e-04 9.99872915e-01]]
[[9.99306537e-01 1.00000000e+00 6.47978531e-04 9.99860590e-01]]
[[9.99302898e-01 9.99999997e-01 6.51700586e-04 9.99842691e-01]]
[[9.99307440e-01 9.99999999e-01 6.46155725e-04 9.99840575e-01]]
[[9.99305793e-01 1.00000000e+00 6.46751882e-04 9.99869084e-01]]
[[9.99309428e-01 9.99999998e-01 6.47403785e-04 9.99865201e-01]]
[[9.99308919e-01 9.99999983e-01 6.49689887e-04 9.99861912e-01]]
[[9.99309645e-01 9.99999999e-01 6.48385944e-04 9.99856583e-01]]
[[9.99309475e-01 9.99999995e-01 6.47396483e-04 9.99865163e-01]]
[[9.99306150e-01 1.00000000e+00 6.49286149e-04 9.99853487e-01]]
[[9.99308510e-01 9.99999999e-01 6.48171839e-04 9.99836903e-01]]
[[9.99010538e-01 9.99999999e-01 7.69978988e-04 9.99894577e-01]]
[[9.99303476e-01 1.00000000e+00 6.45490301e-04 9.99874401e-01]]
[[9.99302740e-01 1.00000000e+00 6.45435041e-04 9.99868000e-01]]
[[9.99307765e-01 1.00000000e+00 6.47736754e-04 9.99862811e-01]]
[[9.99302492e-01 9.99999996e-01 6.46345480e-04 9.99852235e-01]]
[[9.99309261e-01 9.99999999e-01 6.47692288e-04 9.99860311e-01]]
[[9.99307576e-01 1.00000000e+00 6.47087166e-04 9.99863673e-01]]
[[9.99309324e-01 9.99999999e-01 6.49641750e-04 9.99857246e-01]]
[[9.99305257e-01 1.00000000e+00 6.46780382e-04 9.99864746e-01]]
[[9.99303917e-01 1.00000000e+00 6.44378201e-04 9.99860438e-01]]
[[9.99303118e-01 1.00000000e+00 6.44177533e-04 9.99874668e-01]]
[[9.99303870e-01 1.00000000e+00 6.47405363e-04 9.99860084e-01]]
[[9.99306398e-01 1.00000000e+00 6.46840067e-04 9.99867987e-01]]
[[9.99306443e-01 1.00000000e+00 6.47793767e-04 9.99863600e-01]]
[[9.99303442e-01 1.00000000e+00 6.46050725e-04 9.99865496e-01]]
[[9.99306090e-01 9.99999994e-01 6.47401787e-04 9.99841532e-01]]
[[9.99305893e-01 1.00000000e+00 6.47664530e-04 9.99861692e-01]]
[[9.99306981e-01 9.99999999e-01 6.47003901e-04 9.99841036e-01]]
[[9.99010537e-01 9.99999999e-01 7.70787473e-04 9.99894565e-01]]
[[9.99009436e-01 9.99999981e-01 7.74094122e-04 9.99898454e-01]]
[[9.99297590e-01 9.99999993e-01 6.52030054e-04 9.99854198e-01]]
[[9.99304116e-01 1.00000000e+00 6.42083065e-04 9.99855847e-01]]
[[9.99302897e-01 1.00000000e+00 6.44855988e-04 9.99873122e-01]]
[[9.99302572e-01 1.00000000e+00 6.42704070e-04 9.99873935e-01]]
[[9.99309959e-01 9.99999999e-01 6.47127066e-04 9.99862960e-01]]
[[9.99306731e-01 9.99999981e-01 6.45170104e-04 9.99840456e-01]]
[[9.99010864e-01 9.99999994e-01 7.69933892e-04 9.99897053e-01]]
[[9.99305789e-01 1.00000000e+00 6.50158074e-04 9.99861626e-01]]
[[9.99304000e-01 9.99999999e-01 6.45523644e-04 9.99852372e-01]]
[[9.99307090e-01 9.99999999e-01 6.43990084e-04 9.99840736e-01]]
[[9.99319923e-01 9.99999988e-01 6.57703745e-04 9.99807473e-01]]
[[9.99371005e-01 9.99999976e-01 6.95037912e-04 9.99654774e-01]]
[[9.99303254e-01 9.99999999e-01 6.49911064e-04 9.99848125e-01]]
[[9.99304763e-01 1.00000000e+00 6.47665424e-04 9.99866680e-01]]
[[9.99296403e-01 9.99999998e-01 6.52826742e-04 9.99853291e-01]]
[[9.99303926e-01 9.99999999e-01 6.45538777e-04 9.99851616e-01]]
[[9.99306409e-01 1.00000000e+00 6.46456276e-04 9.99869248e-01]]
[[9.99304389e-01 1.00000000e+00 6.46083029e-04 9.99872389e-01]]
[[9.99010559e-01 9.99999994e-01 7.70037344e-04 9.99896092e-01]]
[[9.99010466e-01 9.99999998e-01 7.70171329e-04 9.99894539e-01]]
[[9.99306086e-01 1.00000000e+00 6.49056870e-04 9.99857878e-01]]
[[9.99303178e-01 1.00000000e+00 6.44061667e-04 9.99869456e-01]]
[[9.99308637e-01 9.99999993e-01 6.50280925e-04 9.99862234e-01]]
[[9.99308705e-01 9.99999993e-01 6.48600796e-04 9.99865447e-01]]
[[9.99306384e-01 1.00000000e+00 6.50919269e-04 9.99846399e-01]]
[[9.99010271e-01 9.99999997e-01 7.71276832e-04 9.99895565e-01]]
[[9.99315602e-01 9.99999999e-01 6.56716691e-04 9.99817678e-01]]
[[9.99010466e-01 9.99999996e-01 7.70830618e-04 9.99896883e-01]]
[[9.99309442e-01 9.99999993e-01 6.49817243e-04 9.99858560e-01]]
[[9.99010196e-01 9.99999990e-01 7.71016266e-04 9.99896715e-01]]
[[9.99308502e-01 9.99999998e-01 6.48383012e-04 9.99835253e-01]]
[[9.99306989e-01 1.00000000e+00 6.47233881e-04 9.99864601e-01]]
[[9.99309176e-01 9.99999998e-01 6.47821230e-04 9.99864889e-01]]
[[9.99304522e-01 1.00000000e+00 6.47651789e-04 9.99865153e-01]]
[[9.99336393e-01 9.99999907e-01 6.71195941e-04 9.99770786e-01]]
[[9.99309685e-01 1.00000000e+00 6.50644644e-04 9.99841288e-01]]
[[9.99309777e-01 9.99999989e-01 6.50222046e-04 9.99830430e-01]]
[[9.99298842e-01 9.99999999e-01 6.56621639e-04 9.99838483e-01]]
[[9.99306174e-01 1.00000000e+00 6.44653629e-04 9.99848215e-01]]
[[9.99306638e-01 1.00000000e+00 6.47197833e-04 9.99868939e-01]]
[[9.99305335e-01 1.00000000e+00 6.47896293e-04 9.99855914e-01]]
[[9.99304041e-01 9.99999993e-01 6.46709151e-04 9.99847411e-01]]
[[9.99302614e-01 1.00000000e+00 6.43811431e-04 9.99874263e-01]]
[[9.99303403e-01 1.00000000e+00 6.45394198e-04 9.99874192e-01]]
[[9.99304880e-01 1.00000000e+00 6.46511483e-04 9.99870051e-01]]
[[9.99319527e-01 9.99999995e-01 6.70628055e-04 9.99762542e-01]]
[[9.99322212e-01 9.99999999e-01 6.63259427e-04 9.99781561e-01]]
[[9.99323006e-01 9.99999996e-01 6.70890294e-04 9.99756808e-01]]
[[9.99307756e-01 9.99999999e-01 6.49052973e-04 9.99842712e-01]]
[[9.99369517e-01 9.99999964e-01 6.95456960e-04 9.99654297e-01]]
[[9.99307210e-01 9.99999997e-01 6.44447023e-04 9.99839188e-01]]
[[9.99309844e-01 9.99999999e-01 6.49607225e-04 9.99852806e-01]]
[[9.99311262e-01 9.99999996e-01 6.49636379e-04 9.99850939e-01]]
[[9.99305582e-01 9.99999999e-01 6.46409734e-04 9.99848464e-01]]
[[9.99304646e-01 1.00000000e+00 6.46925776e-04 9.99872977e-01]]
[[9.99307639e-01 1.00000000e+00 6.47425160e-04 9.99866966e-01]]
[[9.99308440e-01 9.99999997e-01 6.48132903e-04 9.99835388e-01]]
[[9.99010719e-01 9.99999997e-01 7.70221036e-04 9.99895303e-01]]
[[9.99305844e-01 9.99999999e-01 6.51279518e-04 9.99838767e-01]]
[[9.99306980e-01 9.99999999e-01 6.49085202e-04 9.99870459e-01]]
[[9.99308704e-01 9.99999985e-01 6.48171263e-04 9.99866536e-01]]
[[9.99307792e-01 9.99999976e-01 6.49888208e-04 9.99865666e-01]]
[[9.99303132e-01 1.00000000e+00 6.45905043e-04 9.99874347e-01]]
[[9.99297080e-01 9.99999984e-01 6.57716239e-04 9.99836603e-01]]
[[9.99010480e-01 9.99999985e-01 7.70013373e-04 9.99899589e-01]]
[[9.99304122e-01 1.00000000e+00 6.45683138e-04 9.99854979e-01]]
[[9.99305901e-01 1.00000000e+00 6.47059548e-04 9.99870322e-01]]
[[9.99304097e-01 1.00000000e+00 6.46540022e-04 9.99865943e-01]]
[[9.99007774e-01 9.99999998e-01 7.82956844e-04 9.99896602e-01]]
[[9.99304656e-01 9.99999999e-01 6.50339731e-04 9.99846967e-01]]
[[9.99303742e-01 1.00000000e+00 6.46338829e-04 9.99873549e-01]]
[[9.99312868e-01 9.99999997e-01 6.51301633e-04 9.99840729e-01]]
[[9.99308585e-01 9.99999999e-01 6.46663941e-04 9.99836653e-01]]
[[9.99300029e-01 9.99999995e-01 6.51823764e-04 9.99849346e-01]]
[[9.99314564e-01 9.99999994e-01 6.52257343e-04 9.99832606e-01]]
[[9.99309926e-01 9.99999999e-01 6.52228130e-04 9.99826517e-01]]
[[9.99307415e-01 1.00000000e+00 6.47345113e-04 9.99864145e-01]]
[[9.99312510e-01 9.99999999e-01 6.51596077e-04 9.99837545e-01]]
[[9.99305451e-01 1.00000000e+00 6.47875624e-04 9.99865431e-01]]
[[9.99010677e-01 9.99999997e-01 7.69959209e-04 9.99895841e-01]]
[[9.99304961e-01 1.00000000e+00 6.46276012e-04 9.99853710e-01]]
[[9.99304687e-01 1.00000000e+00 6.46401694e-04 9.99867704e-01]]
[[9.99306090e-01 1.00000000e+00 6.46963509e-04 9.99867181e-01]]
[[9.99297901e-01 9.99999998e-01 6.49491599e-04 9.99859797e-01]]
[[9.99306120e-01 1.00000000e+00 6.49211319e-04 9.99852317e-01]]
[[9.99318657e-01 9.99999999e-01 6.58347750e-04 9.99806798e-01]]
[[9.99302574e-01 1.00000000e+00 6.43674102e-04 9.99875245e-01]]
[[9.99309676e-01 9.99999999e-01 6.47504258e-04 9.99861396e-01]]
[[9.99305648e-01 9.99999999e-01 6.46493242e-04 9.99846453e-01]]
[[9.99313051e-01 9.99999998e-01 6.50568094e-04 9.99840461e-01]]
[[9.99306818e-01 9.99999988e-01 6.49188910e-04 9.99838241e-01]]
[[9.99304155e-01 1.00000000e+00 6.45754417e-04 9.99862156e-01]]
[[9.99010434e-01 9.99999991e-01 7.71315989e-04 9.99898044e-01]]
[[9.99310075e-01 9.99999998e-01 6.47642601e-04 9.99861101e-01]]
[[9.99304920e-01 1.00000000e+00 6.46759249e-04 9.99870513e-01]]
[[9.99009918e-01 9.99999998e-01 7.73997118e-04 9.99896509e-01]]
[[9.99308263e-01 9.99999995e-01 6.49406355e-04 9.99834421e-01]]
[[9.99312914e-01 9.99999999e-01 6.51372089e-04 9.99842275e-01]]
[[9.99305324e-01 9.99999968e-01 6.46730251e-04 9.99843828e-01]]
[[9.99302836e-01 1.00000000e+00 6.43875659e-04 9.99872947e-01]]
[[9.99314011e-01 9.99999992e-01 6.66315948e-04 9.99783815e-01]]
[[9.99306330e-01 9.99999995e-01 6.44442861e-04 9.99841685e-01]]
[[9.99308257e-01 9.99999999e-01 6.48509467e-04 9.99866259e-01]]
[[9.99304335e-01 1.00000000e+00 6.46269115e-04 9.99871678e-01]]
[[9.99305583e-01 1.00000000e+00 6.47729429e-04 9.99868235e-01]]
[[9.99305556e-01 1.00000000e+00 6.46926888e-04 9.99870009e-01]]
[[9.99303479e-01 1.00000000e+00 6.44923202e-04 9.99869836e-01]]
[[9.99307265e-01 9.99999999e-01 6.50961476e-04 9.99839048e-01]]
[[9.99304006e-01 1.00000000e+00 6.46314412e-04 9.99862896e-01]]
[[9.99306432e-01 1.00000000e+00 6.49547620e-04 9.99863720e-01]]
[[9.99305652e-01 1.00000000e+00 6.45051465e-04 9.99850228e-01]]
[[9.99010488e-01 9.99999985e-01 7.70545580e-04 9.99898675e-01]]
[[9.99304671e-01 1.00000000e+00 6.46570453e-04 9.99852202e-01]]
[[9.99308335e-01 9.99999999e-01 6.47663054e-04 9.99863987e-01]]
[[9.99304697e-01 9.99999999e-01 6.49200797e-04 9.99843802e-01]]
[[9.99010821e-01 9.99999997e-01 7.69942510e-04 9.99895309e-01]]
[[9.99309274e-01 9.99999995e-01 6.47716857e-04 9.99865288e-01]]
[[9.99305269e-01 1.00000000e+00 6.46523491e-04 9.99870987e-01]]
[[9.99305141e-01 1.00000000e+00 6.46827441e-04 9.99865579e-01]]
[[9.99309721e-01 9.99999994e-01 6.48039283e-04 9.99862579e-01]]
[[9.99308756e-01 9.99999999e-01 6.50556656e-04 9.99837074e-01]]
[[9.99302914e-01 1.00000000e+00 6.44749008e-04 9.99869183e-01]]
[[9.99302945e-01 1.00000000e+00 6.44495055e-04 9.99872536e-01]]
[[9.99303597e-01 1.00000000e+00 6.45694631e-04 9.99874513e-01]]
[[9.99308120e-01 9.99999999e-01 6.48363275e-04 9.99867703e-01]]
[[9.99319200e-01 9.99999928e-01 6.62905959e-04 9.99800430e-01]]
[[9.99308469e-01 9.99999990e-01 6.48922321e-04 9.99865633e-01]]
[[9.99303007e-01 1.00000000e+00 6.45408253e-04 9.99874610e-01]]
[[9.99303570e-01 1.00000000e+00 6.45898579e-04 9.99872353e-01]]
[[9.99310523e-01 9.99999999e-01 6.50974643e-04 9.99845297e-01]]
[[9.99306947e-01 9.99999999e-01 6.51091812e-04 9.99863954e-01]]
[[9.99305422e-01 9.99999999e-01 6.51810217e-04 9.99837643e-01]]
[[9.99303682e-01 1.00000000e+00 6.45932133e-04 9.99874204e-01]]
[[9.99303100e-01 1.00000000e+00 6.44619996e-04 9.99874738e-01]]
[[9.99310428e-01 9.99999999e-01 6.55594222e-04 9.99825139e-01]]
[[9.99313384e-01 9.99999999e-01 6.57592221e-04 9.99813494e-01]]
[[9.99303939e-01 9.99999998e-01 6.46702390e-04 9.99847809e-01]]
[[9.99304556e-01 9.99999984e-01 6.48554792e-04 9.99844666e-01]]
[[9.99306613e-01 1.00000000e+00 6.48538960e-04 9.99861843e-01]]
[[9.99307572e-01 9.99999989e-01 6.48920523e-04 9.99869620e-01]]
[[9.99307725e-01 1.00000000e+00 6.47541285e-04 9.99864795e-01]]
[[9.99305319e-01 1.00000000e+00 6.47424255e-04 9.99861801e-01]]
[[9.99305335e-01 1.00000000e+00 6.46134421e-04 9.99870867e-01]]
[[9.99305595e-01 9.99999988e-01 6.46377294e-04 9.99843258e-01]]
[[9.99304906e-01 1.00000000e+00 6.45821424e-04 9.99871805e-01]]
[[9.99310743e-01 9.99999999e-01 6.51490101e-04 9.99847816e-01]]
[[9.99315003e-01 9.99999996e-01 6.68953744e-04 9.99782312e-01]]
[[9.99310953e-01 9.99999999e-01 6.55002819e-04 9.99819414e-01]]
[[9.99305750e-01 9.99999981e-01 6.48764015e-04 9.99841334e-01]]
[[9.99309094e-01 9.99999998e-01 6.48062720e-04 9.99864832e-01]]
[[9.99307758e-01 1.00000000e+00 6.49823793e-04 9.99852475e-01]]
[[9.99009413e-01 9.99999959e-01 7.74417774e-04 9.99900140e-01]]
[[9.99302999e-01 1.00000000e+00 6.44550087e-04 9.99869867e-01]]
[[9.99309879e-01 9.99999994e-01 6.47082940e-04 9.99864261e-01]]
[[9.99304890e-01 1.00000000e+00 6.47772493e-04 9.99865011e-01]]
[[9.99306341e-01 1.00000000e+00 6.46834219e-04 9.99868508e-01]]
[[9.99304561e-01 1.00000000e+00 6.46325655e-04 9.99869188e-01]]
[[9.99303892e-01 1.00000000e+00 6.46540959e-04 9.99873461e-01]]
[[9.99247638e-01 9.99999998e-01 6.79851806e-04 9.99866659e-01]]
[[9.99310337e-01 9.99999999e-01 6.52672321e-04 9.99832371e-01]]
[[9.99308706e-01 9.99999992e-01 6.51767767e-04 9.99829927e-01]]
[[9.99306712e-01 1.00000000e+00 6.48679186e-04 9.99865336e-01]]
[[9.99307929e-01 1.00000000e+00 6.49902824e-04 9.99852457e-01]]
[[9.99311542e-01 9.99999992e-01 6.53878633e-04 9.99819960e-01]]
[[9.99308982e-01 9.99999999e-01 6.49238458e-04 9.99857290e-01]]
[[9.99302676e-01 1.00000000e+00 6.43574310e-04 9.99872486e-01]]
[[9.99308891e-01 9.99999995e-01 6.47837245e-04 9.99866886e-01]]
[[9.99303348e-01 1.00000000e+00 6.46311759e-04 9.99873818e-01]]
[[9.99304759e-01 9.99999999e-01 6.48319599e-04 9.99848649e-01]]
[[9.99305658e-01 9.99999997e-01 6.49982471e-04 9.99875266e-01]]
[[9.99303864e-01 1.00000000e+00 6.45386053e-04 9.99864117e-01]]
[[9.99298476e-01 9.99999991e-01 6.61050076e-04 9.99821924e-01]]
[[9.99302950e-01 1.00000000e+00 6.43802462e-04 9.99872144e-01]]
[[9.99305909e-01 9.99999999e-01 6.46456605e-04 9.99843398e-01]]
[[9.99303372e-01 1.00000000e+00 6.46452599e-04 9.99869470e-01]]
[[9.99309578e-01 9.99999987e-01 6.47701908e-04 9.99863639e-01]]
[[9.99301758e-01 9.99999996e-01 6.51322588e-04 9.99847120e-01]]
[[9.99303263e-01 1.00000000e+00 6.44792453e-04 9.99867911e-01]]
[[9.99303206e-01 1.00000000e+00 6.45434889e-04 9.99870276e-01]]
[[9.99309761e-01 9.99999999e-01 6.47661629e-04 9.99859770e-01]]
[[9.99308072e-01 9.99999999e-01 6.46986710e-04 9.99838473e-01]]
[[9.99306980e-01 1.00000000e+00 6.47534425e-04 9.99863854e-01]]
[[9.99305258e-01 1.00000000e+00 6.46437004e-04 9.99871750e-01]]
[[9.99307163e-01 9.99999993e-01 6.47900367e-04 9.99838517e-01]]
[[9.99306662e-01 1.00000000e+00 6.48922905e-04 9.99867542e-01]]
[[9.99308846e-01 1.00000000e+00 6.49459942e-04 9.99854275e-01]]
[[9.99306133e-01 1.00000000e+00 6.47026762e-04 9.99868920e-01]]
[[9.99311035e-01 9.99999999e-01 6.50408387e-04 9.99844700e-01]]
[[9.99304734e-01 1.00000000e+00 6.47544219e-04 9.99861807e-01]]
[[9.99332521e-01 9.99999974e-01 6.68755877e-04 9.99762157e-01]]
[[9.99308811e-01 9.99999995e-01 6.47933044e-04 9.99866808e-01]]
[[9.99306253e-01 1.00000000e+00 6.52329267e-04 9.99842294e-01]]
[[9.99305174e-01 1.00000000e+00 6.47824495e-04 9.99860677e-01]]
[[9.99303669e-01 1.00000000e+00 6.45815792e-04 9.99874236e-01]]
[[9.99305077e-01 9.99999999e-01 6.45121179e-04 9.99847568e-01]]
[[9.99304303e-01 1.00000000e+00 6.43980182e-04 9.99858682e-01]]
[[9.99010249e-01 9.99999972e-01 7.70094827e-04 9.99899780e-01]]
[[9.99311344e-01 9.99999997e-01 6.49410524e-04 9.99850108e-01]]
[[9.99308199e-01 9.99999999e-01 6.48088068e-04 9.99867065e-01]]
[[9.99304316e-01 1.00000000e+00 6.46124202e-04 9.99870952e-01]]
[[9.99308071e-01 9.99999994e-01 6.52394572e-04 9.99830306e-01]]
[[9.99303353e-01 9.99999988e-01 6.60238012e-04 9.99817419e-01]]
[[9.99302625e-01 1.00000000e+00 6.44829064e-04 9.99867196e-01]]
[[9.99304825e-01 9.99999996e-01 6.55874708e-04 9.99827927e-01]]
[[9.99303424e-01 1.00000000e+00 6.45326702e-04 9.99874929e-01]]
[[9.99303573e-01 1.00000000e+00 6.45654054e-04 9.99874892e-01]]
[[9.99298163e-01 9.99999982e-01 6.51418069e-04 9.99911552e-01]]
[[9.99305874e-01 9.99999999e-01 6.51153035e-04 9.99838870e-01]]
[[9.99009696e-01 9.99999999e-01 7.71914514e-04 9.99895449e-01]]
[[9.99306392e-01 9.99999998e-01 6.47313946e-04 9.99840752e-01]]
[[9.99308734e-01 9.99999999e-01 6.47471534e-04 9.99864983e-01]]
[[9.99304684e-01 9.99999996e-01 6.46970955e-04 9.99845482e-01]]
[[9.99010525e-01 9.99999998e-01 7.69989922e-04 9.99894512e-01]]
[[9.99309490e-01 9.99999998e-01 6.51333585e-04 9.99829046e-01]]
[[9.99303145e-01 1.00000000e+00 6.43740317e-04 9.99869066e-01]]
[[9.99307366e-01 9.99999995e-01 6.46534303e-04 9.99838707e-01]]
[[9.99004683e-01 9.99999999e-01 7.93488969e-04 9.99896401e-01]]
[[9.99304110e-01 9.99999999e-01 6.45310323e-04 9.99850989e-01]]
[[9.99304170e-01 1.00000000e+00 6.44509498e-04 9.99863892e-01]]
[[9.99314725e-01 9.99999976e-01 6.59919763e-04 9.99800215e-01]]
[[9.99308163e-01 9.99999997e-01 6.48311774e-04 9.99868573e-01]]
[[9.99310383e-01 9.99999994e-01 6.48202790e-04 9.99858731e-01]]
[[9.99305195e-01 1.00000000e+00 6.47201173e-04 9.99871766e-01]]
[[9.99303834e-01 1.00000000e+00 6.47133969e-04 9.99872934e-01]]
[[9.99304954e-01 1.00000000e+00 6.46740422e-04 9.99872389e-01]]
[[9.99308230e-01 9.99999999e-01 6.54043185e-04 9.99849271e-01]]
[[9.99304243e-01 9.99999999e-01 6.48043964e-04 9.99846607e-01]]
[[9.99308207e-01 9.99999998e-01 6.42774143e-04 9.99836283e-01]]
[[9.99304306e-01 1.00000000e+00 6.47323004e-04 9.99865003e-01]]
[[9.99303227e-01 1.00000000e+00 6.45241548e-04 9.99870620e-01]]
[[9.99303739e-01 1.00000000e+00 6.43412954e-04 9.99860229e-01]]
[[9.99313319e-01 9.99999999e-01 6.51576101e-04 9.99836569e-01]]
[[9.99310106e-01 9.99999999e-01 6.54039536e-04 9.99832267e-01]]
[[9.99304748e-01 1.00000000e+00 6.46388292e-04 9.99870582e-01]]
[[9.99354515e-01 9.99998953e-01 6.91629692e-04 9.99678083e-01]]
[[9.99308008e-01 9.99999998e-01 6.49982666e-04 9.99834368e-01]]
[[9.99304587e-01 1.00000000e+00 6.47360752e-04 9.99866534e-01]]
[[9.99309389e-01 9.99999999e-01 6.48329345e-04 9.99861065e-01]]
[[9.99304452e-01 1.00000000e+00 6.46971234e-04 9.99857953e-01]]
[[9.99304787e-01 1.00000000e+00 6.46602616e-04 9.99869455e-01]]
[[9.99305596e-01 9.99999999e-01 6.45908822e-04 9.99844461e-01]]
[[9.99302783e-01 1.00000000e+00 6.44210446e-04 9.99873605e-01]]
[[9.99306505e-01 1.00000000e+00 6.47902315e-04 9.99864539e-01]]
[[9.99304426e-01 1.00000000e+00 6.45985985e-04 9.99860034e-01]]
[[9.99308324e-01 9.99999997e-01 6.44330312e-04 9.99836449e-01]]
[[9.99304665e-01 1.00000000e+00 6.46339616e-04 9.99869069e-01]]
[[9.99303382e-01 1.00000000e+00 6.43931774e-04 9.99864934e-01]]
[[9.99290994e-01 9.99999995e-01 6.55436820e-04 9.99855576e-01]]
[[9.99305658e-01 9.99999999e-01 6.58553729e-04 9.99827352e-01]]
[[9.99305245e-01 9.99999999e-01 6.49930846e-04 9.99845197e-01]]
[[9.99301350e-01 9.99999803e-01 6.52971471e-04 9.99900119e-01]]
[[9.99305547e-01 1.00000000e+00 6.46778994e-04 9.99871016e-01]]
[[9.99302995e-01 1.00000000e+00 6.44007995e-04 9.99873779e-01]]
[[9.99307640e-01 1.00000000e+00 6.47350123e-04 9.99866899e-01]]
[[9.99309469e-01 9.99999999e-01 6.47321834e-04 9.99864516e-01]]
[[9.99315662e-01 9.99999997e-01 6.55212608e-04 9.99822102e-01]]
[[9.99308177e-01 9.99999994e-01 6.48509586e-04 9.99868023e-01]]
[[9.99200553e-01 9.99999997e-01 7.13158302e-04 9.99872073e-01]]
[[9.99307997e-01 1.00000000e+00 6.47383430e-04 9.99865548e-01]]
[[9.99299755e-01 9.99999998e-01 6.57904069e-04 9.99831139e-01]]
[[9.99302938e-01 9.99999999e-01 6.46124480e-04 9.99851883e-01]]
[[9.99307173e-01 1.00000000e+00 6.50138253e-04 9.99846326e-01]]
[[9.99337295e-01 9.99999997e-01 6.72754929e-04 9.99737172e-01]]
[[9.99304212e-01 9.99999994e-01 6.58135868e-04 9.99822678e-01]]
[[9.99308694e-01 9.99999999e-01 6.47667389e-04 9.99863695e-01]]
[[9.99305402e-01 1.00000000e+00 6.46790798e-04 9.99869327e-01]]
[[9.99306349e-01 9.99999999e-01 6.45592998e-04 9.99842573e-01]]
[[9.99304263e-01 1.00000000e+00 6.46033671e-04 9.99872197e-01]]
[[9.99304329e-01 1.00000000e+00 6.45796780e-04 9.99873173e-01]]
[[9.99310792e-01 9.99999999e-01 6.60916463e-04 9.99807069e-01]]
[[9.99304890e-01 1.00000000e+00 6.46694641e-04 9.99870721e-01]]
[[9.99009080e-01 9.99999994e-01 7.76219271e-04 9.99897854e-01]]
[[9.99333323e-01 9.99999968e-01 6.69734362e-04 9.99769010e-01]]
[[9.99304800e-01 1.00000000e+00 6.51250034e-04 9.99849832e-01]]
[[9.99305165e-01 9.99999974e-01 6.67378937e-04 9.99793680e-01]]
[[9.99305945e-01 9.99999999e-01 6.44801554e-04 9.99847967e-01]]
[[9.99311712e-01 9.99999998e-01 6.48704804e-04 9.99851494e-01]]
[[9.99303270e-01 1.00000000e+00 6.44809435e-04 9.99868063e-01]]
[[9.99294774e-01 9.99999954e-01 6.49264867e-04 9.99957844e-01]]
[[9.99295663e-01 9.99999994e-01 6.49946325e-04 9.99863972e-01]]
[[9.99307091e-01 9.99999999e-01 6.48776444e-04 9.99869398e-01]]
[[9.99305095e-01 1.00000000e+00 6.46393750e-04 9.99850975e-01]]
[[9.99309152e-01 9.99999985e-01 6.47591801e-04 9.99866060e-01]]
[[9.99308518e-01 9.99999999e-01 6.48977366e-04 9.99859031e-01]]
[[9.99306108e-01 9.99999996e-01 6.48543212e-04 9.99840481e-01]]
[[9.99304502e-01 9.99999995e-01 6.45944983e-04 9.99846480e-01]]
[[9.99304374e-01 1.00000000e+00 6.46129201e-04 9.99861241e-01]]
[[9.99105295e-01 9.99999998e-01 7.84085196e-04 9.99890908e-01]]
[[9.99310272e-01 9.99999999e-01 6.47806842e-04 9.99858590e-01]]
[[9.99304717e-01 1.00000000e+00 6.45311037e-04 9.99852127e-01]]
[[9.99304776e-01 1.00000000e+00 6.47913097e-04 9.99855891e-01]]
[[9.99304045e-01 1.00000000e+00 6.46229574e-04 9.99870930e-01]]
[[9.99010486e-01 9.99999992e-01 7.70149469e-04 9.99896598e-01]]
[[9.99302610e-01 1.00000000e+00 6.43767118e-04 9.99875210e-01]]
[[9.99305111e-01 1.00000000e+00 6.47261510e-04 9.99869686e-01]]
[[9.99307490e-01 9.99999992e-01 6.64601757e-04 9.99803420e-01]]
[[9.99304524e-01 1.00000000e+00 6.46630281e-04 9.99873308e-01]]
[[9.99303692e-01 1.00000000e+00 6.45378786e-04 9.99872189e-01]]
[[9.99309019e-01 1.00000000e+00 6.50638038e-04 9.99843579e-01]]
[[9.99308876e-01 9.99999993e-01 6.57013536e-04 9.99856902e-01]]
[[9.99304403e-01 1.00000000e+00 6.45719062e-04 9.99873407e-01]]
[[9.99308891e-01 1.00000000e+00 6.49789741e-04 9.99851900e-01]]
[[9.99303645e-01 1.00000000e+00 6.44267091e-04 9.99866304e-01]]
[[9.99302910e-01 9.99999986e-01 6.65835896e-04 9.99799487e-01]]
[[9.99307053e-01 1.00000000e+00 6.47944685e-04 9.99867574e-01]]
[[9.99304991e-01 1.00000000e+00 6.46927738e-04 9.99858816e-01]]
[[9.99305006e-01 1.00000000e+00 6.46875576e-04 9.99867585e-01]]
[[9.99302682e-01 1.00000000e+00 6.44405924e-04 9.99875458e-01]]
[[9.99008661e-01 9.99999999e-01 7.78123104e-04 9.99896314e-01]]
[[9.99303322e-01 1.00000000e+00 6.45095460e-04 9.99873773e-01]]
[[9.99305719e-01 1.00000000e+00 6.46540230e-04 9.99870038e-01]]
[[9.99304890e-01 1.00000000e+00 6.45567379e-04 9.99853806e-01]]
[[9.99010131e-01 9.99999995e-01 7.72041486e-04 9.99896847e-01]]
[[9.99309929e-01 9.99999974e-01 6.54276060e-04 9.99847911e-01]]
[[9.99306414e-01 1.00000000e+00 6.47288222e-04 9.99864680e-01]]
[[9.99009958e-01 9.99999991e-01 7.72951106e-04 9.99897449e-01]]
[[9.99321418e-01 9.99999991e-01 6.64815715e-04 9.99775552e-01]]
[[9.99306590e-01 1.00000000e+00 6.47112369e-04 9.99865695e-01]]
[[9.99010567e-01 9.99999989e-01 7.69979086e-04 9.99897594e-01]]
[[9.99306966e-01 9.99999967e-01 6.46648358e-04 9.99839644e-01]]
[[9.99313194e-01 9.99999988e-01 6.52914985e-04 9.99835398e-01]]
[[9.99010645e-01 9.99999997e-01 7.71105560e-04 9.99896466e-01]]
[[9.99306739e-01 9.99999999e-01 6.49882181e-04 9.99839016e-01]]
[[9.99308141e-01 9.99999999e-01 6.49222965e-04 9.99835473e-01]]
[[9.99302823e-01 1.00000000e+00 6.44127926e-04 9.99873000e-01]]
[[9.99323033e-01 9.99999991e-01 6.61695493e-04 9.99792674e-01]]
[[9.99010829e-01 9.99999998e-01 7.69936239e-04 9.99894584e-01]]
[[9.99008965e-01 9.99999998e-01 7.77855712e-04 9.99895955e-01]]
[[9.99312253e-01 9.99999989e-01 6.50244071e-04 9.99845303e-01]]
[[9.99309717e-01 1.00000000e+00 6.51859851e-04 9.99840062e-01]]
[[9.99005407e-01 9.99999987e-01 7.90887953e-04 9.99897983e-01]]
[[9.99305504e-01 1.00000000e+00 6.47831397e-04 9.99863468e-01]]
[[9.99304037e-01 1.00000000e+00 6.46120342e-04 9.99874132e-01]]
[[9.99302907e-01 9.99999998e-01 6.51342028e-04 9.99884745e-01]]
[[9.99305924e-01 9.99999995e-01 6.49072976e-04 9.99840585e-01]]
[[9.99305832e-01 9.99999992e-01 6.48337713e-04 9.99841456e-01]]
[[9.99307149e-01 9.99999984e-01 6.50876824e-04 9.99835315e-01]]
[[9.99304104e-01 1.00000000e+00 6.46586155e-04 9.99873506e-01]]
[[9.99010220e-01 9.99999997e-01 7.71687946e-04 9.99896040e-01]]
[[9.99304493e-01 1.00000000e+00 6.46032105e-04 9.99872824e-01]]
[[9.99306181e-01 1.00000000e+00 6.47891596e-04 9.99866388e-01]]
[[9.99306822e-01 9.99999999e-01 6.49753682e-04 9.99842195e-01]]
[[9.99010743e-01 9.99999991e-01 7.70034906e-04 9.99896626e-01]]
[[9.99314373e-01 9.99999993e-01 6.52043607e-04 9.99835717e-01]]
[[9.99310608e-01 9.99999999e-01 6.48398364e-04 9.99856159e-01]]
[[9.99303117e-01 1.00000000e+00 6.45311622e-04 9.99875426e-01]]
[[9.99303635e-01 1.00000000e+00 6.44975652e-04 9.99873273e-01]]
[[9.99293229e-01 9.99999991e-01 6.51207443e-04 9.99865718e-01]]
[[9.99303550e-01 1.00000000e+00 6.44590677e-04 9.99870532e-01]]
[[9.99304018e-01 9.99999999e-01 6.47655239e-04 9.99849455e-01]]
[[9.99305079e-01 1.00000000e+00 6.46617159e-04 9.99871514e-01]]
[[9.99303501e-01 1.00000000e+00 6.44910717e-04 9.99874618e-01]]
[[9.99306729e-01 1.00000000e+00 6.48900408e-04 9.99865830e-01]]
[[9.99306239e-01 1.00000000e+00 6.47659923e-04 9.99869638e-01]]
[[9.99009940e-01 9.99999948e-01 7.70148990e-04 9.99898956e-01]]
[[9.99305974e-01 1.00000000e+00 6.49023019e-04 9.99866188e-01]]
[[9.99306604e-01 1.00000000e+00 6.48937987e-04 9.99852878e-01]]
[[9.99302879e-01 1.00000000e+00 6.44834533e-04 9.99874080e-01]]
[[9.99310569e-01 9.99999990e-01 6.48056305e-04 9.99858067e-01]]
[[9.99010807e-01 9.99999996e-01 7.69938830e-04 9.99895759e-01]]
[[9.99010703e-01 9.99999998e-01 7.70054336e-04 9.99894670e-01]]
[[9.99304689e-01 9.99999999e-01 6.45932545e-04 9.99849503e-01]]
[[9.99309456e-01 9.99999999e-01 6.50302020e-04 9.99834264e-01]]
[[9.99307835e-01 1.00000000e+00 6.49189613e-04 9.99844898e-01]]
[[9.99300315e-01 9.99999935e-01 6.53285478e-04 9.99894263e-01]]
[[9.99307413e-01 9.99999999e-01 6.48643853e-04 9.99868872e-01]]
[[9.99310853e-01 9.99999982e-01 6.48537168e-04 9.99855364e-01]]
[[9.99306099e-01 9.99999999e-01 6.48137676e-04 9.99846361e-01]]
[[9.99311936e-01 9.99999999e-01 6.50018911e-04 9.99846204e-01]]
[[9.99303271e-01 1.00000000e+00 6.43915100e-04 9.99866084e-01]]
[[9.99305542e-01 1.00000000e+00 6.47772494e-04 9.99853951e-01]]
[[9.99307743e-01 1.00000000e+00 6.48162753e-04 9.99864781e-01]]
[[9.99310293e-01 9.99999995e-01 6.47075129e-04 9.99862478e-01]]
[[9.99305347e-01 9.99999999e-01 6.44766232e-04 9.99848267e-01]]
[[9.99304104e-01 1.00000000e+00 6.45852770e-04 9.99873731e-01]]
[[9.99008350e-01 9.99999999e-01 8.19525066e-04 9.99894945e-01]]
[[9.99310194e-01 9.99999989e-01 6.48661352e-04 9.99858627e-01]]
[[9.99009565e-01 9.99999879e-01 7.70179068e-04 9.99903355e-01]]
[[9.99303940e-01 1.00000000e+00 6.45152098e-04 9.99874075e-01]]
[[9.99310391e-01 9.99999999e-01 6.49127517e-04 9.99830787e-01]]
[[9.99301839e-01 9.99999999e-01 6.50618943e-04 9.99851078e-01]]
[[9.99308570e-01 9.99999999e-01 6.47737398e-04 9.99865697e-01]]
[[9.99309947e-01 9.99999997e-01 6.48184519e-04 9.99860589e-01]]
[[9.99310952e-01 9.99999999e-01 6.56771303e-04 9.99815229e-01]]
[[9.99304304e-01 1.00000000e+00 6.46220014e-04 9.99852932e-01]]
[[9.99010481e-01 9.99999998e-01 7.70202719e-04 9.99894998e-01]]
[[9.99305774e-01 1.00000000e+00 6.47070958e-04 9.99867040e-01]]
[[9.99309175e-01 9.99999999e-01 6.49942383e-04 9.99833137e-01]]
[[9.99309954e-01 9.99999998e-01 6.47038693e-04 9.99863664e-01]]
[[9.99008241e-01 9.99999998e-01 7.81030962e-04 9.99896906e-01]]
[[9.99304303e-01 1.00000000e+00 6.46108417e-04 9.99871663e-01]]
[[9.99363931e-01 9.99999992e-01 6.89164985e-04 9.99676099e-01]]
[[9.99302719e-01 1.00000000e+00 6.43850321e-04 9.99873759e-01]]
[[9.99304222e-01 1.00000000e+00 6.46339378e-04 9.99873569e-01]]
[[9.99306497e-01 9.99999999e-01 6.45913522e-04 9.99842288e-01]]
[[9.99302944e-01 1.00000000e+00 6.44534572e-04 9.99874972e-01]]
[[9.99305607e-01 1.00000000e+00 6.46836355e-04 9.99865247e-01]]
[[9.99304632e-01 9.99999999e-01 6.46954433e-04 9.99847741e-01]]
[[9.99302947e-01 1.00000000e+00 6.43218264e-04 9.99869513e-01]]
[[9.99271920e-01 9.99999990e-01 6.69611538e-04 9.99845318e-01]]
[[9.99304016e-01 9.99999968e-01 6.45577988e-04 9.99847974e-01]]
[[9.99314894e-01 9.99999997e-01 6.54334310e-04 9.99827275e-01]]
[[9.99010627e-01 9.99999995e-01 7.70998514e-04 9.99896533e-01]]
[[9.99312795e-01 9.99999996e-01 6.60311755e-04 9.99801097e-01]]
[[9.99305574e-01 1.00000000e+00 6.49677615e-04 9.99859568e-01]]
[[9.99309176e-01 9.99999999e-01 6.50077913e-04 9.99833043e-01]]
[[9.99304786e-01 1.00000000e+00 6.47914745e-04 9.99855465e-01]]
[[9.99303225e-01 1.00000000e+00 6.44142134e-04 9.99869810e-01]]
[[9.99010271e-01 9.99999991e-01 7.71710443e-04 9.99898847e-01]]
[[9.99299617e-01 9.99999978e-01 6.50329952e-04 9.99854644e-01]]
[[9.99009575e-01 9.99999994e-01 7.73982119e-04 9.99897240e-01]]
[[9.99307561e-01 9.99999999e-01 6.48600195e-04 9.99866711e-01]]
[[9.99306736e-01 1.00000000e+00 6.47642045e-04 9.99865219e-01]]
[[9.99303252e-01 1.00000000e+00 6.45843147e-04 9.99873984e-01]]
[[9.99307018e-01 9.99999996e-01 6.51196605e-04 9.99866344e-01]]
[[9.99309947e-01 9.99999992e-01 6.48466206e-04 9.99860382e-01]]
[[9.99303762e-01 9.99999976e-01 6.52818690e-04 9.99839080e-01]]
[[9.99011044e-01 9.99999998e-01 7.69906424e-04 9.99895064e-01]]
[[9.99009802e-01 9.99999998e-01 7.72939607e-04 9.99895768e-01]]
[[9.99302928e-01 1.00000000e+00 6.45749036e-04 9.99867142e-01]]
[[9.99007826e-01 9.99999998e-01 7.81541658e-04 9.99895897e-01]]
[[9.99304641e-01 1.00000000e+00 6.46660102e-04 9.99872800e-01]]
[[9.99301046e-01 9.99999819e-01 6.51362003e-04 9.99893546e-01]]
[[9.99304687e-01 1.00000000e+00 6.46504854e-04 9.99872669e-01]]
[[9.99303355e-01 1.00000000e+00 6.43574006e-04 9.99868099e-01]]
[[9.99304641e-01 1.00000000e+00 6.46425006e-04 9.99866632e-01]]
[[9.99306039e-01 9.99999997e-01 6.49888320e-04 9.99873758e-01]]
[[9.99303460e-01 1.00000000e+00 6.46578213e-04 9.99875177e-01]]
[[9.99010456e-01 9.99999993e-01 7.70491568e-04 9.99897056e-01]]
[[9.99004956e-01 9.99999999e-01 7.87304940e-04 9.99897736e-01]]
[[9.99303171e-01 1.00000000e+00 6.44745037e-04 9.99875208e-01]]
[[9.99304564e-01 1.00000000e+00 6.47797198e-04 9.99871203e-01]]
[[9.99304118e-01 1.00000000e+00 6.46501302e-04 9.99872205e-01]]
[[9.99310045e-01 9.99999999e-01 6.47603596e-04 9.99860911e-01]]
[[9.99305606e-01 1.00000000e+00 6.47751181e-04 9.99867302e-01]]
[[9.99010881e-01 9.99999996e-01 7.69976482e-04 9.99896383e-01]]
[[9.99010993e-01 9.99999997e-01 7.69940399e-04 9.99896623e-01]]
[[9.99304514e-01 9.99999971e-01 6.50450333e-04 9.99879289e-01]]
[[9.99310480e-01 9.99999989e-01 6.48390536e-04 9.99857615e-01]]
[[9.99303371e-01 1.00000000e+00 6.45677957e-04 9.99870452e-01]]
[[9.99307603e-01 9.99999997e-01 6.48669138e-04 9.99870094e-01]]
[[9.99307498e-01 9.99999994e-01 6.48047062e-04 9.99837603e-01]]
[[9.99310744e-01 9.99999992e-01 6.47752936e-04 9.99858242e-01]]
[[9.99302678e-01 1.00000000e+00 6.44190475e-04 9.99874701e-01]]
[[9.99305616e-01 9.99999999e-01 6.46843358e-04 9.99847497e-01]]
[[9.99307798e-01 9.99999992e-01 6.48880815e-04 9.99836270e-01]]
[[9.99309865e-01 9.99999998e-01 6.48048836e-04 9.99861131e-01]]
[[9.99303374e-01 1.00000000e+00 6.45329432e-04 9.99874917e-01]]
[[9.99305645e-01 9.99999999e-01 6.50054420e-04 9.99839862e-01]]
[[9.99296711e-01 9.99999988e-01 6.49547008e-04 9.99863093e-01]]
[[9.99321223e-01 9.99999842e-01 6.74157024e-04 9.99750848e-01]]
[[9.99304164e-01 1.00000000e+00 6.45114794e-04 9.99873277e-01]]
[[9.99010232e-01 9.99999982e-01 7.70324144e-04 9.99897956e-01]]
[[9.99405437e-01 9.99999602e-01 7.07404054e-04 9.99613277e-01]]
[[9.99310367e-01 9.99999999e-01 6.47594242e-04 9.99857412e-01]]
[[9.99308227e-01 9.99999996e-01 6.48786678e-04 9.99866927e-01]]
[[9.99311545e-01 9.99999999e-01 6.49102757e-04 9.99849679e-01]]
[[9.99305798e-01 1.00000000e+00 6.47136934e-04 9.99859913e-01]]
[[9.99307164e-01 9.99999997e-01 6.43918978e-04 9.99839367e-01]]
[[9.99307804e-01 9.99999994e-01 6.43886109e-04 9.99837604e-01]]
[[9.99010647e-01 9.99999999e-01 7.69947384e-04 9.99894494e-01]]
[[9.99303243e-01 1.00000000e+00 6.45022810e-04 9.99874899e-01]]
[[9.99299469e-01 9.99999998e-01 6.48970600e-04 9.99857078e-01]]
[[9.99010563e-01 9.99999984e-01 7.70238713e-04 9.99898074e-01]]
[[9.99307161e-01 9.99999999e-01 6.44666888e-04 9.99842853e-01]]
[[9.99009519e-01 9.99999991e-01 7.74386087e-04 9.99898802e-01]]
[[9.99303845e-01 1.00000000e+00 6.43231706e-04 9.99854647e-01]]
[[9.99310770e-01 9.99999991e-01 6.50328345e-04 9.99828101e-01]]
[[9.99302876e-01 1.00000000e+00 6.43927599e-04 9.99874347e-01]]
[[9.99010013e-01 9.99999997e-01 7.71639797e-04 9.99895642e-01]]
[[9.99010431e-01 9.99999993e-01 7.70025088e-04 9.99896661e-01]]
[[9.99007337e-01 9.99999997e-01 7.83727117e-04 9.99896285e-01]]
[[9.99307239e-01 1.00000000e+00 6.47002865e-04 9.99867402e-01]]
[[9.99297944e-01 9.99999998e-01 6.51547125e-04 9.99855272e-01]]
[[9.99307238e-01 9.99999968e-01 6.46159178e-04 9.99838841e-01]]
[[9.99311599e-01 9.99999997e-01 6.49632802e-04 9.99849211e-01]]
[[9.99305779e-01 1.00000000e+00 6.48753565e-04 9.99849156e-01]]
[[9.99303676e-01 1.00000000e+00 6.46013335e-04 9.99869608e-01]]
[[9.99304136e-01 1.00000000e+00 6.44016434e-04 9.99854252e-01]]
[[9.99326747e-01 9.99999991e-01 6.66874896e-04 9.99772180e-01]]
[[9.99306300e-01 9.99999988e-01 6.45164818e-04 9.99841652e-01]]
[[9.99306804e-01 9.99999984e-01 6.49227011e-04 9.99872137e-01]]
[[9.99303152e-01 1.00000000e+00 6.45182329e-04 9.99873826e-01]]
[[9.99010770e-01 9.99999998e-01 7.69903076e-04 9.99894949e-01]]
[[9.99305753e-01 1.00000000e+00 6.46616937e-04 9.99852802e-01]]
[[9.99305431e-01 1.00000000e+00 6.46596493e-04 9.99853643e-01]]
[[9.99311620e-01 9.99999999e-01 6.52636459e-04 9.99822490e-01]]
[[9.99309964e-01 9.99999999e-01 6.48400253e-04 9.99858330e-01]]
[[9.99302186e-01 9.99999928e-01 6.53467723e-04 9.99882369e-01]]
[[9.99307662e-01 9.99999996e-01 6.57306576e-04 9.99817966e-01]]
[[9.99305011e-01 1.00000000e+00 6.44348127e-04 9.99855541e-01]]
[[9.99311820e-01 9.99999979e-01 6.50195768e-04 9.99847170e-01]]
[[9.99010964e-01 9.99999998e-01 7.70270243e-04 9.99895139e-01]]
[[9.99305838e-01 1.00000000e+00 6.50635933e-04 9.99848613e-01]]
[[9.99312326e-01 9.99999849e-01 6.59617696e-04 9.99830273e-01]]
[[9.99304332e-01 1.00000000e+00 6.45223901e-04 9.99861930e-01]]
[[9.99305488e-01 1.00000000e+00 6.46080523e-04 9.99870612e-01]]
[[9.99303554e-01 1.00000000e+00 6.45473178e-04 9.99874630e-01]]
[[9.99304165e-01 1.00000000e+00 6.45113800e-04 9.99863596e-01]]
[[9.99308167e-01 9.99999976e-01 6.55450989e-04 9.99823509e-01]]
[[9.99306471e-01 9.99999998e-01 6.46598658e-04 9.99841042e-01]]
[[9.99301196e-01 9.99999999e-01 6.53559171e-04 9.99842726e-01]]
[[9.99309060e-01 9.99999999e-01 6.47814363e-04 9.99862123e-01]]
[[9.99307405e-01 1.00000000e+00 6.51492780e-04 9.99840907e-01]]
[[9.99306582e-01 1.00000000e+00 6.47143678e-04 9.99847083e-01]]
[[9.99312986e-01 9.99999999e-01 6.54782620e-04 9.99832946e-01]]
[[9.99308481e-01 9.99999999e-01 6.42324744e-04 9.99836673e-01]]
[[9.99010627e-01 9.99999998e-01 7.70647922e-04 9.99894793e-01]]
[[9.99302829e-01 1.00000000e+00 6.43789552e-04 9.99875026e-01]]
[[9.99303749e-01 1.00000000e+00 6.45763456e-04 9.99873197e-01]]
[[9.99308299e-01 9.99999999e-01 6.48075926e-04 9.99867056e-01]]
[[9.99335081e-01 9.99999992e-01 6.70934739e-04 9.99744880e-01]]
[[9.99010531e-01 9.99999997e-01 7.70224477e-04 9.99895838e-01]]
[[9.99308126e-01 9.99999990e-01 6.50170479e-04 9.99834112e-01]]
[[9.99307716e-01 1.00000000e+00 6.49642652e-04 9.99852909e-01]]
[[9.99341054e-01 9.99999993e-01 6.75904090e-04 9.99732610e-01]]
[[9.99308916e-01 9.99999999e-01 6.50544140e-04 9.99851782e-01]]
[[9.99303262e-01 1.00000000e+00 6.47297848e-04 9.99856360e-01]]
[[9.99314177e-01 9.99999990e-01 6.52745636e-04 9.99835330e-01]]
[[9.99303691e-01 1.00000000e+00 6.46180525e-04 9.99865244e-01]]
[[9.99307681e-01 9.99999997e-01 6.44546503e-04 9.99838114e-01]]
[[9.99306662e-01 1.00000000e+00 6.46719217e-04 9.99868694e-01]]
[[9.99309668e-01 9.99999999e-01 6.52114009e-04 9.99842067e-01]]
[[9.99310945e-01 9.99999998e-01 6.47148419e-04 9.99859022e-01]]
[[9.99303193e-01 1.00000000e+00 6.45382997e-04 9.99861412e-01]]
[[9.99305526e-01 9.99999999e-01 6.46692174e-04 9.99846677e-01]]
[[9.99306458e-01 9.99999999e-01 6.50343761e-04 9.99868859e-01]]
[[9.99308704e-01 9.99999999e-01 6.48088545e-04 9.99860621e-01]]
[[9.99010528e-01 9.99999988e-01 7.70019165e-04 9.99898413e-01]]
[[9.99311934e-01 9.99999995e-01 6.55016301e-04 9.99816468e-01]]
[[9.99308612e-01 9.99999991e-01 6.48075348e-04 9.99867310e-01]]
[[9.99303926e-01 9.99999999e-01 6.44930048e-04 9.99852549e-01]]
[[9.99309524e-01 9.99999999e-01 6.47400085e-04 9.99864299e-01]]
[[9.99310121e-01 9.99999999e-01 6.48946154e-04 9.99854588e-01]]
[[9.99304486e-01 1.00000000e+00 6.46876083e-04 9.99866422e-01]]
[[9.99304740e-01 1.00000000e+00 6.48561116e-04 9.99857473e-01]]
