[[ 3.75325153 -3.72433268 -4.21329023]
 [-2.94786324  3.2214602   5.71878273]]
[[-3.78766586  3.84285144 -4.18523601]
 [ 3.84476941 -2.56503416  5.52070323]]
[[ 1.57559717 -5.05290452  4.43502437]
 [-0.29345503  6.21271915 -1.40250896]]
[[ 3.89894564 -3.95615284 -4.06050567]
 [-2.4313678   4.58750076  4.97138488]]
[[-4.41039988 -3.37000901  3.87331979]
 [ 5.9489306   0.38689636 -3.38589608]]
[[-4.27942677  3.6678728  -3.64527666]
 [ 6.34114384 -2.75851381  2.23252881]]
[[ 3.62816777 -3.9762999  -4.09780754]
 [-4.12610174  2.05979825  5.58331262]]
[[-4.31177723  4.33503369 -3.28330084]
 [ 6.98460314  0.15858284  2.02235931]]
[[-4.92078963  3.54985268  3.87590537]
 [ 5.96641966 -1.00588349 -2.12549217]]
[[-4.26538555 -3.89597454  3.62090082]
 [ 6.02712045  0.90050195 -3.60696196]]
[[-3.70528683 -4.24929043  3.7178602 ]
 [ 1.77801647  5.76442175 -3.6188943 ]]
[[ 3.67790727 -3.79331581 -4.23670731]
 [-3.09748153  2.99343781  5.87935498]]
[[-3.89340378  3.76793223 -4.02257627]
 [ 3.49874089 -4.05581892  4.77681784]]
[[-3.51405158 -4.27613237  3.90939456]
 [ 2.97091545  6.13556157 -2.20981775]]
[[-3.11653817  4.00093835 -4.48726412]
 [-0.74758744 -2.66596221  6.31790827]]
[[ 3.98445564 -3.85536633 -4.14057895]
 [-1.84886085  4.36749045  5.42584724]]
[[-4.15296241 -3.8931193   3.65530236]
 [ 5.62452444  1.83814953 -3.98365995]]
[[-4.05292979 -4.32962943  3.50558278]
 [ 0.47363866  6.52713689 -3.18257097]]
[[ 2.58476648 -5.01437865  4.3742619 ]
 [-0.80520382  6.19690849 -0.59783338]]
[[-3.55394619  3.93204933 -4.3507817 ]
 [ 3.10067975 -1.50360549  6.59812093]]
[[-3.98326659  3.79758943 -3.9562999 ]
 [ 4.34550447 -3.82626019  4.19095412]]
[[-4.21037582 -4.16273343  3.62189542]
 [-0.27992321  5.79138491 -4.21478266]]
[[-4.17652724 -3.84295452  3.66966651]
 [ 5.62198988  2.79523509 -3.58545876]]
[[ 3.45814355  3.93874732 -4.92502857]
 [-1.54103818 -1.69292475  5.98419664]]
[[-4.95854723  3.50071037  4.03108963]
 [ 6.12902544 -1.14466994 -0.40661802]]
[[ 4.01819787 -4.08544198 -3.94318004]
 [-1.67196647  5.22078375  4.67881178]]
[[-3.86276356 -4.13895348  3.84325657]
 [ 4.07686719  5.26885754 -2.71765053]]
[[-4.08102186  3.79365888 -3.87414357]
 [ 4.91808466 -3.34872832  3.93358927]]
[[ 3.78857865 -3.95975895 -3.99590588]
 [-3.49515392  4.33933212  4.4430121 ]]
[[ 4.23009275 -3.95463203 -4.09082874]
 [-0.32540965  4.852458    5.29615011]]
[[-3.96084804 -4.05354786  3.8867877 ]
 [ 4.55919951  4.97292854 -2.48069975]]
[[-4.90410079  3.77090276  3.65570815]
 [ 5.89884465 -1.88704872 -1.97941134]]
[[ 4.26821709 -4.16356243 -3.77970988]
 [-0.35826673  5.62631127  4.38694075]]
[[ 3.61747067 -4.1903797  -4.05703855]
 [-4.02875925  5.83492555  0.57830789]]
[[-3.9712848   3.79634469 -4.00298531]
 [ 4.16925181 -3.75363717  4.45643355]]
[[ 3.6886457  -4.39954454 -3.695702  ]
 [-1.79657205  7.20953926  2.27062953]]
[[ 3.75813545 -4.06509529 -3.84492198]
 [-4.05516176  4.99297764  3.15501238]]
[[ 3.81498836 -4.13796518 -3.81461262]
 [-2.87927413  5.31306959  3.8460856 ]]
[[-4.15722683 -3.77972615  4.0667941 ]
 [ 5.55617418  4.25974397 -1.53306539]]
[[ 3.77794481 -3.88211    -4.08874751]
 [-3.5349394   3.78215834  4.9351088 ]]
[[ 4.01050692 -5.01253499  3.38719952]
 [-0.9847557   6.21278733  0.12406132]]
[[ 3.61022287 -4.22634369 -4.04023835]
 [-4.49129635  0.95833952  5.62397441]]
[[-3.6202387  -4.29757069  3.68852722]
 [ 2.32946172  6.42971369 -2.57392548]]
[[-4.08963717  4.08493643 -4.003392  ]
 [ 5.16980118 -1.22941636  4.90785773]]
[[ 3.80596624 -3.93680985 -4.05300693]
 [-3.10980432  4.22683959  4.8671931 ]]
[[ 3.80052    -3.93579925 -3.96924324]
 [-4.07176586  4.06630519  4.26006564]]
[[ 4.22472443  3.0449785  -4.98920057]
 [-0.69881096 -0.79841947  6.16840138]]
[[-3.87266476  4.087593   -4.09518784]
 [ 4.55442788 -1.42490078  5.35112824]]
[[-4.33954545  4.24942197 -3.44077453]
 [ 6.55228979 -0.24226808  3.16522945]]
[[-4.29913337 -3.32070128  4.26592707]
 [ 7.0464374   1.52627764 -0.30896641]]
[[ 3.67395512 -3.83629639 -4.18313066]
 [-3.49070535  2.90434012  5.64152997]]
[[ 3.51799766 -4.02862455 -4.27820101]
 [-3.41658141  0.9353727   6.31261538]]
[[ 3.57277446 -4.02580705 -4.12734946]
 [-3.99380171  1.80845033  5.77601572]]
[[-3.95496374  3.92643388 -4.04680259]
 [ 4.65165022 -2.24310784  4.98907526]]
[[-3.8464195   3.73220736 -4.19123234]
 [ 3.28635025 -3.38624408  5.49096117]]
[[-4.9376498   3.94245817  3.51604213]
 [ 6.04751158 -0.9440428  -1.58804204]]
[[ 3.64417425 -3.9961105  -4.12383111]
 [-4.1856529   1.39996255  5.63676029]]
[[-3.76416242 -4.24327171  3.78441802]
 [ 3.50674871  5.83580687 -2.61600572]]
[[ 3.7633024  -3.87316795 -4.08210547]
 [-3.76970842  3.54983055  4.94152315]]
[[ 3.98472788 -4.91999498  3.30200771]
 [-2.45369505  5.90979525 -1.02796573]]
[[-4.32856853 -3.73195741  3.62646343]
 [ 6.69460243  0.94244517 -2.61146051]]
[[-3.85087921 -4.07003331  3.75567253]
 [ 3.09262755  5.03781401 -4.07463212]]
[[-4.11149471 -3.84892558  3.77134223]
 [ 5.07994925  3.66711559 -3.43540375]]
[[ 3.69267897 -3.67152211 -4.29421474]
 [-2.19786432  0.76182511  6.89843705]]
[[-4.04938487  4.11226627 -4.07054885]
 [ 5.03495136 -1.0237104   5.11279434]]
[[-3.85215125 -4.20907134  3.66153241]
 [ 2.851545    5.74304758 -3.43014306]]
[[-4.29621254 -4.06480462  3.54631328]
 [ 6.27226668  0.37518248 -3.49166111]]
[[ 3.72449684 -3.84075173 -4.09327958]
 [-3.91612642  3.00931015  5.18867835]]
[[-4.25691484  4.13218018 -4.04461206]
 [ 5.54192133 -0.65115165  4.84833811]]
[[-3.96034494  3.84442998 -4.02369236]
 [ 4.52969432 -2.81388239  4.76405466]]
[[-4.95147364  4.15423306  2.95629733]
 [ 6.00862783 -1.94184957 -1.17888715]]
[[-3.63406444 -4.24163923  4.05568926]
 [ 0.96516351  7.40753346 -0.75875708]]
[[-4.50400629  4.15937405 -2.91678038]
 [ 6.43890495 -2.01102604  0.28353611]]
[[ 3.91510631 -4.0388171  -3.95322713]
 [-2.30548662  4.97353359  4.62703733]]
[[-4.0008366   3.80442659 -3.98745593]
 [ 4.47425336 -3.24756194  4.528174  ]]
[[-3.60470724 -4.24557576  3.9891672 ]
 [ 3.56288773  5.95807582 -1.84975107]]
[[-4.11405649  3.90077841 -3.88598204]
 [ 5.19459067 -2.38153219  4.3548201 ]]
[[ 3.64493416 -3.97131002 -4.13588665]
 [-4.13279307  1.47154847  5.65443779]]
[[-4.22091294 -3.69027101  3.74327591]
 [ 5.69348051  2.81245158 -3.231441  ]]
[[-4.0230955  -4.1182096   3.62363077]
 [ 1.34293392  5.66745049 -4.17960643]]
[[ 4.13855528 -4.04587891 -4.0613625 ]
 [-0.87967997  5.06538298  5.09149074]]
[[-3.91491333 -4.0294366   3.79468232]
 [ 3.88392631  4.60033086 -3.87355492]]
[[-4.29977088 -3.49172156  4.22885353]
 [ 6.30354549  3.42074807 -0.55136888]]
[[-3.91926202 -4.06123966  3.79381779]
 [ 4.08630134  4.83599518 -3.32062061]]
[[-3.84957603 -4.23788613  3.69396699]
 [ 3.08411819  5.7722376  -3.26408719]]
[[-3.74065162  3.68106143 -4.2301832 ]
 [ 2.36901354 -3.39118713  5.82573234]]
[[-3.91754546  3.8060712  -4.11105589]
 [ 4.10354419 -3.0961345   5.02152042]]
[[ 3.86626332  3.55012717 -4.92099245]
 [-2.22129838 -1.00452727  5.95249809]]
[[-5.04380212  2.54648928  4.35281601]
 [ 6.2605773   0.08854643 -0.6308414 ]]
[[ 3.92860448 -4.91727453  3.35808081]
 [-2.13923144  5.88915521 -1.85232353]]
[[-4.11455238 -3.90733389  3.66050799]
 [ 5.49846089  2.55766466 -3.96374803]]
[[-3.89364215  3.59809406 -4.34673615]
 [-0.2187393  -3.07377116  6.47030939]]
[[ 2.45553136  4.22090708 -4.96652143]
 [-0.07319427 -2.68789234  5.93690943]]
[[-4.29956809  3.89704967 -3.53293653]
 [ 6.34259526 -1.93535458  3.02887157]]
[[-3.79872412  3.66672428 -4.22840586]
 [ 1.46321487 -3.70047878  5.82460335]]
[[-4.36959099 -3.48738297  4.29431894]
 [ 6.54728322  3.31663306  0.32901431]]
[[-4.06986482 -3.91218289  3.79908652]
 [ 4.83296543  4.07667136 -3.33771495]]
[[-3.86635052 -4.05721758  3.75343077]
 [ 3.3831714   4.94650173 -3.92176621]]
[[-4.14679067 -3.86861307  3.7634988 ]
 [ 5.23713302  3.61366062 -3.37159412]]
[[ 3.7072031  -3.81918999 -4.19120105]
 [-3.98774503  1.59354365  5.60562735]]
[[-4.05377655 -4.20658802  3.61447089]
 [ 5.63863495  0.85425719 -4.46830125]]
[[ 3.78475426 -3.92048634 -4.04800149]
 [-3.60293873  3.9869586   4.71392237]]
[[ 3.13168062  4.18556694 -5.03434831]
 [ 0.21765504 -0.35448021  6.26619212]]
[[-4.05835701 -3.97582312  3.84341318]
 [ 4.88765415  4.48512893 -2.77466862]]
[[ 0.3676048  -5.11301776  4.59922789]
 [-0.52758034  6.40158707  0.58139126]]
[[-3.85842164 -4.15181777  3.77683321]
 [ 3.77983429  5.35964656 -3.01074436]]
[[-4.15330122  4.27370388 -3.86049321]
 [ 5.5263553  -0.06617357  4.59352701]]
[[-4.30295595  3.63431367 -3.80501373]
 [ 6.19797477 -3.31787915  0.72297591]]
[[-3.94167102  4.07397211 -4.29026305]
 [ 4.48007853 -1.0716369   5.79715535]]
[[ 3.78095777 -4.93804031  3.70269085]
 [-1.81645836  6.04426751 -0.51025656]]
[[-4.33628755  4.18452139 -3.37760061]
 [ 6.6377949  -0.66954859  2.82994049]]
[[-3.94060147 -4.05710254  3.79586717]
 [ 4.20370361  4.70384943 -3.37145663]]
[[ 3.79116694 -4.01540898 -3.89687606]
 [-3.96549755  4.54632131  3.83084187]]
[[-4.30789153 -3.85998619  4.18755224]
 [ 7.72415204  1.0301149   0.15553674]]
[[-3.47190537 -4.35956287  4.03567094]
 [ 2.95498163  6.72510224 -1.09762102]]
[[-4.10632178 -3.91332915  3.82065014]
 [ 5.00911415  4.18309767 -2.98985927]]
[[ 3.64249136 -4.2170685  -4.04833986]
 [-4.55372728  0.60535274  5.59133076]]
[[ 4.20708297 -3.99794824 -4.17170384]
 [-0.13242781  4.84627724  5.45649077]]
[[ 4.27794096 -3.47255049 -4.29761828]
 [-0.40733491  3.39152636  6.30856516]]
[[ 3.95470141 -3.92576045 -4.0366897 ]
 [-2.12024116  4.64617833  5.00934877]]
[[-4.25461588 -4.09325943  4.24354637]
 [ 5.53838992  4.99983115  0.93212861]]
[[-4.11411792 -4.2854963   3.54275344]
 [ 0.18518438  6.23515076 -3.5797816 ]]
[[-4.16733244  3.76102456 -3.80351795]
 [ 5.41795447 -3.14869584  3.50364388]]
[[-3.95000462 -4.1107188   3.91554259]
 [ 4.53394657  5.14989173 -2.27401642]]
[[-4.98922546  2.33523808  4.27701433]
 [ 6.06106931 -0.1524895  -2.13408826]]
[[ 3.56016396 -4.20772969 -4.21925285]
 [-3.92482967  0.17389331  6.02808602]]
[[ 4.1005853  -4.63635125 -4.93611071]
 [ 0.22062107  5.3468637   6.58506266]]
[[-3.54878448 -4.35742477  3.85545664]
 [ 2.72784273  6.4188821  -2.16610973]]
[[ 3.76280592 -3.85503092 -4.13885649]
 [-3.25674746  3.65308455  5.26815961]]
[[-3.89902805 -4.08739139  3.78937037]
 [ 3.99776641  5.01755516 -3.1896691 ]]
[[-3.77579007  3.66340613 -4.35426304]
 [-0.50666489 -3.04889674  6.39784234]]
[[-4.35050333  4.21256119 -3.36849477]
 [ 7.08341018 -0.18616528  2.43873327]]
[[-4.24987129 -3.64638812  3.83328681]
 [ 5.94043309  3.29254247 -2.45266533]]
[[ 3.61758323 -3.98837768 -4.14136102]
 [-4.03236111  1.8034877   5.70411312]]
[[-3.95863409 -4.0342586   4.14845248]
 [ 4.88732741  5.12067385 -1.04988522]]
[[-3.78049197 -4.17016778  3.72393744]
 [ 2.76238651  5.43376819 -3.69941941]]
[[ 3.55168234 -4.07085863 -4.23373766]
 [-3.72870794  1.32823659  6.07179755]]
[[-3.98248281  3.82722607 -4.03756802]
 [ 4.51214098 -2.96895815  4.71692651]]
[[-4.01208086  4.17935844 -4.01885428]
 [ 5.06069553 -0.74551055  5.0334348 ]]
[[-4.92177254  3.38888884  3.95620813]
 [ 5.9362254  -1.42974824 -2.14598423]]
[[ 3.78559368 -4.04037184 -3.9389882 ]
 [-3.44469364  4.69605871  4.13722232]]
[[ 3.72561758 -4.04973237 -3.89251764]
 [-3.98319744  5.05829239  3.22607334]]
[[-4.61025422 -2.69948621  4.10020294]
 [ 6.07314494 -0.54539779 -2.982444  ]]
[[ 3.60560086 -3.88389789 -4.21460338]
 [-3.64184887  1.78885705  5.92597072]]
[[ 3.92633853 -4.02259321 -4.13540908]
 [-2.25405288  4.70295945  5.0999231 ]]
[[ 3.76015972 -3.87082191 -4.19298738]
 [-3.16693913  3.59596703  5.45339843]]
[[-3.4013699   3.85143506 -4.42092583]
 [-0.27025844 -3.17048338  6.12495277]]
[[-3.68417711  4.22792212 -4.262788  ]
 [ 4.02013193 -0.4016945   5.9711637 ]]
[[ 3.78838884 -3.96107612 -3.97424499]
 [-3.86582939  4.19549368  4.3018987 ]]
[[-3.53622351  4.34029877 -4.30828315]
 [ 3.62233476  0.27637806  6.21509355]]
[[-3.84392003 -4.08717578  3.77902676]
 [ 3.77466922  4.99823209 -3.38472211]]
[[-4.05086544 -4.11379345  4.17410866]
 [ 5.04365517  5.22010644 -0.48821503]]
[[ 3.86670969 -3.37040889 -4.41380124]
 [-3.25488283  0.26231102  6.03823185]]
[[ 3.70868301 -3.85397026 -4.14835664]
 [-3.76841614  2.91999309  5.40293025]]
[[-4.14402793  4.24246316 -3.93802235]
 [ 5.43346245 -0.10881595  4.76720791]]
[[-4.27428525  3.57302973 -4.06596046]
 [ 6.14921237 -3.63786055  0.02130622]]
[[-4.52483381 -4.82678662  4.21770349]
 [ 2.64303843  8.53982936  1.80831995]]
[[ 3.7926782  -3.95210889 -4.01225773]
 [-3.55334821  4.23080243  4.52019179]]
[[-3.87679857 -4.10172706  3.99101924]
 [ 4.47706465  5.30101664 -1.85116715]]
[[ 3.76761591 -3.88975116 -4.07508024]
 [-3.45041387  3.81993722  4.96513139]]
[[ 3.79476104 -3.97761852 -3.99400145]
 [-3.46911719  4.35507913  4.46847354]]
[[ 3.78487002 -3.92696201 -4.0543081 ]
 [-3.42304538  4.03344809  4.81741839]]
[[-5.01017504  3.49849073  4.08059983]
 [ 6.2556871   0.17914915  0.34534606]]
[[-3.86782672 -4.06364544  3.72822429]
 [ 2.8233254   5.14876534 -4.16027416]]
[[ 4.04513682 -4.03042898 -3.99959829]
 [-1.53157884  5.01717598  4.92335863]]
[[ 4.13349167  3.4221413  -5.01361328]
 [ 0.37201308  0.37220336  6.26327815]]
[[ 3.72210312 -3.72997675 -4.24238238]
 [-3.36945535  2.6163743   5.73883711]]
[[ 3.81928806 -4.02340825 -3.9729195 ]
 [-3.1645956   4.65020263  4.42373395]]
[[ 3.83661798 -3.60860973 -4.27110593]
 [-2.40826062  3.13150204  6.03804868]]
[[ 3.95264979  3.376558   -4.92420445]
 [-2.49667371 -0.68941988  5.92283476]]
[[-3.9178403   3.79592126 -4.07745179]
 [ 4.13825792 -3.10437726  4.94870874]]
[[-4.63089122  4.26920021 -2.53316246]
 [ 6.38827255 -1.9716239  -0.40781502]]
[[-5.12419773  4.08796008 -5.57507171]
 [ 5.06696142  1.75014849  8.53610025]]
[[-3.99640139 -4.00937215  3.99511012]
 [ 4.87320746  4.94195838 -1.84965234]]
[[-3.44090791  4.29408759 -4.45739907]
 [ 2.85638466  0.9257332   6.96074106]]
[[ 3.31679849  3.97963236 -4.94250966]
 [-0.0062358  -2.43906574  5.9707806 ]]
[[ 4.25054214 -4.44703616 -3.49562202]
 [ 0.26115355  6.69286282  3.19238621]]
[[-3.96208106  3.63483417 -4.22152842]
 [ 0.72760021 -3.88987462  5.87113785]]
[[ 4.12917412 -4.24398439 -3.69760155]
 [-1.07835747  5.86561604  4.01951955]]
[[-3.95227737 -4.06525682  4.04110626]
 [ 4.7781533   5.1269596  -1.59962031]]
[[ 3.80491376 -3.95760343 -4.0440115 ]
 [-3.22711688  4.30338518  4.72101488]]
[[ 3.50223963 -3.89584399 -4.34504042]
 [-2.43986356  1.31020996  7.01747674]]
[[ 4.25441842 -4.36675624 -3.42725424]
 [ 0.32578484  7.35185126  2.18798919]]
[[ 3.87756618 -4.12276453 -3.83909394]
 [-2.52303609  5.26790122  4.15287557]]
[[-3.95678415 -4.03525097  3.80276411]
 [ 4.28472393  4.75972797 -3.18818078]]
[[-4.33570663 -3.64670627  3.79786569]
 [ 6.34953141  3.04683303 -2.24901016]]
[[-3.50960524  4.05907347 -4.28820492]
 [ 3.31058456 -1.42991979  6.23166577]]
[[-3.84038885  3.93501121 -4.13799311]
 [ 4.26190451 -2.1494256   5.37842545]]
[[-3.94573439 -4.23679318  3.6336047 ]
 [ 0.75315713  5.91224351 -3.82477188]]
[[-3.75026662  3.92584517 -4.27413709]
 [ 3.82669425 -1.96035501  5.91722152]]
[[ 4.17116183 -4.31118506 -3.34436905]
 [-0.99904225  6.54513337  2.71478486]]
[[ 3.71264021 -3.87595911 -4.08408912]
 [-3.92607947  3.06308666  5.20207044]]
[[-3.89175502  3.78892092 -4.05264247]
 [ 3.82937981 -3.82053863  4.66973886]]
[[ 3.92675145 -4.40973325 -3.71994351]
 [-1.72146445  6.41107074  3.51149501]]
[[ 3.79942705 -3.81700763 -4.12321454]
 [-3.0874124   3.78018341  5.21367587]]
[[ 2.67119011 -4.95243636  4.17086819]
 [ 0.09111272  5.94135944 -2.61396627]]
[[ 4.46726507  0.7931484  -5.05126539]
 [-1.7128574   0.05689287  6.19621289]]
[[-3.95953944 -3.97050228  3.79447611]
 [ 4.26059361  4.31031999 -3.76148935]]
[[-4.09737197  4.15506361 -3.93090083]
 [ 5.30744103 -0.88271717  4.76035113]]
[[-3.84312323  3.80588532 -4.10433948]
 [ 3.91444485 -3.11467896  5.08547579]]
[[ 3.79885516 -4.92489094  3.67380648]
 [-0.98590316  5.9803817  -2.06250571]]
[[-4.2036002  -3.77631465  3.69558763]
 [ 5.65865504  2.27001617 -3.68344555]]
[[-4.32768427 -3.467318    4.22210921]
 [ 6.39032756  3.2895183  -0.56243756]]
[[-2.78878395 -4.57423566  4.10391955]
 [ 0.65215792  6.08493755 -2.80722774]]
[[ 3.6993581  -5.01020276  3.92032903]
 [ 0.85763332  6.25385586 -0.22248972]]
[[ 4.18234038 -4.28711629 -3.41931873]
 [-1.04096983  6.36256716  3.12679952]]
[[ 3.822388   -4.13907353 -3.86321268]
 [-2.785408    5.28752912  4.01299809]]
[[-2.44793611  4.39275024 -4.68773028]
 [ 0.11842104 -1.01846464  6.52540302]]
[[-4.31327069  4.28689783 -3.39106105]
 [ 7.30622063  0.26190802  1.93739269]]
[[ 3.53399094  3.89576763 -4.94067725]
 [-0.18789792 -2.00879382  6.03274902]]
[[-4.06716788 -3.97331868  3.65307057]
 [ 5.46913288  2.03971938 -4.26716953]]
[[-3.5627605  -4.36937731  3.77436575]
 [ 0.01384129  6.35532528 -2.93204914]]
[[ 3.75101528 -3.82961958 -4.12481005]
 [-3.80426893  3.19204801  5.14772235]]
[[-4.31066964  4.230649   -3.3651743 ]
 [ 6.45505099 -0.76692291  2.93135124]]
[[-4.95913835  4.17806518  2.64085583]
 [ 5.95273408 -2.55071834 -0.26330788]]
[[-4.20548691 -3.93149886  3.62883951]
 [ 5.82531011  1.40693676 -3.85254993]]
[[ 3.89725716 -9.69479954 -9.25674005]
 [ 1.31246221  7.9416729  13.46363595]]
[[-4.29108627  4.17860818 -3.68962067]
 [ 6.03825732 -0.59496521  3.96923572]]
[[-4.0025755  -3.97366425  3.79443096]
 [ 4.47356639  4.3241531  -3.51131631]]
[[ 3.7449782  -4.26262579 -3.79351535]
 [-2.93890203  5.82340575  3.27785833]]
[[ 3.77324395 -4.09260258 -3.8687897 ]
 [-3.56134331  4.93914005  3.73052232]]
[[ 3.44673001 -4.34732365 -4.15143025]
 [-3.17127089  6.66147973  1.52769507]]
[[-4.19172716  3.72141988 -3.87882562]
 [ 5.60415019 -4.17454102  0.86057948]]
[[-3.75791493  3.70819536 -4.20619213]
 [ 2.57992271 -3.53624316  5.64687392]]
[[-4.45772353  4.19990543 -3.86809965]
 [ 6.34559892  0.35065385  4.17669873]]
[[-4.33348429  4.20469768 -4.19828238]
 [ 5.58195474  0.71300247  5.15347915]]
[[ 4.26295515 -3.35229781 -4.34812959]
 [ 0.118579    2.2345109   7.15180589]]
[[-4.42493264  4.15750708 -3.13290913]
 [ 6.54962398 -1.56414969  1.45419214]]
[[-4.51996486  4.15112254 -2.88282799]
 [ 6.36434594 -2.14319444  0.55185297]]
[[-4.08237315 -4.23961175  3.53260196]
 [ 0.94829069  6.14128139 -3.67122498]]
[[ 4.15403749 -2.63521454 -4.61907014]
 [-2.82178808  1.02954814  5.9993445 ]]
[[ 3.69573145 -4.18106628 -3.77932601]
 [-3.70223781  5.58759536  2.40294389]]
[[-4.18821808 -4.00050031  3.60104864]
 [ 5.85287668  1.3010516  -3.91073416]]
[[-4.18606712  3.75448735 -3.77840757]
 [ 5.55927817 -3.07693533  3.3896907 ]]
[[-4.28026051 -3.65864728  3.65382514]
 [ 6.94838214  1.28112199 -2.19127623]]
[[-4.14025246  3.63137889 -3.92129448]
 [ 5.64871121 -3.93461202  2.13905572]]
[[-4.0914812   3.84664574 -3.90948325]
 [ 5.04271569 -2.7869644   4.27591302]]
[[ 4.30861768 -3.62580111 -4.2559565 ]
 [ 0.09600432  0.27832038  7.3616522 ]]
[[-3.74936302  4.18920199 -4.31528217]
 [ 4.09898384 -0.37743191  6.03562197]]
[[-4.09699025 -3.92067995  3.8350859 ]
 [ 5.06877657  4.26464911 -2.79130141]]
[[-3.70016934 -4.20543686  3.97246083]
 [ 3.86842394  5.78595531 -1.86177236]]
[[ 3.79615328 -3.99304507 -3.93099717]
 [-4.00599785  4.42608987  3.95700091]]
[[-3.87571059 -4.02312804  3.78615692]
 [ 3.69232645  4.59726247 -4.03408704]]
[[-4.95445071  3.37526468  3.9997372 ]
 [ 6.08568625 -0.4839125  -1.59685746]]
[[-5.05420102  2.99993311  4.16056121]
 [ 6.22648781 -0.94387745 -0.76480961]]
[[ 3.72152125 -3.73676276 -4.23290965]
 [-3.16483415  2.89540535  5.78303757]]
[[-4.91439413  3.83308147  3.58365497]
 [ 5.94449414 -2.02968139 -1.42872478]]
[[-4.1756783   4.18868471 -3.80234656]
 [ 5.61329255 -0.7228215   4.39946871]]
[[ 3.92486294 -4.06899018 -3.93269762]
 [-2.27689447  5.07075198  4.55306647]]
[[-3.68047254  3.75256639 -4.21874259]
 [ 3.05914619 -2.90318399  5.81123043]]
[[-3.8454479   4.00335317 -4.19540925]
 [ 4.30724032 -1.6805385   5.58478298]]
[[ 3.66032823 -3.88270605 -4.16214273]
 [-3.69681797  2.76514079  5.59916041]]
[[ 3.56491733 -4.30603728 -3.86297207]
 [-3.10071268  6.35890441  2.10602054]]
[[-3.88525824  3.75538933 -4.069356  ]
 [ 3.46336671 -3.85817239  4.96344452]]
[[-4.09640199  3.78194656 -3.88167519]
 [ 5.02415763 -3.28502631  3.89191855]]
[[ 3.73313607 -4.11168195 -3.87880412]
 [-3.73214982  5.19109538  3.31829915]]
[[-4.21739003  3.64800922 -4.11015976]
 [-0.06684894 -4.41351542  5.65792463]]
[[-3.95566256 -4.06889461  3.85332406]
 [ 4.45441085  4.91521367 -2.76240046]]
[[-4.11136872  3.76014374 -3.84414808]
 [ 5.08162634 -3.75833477  3.35891869]]
[[ 4.2522948  -3.77686889 -4.29448149]
 [ 0.18723136  4.22470505  5.96107964]]
[[-3.88195927 -4.14651667  3.7909458 ]
 [ 3.86963703  5.19835741 -3.13523796]]
[[-4.17262116  3.73104756 -3.78481906]
 [ 5.48240548 -4.04077837  1.88944163]]
[[ 4.177793   -3.76543785 -4.29451325]
 [-0.53168549  4.17525375  5.92060048]]
[[-4.24512794  4.23355509 -3.67396519]
 [ 5.95407482 -0.44633486  4.0106924 ]]
[[ 3.6434431  -4.12905132 -3.93763146]
 [-4.06599304  5.61409575  1.89796762]]
[[ 3.64417759 -4.11803353 -4.05256742]
 [-4.26130897  5.63771714  1.20599056]]
[[-4.12470052  4.02010444 -3.96660374]
 [ 5.24372873 -1.615295    4.72950955]]
[[-3.79095781 -4.22720229  4.22039931]
 [ 4.32497879  5.76721823 -0.37470582]]
[[ 3.30355544  4.05989441 -4.95259209]
 [-1.68341763 -0.99151159  6.05013782]]
[[-4.23287404 -4.2167528   3.52277433]
 [ 6.13600274  0.49639312 -3.80445424]]
[[-4.0716137   3.60123325 -4.14556686]
 [ 5.66738284 -4.3423484   1.35068094]]
[[ 4.14852595 -4.14811418 -3.92394001]
 [-0.81434133  5.43831392  4.68472771]]
[[-4.15149972  4.15230563 -3.87432319]
 [ 5.47604829 -0.87468491  4.57893456]]
[[ 3.56684834 -3.99587119 -4.3024258 ]
 [-3.45832108  1.78268747  6.23686034]]
[[-4.06325933  3.76523157 -3.9056358 ]
 [ 4.89584048 -3.49197686  3.86835389]]
[[-4.31032454 -3.33103241  4.18627417]
 [ 7.03232167  1.94501726 -0.55692597]]
[[ 3.85663145 -3.90676808 -4.09214847]
 [-2.76315314  4.31003667  5.02118332]]
[[-3.96564074  3.85721586 -4.09365683]
 [ 4.46122582 -2.69890566  4.98274245]]
[[-4.58464826 -2.73951127  4.12043093]
 [ 6.07652537  0.69937241 -2.78131642]]
[[-4.06506152 -3.97744915  3.67947128]
 [ 5.44335881  1.65555456 -4.39014911]]
[[-3.98505924  3.62338565 -4.10384963]
 [ 2.03738354 -4.10667089  5.59689867]]
[[ 3.71507661 -3.8158574  -4.18197717]
 [-3.37674669  3.15944329  5.52577543]]
[[ 4.19748095  2.90273795 -5.02296894]
 [-1.35228999  0.41142755  6.2039606 ]]
[[ 3.79223038 -3.97641063 -3.97887349]
 [-3.69520664  4.28442362  4.35976114]]
[[ 4.26873837 -4.33718185 -3.56569179]
 [ 0.08196097  6.33630237  3.60473373]]
[[-4.15648018 -3.8403356   3.71259485]
 [ 5.42443478  3.15081603 -3.53921228]]
[[ 3.66835652 -3.77310912 -4.23798007]
 [-3.34355878  2.48893476  5.86320206]]
[[-4.39378946  3.84161637 -3.4774148 ]
 [ 5.86366433 -3.62985857 -0.14147539]]
[[ 3.79968196 -3.96176441 -3.95394207]
 [-3.99987323  4.24286323  4.14714709]]
[[-3.64599164 -4.2854068   3.78996099]
 [ 3.02655653  6.05241584 -2.59426186]]
[[-3.94939213 -3.90765922  3.80323778]
 [ 4.18185748  3.95780778 -4.26745572]]
[[-3.67103751 -4.34037283  3.86981402]
 [ 3.37892834  6.32711722 -1.93251861]]
[[-4.30226    -3.48721414  3.88015322]
 [ 6.53021877  2.76538109 -1.84541558]]
[[ 3.74058709 -3.82341621 -4.11995716]
 [-3.70461746  3.19992606  5.21781478]]
[[ 3.90606492 -4.92354507  3.44885349]
 [-2.18283577  5.95427626 -1.07017829]]
[[-3.67839256 -4.21879566  3.90576591]
 [ 3.65843242  5.80991917 -2.18244547]]
[[-3.97968755 -4.08970039  3.63440565]
 [ 2.04286819  5.55596528 -4.16841006]]
[[ 3.74586254 -3.6388526  -4.3763149 ]
 [-3.12516428 -0.22292831  6.27539311]]
[[ 3.68452323 -4.23630188 -3.83095338]
 [-3.84268131  5.78960683  1.02109027]]
[[-4.26679642  4.24597856 -3.94606923]
 [ 5.71380377  0.4696918   4.65609462]]
[[-4.27111931 -3.57075273  4.10789578]
 [ 7.27761356  0.67299748 -0.71930969]]
[[-3.99134738 -4.01526382  3.89663472]
 [ 4.71571801  4.83531906 -2.43173883]]
[[-4.20565843  3.62490532 -3.833741  ]
 [ 5.86376191 -3.57772819  2.10211321]]
[[-3.52968186 -4.29220146  3.92098617]
 [ 3.07733449  6.20893994 -2.00788022]]
[[-4.15236244 -3.9251361   4.18750406]
 [ 5.4473222   4.71140667 -0.53322129]]
[[-4.0453309   3.82004457 -3.92613449]
 [ 4.81723654 -3.0138621   4.32036867]]
[[-3.8867437   4.24453277 -4.08861204]
 [ 4.69344602 -0.50682092  5.36438876]]
[[-4.41106924 -3.74490811  3.96551931]
 [ 6.29203479  3.6647046  -1.66820374]]
[[-3.98444246  3.72229155 -3.93347581]
 [ 5.0365767  -4.40189712  2.85389348]]
[[-3.84549539  3.75922105 -4.10237499]
 [ 3.50409707 -3.60626323  5.08173968]]
[[ 3.6740433  -4.22043092 -3.73286181]
 [-3.46490598  5.83861258  2.12282537]]
[[ 2.77105805  4.19370883 -4.98298505]
 [-0.44705944 -1.88654759  6.08195592]]
[[-3.9489403  -4.3233397   3.56763543]
 [ 0.06980258  6.4059723  -3.20871106]]
[[-4.30209185 -3.31314824  4.10317079]
 [ 6.57338189  2.32711221 -1.38920796]]
[[ 2.1596488   4.47384599 -5.06517883]
 [ 0.72948186 -0.11621668  6.31017294]]
[[ 3.64926684 -4.11685649 -3.90380771]
 [-3.95828217  5.52901907  2.43137953]]
[[ 3.40916989  3.91876062 -4.90141795]
 [-1.56523447 -2.43633132  5.85803805]]
[[-4.2691212  -3.38244973  3.94942848]
 [ 6.75311952  2.04753574 -1.68228383]]
[[ 3.65453405 -4.05656654 -4.02037539]
 [-4.38099435  5.4834      1.6364069 ]]
[[ 3.87007905 -3.4111586  -4.40047282]
 [-3.51899607  0.66405425  5.87689014]]
[[ 3.78264405 -3.93037267 -4.01806442]
 [-3.67987739  4.01209971  4.61995611]]
[[-3.75344813 -4.24206368  3.65944893]
 [ 1.62065663  5.94073069 -3.49921444]]
[[ 2.64194292  4.18574145 -4.98676191]
 [-0.78746579 -2.24635041  6.01784415]]
[[-3.86351848 -4.08700048  3.84402769]
 [ 4.14944514  5.08016363 -2.83016397]]
[[ 3.85316991 -3.86914612 -4.20507275]
 [-2.56972604  4.02962924  5.47755928]]
[[ 3.08699426  4.25841068 -5.02451922]
 [ 0.41191828 -0.07659855  6.266628  ]]
[[ 3.76107689 -4.06782051 -3.87783688]
 [-3.93748969  4.95706285  3.38978768]]
[[ 3.71418623 -3.74991474 -4.1971273 ]
 [-3.41929571  2.81731349  5.60592869]]
[[-4.20133699 -4.15499443  4.19387749]
 [ 5.34019743  5.17788886  0.08924801]]
[[-4.58217965 -3.78892508  4.09919217]
 [ 6.77415288  3.68034515 -0.56468854]]
[[ 3.7099343  -4.96723312  3.81980091]
 [-1.75795211  6.10499081  0.59972718]]
[[ 4.00469212 -4.97306385  3.43418985]
 [-1.34210779  6.13804315 -0.2336218 ]]
[[-4.08073307  3.75042283 -3.85616862]
 [ 5.04820418 -3.90142442  3.26551823]]
[[-4.49989232  4.19812181 -4.14137492]
 [ 6.15403405  1.07773522  4.7609975 ]]
[[-4.13403539  3.56524919 -4.1781366 ]
 [ 1.02007844 -3.99425489  5.92152651]]
[[-4.36069164 -4.18847861  4.21744963]
 [ 5.71096775  5.06696463  1.14405252]]
[[ 3.82189415 -4.04383191 -3.98634018]
 [-3.01035519  4.79272563  4.42383974]]
[[ 4.02608669 -4.9320732   3.20900972]
 [-2.15311542  5.9550656  -1.24270732]]
[[ 3.82490193 -4.01765374 -4.01435896]
 [-2.96419693  4.6670069   4.57956415]]
[[ 3.56485842 -4.2532168  -4.10953637]
 [-3.7464103   6.10193579  0.06076072]]
[[-3.99252614  3.84419255 -3.9851645 ]
 [ 4.64702594 -2.83448541  4.63021561]]
[[-4.22260037  4.2227757  -3.70431879]
 [ 5.83373199 -0.62859536  4.11568148]]
[[-4.16341776  4.27874234 -3.95951456]
 [ 5.48110047  0.5450716   4.79799487]]
[[-4.17089868  3.72756149 -3.76221593]
 [ 5.43370302 -3.7148295   2.68256442]]
[[-4.11080059 -3.93290369  3.86409513]
 [ 5.07398272  4.39682017 -2.60947068]]
[[-4.96532598  2.90712618  4.16394125]
 [ 6.06009692 -0.68976553 -1.83968111]]
[[ 3.71305006 -4.17311018 -3.80999316]
 [-3.44299589  5.50601365  3.09802234]]
[[-4.07900837  3.86876464 -3.91934765]
 [ 5.02552778 -2.59841703  4.40907489]]
[[-4.48947265 -3.69225646  4.20332236]
 [ 6.6421356   3.66817533  0.21348378]]
[[-3.82420491 -4.29625346  3.87277592]
 [ 3.85433378  5.94931607 -2.15060316]]
[[-3.96361787 -4.08619049  3.66383233]
 [ 1.83646039  5.4981605  -4.26480381]]
[[-4.19790565 -3.87742747  3.66459641]
 [ 5.68421957  2.82679694 -3.56061975]]
[[ 3.76269829 -4.34854755 -3.71810017]
 [-3.71395742  5.91266848 -0.70218953]]
[[-3.76488107 -4.2784461   3.66831377]
 [ 1.17702623  6.01494114 -3.47872065]]
[[-4.24668628 -3.62689518  3.97249726]
 [ 5.95255618  3.6050405  -1.86658428]]
[[-3.94850169 -4.10797691  4.27346624]
 [ 4.82131649  5.36948757  0.09751565]]
[[ 4.16637749  3.03460115 -4.99158873]
 [-1.05902732 -0.77012337  6.15254545]]
[[-3.39330763 -4.31935215  4.1201984 ]
 [ 2.86801842  6.5063191  -1.12003181]]
[[ 4.21112972 -4.29430343 -3.31186574]
 [-0.76419027  6.95409332  1.35141255]]
[[-3.76105158  3.81550056 -4.18676786]
 [ 3.64914621 -2.76715813  5.53331867]]
[[-4.25768637  3.8840264  -3.50352787]
 [ 7.1775912  -1.40212957  1.62888668]]
[[-4.02560682  4.20028439 -4.14008556]
 [ 4.93621532 -0.2279743   5.35548288]]
[[-4.93042189  2.80800116  4.12215257]
 [ 5.85987162 -1.38860782 -2.60371382]]
[[-4.15521994  3.74289661 -3.78575547]
 [ 5.36101575 -3.43308575  3.23890366]]
[[-4.43834708 -4.1449928   3.49671363]
 [ 7.21462629  0.08847321 -2.4462377 ]]
[[-4.98309378  3.28773883  4.07488001]
 [ 6.15820791 -0.29399361 -1.17187866]]
[[-4.35971933 -3.30343556  4.33778726]
 [ 6.74271912  2.57070444  0.29751573]]
[[-4.12363084 -4.24215071  3.56455576]
 [ 5.8385884   0.8258175  -4.21262996]]
[[-4.28387876 -3.86603363  3.53712369]
 [ 6.37488051  2.07085269 -3.10475807]]
[[-3.84425909 -4.23464367  3.68593973]
 [ 1.11889061  5.77957337 -3.87272549]]
[[-4.02877966  3.64018095 -4.21602098]
 [ 0.54611581 -4.00717953  5.84685668]]
[[-4.24233512  3.76200188 -3.68741426]
 [ 5.83909359 -2.87567798  3.06879879]]
[[-4.3567023   3.79301227 -3.54617756]
 [ 5.91357024 -3.47806734  0.87396164]]
[[ 3.93536963 -4.15361377 -3.87587002]
 [-2.14491271  5.36826277  4.33132582]]
[[-4.29962404  4.26339823 -3.31882083]
 [ 7.04114925 -0.25906531  1.60959151]]
[[-4.91880944 -1.33506566  4.46079598]
 [ 6.37155052 -0.72570872 -1.39669482]]
[[-3.82977988 -4.15326801  3.798288  ]
 [ 3.8072376   5.40030422 -2.87151451]]
[[-4.06874226  3.77708249 -3.88784986]
 [ 4.83631455 -3.76520938  3.69678122]]
[[-3.88344391  3.98009309 -4.23181655]
 [ 4.3433359  -1.82750639  5.55917836]]
[[ 3.7966656  -4.09424717 -3.86115624]
 [-3.16478301  5.0288      3.94932494]]
[[-3.93961806 -4.03709455  4.02698945]
 [ 4.72633661  5.09119421 -1.76744647]]
[[-4.06319165  3.77893866 -3.92125105]
 [ 4.85124657 -3.43503957  3.98545647]]
[[ 4.27880817 -4.30882804 -3.58709847]
 [-0.00798983  6.22737574  3.7172504 ]]
[[-3.60455063 -4.33483756  3.7335431 ]
 [ 0.90046372  6.15867232 -3.15829688]]
[[-3.74092271 -4.19235673  3.71867896]
 [ 2.64743798  5.56575063 -3.55111344]]
[[-3.9243351  -4.01415389  3.76325108]
 [ 3.58425113  4.75365718 -4.03861745]]
[[ 3.80236127 -3.98451542 -4.00862943]
 [-3.34071388  4.36959231  4.57311575]]
[[-4.04350648  3.79961233 -3.95446686]
 [ 4.71470793 -3.23458472  4.29593271]]
[[-3.64242778  3.90382783 -4.29427434]
 [ 3.45556599 -1.91141925  6.16988832]]
[[-3.61437626  3.69890077 -4.2749568 ]
 [ 2.38798772 -2.67258364  6.31776925]]
[[ 3.97280248 -4.95659513  3.55410224]
 [-1.4515552   6.12502325  0.38575126]]
[[-4.50707674  4.14870826 -4.0759891 ]
 [ 6.17474057 -0.05649649  4.60124644]]
[[-4.11977813  3.91116223 -3.83816397]
 [ 5.32748032 -2.33141091  4.20985415]]
[[-3.35460539 -4.27460331  4.17226105]
 [ 1.52477465  7.04604246 -0.75409327]]
[[-4.13675992  4.15791915 -3.87767205]
 [ 5.46376477 -0.85547024  4.59052138]]
[[-7.05558131 -6.93323844  4.02448775]
 [10.75886606  6.43768294  2.38105392]]
[[-4.19070459 -3.95130105  3.57841152]
 [ 5.914525    1.68413746 -3.74757837]]
[[-3.85169149 -4.14729537  3.72936826]
 [ 3.17628773  5.3164445  -3.66402525]]
[[ 3.74758166 -4.35716833 -3.62956081]
 [-3.32644206  6.10810832  0.12216642]]
[[-4.0231071   3.88641217 -4.00826728]
 [ 4.77942232 -2.48330315  4.76809293]]
[[-4.31124005 -3.97722613  3.56852889]
 [ 6.32234411  0.1334952  -3.33780029]]
[[ 3.88738396 -4.92475755  3.49247215]
 [-1.90748121  5.97141203 -1.38780571]]
[[-4.19020764 -3.79244508  3.76033431]
 [ 5.53932594  3.47633282 -3.03063959]]
[[-4.19328583  3.74891324 -3.76451927]
 [ 5.54628839 -3.15661442  3.27623493]]
[[-3.97146084  3.67647948 -4.1011404 ]
 [ 1.54571264 -4.30530366  5.5202921 ]]
[[-4.02788786  3.7545314  -3.91516328]
 [ 4.84338185 -4.00789718  3.49908694]]
[[-2.8831449   4.10225445 -4.54275187]
 [ 1.14115362 -2.66012495  6.10624581]]
[[ 3.75903313 -4.95096642  3.72205917]
 [-0.26962888  6.05155859 -1.92685939]]
[[-4.02137665 -3.84915813  3.77136498]
 [ 4.7677753   3.36871034 -4.12217909]]
[[-3.91584427  3.79727638 -4.0639556 ]
 [ 4.11892945 -3.3379793   4.7864464 ]]
[[ 4.59845078 -4.9972185  -1.04309574]
 [-0.65371469  6.30796547  0.94957695]]
[[ 3.76173201 -3.66120961 -4.23931553]
 [-2.95377107  2.92098193  5.82768088]]
[[-3.85301632  3.78030233 -4.04936125]
 [ 3.50693724 -3.99508087  4.77076582]]
[[ 4.10467224 -4.20924241 -3.80081743]
 [-1.12715348  5.69498258  4.2930133 ]]
[[-4.06394158  4.23760192 -4.0229883 ]
 [ 5.16213285 -0.12910172  5.04656528]]
[[-4.11844643  3.76406911 -3.86306933]
 [ 5.1462053  -3.35535583  3.69066463]]
[[ 3.48544165 -4.92743143  3.86489017]
 [-1.43753946  5.95594766 -2.00829378]]
[[-3.86272329  3.62725409 -4.20024585]
 [ 2.36911509 -3.59097909  5.83049714]]
[[-4.2720868  -3.58788958  3.77626578]
 [ 6.14078041  2.7167102  -2.6098856 ]]
[[ 3.74745874 -3.84361823 -4.12839774]
 [-3.58865464  3.39006933  5.20030891]]
[[ 3.68981177 -3.75989238 -4.23434999]
 [-3.42154143  2.47619866  5.78792351]]
[[-4.31130217  3.48252569 -4.17715293]
 [ 6.45848405 -3.37909834  0.37460291]]
[[-4.72686022 -4.45583163  4.14355709]
 [ 6.24020567  5.24434266  0.73772785]]
[[-3.99302191 -4.03051524  4.29761482]
 [ 5.00654595  5.1451447   0.04755442]]
[[ 3.80423922 -3.926412   -4.03958817]
 [-3.19521333  4.25627304  4.74605046]]
[[ 3.86591368 -4.29568039 -3.436692  ]
 [-2.31538667  6.36929232  2.16960039]]
[[ 3.6604762  -3.75079914 -4.22462427]
 [-3.3813428   2.27395358  5.88470503]]
[[ 3.79193301 -3.99701276 -3.94514236]
 [-3.86532091  4.4849577   4.02001999]]
[[-3.93990684 -3.97708742  3.79296642]
 [ 4.10686788  4.30303183 -3.96294954]]
[[-4.22439532  3.64922687 -3.82902005]
 [ 5.84261725 -3.65225888  1.87639536]]
[[-4.20467477 -3.84572899  3.64420495]
 [ 5.81113081  1.83574684 -3.72842779]]
[[ 4.3261711  -4.27626012 -3.67015309]
 [ 0.50482003  5.98544543  4.026397  ]]
[[-4.94448462  3.82559045  3.72120666]
 [ 6.06207188 -0.02009651 -1.84496967]]
[[-3.90411808 -4.01812372  3.77885906]
 [ 3.7072813   4.64747095 -3.99515417]]
[[-4.19281783  3.76400634 -3.77749875]
 [ 5.59461868 -2.922421    3.48905603]]
[[-3.61316711 -4.34076999  3.74773676]
 [ 0.64214205  6.06405307 -3.34358848]]
[[-4.00314652  3.59120937 -4.14065263]
 [ 1.76861521 -3.98444764  5.76484792]]
[[ 3.83396888 -4.08489855 -3.88284104]
 [-2.84117395  5.02215723  4.21221359]]
[[-3.999384    4.14942669 -4.04112524]
 [ 4.95015967 -0.91268648  5.13256935]]
[[-4.3483204   4.22547007 -3.80175445]
 [ 6.12895307  0.19500483  4.18127706]]
[[-3.73325371  3.93675996 -4.20124298]
 [ 3.89164604 -2.03643173  5.73630284]]
[[ 4.23052587 -3.99411151 -4.04530227]
 [-0.42349862  4.98885471  5.1472661 ]]
[[-4.22890074 -3.75479788  3.70987967]
 [ 5.77839776  2.96643419 -3.14508948]]
[[-4.20796901  3.55654622 -3.96335359]
 [ 6.01670433 -3.64660321  1.72090988]]
[[-4.89962675  3.66275565  3.73886294]
 [ 5.86435692 -1.85919048 -2.22045595]]
[[ 3.78815067 -3.94596466 -4.03364525]
 [-3.49427145  4.12805904  4.6772221 ]]
[[ 3.7744745  -4.10565071 -3.81675941]
 [-3.87981898  5.02138595  3.26616208]]
[[-4.1450247  -3.8070522   3.8938505 ]
 [ 5.40085387  4.07914148 -2.38304195]]
[[-4.2220752  -3.8478534   3.74018327]
 [ 5.63378403  0.51203385 -4.14420552]]
[[-3.79250637 -4.14788138  3.97145649]
 [ 4.17300345  5.50039677 -1.9852478 ]]
[[-4.12048609 -3.81138142  3.86837358]
 [ 5.32712413  4.0489507  -2.54491913]]
[[-4.26709272 -3.7485396   4.00332885]
 [ 5.87818731  3.97323713 -1.62144969]]
[[-4.15122728 -3.83208957  3.74077701]
 [ 5.39762811  3.46469832 -3.27767107]]
[[-4.06464988 -3.8547687   3.73079732]
 [ 5.14061652  2.84435074 -4.12861985]]
[[-3.93198275 -3.98838244  3.78875002]
 [ 4.09684245  4.43780324 -3.78536684]]
[[ 3.72267054 -4.17340735 -3.81698132]
 [-3.65645566  5.44750925  2.91940316]]
[[-4.0836802  -3.88651396  3.84873595]
 [ 5.08765913  4.24140524 -2.71563022]]
[[-4.18687822  3.77291529 -3.82816121]
 [ 5.54701073 -2.8635273   3.68229075]]
[[ 3.75531847 -3.79547487 -4.12864662]
 [-3.69841594  3.20163445  5.17790745]]
[[-4.21937565 -4.04205297  3.61288544]
 [ 5.91650583  0.4647865  -3.92150432]]
[[ 3.76698752 -3.77199    -4.17768697]
 [-3.04932381  3.45269106  5.50436444]]
[[-4.17164806  3.6008314  -3.97625504]
 [ 5.82153971 -3.90031899  1.70519706]]
[[-4.90572918  3.9413381   3.38310765]
 [ 5.88860663 -2.22209119 -1.64675204]]
[[ 4.29538473  2.99840111 -5.01191369]
 [-0.09795806 -0.19489335  6.23703566]]
[[ 3.86903733 -4.43223535 -3.37164418]
 [-3.37552869  5.98860612 -0.2152765 ]]
[[-3.8595817  -3.98962373  3.7666609 ]
 [ 2.51440884  4.97351455 -4.5767896 ]]
[[-4.05188469  3.78201916 -3.89318981]
 [ 4.74869729 -3.79609697  3.76475612]]
[[ 3.80142207 -3.95053951 -3.91851983]
 [-4.21958122  4.28286675  3.90039434]]
[[-4.07238514 -3.90845804  4.12566522]
 [ 5.25020364  4.71916199 -1.16597694]]
[[-4.13533536 -4.2158194   3.62130861]
 [ 5.74697089 -0.02279752 -4.2876459 ]]
[[-4.97679626  3.83789624  3.66336644]
 [ 6.15624089 -0.64872211 -0.86651848]]
[[-4.28497084 -3.83577326  3.79088565]
 [ 5.81771028  3.57060034 -2.7496452 ]]
[[-3.83843122  3.7119438  -4.1183259 ]
 [ 2.17517864 -4.12801036  5.38521834]]
[[-4.04857796  3.63367732 -4.06107301]
 [ 1.62554116 -4.3412546   5.54084662]]
[[-4.34016399  4.27850982 -3.35134298]
 [ 6.79516036 -0.10373506  2.73814014]]
[[-3.68680344  4.08998719 -4.27014867]
 [ 0.76118717 -0.55250336  7.46936128]]
[[-3.68894548  3.72585102 -4.26802295]
 [ 1.79126825 -3.55979791  5.79614301]]
[[-4.16970927 -3.82707732  3.78268664]
 [ 5.34032648  3.6673692  -3.10609544]]
[[-3.19014339  3.94533295 -4.45667699]
 [ 0.61622292 -3.19985212  5.98772432]]
[[-4.12504865 -3.84139816  3.71499244]
 [ 5.40943972  2.05084663 -4.15470018]]
[[-3.95059024 -4.01359188  3.85565679]
 [ 4.54932017  4.78894215 -2.71049319]]
[[-3.92898245 -4.06391758  3.79055728]
 [ 4.0882066   4.90992734 -3.24283678]]
[[ 3.74826353 -4.9548381   3.78581042]
 [-0.1493715   6.09625298 -1.609064  ]]
[[-4.90156172  3.81598538  3.59493129]
 [ 5.88376456 -2.30989384 -1.53950223]]
[[-4.21833691 -3.72319402  3.78745095]
 [ 5.65307269  3.33832892 -2.90616363]]
[[ 3.76297352 -3.87604144 -4.03815809]
 [-4.01872596  3.42111531  4.84647474]]
[[-4.40164502 -3.81912481  4.15514224]
 [ 6.2967528   4.09138241 -0.25552582]]
[[-4.22543831 -3.89305234  4.20283638]
 [ 5.67431544  4.55474775 -0.2587028 ]]
[[-4.26398501 -3.74120325  3.68823171]
 [ 5.94889673  2.62036196 -3.14790917]]
[[ 3.98907013  3.3817951  -4.94130526]
 [-2.05669837 -0.5025019   6.01956703]]
[[-3.47304933  3.92432786 -4.32409412]
 [ 2.76830511 -1.7225831   6.55170233]]
[[-4.96417059  4.0602362   3.34310647]
 [ 6.06629972 -0.62563392 -1.8090019 ]]
[[-4.31815823  4.20384018 -3.74360947]
 [ 6.03476857 -0.26661551  4.0959426 ]]
[[ 4.02851364  3.46450786 -4.97251358]
 [-1.31486756  0.69376323  6.1578442 ]]
[[-4.02786743 -4.22828597  3.54641813]
 [ 1.20157845  6.08487426 -3.67272568]]
[[-4.12324625  3.86526307 -3.81266093]
 [ 5.28521824 -2.621666    4.04042708]]
[[-4.12016086 -3.93112509  4.13375512]
 [ 5.34252658  4.73104222 -0.98746707]]
[[-4.17448905 -3.79562515  3.77416475]
 [ 5.36711088  3.48951892 -3.21168951]]
[[ 4.17905644 -4.128733   -4.78528462]
 [ 1.05094324  2.78716443  8.21681723]]
[[ 3.71716559 -4.24909188 -3.65818848]
 [-2.75941736  6.09146368  2.83099218]]
[[-4.29333829 -4.17413305  3.50248063]
 [ 6.35254883  0.16968663 -3.48063755]]
[[ 3.96906305 -3.17693637 -4.4651745 ]
 [-2.76537281  0.92881748  6.1962495 ]]
[[-3.96717213 -4.06840385  3.64786328]
 [ 2.32712057  5.45648178 -4.18660591]]
[[-4.01218378  3.8856339  -3.99718628]
 [ 4.77720262 -2.50060309  4.73748359]]
[[ 3.69536148 -3.79244944 -4.1888232 ]
 [-3.43999431  2.88154764  5.61855168]]
[[ 3.67912615 -3.97811645 -4.20584383]
 [-4.09308558  0.28722043  5.72891744]]
[[ 3.78962674 -3.99395754 -3.9251265 ]
 [-4.01914268  4.49575504  3.86658659]]
[[-4.04609303 -3.9181502   3.78819848]
 [ 4.66923299  4.08811646 -3.52001192]]
[[-3.88577456  3.79015989 -4.10447926]
 [ 3.93855554 -3.14102229  5.10982276]]
[[ 4.11697132 -3.27161048 -4.34824253]
 [-1.45979382  0.71806078  6.77231337]]
[[ 3.66250355 -3.62272212 -4.29714982]
 [-2.2522415   1.59608555  6.84090478]]
[[-3.38044651  4.00863263 -4.30447133]
 [ 0.72002168 -1.71667932  6.79123842]]
[[-4.22799064 -3.90721951  3.585651  ]
 [ 5.9927145   2.3162185  -3.48531993]]
[[-3.76593868 -4.29112659  4.05729508]
 [ 0.38176123  7.48877884 -0.64155116]]
[[-4.0998648   3.62165955 -4.15879893]
 [ 5.67782932 -4.33387646  0.80324044]]
[[-3.67765574 -4.24276055  3.96212779]
 [ 3.74277875  5.87639554 -1.90148388]]
[[-3.63070891  4.20921014 -4.28256539]
 [ 3.84865878 -0.55519471  6.06278624]]
[[-3.89606502 -4.13805897  3.64934329]
 [ 2.23368886  5.5847762  -3.94024104]]
[[-4.02568237  3.82996068 -4.00425997]
 [ 4.65180424 -2.97070601  4.59041588]]
[[ 3.93921209 -3.98079167 -4.02889951]
 [-2.18597531  4.77252646  4.90633847]]
[[ 3.53950733 -4.2288895  -4.1229987 ]
 [-3.76536288  6.08954858  0.88024636]]
[[-4.93864644  3.86744395  3.60202852]
 [ 6.04703926 -1.72484888 -0.744953  ]]
[[-4.27212835 -3.68433117  3.68548776]
 [ 6.01535545  1.73849347 -3.29064496]]
[[-4.06588327  4.05002943 -4.14449044]
 [ 4.93619605 -1.40404032  5.23267034]]
[[ 4.25450349 -3.94429847 -4.16150049]
 [ 0.16710241  4.77074076  5.46954604]]
[[-3.85882274 -4.33849175  4.23740684]
 [ 4.36445898  5.97880861  0.38378429]]
[[-3.92958036  3.78876403 -4.06796684]
 [ 4.02348275 -3.51646262  4.77032756]]
[[-4.48205327 -3.13208932  3.99043191]
 [ 6.30506167 -1.17224972 -2.69754707]]
[[-5.02324149  3.67797006  3.80632278]
 [ 6.21993296 -1.12861037  0.49310982]]
[[-4.11875014 -3.82910718  3.71101857]
 [ 5.36598695  2.4738303  -4.0237228 ]]
[[-4.03771793 -3.97574957  3.85561242]
 [ 4.8468211   4.5524992  -2.70008415]]
[[-3.81853763 -4.1403397   3.75575636]
 [ 3.3706772   5.26694529 -3.49367147]]
[[ 2.35403933 -4.98607183  4.28647972]
 [-1.03937424  6.0472504  -1.96471646]]
[[-3.66000696  3.72899735 -4.25159722]
 [ 2.26429806 -3.33411282  5.81671437]]
[[-3.9296205  -4.07153819  3.80554141]
 [ 4.13980111  4.82645376 -3.29886385]]
[[-3.52903483  4.16850554 -4.31075979]
 [ 3.47337902 -0.77658666  6.28542947]]
[[-4.12880568 -4.16767893  3.54978833]
 [ 1.56235753  5.93252233 -3.97243329]]
[[-4.38892247  3.81126759 -3.50135343]
 [ 6.01243937 -3.38042243  0.19355415]]
[[ 4.25852617 -4.31333688 -3.44828266]
 [-0.40384723  6.41608492  3.26538044]]
[[-3.86504564  3.56266488 -4.29191764]
 [ 1.25105806 -3.18089946  6.35727099]]
[[-4.1389321   3.84852411 -3.82905161]
 [ 5.38357429 -2.55214774  4.02771735]]
[[-4.26258489  4.00609116 -3.51552512]
 [ 6.16273417 -1.74148377  3.26847195]]
[[-4.17577286 -3.81634386  3.79855521]
 [ 5.40345912  3.72656816 -2.94530116]]
[[ 3.8082476   3.65575638 -4.94145716]
 [-0.70709586 -2.00075582  6.01726237]]
[[ 3.67312127 -4.13170267 -3.87025272]
 [-3.89480494  5.48181839  2.56099582]]
[[-3.84882096  3.75806671 -4.12488537]
 [ 3.61621372 -3.32458134  5.22578513]]
[[-3.85548152  3.81999448 -4.12038387]
 [ 3.9872172  -2.85187147  5.24793337]]
[[ 3.86719319 -4.38100879 -3.4226477 ]
 [-3.68677481  5.74623672  0.75443307]]
[[ 3.71785168 -4.21972882 -3.71884219]
 [-3.15341522  5.75020474  2.89252336]]
[[-3.550027    3.76480725 -4.33117387]
 [ 2.50462028 -1.96832711  6.76390597]]
[[ 3.79125858 -3.92497267 -3.98696988]
 [-4.0038248   4.13746286  4.23812931]]
[[ 4.03854686 -4.12591805 -3.83487437]
 [-1.63007045  5.42133803  4.40497017]]
[[-4.14713573  3.64667499 -3.90124831]
 [ 5.62884832 -3.96172501  2.01765793]]
[[ 4.20187653 -4.26532868 -3.50484602]
 [-0.91835638  6.1568662   3.49095999]]
[[ 3.57951849 -4.2677125  -4.06420989]
 [-3.67820245  6.10658569  0.02956221]]
[[-4.11227251 -3.85994992  3.71473889]
 [ 5.28434541  3.0327279  -3.82551428]]
[[ 4.10832652  3.2712544  -4.99517258]
 [-0.21199494 -1.28839717  6.15995667]]
[[ 4.15648329 -3.82764321 -4.14828877]
 [-0.98922201  4.46474647  5.51737044]]
[[-4.09526803 -3.89143514  3.82035605]
 [ 5.02956522  4.10288852 -3.02987396]]
[[ 4.1349512   2.95635736 -4.96564842]
 [-1.90639941 -1.22624915  6.02286657]]
[[ 3.54763239 -4.26421517 -4.05472903]
 [-3.57402654  6.18432102  0.51452557]]
[[-4.35144251  3.96705541 -3.62529606]
 [ 6.46108486 -1.41637768  3.42775214]]
[[-4.14124869  3.64003967 -4.19847919]
 [-0.36793893 -4.13438154  5.82050493]]
[[ 3.77873956 -3.91126925 -4.00850684]
 [-4.00701866  3.71915173  4.63041202]]
[[ 3.89861315 -3.45537279 -4.39487014]
 [-2.12170986  0.05580411  6.75658815]]
[[ 3.64859503 -4.12304262 -4.11026173]
 [-4.35939353  0.59063861  5.6410271 ]]
[[-3.93987548 -4.15930885  4.07269865]
 [ 4.675622    5.38086348 -1.3125425 ]]
[[-4.08298709 -3.88087587  3.80927339]
 [ 4.90572068  4.06987047 -3.20239941]]
[[-3.87888329 -4.14858139  3.82658604]
 [ 4.04239619  5.2754598  -2.80367988]]
[[ 3.84321744 -3.91207713 -4.07715817]
 [-2.83406622  4.30287905  4.9728378 ]]
[[-3.87127184 -4.0696249   3.75883469]
 [ 3.51484842  4.95790704 -3.78266763]]
[[-3.86903863  3.60637757 -4.27651618]
 [ 2.05318029 -3.38053422  6.11032575]]
[[ 3.71921525 -4.13406708 -3.85782991]
 [-3.74330976  5.32547268  3.0852707 ]]
[[-3.85961353 -4.26406706  3.82474252]
 [ 3.82412947  5.75533536 -2.54207469]]
[[-3.91976105 -4.08776351  3.66024491]
 [ 2.3799558   5.44572117 -4.10483264]]
[[ 4.02229734  3.45286544 -5.0074635 ]
 [ 0.08123304 -0.76167211  6.21546895]]
[[-4.14912945 -3.82193788  3.68923664]
 [ 5.51537812  2.37592845 -3.87616922]]
[[-3.86971814  3.96975573 -4.10799397]
 [ 4.43576229 -2.03820953  5.25955587]]
[[-3.75638515 -4.25302682  3.6812576 ]
 [ 1.4185158   5.88790889 -3.60222335]]
[[ 3.62608018  3.8324644  -4.9325516 ]
 [-1.89336878 -0.99311116  6.00783173]]
[[ 4.21156686 -3.94248174 -4.11851589]
 [-0.41363517  4.79093851  5.36565721]]
[[-3.92921905  3.82488016 -4.05797094]
 [ 4.28275157 -2.96002188  4.91404122]]
[[ 3.75636762 -3.82570063 -4.14574   ]
 [-3.23123726  3.54504148  5.34341504]]
[[-3.84346037 -4.20080132  4.21379154]
 [ 4.46228618  5.68229865 -0.33128717]]
[[-4.28828342  3.54140078 -4.03789926]
 [ 6.24692899 -3.45914383  2.0708926 ]]
[[ 3.76823026 -4.06960682 -3.86412607]
 [-3.96896513  4.92880925  3.37146055]]
[[-3.8972027   3.77352589 -4.03986562]
 [ 3.69215772 -3.88188783  4.74458888]]
[[-3.95832776 -4.02764695  3.79340575]
 [ 4.23742573  4.63409209 -3.41672749]]
[[-4.11337318  4.07890121 -4.01049714]
 [ 5.22081043 -1.24985968  4.88615655]]
[[-3.38810178 -4.45871981  4.2963374 ]
 [ 2.58435069  7.03119286  0.82066369]]
[[ 4.21288401 -3.88436436 -4.25855216]
 [-0.06998812  4.5000783   5.76917614]]
[[-3.92355763 -4.05192445  3.7859368 ]
 [ 4.02129534  4.6751836  -3.61706188]]
[[ 3.7658072  -3.91748802 -4.08595514]
 [-3.52041973  3.81330159  4.96606993]]
[[-4.27653785 -3.62211581  3.88758283]
 [ 6.09096302  3.36566655 -2.0986011 ]]
[[ 3.99853596 -3.86091221 -4.35690493]
 [-1.6144964   4.12120653  5.95772861]]
[[-3.66179651 -4.28922164  3.70059205]
 [ 1.47666767  6.05815112 -3.26491437]]
[[-4.04190654  3.80293389 -3.94575671]
 [ 4.68033544 -3.35571952  4.23764789]]
[[-4.00879221  3.78740485 -3.93206099]
 [ 4.51805063 -3.71672455  4.0835523 ]]
[[-3.45485625  3.8774479  -4.27725884]
 [ 2.49580949 -2.37669633  6.2103949 ]]
[[-3.50790589 -4.28922146  3.78695126]
 [ 2.25540649  6.42797583 -2.35964262]]
[[-4.1994902  -3.89454605  3.68781798]
 [ 5.68383527  0.93986176 -4.04476686]]
[[-4.27037196  3.65165143 -3.98191989]
 [ 5.96364368 -3.8374145  -0.15079148]]
[[-3.78642452  3.81331672 -4.20326017]
 [ 3.70565798 -2.70031777  5.57636995]]
[[-4.21531258e+00 -3.98992837e+00  4.21169741e+00]
 [ 5.54441143e+00  4.79894187e+00  1.63845920e-03]]
[[-3.862367   -4.11899167  3.90108723]
 [ 4.28177402  5.28221826 -2.31510064]]
[[-4.17363757 -3.78826711  3.7390415 ]
 [ 5.48027834  3.31001105 -3.2443482 ]]
[[-4.04873983 -3.91039914  3.81633875]
 [ 4.84158575  4.2830806  -3.0033923 ]]
[[ 3.63535613 -4.10858676 -4.1819725 ]
 [-4.13014812  0.11889862  5.78697565]]
[[ 3.79748747 -4.0418732  -3.92226852]
 [-3.15341116  4.82782747  4.20067984]]
[[-4.34120896 -3.65396705  3.99050788]
 [ 6.24979026  3.57756209 -1.5265714 ]]
[[-3.23425837  4.18283876 -4.48360977]
 [ 1.60311825 -1.0007658   6.83780279]]
[[-3.74969128 -4.30942446  3.60718088]
 [ 1.44999193  6.45119796 -2.91742166]]
[[-4.03321087 -4.2618055   3.61259404]
 [-0.22172502  6.0250695  -3.76100119]]
[[-4.16384359  4.11819921 -3.91205089]
 [ 5.50077027 -1.00629489  4.60491945]]
[[ 3.81522644 -3.67290217 -4.23338342]
 [-2.62294145  3.32447384  5.81215902]]
[[ 4.29822731 -5.03884129  2.90527563]
 [ 0.84350112  6.23102137 -1.15477141]]
[[-3.88779413 -4.05463382  3.76245325]
 [ 3.43611346  4.8898817  -3.98251541]]
[[ 4.26236257 -4.01956509 -3.99047062]
 [-0.269001    5.10160827  5.01539879]]
[[-4.18080434 -3.82128686  3.76553467]
 [ 5.43002921  3.52662379 -3.15747206]]
[[-3.90427422  3.84266272 -4.07931691]
 [ 4.2748923  -2.71897963  5.07070225]]
[[ 3.78078499 -4.11107997 -3.85011544]
 [-3.27089803  5.11962391  3.76882692]]
[[-4.07848885 -3.94592385  3.7969215 ]
 [ 4.8889486   4.13773217 -3.25135434]]
[[ 4.42047231 -1.85490036 -4.83669817]
 [-1.60459305  0.57353089  6.29721155]]
[[-4.26440042  3.70705655 -3.62476575]
 [ 6.21075463 -2.73861443  2.51499502]]
[[-3.99174829  3.55625628 -4.31039649]
 [ 0.1869014  -3.30610276  6.35580158]]
[[-4.21087175  3.84233274 -3.87377738]
 [ 5.57553352 -2.48824585  4.00754888]]
[[-4.24374334 -3.68885417  3.80373176]
 [ 5.85594678  3.33225012 -2.60792133]]
[[-4.00462427  3.52129684 -4.32963532]
 [ 0.19402746 -3.05298379  6.56830056]]
[[ 3.89884224 -4.24664977 -3.75735732]
 [-2.08537716  5.83660025  3.83477162]]
[[ 3.79147647 -3.88321249 -4.01137473]
 [-4.09127764  3.64924629  4.60593484]]
[[-3.99630745  4.19185917 -4.10472733]
 [ 4.89395275 -0.44350187  5.31200718]]
[[-3.92707285  3.79035563 -4.08539389]
 [ 4.02000669 -3.41395263  4.86162513]]
[[-4.20669756  3.68568607 -3.77678678]
 [ 5.7077942  -3.66567107  2.1668392 ]]
[[-4.10907298 -4.26548526  4.12094873]
 [ 4.98028304  5.48624079 -0.70480117]]
[[ 3.73118665 -4.10041444 -3.84465444]
 [-3.84163877  5.18544189  3.12238534]]
[[-4.48597486  4.09401554 -3.01446454]
 [ 6.43994008 -2.23790827 -0.52746588]]
[[-4.00978854 -3.90948021  3.77506371]
 [ 4.68676257  3.64008571 -4.03126962]]
[[-4.16175388 -3.93291751  3.63429772]
 [ 5.71206225  1.49869616 -3.9827586 ]]
[[-4.13005882 -3.83642301  3.77438875]
 [ 5.10256051  3.55629603 -3.5220342 ]]
[[-4.14194575 -3.88556691  4.29270081]
 [ 5.48211604  4.66572462  0.09330696]]
[[-3.65994783  3.74996602 -4.35821699]
 [ 0.33274773 -3.47918317  6.0256551 ]]
[[-3.86108877 -4.07106346  3.7550009 ]
 [ 3.31754615  4.98768629 -3.92875643]]
[[ 3.76243071 -3.87240101 -4.08885784]
 [-3.74551464  3.53041144  4.98261461]]
[[-3.79075281 -4.14551445  4.01501878]
 [ 4.24600296  5.5048475  -1.74924322]]
[[-4.17529098 -4.02551752  3.56494616]
 [ 5.90281507  1.69582992 -3.86817607]]
[[-3.80623022  3.84466925 -4.14856066]
 [ 3.93632944 -2.63842268  5.38924306]]
[[ 3.82921305 -3.99975118 -3.98970227]
 [-2.93611451  4.60274595  4.61728811]]
[[-4.22830238 -4.09956863  3.57397514]
 [ 6.01288487  0.36030273 -3.82688527]]
[[ 3.93054133 -4.18114049 -3.92605807]
 [-2.162679    5.37597049  4.40414847]]
[[-4.23530883  3.88203987 -3.69986854]
 [ 5.82860916 -2.27520394  3.63189411]]
[[-4.08279984 -3.91231936  3.84780329]
 [ 5.05842082  4.30196932 -2.71638305]]
[[-4.24283978  3.95559176 -3.58006988]
 [ 5.99980439 -1.95541056  3.42983286]]
[[-4.17916572  3.72867203 -3.81073641]
 [ 5.48453018 -3.38709238  3.20154119]]
[[-4.32213226  4.30052068 -3.32671754]
 [ 7.11303813  0.16725541  2.14759654]]
[[-4.11008607  4.20513047 -3.98857214]
 [ 5.30317594 -0.37765835  4.89974961]]
[[-4.27321535  3.77682409 -3.58529206]
 [ 5.95478899 -2.91486552  2.54520916]]
[[ 3.69860694 -3.86016187 -4.19638609]
 [-3.38908525  3.16157649  5.60859556]]
[[ 3.78864087 -3.94969521 -4.04260925]
 [-3.39352497  4.18581727  4.70248506]]
[[-4.10685069  3.68331391 -3.90867203]
 [ 5.47942953 -4.20371911  1.90459044]]
[[ 3.71882068 -4.04632806 -3.8833001 ]
 [-4.2110901   5.14902261  2.77945677]]
[[ 3.88696893  3.66966812 -5.02511262]
 [ 0.11907996  0.02371689  6.26522883]]
[[-4.2491431  -3.61028363  4.22090253]
 [ 5.96315949  3.8457378  -0.75476968]]
[[-4.01373951  4.03038386 -4.07492147]
 [ 4.87273417 -1.57185863  5.12045829]]
[[ 3.77538363 -3.88792841 -4.09447682]
 [-3.31718412  3.86924285  5.03073721]]
[[-4.32685222 -3.93218488  3.58075536]
 [ 6.36074692  0.31352914 -3.26598335]]
[[ 3.94378208 -3.27969471 -4.43170145]
 [-2.46412787 -0.52921529  6.46259565]]
[[-4.08429187 -3.82626182  3.77638666]
 [ 4.97132527  3.16802799 -4.05007345]]
[[-3.5299238  -4.37412983  3.78243696]
 [ 0.30230289  6.33107682 -2.91263653]]
[[-4.00586601  3.78978477 -3.96730187]
 [ 4.51004358 -3.50832018  4.28252841]]
[[ 3.79405799 -3.9905617  -3.99655146]
 [-3.41377687  4.44438141  4.43406091]]
[[ 4.10638342 -4.85583212 -4.65176577]
 [ 0.2428765   6.33598304  5.51073705]]
[[ 3.69276419 -4.26699155 -3.67031557]
 [-3.28391195  6.00298449  1.76410359]]
[[-4.90094707  3.98014388  3.23950342]
 [ 5.79411278 -2.84730503 -1.30448361]]
[[ 3.60542486 -4.19815409 -4.06213968]
 [-3.97395537  5.87518094  1.04491818]]
[[-3.94296264  3.99824692 -4.0675692 ]
 [ 4.68088655 -1.80926761  5.15288438]]
[[-3.97794193  3.66198034 -4.21168556]
 [ 0.60487297 -4.03243086  5.79074615]]
[[ 3.69990423  3.74485204 -4.90293254]
 [-1.43939319 -2.26354883  5.90122714]]
[[-3.95767445 -4.29474123  3.5401857 ]
 [ 0.9907139   6.33620659 -3.31096141]]
[[-4.02859354 -3.87398846  3.76549497]
 [ 4.81841105  3.38041093 -4.09504558]]
[[-4.18527149 -4.1348771   3.58190869]
 [ 5.90984996  0.56111648 -4.01403443]]
[[ 4.26549457  1.95513547 -4.97421363]
 [-2.92326232 -0.3446508   5.87262376]]
[[-4.11595445 -3.8578852   3.71257893]
 [ 5.40515349  2.03037822 -4.19349943]]
[[-3.87723562 -4.0655803   3.71754003]
 [ 3.1187281   5.12337576 -3.96764003]]
[[ 3.60924542 -4.34638629 -3.86117468]
 [-2.61960046  6.76556918 -0.4989589 ]]
[[-4.09708484 -4.05043413  4.16436284]
 [ 5.19508823  5.0375274  -0.62595394]]
[[-4.21551914  4.23960953 -3.75902482]
 [ 5.77528145 -0.34690088  4.26748502]]
[[-3.98186389 -4.05589276  3.83852196]
 [ 4.50067082  4.84444304 -2.82193911]]
[[ 3.80116187 -3.9309978  -4.11389923]
 [-3.18198768  4.08884866  4.99404752]]
[[ 3.82592151 -3.99463028 -4.02123321]
 [-2.94556436  4.5496496   4.69066823]]
[[-3.76010549 -4.43775877  3.86894892]
 [ 3.39820774  6.41365825 -2.05924593]]
[[-3.8084512   3.68576435 -4.22359416]
 [ 1.48126119 -3.80601687  5.76291863]]
[[-4.18448574  3.63128075 -4.0314549 ]
 [ 1.0900983  -4.53909294  5.5730759 ]]
[[-4.1659994  -3.79475472  3.76786561]
 [ 5.34744328  3.40277994 -3.32698036]]
[[ 3.77430669 -4.08382603 -3.84532627]
 [-3.71284707  4.92335757  3.57826257]]
[[ 3.75177625 -4.02963602 -3.86229785]
 [-4.33106189  5.02656736  2.80108107]]
[[-3.48359104  4.13057374 -4.27284933]
 [ 3.33601311 -1.21963939  6.21405993]]
[[ 3.80032815 -3.55778112 -4.28515272]
 [-2.48134609  2.69374149  6.20519546]]
[[-3.895762    3.78254522 -4.09839994]
 [ 3.94724583 -3.18134016  5.07560813]]
[[-3.62895703 -4.42853016  4.32178673]
 [ 0.24146046  7.54671141  1.18177317]]
[[-3.92457555 -4.26411034  3.57376073]
 [ 1.14091308  6.16076278 -3.47577727]]
[[-3.82553588  3.76944559 -4.16158819]
 [ 3.58269858 -3.21470284  5.32236992]]
[[-3.81812652  4.03582617 -4.19320435]
 [ 4.27789492 -1.53419668  5.62706806]]
[[-3.83389956  3.6985054  -4.15684995]
 [ 2.82705767 -3.70813071  5.46870287]]
[[ 3.76982736 -4.12096761 -3.88626587]
 [-3.20865637  5.19579299  3.81025832]]
[[-3.95509815  3.65211376 -4.13837471]
 [ 1.58478416 -4.11290609  5.63070273]]
[[-4.01691552  3.78523795 -3.91332315]
 [ 4.630281   -3.93028373  3.79363795]]
[[ 3.80944709 -3.83255181 -4.17773907]
 [-2.73352288  3.84436936  5.481734  ]]
[[-4.12271218 -3.85837706  3.6986263 ]
 [ 5.3516008   2.92602836 -3.81508825]]
[[-4.18800494  3.58952589 -4.0953222 ]
 [ 0.9586749  -4.29474297  5.73902941]]
[[-3.84558066 -4.11111596  3.78210514]
 [ 3.78855107  5.11552941 -3.23975345]]
[[ 3.7540297  -3.85771797 -4.04518067]
 [-4.15552137  3.09141087  4.9707414 ]]
[[ 4.029096   -2.93557208 -4.54787525]
 [-2.98990823 -0.30611949  6.09841385]]
[[-4.40186328  3.94919554 -3.36239219]
 [ 6.26685731 -2.38834664  2.14597262]]
[[-3.69279798 -4.24122867  3.70279059]
 [ 2.15807357  5.84569514 -3.38937086]]
[[-4.92856658 -5.47478123  4.10959712]
 [ 4.63156955  8.52802478  1.89301521]]
[[-4.03439589  3.8395372  -3.96846271]
 [ 4.80704617 -2.82748109  4.49818197]]
[[ 3.77515125 -3.92713394 -4.00078144]
 [-3.91226472  3.85196438  4.58634644]]
[[ 3.93416606 -4.03029395 -3.97374629]
 [-2.21594544  4.93818394  4.7211965 ]]
[[-4.03253805  4.11822041 -3.98185905]
 [ 5.08297596 -1.20448049  4.92063908]]
[[ 4.16374912 -4.32333296 -3.40488303]
 [-0.87619009  6.51564942  2.97697219]]
[[ 4.19331966 -3.97578668 -4.17542317]
 [-0.32680585  4.80415647  5.45648486]]
[[-4.88131569 -1.34243238  4.41640456]
 [ 6.253353   -0.95403855 -2.05159883]]
[[-4.07362523 -3.91517122  3.94506951]
 [ 5.13172019  4.53372845 -2.16310948]]
[[-4.45742667 -3.13616685  4.00327725]
 [ 6.27916703  0.71195335 -2.59532203]]
[[-3.8023394   3.7358291  -4.1777479 ]
 [ 1.52622101 -4.12739093  5.50393684]]
[[-4.23733783  3.70808269 -3.69096793]
 [ 5.90843317 -3.05933043  2.71965256]]
[[ 3.6888853  -3.69819807 -4.26379538]
 [-1.92161396  1.00027331  7.11830726]]
[[-4.40614692 -3.40521008  3.85931899]
 [ 6.4010067   0.04009618 -2.69656863]]
[[-3.8778022   3.98576477 -4.11120887]
 [ 4.46813748 -1.89963906  5.29787854]]
[[-4.09915453 -3.87169442  3.82383765]
 [ 5.06153855  4.10692894 -2.93536034]]
[[-4.12692142 -3.99345106  3.63380721]
 [ 5.6598457   1.59803724 -4.13844339]]
[[-3.90438241  3.7962779  -4.06965218]
 [ 4.06291078 -3.26755815  4.88525995]]
[[ 3.80587746 -3.94523412 -4.02432814]
 [-3.24411189  4.29657949  4.68372464]]
[[ 3.96487574 -4.3303038  -3.32465408]
 [-2.16195291  6.39475944  1.87032281]]
[[ 3.81549283 -4.09195767 -3.8950079 ]
 [-3.04210678  5.00796441  4.11371911]]
[[ 4.26001099  2.82750337 -5.00931706]
 [-1.22997612  0.47593404  6.20022655]]
[[-3.58562859 -4.47988261  4.18991952]
 [ 2.40346274  7.55798203  0.32610313]]
[[-4.2751145   3.75218004 -3.67454422]
 [ 5.84235439 -3.13570023  2.67033273]]
[[ 4.34806586 -2.95782169 -4.53212968]
 [-0.51440521  0.41205612  6.76662635]]
[[-4.07543726 -3.95444533  3.65407496]
 [ 5.45618178  2.25444084 -4.18650535]]
[[-3.64760765 -4.24238047  4.15811448]
 [ 3.89554767  5.968552   -0.95681926]]
[[-4.07148913  3.75549034 -3.86688007]
 [ 4.99414726 -3.92828988  3.32890672]]
[[ 4.0429121  -5.59550255 -5.73039027]
 [ 0.7625319   6.71454657  7.35295262]]
[[-3.33088657  3.90665774 -4.43861729]
 [-0.18116973 -3.69071086  5.79434634]]
[[-4.09154145  4.00824545 -4.0640724 ]
 [ 5.05695995 -1.71555537  4.96417493]]
[[ 3.67153619 -4.13928085 -3.87255933]
 [-3.9344964   5.54013184  2.36219422]]
[[ 4.2852211  -4.05050621 -4.01472708]
 [ 0.16647658  5.16397207  5.03821644]]
[[ 3.91889602 -3.76583145 -4.21739272]
 [-2.10611921  3.94039286  5.68860121]]
[[ 3.61376063 -3.9609958  -4.25191519]
 [-3.72859796  0.58797625  6.00943062]]
[[ 3.6783335  -4.17578933 -4.00959938]
 [-4.1969565   5.67821085  0.48826905]]
[[-3.80326593 -4.13214521  3.71942847]
 [ 3.01632023  5.32969706 -3.67938945]]
[[ 4.48608624 -5.06252062 -0.43758023]
 [-1.64179205  6.25740876  0.63792108]]
[[-4.1647291  -3.77042678  4.0732973 ]
 [ 5.59608219  4.23899775 -1.44125869]]
[[ 3.68958139 -4.10017179 -3.88548395]
 [-4.12553421  5.39453943  2.3580501 ]]
[[ 3.70672597 -4.18953445 -3.7795101 ]
 [-3.51830721  5.58412727  2.79180955]]
[[-4.10381233 -3.88882583  3.77177907]
 [ 5.06014617  3.79945649 -3.37948308]]
[[ 3.69244761  3.79537339 -4.96112463]
 [ 0.57645923 -1.92335135  6.07860967]]
[[-3.93571755  3.79633187 -3.97636836]
 [ 4.14348841 -3.9746894   4.25633548]]
[[ 3.81844582 -4.12185026 -3.88340904]
 [-2.92970807  5.12071537  4.08306616]]
[[ 4.32740536 -4.49016536 -3.04127018]
 [-0.59171606  6.61446996  1.6497334 ]]
[[ 3.81452566 -4.00135661 -4.0205976 ]
 [-3.05277849  4.50407064  4.66964842]]
[[ 3.76373745 -3.91193693 -4.06596942]
 [-3.5778804   3.79853194  4.91581941]]
[[-3.64691389  3.74651031 -4.24692763]
 [ 2.91449638 -2.73754453  6.02333447]]
[[ 4.02420039 -4.98029319 -4.25194519]
 [-0.33747863  7.92653569  3.66495382]]
[[ 3.79837076 -4.01273334 -3.95820211]
 [-3.23078914  4.5597844   4.42753284]]
[[-4.25812832 -3.7077827   3.80079367]
 [ 5.9577811   3.39919353 -2.4779878 ]]
[[ 3.73947206 -3.89562019 -4.0495236 ]
 [-4.04927658  3.22659873  5.01931431]]
[[-4.49150838 -2.95659065  4.26412245]
 [ 6.65377161 -0.19737077 -1.31437374]]
[[-4.10919065  3.91295183 -3.94223932]
 [ 5.18911561 -2.27487045  4.49014466]]
[[-3.83530244  3.69369641 -4.15925599]
 [ 2.96410993 -3.59042969  5.50256927]]
[[-4.13598232 -3.84076707  3.78347594]
 [ 5.25636885  3.73551555 -3.14687872]]
[[-3.95902124 -3.98632907  3.79060511]
 [ 4.11747252  4.40432205 -3.84981139]]
[[-4.95731304  2.63779249  4.19274366]
 [ 5.94320857 -1.19998362 -2.38316878]]
[[ 3.7870655  -4.04172529 -3.9086028 ]
 [-3.61082305  4.70143084  3.97300353]]
[[-3.9186274   3.83465744 -4.05687764]
 [ 4.31411998 -2.86652431  4.93035736]]
[[-3.90013826  3.6798799  -4.10558831]
 [ 2.5450397  -4.04539142  5.41587989]]
[[ 3.26543542  4.03259739 -4.97345803]
 [ 0.47334365 -1.94136851  6.08977645]]
[[-3.6914317  -4.53964163  4.20048429]
 [ 3.51069725  6.8828636   0.37478863]]
[[ 3.83589881 -3.79550176 -4.13788834]
 [-2.77571318  3.88945101  5.31164182]]
[[-4.99233103  3.12738978  4.19370896]
 [ 6.19883415  0.22878803 -0.8879893 ]]
[[ 3.69647777 -4.2965639  -3.7225123 ]
 [-2.30801826  6.8521097   0.09337683]]
[[ 3.84028305 -3.82957428 -4.12475892]
 [-2.73133717  4.00395769  5.27734619]]
[[ 3.81673339  3.71475792 -4.98564764]
 [ 0.21354514 -1.23835323  6.16737995]]
[[-4.18994561 -4.22437132  3.58961913]
 [ 5.90735392 -0.31687889 -4.07608748]]
[[ 4.28215009 -3.46533698 -4.34412211]
 [-0.03302956  3.31486308  6.41452151]]
[[-4.96623697  3.35945148  3.98978848]
 [ 6.08958912 -0.59078016 -1.64038498]]
[[ 3.63576022 -4.24656928 -3.78386001]
 [-3.44238321  6.00242536  1.74681208]]
[[-3.89971159 -4.24132778  3.5768    ]
 [ 1.42897314  6.09484801 -3.5200505 ]]
[[-4.03219986  3.78683321 -3.87500636]
 [ 4.64509372 -3.92276582  3.73533306]]
[[-3.33652907 -4.34133207  4.22670595]
 [ 2.49672454  6.89823079 -0.31979772]]
[[-4.91878547  3.70637119  3.75787146]
 [ 5.98300817 -1.6200853  -1.57819523]]
[[-4.96186485  2.66485468  4.20554083]
 [ 6.00252427 -0.84441347 -2.17152595]]
[[ 4.30016184 -3.55306666 -4.29529424]
 [-0.06034977  3.65861254  6.19318935]]
[[ 3.73996935 -3.64954221 -4.27664698]
 [-2.622958    2.87763692  6.15386031]]
[[ 4.48848022  2.0674131  -5.04952083]
 [-0.48194193  0.74078604  6.28207845]]
[[ 3.78626638 -3.78581606 -4.17905107]
 [-3.02372281  3.55699836  5.45642413]]
[[ 3.80321171 -3.98646297 -4.01398588]
 [-3.23674216  4.46839389  4.55148888]]
[[-4.45185791  4.09034116 -4.24886414]
 [ 5.77250666 -0.83140194  5.04252965]]
[[-4.27004419 -4.02373328  3.60745693]
 [ 6.04870337  0.4961215  -3.75357888]]
[[ 3.61494634 -4.24829723 -4.01790421]
 [-3.8032659   5.9871497   0.21430927]]
[[-4.02390868  3.5766881  -4.30836794]
 [-0.13722108 -3.47363354  6.249038  ]]
[[ 3.81176896 -3.95768552 -4.05931771]
 [-3.16477013  4.29301341  4.79430531]]
[[-4.95153672  4.00104756  3.30937851]
 [ 6.02670623 -2.12745079 -0.220568  ]]
[[-3.94953189 -4.04161104  3.79696706]
 [ 4.2203119   4.81593128 -3.19740226]]
[[-3.85511166 -4.16035081  3.83263052]
 [ 4.0060093   5.35977339 -2.69338526]]
[[ 3.60411101 -4.2471881  -3.91200539]
 [-3.54018294  5.99768105  2.12725833]]
[[-4.96345918  3.93917077  3.55851901]
 [ 6.10289088  0.17512439 -1.65786933]]
[[ 4.21646585 -3.50581525 -4.35892546]
 [-0.30080221  3.32848078  6.56318674]]
[[ 4.10588121 -3.72277184 -4.21094957]
 [-1.24327095  4.08909357  5.77984567]]
[[-3.97584398 -4.00138453  3.79374099]
 [ 4.2971649   4.45684413 -3.57412871]]
[[-3.9238129  -4.0337614   3.77192582]
 [ 3.93300682  4.75993963 -3.59800885]]
[[-4.48915544 -3.17960643  3.94814711]
 [ 5.84943951 -0.66948176 -3.56266176]]
[[ 3.75433937 -4.05240667 -3.88498016]
 [-3.80345193  4.89371595  3.5765583 ]]
[[ 3.70154183 -3.7872098  -4.19869859]
 [-3.83410122  1.93040021  5.64319793]]
[[-4.05660294 -3.9338291   3.82756546]
 [ 4.83037369  4.36524653 -2.95893663]]
[[-3.94612602  3.7901934  -4.00080417]
 [ 4.24767015 -3.560133    4.47849415]]
[[ 3.91339592 -4.19144988 -3.87278119]
 [-2.27078839  5.43474802  4.23033091]]
[[ 3.88579641 -3.98467992 -4.05998411]
 [-2.49471935  4.63330425  4.92068027]]
[[-5.00926014  3.93090226  3.72340864]
 [ 6.26030836  0.42343469  0.39322798]]
[[ 3.85396598 -3.86829382 -4.21574136]
 [-2.55389798  4.01040626  5.51613928]]
[[-4.21790674 -3.72903162  3.716748  ]
 [ 5.76901322  2.98352208 -3.1010703 ]]
[[-3.90962076  3.78349077 -4.03977009]
 [ 3.89206772 -3.76791296  4.66095691]]
[[-4.20504755 -3.74518728  4.29567407]
 [ 5.76255384  4.26863237 -0.06182976]]
[[-4.95006412  3.74152562  3.76937307]
 [ 6.08988861 -1.05575896 -1.1835604 ]]
[[ 3.78622367 -4.90805243  3.62114918]
 [-2.31488417  5.91176574 -1.19229235]]
[[-4.13270756 -3.86268353  3.6862688 ]
 [ 5.5026219   2.06058421 -4.06088448]]
[[ 3.58441826 -4.24913271 -3.80571779]
 [-3.24441262  6.17142655  2.04862087]]
[[-3.83348491 -4.23424134  3.61374654]
 [ 2.53602944  5.98970529 -3.31997255]]
[[-5.0037657   4.13070713 -4.36913272]
 [ 7.4284348   0.94539512  4.4139017 ]]
[[-4.09621128 -4.0490314   4.02408104]
 [ 5.09196064  4.95116804 -1.60344105]]
[[-4.23956978  4.33578372 -3.69008185]
 [ 5.90558668  0.24721734  4.10629454]]
[[ 3.64640968 -3.81709627 -4.19399441]
 [-3.60976491  2.25221543  5.77337165]]
[[-3.58154117  4.1186545  -4.2651572 ]
 [ 3.65071722 -1.19059422  6.07209091]]
[[ 3.75888231 -4.04427042 -3.85406887]
 [-4.1329722   4.93297976  3.16131446]]
[[ 3.67205297 -3.82411399 -4.18593042]
 [-3.53690659  2.74864014  5.65629068]]
[[-4.15718316  3.91904827 -3.87402767]
 [ 5.40572539 -2.16512282  4.28961667]]
[[ 4.25510788 -4.1016544  -3.88372604]
 [-0.36180056  5.40774017  4.67471494]]
[[ 3.67862486 -4.08287772 -3.92539937]
 [-4.23433278  5.42878865  2.11900391]]
[[-3.95855137 -4.01953781  3.80616514]
 [ 4.34782579  4.62382516 -3.2726088 ]]
[[-4.99783181  1.04078434  4.33957625]
 [ 5.86778339 -0.82968645 -3.0418723 ]]
[[-3.7501438  -4.26029248  4.25898628]
 [ 4.19688683  5.91767476  0.01045882]]
[[-5.08578832  3.79754924  3.76992269]
 [ 6.35963218  0.80401673  1.04158982]]
[[-3.95992085 -3.99154629  3.7926616 ]
 [ 4.32889951  4.5022016  -3.42410049]]
[[-4.25467381 -4.07675526  3.49784276]
 [ 6.26705872  1.33262207 -3.52862002]]
[[-4.30409087 -3.58256829  3.78829873]
 [ 5.77758829  1.87217787 -3.47245769]]
[[-4.07550707 -3.96580508  4.01437775]
 [ 5.15446075  4.74951332 -1.69513657]]
[[-3.7998164  -4.20159097  4.1952676 ]
 [ 4.36173755  5.68832988 -0.63234836]]
[[-3.5443345   3.74047322 -4.29021284]
 [ 1.70056758 -2.67925725  6.37322487]]
[[ 3.69821132 -4.13963188 -3.81106959]
 [-3.9406565   5.44938147  2.33483964]]
[[ 3.62925822  3.81820164 -4.92067171]
 [-1.10662765 -2.14568594  5.95862266]]
[[ 3.81660528 -4.12795728 -3.83447952]
 [-2.90034446  5.23129691  3.93162017]]
[[-3.93458766  3.54539524 -4.25394091]
 [ 1.62237721 -3.42833488  6.18547916]]
[[-3.96139791  4.18346254 -4.0317106 ]
 [ 4.89756611 -0.88522582  5.13875616]]
[[ 2.45768371 -4.99219764  4.28811223]
 [-0.95298557  6.08261804 -1.77216991]]
[[ 3.79190882 -3.88266914 -4.08356975]
 [-3.25528497  4.01258922  4.9174854 ]]
[[-3.607936    3.99008716 -4.25804569]
 [ 1.23100094 -0.89437391  7.39933191]]
[[ 3.78957604 -3.89675323 -4.01000383]
 [-3.98123692  3.82037858  4.53921612]]
[[-4.04182303 -3.96969718  3.80297676]
 [ 4.75836858  4.31164475 -3.1826043 ]]
[[-3.9831742   3.62296556 -4.13896748]
 [ 1.61462496 -4.07091982  5.69611996]]
[[-3.94398023 -4.00010048  3.78716241]
 [ 4.07533478  4.49395488 -3.77192551]]
[[-3.81724217 -4.14497275  3.76904305]
 [ 3.61817967  5.3607076  -3.11944602]]
[[-3.84818027  3.67597545 -4.17277026]
 [ 1.83037199 -3.93703718  5.62621185]]
[[-4.01628885  3.78119496 -3.85042979]
 [ 4.71334885 -4.17601839  3.39188158]]
[[ 4.42225606 -2.25970333 -4.72340767]
 [-1.08563332 -0.24011927  6.48638285]]
[[-4.17086221  3.70260166 -4.07879881]
 [ 5.64377129 -4.34017846 -0.40507245]]
[[-4.34252932  4.16988962 -3.44057878]
 [ 6.52352631 -0.71073921  3.10158332]]
[[ 3.33131276  4.08775102 -4.96619476]
 [-1.28789725 -0.62441921  6.11688877]]
[[-4.33387414  3.72772388 -3.61597712]
 [ 6.61979567 -2.55938486  0.50571769]]
[[-4.2541063  -3.79927494  3.75773463]
 [ 5.74520769  3.34986876 -2.96260532]]
[[-4.26544229 -3.95548801  3.54186492]
 [ 6.21711053  1.59956923 -3.43959587]]
[[-3.81415997 -4.18726893  3.6893988 ]
 [ 2.7532392   5.59229684 -3.57602126]]
[[ 3.76040114 -3.89426305 -4.03582527]
 [-4.00443234  3.45434001  4.86005796]]
[[-5.01534147  4.07178092  3.27372817]
 [ 6.21648565 -1.02846642  0.27896115]]
[[-3.62813528  3.79005698 -4.37055423]
 [-0.74570491 -3.65870791  5.90578412]]
[[ 3.01976689 -4.99000317  4.2463366 ]
 [-0.24742405  6.1805374  -0.97035561]]
[[ 3.96105321 -3.93568446 -4.17159752]
 [-1.92405713  4.47157682  5.42723016]]
[[ 3.82595827 -3.84540691 -4.15883843]
 [-2.66693214  3.95971997  5.42005406]]
[[-4.06687319  3.79571501 -3.91618776]
 [ 4.77615384 -3.49503728  4.01924475]]
[[-3.88595363 -4.4514978   4.11526803]
 [ 4.17472792  6.2882493  -0.57155936]]
[[-4.24429052  4.2289309  -3.78748428]
 [ 5.84454396 -0.18413474  4.28919078]]
[[-3.74053276  3.70441144 -4.35762787]
 [-0.65859661 -3.28535369  6.20841977]]
[[-4.93033855  3.66853999  3.75432144]
 [ 6.002274   -1.20719036 -1.79681861]]
[[ 3.11621726  4.03851707 -4.93152809]
 [-0.81165164 -2.56197548  5.90763032]]
[[-4.11679141  3.76069883 -3.81713491]
 [ 5.08196983 -3.82259077  3.2351563 ]]
[[ 2.45848699 -4.9643576   4.24214672]
 [-0.65561526  5.98044264 -2.36780458]]
[[-4.02969957  3.82965296 -3.97961736]
 [ 4.70041145 -3.02215339  4.4863891 ]]
[[-4.40621059  4.19294619 -4.48985512]
 [ 5.44242061  1.81577835  5.72784332]]
[[-4.0406402  -3.96131407  3.81704269]
 [ 4.73021479  4.42117221 -3.04675695]]
[[-4.01690213 -3.89803682  3.75712936]
 [ 4.85618267  3.32645148 -4.14865   ]]
[[-3.83045982 -4.1310141   3.75225528]
 [ 3.51700117  5.25246606 -3.3656639 ]]
[[-4.06457711  4.12690772 -4.27843019]
 [ 4.84833726 -0.69257976  5.58990797]]
[[-4.03831729 -3.99657127  3.80976667]
 [ 4.59651135  4.4379742  -3.27562056]]
[[ 3.50653839 -4.97722633  4.01084161]
 [-0.78249717  6.16468983 -0.58161146]]
[[-4.95466194  2.21146636  4.23192707]
 [ 5.7563064  -0.72423263 -3.26275886]]
[[-3.96690239 -3.98307791  3.78856283]
 [ 4.34759378  4.31301258 -3.66102552]]
[[-3.91840258 -4.13718113  3.82943001]
 [ 4.15593352  5.12106127 -2.92383286]]
[[ 3.80069699 -3.89905912 -4.09222749]
 [-3.21817915  4.06577948  4.92654589]]
[[-4.14144086  4.11861675 -3.82468515]
 [ 5.48874519 -1.20535578  4.44236425]]
[[-3.85426029 -4.15678934  3.8180687 ]
 [ 3.95126934  5.31004164 -2.83311626]]
[[ 3.68178496  3.78504354 -4.96182445]
 [-0.49650453 -1.5317732   6.09882108]]
[[ 3.66142012  3.76515027 -4.96704532]
 [-1.16926765 -1.27812992  6.09077231]]
[[-4.35154318 -4.14326475  4.19969117]
 [ 5.70748958  4.98589875  0.50836145]]
[[-4.22891522 -3.73243528  4.28794301]
 [ 5.83377104  4.20876028 -0.00705911]]
[[ 3.77297402 -3.8383817  -4.10057558]
 [-3.60331971  3.61100081  4.97379707]]
[[-4.08885737  4.15491397 -4.10568169]
 [ 5.10527362 -0.63342552  5.1779697 ]]
[[-4.09836024  3.56588667 -4.23377173]
 [ 0.41542769 -3.79036888  6.0501773 ]]
[[-4.18751885  4.28474931 -3.75387291]
 [ 5.71517884 -0.19108579  4.30413474]]
[[-3.94493459 -3.99613844  3.78637847]
 [ 3.92530685  4.52942352 -3.93190728]]
[[-4.15633778  3.64851945 -3.87817809]
 [ 5.64182313 -3.87851556  2.15392694]]
[[-4.25698538 -4.1386143   3.55008625]
 [ 6.13361915  0.27304907 -3.71303181]]
[[-3.81923618  4.14460019 -4.18550761]
 [ 4.39016056 -0.96232413  5.62824452]]
[[-4.01214317 -3.963039    3.78870331]
 [ 4.55368486  4.22848347 -3.52511023]]
[[ 3.64570256 -3.80693142 -4.26875521]
 [-3.51048956  1.2036044   6.01640169]]
[[ 3.87970873 -3.44159742 -4.41539425]
 [-3.77879606 -0.53879395  5.78831718]]
[[-3.20824867  4.38920837 -4.40382388]
 [ 0.03250715  0.09317924  6.95605596]]
[[ 3.78575886 -4.01505349 -3.93178439]
 [-3.41024524  4.67427342  4.15431568]]
[[-4.99342285  3.62554657  3.94841516]
 [ 6.21374041  0.5270595  -0.71760451]]
[[-4.73635736  4.26991515 -4.612293  ]
 [ 1.64171551  1.86254541  8.42294162]]
[[-4.15126217  4.04627985 -3.7450903 ]
 [ 5.58051848 -1.68537294  4.1462736 ]]
[[ 4.16468631 -3.92933555 -4.22014069]
 [-0.55992523  4.63025846  5.60451192]]
[[-4.23183943  4.09943504 -3.62342629]
 [ 5.93571967 -1.34415905  3.78884463]]
[[ 3.71149128 -4.1688201  -3.80251419]
 [-3.30941367  5.54477518  3.1946075 ]]
[[-4.08288118 -4.142423    3.63465346]
 [ 5.62768632  0.87546091 -4.40060386]]
[[ 3.61494403 -4.08417828 -4.21579771]
 [-4.40092109  5.6822581   0.58953359]]
[[-4.89969236  3.64044195  3.7537973 ]
 [ 5.86861623 -2.02952796 -2.03424635]]
[[-3.94540984 -4.00926429  3.794811  ]
 [ 4.19834989  4.51022252 -3.59964689]]
[[-4.33787984 -3.53552916  3.82268028]
 [ 5.73115738  0.84378382 -3.74923298]]
[[ 3.97783039 -4.99563189  3.54343465]
 [ 0.14698198  6.20475358 -0.75700393]]
[[ 3.6181549  -4.07650645 -4.0141227 ]
 [-4.2000157   5.57274485  2.01823682]]
[[ 4.23354659 -5.02103222  2.96780203]
 [-0.79990985  6.23154661  0.11917501]]
[[ 3.75465207 -3.84176027 -4.04004371]
 [-4.44572315  2.32422166  5.11444315]]
[[ 3.48274933 -4.29416901 -4.18992327]
 [-3.42353472  6.41248699  0.26386534]]
[[-3.92148559 -3.99445467  3.78664145]
 [ 3.9449485   4.48688649 -3.91385842]]
[[ 3.33524912  3.97435253 -4.93157206]
 [-0.18972837 -2.458711    5.95148866]]
[[ 3.68782783  3.81319983 -4.95849161]
 [-1.99443386  0.15266117  6.06050399]]
[[-4.99776899  2.37270975  4.31661921]
 [ 6.13052087  0.40881292 -1.79790526]]
[[ 3.90034948 -4.03641777 -3.944572  ]
 [-2.42750549  4.95023334  4.57581331]]
[[ 3.88164887 -4.41771641 -3.36202468]
 [-3.41875035  5.89754136  0.87448977]]
[[-4.16895055 -4.28702892  3.59118637]
 [ 5.87583411 -0.26090624 -4.18217505]]
[[ 4.19481294 -3.60911122 -4.26999973]
 [-0.76679932  3.78998287  6.05256699]]
[[ 3.65934071 -4.20978175 -3.80792845]
 [-3.49818212  5.77068296  2.49459419]]
[[-3.83640824 -4.11154904  3.77355091]
 [ 3.60486325  5.05799887 -3.51208683]]
[[-3.86017025  3.72835077 -4.05933096]
 [ 2.38531672 -4.31707771  5.20521821]]
[[-3.28814247 -4.31024879  4.2578185 ]
 [ 2.15285146  6.89745107 -0.39614611]]
[[-4.14184185  3.63759772 -4.16397339]
 [ 5.73321802 -4.29158138  0.16165306]]
[[-4.21152329 -4.05339373  4.21927027]
 [ 5.46378117  4.95539347  0.18967834]]
[[-3.89899063  3.7816415  -4.0555912 ]
 [ 3.93523077 -3.63650899  4.71049023]]
[[ 3.86865999 -4.91629484  3.58302839]
 [-1.01072555  5.95228558 -2.1816126 ]]
[[ 3.64337246 -4.14608222 -3.91506545]
 [-3.81182878  5.59871154  2.6313126 ]]
[[ 3.65007688 -4.14410936 -3.94800409]
 [-3.88995898  5.58407158  2.64931993]]
[[ 3.53566571 -4.28717701 -3.87032235]
 [-3.08339672  6.43333659  1.41202788]]
[[ 4.01111534 -4.21329987 -3.76970863]
 [-1.6055266   5.75261901  4.0993588 ]]
[[-4.13371907 -4.80411453  4.16680028]
 [ 4.25822949  7.01395203  1.01126167]]
[[-4.34963958 -3.54349173  3.77289419]
 [ 6.42420758  0.50413533 -2.76875803]]
[[-3.91571595  3.68622524 -4.05555938]
 [ 2.67325888 -4.16356161  5.27265699]]
[[-4.30315287  4.32554437 -3.57368829]
 [ 6.19022764  0.30867727  3.71840358]]
[[-4.93506832  3.50639202  3.90112446]
 [ 6.02375809 -1.30968159 -1.56958622]]
[[-4.24730666  3.75716721 -3.64524856]
 [ 5.82524718 -3.04719906  2.74419759]]
[[-4.64551458  4.24818084 -3.65588107]
 [ 7.30588713  1.4367812   3.09478508]]
[[ 3.70794101 -4.09422809 -3.86796223]
 [-3.88972441  5.24537254  3.02018992]]
[[-3.91285416 -4.0393315   3.82557985]
 [ 4.30961153  4.83248369 -2.97864104]]
[[ 3.78952788 -4.03054766 -3.9422955 ]
 [-3.45270072  4.56141392  4.2636542 ]]
[[ 3.71390685 -3.89374014 -4.08680632]
 [-3.91641618  3.11003778  5.21350774]]
[[-4.35754914 -3.82598544  3.6385436 ]
 [ 6.48299074 -0.54559374 -2.98979167]]
[[ 3.61148175 -4.03178098 -4.17769349]
 [-4.00920565  1.04254112  5.81876688]]
[[-4.37864033 -3.38712144  3.86311105]
 [ 6.03959437  1.27000811 -3.09828134]]
[[-4.13212789 -3.83474157  4.01045854]
 [ 5.3769674   4.39385459 -1.7718869 ]]
[[-4.25970855 -3.66601407  3.70400353]
 [ 6.01567677  2.48840699 -3.01987574]]
[[-3.94317093 -4.16426244  3.61227333]
 [ 2.35408353  5.74102595 -3.80395793]]
[[-4.38909413  3.92029281 -3.59439801]
 [ 6.5843465  -1.62927984  3.1272415 ]]
[[-4.00107067 -4.11250848  3.62836156]
 [ 5.49641075  1.59755896 -4.5295552 ]]
[[ 3.90684702  3.43887589 -4.91562857]
 [-2.22112679 -1.28130436  5.92697183]]
[[ 3.7938475  -3.96311135 -3.94614026]
 [-3.9160087   4.2565486   4.18094212]]
[[ 3.79549585 -3.90906716 -4.06027155]
 [-3.40443972  4.04743232  4.7992921 ]]
[[ 4.04954843 -4.06727612 -4.02403161]
 [-1.46491237  5.10131637  4.92386495]]
[[ 3.58985316 -4.29599781 -3.91227725]
 [-2.05433422  7.18785885  0.34014702]]
[[ 3.91874811 -4.95055125  3.59742371]
 [-1.07457528  6.08523201 -1.26120955]]
[[-4.29002166  3.54404978 -4.10271596]
 [ 6.24913655 -3.5390116   0.13678763]]
[[-3.69203351  3.79451047 -4.23563734]
 [ 3.30090878 -2.6852707   5.8295644 ]]
[[-4.28275449  4.13910288 -3.38012676]
 [ 7.14838623 -0.62850265  1.7938389 ]]
[[ 3.90351618 -4.26477552 -3.67047445]
 [-2.14594255  5.91377751  3.56770856]]
[[-4.17912099  3.73378816 -3.7441082 ]
 [ 5.44616165 -3.78569557  2.48252345]]
[[-3.51872256  4.21633203 -4.380361  ]
 [ 3.30558929 -0.12911922  6.63479348]]
[[ 3.73320128 -3.86060226 -4.12764099]
 [-3.73616213  3.20937294  5.24805163]]
[[-4.1526406  -4.10518656  3.60476005]
 [ 0.93953939  5.71873411 -4.2855351 ]]
[[-4.03426293 -3.94556816  3.86061875]
 [ 4.90641165  4.50266073 -2.61991933]]
[[-3.59208174 -4.27714691  3.85523151]
 [ 3.13169417  6.0813065  -2.31107777]]
[[-3.78866533 -4.14071983  4.19795782]
 [ 4.3901657   5.57078474 -0.82903891]]
[[-4.1073446  -3.81446956  3.74274128]
 [ 5.17792645  2.81747819 -4.0279309 ]]
[[-4.15213037  3.65088588 -3.88712011]
 [ 5.6346522  -3.92902824  2.01891947]]
[[-4.32271639  3.99543352 -3.95833784]
 [ 5.80998446 -1.62886514  4.3789865 ]]
[[-4.16139743 -3.78690677  3.95467401]
 [ 5.50238855  4.12506455 -2.07222919]]
[[ 3.66242318  3.82400895 -4.99979735]
 [-1.48424111  0.46875177  6.16534845]]
[[-3.91297594 -4.32819606  3.54774109]
 [ 0.47200776  6.58501663 -2.94721431]]
[[-4.12617599  4.23030537 -3.98901112]
 [ 5.34699987 -0.10179314  4.89376306]]
[[ 3.72354741 -4.09733404 -3.8582092 ]
 [-4.25050065  5.32408621  2.17295736]]
[[-3.94374325 -4.07666994  4.1123522 ]
 [ 4.77732963  5.23861378 -1.16392822]]
[[-3.69372612  4.03222289 -4.21696587]
 [ 3.92459859 -1.66937648  5.78525513]]
[[ 3.7704326  -3.81310584 -4.1466715 ]
 [-3.30996655  3.52264498  5.28068103]]
[[-3.74783873  3.73270179 -4.2070071 ]
 [ 2.97691437 -3.32472946  5.59008016]]
