[[0.9004909  0.08952166 0.057182   0.98209726]]
[[0.91201067 0.09963516 0.06383018 0.9890463 ]]
[[0.92837954 0.09362682 0.0807925  0.98781024]]
[[0.90743731 0.09331607 0.09465224 0.97616027]]
[[0.90275179 0.04257246 0.08473304 0.96759159]]
[[0.90398908 0.08940841 0.05040625 0.92228599]]
[[0.91476804 0.09356443 0.07818073 0.91759147]]
[[0.9011197  0.03926943 0.09169441 0.97727172]]
[[0.90750197 0.06129514 0.09340055 0.98647606]]
[[0.90312724 0.07779032 0.08329225 0.97951653]]
[[0.90506932 0.08638131 0.06847172 0.90228222]]
[[0.90000694 0.07763983 0.09506604 0.96708283]]
[[0.9198465  0.09903586 0.08758408 0.97637534]]
[[0.92073467 0.09397311 0.08151742 0.99154041]]
[[0.90551904 0.07659125 0.09579831 0.97526873]]
[[0.9140342  0.09509748 0.07019056 0.98034631]]
[[0.90857862 0.09335048 0.09402683 0.98165205]]
[[0.92806111 0.09202482 0.09317916 0.97802918]]
[[0.90937326 0.07467776 0.0968751  0.967435  ]]
[[0.90814171 0.09617621 0.09857743 0.92664779]]
[[0.90044732 0.09596763 0.05750957 0.95886667]]
[[0.90712205 0.08724643 0.09083603 0.94726419]]
[[0.90820504 0.0924991  0.08246859 0.98491961]]
[[0.9053824  0.07466904 0.06978892 0.91547457]]
[[0.90497737 0.06825623 0.09379337 0.98762667]]
[[0.91656427 0.09710824 0.08928435 0.98305525]]
[[0.90074848 0.05442903 0.08922129 0.97148943]]
[[0.91313035 0.09061877 0.09051766 0.98477125]]
[[0.91534165 0.08394027 0.07220303 0.96953516]]
[[0.90903139 0.0694125  0.08109501 0.97050537]]
[[0.90449882 0.09135283 0.07654666 0.92983395]]
[[0.90805334 0.09745973 0.04382208 0.93092387]]
[[0.91037922 0.09029175 0.08951325 0.98149803]]
