[[-5.31691897  5.43658678  8.66633521]
 [ 9.4250167   9.60608469 -5.53650386]]
[[ 9.3597513   7.46811756 -3.1720318 ]
 [-5.06992589  5.81792167  7.72695477]]
[[-4.16999228  5.41251748  9.78392098]
 [ 8.05962615  7.14760331 -7.30848482]]
[[ 9.99552347 -3.94498577  6.91307915]
 [-3.20247246  5.92464191  4.93114522]]
[[-6.47699641  9.66748806  9.84291927]
 [ 9.67103113 -7.51749375  8.76890096]]
[[-3.55749074  9.44853242  8.59698073]
 [ 6.84241773  7.42139285 -7.52458477]]
[[-2.51208728  9.13590046  8.39607481]
 [ 3.79530348 -6.86929563  9.29197506]]
[[-7.10990226  8.68957921  8.8640282 ]
 [ 9.54517434  9.55985239 -4.69693349]]
[[ 7.55655346 -3.96139411  6.10291116]
 [-3.75737511  8.06318589  7.13676297]]
[[ 9.01099095 -4.92974323  6.80295091]
 [-6.28214802  8.67645039  3.85913474]]
[[ 7.90865476  7.39832225 -5.29373483]
 [ 4.68092673 -6.4322117   8.21210638]]
[[ 5.16230674  6.48978222 -4.02770718]
 [ 8.19422871 -4.6462179   8.64601493]]
[[-4.69879588  9.58236828  7.13356571]
 [ 9.78463827 -7.90129637  7.11173088]]
[[ 5.65076258  8.06383287 -4.58370455]
 [ 8.83910776 -3.34496656  9.16847113]]
[[-5.93078969  8.92852442  6.56881899]
 [ 7.9285573  -3.55814686  4.04549899]]
[[ 4.77795874 -5.4343375   5.29681272]
 [ 8.6492686   9.2988082  -2.99403525]]
[[ 8.03347529  8.16910673 -3.95177705]
 [ 6.40112806 -4.04262583  6.5109876 ]]
[[-5.53051186  8.40144472  5.41528478]
 [ 9.97450919  5.22737615 -3.76913853]]
[[ 7.33354775  6.35706005 -3.59459042]
 [-3.2525955   8.34797735  5.28378637]]
[[ 6.2822195  -7.25772454  3.47899853]
 [-3.89307055  8.60377297  6.17041918]]
[[-7.01573108  6.81871309  5.05680175]
 [ 9.81721604 -4.8203409   3.30574   ]]
[[ 8.93932706 -6.92910475  4.40797909]
 [ 8.94388651  9.99950415 -2.94703395]]
[[ 8.54591232  9.89009229 -2.88712913]
 [ 6.88681948 -6.47007262  6.5384709 ]]
[[ 6.12126999 -5.8058961   3.47183048]
 [-5.08662451  9.05132885  7.51610769]]
[[ 8.55203097 -4.26591468  9.98258587]
 [-3.61348737  8.76232487  7.05324385]]
[[ 7.52017836  5.48102957 -7.17732681]
 [-4.41423054  5.29310985  9.93757858]]
[[ 9.21633229  8.83635329 -3.97892642]
 [ 6.2417107  -6.74557087  8.41242912]]
[[ 6.29091868 -5.16697012  9.11641048]
 [ 8.97096342  8.1537954  -5.56505391]]
[[ 9.8359531  -3.6384114   7.30143993]
 [ 9.47055039  8.37437248 -5.73187868]]
[[-4.40921019  4.11645877  7.65074955]
 [ 6.87286859  6.07528008 -5.12953718]]
[[ 7.30646211  3.0611372  -4.49395712]
 [-6.20376243  8.2833792   8.01359686]]
[[ 6.33356367  9.92165312 -7.70371353]
 [-4.38225322  7.88502546  9.46593771]]
[[ 9.47338354  4.5553265  -4.27635029]
 [-3.460788    8.91563762  6.58317167]]
