[[ 9.78254441  4.76459395 -3.77530896]
 [-8.89846599  8.80226889  9.90625329]]
[[ 8.63510485 -6.45896624  6.65670014]
 [-5.82013531  9.175879    8.7568823 ]]
[[ 5.82146695 -4.22535617  6.95236953]
 [ 7.71379295  6.62416388 -3.00929661]]
[[ 7.44355845 -6.31113956  8.32630624]
 [-5.37270341  7.66738237  8.29679225]]
[[-3.75352786  8.54190814  6.94824633]
 [ 6.15061913 -4.96105877  7.27131431]]
[[-4.01444906  9.96534548  4.8715342 ]
 [ 7.58967382 -8.07914931  5.58219001]]
[[ 5.7354624   8.19979704 -3.56811996]
 [ 8.67575297 -2.90212318  7.7954455 ]]
[[ 6.20873018  5.4900285  -5.4340203 ]
 [-4.88938559  6.25018337  9.91566673]]
[[-4.13908255  9.25871813  6.45338242]
 [ 8.59417282 -5.4228607   7.12758074]]
[[-6.12298592  7.22911759  6.28509078]
 [ 8.66198445 -4.9568098   9.38567511]]
[[ 9.48648379 -7.0853341   5.74059076]
 [-6.76169845  9.67668178  8.33995065]]
[[ 9.1468715   5.16411003 -4.80501527]
 [-4.41757226  5.57045853  8.16924077]]
[[-3.26431825  5.83562635  6.99589513]
 [ 5.39838369  8.48889536 -5.70353218]]
[[ 9.40821604  8.97258194 -4.95748091]
 [-4.13978802  6.40364205  9.42845859]]
[[-3.9722509   5.04959715  9.14104015]
 [ 4.82447607  6.3036027  -4.65758692]]
[[ 9.75521966 -3.93358003  8.59929612]
 [-7.01170302  8.75781224  7.89148175]]
[[ 5.13801894 -7.68582089  9.71543337]
 [ 5.75384029  9.87967626 -8.42441442]]
[[-3.20225775  7.92764331  6.94072005]
 [ 9.65633006  9.13152942 -3.60466744]]
[[-5.52987103  6.65504965  8.08443233]
 [ 7.3040898   4.46731818 -5.31348914]]
[[-2.9226679   9.43578309  7.07626599]
 [ 5.43052179  8.42770134 -5.23991786]]
[[ 8.0758511   9.44854936 -2.83720207]
 [ 5.63906273 -6.58349146  9.64650596]]
[[ 8.48559425 -6.71956725  9.18261772]
 [ 8.77460806  9.53555479 -4.66680953]]
[[ 8.24076146  7.85910442 -3.85433304]
 [ 9.0948015  -5.04485593  5.96655447]]
[[ 9.18367136 -4.64755126  4.98134623]
 [ 5.69942921  9.57817161 -2.47950798]]
[[ 9.41105927 -3.82274335  9.45379013]
 [ 9.89301243  6.42692495 -5.33578772]]
[[-5.21858591  7.61234529  8.39265146]
 [ 8.45526482  6.23390207 -3.37935349]]
[[ 9.59699254 -3.74784898  6.48062882]
 [ 8.62721438  9.95972113 -5.64263294]]
[[-7.18621914  4.29148739  8.90556735]
 [ 8.68230369  4.76531093 -6.5533555 ]]
[[ 8.64183512 -5.43264038  8.34272202]
 [ 7.14140051  7.06783891 -4.05808194]]
[[ 6.83863618  5.1372311  -4.10120971]
 [-5.71897155  6.56853173  8.15494346]]
[[-7.48190023  5.05386611  9.95250724]
 [ 8.80058905  4.21294556 -6.08758618]]
[[-2.84453599  5.51560535  9.22289389]
 [ 5.69520132  9.99741578 -6.03912981]]
[[-3.33493658  7.07336877  5.80655853]
 [ 7.21637868 -6.24423238  9.1177876 ]]
[[-2.59407004  8.41942185  9.05890525]
 [ 5.51221606  7.46180421 -5.1993095 ]]
[[-7.12318166  6.78956802  6.13434705]
 [ 9.30005409  2.83549499 -3.18746485]]
[[-4.86520889  8.5284132   7.58967211]
 [ 8.09833432  7.31628837 -5.32734764]]
[[ 9.25323313  6.50182128 -5.18886781]
 [-5.78174533  7.5316971   6.23678473]]
[[-3.56879696  6.18792972  7.65127117]
 [ 8.76819164  8.48576208 -5.59419841]]
[[ 9.07260384 -6.35660906  6.12186168]
 [ 5.48796017  7.53601318 -4.37805792]]
[[ 4.56773571  9.2934658  -5.87728578]
 [ 7.79778159 -6.83216328  9.54074798]]
[[ 4.65162395 -3.09515156  6.68198325]
 [-2.90407771  7.46042354  5.93139184]]
[[ 6.79521902 -6.74734142  7.93641774]
 [ 6.99736637  8.16110403 -6.02078451]]
[[ 4.59389701  9.62697885 -4.66759964]
 [ 5.7647365  -5.26767896  6.49272276]]
[[ 5.43740125  7.92450833 -6.77451424]
 [-3.88042507  8.37400983  8.89018144]]
[[ 5.96349163 -5.21019037  5.33469119]
 [-3.91601848  9.82384045  9.11146622]]
[[-6.45621527  9.28727771  7.61993498]
 [ 9.54349566 -5.776853    8.29052872]]
[[ 7.54239082 -4.02065968  4.2399721 ]
 [-4.51038879  9.00376749  5.52721828]]
[[ 7.17782051 -5.94651189  9.75841624]
 [ 9.01901298  8.6910729  -6.24638436]]
