[[0.90684482 0.05354622 0.09046241 0.93441173]]
[[0.92220322 0.07055613 0.08822107 0.90292929]]
[[0.91529491 0.09291472 0.06217834 0.98441972]]
[[0.9100185  0.05535071 0.09804078 0.96426697]]
[[0.9059155  0.07644919 0.08694058 0.97368364]]
[[0.90540052 0.06901065 0.09625066 0.96159252]]
[[0.91753877 0.07500217 0.08221907 0.99031172]]
[[0.90096642 0.09705889 0.06384816 0.90995297]]
[[0.90618403 0.06893061 0.08488944 0.91144793]]
[[0.92330063 0.07515829 0.08347672 0.97715783]]
[[0.92023373 0.09380662 0.06176651 0.9861271 ]]
[[0.90670401 0.09734182 0.08611018 0.98611461]]
[[0.90782579 0.04748095 0.09102239 0.96874024]]
[[0.90060919 0.06296196 0.07913183 0.97905868]]
[[0.90300428 0.09258857 0.08035017 0.94523507]]
[[0.91650922 0.07815924 0.08840343 0.98013427]]
[[0.90005738 0.05800407 0.09946931 0.93196633]]
[[0.92963939 0.09811067 0.09537299 0.92405147]]
[[0.90498128 0.07523099 0.08219548 0.96650319]]
[[0.91358373 0.09177693 0.07586236 0.93216216]]
[[0.9086278  0.07653517 0.09930828 0.96346949]]
[[0.90072386 0.05229179 0.09487837 0.97657612]]
[[0.90383371 0.07118485 0.09537417 0.9838987 ]]
[[0.92758321 0.09766964 0.09214244 0.98934518]]
[[0.90642952 0.08972332 0.07398215 0.97856712]]
[[0.91547674 0.08915658 0.09858192 0.94877919]]
[[0.90965867 0.09277326 0.05515422 0.97912184]]
[[0.91911774 0.09640266 0.09182914 0.97272734]]
