[[ 7.1106087  -9.57276068  7.0581827 ]]
[[ 7.32610631  7.56696719 -9.78773088]]
[[-9.87997637  6.90391241  7.41575104]]
[[ 6.92802483  6.95539943 -9.29133587]]
[[ 7.46143276  6.93209654 -9.9119175 ]]
[[ 7.23472943  7.07944505 -9.79358968]]
[[-9.88734138  7.46917555  6.85635501]]
[[ 7.34334196 -9.80626108  7.05300538]]
[[ 6.88388085  7.6049699  -9.99160695]]
[[ 7.27083948  7.46144158 -9.87850198]]
[[ 7.14547622  7.38085084 -9.79908613]]
[[ 7.54465237 -9.89248067  6.83514325]]
[[ 7.5975963  -9.79542163  6.6983621 ]]
[[ 7.34433567 -9.80485117  7.0329344 ]]
[[ 7.28126742 -9.9742089   7.53043703]]
[[ 7.4418121   7.4770511  -9.95933093]]
[[-9.61277965  7.23212294  6.8175214 ]]
[[ 7.26700615 -9.90641618  7.33850139]]
[[ 7.53118532 -9.9768829   7.14201223]]
[[ 7.13244246 -9.60961112  6.95875515]]
[[-9.89466187  7.19459927  7.12056652]]
[[-9.70527815  7.35301741  6.77864105]]
[[-9.97315668  7.59129621  7.07129549]]
[[-9.98762023  7.10680549  7.37893799]]
[[-9.81642273  7.38521415  7.43581271]]
[[ 6.72901196 -9.29304342  6.98719995]]
[[-9.22492034  6.91982064  6.7217962 ]]
[[ 7.64294593 -9.95405221  7.11647021]]
[[-9.98745787  7.37532817  7.30426644]]
[[ 7.07364503 -9.78756685  7.54653512]]
[[ 7.42290928 -9.94405316  7.47004326]]
[[ 7.65459564 -9.97202186  6.86581677]]
[[ 7.29258698  7.14324528 -9.79719616]]
[[ 7.51137757 -9.87262123  6.9634788 ]]
[[ 6.82091882 -9.89862688  7.50098465]]
[[ 6.9166641  -9.18378713  6.68136585]]
[[ 7.61641918 -9.86803455  7.22066453]]
[[ 7.33536734 -9.72351163  7.25233977]]
[[-9.81434753  7.43194184  7.48438939]]
[[-9.64379558  6.8571704   7.28469614]]
[[ 7.30121075  7.17583067 -9.98421877]]
[[-9.52412245  7.22204048  7.15475172]]
[[-9.69471479  7.05024328  7.07008191]]
[[ 7.41083393 -9.7269595   6.9043003 ]]
[[ 7.07783086  7.41792494 -9.79235153]]
[[ 7.32782878  7.53009585 -9.85061366]]
[[ 7.00006174  6.97663272 -9.48396767]]
[[-9.74423318  7.15673686  7.14928415]]
