[[0.90871254 0.07498518 0.0976682  0.92428611]]
[[0.92775277 0.09990029 0.08028158 0.98554633]]
[[0.90201737 0.06709388 0.08765267 0.97642726]]
[[0.90854889 0.09072087 0.08686675 0.91618364]]
[[0.90385451 0.08231892 0.05728044 0.97519356]]
[[0.90553465 0.07422053 0.07504053 0.967439  ]]
[[0.90195115 0.0663995  0.09972479 0.98664482]]
[[0.90846568 0.06417229 0.08266356 0.95084359]]
[[0.9045316  0.04446527 0.09417792 0.98604027]]
[[0.91885492 0.07202681 0.08407795 0.97403162]]
[[0.91401078 0.08255716 0.06807801 0.97753743]]
[[0.90410204 0.05060339 0.09648793 0.98512313]]
[[0.90467368 0.09905517 0.05759817 0.90493554]]
[[0.90772845 0.06653701 0.08235481 0.9885161 ]]
[[0.91824579 0.06525652 0.09565584 0.92934411]]
[[0.92271112 0.07777052 0.08528815 0.98845698]]
[[0.90189257 0.0871334  0.06086743 0.90389133]]
[[0.91289811 0.07984123 0.09216883 0.98829028]]
[[0.91278765 0.09091238 0.05762272 0.96020982]]
[[0.90385341 0.07802527 0.09179661 0.95201675]]
[[0.90116637 0.06125166 0.09083729 0.98244695]]
[[0.90142775 0.09210906 0.05134556 0.98088275]]
[[0.91251343 0.05364515 0.09661227 0.97060179]]
[[0.90456956 0.09300065 0.06975273 0.97993219]]
[[0.92430305 0.0826406  0.09776151 0.98759155]]
[[0.90128497 0.08971984 0.09392774 0.9840562 ]]
[[0.90099669 0.09278963 0.08679182 0.91475705]]
[[0.91703159 0.09812987 0.06306853 0.9421023 ]]
[[0.91262121 0.07681572 0.06592334 0.96738436]]
[[0.91806234 0.09918342 0.07300253 0.95088851]]
[[0.92233112 0.08625172 0.08263278 0.96194569]]
[[0.90671723 0.08896854 0.06622417 0.9793052 ]]
[[0.91046436 0.07620634 0.08472503 0.91059983]]
[[0.90896955 0.08726098 0.08427916 0.98326602]]
[[0.90128978 0.09689146 0.08338338 0.96627024]]
[[0.9008872  0.09701577 0.07936099 0.9713029 ]]
[[0.92304979 0.06705891 0.099975   0.94608242]]
[[0.9192424  0.08624228 0.09504166 0.98204826]]
[[0.92764012 0.09507566 0.08847931 0.90381861]]
[[0.90456731 0.08720285 0.06489969 0.9776187 ]]
[[0.90434053 0.08265836 0.08100418 0.96509518]]
[[0.91881355 0.09295169 0.08684251 0.92563144]]
[[0.90139354 0.07117012 0.07712488 0.96628225]]
[[0.90838617 0.06467709 0.08811816 0.92792894]]
[[0.91306943 0.09660679 0.06627324 0.97857474]]
[[0.92439769 0.07602802 0.09071854 0.98867173]]
[[0.90433639 0.083593   0.09709318 0.98407446]]
[[0.90728227 0.07085069 0.07114291 0.98059127]]
