[[0.90157256 0.05695008 0.08962805 0.93992848]]
[[0.90863992 0.08347414 0.09126686 0.93990985]]
[[0.90671891 0.08873759 0.08771471 0.94997415]]
[[0.90524914 0.09900734 0.08476566 0.98520082]]
[[0.90250946 0.09494812 0.09649587 0.98594193]]
[[0.91677624 0.08814492 0.09506587 0.99066516]]
[[0.93199002 0.08880003 0.09135993 0.97072088]]
[[0.90835156 0.0910661  0.08086644 0.97403335]]
[[0.90142336 0.09540267 0.08005896 0.97719272]]
[[0.90775362 0.09982832 0.05205162 0.93183625]]
[[0.9177648  0.09260167 0.07111815 0.97913596]]
[[0.9099731  0.08403969 0.06570012 0.96634365]]
[[0.90528001 0.07421403 0.08740876 0.9874021 ]]
[[0.9074573  0.09404082 0.06714579 0.9695188 ]]
[[0.92816228 0.09972754 0.08358606 0.98482863]]
[[0.92248652 0.09477427 0.09210332 0.97711484]]
[[0.90327481 0.06335241 0.07928524 0.95990187]]
[[0.90443162 0.07137821 0.05371244 0.92744091]]
[[0.90750702 0.06393965 0.09222159 0.98591947]]
[[0.90915536 0.08847066 0.08565365 0.95976974]]
[[0.90761323 0.07890627 0.0811134  0.9295455 ]]
[[0.90318886 0.06883482 0.08376812 0.93114316]]
[[0.92939886 0.09867526 0.08779037 0.96489022]]
[[0.91333984 0.0845005  0.06875222 0.98979411]]
[[0.90707133 0.08815882 0.07516441 0.90057621]]
[[0.9017021  0.06421898 0.08086983 0.95315665]]
[[0.92164195 0.09624041 0.08751625 0.98013015]]
[[0.91977377 0.0989324  0.07753789 0.98642   ]]
[[0.90642186 0.08654673 0.07016914 0.96830596]]
[[0.91369373 0.05162959 0.09085636 0.91074889]]
[[0.90252561 0.09843988 0.09344233 0.98791402]]
[[0.91776273 0.06890341 0.08304929 0.95880547]]
