[[ 7.18969486  7.0987005  -9.55093368]]
[[ 6.90206046  7.0802244  -9.38597031]]
[[ 7.22534033  7.20428153 -9.7382297 ]]
[[ 7.08613335 -9.37078505  6.9888498 ]]
[[ 7.65857171 -9.94553892  6.69476098]]
[[ 7.13521723 -9.6629403   7.01340709]]
[[-9.82143635  7.11767701  7.31260343]]
[[-9.97446853  7.38214943  7.33996081]]
[[ 7.35102881 -9.92803328  7.29721828]]
[[ 6.89765818  7.40569708 -9.86436346]]
[[-9.46770979  7.19590412  6.78730977]]
[[-9.94199339  6.99881993  7.37559843]]
[[-9.95957485  7.21370486  7.65902433]]
[[-9.98065713  6.94378396  7.43691077]]
[[ 7.63530741  6.8172903  -9.98966964]]
[[-9.33426999  6.90683152  7.03704187]]
[[ 6.91801496 -9.28161565  6.78252339]]
[[-9.78168167  7.45875651  6.81437568]]
[[-9.91281293  7.50193438  6.86109247]]
[[ 7.34402777 -9.76175055  7.49111871]]
[[ 6.77416848 -9.93813866  7.59487379]]
[[-9.92959619  7.72329741  6.63346822]]
[[ 7.48483828 -9.73814332  7.37169223]]
[[ 7.26064799 -9.72602984  6.98276237]]
[[ 7.36071148  7.05744336 -9.84515833]]
[[-9.50736973  7.16031996  6.98154422]]
[[ 7.391101   -9.65246042  6.70546276]]
[[ 6.99183427  6.78109816 -9.36894381]]
[[ 7.26595084  7.4558354  -9.98339171]]
[[ 7.12677082  7.17285286 -9.64023368]]
[[-9.7856413   6.91050857  7.49396324]]
[[ 6.89982658 -9.5601268   7.11930793]]
[[ 7.08537625  7.40496614 -9.98217617]]
[[-9.80009873  7.37185823  7.2689306 ]]
[[ 7.00574744  7.19195433 -9.4037397 ]]
[[-9.8641151   7.54567477  6.75343682]]
[[ 7.19077092  6.82029837 -9.54098633]]
[[ 7.48772619  7.63610905 -9.85516398]]
[[ 7.3568884   7.44986198 -9.93451251]]
[[-9.66668138  7.08826711  7.2147093 ]]
[[ 7.61038497 -9.87489123  6.72383121]]
[[ 7.17280743 -9.74173003  7.1822027 ]]
