[[ 7.50248573 -8.72978458  9.37544177]
 [-3.21958188  9.7687128   9.0247507 ]]
[[ 9.75726005  7.475965   -8.72526301]
 [-7.41769732  7.95495676  9.85045409]]
[[-5.1731227   9.1057842   9.64896615]
 [ 7.46666841 -6.68047598  7.59292374]]
[[-5.03599925  8.81332004  9.96619256]
 [ 9.43984145 -6.81157573  4.9229877 ]]
[[-4.42349383  7.29914656  3.6340519 ]
 [ 7.13137921 -4.26964474  9.31535481]]
[[-4.6653096   8.90689314  6.22534376]
 [ 6.35201813 -7.03757711  4.56638718]]
[[ 8.60994745 -5.35453362  8.88818618]
 [-4.08556157  8.43202629  5.83025655]]
[[ 5.07179777  9.70916453 -6.45669138]
 [-4.23229411  4.96617356  9.15431102]]
[[ 9.57593212 -2.24461058  6.82248582]
 [-2.97014091  9.2580269   9.89245648]]
[[ 6.42822327  9.41502875 -3.02660664]
 [-4.90516033  6.77960517  5.88692657]]
[[ 7.56644584 -6.75224847  5.4312065 ]
 [-4.94504354  8.06278425  7.67042706]]
[[ 8.26541661  7.706306   -8.02469827]
 [ 7.98326994 -3.15999896  9.76313591]]
[[-3.56506786  7.16010815  6.53944951]
 [ 5.81800842  9.0695613  -3.9789562 ]]
[[ 4.83927683 -5.46209083  8.73313533]
 [-2.80507905  9.75375761  7.44819109]]
[[ 6.0180642   8.87263142 -3.97567039]
 [ 7.31654431 -7.08384582  9.82139436]]
[[ 6.06068824 -6.91072558  7.80345334]
 [ 6.85964032  9.96778338 -5.92961982]]
[[ 9.575376   -3.63695513  4.68096946]
 [-4.26432126  6.76884282  4.47675251]]
[[ 9.13727237  7.42346748 -4.94262263]
 [ 7.57855768 -3.04685574  5.78177568]]
[[ 3.924593   -4.97839893  7.73044547]
 [ 5.79489021  8.27962658 -3.35908745]]
[[-4.44520605  9.01852091  5.1828858 ]
 [ 9.89327847 -6.68001067  8.86287889]]
[[ 6.90201272 -3.77884053  9.89065884]
 [ 6.90038848  7.22009746 -5.3315785 ]]
[[ 8.64851156  6.83172847 -5.12827898]
 [-7.31717384  9.9561609   7.16013026]]
[[ 9.65978101 -6.80874608  6.17899494]
 [-7.24487455  8.83316226  5.47426743]]
[[ 8.94558764 -4.62233646  5.80875914]
 [-4.97168477  6.88123033  6.77017092]]
[[ 3.2165642   8.68959505 -5.8636169 ]
 [ 9.42844424 -6.4712542   7.58808568]]
[[ 8.57565603  5.64154273 -5.00763526]
 [-3.12669335  2.70371163  5.8989802 ]]
[[-3.99906526  9.82982987  8.18474946]
 [ 9.78922373 -5.35664606  5.0138609 ]]
[[ 7.19537147 -7.49407873  8.00432852]
 [ 5.31193285  8.60899406 -4.0997385 ]]
[[ 9.14091951  7.20127731 -4.83972921]
 [ 5.26674142 -4.07115246  6.03556542]]
[[ 8.77093485  7.95168165 -4.86134347]
 [-5.04264931  9.1174403   9.08844141]]
