[[0.9104206  0.07585864 0.07623458 0.93068692]]
[[0.90418456 0.05596248 0.09235893 0.96808702]]
[[0.91903022 0.09092312 0.08661258 0.92819502]]
[[0.90428528 0.08981865 0.0808678  0.96952253]]
[[0.90683447 0.09476019 0.04466025 0.97193613]]
[[0.91012356 0.07806199 0.07719276 0.98875825]]
[[0.91866544 0.06803902 0.08941813 0.98343341]]
[[0.90701113 0.08378321 0.06568378 0.93352702]]
[[0.90971598 0.04997492 0.09374432 0.95870518]]
[[0.92087006 0.07304223 0.09515674 0.96559784]]
[[0.91944522 0.09978621 0.09383808 0.98597805]]
[[0.91020415 0.06897776 0.08890306 0.98270817]]
[[0.92156907 0.09134723 0.08892563 0.92575904]]
[[0.90324941 0.08130439 0.09981035 0.96974235]]
[[0.90534031 0.09101116 0.0905339  0.97907658]]
[[0.90553594 0.0992449  0.06978304 0.96592775]]
[[0.90386398 0.07007907 0.06489787 0.9250189 ]]
[[0.92487566 0.09190584 0.08698963 0.91566765]]
[[0.90804349 0.08205091 0.08851434 0.98569276]]
[[0.92436033 0.09997038 0.08286453 0.98293757]]
[[0.90590081 0.08902855 0.05421187 0.96670342]]
[[0.91754884 0.07871643 0.098352   0.96544851]]
[[0.90048454 0.05463317 0.07924787 0.91455466]]
[[0.92392094 0.07341722 0.09985025 0.97433338]]
[[0.91655914 0.09877601 0.07074196 0.98853945]]
[[0.9102289  0.08434087 0.08481625 0.98246752]]
[[0.90235551 0.08113391 0.07930111 0.91144833]]
[[0.90211915 0.04429172 0.09328141 0.96437017]]
[[0.90788811 0.08726818 0.07752439 0.96116562]]
[[0.90338564 0.09477533 0.09599117 0.91236612]]
[[0.91873416 0.07407246 0.09621133 0.93417773]]
[[0.91080249 0.04556582 0.09611674 0.96627879]]
[[0.92520325 0.09654003 0.0869234  0.99010257]]
[[0.91483683 0.09827256 0.07538601 0.9839394 ]]
[[0.92025705 0.0821279  0.09966775 0.98564422]]
[[0.90731402 0.09718418 0.0995166  0.98726281]]
[[0.91701768 0.06799087 0.08520164 0.98851252]]
[[0.9249007  0.09713958 0.09916988 0.9797992 ]]
[[0.90253465 0.09884552 0.04393413 0.96379185]]
[[0.91475073 0.07060812 0.07946302 0.98502608]]
[[0.90909948 0.09399135 0.07592088 0.98024468]]
[[0.90443843 0.08426804 0.06306382 0.96327027]]
[[0.90726021 0.08716704 0.08885983 0.98767517]]
[[0.908756   0.06784987 0.09826743 0.98657819]]
[[0.90068253 0.06590787 0.09382304 0.94740105]]
[[0.92164867 0.08867145 0.08367913 0.96359164]]
[[0.92515343 0.06921389 0.09874215 0.91606254]]
[[0.9238108  0.07737145 0.09404406 0.98589237]]
[[0.91670262 0.09505215 0.07578795 0.95763435]]
[[0.90140199 0.09251387 0.05615952 0.97804737]]
[[0.9108514  0.07962651 0.09065042 0.98777324]]
[[0.90492078 0.05510934 0.08137453 0.93269098]]
[[0.92278051 0.0976965  0.06233631 0.96151984]]
[[0.92042162 0.09564622 0.08971312 0.92985825]]
[[0.92127857 0.07540398 0.09689007 0.91155608]]
[[0.90088195 0.0721824  0.07815253 0.96823412]]
[[0.90027012 0.07492632 0.09504097 0.97310123]]
[[0.91122646 0.09856627 0.09291512 0.91786535]]
[[0.90340749 0.0442032  0.09488778 0.96750365]]
[[0.90715186 0.09820482 0.08381128 0.98711679]]
[[0.90770291 0.09875465 0.08547403 0.94406263]]
[[0.90486221 0.08757977 0.09885665 0.98717327]]
[[0.90937503 0.09257639 0.0568055  0.9568889 ]]
[[0.9146339  0.08761662 0.07830425 0.96510206]]
[[0.9090079  0.0555131  0.09113243 0.95832937]]
[[0.91938085 0.09965896 0.05451712 0.92396317]]
[[0.90779155 0.07971206 0.09444612 0.97539083]]
[[0.90011138 0.07184784 0.09884451 0.98634535]]
[[0.90051735 0.09594902 0.0881042  0.98588796]]
[[0.91543671 0.07766575 0.09438693 0.9116903 ]]
[[0.90130423 0.07456364 0.07018104 0.98617518]]
[[0.91606877 0.08818337 0.09694819 0.93489782]]
[[0.91062107 0.0978283  0.05899615 0.98777948]]
[[0.90015752 0.08358744 0.0944881  0.98127184]]
[[0.90413796 0.0987771  0.06114078 0.92955932]]
[[0.90345194 0.07397493 0.07483328 0.94197575]]
[[0.9022182  0.09981103 0.08053836 0.93317564]]
[[0.91775631 0.09337147 0.09224316 0.97370816]]
[[0.9033132  0.07169989 0.08537775 0.94471758]]
[[0.91158519 0.09270894 0.05632468 0.9675009 ]]
[[0.90991148 0.09271279 0.09397205 0.92188747]]
[[0.90419129 0.04133232 0.09771216 0.977511  ]]
[[0.92661429 0.08960976 0.09326455 0.97588065]]
[[0.90157994 0.07986811 0.08223441 0.96547571]]
[[0.92804674 0.07340879 0.09919072 0.94622666]]
[[0.90289227 0.06502589 0.09803213 0.98433405]]
[[0.90467383 0.08830842 0.06368209 0.96667327]]
[[0.91022237 0.07079154 0.07326687 0.95638417]]
[[0.90108686 0.0872082  0.07470091 0.93916148]]
[[0.92200823 0.09212945 0.0846945  0.99151245]]
[[0.90639435 0.09978691 0.04979813 0.96054269]]
[[0.90069931 0.07684925 0.06241658 0.93078368]]
[[0.90531573 0.08416345 0.0908098  0.96824663]]
[[0.92738684 0.0945196  0.09184781 0.98546221]]
[[0.90092103 0.09538366 0.09550295 0.98429698]]
[[0.91069266 0.06040757 0.09432801 0.91112784]]
[[0.90109231 0.07727177 0.08743558 0.93502604]]
[[0.91259472 0.07940968 0.09183941 0.94369437]]
[[0.90782993 0.05285555 0.09390491 0.97595578]]
[[0.90007485 0.06971846 0.08025083 0.98513272]]
[[0.90229351 0.07929499 0.09400539 0.95826351]]
[[0.90667224 0.09636057 0.08818842 0.96622544]]
[[0.90505879 0.07186908 0.08050998 0.97509739]]
[[0.90992434 0.09872163 0.086749   0.98674992]]
[[0.90155804 0.09249184 0.09036653 0.97596437]]
[[0.90241756 0.09338319 0.07762781 0.98713399]]
[[0.90062716 0.09318873 0.08183102 0.97692994]]
[[0.90475274 0.06746396 0.07533871 0.96591338]]
[[0.9050337 0.0921903 0.0798969 0.9869896]]
[[0.91097212 0.08968306 0.0859376  0.97414335]]
[[0.90066835 0.05441538 0.09254634 0.97551838]]
[[0.90208033 0.09093992 0.08392958 0.95341548]]
[[0.90728447 0.09120143 0.09564883 0.98581029]]
[[0.90079885 0.08287063 0.0619235  0.96343234]]
[[0.90890288 0.09996908 0.07659189 0.92075778]]
