[[ 7.31966338  7.20189939 -9.88400013]]
[[ 6.82313818 -9.68205427  7.34813544]]
[[-9.92822955  7.26441592  7.52229971]]
[[ 7.25432604  6.95123168 -9.71401208]]
[[-9.98886786  6.84814613  7.69188609]]
[[ 7.25646018  7.16102644 -9.78719764]]
[[-9.87837887  7.47943532  7.24764549]]
[[ 7.02770052 -9.97476611  7.50241551]]
[[-9.89654783  7.62815518  6.88873666]]
[[-9.96947462  7.17826358  7.69966618]]
[[ 7.20294898 -9.93412553  7.60084261]]
[[-9.78020178  7.24009488  7.17236731]]
[[ 7.57184089 -9.86521956  7.22109739]]
[[ 6.75798273  7.01382744 -9.30408552]]
[[ 6.82771243 -9.52845012  7.21678306]]
[[ 7.13078141 -9.44450417  6.83433773]]
[[-9.81779443  7.22962211  7.07000191]]
[[ 7.34661502 -9.7114418   7.38585629]]
[[ 6.97847973  7.11994668 -9.51847326]]
[[ 7.47602647 -9.94894102  7.4791568 ]]
[[ 7.41390538 -9.7512971   6.86655244]]
[[ 7.35125883 -9.57953264  7.04727316]]
[[-9.9818512   7.17414324  7.21294803]]
[[-9.8694698   7.32886617  7.53431046]]
[[ 7.52838783  7.05429263 -9.78970355]]
[[ 7.35045192  7.15122876 -9.86881475]]
[[-9.57058989  6.86406879  7.15387184]]
[[ 7.54890073  6.78145175 -9.88836113]]
[[-9.79193849  7.06804125  7.30013142]]
[[ 7.09424863  7.0030971  -9.62650134]]
[[-9.9929402   7.71912814  7.12435405]]
[[ 7.71279816 -9.9585345   6.89268233]]
[[-9.76299977  7.34763842  7.44583944]]
[[ 7.01674415  7.64907035 -9.91746117]]
[[ 7.47672324  7.21087774 -9.7959117 ]]
[[ 7.14775204 -9.38586155  6.8006522 ]]
[[-9.95994741  7.31747916  7.44746663]]
[[ 7.32746215  7.67158805 -9.97729985]]
[[ 6.68521654 -9.86476303  7.63096671]]
[[ 7.2968061  -9.88313956  7.33247751]]
[[-9.5428667   6.96303765  7.1852066 ]]
[[ 7.40462387 -9.81816459  6.90862776]]
[[-9.7576251   7.1580958   7.16079259]]
[[-9.93689774  7.24764583  7.28633074]]
[[-9.81741417  7.30578379  6.9212932 ]]
[[ 7.31810891 -9.77303968  7.38485319]]
[[ 7.33074559 -9.97937328  7.67766634]]
[[-9.84845535  7.55083997  7.28819066]]
[[ 7.34005584  7.1213482  -9.66467195]]
[[ 7.59751114  6.8078449  -9.97955558]]
[[ 7.3494053   7.18992965 -9.89118472]]
[[ 7.40496351 -9.83482284  6.9361333 ]]
[[ 7.70751848 -9.97975673  7.23371719]]
[[ 7.28902574  7.24731732 -9.64016418]]
[[ 7.32194825  7.44979765 -9.85205192]]
[[ 7.36031847  7.01929211 -9.96548528]]
[[ 6.69281111  6.9714575  -9.2638096 ]]
[[ 7.11163782  7.43461049 -9.88884271]]
[[-9.94432331  6.84421743  7.571451  ]]
[[ 7.22036939 -9.86322026  7.20154014]]
[[ 7.23756064 -9.9099663   7.24421478]]
[[-9.16463521  6.90591907  6.76362898]]
[[ 6.94201985 -9.85538213  7.52541781]]
[[ 7.41117531 -9.75487857  7.0868528 ]]
[[ 6.92164938  7.57022802 -9.8887151 ]]
[[ 7.09867962 -9.99239505  7.76164397]]
[[-9.39713511  7.05884519  6.9122159 ]]
[[ 6.84943162 -9.62923878  7.17673273]]
[[ 6.71005775  7.31556425 -9.61964957]]
[[-9.66326262  7.26976127  7.15730338]]
[[ 7.08276753 -9.90039543  7.24122945]]
[[ 7.35565208  7.01828399 -9.59374872]]
[[ 6.93529166 -9.85598881  7.56318105]]
[[ 7.41849655 -9.88224928  6.8617047 ]]
[[ 7.52914758  6.74015684 -9.78116065]]
[[ 7.45664965 -9.9831888   6.99890312]]
[[ 6.64655307 -9.28179232  7.07947519]]
[[ 7.3963564  -9.77193015  7.20006412]]
[[-9.52533751  6.9637306   7.03079187]]
[[-9.87870544  6.95603343  7.58896311]]
[[ 6.95848537  7.31183565 -9.64521188]]
[[-9.99881511  6.7668087   7.72138117]]
[[-9.81913299  7.45731971  7.43342968]]
[[-9.4786697   7.02018382  6.888294  ]]
[[ 7.33846082 -9.90408183  7.67975182]]
[[ 6.96741538 -9.84769402  7.33984318]]
[[ 7.41212073  7.03134238 -9.94292294]]
[[ 7.19348973 -9.79795461  7.23717102]]
[[-9.91619888  7.10401108  7.23090699]]
[[ 7.31018426 -9.82782601  7.45754345]]
[[ 6.76853261  7.64449336 -9.87225841]]
[[ 7.08185484 -9.76607195  7.09425504]]
[[-9.261726    6.94790196  6.82929577]]
[[ 7.40839003  7.53235212 -9.84629279]]
[[ 7.30183213 -9.57562356  6.68879225]]
[[ 6.90285727 -9.7540893   7.49547551]]
[[-9.34921768  6.98770993  6.78034915]]
[[-9.57543214  7.14523643  7.12166812]]
[[ 6.84931138 -9.81746828  7.54300021]]
[[ 7.34976456  6.98630798 -9.93995943]]
[[ 6.9568137  -9.9611497   7.45027976]]
[[ 7.17295828  6.88952206 -9.51515347]]
[[ 7.08239848  7.0197344  -9.59264876]]
[[ 7.19098505  7.11168789 -9.67725005]]
[[ 6.79492918  7.04278886 -9.40840342]]
[[-9.9395223   7.08788964  7.3003922 ]]
[[ 6.97925765 -9.92162932  7.35079681]]
[[-9.64879865  7.01441781  7.13675172]]
[[-9.98413942  7.35652997  7.13650958]]
[[ 7.49179433  6.99175501 -9.83242384]]
[[-9.66808459  6.70870669  7.3687235 ]]
[[ 7.02744138 -9.44852522  6.86219617]]
[[ 7.01832637 -9.28569807  6.82921179]]
[[-9.57159914  6.83548703  7.14837689]]
[[ 7.04695211  7.02997216 -9.47630008]]
