[[0.09264868 0.92363404 0.90216674 0.05041876]]
[[0.09634942 0.92531197 0.90852953 0.07694066]]
[[0.08607239 0.93264129 0.91769493 0.01329181]]
[[0.08173873 0.90442365 0.92367155 0.00947567]]
[[0.08642665 0.91595997 0.91367026 0.03464689]]
[[0.09373176 0.91664433 0.92127253 0.06033089]]
[[0.09774725 0.90074648 0.93463723 0.04350709]]
[[0.07778999 0.91708182 0.91026812 0.01007518]]
[[0.07546969 0.90011926 0.9003133  0.00777895]]
[[0.08665334 0.92875318 0.91624771 0.01507941]]
[[0.09671361 0.94226081 0.90738429 0.01829428]]
[[0.0752163  0.91327086 0.91867514 0.01777738]]
[[0.09086634 0.93450562 0.90670503 0.08586333]]
[[0.09104877 0.91534681 0.93485474 0.05610821]]
[[0.09581191 0.95620968 0.91022492 0.06296228]]
[[0.07537583 0.91444664 0.90902629 0.0078587 ]]
[[0.06949703 0.91167324 0.90119424 0.01279324]]
[[0.09222725 0.9419062  0.90705983 0.08961517]]
[[0.08554496 0.91419924 0.90775592 0.01205746]]
[[0.07972282 0.90460327 0.92070354 0.01280465]]
[[0.08809258 0.91766617 0.91755309 0.04390511]]
[[0.08766173 0.92572008 0.92320209 0.04636146]]
[[0.09445608 0.94232564 0.90390385 0.08377243]]
[[0.09901549 0.90285936 0.90169134 0.01949932]]
[[0.09238233 0.92959837 0.92583708 0.0269128 ]]
[[0.09449986 0.90725706 0.92715942 0.06200471]]
[[0.08209391 0.90088879 0.91790421 0.02183238]]
[[0.08332276 0.90615006 0.92717929 0.03531499]]
[[0.08982011 0.93633659 0.9025119  0.02811099]]
[[0.08495474 0.90234971 0.94884488 0.09580068]]
[[0.09580826 0.90035218 0.91789827 0.01369799]]
[[0.08176424 0.93485403 0.90022452 0.05398684]]
[[0.09866293 0.94215927 0.90205392 0.02810079]]
