[[-7.09874454  9.74267162 -7.09217   ]]
[[ 9.93347398 -7.27201534 -7.18395928]]
[[-7.40417067  9.95623747 -7.11571132]]
[[-7.30513362  9.79823099 -7.25492929]]
[[-7.40704275 -7.40845648  9.98380041]]
[[ 9.75071414 -6.96945118 -7.28517237]]
[[-7.52693295  9.91443796 -7.26034214]]
[[-7.27893492  9.91170085 -7.38633109]]
[[-6.8314911   9.80753804 -7.47302828]]
[[ 9.54992834 -7.06058367 -6.89819143]]
[[-7.44892631  9.87098819 -7.45006318]]
[[-7.48229951  9.89382651 -7.28206796]]
[[ 9.54763125 -7.07625387 -7.10928453]]
[[-7.05024007  9.74441183 -7.25818793]]
[[ 9.50720044 -7.21046164 -6.76773579]]
[[-7.12668319  9.95932508 -7.2412256 ]]
[[-7.24697828  9.86425695 -7.10779849]]
[[ 9.86594795 -7.38287383 -7.20162679]]
[[-6.94808682  9.42319773 -7.09695994]]
[[-7.08192928  9.34446075 -7.09359862]]
[[ 9.95852119 -7.44696553 -7.25619983]]
[[ 9.99358681 -7.12625532 -7.47539927]]
[[ 9.91573692 -7.38228423 -7.30915645]]
[[-6.86986022 -7.55756312  9.92286119]]
[[-6.94870106 -6.84011372  9.30712526]]
[[-7.55423969 -7.25090473  9.83182412]]
[[ 9.89057522 -7.35449065 -7.00717608]]
[[-7.55502632 -7.22640386  9.93489263]]
[[-7.29380388  9.60715814 -6.79157415]]
[[ 9.63007706 -7.30510056 -7.1824455 ]]
[[-7.17118164 -7.36002528  9.69218021]]
[[-6.93963131 -7.21352093  9.73157619]]
[[-6.98933844  9.61488522 -7.15342716]]
[[-7.47986544 -7.03767244  9.99172585]]
[[-6.83606353 -7.03420436  9.41731709]]
[[ 9.93441495 -7.4358193  -7.50613976]]
[[ 9.89921356 -7.51395654 -7.18396209]]
[[-7.3620533   9.6119728  -6.68840758]]
[[-7.48513937 -6.75121006  9.7477307 ]]
[[-7.01712059 -7.45940596  9.85904382]]
[[-7.29387427 -7.31954696  9.94560032]]
