[[ 9.57995668 -6.97008373 -7.02655957]]
[[-7.43990361 -6.99005444  9.81234255]]
[[-7.37374857 -7.57717504  9.91746882]]
[[-7.56198662  9.9620402  -6.83724758]]
[[-7.3959542   9.96371455 -7.59848823]]
[[-7.4645875   9.94016046 -6.96812813]]
[[ 9.84757768 -7.1447978  -7.39218075]]
[[-7.36685388 -6.81982052  9.6644793 ]]
[[-7.04356061  9.49103677 -7.13346723]]
[[ 9.83307195 -7.42591419 -7.46120332]]
[[-7.22230131 -7.25761222  9.7119816 ]]
[[-7.11105287  9.44488228 -7.16173787]]
[[-7.21579499 -6.94232581  9.61596026]]
[[-6.98023466  9.64456576 -7.18666044]]
[[ 9.49156749 -6.75994087 -7.24878367]]
[[-7.1322429   9.9113091  -7.42997974]]
[[ 9.96069581 -7.56522522 -6.87558806]]
[[-7.43524551  9.84465441 -7.24138926]]
[[-7.23316501 -7.31030571  9.57070928]]
[[-7.09970467  9.6336574  -7.01379787]]
[[-7.19399438 -7.12203431  9.49033697]]
[[-6.66987382  9.89047732 -7.64036996]]
[[-7.37956192  9.73201891 -6.81249258]]
[[ 9.99816918 -7.43418723 -6.99793088]]
[[-7.18725522  9.81039824 -7.4337226 ]]
[[-7.44875762 -7.03952173  9.84106748]]
[[-7.1088534   9.55712671 -6.87557201]]
[[ 9.5789893  -7.18457399 -6.93481732]]
[[-6.91264213 -7.41980214  9.87621455]]
[[ 9.95441872 -7.0056599  -7.46947183]]
[[-7.57453058  9.90616046 -7.12699029]]
[[-7.38300745  9.87310042 -7.28355839]]
[[-7.09940279  9.71098565 -7.12849167]]
[[-7.22273487  9.93012622 -7.52598836]]
[[-7.10470799  9.47503918 -7.05004429]]
[[ 9.50071872 -6.98255322 -7.06953528]]
[[-6.8882961   9.89904897 -7.44019133]]
[[ 9.53856562 -7.0802124  -6.89745507]]
[[-7.28482967 -7.47532525  9.76133964]]
[[-7.51054764  9.84181029 -6.97948512]]
