[[ 9.84717981  9.17847369 -6.14518479]
 [ 4.43259715 -3.44834617  9.6768957 ]]
[[ 7.32982969 -7.12010252  7.00768666]
 [-3.9088709   9.56081727  9.74120084]]
[[ 9.0248647  -3.35492739  9.11992034]
 [-5.22961852  9.94510445  8.38210481]]
[[-3.00400556  7.18331434  8.70010772]
 [ 4.95345672  6.62642502 -6.46771324]]
[[-5.15010447  5.84989777  7.2268    ]
 [ 8.55230503  5.74079011 -4.05180539]]
[[ 8.55000239  7.62128725 -8.06516909]
 [-3.1325112   7.10167855  8.88362197]]
[[ 3.9316964   4.89410122 -5.29340911]
 [ 6.9441535  -4.03266721  8.91552946]]
[[ 8.30946154 -5.08156321  9.6857577 ]
 [-7.11289617  8.88160964  4.77168635]]
[[-4.46829464  6.32967554  9.6413425 ]
 [ 5.34617167  7.3046641  -3.83970362]]
[[ 9.1415659  -6.05899048  6.65916891]
 [ 4.79056243  9.34442182 -4.81963   ]]
[[ 7.65881981 -6.40581337  7.36906604]
 [-5.6548329   8.39702481  4.8453391 ]]
[[-7.75972511  8.23252719  9.90761972]
 [ 9.87301716  5.81076952 -5.67937646]]
[[ 7.89999545 -4.18418982  5.32965027]
 [-6.66990222  7.0050745   8.11132664]]
[[ 7.23119062  8.01059782 -4.15294892]
 [-5.81429756  3.77752539  6.04662224]]
[[ 7.77345123  7.87162061 -2.89795915]
 [ 9.79928211 -5.11664263  9.80345493]]
[[-4.36533583  9.06135526  7.98901607]
 [ 5.747114    5.66282961 -3.00070452]]
[[ 8.37433978  9.36559248 -4.33208533]
 [ 5.99397838 -6.33453981  7.92665279]]
[[-4.20092798  8.2927736   8.21978765]
 [ 6.18094192  7.81684882 -4.66885012]]
[[ 8.62361128 -6.66491914  6.70573877]
 [-7.25040336  8.53523997  6.91426887]]
[[-4.87291317  7.26493982  6.55899459]
 [ 8.39234603  5.10952495 -3.61509006]]
[[-5.02921292  7.11797007  9.67774391]
 [ 7.20849533 -4.36215741  9.29967451]]
[[ 9.5320443   8.37703484 -1.91786453]
 [-5.75294084  8.43182147  6.28152361]]
[[-4.77365735  9.13998407  9.79889205]
 [ 9.69724224  6.83238398 -7.87967153]]
[[ 3.94339784  9.87226926 -4.27035872]
 [ 8.79174406 -3.95438058  7.44866949]]
[[-4.22511798  8.54102806  5.47248686]
 [ 8.52432497  4.76155273 -4.24695527]]
[[ 9.41058588 -3.58009227  8.20898251]
 [-5.78704344  5.99684886  6.73058122]]
[[ 9.07462961  3.79101868 -7.07951824]
 [-4.89369198  7.9814104   9.95998633]]
[[ 8.1935545   8.174999   -4.5920441 ]
 [ 7.09469161 -5.54548126  9.9571573 ]]
[[-3.45392147  9.52753442  5.90915151]
 [ 8.6697951  -7.68361025  6.39942032]]
[[ 6.48244604  9.56711593 -7.39022142]
 [ 8.85901367 -7.0520508   9.10536327]]
[[ 7.97200063  8.72677691 -5.60690298]
 [-3.16322963  4.59865769  8.7088287 ]]
[[ 5.84011111  3.99995558 -6.20494355]
 [-3.28105793  7.97440162  8.59136255]]
[[ 5.84108716  8.38190243 -3.18680912]
 [-3.53975187  4.26389306  9.98301578]]
[[-6.12129     8.309646    7.9919106 ]
 [ 9.52252233  5.12701143 -4.8954751 ]]
[[-3.71958824  8.23200069  6.07005239]
 [ 8.95406639  5.42587717 -4.97337187]]
[[ 8.38738404  6.92231005 -4.21100408]
 [ 3.97797104 -5.7888268   8.72926273]]
[[ 8.64856526  7.36728909 -5.47813866]
 [-5.44138921  8.45188778  9.78244738]]
[[ 5.03383034  8.37375276 -3.82825226]
 [ 6.15518685 -6.93175917  7.32258281]]
[[ 6.9934578  -4.71681074  5.54965542]
 [-4.97524325  6.28985135  5.35145207]]
[[-6.51269267  8.99649926  7.45708553]
 [ 9.55282443  4.56582089 -6.14015561]]
