[[-7.66867224  6.71627411  9.85740665]
 [ 8.8340624   9.52467741 -6.06994562]]
[[ 5.22024209  8.49695595 -6.07008359]
 [-3.66249313  5.6809647   9.16629632]]
[[ 5.297429   -3.28318908  9.17316596]
 [ 9.29993939  8.68174845 -4.78497877]]
[[-3.92464604  5.83003073  7.43372276]
 [ 7.13786664  2.87289239 -5.96761511]]
[[-6.76256145  7.78581713  7.15432877]
 [ 9.1778415   5.49269138 -5.95247055]]
[[ 5.54920504  7.27388577 -3.73837158]
 [ 2.80121616 -5.02156213  5.10153456]]
[[ 9.75481894  9.01406731 -5.74715583]
 [ 9.95726057 -6.87831786  6.73384303]]
[[ 8.40675064  6.66219776 -4.8937848 ]
 [ 7.12795202 -5.1339288   7.19294875]]
[[ 9.43377116 -5.85968015  9.8036494 ]
 [-5.56433402  8.33002289  7.54010113]]
[[-4.31935318  4.17608358  7.19955612]
 [ 9.35517575  6.14461105 -4.92538489]]
[[ 7.72644286 -6.26121702  4.10454436]
 [-4.23672038  9.83957216  4.45261342]]
[[ 8.41873033  6.13454011 -4.5417155 ]
 [ 5.60422104 -3.43039205  7.42318984]]
[[ 6.26552295 -2.93936133  8.22141332]
 [-5.27251386  7.81534169  3.76666938]]
[[ 9.07298419  9.91155649 -4.71801215]
 [ 9.97387051 -6.39961894  9.80405197]]
[[ 9.20248678  4.77417203 -5.27908037]
 [-3.64765152  9.77710155  9.17009718]]
[[ 7.95389908  8.75293248 -2.78922922]
 [ 9.06085906 -7.96532533  8.37979225]]
[[ 7.65484073 -3.91703402  9.11068508]
 [ 6.31971561  9.69290219 -5.37546329]]
[[-3.47322178  7.91116762  8.26379234]
 [ 7.6014855  -3.75962817  7.66932987]]
[[-5.96112425  5.71516114  9.12870998]
 [ 7.54682114  5.5499108  -4.34155546]]
[[ 7.58999424  9.1772417  -2.97952999]
 [ 9.03645497 -6.87228927  8.06159117]]
[[ 7.37484018 -4.94624546  9.49469434]
 [ 5.736395    6.55324452 -5.91724897]]
[[-3.97135167  9.51886739  5.76580557]
 [ 7.94635372 -4.29793862  6.49629455]]
[[ 8.36579187 -6.99605252  6.18353226]
 [-6.1860356   9.3890617   5.98084659]]
[[-6.75425375  7.70952208  7.3356299 ]
 [ 9.6694996   5.88151823 -4.16615269]]
[[-7.22434064  5.55648399  9.02412348]
 [ 9.97557762  8.33747632 -5.68269545]]
[[ 9.66734451 -4.43354631  9.49470833]
 [-4.09516338  5.77051138  5.83413331]]
[[-6.37652343  8.92832279  5.53958545]
 [ 8.27353106 -6.86577286  8.81868134]]
[[ 7.83908107  7.00667647 -5.27501526]
 [-4.24943615  8.83738924  7.68387862]]
[[-3.0641189   9.77895004  9.81606982]
 [ 7.15337846 -6.28116536  6.49996197]]
[[ 4.34365843 -2.47098904  9.45349305]
 [ 6.80933565  3.6276153  -3.61469712]]
[[ 7.94147854  8.29688059 -4.53538974]
 [-4.8703579   8.92354736  6.06783156]]
[[ 4.15959495  4.70251922 -4.98540649]
 [ 7.51511652 -3.76224116  8.66619501]]
[[ 8.45084189 -4.44973249  8.81639359]
 [ 9.4282941   5.7420652  -4.57253882]]
[[ 8.49743247  8.4898519  -4.66412697]
 [ 4.93064613 -3.82973993  7.22107212]]
