[[-7.43191976  9.97117392 -7.0640754 ]]
[[ 9.98351154 -7.36914052 -7.63264602]]
[[-7.09483339  9.95514713 -7.63084211]]
[[-7.29381857  9.97184991 -7.63387608]]
[[-7.24431637 -6.74903758  9.48486227]]
[[-7.19168411  9.79709539 -7.27993503]]
[[-6.857033    9.21509881 -6.96795782]]
[[-7.10785546 -7.50625707  9.86711657]]
[[-7.41651639  9.85603537 -7.28215236]]
[[ 9.66944674 -6.94487244 -7.2363938 ]]
[[ 9.67463696 -7.34478718 -6.92711992]]
[[-7.55401024  9.86510502 -6.99463794]]
[[ 9.61512484 -7.24525792 -6.89149138]]
[[ 9.68509499 -7.29847597 -7.04037705]]
[[ 9.93466345 -7.468914   -7.69832125]]
[[-7.46486975 -6.98090946  9.75591526]]
[[-6.65910316  9.53200071 -7.33266743]]
[[-7.60887458  9.99565828 -6.99839675]]
[[-7.36857689 -6.94762404  9.87048337]]
[[ 9.6999461  -7.39918961 -7.23619766]]
[[-7.08438811 -7.03440512  9.33738927]]
[[-7.16806798 -7.15153517  9.6328585 ]]
[[ 9.47135536 -7.04866461 -6.85100193]]
[[ 9.22060088 -6.96210466 -6.77509197]]
[[ 9.8388584  -7.15824428 -7.5724055 ]]
[[ 9.83584485 -6.95109503 -7.29420541]]
[[-6.96005314  9.74657398 -7.20049679]]
[[-7.55946014  9.98489909 -7.1039384 ]]
[[ 9.64219718 -6.92876456 -7.25782973]]
[[-7.20649568 -6.70504105  9.48319236]]
[[-7.21574652 -7.38534517  9.67845491]]
[[ 9.68390692 -7.3825866  -7.47376091]]
[[ 9.41596786 -7.16693889 -7.057638  ]]
[[ 9.90941386 -7.3777682  -7.17123786]]
[[-7.32591701  9.71632175 -7.12465897]]
[[-7.13007376 -7.35385234  9.75973945]]
[[-7.70257143 -7.58684375  9.99078365]]
[[ 9.94727743 -7.01186852 -7.62690354]]
[[-6.95733823 -6.81993733  9.21710166]]
[[ 9.56747658 -7.06059503 -7.18620634]]
[[ 9.55476537 -7.20770853 -7.29968762]]
[[-7.23063873  9.88283205 -7.34808462]]
[[ 9.9926264  -7.01541334 -7.46342619]]
[[-7.00607014 -7.4218122   9.93289231]]
[[ 9.50983915 -6.7908372  -7.18068501]]
[[-7.06329807 -7.41676117  9.99033278]]
[[-7.08063739 -6.72680533  9.33398217]]
[[ 9.92587366 -7.37592854 -7.31856224]]
[[ 9.85268558 -7.30251161 -7.10124925]]
