[[0.09428431 0.94606708 0.91668812 0.02331883]]
[[0.07522009 0.92932349 0.91149982 0.01916453]]
[[0.0843033  0.9332515  0.90297573 0.01153952]]
[[0.07742047 0.93486294 0.90895896 0.01901233]]
[[0.09498386 0.93600987 0.90346495 0.09333953]]
[[0.08808361 0.91665552 0.92770472 0.07109272]]
[[0.09071416 0.90598832 0.90039495 0.05128271]]
[[0.08521606 0.93204178 0.91368821 0.03895286]]
[[0.08156157 0.90159614 0.93001176 0.06185858]]
[[0.09484092 0.923399   0.91324123 0.0388038 ]]
[[0.09123607 0.90982639 0.93932925 0.05484791]]
[[0.08772204 0.91020786 0.94137398 0.07406789]]
[[0.0944209  0.91385007 0.92611593 0.02338171]]
[[0.08892118 0.904768   0.90387556 0.03760537]]
[[0.06809761 0.91295252 0.90211378 0.00828704]]
[[0.08746945 0.90344194 0.93541615 0.04824067]]
[[0.09709873 0.90453656 0.93608663 0.07737705]]
[[0.09064321 0.94323933 0.90971541 0.05252964]]
[[0.09771646 0.90744823 0.93929938 0.0124527 ]]
[[0.0781523  0.90564527 0.90757036 0.01939057]]
[[0.08388447 0.90864984 0.90098993 0.02687734]]
[[0.08759402 0.91565993 0.90768815 0.00986797]]
[[0.09848649 0.91706079 0.93132206 0.02921588]]
[[0.09463611 0.91449317 0.90556114 0.06831302]]
[[0.07973921 0.92905331 0.90555395 0.02053056]]
[[0.09932673 0.92405983 0.92613918 0.01735663]]
[[0.09912472 0.90489379 0.92053882 0.01335101]]
[[0.08792406 0.91722897 0.92176864 0.08224833]]
[[0.09345179 0.90817937 0.93677094 0.02466211]]
[[0.09848502 0.93004508 0.90215168 0.02823824]]
[[0.07861479 0.90656578 0.91220447 0.04710689]]
[[0.07003054 0.90088208 0.90362    0.07456592]]
[[0.08284504 0.90195912 0.9127478  0.02536972]]
[[0.08949667 0.92267371 0.93652208 0.09598324]]
[[0.08571401 0.9246392  0.9008107  0.0175014 ]]
[[0.08610932 0.91591591 0.90336638 0.01152473]]
[[0.06603119 0.90403752 0.91577089 0.05077238]]
[[0.08740439 0.90498571 0.92101207 0.01443576]]
[[0.09278563 0.90260229 0.90337708 0.02032321]]
[[0.08789098 0.92341292 0.91266391 0.05454078]]
[[0.07753533 0.903197   0.91243342 0.02433275]]
[[0.0872292  0.92132568 0.92108116 0.02547463]]
[[0.09594574 0.92443703 0.94987545 0.07742504]]
[[0.09556576 0.91309411 0.93137167 0.02569926]]
[[0.0970149  0.90498294 0.9348466  0.04925859]]
[[0.09579347 0.94578827 0.92631647 0.04440701]]
[[0.09650025 0.91330822 0.90242537 0.01676538]]
[[0.0843771  0.92051803 0.90003613 0.06074504]]
[[0.09316929 0.92345466 0.9008391  0.01733224]]
