[[0.09900376 0.9026063  0.93054262 0.0148555 ]]
[[0.09039613 0.93558777 0.91394586 0.02141278]]
[[0.07469382 0.90880306 0.907871   0.00768355]]
[[0.09809286 0.91903281 0.94053755 0.05559324]]
[[0.07478811 0.91738977 0.90883478 0.01112208]]
[[0.09567104 0.93418964 0.92200893 0.0889368 ]]
[[0.08748793 0.91071963 0.92618715 0.08510861]]
[[0.0943965  0.94039031 0.90523091 0.06517818]]
[[0.08762414 0.91087537 0.90562016 0.06937109]]
[[0.07398536 0.90611205 0.91396656 0.02268302]]
[[0.08440357 0.91333272 0.92237041 0.04572829]]
[[0.08211479 0.90734273 0.90703505 0.01873667]]
[[0.09354657 0.93510574 0.90484801 0.07446704]]
[[0.09439076 0.90364279 0.92790647 0.09796771]]
[[0.09461206 0.90046177 0.91304784 0.01621272]]
[[0.08903647 0.91798834 0.91630596 0.04034912]]
[[0.09621043 0.95475726 0.90926113 0.01892878]]
[[0.08196146 0.91321023 0.92364982 0.02347778]]
[[0.07681847 0.90440951 0.91034363 0.07344231]]
[[0.09622227 0.90837123 0.92884908 0.01936374]]
[[0.08219837 0.90124434 0.91106463 0.02486815]]
[[0.09886648 0.90388172 0.90379152 0.01514601]]
[[0.09708708 0.91212417 0.94568093 0.02832974]]
[[0.0982365  0.94598446 0.90702192 0.01576334]]
[[0.08277021 0.91957011 0.90906471 0.04621585]]
[[0.08918671 0.94183226 0.90019102 0.02029202]]
[[0.09853145 0.93249984 0.90311584 0.01879717]]
[[0.09362115 0.93141393 0.91086407 0.0175522 ]]
[[0.09725402 0.95002441 0.90188344 0.03212437]]
[[0.09445987 0.92260672 0.94928242 0.05429231]]
[[0.08334976 0.91484714 0.90941873 0.0118042 ]]
[[0.08342218 0.9105228  0.91045784 0.02533526]]
[[0.0946227  0.90446852 0.9127095  0.02057588]]
[[0.08246638 0.93043952 0.91593961 0.01392434]]
[[0.08787541 0.90731481 0.90640943 0.05330263]]
[[0.09315685 0.90347065 0.9183066  0.05870429]]
[[0.09843646 0.91889619 0.95142092 0.01691774]]
[[0.0980085  0.93204626 0.90477525 0.05305354]]
[[0.07589972 0.9005923  0.91522067 0.05415026]]
[[0.08914567 0.90163069 0.94552513 0.05570116]]
