[[ 7.88852226  7.5970692  -7.08941135]
 [-2.7573532   6.10107521  9.07089434]]
[[ 6.76904435 -5.34903112  7.11210737]
 [ 8.87733898  6.5871519  -4.35015219]]
[[ 7.60602711  6.08751208 -3.66837215]
 [-4.05315866  4.3027287   6.39833032]]
[[ 9.5826195   4.84521268 -4.19112614]
 [-4.78884298  5.79399647  6.10785795]]
[[ 6.82624118 -6.74187473  9.75125198]
 [-4.25709991  7.94816377  7.30934963]]
[[ 7.44240554 -4.95108903  8.32081513]
 [ 8.7757553   8.00837899 -2.98158826]]
[[ 9.01559108  6.10841711 -4.89305672]
 [-7.52663169  6.3538809   7.89795919]]
[[-3.45819957  9.45511929  9.18100261]
 [ 7.07516962  9.54933666 -3.35875667]]
[[ 7.69847254  6.44456158 -6.64436877]
 [-4.07467829  9.13563732  9.48120534]]
[[ 6.2529912   8.2443297  -6.14780156]
 [ 4.6235339  -4.22232504  8.2261454 ]]
[[-7.54681269  7.88113567  7.84314364]
 [ 9.3696544   8.56203199 -4.02413293]]
[[-3.73556473  8.2282017   9.46045696]
 [ 7.27889833  4.03446499 -7.70744616]]
[[ 4.07686265  6.09717076 -5.09096036]
 [ 8.31586557 -4.96894267  7.43202491]]
[[ 8.37498781  5.36064446 -2.97168171]
 [-4.12709964  4.96741549  5.87484931]]
[[ 8.89237819 -6.20731217  7.24940001]
 [ 7.37919615  9.17974823 -6.26949742]]
[[ 8.27386703  3.99657818 -3.09771136]
 [-6.91272249  3.72864972  9.2865287 ]]
[[ 9.23125103  4.487334   -6.02249588]
 [-6.3156503   7.18022843  8.46277656]]
[[ 6.61434346 -3.91161809  9.76806245]
 [ 5.2375687   5.28228086 -4.312926  ]]
[[-6.71771193  7.16155992  8.50050059]
 [ 9.13125603  6.14310901 -7.16272824]]
[[-5.39617146  7.25270496  7.17873595]
 [ 7.67642442  7.37240678 -5.76416586]]
[[ 6.15928515 -3.34361569  9.54235765]
 [ 6.05678407  4.77106791 -5.03099624]]
[[ 3.45396162 -5.03218454  5.30199634]
 [ 6.62633617  9.04197873 -2.6816661 ]]
[[ 7.11333165 -4.78427959  6.9295827 ]
 [ 7.0522129   7.09302563 -5.85321764]]
[[ 9.83816299 -3.83222872  3.19996329]
 [-5.38136686  8.59298101  5.65512295]]
[[ 9.47806349 -7.39499157  7.41535522]
 [-5.72028832  9.00355816  6.31900316]]
[[ 8.76164583 -6.13161399  9.73306455]
 [-6.72220636  8.5881772   6.04492734]]
[[ 6.49194294  8.67698534 -7.02062246]
 [ 9.55419373 -4.07192198  9.21123151]]
[[ 9.3765134  -7.20247145  7.80779891]
 [-2.87150563  8.34534806  6.62480916]]
[[ 6.86499178  6.12640073 -5.70496368]
 [-2.51983447  7.78879566  8.65367733]]
[[ 7.92695798 -6.50769521  6.10716494]
 [ 7.44031249  9.09425845 -4.95228563]]
[[ 5.34229166 -6.27418732  3.89611368]
 [-4.23492352  8.53727749  9.80558994]]
[[-3.24865132  9.53733799  8.42574043]
 [ 9.02206344 -8.3055634   6.96782247]]
[[-4.8842338   5.32893655  6.21399826]
 [ 7.90455121  6.29811448 -3.48400463]]
[[ 7.35370638 -3.79302398  6.30162103]
 [-4.3107044   8.76178084  6.05547936]]
[[ 9.75026147 -4.27204549  6.51415299]
 [-6.09853582  7.01091995  4.46470309]]
[[ 7.05156444 -4.11135888  8.15722506]
 [ 9.1044123   7.73669678 -5.36714217]]
[[ 5.86962725  6.18763583 -4.07241377]
 [ 4.66801181 -3.75071097  8.89379341]]
[[ 9.38242162  8.83773738 -5.13733652]
 [-2.84544838  9.20190481  8.17531932]]
[[ 7.44604074 -6.81812899  6.04120308]
 [-4.03356695  9.46669422  8.40597526]]
[[ 8.59998218 -4.82521526  9.68751553]
 [-4.46420454  6.33906137  7.47854651]]
[[ 6.95836009 -6.11372089  5.68118738]
 [-4.87864918  9.63964378  7.99321778]]
