[[0.99998131]
 [0.99902445]
 [0.99902289]
 [0.00153768]]
[[ 5.97724744  5.97968455]
 [ 3.15246467 -7.68324673]
 [-7.65886029  3.13688319]]
[[-6.7816583 ]
 [14.27280325]
 [14.28388561]]

[[9.99996068e-01]
 [9.99687598e-01]
 [9.99687424e-01]
 [4.92370782e-04]]
[[ 5.93554242  5.93816544]
 [ 3.52851548 -8.41673324]
 [-8.39862836  3.51814745]]
[[-7.8617404 ]
 [16.3745402 ]
 [16.38010278]]
./ThreeLayerNeuralNetwork.py  243.59s user 0.33s system 99% cpu 4:06.33 total

[[9.99999220e-01]
 [9.99900663e-01]
 [9.99900641e-01]
 [1.56609842e-04]]
[[ 5.88454375  5.88734171]
 [ 3.84300652 -9.03480113]
 [-9.02108533  3.83557433]]
[[-8.96749317]
 [18.5461289 ]
 [18.5493673 ]]
./ThreeLayerNeuralNetwork.py  2614.62s user 10.69s system 98% cpu 44:17.12 total

[[9.99999644e-01]
 [9.99942566e-01]
 [9.99942556e-01]
 [9.05625711e-05]]
[[ 5.856608    5.85949604]
 [ 3.97643437 -9.29797248]
 [-9.28584048  3.96996368]]
[[-9.50054857]
 [19.59700507]
 [19.59960995]]
./ThreeLayerNeuralNetwork.py  7735.91s user 21.51s system 98% cpu 2:10:39.42 total

➜  ANN ./ThreeLayerNeuralNetwork.py
[[0. 0. 0.]
 [0. 0. 0.]]
[[0.7]
 [0. ]
 [0.7]]
[[1.        ]
 [0.99831839]
 [0.99831839]
 [0.00228071]]
[[-0.98252818  0.98252846 -0.98252818]
 [-0.98252818  0.98252846 -0.98252818]]
[[ 33.5382423 ]
 [-16.33385891]
 [ 33.5382423 ]]
➜  ANN vim ThreeLayerNeuralNetwork.py
➜  ANN time ./ThreeLayerNeuralNetwork.py
[[0. 0. 0.]
 [0. 0. 0.]]
[[0.7]
 [0. ]
 [0.7]]
[[1.00000000e+00]
 [9.99469633e-01]
 [9.99469633e-01]
 [7.19159379e-04]]
[[-0.98250554  0.98250563 -0.98250554]
 [-0.98250554  0.98250563 -0.98250554]]
[[ 39.74011551]
 [-19.3904625 ]
 [ 39.74011551]]
