-4.51073659,5.9613909,5.99682708
5.85442699,5.98644398,-4.32562908
5.8241685,5.77210746,-4.13277837
5.84930097,5.89410766,-4.21927552
5.93467416,-4.249474,5.9785413
-4.25250423,5.80838903,5.96499059
5.99190113,-4.0077328,5.50894103
5.96564371,-4.30166678,5.75966055
5.890539,5.90264452,-4.16273492
-4.14795035,5.93839331,5.88063685
5.8989717,-4.1522563,5.72051732
-4.13466268,5.97855896,5.64036311
5.78844731,5.88834938,-4.12359684
-4.05412638,5.98624522,5.56470486
5.74285222,-4.07076393,5.88842795
5.95020009,-4.06778364,5.92989536
-4.16575408,5.71107653,5.88581724
5.84567228,5.96773088,-4.31054489
5.997981,-4.42205371,5.84108772
5.65453234,-4.18057988,5.96721815
-3.99619354,5.85178024,5.55605027
5.88871659,5.80176805,-4.24489752
5.89532963,5.82955295,-4.17356984
5.95348292,5.86401136,-4.17845576
-4.0865417,5.93972155,5.9865662
5.84599241,-4.29825337,5.92601748
5.98516702,-3.98252223,5.76938316
-4.30952052,5.97959404,5.87729024
5.88871895,5.99053493,-4.41360443
5.82700188,-4.29877085,5.9521171
-4.22484175,5.74041971,5.92362838
-4.07138663,5.59926709,5.88988038
-3.97620945,5.93302001,5.5509791
5.97554225,-4.33614799,5.87469071
5.99114321,-3.95582511,5.6449291
5.82967647,-4.1978127,5.98062782
5.96784979,-4.15239743,5.7146678
-3.86336306,5.60950211,5.71542467
5.86120405,5.72080027,-4.00900186
5.55390666,-4.03079902,5.93316241
5.73784462,5.85557095,-4.11129083
5.54560074,-4.0794648,5.98466029
-4.267286,5.86527075,5.83862451
5.86040639,-4.29896601,5.88400492
5.70886611,-3.99253718,5.76530087
5.94368594,5.74979759,-4.14738316
-4.39907998,5.98457818,5.94145811
5.69983727,5.79482085,-4.0429048
5.98941781,5.43516214,-3.97464386
5.49442691,-3.95275779,5.88420996
5.6927911,-4.03788685,5.99146847
-3.98564649,5.81837613,5.71452969
-4.01203949,5.88401516,5.7196041
5.9193415,-4.16467931,5.75432488
-4.44081757,5.87339658,5.99716547
5.93419373,-4.20539264,5.97663375
5.98283781,5.79359145,-4.03869836
5.89962369,-4.00907957,5.96667394
5.96179539,-3.99959768,5.46509606
5.7564683,-4.26139675,5.95228255
-4.30508863,5.90369407,5.99918026
5.83321727,5.93739041,-4.19951546
-3.9726584,5.98513221,5.58227615
5.92980342,-4.19083156,5.9661676
5.7112779,5.96688785,-4.16542877
5.82260529,5.61716098,-3.94696357
-4.15574904,5.99463601,5.8756817
-4.29000447,5.88902598,5.86613595
5.78696663,-3.97862151,5.83041417
5.73724116,-4.16901909,5.94186399
5.74199559,5.99466268,-4.20417795
-4.08143402,5.9758585,5.86683159
-3.93126707,5.82105486,5.93243416
5.95648097,-4.35626938,5.96189031
-4.26560362,5.80256604,5.99677315
5.98069537,-3.91361703,5.65435922
5.82227632,-3.99741355,5.5913366
5.98308441,5.84645676,-3.97436203
-4.0375149,5.96828585,5.9320027
5.96143148,-4.37524122,5.91152963
5.95482462,5.69361213,-4.06669861
5.82873632,-3.96217956,5.88059232
-4.00584917,5.92694249,5.60236925
5.91881634,5.97860988,-4.4053714
5.94414096,5.93698236,-4.18017913
-4.28040937,5.85678403,5.96292919
5.89460617,-4.30721637,5.92840133
5.92287149,-4.07960147,5.86253655
5.84946984,-4.32099235,5.95618236
5.98402161,-4.23281493,5.85806388
-4.42016989,5.95193782,5.94921734
5.9723287,-4.33673561,5.8993326
5.80415144,-4.04783589,5.9482681
5.95782993,5.80369725,-4.30135027
-4.14947432,5.99003242,5.88705086
-4.39364312,5.99497563,5.8632095
5.95613203,5.86163682,-4.24984681
5.86133991,-4.43039464,5.99439185
5.82387374,5.89798707,-4.29989495
5.76808069,-4.27776193,5.94380824
5.93561048,-4.26317625,5.9700016
5.95918424,5.93626968,-4.34235984
-3.89848133,5.79469385,5.80397548
5.94565992,5.90142184,-4.09472373
-4.09784822,5.76646723,5.97607131
5.67292878,5.79073959,-4.00757267
5.94242061,-4.15505744,5.70383479
5.93321108,5.94316924,-4.02250453
5.69112055,-4.2377388,5.98851034
5.85685606,5.73382888,-4.16433589
5.8179948,5.98204003,-4.29408865
-4.03317292,5.96574088,5.72421445
5.26541943,-3.80137574,5.94818307
5.826823,-3.95715538,5.97953984
-4.09976771,5.90593907,5.84965324
5.9732717,5.6762823,-4.15383851
5.87596871,-4.21615651,5.9932186
5.98485872,5.87489441,-4.31101467
5.92321989,-4.23885612,5.95727063
5.97164108,5.78459664,-4.10145243
-4.36318632,5.90857039,5.90554622
5.7565934,5.85484411,-4.10971322
5.77642777,5.64511285,-3.98654915
-4.31086977,5.91194051,5.88091175
-3.98133225,5.79013014,5.64405923
5.63732705,-4.11258547,5.94000709
5.9593407,-4.05150848,5.89013776
-4.27416504,5.91614247,5.86972223
5.99339671,-4.19669949,5.95646488
5.95932037,-4.09343984,5.64910984
5.92609408,-3.97096602,5.66441276
-4.16508722,5.87442378,5.82903825
-4.19619939,5.98879513,5.69506898
-3.97784271,5.98481737,5.4103376
-4.15635194,5.79841613,5.80161778
5.84005432,-4.23318329,5.90143875
5.81203121,-3.98345753,5.64178927
5.78174015,-4.32864924,5.96309125
-4.18194941,5.80050791,5.98195344
-4.0198368,5.65317124,5.98354186
5.97395387,-4.47047609,5.98712492
5.75478457,5.61038137,-3.8980168
5.82359318,-4.3249955,5.98816701
-4.3500915,5.99617193,5.93885658
5.85853155,-4.18901834,5.90683898
-4.09752084,5.76851716,5.99377834
-4.51986129,5.98075346,5.99489323
-4.05076135,5.7421342,5.85335425
5.67214427,-4.15203095,5.90794854
5.99421798,5.97538067,-4.4528864
5.84295728,-4.30359111,5.91504764
5.74061218,-4.13476862,5.87717621
5.92381428,-4.26822285,5.96510888
5.98083477,-4.10665314,5.55691407
5.74148971,-4.04246373,5.96613026
5.90035195,5.91947178,-4.12776074
5.8868744,-4.09058383,5.91269088
5.87827635,-4.29195817,5.98533775
5.73827206,5.90733853,-4.08318862
5.92886417,-4.25084826,5.98098592
5.99076415,-4.06611912,5.8373037
5.79783375,5.79105525,-4.14977393
-4.18421757,5.73741243,5.9558028
-4.25214021,5.94073436,5.81579944
5.97533599,5.92764486,-4.35557969
5.91653028,5.91420836,-4.38455742
-4.03778716,5.94205346,5.82687587
5.80063101,-4.21161394,5.92994376
5.96430802,-4.09173682,5.92219734
5.92006314,5.84270209,-3.93480958
-4.34303053,5.97824027,5.96756836
5.96896327,-4.39787375,5.89978711
-4.46898029,5.94690641,5.97133362
5.77736415,5.69226551,-4.03265558
5.85804792,5.91046925,-4.18728604
-4.3342868,5.87389939,5.87859556
-4.1090736,5.9782509,5.72828898
-4.28802784,5.9822075,5.9804627
5.74740555,-4.27893902,5.98391992
5.88040041,5.96026132,-4.15901174
5.99520398,-4.4229826,5.84109836
5.97574007,5.94933579,-4.28375928
-3.9115048,5.6043393,5.7861964
5.73871161,-4.21971401,5.92943043
5.99689146,5.97269035,-4.4718807
-3.9631913,5.55481983,5.92954547
5.43758066,5.99258191,-4.01477883
5.86604289,-4.30505013,5.94904584
5.87488628,-4.20162009,5.74052692
-4.09048755,5.58588089,5.93491069
-4.10482019,5.68678599,5.895369
5.9127622,5.98890413,-4.4002287
5.9157244,-4.38168927,5.98793518
5.9996164,5.97648995,-4.28289467
5.93057108,-4.42773676,5.9619792
5.85960853,-4.23255088,5.78705
-4.02049756,5.68862515,5.97260352
5.83920294,-4.08947417,5.76206571
-4.08975141,5.89849534,5.84364327
-4.09058272,5.7853023,5.96835766
5.95942265,-4.13026311,5.62360449
5.80727092,-3.82626856,5.86492565
5.97133011,5.86413608,-4.31270976
5.79867113,5.82313846,-4.14688302
5.96884539,5.86734056,-4.198708
-3.98945322,5.92399987,5.7067375
-4.35538195,5.90994555,5.93401796
5.42642802,5.93320336,-3.9353436
5.83211047,5.74238571,-4.15026836
5.76289502,5.78321863,-4.03487818
5.89194448,5.6581356,-4.13082405
5.91405903,5.99966489,-4.33632864
5.903525,5.97126442,-3.98946434
5.92490811,5.94125394,-4.34132463
5.85051398,-4.24216192,5.91676638
5.96189869,5.83239849,-4.35371434
5.90348383,5.70766566,-4.15131854
5.7988223,-4.04900385,5.88522392
-4.24479682,5.92103732,5.99362702
5.95896414,5.81848934,-4.23574794
-4.24447798,5.93951277,5.72730975
5.90850324,-3.95513925,5.62551673
-4.1838995,5.77642825,5.99843348
-4.14840544,5.91645142,5.96201342
-4.35394314,5.96406318,5.96356251
-3.94461116,5.9004757,5.82408833
5.85531103,-4.12655118,5.73908576
-4.16004391,5.89847963,5.83371846
5.87290677,5.80563709,-4.23324311
5.96114719,5.91352013,-4.35085551
5.88342262,5.879593,-4.32802894
-4.08745555,5.84632487,5.98799253
5.96610369,5.68293412,-4.04146259
5.75604028,5.99516227,-4.05249393
5.70147492,5.86656751,-4.12748751
5.72859042,-4.14252332,5.94021212
5.9424219,5.88899509,-4.36123313
5.69503781,-4.13186799,5.93574614
5.49429247,5.91338967,-3.97103968
5.9606535,5.96013364,-3.92676668
-4.268148,5.99917967,5.74949786
5.81648504,-4.07794214,5.91472232
5.88000432,5.91200276,-3.89092563
-4.17867044,5.97757478,5.7621091
5.99244032,-4.33016042,5.81903244
-4.20939305,5.78776216,5.90426614
5.98488425,5.76963433,-4.25987589
5.90921718,5.95198567,-4.34301343
-4.23678175,5.74313711,5.91490986
-3.97393711,5.70088262,5.85421482
5.91848968,-4.20943601,5.8523379
5.61115105,-3.98372974,5.87594845
-4.31566182,5.94661206,5.91743124
5.9036025,5.8961617,-4.25878406
5.91827391,5.79128662,-4.12431189
5.88434925,5.90142034,-4.03883565
5.9763077,5.52134256,-4.07535713
5.42170365,-3.90348813,5.93152421
5.90323662,-4.22679074,5.78238986
5.92962683,5.99329779,-3.97085796
5.81087401,5.92553633,-4.20069064
5.98018771,-4.23415467,5.87797683
5.68338486,5.92789865,-4.11407326
5.65529151,5.93633522,-4.08476088
5.94113131,-4.2041047,5.7546766
5.96621845,5.78415361,-4.28552263
5.95217654,-4.32925925,5.788663
-4.02216769,5.75578527,5.98488556
5.95789934,-4.22826044,5.6868702
-4.26666338,5.92336236,5.93778362
5.99433098,-4.15407342,5.73176172
5.95728745,5.85620234,-4.35497348
-4.39730019,5.83208241,5.98771137
-3.93279696,5.83947075,5.6913788
-4.07828105,5.76463328,5.80967392
5.99901504,-4.18261994,5.97109614
5.69653116,5.89200042,-4.02828424
-4.44006217,5.99807904,5.92299065
5.60243647,-4.08607828,5.9615115
-4.32663687,5.84888507,5.91859968
5.79639853,5.59032202,-3.93225868
5.93611109,-4.40018461,5.91831768
5.84974481,-4.13337334,5.87443717
5.92978001,-4.45482379,5.94657725
-4.3447722,5.97745464,5.85665969
5.84497071,5.9369945,-4.29261799
-4.10492049,5.57894048,5.99668958
5.73306921,5.8221699,-3.92443194
-4.19842666,5.83604552,5.859965
5.68042275,-4.13166264,5.98422951
-4.09966438,5.94181564,5.70846142
-3.93900423,5.51227501,5.99281413
5.9893468,-4.31300096,5.91663131
5.93529003,5.7860166,-4.30425562
5.83957897,5.85038684,-4.14196976
-4.12686795,5.9061917,5.75310857
5.7163264,5.7276722,-3.97156984
5.89699135,5.83314787,-4.08296826
5.77154606,-4.15317892,5.86609665
5.9969573,5.75384573,-4.00157619
5.73236228,-4.07978631,5.96291946
5.97508695,-4.15043433,5.64782061
-4.12459795,5.91243955,5.92765792
-4.27924791,5.95967109,5.77797385
-4.17919012,5.8981151,5.9094331
5.89785631,-4.33547417,5.98282543
5.93167563,5.6976883,-4.21830494
5.99061531,-4.38282671,5.99152417
5.72900457,-4.1410903,5.83368553
5.94616708,-4.15336543,5.91868787
-3.94302133,5.99956764,5.75475601
-4.0381631,5.84934385,5.86586066
-3.99743961,5.79824266,5.80941679
-4.12653174,5.795187,5.935155
5.92807975,5.93115469,-4.30888544
5.84455301,5.6279555,-3.96453733
-4.08592835,5.87256666,5.9801596
5.90007638,-4.15469576,5.69736143
5.96279754,-4.23146093,5.80182755
-4.19386836,5.74790347,5.96048373
-4.15150129,5.97955932,5.62948282
5.96361209,-4.13029611,5.86996885
-4.15512792,5.90209157,5.76465554
5.9302178,5.80054877,-4.2196999
-4.21783055,5.9301558,5.87071231
-4.2999561,5.82516786,5.93531793
5.77946522,-4.03839085,5.92757345
5.96460884,5.77020348,-4.27794016
-4.18642624,5.88605992,5.95217777
-4.12206959,5.66144973,5.94895123
-4.07060032,5.82137635,5.71197176
5.87552007,-4.30443965,5.98771407
5.89312985,-4.03502801,5.81247664
-4.2353713,5.96059862,5.86592898
-4.066448,5.98761366,5.86749183
-4.23322456,5.92674098,5.94461883
-3.95836075,5.78459579,5.75116467
-4.14127339,5.9890663,5.9562558
5.95804771,5.83920858,-4.18961668
-4.41914406,5.98482993,5.9260287
5.87250661,-4.36849982,5.93690296
5.83761126,-4.36532765,5.96813024
5.92228556,-4.1478782,5.85396321
5.93431067,-4.15493606,5.77721153
5.99918778,-4.45687338,5.90246499
5.80550374,5.91816163,-4.17153137
-4.42353975,5.91718638,5.96057367
5.74221101,-4.15127404,5.98590108
5.96044744,-4.13120737,5.90566731
5.89099632,-4.43398158,5.98967688
5.92602818,5.95137198,-4.20625658
5.92213006,5.85581936,-4.19645376
5.63822566,-4.11841525,5.9345685
-4.08287704,5.90979456,5.9036579
5.92946929,-4.28069531,5.95316118
5.76040608,5.94355168,-4.21286403
5.93025435,5.91727146,-4.21919582
5.90510542,-4.3200754,5.94735983
-4.11990776,5.95449611,5.90371039
5.84398716,-3.95179694,5.82714661
5.88846201,5.9851244,-4.25567033
5.86540221,-4.25599339,5.85041149
5.80124399,5.91967346,-4.27080406
5.87292387,5.93629612,-4.08895507
5.95966186,5.80422853,-4.28918655
5.85319669,-4.06171452,5.84928504
5.78616174,-3.96792213,5.71043341
5.55782741,-3.95346447,5.9234979
-4.45016847,5.90008476,5.99163062
5.99354476,5.95728894,-4.33601106
5.98190912,-4.50909035,5.96261828
5.76116035,-3.98503027,5.73516178
-4.28761939,5.87142462,5.91711976
5.87222017,5.77414295,-4.05917245
5.81178428,5.89686072,-4.13004447
5.87955673,-4.36375515,5.97498982
-4.27220802,5.81732127,5.94928773
5.96368672,5.97435556,-4.51013338
5.77861891,5.97318155,-4.32943573
5.99661405,5.47740775,-3.9571722
-4.08070912,5.80343013,5.74826813
5.87317188,5.86044886,-4.07937836
5.85961717,-4.0450431,5.85814921
-3.96092049,5.74436429,5.78466764
5.94600859,-4.22285874,5.69095056
5.85307462,-4.1331583,5.97584564
-4.42217025,5.98604039,5.93308463
-4.18585572,5.72344807,5.9958774
5.92250597,-3.99017103,5.97523791
-4.25495101,5.93220097,5.9989359
5.93716533,5.79456496,-4.06173749
5.92209412,-4.42928364,5.9728634
-4.04474067,5.65308492,5.94471148
-3.96663498,5.9502347,5.76817127
5.99305065,5.83237213,-4.18826642
5.96384468,5.73464634,-4.20778509
5.85511795,-4.39107218,5.95293891
5.91469226,-4.01471784,5.82311803
5.70399743,-4.06070406,5.86465774
5.81776312,-4.10478723,5.95468989
5.93463403,-4.24596943,5.9624869
5.96592299,-4.14582857,5.80590087
-4.07920466,5.88939638,5.82754613
5.72772227,5.89066621,-4.02074392
5.8084283,5.97199331,-4.35226642
5.67916803,-4.16673635,5.91707025
5.95042296,5.94006657,-4.22387052
5.96205992,-4.11597402,5.82343039
5.67499698,-4.06482394,5.87744672
5.99247945,5.69448325,-4.24622196
5.8777164,-4.42362989,5.98507664
-4.49114158,5.91403817,5.99954369
5.86789413,5.9621398,-4.19126682
5.95687688,5.98616638,-4.2104037
5.87772218,5.85368239,-4.27536446
-4.25545283,5.88236025,5.88626198
-4.19248072,5.73530254,5.97559697
5.89585803,5.89336118,-4.27605
-4.23315296,5.87055094,5.86051522
5.97719682,-4.35424383,5.99239034
5.98507361,-4.17717659,5.62341223
5.56500346,-3.87870874,5.80286495
5.92257633,5.86143045,-4.32460487
-4.19191374,5.984123,5.9710692
-4.16817882,5.91751561,5.96616424
-3.86669931,5.99674928,5.50793995
-4.30445699,5.75248645,5.97851571
-4.13846248,5.88408654,5.91852909
-3.92737036,5.88225645,5.73788971
5.91980728,-4.04907781,5.90646949
5.82117771,5.79518225,-4.17527497
5.9929185,5.94500125,-4.36473005
5.47039545,5.97025693,-3.9396941
5.57273302,5.83583503,-3.96469847
5.6808441,-3.98919292,5.96282351
5.92965994,-4.19828817,5.94768931
5.65182316,-3.97808217,5.80791843
5.98710611,5.83479264,-4.35642021
-4.09669351,5.65152242,5.97490083
5.90000787,5.74983037,-4.05817568
5.87408859,5.92487425,-4.35732007
5.65545528,5.93273994,-4.17626742
5.70509931,5.9685996,-4.03650184
-4.26782978,5.77330289,5.9509663
-4.34421077,5.95204125,5.82887027
5.7851064,-4.24487277,5.93171873
5.74502645,5.97421249,-4.20812684
5.99280765,-4.1242038,5.84649886
5.98501222,5.76568552,-4.29901219
5.95337263,5.83484847,-4.09653182
5.65159722,5.96291475,-4.11275901
5.72584689,-4.05531677,5.96875696
5.57443551,5.8897788,-3.95097142
5.59903221,-3.9537218,5.96718565
5.80068495,5.98462189,-4.09350477
5.87239602,5.77556395,-4.13052591
5.93095679,-4.31945813,5.91310834
-4.0127447,5.90220213,5.93889063
5.98980899,5.98085429,-4.48194514
-3.99065672,5.98907053,5.91045005
5.92060786,-4.3842904,5.93120351
-4.06874611,5.978601,5.51910457
-4.14910508,5.97470325,5.62355396
5.68134769,-3.95483085,5.91633454
-4.29491587,5.93240299,5.8552509
-4.4724229,5.96498895,5.92021215
5.60529296,-4.0048185,5.92635576
-4.37591899,5.98654619,5.92102935
-4.15360643,5.98197217,5.6930475
-4.18340908,5.94526319,5.94690167
5.89949067,5.71516742,-4.02984789
5.99694916,5.68000453,-4.15831533
-4.14255323,5.88368989,5.94482946
-4.02203181,5.98160932,5.97596674
-4.17580425,5.96948997,5.97049174
5.56640992,5.8804466,-3.95215166
5.86941245,-4.28706542,5.90835617
5.81735456,-4.20791147,5.84153317
-4.09403367,5.94292564,5.63080656
5.83317122,5.6711472,-4.07491482
5.86163466,-4.07967983,5.7680146
-4.36528131,5.92409284,5.96754345
5.80522961,-4.09102587,5.99071975
5.75023475,-4.11581224,5.77677425
-4.36906036,5.93880734,5.89394139
-3.94129052,5.7681805,5.68661378
5.84576283,-3.99988113,5.93874296
-4.38934593,5.91420305,5.97736978
5.87911388,-4.02915926,5.61581846
-4.06439106,5.8994976,5.88738758
5.80853652,5.86891579,-3.95566831
5.81599259,5.81254066,-4.08760503
5.66387699,5.98906019,-4.14873446
-3.92441671,5.97543758,5.85253233
5.95577703,5.91397007,-4.21064163
5.83882787,5.94021682,-4.3650698
5.94784591,5.69482294,-4.21531213
-4.33314221,5.90142135,5.9444889
5.82129375,5.6752375,-3.95143477
-4.42377895,5.96927895,5.94685458
-4.07065697,5.88782154,5.70142861
5.90785113,5.90167433,-4.03285943
-4.12660942,5.67575367,5.88957807
5.8196868,5.80526333,-4.18694046
-4.48436452,5.95166095,5.98441233
5.94848818,5.788468,-4.12604044
5.96108966,-4.36049765,5.95461665
5.96842881,-4.33671385,5.88318975
5.77854166,5.88486836,-4.24760689
-3.98407705,5.68734008,5.87563722
5.86179904,-4.07630536,5.88748205
-3.95605216,5.58048161,5.79747411
5.94153249,5.87362308,-4.15119493
5.98419959,5.82988174,-4.1148573
5.90180288,5.71217737,-3.92524367
5.96388476,5.75134907,-4.3041712
5.95034203,-4.13058247,5.86624289
5.95544501,-4.46684314,5.95627737
5.95990723,-4.23167692,5.94489908
5.96387844,-4.25905723,5.75159169
-4.33713605,5.82240618,5.94182741
5.63303922,-4.07163068,5.85532404
5.96450056,-4.11221711,5.75257115
-4.25830701,5.93907713,5.91012988
5.74130771,5.8379885,-4.06396972
5.88728214,5.94890491,-4.12126361
5.99465043,-4.26723292,5.69216417
5.90123627,-4.26605628,5.99861083
-4.36458016,5.99901896,5.83937049
-4.17331944,5.98502739,5.62923668
-4.20203532,5.85886438,5.97858146
5.95320493,5.91034857,-4.2586682
5.84806431,-4.28225639,5.87359207
5.79882169,-4.14841846,5.81028556
5.742352,-3.97709067,5.9925154
5.99491135,-4.20093379,5.85045578
5.83154255,-4.16301743,5.78992722
5.98744844,5.72061324,-4.27295777
5.96140308,-4.35133332,5.96440451
-4.09235714,5.83243204,5.68402622
5.85593801,-4.08916801,5.67659965
5.78712992,-3.98230884,5.87140272
5.83537857,5.98366521,-3.88866628
-4.18866291,5.84744773,5.85372786
5.9818813,-4.17006106,5.87080524
-3.91395456,5.89878013,5.44353459
-4.30114941,5.90836428,5.98670789
-4.03116456,5.67824935,5.8546856
5.99185971,5.88589172,-4.15039269
-4.0571104,5.7472702,5.84587879
5.88237262,5.72559199,-4.14943774
5.9397155,-4.18538141,5.96513104
5.52240479,-3.99502636,5.94012652
5.99617067,-4.04018764,5.80289183
5.86413492,5.82057629,-4.10396299
5.96180338,-4.11686369,5.83122376
5.63865361,5.98623305,-4.06708484
5.95584924,5.96914588,-4.45532979
5.76873058,-4.19695631,5.96923416
5.95152918,-4.31931846,5.96293406
5.89234231,-4.06198066,5.8404286
-4.03586688,5.83515078,5.67994632
-4.10416491,5.73992713,5.88074528
5.81248362,5.79410143,-4.17146362
5.96174818,5.91014112,-4.40599933
-4.19460539,5.90785349,5.97324106
5.73375965,-4.00215747,5.75113677
5.86883693,-4.2793009,5.88244225
-4.33763925,5.98978879,5.98136262
5.95399715,-4.37120324,5.92239724
5.98697406,5.77293837,-4.18818872
5.97829476,5.93059373,-4.29470311
-4.27616331,5.96870211,5.85055487
5.91618077,5.81726176,-4.30614226
5.72430209,-4.10588831,5.81051793
5.91617227,5.95082687,-4.32283333
5.88129464,5.86076941,-4.15708827
5.9817268,5.98798529,-4.50413757
5.89250248,5.99198189,-4.39039482
5.86911827,5.79477369,-4.17195955
-4.28212854,5.77510482,5.94293541
5.9868481,-3.90044478,5.36003076
5.80429725,-3.94201058,5.90059691
5.75789607,-4.2148824,5.89542259
5.99601299,-4.43582879,5.97168773
5.73673014,-4.00452601,5.71723619
5.80049306,5.76079136,-3.87915583
-4.25232519,5.89754676,5.92721054
5.98353795,-3.98787957,5.97679049
5.71579853,5.81660547,-4.03931682
-4.27216087,5.97087425,5.93842495
5.94519377,-4.41394096,5.9668985
5.74165841,-4.08830751,5.99569335
-3.93113521,5.84757029,5.87487074
-4.38850368,5.8488567,5.98846161
5.91427775,5.91224766,-4.28472002
5.57313906,-4.08213444,5.99621293
5.79003788,-4.10394548,5.9523799
5.87667825,5.78605802,-3.93101423
5.93039721,-4.18428324,5.94364167
5.66115137,5.77953846,-3.92847827
-4.27759146,5.99984354,5.8077627
-4.36626943,5.98458231,5.96858143
5.85227336,-4.29155261,5.86684465
5.89509601,-4.21408726,5.88784605
5.98063578,5.49110563,-4.02798788
-3.93549655,5.72278328,5.80203346
5.79069397,5.73618921,-4.09722278
5.97746583,-4.42068425,5.90484757
5.87011654,-4.20517251,5.88160157
5.9701338,-4.16781237,5.89411916
5.80141549,-4.06530453,5.68007976
-4.11984183,5.9658343,5.72544151
5.83524684,5.77754977,-4.13335984
-4.27453127,5.73350044,5.98225799
-4.21782533,5.97631933,5.84104237
-4.13473084,5.99934287,5.93840211
-4.03928326,5.94163395,5.61178698
5.97007544,5.99264697,-3.98866842
5.74385852,-3.93305853,5.87331603
5.93417101,-4.05048341,5.6342224
5.74022378,5.94141517,-4.15789241
5.69386026,-4.19161176,5.99111778
5.99706871,-4.09662728,5.94954622
5.93582445,5.67524498,-4.12142859
5.88588744,-4.10909129,5.90325601
5.56068758,-3.86098683,5.76279102
-4.22990608,5.81471747,5.96974834
5.94166799,-4.43025456,5.97627379
5.87002536,5.84720231,-4.11381534
-4.01862826,5.69079262,5.97593582
5.67651503,5.99517366,-4.05968857
5.7216074,-4.15807952,5.93203128
5.8841022,-3.96406632,5.75992385
-4.29422263,5.92614218,5.85884085
-3.93666102,5.84403104,5.89810362
5.96331495,5.7173541,-4.26297757
5.89748208,-4.24986694,5.81146241
5.82350672,-4.29360483,5.96300116
5.98964641,5.81758111,-4.12554024
-4.11395172,5.81909164,5.97233454
-3.86648947,5.92518548,5.53873705
5.77219888,5.97517394,-3.96614939
-4.35011803,5.7624459,5.9986971
5.73609542,5.85739382,-3.91607659
5.95758381,-4.43240704,5.99619311
5.97534878,-4.43328479,5.99714322
5.80684839,-4.15637672,5.98935344
5.88855259,5.75814923,-3.93212163
-4.21314294,5.96833177,5.7336498
-4.02596715,5.95772882,5.49603202
5.67199866,5.97174253,-3.91044609
-3.94860328,5.86039957,5.87220649
-4.08550215,5.97639932,5.69100836
5.8240379,-4.33336774,5.96691498
5.97519357,5.9131209,-4.41758231
-4.21361425,5.87406575,5.83465722
-4.32099277,5.84623478,5.92681329
5.99572114,5.94054983,-4.50728461
5.95499144,-4.33186369,5.79142849
5.97012195,-4.41545085,5.91216439
5.88399223,-4.33659516,5.90943517
-4.15797257,5.97440674,5.91233493
5.98437507,5.866881,-4.2911392
5.95123833,-4.04157488,5.60289894
-3.96427569,5.85058716,5.61596885
5.96088228,5.96132975,-4.29271523
5.85404193,-4.3618387,5.97967555
5.92787233,5.85742478,-4.11775567
5.89301604,-4.34183083,5.9652695
-4.20341166,5.98852666,5.95371944
5.61427694,5.82295883,-3.99117312
5.73849436,-3.94050433,5.63345588
5.86864655,-4.3498512,5.97486163
-4.10489047,5.91816825,5.91027008
5.9964948,-4.07519355,5.51192192
5.91329244,-4.34899997,5.87019192
-3.97196862,5.64401153,5.81037714
5.98663086,5.80131608,-4.16203273
5.92885677,-4.28515388,5.90643138
-4.22962319,5.95879117,5.92585702
5.88215269,5.89806291,-4.1811175
5.85469677,5.96201809,-4.20665318
-4.12757235,5.85468791,5.73587236
5.96909333,5.99664697,-4.33676774
5.93879843,5.84660586,-4.26718892
5.94077877,-4.3132409,5.93341817
-4.04915429,5.97370434,5.95136796
-4.25565136,5.82177851,5.92457258
5.99943246,5.98201362,-4.56204377
5.92765273,5.94407465,-4.45778077
-4.00823696,5.62026262,5.86403214
5.92402789,5.8650914,-3.91637048
-4.24108095,5.96999323,5.68441304
-4.28443458,5.94611074,5.95530973
5.48378651,5.97697425,-4.00727007
5.93940389,5.70578708,-4.23201224
5.96645615,5.81477699,-4.08111621
5.95999987,-4.11095451,5.73008589
5.96462374,5.80294174,-4.16107097
5.94966881,5.73174971,-4.2073715
5.8539326,-4.09548693,5.731615
5.89207976,-4.36993041,5.88884281
5.76385538,-4.20029817,5.87096076
5.98728274,-4.18798185,5.67283878
5.82285228,5.87794264,-3.96232069
5.9141655,5.90743298,-4.38470117
-4.12316029,5.95772448,5.96474623
5.60291023,-4.05650682,5.89499712
5.96086707,5.96925052,-4.38229063
5.66375717,5.97322887,-4.1512485
-4.34385873,5.97722714,5.85680159
5.96262143,-4.19081822,5.74889306
5.96943527,5.77362862,-4.18322971
5.94921304,5.93645823,-4.25778867
5.94317599,5.44625841,-3.95605333
5.75236845,-4.0874209,5.8760871
5.75923626,5.84388031,-4.12447406
-4.23306259,5.85609879,5.89176625
-4.30262124,5.84754085,5.97002091
5.94857297,5.7746851,-4.1526832
5.93629614,-4.31338686,5.84395234
5.83501579,-4.00116636,5.63983626
-4.00061386,5.81419383,5.6867826
5.75215677,5.71804275,-3.99927494
5.74657746,-4.3178671,5.9877607
-4.38667207,5.91679948,5.89327798
5.8762201,-4.3963062,5.99400717
5.75623968,5.98250327,-4.28258069
-4.20153888,5.94802785,5.97362906
5.86713848,-4.08422702,5.75453506
5.58055921,-3.94117275,5.8192389
5.78091109,5.82551531,-4.10975743
-4.05832389,5.75109557,5.72328067
5.7781693,-4.0819702,5.98449113
5.72502131,5.8919014,-3.87268218
-4.13329337,5.71619754,5.96379751
5.73674439,-4.16365868,5.88161282
5.68695282,-3.99343395,5.94374545
5.72430442,-4.18804867,5.98673645
5.92133216,5.84854977,-4.27743588
5.66165135,5.96943167,-4.18044795
-4.3042708,5.95645497,5.765185
5.93201137,5.88138634,-3.87321811
-4.44891135,5.8896005,5.99304486
-3.96225421,5.59188971,5.80856183
5.81694436,-4.31118498,5.92402189
5.97673444,-4.20775481,5.82045172
5.95655149,-4.41370768,5.98454591
-4.01811022,5.53155649,5.94161037
5.86824198,-3.86802684,5.47374389
5.85675768,-4.21193756,5.95905351
-4.00596876,5.87929919,5.57350523
-3.98564829,5.69167479,5.84234326
-3.89373381,5.42697476,5.87974214
5.76287537,-4.17081388,5.8353347
-4.41194124,5.84062997,5.99803403
-4.07598551,5.82410103,5.74518845
5.73257286,5.92455536,-4.10493373
5.96136293,-4.4640411,5.93386755
-4.05122404,5.84147914,5.78134107
5.97493898,-3.85919999,5.62535326
5.99909992,-4.31664846,5.76689209
5.99059144,5.78978188,-4.22734079
5.88940092,-4.12348036,5.85492926
5.644138,-4.11136472,5.90573759
5.84679964,-4.30984058,5.94595971
5.96586325,-4.38003921,5.85948853
-3.97869563,5.78129612,5.84897521
-4.04377573,5.79250018,5.66213233
5.8335586,-4.20690714,5.90440552
-4.03548651,5.90685102,5.80954593
5.99050568,-4.36279041,5.95947704
-4.20741998,5.79019689,5.93545878
-4.36488179,5.94794904,5.98477646
5.98069121,-4.42534108,5.93760172
5.9179573,-4.07067464,5.82666533
5.98628048,5.70678211,-4.27105485
-3.894354,5.9835294,5.47159665
-4.04145236,5.99048082,5.96515813
-4.51251423,5.9763195,5.99102038
-4.01862148,5.94239262,5.7315748
5.77580393,-4.22992792,5.9862448
5.98746885,5.67156535,-4.02701742
-4.13603767,5.79019523,5.94235898
-4.38587204,5.99828751,5.95233918
5.98458817,5.9627558,-4.51646408
5.96683591,5.67745768,-4.10094245
-4.1687252,5.85329873,5.8387212
5.9787395,-4.21685779,5.84899635
5.99710562,5.75956104,-4.12212415
-4.16804208,5.85805825,5.82098523
5.8675573,5.53174069,-3.84072422
-4.12203531,5.74086554,5.97663249
5.61639303,-4.04054322,5.91398225
5.73112024,-4.13526514,5.94319913
-4.05987991,5.90534695,5.73614443
5.68898423,5.93215743,-4.19682413
5.60291977,5.83544991,-4.01685303
5.85728872,-4.13023908,5.94376014
5.65337704,-3.94564792,5.82445143
-4.20047563,5.87416627,5.89102166
5.78391627,-4.11664625,5.74664188
5.85949938,5.87569672,-4.17375057
-4.2860379,5.77905686,5.93736043
-4.43699526,5.93975178,5.94307117
-4.30630828,5.85919112,5.9290978
5.45018935,-3.93531534,5.91311051
5.82194325,-4.09212529,5.71873545
5.85947912,5.9503595,-4.36770927
-4.03824827,5.8718019,5.71441498
5.9010121,5.89372599,-4.34532717
5.98220508,-4.34281893,5.77194603
-4.48932601,5.99671013,5.96226917
5.93918507,-4.21260784,5.91031595
5.94124945,5.82500317,-4.31726743
-4.17301546,5.77471802,5.97123517
-3.96915426,5.86388023,5.68560832
-4.24250166,5.90916703,5.8525805
-4.33042852,5.94259646,5.82494716
5.93048269,5.95721557,-4.21897082
5.5706555,5.98034904,-4.09572873
-4.38086811,5.96455746,5.84882345
5.79630691,5.82554363,-4.20730772
5.96223973,-4.37887954,5.90615241
5.81193316,5.88267511,-3.96769226
5.9091997,5.83799142,-4.21704601
5.69065307,5.92443934,-4.16572648
5.76874039,-3.99302044,5.73448343
5.92764859,5.80165186,-4.0266475
5.99760597,5.97757918,-4.40688886
5.83819197,5.81699128,-4.02793959
5.93421118,-4.26179942,5.96449608
5.99030497,-4.40191433,5.90726241
-4.04891682,5.98089866,5.91960699
5.86527149,-4.07984662,5.64145576
5.99363663,-4.19033954,5.61679661
5.89497961,5.94807789,-4.16901987
5.96385687,5.85311319,-4.00515571
5.95885809,5.99504765,-4.51527753
5.83377386,5.85145004,-4.26050611
5.89770475,5.90702579,-4.13865582
-4.09655051,5.6977572,5.95674348
5.81238395,-4.34063928,5.99658623
5.79429171,5.98179867,-4.26894847
5.89929429,-4.19842608,5.88527028
5.53539938,5.95504294,-3.94541404
5.86734206,5.95289569,-4.24684519
5.82427808,-4.30274464,5.9603413
-4.00681008,5.91419248,5.94383913
5.97093182,-4.23216496,5.89555692
5.77924651,5.98039103,-4.1544329
5.59839484,5.97424343,-3.97931678
-4.18318525,5.97195909,5.85837492
5.76697938,5.90516975,-3.98577102
5.9685832,-4.08869115,5.54522005
5.85673807,-3.87950792,5.70265605
5.990908,-4.06201658,5.57146385
-4.27039458,5.88219259,5.87213666
5.89029364,-3.98723457,5.74993845
5.89907065,5.90939992,-4.24934608
5.82967168,-4.01350194,5.87003075
5.86198116,-3.98975477,5.76545207
5.70766774,5.96427672,-4.2149911
5.85292834,5.9432203,-4.15919504
-4.29618832,5.97808235,5.7957923
5.63125946,-4.03112976,5.91364272
5.71001567,-3.83474964,5.64414594
5.54803997,5.93800443,-4.00798379
5.74521408,-4.08504072,5.85551391
-4.27878082,5.86308061,5.99199004
5.93283091,5.89339531,-4.29833625
5.80210057,5.75209216,-4.0430591
5.78339427,-4.05181019,5.7279534
5.89607549,5.9706558,-4.22883688
5.8776602,-4.02195864,5.87062173
-4.11130051,5.76259647,5.90259368
-4.37273085,5.90881968,5.97450855
5.88840423,5.65716194,-4.07999973
5.69082711,-4.17230214,5.92660118
5.88938094,5.90233698,-4.21138916
5.89717618,5.84780408,-4.29306532
5.99466703,-4.06706106,5.76508194
5.91733765,-4.46015869,5.97775805
5.79100653,-4.3399645,5.99505342
-4.2208293,5.78700918,5.86443802
-4.16097034,5.77029553,5.91488853
-4.1109599,5.91872553,5.60650632
5.94998844,5.83757509,-4.31408577
5.82924509,5.87396901,-4.22084363
-4.10687882,5.98881484,5.95596792
-4.23702716,5.95950204,5.79079791
5.97622035,-4.40760593,5.9429243
5.81880488,-3.99869174,5.93878199
5.84241111,-4.16876,5.82198589
-4.28980806,5.92146798,5.89982647
5.84239223,5.92931429,-4.0940044
5.79052731,-4.09872365,5.77420494
-4.33038053,5.92979912,5.99126737
5.81137563,5.84750708,-4.13128389
5.80003422,5.92837956,-4.07526353
-3.9596423,5.91914253,5.86930947
-4.16301102,5.96235253,5.76643796
-4.11129932,5.88845759,5.71452006
5.93395792,5.98960951,-4.44034352
-4.02553424,5.91087369,5.6818096
-4.08804559,5.56209926,5.94397859
5.78035434,-4.27177353,5.99761541
5.99489764,5.99509587,-4.20901225
-4.15952795,5.89755308,5.99586429
5.87601405,-4.32266731,5.96993752
5.78509112,-4.26318061,5.90940061
5.97446879,5.8703536,-4.27689104
-4.03534563,5.841069,5.77957798
5.80934204,5.89348254,-4.18327912
5.89466358,5.96388611,-4.40846643
-3.95622267,5.88413862,5.55413778
-4.20959701,5.98815104,5.94376968
5.98965702,5.75989595,-4.25273906
-4.16511889,5.83598492,5.85031239
-4.13712091,5.77510987,5.89091909
5.9240646,5.94892437,-4.17879632
5.87643271,5.99649292,-4.41704243
-4.18201854,5.71403826,5.94932552
5.95170959,5.65925689,-4.17683733
5.93686361,-4.09902597,5.91931505
5.58164631,-3.94941408,5.93070781
5.94671014,-4.20060095,5.81115205
5.91052236,-3.90941095,5.74669972
5.9824836,5.93262129,-4.4673392
5.91460585,-4.19755671,5.9377168
-4.28753525,5.9451824,5.7926124
-4.15566987,5.99500789,5.88631009
5.95966563,-4.3419658,5.83688548
5.92696611,5.99365508,-4.49895092
-4.53538041,5.95572388,5.99841051
-3.80555542,5.80864804,5.65795676
5.8287069,-4.31762306,5.93156666
-4.42180945,5.95359125,5.93039584
5.97002738,5.7764502,-3.97878174
5.99787612,-4.17696186,5.84850831
5.79111667,5.89904799,-4.25704887
5.93852815,5.67316123,-4.06526937
5.94535938,5.76472235,-4.18996978
-4.19880527,5.72767565,5.97424394
5.88329897,-4.04932789,5.99900778
5.83768703,-4.06191014,5.86569354
5.85697939,5.9957876,-4.0629479
-4.22543355,5.91444763,5.75017691
-4.24295904,5.88993954,5.99447677
-4.02744431,5.99615729,5.75487016
-4.052478,5.95864171,5.82277444
-4.32703057,5.93336527,5.89424994
5.96939777,-4.45733378,5.95311293
5.93437025,-4.23528139,5.904161
5.93397628,5.9052828,-4.31946156
-4.25741,5.91870513,5.8183988
5.76041937,-4.09881258,5.8955996
5.59854458,-4.10216983,5.92877885
-4.23706774,5.94265039,5.7814714
5.95326253,-4.31336045,5.94717558
5.91146261,5.89369842,-4.38053241
-4.24426131,5.74773728,5.98831555
-4.18632468,5.76948721,5.92335306
5.9928009,-4.10502604,5.72617995
5.7870819,-4.00275652,5.75409403
5.69084492,-4.02869328,5.97522216
-4.01388371,5.77844191,5.80595708
5.90968053,-4.19049128,5.75668462
5.77380815,-4.04794865,5.68645182
5.79513568,-4.09859228,5.8936606
5.91457991,-3.9482932,5.78930143
5.74878469,-4.22041552,5.98694722
5.79905795,5.93556933,-4.04673525
5.89010585,5.99966822,-4.31921737
5.94421979,-4.28285414,5.95673242
5.83739839,-4.34608955,5.99640591
5.80339308,5.59278996,-3.93512204
5.82575456,5.92485709,-4.01949065
5.6703276,5.99480037,-4.06606588
5.8859647,-4.07215499,5.64398915
5.9447157,-4.15185123,5.65274911
-4.18249573,5.89248643,5.73896352
5.88467914,-4.46090321,5.99869612
5.87816056,-4.32827591,5.88196339
-4.16763203,5.6423937,5.98585065
5.96504413,5.48109439,-4.00724327
5.92498838,-3.89068561,5.4568733
5.83233869,5.8346758,-4.24419099
5.97086293,-4.07584769,5.82920409
5.82660612,-4.19580635,5.89020923
5.95027565,5.81293782,-4.05243722
5.98967182,-3.94375627,5.90506811
5.75094518,5.96123188,-4.1778213
5.76118398,5.88763057,-4.22313563
-3.98765518,5.83806691,5.69112057
5.90051758,5.94655123,-4.39757834
5.88391219,5.94637984,-4.32594373
-3.97673118,5.8797951,5.57819751
-4.15228249,5.95523852,5.98389632
5.99408022,5.79317732,-4.24626884
-3.9951013,5.67142686,5.87219973
5.86066235,-3.92033983,5.96409738
5.80206627,5.89290432,-4.19845969
-4.23300473,5.9297873,5.85688105
5.95034737,5.82819597,-4.35117141
-4.22618988,5.94319403,5.94497325
-4.19134726,5.77146494,5.85589593
5.75668273,5.91936356,-3.87763639
5.62684815,5.77481927,-3.95483283
-4.34234069,5.78729659,5.97318332
5.91062052,-4.35566392,5.87743923
5.88876268,-3.90756818,5.65714535
5.9090931,5.82018785,-3.90589039
5.93995085,-4.00227168,5.59209388
-4.40360097,5.99672688,5.8354175
5.90006436,5.94500813,-3.9982186
5.94944545,5.82234911,-4.24381455
-4.07274423,5.90247023,5.70558152
-4.17220077,5.93588269,5.94870326
5.80622335,5.84355633,-4.11182706
5.98714275,-4.21421567,5.83863588
5.3870314,5.98157102,-3.84328714
-4.35423795,5.98130015,5.85050755
-4.20285186,5.89699867,5.99249751
5.93252453,5.92322989,-4.35531482
5.80375124,5.8865694,-3.90034996
5.97453718,-4.03569193,5.66635498
5.78673194,5.89278329,-4.14519696
-4.06674751,5.90408551,5.99491861
5.80010493,-4.02415849,5.83615587
5.96629926,-4.26658898,5.749283
5.74420267,5.98922106,-4.21247674
5.78320785,-4.22814867,5.91969941
-3.95110107,5.73129494,5.86421816
5.88897766,5.94577039,-4.19521134
5.99491433,-4.07090077,5.8445855
5.86968418,5.94957767,-4.23743884
5.86846292,-4.12564201,5.75635635
5.90967113,5.92384658,-4.35289941
-3.93411052,5.95547471,5.69990946
5.98854459,5.96335168,-4.52381699
5.75144167,-4.28979782,5.96604002
5.9531172,5.83679268,-4.29716938
5.94111046,5.95991206,-4.34450192
5.96109109,5.78242277,-4.11693569
-4.20860637,5.82414258,5.89966909
-3.98880179,5.98128958,5.79295906
5.74916007,5.99779072,-4.19481753
-4.07251241,5.84017244,5.6495235
-4.21445417,5.79218669,5.99510133
-4.08920501,5.59238831,5.94562213
5.75812332,-4.2745852,5.97156987
-3.98171659,5.91821285,5.90436527
5.96595024,5.97507224,-4.22570957
5.95941363,-4.38783924,5.89698832
5.75376303,-4.04848244,5.93746764
5.97949723,-4.21233673,5.83954068
-4.04648202,5.93472118,5.89424682
5.80668646,-4.14458757,5.96280736
5.77588695,-3.99320555,5.69929387
-4.06401821,5.89043135,5.70389108
-4.24542594,5.96747057,5.74621155
5.83529797,-4.09484877,5.68467262
-4.32504424,5.95606637,5.82562681
5.70958003,5.88454679,-4.18029482
