4.71641473,-4.87218178,-5.90973644,4.55007235,-4.93470196,-5.207171
-4.06087569,-4.3912741,4.585455,-5.96235985,-5.15699075,4.95283565
4.3859181,-5.02762734,-5.28586543,5.87601632,-3.44311165,-5.03182693
-3.41872431,-5.98762551,3.64835003,-5.29504101,-4.15628007,3.67996112
-4.75988321,5.48810048,-4.6994418,-3.98967823,3.64893551,-5.96903389
-4.27220245,5.9846457,-4.82490519,-2.82035795,5.4367489,-3.56612379
-4.95512042,-5.52328881,3.30856956,-5.83829705,-5.98373397,5.66207039
5.49235928,-4.57262922,-4.17901268,5.40943584,-4.38017995,-3.25243054
-4.62877568,3.18989562,-3.70413208,-5.67354914,5.24369762,-2.93763748
-3.96140111,5.81489332,-4.81334419,-4.01296827,3.09378437,-5.1641416
-3.03578301,-5.74625978,5.88951873,-3.64165464,-3.80414658,5.98816248
-4.68468645,-5.32991487,5.38364282,-5.82678092,-3.9071191,5.8561028
-5.16004672,4.82262496,-4.0623087,-5.42023671,3.30798805,-5.34323348
4.40872909,-3.01955029,-3.67256374,5.86300392,-5.15588509,-2.59958868
-4.78674484,-3.79810928,3.5955385,-4.84071489,-5.10413337,4.07785002
-4.08582608,5.09238517,-3.00364439,-5.59769886,5.09072925,-4.80277452
-3.41204664,-4.81899973,3.14780563,-5.52033482,-5.09471158,4.69897508
-4.75684339,-4.3933481,5.30248418,-5.6318338,-4.75135587,5.1357946
-3.99987405,-5.25136904,4.6826471,-5.81317292,-3.95527519,4.19484873
4.24776842,-5.74708576,-5.09726266,5.96161803,-5.1554078,-5.29708916
2.42256663,-5.46563859,-3.47039927,4.17770686,-5.24268133,-3.68042948
4.74777937,-5.47041107,-4.39419805,4.23147143,-5.71238157,-5.0529678
-5.77561272,-5.00620482,5.76727554,-5.11326136,-4.74152023,5.64104402
4.95600728,-5.01813682,-4.20798384,2.32671366,-4.93487102,-5.98954875
-4.68576048,5.49198665,-2.95996733,-3.36863274,3.8725906,-5.84083802
-3.31182586,-5.57765591,5.84866705,-3.16182748,-4.17519221,4.12160954
-3.31607606,5.72754594,-4.1455488,-5.18219517,4.29723097,-3.43195134
5.41039569,-5.24206745,-5.23067735,3.99971763,-4.42080338,-5.52464736
-4.30422967,4.37773127,-5.22283691,-3.50055993,4.53002914,-3.49168397
-4.00497758,-2.86344273,5.86026988,-3.4752391,-3.86759884,4.41105173
5.3187701,-4.61217465,-3.96076559,5.89042294,-4.70482261,-3.69155049
-3.42119359,-5.78016944,4.90456584,-3.93888223,-4.97516467,3.15923223
3.28774641,-5.19029908,-4.63770033,5.96064123,-2.73229619,-5.82020055
-5.38601955,4.39107655,-4.9079361,-3.70884121,5.07408166,-5.77922101
-5.92166395,4.42543779,-4.47517325,-4.50667407,3.62586694,-5.53701229
-4.76703382,5.47027567,-5.53014801,-5.22454605,4.61444257,-5.58523262
-5.57756585,4.37970293,-3.22437431,-5.30975602,3.49411909,-5.0524163
2.45031332,-4.25399874,-3.89610742,3.49454729,-2.76971532,-5.65841169
-5.56733024,4.69921345,-5.57904753,-3.15985629,3.88660302,-3.87184644
-2.98551445,-4.6245658,5.61288179,-4.36056262,-5.25528889,5.34083144
-4.27098286,3.7223756,-3.4273047,-2.95863191,5.33573669,-4.86880848
-3.35627011,-4.38948852,4.37495835,-2.51910347,-3.56986774,4.90461272
-3.4899353,-5.05985288,4.38568267,-4.81296619,-5.0805411,3.26074015
3.55410162,-4.27194405,-3.09279488,5.02512492,-5.97280334,-5.20493843
-3.96127753,4.24300533,-3.830794,-4.27608896,5.52661761,-5.3877357
5.5315404,-3.95156807,-5.68599392,4.17119356,-4.79085022,-5.85150769
-3.11042662,-5.52929365,5.48594936,-5.94875063,-4.99194132,4.82807821
-5.18730167,4.56452525,-3.76909222,-4.20448555,3.29348277,-4.15582674
-2.72293639,-5.51767407,2.97782805,-4.99056165,-2.81892915,4.08789557
-4.89367999,-4.92022529,2.77747347,-2.88719375,-4.37093399,4.32624254
4.24918887,-3.09681591,-2.9316496,2.41420998,-4.23940402,-3.11972539
4.81841234,-4.43586059,-5.53349942,5.29790063,-5.57529275,-3.47537882
4.77493052,-5.39020574,-2.79455314,5.33591867,-3.58098745,-5.27486071
-4.01666543,4.40517642,-3.72912057,-4.80073789,5.18994012,-4.81968222
-5.93043964,3.23870834,-5.89738193,-5.52914281,4.50325609,-4.1880606
3.5953876,-5.36657046,-5.11632829,4.68228334,-4.75010473,-4.45449223
2.54566459,-4.87400909,-4.37823493,4.8950509,-5.05386918,-4.74548856
-5.45452643,-3.11447682,3.41467782,-4.33851455,-3.06761775,4.03365248
-5.85195187,5.00742482,-3.83241841,-4.09601504,4.43566454,-3.88201854
-5.30514536,-5.9432197,5.8288184,-5.63459687,-5.58885191,5.81932894
-5.94162475,3.94151641,-3.44434309,-4.42695277,3.13381489,-5.02205456
5.33730147,-5.60323564,-2.77503261,3.25049424,-5.82526308,-3.06333257
-3.29228601,-3.90024043,5.67110969,-4.86496742,-2.97207257,4.79039454
-2.69295376,-3.17626318,4.91321645,-3.93721788,-3.24357151,2.53867172
-3.68956749,-4.91075418,3.88834236,-4.44955166,-4.62121081,4.51112248
-5.45151906,-4.73250458,5.09916283,-5.65641504,-5.20083175,2.39749988
-5.46662068,-3.18106481,3.12876994,-5.87191412,-4.49670063,2.84325855
-5.93565039,5.27665098,-5.68446217,-4.42876661,2.85637239,-5.09793016
5.95762744,-5.70411271,-3.73304639,4.82947811,-5.16554445,-5.39088799
-4.74224029,-3.68628881,4.47596747,-4.11761554,-5.40103425,5.3977609
-4.12820639,5.12606449,-5.41745015,-4.42894961,4.47126252,-4.97690009
5.38685441,-5.26908959,-5.12302662,3.65120923,-5.62374562,-5.79758934
-4.76093696,-4.78608117,5.48475307,-4.55365921,-4.31105199,5.14101562
-5.83283102,-3.55956512,3.53123468,-4.72950737,-4.48072177,5.51719033
-3.56498961,5.91721549,-2.54477566,-4.93301454,5.645792,-5.78937278
2.64435339,-5.13594927,-4.96727654,5.35369708,-3.83837315,-4.7126665
4.66901087,-4.76133762,-5.75011728,4.05024128,-4.80968808,-4.56497579
5.21805591,-5.31006184,-4.41557986,2.45771963,-3.82513953,-4.77764593
-3.58687201,-5.23759832,4.62165512,-4.74514251,-3.65161223,4.64736239
-4.15001083,-5.82914665,3.51580189,-5.59948906,-5.74573991,5.22488796
-3.90035623,3.12154107,-4.60014101,-5.24206809,5.74294508,-4.13637211
-2.90042093,-5.08332042,5.44020969,-4.92548803,-4.18100586,5.34795108
5.44385705,-5.32958357,-5.93241448,4.31169478,-5.93355706,-3.49930956
-4.72666249,-5.14296962,2.89481546,-5.7126518,-4.79632098,4.00463433
-5.68749876,-4.8436307,4.25505146,-4.34858908,-5.29217923,2.6652233
5.20496342,-4.43110517,-4.37241826,5.59049439,-3.57997286,-5.60700379
-3.75162972,-5.29277159,4.057693,-4.06544694,-4.27369861,5.14744577
5.90144537,-3.48762895,-5.20501631,5.70868956,-4.46543156,-4.44139831
-3.3027531,-4.11560636,4.72895071,-5.1798376,-2.93176451,5.9109437
-3.78238604,3.44759473,-5.72904232,-4.03758573,5.80267839,-5.91423484
-5.54076275,-4.78721684,5.81403391,-3.80948801,-4.47414703,4.86522979
4.34348362,-4.81748862,-4.7036406,5.05500806,-5.09433042,-3.19244818
-3.2433793,5.92853375,-4.6555816,-4.48536791,4.81723764,-3.94122241
-5.3760221,-5.14504974,4.38695546,-4.79512614,-5.82987516,3.37982386
-2.95360563,-4.67067545,3.3906297,-4.1085824,-4.83407058,4.03453771
-3.94500343,-5.68981772,3.34595394,-4.61202478,-5.97877116,5.8606576
4.18714368,-5.49254847,-4.20920801,5.94956996,-4.75677133,-4.17543983
-2.34773691,3.96168716,-4.76566004,-2.33122161,5.66728319,-4.23239885
-5.74831455,2.2328873,-5.37121418,-3.70691915,3.96318325,-4.62613604
4.81808019,-5.85714521,-4.23644668,4.69098348,-5.46777176,-4.68585924
4.86164195,-4.44060027,-5.47274872,5.2866279,-5.1077594,-3.68940716
-4.92697435,3.55814618,-3.00098162,-2.57942417,4.37874008,-5.92006839
-4.30427637,-3.47686745,5.34057079,-4.390868,-4.48784028,5.95740148
4.34406965,-3.33506695,-5.68682958,3.75347174,-5.53770576,-4.28145926
-4.74761224,4.31172848,-5.51500661,-3.84499147,5.34539451,-4.23360943
-3.41948978,-3.96128937,5.99472849,-4.74082839,-3.43804194,4.99102886
-3.67791134,-5.34725066,4.65275469,-3.74480275,-3.73371658,3.78298744
-5.79279235,4.00833687,-2.80562698,-4.29958887,5.99416634,-4.30920847
5.58633163,-3.94518886,-3.825005,3.32786631,-5.06836956,-4.55179126
2.77129115,-5.79261709,-4.64171404,3.71766235,-2.8152132,-5.72694014
-3.41668226,5.38447004,-5.17703535,-4.28269194,3.16902778,-5.20950139
3.29447109,-4.25491323,-5.00792645,5.00350247,-3.59088173,-5.74002235
-4.10106137,-3.42390252,4.74679552,-3.256414,-5.63232475,5.33299741
3.83313918,-5.34504289,-5.12360268,5.83939772,-5.73715406,-4.08623339
-4.4045318,5.52040359,-5.98539909,-5.03446135,5.44509586,-3.95037673
-3.81242785,-4.72561887,5.56002638,-5.21372519,-4.14625822,5.62689165
-5.52094876,5.68483144,-3.30583832,-3.31779047,5.49678643,-5.95843603
-5.81402052,5.87332393,-3.60889973,-4.96788034,5.56669057,-4.70526189
-3.68269116,4.41639764,-5.71148713,-5.39185355,4.09099549,-3.48183094
-3.49959301,-5.3551155,3.51133258,-5.69985607,-3.29674928,4.8821063
3.84835384,-5.31348582,-5.95818166,5.51529596,-4.66827491,-4.82165022
4.6899066,-3.97411009,-2.53580785,3.85376982,-3.08667004,-4.7917401
-5.97721502,3.09002646,-5.21650747,-5.96198378,5.7134434,-4.86633988
-5.10295236,5.28173219,-5.77496183,-4.01999324,3.56088269,-4.43201066
-3.61794916,-5.96286397,4.87534797,-3.80403671,-5.09393967,3.21388806
4.49616128,-2.81224486,-4.7318175,3.21419438,-5.353299,-4.15140075
-5.7639748,-5.94202097,3.86447442,-4.4910195,-5.92439419,4.09320366
3.53605878,-4.47023452,-5.74792709,5.63447112,-3.69239638,-4.59000505
-5.71240589,5.08508809,-5.01659725,-3.27027262,5.76837334,-5.07757785
-4.79463731,5.26577017,-4.87499484,-3.90633934,5.28367604,-5.59452155
-3.75636162,-3.95160222,5.06212743,-5.36493663,-4.38777054,5.97833163
4.87952491,-3.5833825,-3.31174827,2.95842376,-4.37014149,-4.69146109
-5.9783393,-3.30612906,4.93228984,-3.77291915,-4.66375282,5.43643087
-5.95138993,-4.55068044,4.30064124,-5.83647674,-5.7420599,2.69736188
-4.78186471,4.07782637,-4.29246938,-5.48406667,4.11309022,-3.25082099
-3.48313774,5.34111996,-4.74959337,-5.0135457,4.01210159,-5.56980308
-4.81955609,4.04741327,-4.16128165,-4.64791669,5.06280125,-5.39942874
-2.90264302,-3.50789977,5.22267935,-5.43852191,-2.48397905,5.87952361
-3.89414758,5.38075761,-5.45481997,-4.56597866,5.82438035,-5.14635119
-4.61393978,3.50425253,-3.57008021,-5.66102334,4.6881327,-4.13922096
-4.41455563,-5.57318526,4.23720171,-3.49611653,-5.16401277,3.80576485
-4.72006055,-3.43788206,5.84787704,-4.18465876,-2.91336285,4.39481002
3.8254568,-4.979513,-3.42420539,5.87499392,-4.57797187,-5.62121709
2.82082075,-2.74046057,-5.74158641,5.79496773,-4.63565328,-4.02472875
-5.24767373,3.31033226,-4.11338048,-5.43331533,2.81455208,-4.58227339
-5.03313237,-5.02877653,3.76564524,-3.39518148,-5.78776989,3.30742748
-5.58138795,4.47317547,-5.99419291,-5.12638226,3.25190001,-2.2959717
-4.62561463,-3.86070198,4.58203784,-3.71836504,-3.30509326,3.07862397
-4.01399376,-4.49388994,5.41028232,-3.49694618,-4.34236499,4.01182989
-4.8790372,-4.43453849,2.83406942,-4.09000592,-5.58974726,2.56607527
-4.21686621,5.47671639,-4.26892532,-4.33757346,3.40687223,-5.36298783
-5.39872949,-3.83382517,2.83836079,-5.85780009,-3.46173846,5.64070296
3.83316868,-3.72967259,-2.38040038,5.5554364,-3.33239484,-5.05895236
-3.65657587,-3.94986425,4.4607436,-5.96110981,-4.78548913,3.85418075
-5.36004349,3.64388215,-3.25474079,-5.66522331,4.67087311,-5.71897917
4.15257851,-2.90760974,-5.92632099,4.75361488,-4.25294098,-4.7348149
-5.3666584,-4.30223233,5.14475514,-4.51755453,-4.74663411,3.83651518
-4.2622709,-4.79326718,2.72098467,-2.56893227,-5.0533633,5.97903357
-4.46908351,3.74908231,-3.55619458,-2.57821026,5.11853047,-4.15504726
-5.14329766,3.53064254,-5.83229932,-5.40923302,4.6828252,-4.57891156
-4.31412085,-5.41106335,4.28528724,-2.683528,-5.33909532,5.52536797
4.70247831,-4.97384283,-3.83270704,3.92033117,-5.51117264,-5.87593432
-3.60979103,-3.51294592,5.58060221,-5.09059435,-4.62973826,5.95464564
4.98905888,-4.73983422,-5.6681322,2.99436044,-3.7905807,-5.24261405
-5.4038233,5.55028931,-4.97351047,-5.11659779,4.50494322,-5.19548923
-4.77455924,4.22580934,-3.38055714,-5.36345103,5.72560839,-3.06938736
-4.57282353,-5.17387125,3.58641038,-5.76522064,-3.01151983,4.57809856
-5.31943529,-3.61398309,4.42338011,-5.79558767,-5.36231061,2.16809977
-2.75553623,-3.92668518,4.27964187,-4.10605915,-3.96230034,2.89731757
4.93300248,-4.73186609,-4.72618452,4.81716865,-5.44664757,-5.70960756
-4.54821138,-4.25071033,5.28222704,-5.06891259,-5.20381271,2.88718255
5.02898343,-4.4382571,-3.90778725,4.51448821,-5.02031526,-2.55990761
-3.86450469,-3.45978556,2.50490874,-3.53261542,-5.59366154,3.08413008
-5.96949007,-2.71430361,4.72486425,-5.83667829,-3.75328122,5.68748509
3.04942881,-3.27570395,-5.42233775,2.16029846,-5.93711913,-5.22116204
-4.48732715,-2.4779395,5.49535062,-3.52380879,-4.89158101,3.63849896
-4.75006983,-2.81452842,5.87706189,-2.54908065,-5.29975913,3.389148
-3.83930692,-5.10290045,5.97731799,-4.33009896,-5.74618094,4.88527446
3.77194561,-3.53937068,-3.81922115,2.93340433,-4.4344441,-4.46078322
-4.02411868,2.93769789,-5.86339597,-4.45225017,2.4890052,-3.20343129
-5.88509445,3.67119044,-3.96147904,-5.17799431,5.18194003,-5.13669349
4.62164928,-4.05820931,-3.57699686,5.10080115,-5.37176313,-3.5803771
-4.64320905,5.72902572,-5.34390825,-3.3404179,2.87892987,-5.66321761
-5.05137612,5.3203829,-4.21836302,-5.18986286,2.89519304,-5.15051408
-4.287065,3.3695077,-4.13729595,-5.68068402,4.50057155,-4.97866892
2.38556527,-3.74183015,-4.6610501,5.22712812,-4.19582997,-5.07359192
-4.91107446,5.11979545,-5.24558458,-5.8497228,4.37060861,-4.84138016
4.78004117,-4.2504263,-2.91655499,2.76459931,-4.65067036,-5.39872045
-4.79187607,-4.35170676,5.63308668,-4.26337411,-5.58837816,3.71764754
-2.84556829,3.92388006,-5.30348299,-5.37762997,3.22687657,-3.65949665
4.97888225,-3.06213318,-4.90176943,3.203084,-4.71339625,-5.77263969
-2.89448076,5.74498929,-4.15788073,-5.15886826,4.01016895,-2.99070758
-4.8918079,4.67167422,-3.51638739,-3.82724104,3.26011053,-5.48930288
-4.45670544,-5.05979011,5.99620322,-5.33560658,-4.50702974,4.59742517
-3.22790286,4.14748889,-4.53207937,-3.32620415,3.65464123,-4.92012937
4.97703773,-5.60720049,-3.3842313,5.07069179,-3.67290328,-4.31731714
3.94761594,-4.87103445,-5.49157495,4.65251769,-5.51198939,-5.7503947
-5.30451005,2.88457487,-4.20898766,-5.86377872,2.79430944,-5.5913112
-5.61179852,-5.75807717,3.96506643,-5.80110929,-5.46676417,2.54759402
5.42360519,-2.37437021,-4.330922,3.24643592,-4.71003565,-3.95709788
-5.58151798,-5.56818598,5.69325575,-5.43369689,-3.79697733,4.99402825
-3.676581,-5.67666065,3.67956987,-4.16317167,-5.12908956,4.0480104
3.27326298,-4.04399697,-2.91331108,5.93340941,-4.73288161,-2.46123981
2.88506101,-5.36223629,-3.82614292,2.18656303,-4.74339278,-4.84284906
-5.28109711,5.97881276,-4.03657152,-5.13994935,4.45089268,-4.52166371
-5.60008981,-3.68582887,4.50320508,-4.80798712,-4.81885664,4.96231456
-4.00788079,-4.58645972,3.4032613,-5.00436169,-2.80038627,3.42930445
-3.54044342,5.33879333,-5.56707829,-5.75203366,5.84312053,-4.83724212
5.93337697,-5.26759361,-5.70962239,5.26800192,-4.21779874,-4.04153577
-3.71257586,4.3872213,-3.40493415,-4.18293189,3.85049374,-3.59567425
4.60468742,-3.00698283,-3.98568389,5.26832937,-4.07078122,-4.93019549
-3.47401849,2.31951601,-4.90226028,-4.28083293,4.05084681,-5.71724604
-2.61409157,-4.25780774,3.52143568,-3.98135245,-5.72796499,4.25771059
-3.85447778,2.11775978,-5.63948597,-5.60287012,5.27713338,-3.84497396
-4.47261032,-5.47459809,3.60126942,-4.90968265,-3.38485561,5.47277161
5.50391371,-5.81644043,-2.66045399,3.1772685,-3.6729639,-3.5326324
-5.03992699,-4.11463203,5.43022812,-5.85197249,-4.94396406,4.09541239
-2.54016508,5.36308111,-5.49679716,-5.36030623,3.94218859,-4.89225012
5.35084245,-5.43637604,-4.44944093,4.39145353,-4.34175212,-3.56501419
-4.56642622,-5.75575602,3.75253946,-5.96704904,-3.4547352,5.29070738
-3.61038124,5.00717754,-5.40507748,-5.70949897,3.87137465,-3.64829586
-5.94228436,-4.17372789,3.77396568,-4.35126148,-4.68648702,2.43429744
5.36213693,-5.89312642,-4.57019585,5.7358161,-4.97868542,-4.93950566
2.39584449,-5.79843916,-5.43149312,3.69476984,-4.76551294,-4.27021773
-4.73579748,5.91160196,-2.89629302,-5.72928192,5.77926497,-3.43749613
-5.8282606,-4.75355985,3.60098863,-5.06368292,-4.6438412,5.89329665
5.72559082,-3.49393634,-3.41460747,5.34217092,-5.71489984,-2.54979008
-3.62718264,-5.05333614,5.32893434,-3.54883524,-4.92945659,5.09544622
4.97470112,-4.68141687,-4.55945822,5.64599182,-4.19525643,-5.58630434
-4.85596072,-4.08719229,5.41475401,-5.56923871,-5.89161545,4.96695616
-3.50995192,-4.208147,5.13063492,-3.27688112,-5.17254786,2.97424121
-4.50213387,-4.54259792,4.37983862,-5.08964163,-4.4655914,3.06768334
-3.73115525,4.41241438,-4.61141614,-5.86443075,2.40895151,-4.14944048
-4.86103426,-5.57814702,5.35166378,-2.59539553,-5.58103426,4.71065475
-5.83496302,3.63407744,-3.1273613,-5.22250199,5.62668468,-5.82867968
4.3481766,-4.45359907,-4.63494738,4.95257673,-4.17190767,-5.62396836
2.63250062,-4.16146747,-4.58202717,5.52353513,-4.47316014,-4.93974274
-5.12468889,-3.83112223,4.90504817,-4.43508786,-4.04905277,4.35231861
-3.31920645,-5.94998157,3.12940555,-4.67188729,-2.52195501,3.50123218
-4.61523622,-5.71947417,3.53468588,-5.5660032,-3.47794382,3.88807745
5.51874106,-3.42241452,-3.2996423,5.88256898,-5.83092268,-2.89560503
-5.35652543,-3.63713061,4.13815749,-5.80298557,-2.72868008,3.56477922
-4.43540424,5.11585508,-4.67157805,-3.65027666,5.46783209,-5.42157878
-5.67152312,4.62851926,-2.74772697,-4.44298743,4.73090079,-5.2922484
-3.20682131,4.96255212,-3.22458957,-2.99231936,3.7000045,-4.94176756
-4.74229328,-5.50173313,5.57992351,-4.50589253,-3.91891209,4.70417744
4.97638574,-3.01121341,-5.73096991,3.41667937,-3.46908312,-5.02825012
4.77144725,-3.34488724,-4.68589404,5.36593946,-5.96485183,-2.8847985
-4.14169401,4.47772954,-5.65273287,-3.3137562,4.65174132,-4.01416338
-4.33779065,5.8656765,-4.30966613,-4.58661063,5.43151927,-3.7454347
-4.41574627,5.46259998,-2.40885811,-4.35520409,4.35310251,-5.05364745
-3.898944,-5.20565307,2.58870377,-3.60364517,-5.84616838,4.77027521
-4.95560374,-3.31951484,5.89820989,-3.29016889,-4.19169619,5.87555453
-4.87650526,4.26998205,-5.46637241,-4.67704401,4.60308964,-4.82961393
-5.93393079,5.79127397,-4.44285666,-5.56024003,5.63585422,-4.94548079
-5.02372826,-3.20282803,5.89023298,-4.20865598,-4.44895041,2.91660179
-4.55903708,-3.99909608,5.37297334,-4.45439535,-5.61208651,4.44808876
-4.3183251,5.32441537,-3.26484978,-2.59983556,5.82368295,-5.29956168
-4.17298964,-2.93896562,4.33049444,-3.12237371,-4.66355323,3.58962304
-4.27594853,5.65878286,-3.89637552,-5.85897227,5.03390717,-3.31801295
-4.98888099,-4.69630497,4.96242943,-4.77747024,-5.77905749,5.51096277
-5.50080937,5.55672373,-3.29159312,-4.64459057,5.14370154,-4.80749532
3.97267205,-4.32740558,-5.65615971,4.49503012,-5.31633716,-5.88449377
5.74347684,-4.48957572,-2.67686058,2.74941539,-3.08472651,-5.69454493
4.97182916,-3.4805888,-3.79491141,3.87883302,-5.83690922,-5.25289294
-4.24418718,-4.13984204,3.82663551,-4.19987612,-3.71714999,4.78265869
-5.95122834,3.30865688,-4.38799586,-4.49967057,4.37241726,-5.38290971
-2.74753077,-2.79602349,4.87542638,-4.43848988,-4.44923199,2.0514274
-3.01593917,4.40921844,-5.93198897,-3.43574005,4.31640948,-5.00913639
-4.04421923,-5.52628899,5.32153254,-4.24669162,-5.29172348,4.53638808
5.49622387,-3.67953504,-5.49766631,2.20199675,-4.88694009,-4.69083206
-5.48016301,-3.16963136,5.440141,-5.9077491,-3.11902354,3.29736075
4.27679097,-4.39472024,-3.07505709,5.36102321,-2.34893715,-5.50711557
5.77861312,-3.28814424,-4.56204363,4.70546535,-2.38788816,-4.86444436
4.07099562,-5.01607961,-3.92798386,2.81025095,-4.12626872,-4.51373623
-2.75795501,4.37189861,-5.49319219,-3.20166283,4.91977467,-2.82194066
5.6547803,-4.92717556,-4.60975239,4.38496877,-5.24386644,-3.65682673
-5.0110831,5.50778402,-3.24695729,-3.53958062,5.03186512,-5.47233655
-4.35854108,-4.27875865,3.73890546,-5.06152408,-5.87196086,4.62481831
2.7102639,-5.49588942,-5.52588539,5.02475574,-5.72236785,-5.11022322
-4.78340926,-5.01029524,3.51983981,-3.01587312,-5.66871743,5.50167303
-5.75160397,-3.36523289,5.26400571,-4.06519468,-5.96312576,4.11262256
4.93953317,-5.04424725,-4.72559505,4.92277884,-4.16898685,-4.17675387
-4.21130483,5.6030135,-2.79976953,-3.10559558,4.97218571,-5.66196546
4.1928271,-2.82640493,-4.45919608,5.99262793,-4.50885215,-2.28000558
4.16678936,-2.85828332,-4.6938691,2.85052904,-5.59630062,-3.12821458
-3.22735047,-5.77368356,3.92200238,-5.60023426,-4.7121314,3.99899608
4.48286624,-3.65361713,-3.32308576,5.01656312,-5.66005009,-5.18324854
-4.03087432,4.61809218,-3.10208672,-5.00835727,3.11241746,-4.81744347
-4.63249981,-3.61774865,4.82728782,-5.52304945,-4.95720789,4.45186575
-3.43196218,-5.65449841,5.34982561,-2.50721976,-4.8400931,3.86328822
-3.53993885,4.86688211,-4.71368297,-5.24793362,2.93466055,-5.46509281
-5.70437272,2.65931236,-4.29449862,-5.15593059,3.46356585,-5.79994876
-4.60461954,3.62233071,-4.90248615,-5.54081105,5.58260338,-3.72964523
-4.43237826,-5.19845296,3.39560598,-5.67299286,-4.66236192,4.84551667
-3.44676278,5.12425018,-5.25860621,-3.68972079,4.06018666,-3.74415483
-4.04274155,2.53467984,-4.52086559,-3.92671806,3.02775287,-4.35785023
-3.64487297,-5.27176465,4.2924769,-5.53042734,-5.91099313,5.91556191
-5.6203444,-5.32169098,2.20305605,-4.1883197,-5.73232248,5.36305307
-5.39872449,4.72316806,-3.58049298,-3.6468026,4.70240588,-5.47671422
-4.56888943,5.49701837,-4.17272096,-3.10415331,5.17589755,-4.26931225
-5.45862533,-4.00312867,5.17054402,-5.21666467,-3.23940889,4.93492165
-4.06884853,-5.72842041,5.49703318,-3.76483091,-3.61924432,3.5497177
3.32583191,-4.50007287,-5.41929764,3.35660344,-4.94978774,-4.76483797
-3.75522427,5.57933675,-5.09247612,-3.79250707,5.64529698,-4.46495296
-5.39100642,-4.97965542,4.61069408,-5.75783523,-2.76497952,4.64679391
-5.05590998,-4.98387467,5.56469276,-4.042549,-2.96033059,5.37810183
-4.08467635,4.34897524,-5.94039408,-5.90409553,4.94885772,-3.99562255
-5.96532786,5.2608533,-3.02851948,-4.64098881,4.28963689,-3.52026672
-5.18528088,-2.49853111,5.66233999,-5.63838699,-4.3291103,4.4011
-3.86976869,2.70150181,-4.89090422,-5.50634518,5.80009501,-4.48857933
-5.36332555,-5.40851705,3.70956166,-5.12126879,-5.79804084,4.86946077
-5.3198724,4.89599999,-5.0868874,-3.70185314,3.36705032,-5.28551118
-5.80101016,-2.62045644,5.47608939,-5.14053848,-3.52732485,5.68475914
-4.89001851,-3.88050795,5.55372889,-4.93890248,-4.96462788,3.80296208
2.13831989,-4.52467287,-4.60380956,5.05185526,-3.32819597,-3.49687864
-5.57743321,-2.99304797,4.65001453,-5.41224175,-5.442935,3.22871957
3.88426987,-3.51252448,-4.90131458,4.6695467,-3.05661586,-3.21986787
-4.94882538,-2.4451465,4.75190042,-5.74271676,-5.56666237,4.41708048
-4.5677781,3.42147981,-3.29467879,-3.90701783,2.67608715,-4.49706195
-4.50105374,3.34994598,-4.70233946,-5.88842167,2.66792504,-4.99550486
-3.26834725,5.5946994,-5.71002668,-5.4773825,2.70812204,-5.18002874
-5.61084054,3.7322606,-3.62740077,-5.01570245,3.99382393,-3.26642268
-5.23721859,-5.08877356,5.29050885,-4.31641533,-4.22611799,4.57080361
4.36294693,-4.27280672,-5.60219854,3.74105457,-3.13537706,-5.32280475
-4.0869172,-4.73862029,3.6107558,-5.79747691,-4.02477225,4.73732687
5.85820445,-3.49521401,-3.21852607,3.47748786,-4.34606346,-3.86120731
3.33480968,-5.76489945,-4.93292136,4.45808627,-5.76643866,-4.52411307
4.50682949,-4.24844165,-4.71512938,4.41191504,-3.21385304,-4.63020804
-4.91578203,3.67751416,-4.22657642,-2.99160762,5.51876656,-5.48094587
-5.85765137,-5.69033064,2.9392525,-4.04293004,-5.86887352,4.67225895
-5.81142656,4.25905159,-3.97157986,-2.86650925,5.45815287,-3.14303934
5.49281352,-5.39534376,-5.6807887,5.04328117,-5.27219062,-2.82294515
-3.87284973,4.65518902,-3.74556003,-5.31416885,4.98148828,-4.81340573
-4.11111926,-4.96943921,3.87127637,-4.98399567,-4.35600093,3.19156871
-5.30902205,-5.24121436,4.55773902,-5.62258507,-5.69432848,3.33743264
-3.23562112,3.55512239,-4.2276983,-4.57764888,2.6069367,-5.803004
-5.85930347,-5.42493115,4.25525146,-4.93055225,-5.60220388,5.59911385
2.46825265,-4.06109527,-4.89147274,3.85131166,-4.52125705,-4.5038534
3.1987636,-5.38565295,-3.84543421,3.13698542,-4.63952046,-3.9523365
3.16445976,-3.83198586,-5.18360189,4.35437885,-4.87593935,-4.58136114
4.47943654,-4.56117227,-3.72169615,5.07887244,-4.42933201,-4.57799272
-5.62566871,-3.94377841,5.86134264,-5.23345109,-5.34233738,2.41167135
-4.60097142,3.74551286,-5.56057068,-5.41521793,5.86917742,-5.93802821
-3.78202439,-5.26837264,4.32477469,-4.8257816,-4.1745956,3.67516778
-3.19896062,2.85702346,-4.38809189,-4.2954454,3.80666831,-4.90874828
-5.59089374,-2.76162964,4.59719039,-3.93440616,-5.24278882,4.24197633
-3.45699814,5.80343385,-4.23614307,-4.66296896,5.83868975,-5.89140054
-3.82529392,-3.01631573,5.29020354,-3.71676203,-2.39667676,5.11617674
-4.16808545,2.34464308,-3.75616168,-3.75206422,5.91845198,-2.8118643
-5.64357989,4.7492306,-4.17516045,-3.78132,4.91556606,-3.44257434
-5.72019846,-5.46464059,2.7844034,-4.16029095,-3.42986543,5.86391342
-5.10580852,5.3309326,-5.64387565,-5.29342844,3.31220222,-4.28945527
4.06150516,-5.26594363,-5.61110375,4.65525455,-2.97012516,-4.02772585
-4.04615269,3.69030462,-4.20168394,-5.12373041,4.39271668,-4.12746323
-4.88035346,-5.6182112,3.75585008,-5.27782172,-4.87174374,4.94560092
3.23961331,-4.6078524,-5.75468396,3.21905971,-5.57426615,-4.00452611
5.63588618,-3.90779988,-4.83482376,5.03201463,-4.88717563,-5.26744904
-5.23501576,-4.16642944,4.48215448,-3.98961174,-3.57592915,5.13344593
-5.83334147,-4.74321636,5.58558142,-5.90174553,-4.57036491,4.04063147
-4.98357526,3.8849618,-4.64577624,-5.7330917,4.54768822,-4.23648885
-3.23062034,5.41851221,-3.91320208,-3.55584564,5.78792636,-3.23350449
3.54321867,-2.43782591,-5.81616707,5.17236139,-5.07454169,-3.65892226
4.72218953,-5.86166386,-3.60752208,4.28124442,-2.98519984,-4.36984529
-3.76087329,3.65608033,-5.14721853,-4.41726764,3.74671225,-5.97002948
-5.65328692,-4.10790942,3.27373703,-4.04789816,-4.7831444,5.47513447
-4.38334498,-5.39830918,4.71061322,-5.34291071,-5.27538851,4.17761507
4.3241345,-4.12883256,-3.80574399,3.55728292,-4.61489463,-4.41494367
-3.67008886,5.06701947,-5.87636362,-3.44404288,4.31526307,-4.77568088
4.14083645,-4.29045792,-2.89499751,3.10195471,-5.08591384,-4.92521206
3.65283497,-5.29020919,-4.05479093,5.28749469,-3.25221139,-5.42025522
-5.75528549,3.46385497,-5.24683854,-5.42269035,3.86779348,-3.21167761
-4.09710227,-4.25700814,4.92839855,-3.96883411,-2.82538007,4.24704379
-4.49896565,-5.51710907,4.15708553,-4.26856726,-3.90518277,3.04941741
4.53064679,-5.26635753,-5.28984975,4.37268258,-5.18560261,-5.67683969
-5.18252691,-5.34608776,4.47686867,-3.49942374,-3.85284633,4.6243204
3.31010729,-5.99695419,-4.0891952,5.43676003,-3.91023707,-3.24721621
-4.25171804,-5.16587577,4.16392553,-5.27488035,-3.30145662,5.689615
-3.08494703,5.84956273,-4.21604689,-3.10058764,5.46134455,-4.53085069
4.08856585,-3.62284215,-4.92220071,4.76978556,-5.12960161,-4.20186454
3.32215391,-4.1958912,-5.62891431,4.45430366,-5.70069765,-3.68832093
-3.21081698,-5.22808794,3.93495456,-3.93003592,-4.85561058,5.17548544
-5.34459157,3.95455833,-3.05048394,-3.53928765,4.38060126,-5.83351117
5.0186435,-4.65949713,-5.02425629,3.90790358,-4.67974854,-4.27429097
-4.7675993,4.06613992,-4.42734365,-5.76575744,4.43564433,-3.91989116
5.77623515,-3.46415725,-4.37068222,2.33292329,-5.41808112,-3.88327205
-3.18849939,-5.73600035,3.01465058,-4.10059634,-4.99979566,4.06294292
5.65191316,-3.95044453,-4.20247695,3.9273402,-5.71507053,-2.9614428
-3.25002909,3.90325248,-4.75285623,-3.35833945,3.4736983,-5.29695662
4.57148167,-3.46638425,-5.0441065,5.49558726,-5.17891084,-3.45268305
5.82327508,-3.34854996,-3.49172751,3.6539378,-3.84529485,-3.01712373
-3.83844017,5.39837846,-3.55989338,-5.994679,2.7896094,-5.92485214
-4.70180395,-4.30220979,3.97228594,-4.87777916,-4.25302963,3.53774267
-4.58972342,-3.05905615,5.0958815,-2.91791921,-5.5639248,4.34083357
-3.52575923,5.81960185,-5.65046376,-5.48723962,3.9527989,-4.91921214
-5.01509998,4.95004438,-5.34297856,-5.99916749,2.9428825,-4.20770875
4.9396905,-4.95824762,-3.17557353,3.65967485,-3.86778262,-3.35608736
3.84816076,-4.8172086,-4.00953729,2.59967683,-3.59045891,-4.2628761
3.75535521,-4.64652616,-5.54986888,4.03247433,-4.77510706,-4.38226944
2.69717932,-5.94662579,-4.61441739,4.75105454,-4.57273525,-4.17150211
4.83945906,-4.90146271,-5.45024055,2.98359314,-4.1396467,-3.82355964
5.10628714,-3.20511139,-4.1031075,5.57762578,-3.824788,-3.5001575
-3.87223446,5.49635846,-4.09966437,-5.01088774,3.34080747,-4.99884647
-3.83660403,4.08730501,-5.40855845,-2.58787211,5.31908792,-5.77707591
3.39142655,-4.15448391,-4.72093441,4.25777717,-5.57723018,-5.76408961
-5.64782655,-3.39667882,4.12469873,-3.27629371,-5.89918313,5.63557747
-4.29630705,-5.05110748,4.89084391,-3.43474282,-5.79522578,5.67345809
-4.05596466,-5.25974692,4.68564216,-5.08420006,-4.76482271,3.80179498
-3.82413393,-4.13977113,5.42468246,-4.36112593,-3.45961796,5.82942635
-2.94599914,-3.24846435,3.17166364,-5.99050082,-3.6253225,3.82137664
-4.59774828,4.5423498,-4.7842558,-4.26856328,2.80714816,-5.92588217
-4.63691947,-5.98995011,5.48084459,-3.66833875,-4.46880101,4.18891851
-4.19588302,4.32013589,-3.96788499,-5.04229466,4.36325544,-5.04873729
4.96112406,-4.80610815,-4.19943175,3.92111277,-4.46889378,-5.21094435
3.74902978,-4.63210008,-4.82866358,3.12727463,-5.24623605,-5.65798503
-5.59090113,4.64082324,-5.20761997,-4.01321791,5.8384572,-5.52323977
-4.13057534,4.64297425,-5.79115843,-4.32922689,3.50961907,-4.91471584
5.72102407,-5.4263093,-3.44035746,3.00385719,-5.55775607,-5.1512796
-5.00323784,5.18864729,-3.52274124,-5.79996365,3.72796577,-5.64652877
-3.33008596,4.81961644,-3.37011377,-5.34675721,2.23436441,-5.8866131
-3.01249414,3.20375903,-4.67205655,-4.33349275,2.94601547,-3.85111372
-4.81863575,-4.69372442,5.19008266,-5.42091977,-4.25235662,5.47945232
-3.67188721,5.94932921,-5.30637378,-5.69146918,4.83393786,-3.36450522
-5.00960671,-5.92240398,4.27931303,-3.032008,-4.10732587,3.69111312
-4.31599901,5.59300314,-4.2332363,-4.49000626,4.16600252,-5.21413355
3.63107593,-4.41277671,-5.27992305,4.85005805,-5.12164942,-3.14037495
4.90195019,-5.97602078,-4.12325674,4.92348275,-4.97276957,-5.88905315
-5.11824117,-4.31733253,4.41493467,-4.21844781,-4.63139365,5.7075725
-4.4032719,2.81772188,-4.29764755,-2.81657735,4.54101303,-5.6314094
-2.81448038,-5.04279318,4.54361225,-2.73396199,-5.15573365,5.65665539
-5.27519208,-5.10888639,4.23866648,-4.46972554,-4.95167943,2.63158977
-4.45830914,-3.42619698,2.98929601,-4.74066669,-4.07102845,4.19904488
-5.36301337,5.56663699,-3.00582735,-3.19246144,5.92382062,-5.38518397
2.64434139,-4.67686989,-3.96711024,5.00411683,-4.52453504,-4.3387866
-5.61936458,5.29687754,-4.15038469,-5.82423061,3.99833312,-5.79167142
-5.77644738,-4.30489136,4.80047628,-3.99968508,-3.73556932,4.49878873
-5.25930583,5.13512788,-4.54722414,-5.11224024,3.54738267,-2.74779191
4.27934167,-5.94021405,-4.0945289,5.53564082,-5.83837184,-4.55516881
-4.93056129,-4.21668404,4.61076846,-2.82055492,-4.89989053,5.77174763
5.63135488,-4.77004072,-3.96455007,5.45236769,-5.76931594,-3.76554367
4.92433741,-5.56810654,-4.81233804,5.69360645,-4.15589743,-4.04951808
5.55539504,-2.88400248,-5.83433592,4.57085358,-4.60313632,-5.60235076
-4.90692262,-5.05423254,3.40437644,-4.08416166,-4.32824682,4.93335375
-3.28470797,4.08965803,-5.30858199,-4.92064236,2.43303004,-4.07190192
4.28051841,-4.13179322,-4.97363555,3.18070743,-3.58950644,-5.68705698
-5.21856224,-3.57727272,3.32284349,-5.09787334,-3.44048133,3.37644209
-4.81046631,-5.00527129,2.81395178,-4.82076745,-5.01828138,4.44322743
-4.33643412,-4.18731486,4.08650958,-4.84379562,-3.96821833,4.10945677
-5.21648446,5.96523624,-2.95371588,-5.65235325,2.89505747,-5.44186444
-5.52912494,-5.55689609,4.58290733,-3.65165402,-4.66365394,5.50762158
-3.3746642,3.12868634,-4.87942414,-4.73967608,5.54826328,-5.41636113
-5.14010941,-4.94243313,4.13019082,-5.51417928,-5.78584323,4.94939178
-4.84840456,-5.24487061,3.37361324,-4.69323224,-3.44239811,5.88939108
4.19852872,-5.70360115,-2.72029405,4.0214543,-2.94643421,-5.38774685
-4.98357961,5.97678941,-5.82705342,-3.37439611,4.60700398,-5.41619105
5.9147949,-3.91446899,-2.94499888,4.16332577,-5.36848812,-2.91135088
3.56226517,-5.35495562,-3.56565139,4.99888182,-4.83848619,-5.66588509
-4.30555935,4.8047548,-4.62185548,-5.00511847,5.64646648,-4.15520106
-3.66018801,-4.35853658,3.01788068,-4.33799982,-5.34375547,5.95300933
-3.46935805,5.72224455,-4.84218488,-4.5595655,5.59773663,-5.90459098
-3.56070535,-5.19948394,4.73466379,-4.78965791,-5.68909138,5.36308115
-5.30600616,-3.84285478,5.30136492,-5.47055724,-4.28752189,4.27814821
3.41247627,-3.59159643,-4.69263892,5.62767579,-3.21777577,-3.415258
-4.80680567,-2.75933311,3.01731712,-4.71240119,-3.60473068,2.88714862
2.5967056,-3.99780755,-4.54452166,3.81369155,-5.86940025,-4.03018951
-4.97217866,-5.76200973,5.4541683,-3.26797268,-4.86628087,3.0198624
-3.47010542,5.56103717,-5.46759881,-5.68470053,3.09813225,-5.66877564
-3.63850892,4.83175522,-2.8049189,-5.61683319,5.90372292,-2.8468302
-5.82322034,5.87791167,-5.17475029,-2.60105849,5.07497222,-5.40019109
-2.92764927,5.3051422,-5.4603869,-4.06778283,2.78876636,-4.39448802
-5.88101845,-3.57895517,3.10267504,-5.92453412,-4.82409575,3.28468476
4.25374103,-5.57936088,-5.14236516,3.27585516,-4.84997355,-5.51677182
5.41948857,-3.9201799,-2.99687435,5.121792,-3.55015593,-4.12450408
3.6689635,-3.54246392,-5.77476501,2.94394414,-5.02308715,-3.99690803
5.67345569,-5.70408809,-5.90269381,3.44880741,-5.62131878,-5.7385393
5.21014658,-3.99100345,-5.2251906,4.94837437,-3.86123206,-5.76396111
-5.60954371,3.78094527,-4.93093762,-5.0342263,4.43675292,-4.68019793
-4.53019093,-5.49359804,4.98132192,-4.09711887,-5.42392368,4.81289137
-4.52832476,-4.51457964,3.39311404,-3.26558852,-3.75214514,5.53985482
-3.17821827,-3.39559611,5.06588551,-4.42330713,-5.84067459,2.33570808
-5.83979502,-3.6604541,5.56254861,-4.19796105,-5.20276528,5.05852947
-5.37156118,-3.27561412,4.37474221,-5.91912744,-5.27043914,2.75219542
-3.43255357,4.28368554,-5.53222406,-5.26550888,5.64424591,-5.47352485
2.98047679,-5.09560138,-5.52019814,3.8013594,-3.82714298,-4.92913934
-5.34705003,3.40851426,-4.24067953,-5.35149969,5.1500843,-3.8687188
-5.78200869,3.43521227,-4.59979635,-4.78793922,3.3587314,-4.76195784
-5.85021934,-3.27464102,4.34567512,-4.84725551,-4.60517206,2.59961829
-3.85925032,-4.78093489,4.5754382,-3.9564154,-5.3035875,5.16321485
-4.1218444,-3.41385008,2.8952992,-4.84061848,-4.28236009,3.78374335
3.84423447,-5.08888386,-3.9491245,4.47302297,-5.94207269,-4.97188439
-3.51550977,-4.17829498,5.80148987,-5.2016671,-3.69846123,3.92642639
5.68488735,-4.70364662,-5.79512497,5.4596336,-3.10733515,-5.417
3.26126126,-3.1276861,-3.878868,3.13749285,-5.57523182,-4.91653077
5.73270826,-3.66382122,-3.77773327,4.94968866,-4.04421283,-5.45789851
-5.46338716,-4.16637084,4.79558966,-3.22571893,-5.42223685,4.26296929
-4.30389712,-4.50521583,2.98930325,-4.45237976,-5.21658016,3.60677412
-5.40235394,4.47826228,-3.05869328,-4.04705946,3.19865453,-3.64567722
4.33596789,-3.97784425,-3.11804456,4.12596955,-4.06659295,-5.58405446
5.33087919,-5.73323411,-3.0230601,5.88557556,-5.79565891,-5.78192429
4.62028811,-4.63410336,-5.82698764,5.66835291,-5.83564972,-3.68247818
-4.20109131,3.79540444,-5.74952891,-3.59920955,4.26740668,-4.31921463
4.85023806,-4.31904638,-2.94153327,2.79224163,-4.95004608,-3.77491966
-5.47810504,-4.91005069,3.43415709,-4.07952761,-4.12481538,5.75905617
3.95385615,-3.7172099,-5.2850617,5.03078106,-4.07809234,-5.7424752
-5.81334596,4.21509886,-4.77021141,-5.98759954,4.49687227,-4.30318207
-3.67468704,4.85097646,-4.87511001,-5.92390685,5.41567588,-5.16921137
3.30918266,-3.84394943,-3.46674772,3.87032918,-5.39615697,-2.89431304
-5.25161168,-5.86500001,2.79022857,-5.30890075,-5.02697627,2.69216122
-4.29858718,-4.53000979,4.0475064,-5.03220179,-2.74610098,3.512172
4.24725215,-4.38785549,-2.92809276,4.91585554,-5.31764833,-3.96033078
-4.86467683,2.85932661,-4.71476614,-5.44590494,5.6964648,-2.57827214
3.35973835,-5.34669795,-5.20277244,4.97273883,-3.48039102,-4.15177019
3.23459203,-5.00150337,-3.94592336,2.70028926,-4.60905515,-4.97467925
-5.8930738,5.01099213,-4.40566279,-4.64360359,4.23406874,-5.80903388
-4.5794449,-5.97192581,5.00222807,-5.10647949,-5.50492342,4.14014974
-5.70404806,4.57757709,-5.22687962,-4.68241361,3.7317571,-5.67251183
4.91115841,-5.87222964,-3.49368791,4.71300234,-3.70008055,-3.78399009
-5.24337446,-4.80286285,4.77182526,-4.45825468,-5.45935871,3.32497247
-3.13943519,-3.51330822,5.61341799,-5.44643771,-4.04728332,5.83011556
-4.524155,-5.01622388,5.94734486,-4.48274239,-4.50673387,5.84246304
-2.88893656,4.75792115,-3.67104836,-2.99388942,2.88123437,-3.78831893
-5.7053273,-5.23138092,2.00895438,-4.81613833,-5.99284611,4.76503501
-5.18185002,-5.27186542,4.10015836,-4.76152313,-4.13977789,3.46512778
5.39192497,-5.82181918,-4.08178116,5.45550488,-5.43246684,-2.74181928
-5.25500007,-4.13845755,3.75997613,-3.50833458,-5.86163222,5.02465862
5.46940573,-4.814419,-2.59404474,3.09267078,-3.71363625,-3.7981127
-3.49248426,5.17018311,-5.20656896,-5.67429226,5.33079265,-3.65844415
-5.00475093,-5.21978324,5.55046894,-4.9014953,-3.88823422,4.66134974
-5.54200875,-2.87787839,3.39940437,-3.4308609,-5.65177404,3.57131573
2.40928728,-5.4537046,-5.0531163,5.65183984,-5.28796546,-5.07409331
-4.53854179,-5.6743389,4.19830821,-4.74939865,-5.07070854,4.60888093
-4.21601778,-3.77817105,2.40049226,-4.70354672,-5.756696,5.40568181
-3.57484155,-3.39507987,4.46710752,-4.98590554,-4.59065339,3.46009158
-4.60117342,5.82588684,-3.88624463,-5.9254897,3.50596331,-3.65812453
3.58241573,-5.24212808,-4.36749604,3.94223248,-4.88672167,-4.97097493
3.69486247,-5.23034833,-3.43443989,2.76809388,-5.96109935,-4.0777082
4.18609039,-2.70965667,-4.98992532,5.52749562,-5.52284543,-4.7527432
-4.30913279,2.84244523,-5.91408405,-3.82648376,3.76077942,-4.4797764
-3.53872576,-4.73072345,3.62231448,-4.35600985,-3.76511117,2.05633187
3.43108889,-5.95138521,-3.42102283,4.55119237,-5.63592882,-5.33460281
-3.95012909,5.3533483,-3.1931823,-4.45883469,5.82844862,-3.91059466
-5.79908686,5.36275826,-4.77284788,-4.47944801,4.22334639,-2.57206981
-5.56718875,2.9321578,-5.72627611,-5.49879707,5.432538,-4.19994507
-5.48511535,5.95975344,-5.27937113,-4.93518786,3.0124388,-4.34133681
-4.33621238,-4.51309701,4.79537496,-4.63622858,-5.17179577,5.22328827
-4.28646781,5.51632563,-3.75698652,-5.45203147,5.45024559,-3.09969153
-4.14950755,4.37266161,-3.96014782,-5.72052285,2.86899003,-2.69407358
-5.0276527,5.7239782,-2.83387998,-5.08921133,5.32765788,-4.74976227
-4.23087851,-5.79422305,5.69851088,-5.92018332,-3.60355322,5.57462927
-4.39799658,4.34936297,-5.62517575,-5.03446882,3.29765437,-5.49605449
-5.83390332,5.73151566,-4.4034633,-3.31942789,4.92911621,-5.75882673
-4.5578915,3.4140202,-5.85485541,-5.30405606,3.86756113,-3.55005406
-4.8928565,5.48627879,-5.30780329,-5.56514224,5.65557377,-2.74976806
3.52536201,-3.60614805,-5.73678014,3.91522769,-5.09826804,-5.54925645
-5.01365231,4.84748595,-4.19132355,-4.49238046,5.58786769,-5.69553049
-3.31593036,-4.57661864,5.09362911,-3.93510028,-5.3888654,5.67159669
3.13153263,-4.51534568,-3.67378002,5.08888091,-5.89464268,-4.74464191
-3.38849327,-3.77522749,5.03774348,-5.9784274,-5.98823934,4.06332687
5.51095111,-3.93136383,-4.82779423,4.71903558,-4.42800642,-4.91463559
-5.08907912,-4.17849561,5.82298153,-3.30019744,-4.94301587,4.76152623
-5.52393297,2.3623662,-4.63416238,-5.91324542,3.28812474,-2.88822337
-5.54133679,-5.09873014,2.25142694,-4.07068252,-4.38308806,5.46130402
-3.83576655,-5.82857183,4.88787583,-5.59016209,-3.76180509,4.84272462
-3.19902855,4.86306527,-3.37217567,-4.76908496,5.95050101,-3.00760088
4.29361495,-5.16303715,-3.02634176,5.48758847,-4.50422395,-5.37539662
-4.92204991,5.16885936,-4.21298275,-3.17035011,5.73622655,-5.96781045
-3.69851732,-5.43962365,3.5823934,-4.62902557,-3.2695595,3.46655064
-4.11926263,3.52320338,-3.17687537,-4.83103407,2.96282678,-5.41942717
-4.97048933,5.83367884,-5.8297562,-3.78265367,5.85751173,-5.46665224
5.32466012,-5.07034178,-5.68463913,4.43413116,-3.25927608,-3.4340352
-5.65267056,2.89210682,-4.29329514,-2.87541337,4.09947667,-4.78776635
3.35998687,-4.62278352,-3.43728069,5.41492535,-3.73897206,-4.41147322
-4.105134,4.32425363,-4.28271242,-5.43341076,4.98276051,-5.51817816
-5.89975887,5.64507119,-2.50240175,-5.49985146,4.94328309,-3.00219003
-5.35512343,-5.25832618,5.40116131,-5.36252566,-4.77399724,4.14364452
-4.44765639,3.43095425,-5.78990901,-3.63747673,4.16977254,-4.43759883
-3.5870052,4.48541667,-4.58417171,-4.75176502,3.58792544,-5.23415583
-4.52392444,-5.2123819,5.63649423,-5.01462152,-3.52055235,5.46635175
-4.62616272,-5.4436464,5.79612185,-3.78490059,-4.09035856,3.69021372
-3.78329788,-5.55583904,2.95035669,-4.83964074,-3.03410737,4.86688894
5.67405711,-5.88356053,-3.10259925,5.76054952,-5.54466294,-3.55990509
4.50526204,-3.05847313,-4.47662095,5.40964554,-3.58880338,-3.60790067
3.48691561,-5.24746316,-5.90690921,4.11033175,-5.93635462,-5.60540537
-5.98448998,-3.99631664,5.17251991,-5.76440648,-2.45011989,3.59833695
-3.33078829,-5.04581932,3.37144413,-5.63786237,-4.34786569,2.58904778
-5.91543106,5.77097652,-4.18431362,-4.18938486,3.54308575,-4.58006543
-5.19979883,-2.81850788,4.93584131,-5.38239676,-4.55895144,4.18602475
-5.27277431,3.79047325,-2.95918703,-3.22688385,3.17111028,-5.12712279
5.07476035,-3.58521254,-4.72875968,3.13004038,-4.73726132,-4.42007163
3.75280085,-5.80604974,-5.11673116,5.31069634,-4.36924954,-4.60797017
-3.97298213,-5.29077912,4.75508032,-5.28944924,-3.38205844,3.87588171
-4.83877354,-4.54137851,3.49774412,-3.03279652,-4.95905633,3.90739008
4.51745562,-4.71891386,-4.35261483,5.948948,-3.80586208,-3.93870845
-5.45953894,-5.58661875,3.62876629,-4.14571198,-5.66394233,3.72321273
-5.74168715,2.0516906,-4.24695122,-3.25260191,3.31982831,-3.70206792
-4.29946291,-4.63115018,5.90449659,-5.43532777,-4.30139344,2.80672327
4.45015239,-4.34650142,-3.93753794,5.53723412,-4.03282878,-3.25575362
4.29861115,-3.81871926,-4.60853549,5.89199282,-5.81570003,-4.82439177
4.53847131,-3.49876932,-4.93397712,3.57675054,-5.80300308,-5.51499984
5.1495868,-3.05169084,-5.91948927,2.82340207,-5.65855689,-4.34623857
-5.8330567,-3.69639856,5.76951381,-4.38353515,-5.98819618,4.45443139
3.63526098,-5.01906313,-5.45012525,5.97135723,-5.6552643,-5.70886581
-3.23428431,-5.70195527,4.79118531,-4.00378707,-3.270943,2.78841513
-5.64832722,4.83605655,-3.64677515,-4.06826873,4.50393528,-5.91613004
-4.64107927,-3.92602727,3.66912778,-5.40857677,-5.31311852,5.59589591
5.82441219,-2.72752652,-5.82580509,4.63924143,-2.94270258,-4.84841304
-3.8450066,-3.82351437,4.61149353,-4.68136985,-4.807134,3.62033005
-3.77080515,-5.17546075,5.42962895,-4.06717771,-5.57146527,5.84738551
-4.73001237,3.59134094,-2.87535099,-2.53550522,5.35440776,-3.55326089
-3.99407154,3.60542312,-4.2036327,-3.71208174,4.59963991,-3.28477315
-5.14633171,-3.12618308,5.94098726,-4.45886883,-5.93751448,5.4052106
-3.26925535,5.94939575,-5.95570572,-3.89366783,3.5722202,-4.21585245
4.80752351,-4.66447,-5.56548128,4.5097633,-3.61389626,-5.21510574
3.51128367,-3.65418126,-4.0273245,5.43341552,-5.10552092,-3.27077151
-2.71484257,5.14487279,-5.69026677,-4.01077057,3.12591808,-5.11334819
-3.76304881,-4.11655576,3.94383707,-4.24922125,-2.98672978,5.3254077
-5.79355255,3.06799497,-5.32839389,-5.49723969,4.22372241,-3.61551526
-2.87851374,4.00610424,-5.49815478,-3.31526866,4.52854479,-4.74751105
5.95271472,-3.77177126,-2.99560054,4.76619527,-2.67682353,-5.02745828
4.02322622,-3.95188454,-5.27848487,4.73991294,-2.69580823,-3.3990125
-4.53277946,-3.11797222,4.57016285,-5.71602203,-4.87123578,2.86600026
5.09749976,-4.74206095,-4.23805796,4.55319937,-3.76044128,-2.88832389
-4.73781887,5.09126015,-2.85047697,-5.7719139,4.65528351,-3.39989441
3.72299044,-5.02208764,-5.05424655,5.32765144,-5.14917648,-3.65088876
-5.7105139,4.30406547,-4.45658974,-5.31373546,4.12203216,-3.45191793
-5.75339979,-3.03933907,4.27811743,-3.3414099,-4.98542751,5.09689574
2.41813234,-5.4435982,-4.82772338,5.09226445,-3.69053289,-3.50862862
-5.63017065,-5.2652024,3.16591925,-3.46489567,-4.90684952,5.19717592
-4.85529893,3.85514629,-5.85323748,-5.85785298,4.46625125,-5.17538646
-5.32118855,5.22385661,-5.68789259,-5.57929926,3.97449463,-3.53279096
-5.41642304,5.09940109,-5.0150529,-5.94228722,2.66814166,-5.79448664
-5.33234432,5.99162667,-2.47766064,-4.68242068,4.17840264,-4.91947547
-5.55816286,-4.7830389,2.68780072,-4.98539878,-5.16637349,2.81012051
5.84255842,-5.3242538,-5.95132002,4.47951157,-5.21850065,-3.9861616
-5.62350917,-4.06066299,5.49396388,-3.85119551,-5.90709973,4.75024374
5.86655622,-5.04962069,-5.01310842,5.81242424,-5.2322785,-5.96784315
-4.20316101,4.13907428,-4.51077621,-3.72185978,4.42751707,-5.89691606
-4.15954761,5.99868904,-3.31993117,-5.7896381,5.23167734,-4.73128518
-5.29896031,-3.02608021,5.7770358,-4.95607999,-3.12594517,4.94009767
-4.51504735,-4.33009005,3.14346857,-3.62548663,-3.11781097,3.39201217
-2.82899961,4.39021297,-5.1628804,-4.9468557,3.7791468,-4.55330007
-5.32800629,3.92769901,-4.37574778,-3.60102728,5.83988404,-4.80651938
-4.21189468,4.9936588,-4.21493718,-4.85833447,3.29223644,-5.57086391
-3.46183491,3.97848782,-4.36991551,-4.18423001,2.37031298,-3.36251716
-3.85820979,5.47247552,-3.78520611,-5.19390736,5.97280008,-5.35851444
-4.72257537,-4.08022701,3.51415155,-4.51089664,-5.22836207,4.68044162
-5.92915188,-4.26313731,4.90178624,-3.28199256,-4.11842075,4.61077712
5.38092216,-3.45994412,-5.77500809,3.65618503,-5.15241154,-3.98786123
-5.50625868,-4.58525588,5.30584738,-4.88383627,-4.23188035,2.6976838
-5.36436028,5.53374628,-5.10104865,-5.80857154,2.67519888,-5.91685078
4.36371672,-5.91041694,-4.54935496,5.51557856,-5.1574962,-4.65498596
-3.87646994,-3.29554502,5.40921198,-4.14795004,-4.3451555,3.99403066
5.6655389,-4.21677827,-3.85789979,3.2726,-3.77463631,-3.66585062
-1.97589785,-5.99804148,5.74267353,-3.4888281,-4.29465873,2.47015723
-3.80832318,5.89386805,-3.12558581,-4.01447452,5.07386479,-4.54923796
-3.97557608,4.41348551,-4.6464361,-4.68033174,5.85847119,-4.72759475
3.6994343,-3.61149039,-3.98313033,5.1012706,-4.25700863,-5.92886113
-5.10212512,4.41818756,-4.50566507,-5.98432462,5.69979163,-5.67940949
-4.11460898,-4.80660008,2.84922488,-5.04880896,-4.6449165,2.84883237
5.13419165,-4.05753148,-3.89594207,3.1038078,-5.62294211,-5.04320726
-4.74071581,-3.34046993,4.08507795,-4.21778023,-5.57674941,2.84837025
-5.59021939,5.47198397,-4.67688825,-5.38949473,5.83262418,-4.43562643
-5.75766386,4.97298515,-3.72179139,-4.24153298,4.11110266,-3.05336548
3.85243715,-4.95750286,-4.15464715,4.3407109,-4.95777159,-2.91611155
-3.47404388,4.51509543,-4.39012018,-4.50971902,2.98108341,-3.06037067
-5.08677785,3.92626535,-3.11141595,-3.91894357,3.03289966,-4.0817134
5.97556454,-5.31906748,-4.80152853,5.62699551,-2.55887486,-5.63864267
-3.43013225,5.5266903,-5.36162696,-2.68341746,5.48562531,-5.25885353
-4.24880879,-5.15730196,2.11920755,-3.20124342,-2.4957029,5.36310645
-5.3351521,-2.27936332,5.40250977,-5.16733867,-4.59320449,2.42253162
4.84971892,-4.98653331,-3.67139091,2.46023301,-4.38745682,-5.00555512
-4.16923704,-3.80322048,5.35186535,-4.31682307,-3.71914467,4.92097858
-3.1874387,5.20236177,-5.22225983,-5.39517962,4.52985708,-4.96200147
-4.95321749,-5.18111551,5.06344292,-4.32685401,-3.09658056,5.10289629
3.5173052,-3.72903921,-5.53312581,4.02737427,-5.69459793,-4.25079494
-4.02392274,-5.77354216,5.69601197,-4.28329853,-4.25371876,3.901037
5.0772958,-4.56762774,-3.78321716,3.5756174,-4.94012119,-5.73427269
-5.32210829,3.93416434,-5.21500369,-4.7780018,4.69374995,-5.73983992
-4.36794909,-4.22276446,5.1515032,-5.68757506,-3.37638574,5.50136382
-5.57910758,4.96659021,-3.22864885,-4.99796899,4.48934912,-4.77824947
-3.94263444,5.39164884,-5.93715974,-3.9454502,5.90676667,-5.10496835
4.83792448,-4.4819036,-4.71738073,5.1767991,-5.21316507,-5.5472067
-3.14340424,-4.43400567,3.60478385,-3.76859469,-4.57159346,2.85749114
-5.98188892,-3.19203053,5.17103962,-2.78821375,-5.47582803,3.4350042
-5.5171022,4.64714607,-5.64996335,-2.98259944,5.28386932,-4.77487436
-5.81763162,-3.13905319,3.30811964,-4.80636555,-4.15691447,5.83030819
-2.87367268,5.21990486,-3.37251203,-4.09474436,4.54851736,-5.44141783
-4.51599697,-5.39061662,3.55846854,-4.25463121,-5.88459401,4.07426485
-4.15492926,-4.98052453,3.6013288,-3.24633918,-3.75612427,2.48528173
-2.9787389,5.66234678,-4.38045505,-3.51549109,3.35796954,-3.67682778
-4.87682075,3.80120017,-5.85845961,-5.5632011,4.22535284,-4.82444061
-3.2025642,4.12892764,-4.86319314,-5.38922705,5.15401555,-3.04100946
-5.22120333,4.66106952,-4.69796226,-4.77611694,3.74434819,-3.91964548
4.79368963,-5.91245372,-3.42012039,3.81817616,-4.97874112,-3.94748013
-5.23898196,-4.78256632,2.89836022,-5.04829555,-3.97735183,3.55460797
-4.41815225,-4.39791248,5.25350472,-5.12819705,-3.75151286,3.70800576
-4.57505376,5.14242353,-5.89241829,-5.42116658,3.79772625,-5.37674814
-3.06274228,5.32586474,-4.00882724,-3.66846923,3.79039898,-3.57954912
-3.39800219,-5.09731831,4.65851142,-5.81326347,-4.37687939,3.42311139
5.02959666,-5.59305608,-5.04830288,5.63714645,-3.63780075,-5.27814049
-3.16801303,3.64218201,-5.59915098,-4.81466186,3.330575,-4.14890848
-3.95761541,3.00455602,-5.09969895,-2.96724886,4.36904682,-4.46640014
-4.66643326,-5.31910936,2.95628689,-5.01323612,-2.65646114,3.78887041
3.90263441,-4.16863486,-5.10372402,2.63952254,-5.4191754,-3.5981873
4.00580368,-4.12423129,-5.62198265,5.22742089,-4.25923806,-3.20199514
-5.04564431,3.30502697,-4.24023761,-3.2726973,4.98112973,-5.92850171
-4.84860668,4.26298919,-4.03635146,-4.66283954,4.57688536,-5.13920272
-4.50313063,3.32425988,-4.04084206,-4.22498143,3.89250805,-5.72095956
-2.90079806,3.4885743,-5.84063612,-5.00186541,3.58444049,-5.12853043
-5.89815285,-5.52107623,4.21149738,-4.48044321,-5.41510674,4.32159658
-4.04289769,4.63417817,-3.99463846,-5.72214551,4.44454957,-4.91904156
-4.31008318,5.14948899,-4.87955971,-3.79784556,5.41555235,-4.2011059
-4.81504316,3.061866,-3.12077092,-3.23859772,2.35279542,-5.98854553
-5.55829606,-5.39432838,3.40880218,-4.37469732,-4.57343461,4.17602115
-4.64863567,-4.55922594,4.52735177,-2.61179586,-4.20506618,4.89413619
3.51726065,-3.836992,-4.96036244,5.22928982,-4.90891756,-3.90937077
5.40476042,-5.48505514,-4.63313619,4.71207995,-4.17470227,-5.63321094
3.44999435,-4.9500031,-4.60938217,2.96757479,-4.47853055,-4.86903435
-3.96196858,-5.42539378,3.28766323,-4.80843962,-4.96766694,5.4979099
-5.11981972,-3.50246092,3.37050755,-5.44866341,-5.80995237,4.89013246
5.75794433,-3.85672231,-5.6280122,3.13863508,-4.07396958,-4.39104033
4.76754996,-3.45766963,-4.81884725,3.35604795,-3.20952283,-3.99001443
4.07359336,-5.33529516,-3.47627912,3.11937426,-5.99777837,-5.29190762
-5.1670773,5.71769754,-3.70657499,-3.56489779,4.9172548,-5.75216328
-3.33623601,5.95003481,-4.6918889,-5.150384,2.47046456,-4.82418712
5.61228317,-5.44460184,-4.70520275,5.84002066,-4.1862927,-4.08831792
-2.68510101,-4.88023014,4.87827141,-5.28274339,-4.49867382,3.62793452
-5.7075589,3.83370074,-3.38291905,-4.61099871,4.66528011,-4.94665153
5.84163306,-3.05200257,-4.4025516,5.31732108,-2.80475576,-5.57726305
3.48318985,-5.71754354,-4.91941579,3.86257906,-4.87891179,-4.91056863
-5.94033165,2.83768151,-5.90777327,-4.47993161,4.54234623,-4.55655858
-4.75909289,4.63807472,-5.02965868,-4.9530758,2.97209898,-4.70023799
-5.97155682,5.18267179,-4.55910185,-5.08689656,3.67888595,-4.12712957
5.08409167,-5.51420347,-5.60173262,3.12340114,-4.71778991,-5.87297261
-4.11742114,4.7112178,-4.93652951,-3.44823146,5.63109385,-5.59788317
-2.67165309,-4.2856681,5.58282843,-3.26906701,-5.63072244,5.95326669
-4.51221431,-3.4723875,3.569834,-4.1713592,-4.19972998,5.48420969
-4.95393903,-4.10517749,4.72251012,-3.88605739,-4.50320278,4.81459561
-5.75561833,4.45693117,-5.0601082,-4.8588778,5.08401021,-3.67567905
-4.22205528,-5.71258835,3.95338467,-3.99703278,-5.40422597,5.81954343
-4.299033,4.61596309,-3.6392782,-4.88610093,2.97500272,-4.81470856
4.31793164,-4.39572129,-3.51005834,5.0105007,-3.7614694,-5.31919957
-5.3489883,-5.45760164,3.63726618,-4.29710334,-4.61531527,5.20899918
2.95189411,-5.69295108,-5.91591329,3.14183937,-4.42532991,-4.96825846
-5.03136812,5.54587355,-4.6093897,-5.48173955,3.38635865,-3.07210561
-4.86636822,-4.31759727,4.30513586,-4.4956131,-3.84994818,2.38588174
-4.34582531,3.73969668,-5.41461428,-5.89756871,3.13504393,-5.97076572
-4.55855014,-3.80680772,5.21862453,-4.45707131,-4.78558044,4.79409791
3.60089833,-3.59302111,-3.44562003,3.90841071,-5.39591977,-3.89203775
2.97570458,-5.19296114,-4.52813412,3.78071704,-3.31440102,-3.45885354
-3.70002322,-4.31695381,4.52193588,-4.75402056,-5.80193659,5.47436912
-4.89653807,-5.05980088,5.73378026,-3.70775891,-5.3676711,5.47253834
-5.02445643,-5.32389529,5.43500989,-4.05737775,-3.68286914,4.09806522
-4.68514509,-3.9914265,3.2159312,-4.51680946,-4.4844519,3.23962433
-4.9279087,5.96775962,-2.70246391,-3.64349963,4.39722358,-4.76519297
-5.78368116,-3.85234292,5.80405536,-3.49317611,-5.26922027,4.2701719
5.37713282,-3.15515369,-5.99953592,3.98861644,-4.2680036,-5.61819315
-4.84676258,-4.85856814,3.58815682,-5.33069722,-3.73505621,4.16147334
-5.67660659,5.66074284,-5.06838461,-4.14103855,4.84735006,-5.96164869
-4.58398346,-4.99862894,5.25414777,-5.54204536,-5.97149434,2.44798452
5.24662355,-4.06213578,-4.89134615,4.61723986,-3.96858651,-4.77038156
4.20174366,-4.65378567,-3.7370506,5.576028,-4.5077242,-2.30089286
-4.10805676,2.34546033,-4.95567847,-4.29879481,2.75173331,-3.26451006
2.96220838,-2.91500535,-4.03306679,2.28472099,-3.92687209,-3.80320536
2.82658055,-4.19126037,-4.94098335,5.90062874,-4.02589104,-3.1281887
4.45222959,-5.85406657,-5.3568491,4.00278202,-4.2647811,-4.66927138
-5.12743372,-4.24513943,3.92038338,-4.00501926,-5.94739737,3.98187349
-5.91847883,2.89013688,-4.79753158,-3.37623552,4.0034262,-3.6657686
-4.17277133,-5.57003715,5.59956502,-5.22974747,-5.39877094,5.75017085
5.08507472,-5.41416815,-3.8675436,4.63562046,-4.17026615,-5.10570471
-2.70453616,4.97189927,-5.03307562,-3.75241534,5.15881435,-5.13604099
-5.3291464,4.26709641,-4.01159336,-4.96668261,4.43178339,-4.80941961
-5.64635186,2.40532614,-4.44251806,-4.4088306,4.49925226,-5.17260395
5.33687597,-3.34276051,-5.13873932,3.11779844,-4.64202675,-5.12917058
-5.74860976,-5.30507869,2.72230693,-3.80530841,-4.86855171,4.60963618
-4.13184206,5.88988202,-4.35482973,-3.939245,3.79765542,-5.8343375
-5.10897637,3.54672676,-4.82033403,-5.7277234,3.41844308,-4.61292396
3.4656652,-3.23920914,-3.37811313,2.7837804,-4.46367469,-3.36768585
-4.55557127,5.56851108,-4.48338428,-5.80131845,3.88765918,-5.44056813
-5.33096841,3.34822912,-5.36661401,-4.55066028,5.73580692,-2.8180543
4.68435534,-5.2505644,-3.38203046,4.0592768,-4.67232229,-3.33015316
-5.89799436,-4.4286244,4.83385046,-3.11015738,-5.01287564,4.3975655
-4.95719061,4.76429151,-5.64980223,-4.85118904,4.9602981,-3.71626788
-5.49571985,-4.72501824,4.48879884,-4.07091418,-5.0789952,4.64834131
-4.55174451,4.62903721,-3.96111562,-5.42461225,3.74834532,-5.60882863
-3.34325008,-3.09509394,5.50113282,-5.13701137,-3.96109179,3.13633587
-5.47815804,-3.85895825,3.75641541,-3.49265243,-5.6648092,3.95882636
-5.51956636,-3.27202465,3.70105897,-4.36267063,-3.43581718,4.36902481
-4.76791466,4.10248018,-3.81285303,-5.59867552,5.03281523,-2.82195916
5.50197354,-3.84321493,-3.38288562,3.76972568,-3.18939105,-5.07940489
-2.64083149,-5.18924573,4.0711048,-5.25373866,-5.3500359,4.19136636
5.93688298,-3.8115271,-5.45466959,5.62726324,-5.58239771,-3.72088213
-5.14022381,-5.65629734,5.67502933,-3.44429822,-4.773408,5.95103769
-4.30770103,3.87654201,-3.12327201,-5.63060804,4.13086943,-4.7612004
4.42067893,-3.02446002,-5.22629603,4.83144143,-4.2758563,-3.01074917
4.99393688,-4.51317061,-4.31632045,4.10097805,-2.86975326,-4.34327556
-4.86717857,-5.26073078,2.51445333,-3.66258495,-5.71134564,5.88405004
2.67943818,-4.67821884,-4.43442214,2.68628323,-5.7239286,-3.9220767
-4.36833409,5.69237554,-4.74929933,-4.66236104,3.21447605,-4.92698563
-3.05164375,-3.27083803,4.96904892,-5.38092821,-2.75639726,5.59840516
3.28179352,-4.02706032,-5.33566375,4.95398091,-4.75192859,-5.45567868
-3.17738236,-4.23558823,3.12760075,-2.82377929,-5.26174311,4.9370624
-3.45752215,4.76802297,-5.53500975,-4.72901737,4.44086104,-5.70600345
-4.72804472,-3.15468089,4.45484357,-4.05718001,-5.77133948,5.80618748
4.16074265,-4.98238554,-3.71714122,5.1059807,-4.49380097,-4.43600655
-5.8681068,3.00426133,-5.34350785,-4.53059371,5.68133535,-3.83402072
3.54094621,-3.58679275,-4.90960439,3.66327067,-5.77665543,-3.79999438
3.41889962,-5.00736967,-5.30062604,5.66150571,-5.18165945,-4.87555897
-4.50296342,4.55472828,-3.74178095,-5.34645537,5.65832582,-4.2547161
-3.22408083,5.20484757,-5.0395917,-5.83413472,4.27329774,-3.73228598
-3.10868047,-4.03470457,5.8982307,-3.04537515,-3.93253838,4.93990963
-3.60039719,5.79881896,-4.45187229,-4.49953252,4.37692361,-3.96159129
3.71936187,-5.16150491,-3.76490137,5.33749213,-3.06754961,-5.44027813
-5.40522497,-4.96323967,5.00117049,-4.85042637,-4.17790335,3.06494019
-3.75174751,4.30411793,-3.82920935,-3.89784588,5.30031914,-5.06203931
3.16785673,-5.84455124,-3.75697671,4.70438985,-5.78985677,-5.97172775
4.243801,-4.73325657,-5.69515008,3.68003012,-3.70962929,-5.46060535
2.92073106,-5.03551987,-5.87391324,5.26080584,-4.78612944,-5.85549844
-3.55651775,-3.62419701,4.18918984,-5.96916003,-3.21147787,3.07688725
5.46249278,-3.45693176,-4.34743259,5.53653117,-3.68250117,-5.65708718
-3.57904849,-3.48717492,5.95758219,-4.20516498,-5.09852114,2.08670426
3.05943616,-5.63457279,-5.929035,4.35124868,-5.00330958,-4.58041319
-4.40712238,3.16120533,-4.63125382,-5.94548471,5.60722761,-5.15980977
4.20710099,-3.32037633,-5.32993684,4.34946768,-5.2018054,-4.42759495
2.27197609,-4.59449019,-4.42407912,5.78258663,-4.39844295,-5.09476454
-3.12920858,4.95987693,-5.31800817,-3.10101989,5.51579106,-4.0119181
-4.16237051,-5.21619162,4.49518994,-4.69937912,-4.8935734,5.64138307
-4.87015721,3.63336405,-4.25300446,-4.35419791,4.70551698,-5.31715557
4.81715412,-3.4081272,-3.5386276,5.57666489,-2.76591675,-5.58072261
-5.42374312,-4.07192645,3.95795975,-5.52975954,-2.62518332,5.47189291
-2.77902432,4.19217943,-4.92680271,-5.87167576,4.47824339,-5.61237112
-4.00982982,-5.71144389,3.22039622,-5.15735817,-2.77508391,3.98863673
5.37397483,-4.47196718,-4.74434976,5.89567863,-4.74874207,-4.8668503
-5.52141806,5.16420655,-5.37604427,-4.50771613,3.78397599,-4.96170225
-5.57074082,-5.27373362,5.11738966,-5.89509082,-5.89222647,5.13624411
3.23101886,-3.21389914,-4.70391753,4.70397255,-4.4026176,-4.00601508
4.02494373,-5.2395403,-4.80947911,3.43681834,-5.87790007,-3.17804266
5.72303784,-5.80699025,-2.91657192,5.68977563,-4.0832261,-4.72760837
-4.82440567,-4.75828485,4.18316716,-4.2638749,-4.00615409,4.62128779
-5.86945738,-4.18194711,4.35252907,-5.34455312,-5.4176683,3.83955629
-4.84560225,3.87983446,-5.19916246,-5.04281311,5.22294821,-5.20417897
-4.97147093,-5.11767436,4.03155118,-4.35951214,-5.4197057,3.58378132
4.4942744,-4.96284885,-4.3344035,5.35818048,-5.64009488,-5.13866647
-5.34949652,-4.4722583,5.45634182,-3.26946043,-5.91029328,5.30079553
-5.93549367,-5.79543483,3.17704601,-4.13115836,-4.11720762,2.89386364
-5.18466993,5.48236028,-5.34185084,-4.87029237,4.80309608,-5.54422863
-3.06287326,-3.78107209,5.17627182,-5.22708862,-5.80464608,3.28085129
5.03835834,-2.9082432,-4.39694044,2.84014529,-3.98480261,-5.41672093
3.41603389,-4.92695102,-5.12416214,4.98536786,-4.88437534,-5.89728809
-2.76490502,4.21354342,-3.78715299,-5.44660591,3.97147835,-3.95127078
-2.83901568,-5.47979491,4.69739515,-3.88744471,-5.57523381,2.53406798
-4.74054267,4.16411403,-4.40415116,-4.16002457,5.52377004,-5.1144379
-4.78951388,-3.18325012,2.77990801,-2.88235681,-4.32607509,2.91869733
-5.47819372,-4.15467019,4.94667397,-5.81520322,-5.65638758,5.78650602
-5.19114851,-4.14304873,4.1470342,-5.49609988,-3.56514097,5.12581279
4.55780611,-5.60017142,-4.42763755,5.72672239,-5.76056138,-4.04287333
-4.54559455,-4.74743734,5.72405825,-3.65698923,-4.6384512,5.41955076
-5.77910054,5.24944927,-3.09602595,-3.68701718,5.35241022,-5.60780541
3.97946656,-5.24490314,-4.67613034,4.28394348,-5.9208041,-4.94928387
-2.54933412,3.28145703,-5.20029391,-4.65701968,3.22847446,-5.44059317
-4.32209116,-5.80338178,5.66378834,-5.08787201,-5.7348499,3.98136083
-3.70659902,5.52949705,-4.96589983,-5.43043678,4.50475973,-5.96436353
-5.94615588,3.00717622,-5.59707474,-4.94446325,5.96908058,-3.30905592
-4.43958865,3.46657959,-5.8904949,-3.59775099,5.76564944,-4.52317277
-3.99015459,3.85287966,-3.70845834,-5.12878681,2.94531212,-3.76205444
3.42750591,-5.17924639,-5.53790218,3.44695688,-4.83649868,-4.15186661
2.97480488,-5.09992832,-4.56123946,5.96483694,-3.1577134,-3.2424489
-4.22740382,-4.2417088,2.82636482,-4.29814321,-4.10265333,4.32173328
4.80502059,-5.13700973,-3.33158415,4.84446561,-5.59118281,-4.67782067
-4.92420163,5.92137884,-4.71306773,-3.97034459,4.99297762,-3.21993339
-3.59642686,-4.85950676,5.48707383,-2.73230439,-5.77242908,2.90257778
-5.94201737,4.53809308,-3.94502361,-3.64702628,4.93485172,-3.64633631
2.53981963,-4.78111961,-5.24325615,5.81631229,-2.68261256,-5.13141916
-4.38006727,-4.5935099,3.48468423,-5.50738525,-3.75912011,4.88873947
-4.71402117,5.61177629,-5.33188436,-4.21918828,4.65502149,-5.57183043
-3.38253364,5.94575628,-5.49665094,-3.7663614,4.90086414,-4.36051826
-4.29530488,-5.7737675,2.55352432,-5.11837777,-4.17495325,4.99782391
-4.69380276,3.50966976,-5.67590948,-3.86065918,3.4909656,-2.97548952
-5.68950637,-4.15861503,3.41042023,-3.69332565,-5.80997765,2.49500833
-5.87145462,-5.69738977,5.81041032,-4.36593084,-3.90928669,4.13965228
4.67655542,-5.48433593,-5.00660296,3.94087038,-5.63629911,-3.62056612
-4.65734061,-4.85801413,5.7901353,-5.16456656,-3.22030347,2.92446615
3.95974708,-3.82465351,-4.31405167,2.89235713,-3.67858425,-5.60430279
-5.15939186,5.98470894,-2.96318899,-3.79502623,4.53412561,-5.92725135
4.38815527,-4.75005128,-4.33026686,5.18333659,-5.43510972,-5.23237507
3.75152384,-4.65943974,-3.98694449,5.10587951,-4.44876701,-4.6166233
5.16678503,-5.35832293,-2.98304004,5.68028694,-4.82643065,-5.58448265
-3.23366808,-4.30685237,3.31836479,-5.98223509,-4.57775452,3.83630472
-4.92334409,-5.78524253,3.01293555,-5.51617273,-4.50496999,5.30590088
-4.1891377,5.44373672,-3.21478857,-3.2047051,5.37730495,-5.12497756
-5.78254495,-3.73014521,2.92575312,-5.84274269,-5.34081461,5.37704371
5.81447303,-5.72954174,-3.96895345,5.07508387,-4.82899466,-3.62466594
-3.49358398,-4.93691624,2.21447101,-4.20733322,-4.04221144,4.23784481
2.9017022,-5.88019064,-5.69025901,5.93585862,-5.47077984,-3.33585938
-4.91150471,4.98224873,-4.01925057,-4.98210115,2.63789981,-5.22082278
5.12517599,-5.23434492,-4.48677546,5.53562019,-2.47603548,-5.37436703
2.56375679,-4.71504962,-5.62979198,3.46271039,-5.95514894,-2.93340633
-2.79940444,2.52208775,-5.37604049,-5.26368804,4.05982749,-4.35407619
-4.79660966,4.01231372,-4.48822148,-4.21763463,3.13695505,-4.88253384
4.94468437,-4.14996642,-2.69394872,4.20860481,-4.71381127,-4.49418267
-2.58042292,5.85155124,-5.3708179,-3.89480443,4.61641677,-5.53029077
-4.79672718,4.2644909,-4.45254023,-3.67467192,4.65469176,-3.36361419
-5.17099946,-3.34281937,3.68875719,-3.4379883,-4.51989494,5.57454797
4.68686182,-4.24532188,-4.59707405,5.36029921,-4.06402372,-3.79314634
-3.17647735,-5.9392952,4.85228057,-5.63323322,-4.19506757,4.04113137
4.3721178,-5.13981309,-5.21947991,5.10732745,-4.88662155,-4.9181935
-5.65581677,-3.1826249,3.50228095,-2.90981574,-4.97287633,5.38450456
-5.93116262,5.72643577,-5.34958865,-5.38964357,4.19852538,-3.3828966
5.47591294,-5.21168125,-4.29896641,3.59829907,-3.44717579,-5.86068886
4.41117054,-4.64899148,-5.57449567,5.47755459,-2.64810475,-5.87640172
-2.82836861,5.5132825,-3.96347688,-4.0048033,2.47052899,-4.79018286
-4.71189745,-3.96733279,4.14628709,-4.04704907,-5.19623124,4.15410279
-4.25369177,-5.62917803,4.65349973,-4.73478625,-4.78727711,4.69129711
5.40878081,-5.69218026,-5.48016902,5.82859333,-3.43408183,-5.17007077
4.81352696,-5.87434428,-3.77074786,5.75643451,-4.97011282,-5.33373206
-5.81920092,-4.86960926,5.56253542,-5.89954225,-4.80773723,5.58885545
4.50492217,-3.2595941,-4.79354586,3.12554201,-3.99440527,-4.87937068
-3.392292,-5.95727665,5.70081429,-2.90020999,-4.0163386,5.28231596
-3.83281134,-5.32413377,5.44046964,-3.25002587,-4.50146738,2.70067405
-3.77545302,-5.14683905,3.11990136,-3.74575101,-5.77548281,5.77510138
-5.67257668,4.88827276,-4.28025048,-5.27574345,5.21921074,-4.75885715
-5.44212398,4.38322282,-5.26112569,-4.44043682,4.43693052,-3.64782955
4.44256012,-5.69085684,-4.32013724,4.50846806,-5.59170795,-4.2857127
-4.65290179,4.05130794,-5.41514459,-4.32433222,2.23919245,-5.37596562
-4.82597692,4.16774995,-5.12065148,-4.94738407,5.18410053,-4.96869379
3.12260214,-4.90631886,-4.04661408,4.36721882,-3.75591073,-4.50505681
4.57283135,-5.37506136,-4.65510406,4.79316076,-3.98795254,-4.84952357
-5.06059435,4.84516396,-5.98133614,-4.33898656,4.72635949,-3.90873284
-4.49557812,5.19696033,-5.90281409,-4.15123601,4.10298194,-5.40309327
4.83641559,-5.49122112,-2.69484266,4.81818491,-3.47077397,-4.78194207
2.899386,-3.31191321,-4.7290662,4.6172605,-2.65946504,-4.50103962
