5.77986835,-4.04001641,5.68811685
-4.22701197,5.87770925,5.87681247
5.62842535,5.87285169,-4.05710086
5.96404728,-4.30157916,5.87731244
5.92544738,5.52868408,-4.02328613
-3.94084506,5.67693579,5.76389149
5.91990261,5.67815272,-4.03531851
5.99268867,5.91186047,-4.43978427
5.86054791,-4.32070441,5.98252228
-4.25693405,5.86747507,5.9662864
-4.21690564,5.90523435,5.90352155
5.68296661,-3.85666317,5.66150797
5.79000228,-3.94593704,5.73112682
-3.9638071,5.45859249,5.93804586
5.80225937,-3.92274627,5.72631953
5.97438248,-4.03675868,5.5187218
5.79541377,-3.92543855,5.7473342
5.90917462,-4.24089157,5.80058316
-4.35890237,5.92475725,5.89009154
5.99315622,5.94493443,-4.04653912
5.96863178,5.48299914,-3.982317
5.65310744,-4.17286097,5.96507865
5.81543665,-4.10037742,5.77669663
-4.03991409,5.81392562,5.70300216
5.87970597,5.97345341,-4.03314112
5.9623796,5.55213898,-3.99868398
-4.02014012,5.58284684,5.89078799
5.59016959,5.65004976,-3.79541379
5.7778946,5.83236223,-4.06132494
-3.99782405,5.7809712,5.69397899
5.9073131,-4.27485517,5.98164867
5.58360841,5.92650386,-3.93945901
-4.06960223,5.70684648,5.85091101
5.97529046,5.96412001,-4.45104203
5.91597885,5.98075259,-3.94248276
5.90994717,5.98099225,-4.42157377
-4.00975716,5.82224845,5.95602409
-4.02291853,5.9159783,5.78369267
5.85923034,5.86691739,-4.2193851
5.71767054,5.88651554,-4.15350906
5.93192641,5.97258325,-4.44061625
5.68401535,5.87540105,-4.08544327
-3.95295269,5.69787665,5.89106606
-4.17615944,5.6539216,5.93422361
-4.30232168,5.93226526,5.84421403
-3.8893711,5.92141705,5.49075134
5.96228691,-4.07692936,5.82077357
5.94950821,-3.9157948,5.72492229
-4.04007349,5.62117693,5.86400995
5.88627738,5.61722462,-3.95124224
5.76055481,-3.99116135,5.68658512
5.86541694,5.99468752,-4.30296146
-4.32289345,5.92400885,5.97912254
-4.30455989,5.83613661,5.89665981
5.86800109,-4.06982234,5.84897616
-4.13944412,5.80918123,5.9270006
5.72913173,-4.11537755,5.83151996
-4.29184527,5.98117108,5.79331313
5.7637913,-4.13589283,5.83970168
5.6582619,5.98380443,-3.95100172
-4.13339162,5.9568689,5.67587703
5.75044931,-4.17756024,5.91924599
5.95054397,5.84768638,-4.32514475
5.93301405,-4.05065083,5.92030025
5.90451421,-4.43125026,5.93856278
-3.99204385,5.77618489,5.99280203
5.96156429,5.81438037,-4.2315661
5.95286792,5.93323007,-4.46571526
5.93151428,5.73835257,-4.18947495
-4.07644461,5.97748284,5.91403716
5.99122653,5.81584883,-4.25304197
5.96931278,-4.48348704,5.95773224
5.78058994,5.97690623,-4.16183799
-4.06101934,5.74227379,5.88528148
-3.82150994,5.62556094,5.85389822
5.97851723,-4.16662003,5.98665587
5.92653098,-4.29521165,5.82786393
-4.00326665,5.98149054,5.79185206
-4.22315766,5.95359562,5.74079411
5.92006841,5.70108258,-4.11344064
5.92962983,5.97555342,-4.45312014
5.91020273,-4.32177152,5.91835173
-4.32205672,5.91534015,5.85683898
-4.0320423,5.74620033,5.96527417
5.91236522,5.78300729,-4.23404005
5.92594516,5.73963438,-4.02699864
-4.01739106,5.74886148,5.87760758
5.99397027,-4.38797595,5.93930144
5.89448465,5.85476213,-4.3272006
-4.20234043,5.95686402,5.69580582
-4.27338619,5.99481702,5.88456944
5.89747702,-4.34870268,5.98286756
5.65053929,5.9921026,-4.19878415
5.8726136,5.85010869,-4.05291348
5.95119013,-4.29310574,5.7528408
5.4766018,5.9373341,-3.97412473
-4.46273948,5.93020797,5.96422386
5.97017059,-4.20431334,5.983223
5.90198896,5.96778357,-4.26716112
5.70113603,5.93687518,-4.08473184
-4.25029003,5.89375716,5.84659082
-4.42198246,5.88313933,5.99907886
5.97660629,-4.45467921,5.94904669
5.74955289,5.72674603,-3.93870438
5.92519897,-4.01388688,5.63664428
5.79318541,-4.28049371,5.91590576
5.80065347,5.7806593,-4.11699799
5.76506865,-4.14639709,5.86499843
5.88661134,5.99370523,-4.26757548
5.83031667,5.97373687,-4.38524624
-4.41359274,5.99649714,5.97475848
5.91113066,5.89838126,-4.08610342
5.59852698,5.9933348,-4.07519333
5.67319179,-3.9123121,5.76967025
-4.17003393,5.98313809,5.92635355
5.97490348,-4.13146499,5.60993212
5.95748281,5.78043392,-4.13438518
5.91757653,-4.1379593,5.89247169
-3.89918821,5.6578231,5.98869477
-4.3446326,5.99413439,5.96651305
5.81138469,-4.16596365,5.88486764
5.98473916,5.99291277,-4.51971132
-4.2736739,5.97449349,5.80853427
5.8868037,5.70731356,-4.03472361
5.89236367,5.65515713,-4.12336919
5.96919504,-4.33595034,5.80900142
5.88638993,5.87136259,-4.30553295
-4.34658282,5.96955326,5.97901794
5.9570085,-4.17094688,5.88274393
5.98991399,-4.18354823,5.86643816
5.94093206,-4.29210389,5.77123044
-3.88314961,5.83833548,5.70482863
5.97246791,-4.14826732,5.93177157
5.8441152,-4.08178096,5.86327789
5.97575596,5.92821302,-4.15279688
5.97394047,5.651149,-4.10383893
5.88110518,5.88168541,-4.20398568
5.99042447,-4.39749787,5.99748705
5.9394638,-4.19751318,5.70662969
5.90236694,5.71771394,-4.08242697
-4.41658748,5.9701003,5.91034983
-4.12490852,5.7302358,5.94309297
5.87558235,-4.03179014,5.71651767
-3.88894479,5.92695922,5.95468277
5.6277496,5.76517285,-3.94314994
5.82770334,-4.32571253,5.98779653
5.87789811,5.87823912,-4.27868034
5.92328989,5.83736778,-3.91925009
5.99142808,5.93054096,-4.03944201
-4.27214144,5.89948138,5.80939284
-4.11586692,5.79921743,5.75191517
5.72008734,5.77773577,-4.0656674
5.72706595,-4.12230382,5.92981565
5.96124699,5.7153156,-4.17617396
5.94603874,-3.99303002,5.55618353
5.83101105,-4.23406582,5.93015707
5.76307553,-4.03213925,5.85156609
5.95785502,-4.50826869,5.98824385
5.89563265,5.58172645,-3.88195702
5.89139616,-4.02328255,5.94549285
5.94423754,5.8955046,-4.15171251
-4.04561457,5.67040818,5.96810084
5.69713797,5.89582358,-4.16884692
-4.42304805,5.9712363,5.99917273
-3.91189463,5.94057409,5.55963158
-4.04027831,5.74259589,5.88992148
-4.44357118,5.94287165,5.98072471
5.95275296,-4.21691693,5.90473477
-4.26609055,5.97267091,5.76470925
5.99957721,5.90718969,-4.25557989
-4.25793684,5.95002515,5.8657209
5.79042119,5.97994553,-4.28972774
5.78373895,-4.24302363,5.90912188
5.88384534,5.84363234,-4.05111179
-4.26214951,5.91515005,5.88064761
5.60510898,5.94438891,-4.12638458
-4.2603734,5.91532167,5.82771459
5.7523819,-4.11842396,5.87235221
5.9664227,5.87188736,-4.40265353
5.63493767,-4.03672626,5.81487765
5.4169572,-3.88375698,5.98874034
5.93026795,-4.3424323,5.91685545
5.98723943,-4.17577697,5.67038798
5.79744297,5.74943667,-4.08327051
5.92682128,-4.29885002,5.78474637
5.99506803,-4.22520045,5.74545572
5.89398201,5.92070548,-4.26123953
5.96340253,-3.97409589,5.87194547
-4.2343614,5.78433254,5.88304047
-3.89468545,5.77696146,5.56261703
-3.99849228,5.95631117,5.81068138
5.56129762,5.97233948,-3.92333082
5.98289321,-4.33391352,5.79182385
-4.44495256,5.99088547,5.92746304
5.8583946,5.97824107,-3.87155233
5.97940967,-4.15156472,5.72619371
5.89880418,5.67852777,-4.0881692
-4.16703045,5.91344846,5.85573154
5.43477306,5.96304518,-3.87667942
5.96330237,-4.04153855,5.81302661
5.93365325,5.87276345,-4.28618975
-3.98366148,5.54676359,5.93114249
5.94250608,5.83670744,-4.28956182
5.72651515,5.97067813,-3.88484028
5.95457237,-4.08817023,5.98493126
5.4616905,5.95649442,-4.00613761
5.58651318,5.87305075,-4.04103481
5.75461446,-4.14619563,5.87271561
5.97633115,5.84169778,-4.19514952
5.81630779,-4.11102095,5.83638376
5.81207105,5.94809168,-4.26838867
5.5781019,5.90970927,-4.0438586
-4.2722955,5.94121554,5.96758546
-4.33046949,5.94968055,5.97974091
5.7180741,5.82908332,-4.11021104
-4.28728574,5.89321494,5.97788913
5.99551699,-4.13242776,5.90050156
5.97495103,5.91459071,-4.40667364
5.80893321,-4.19406635,5.97858713
-4.16156979,5.78534523,5.85962438
-4.26024062,5.91413012,5.94142213
5.95411704,5.82593579,-4.35609893
5.93506781,5.85391396,-4.25872064
-4.44994382,5.99932691,5.86463347
5.74764812,5.94981901,-4.24909748
-3.92668845,5.70457651,5.92549215
5.73827062,5.9537736,-4.15217392
-4.35500417,5.96089335,5.96019598
5.95908084,5.75791357,-4.13115425
5.86333183,5.86368628,-4.10762906
5.81856561,-4.12640566,5.85168189
5.68121759,5.90336744,-4.07173626
5.85026216,5.6248768,-3.95653518
5.94109798,5.73152942,-4.08633117
-4.23649788,5.73158649,5.98542215
5.79966193,5.81314242,-3.97369023
5.60160144,-4.14972755,5.97749333
5.7743732,5.88985395,-4.18895437
-4.10319487,5.86964881,5.65021839
5.93313735,-4.3349154,5.8127668
5.90476958,5.99793145,-4.14775863
5.93627038,5.87998819,-4.2253257
5.94391468,-4.44220144,5.92432408
5.90676198,5.83075936,-4.22249168
5.76184027,5.82602063,-4.09753907
5.90509463,-4.27174182,5.8621991
-3.88122286,5.89293938,5.9104086
5.90744203,-4.00525025,5.87564018
5.98445509,5.76784172,-4.02276302
5.99809565,-4.31440603,5.95500091
5.7989446,5.74840317,-4.0895775
5.90191312,-4.25862015,5.80880225
5.91980634,-4.06097296,5.76327428
-4.07935171,5.85645133,5.67087704
-4.26022976,5.99175533,5.97963784
5.91823725,5.7587801,-3.98686781
-4.40674725,5.97297264,5.8514836
5.97986011,5.88117043,-4.42562071
-4.06987164,5.99060435,5.78600549
-4.08708496,5.97525602,5.56500277
5.88671988,-4.09931143,5.67405362
5.79128094,5.9382731,-4.04915895
5.6010963,5.9781868,-4.07585145
5.74207858,-4.12138029,5.93495764
5.81576953,5.97566461,-4.31324291
5.87494109,5.99608892,-3.84109253
-4.16973543,5.7012501,5.99716375
-4.3245433,5.93694608,5.94132643
-4.18514407,5.79696925,5.94310267
5.97607845,-4.4087792,5.85563919
5.9221125,-4.43639822,5.94294715
5.99313433,-4.25311037,5.9782047
-4.16793494,5.82851142,5.75894415
5.96026542,-4.47133619,5.9489891
-4.15451265,5.94495482,5.94001734
5.90167788,-4.27213998,5.79603821
5.83769033,-4.30049321,5.89562101
5.76479391,5.85101804,-4.04347793
-3.96993273,5.75853313,5.64942173
5.84594217,-4.21893866,5.98047248
-4.21358804,5.92068345,5.97445156
-4.18307406,5.74626614,5.92133931
5.80588906,-4.25117752,5.91590299
5.86115481,5.88334687,-4.24989652
5.95849557,-4.30929359,5.82079688
5.96268789,5.99655679,-4.02645028
5.80743074,5.83255084,-4.05009855
-3.97665766,5.74759088,5.66140376
-4.34069246,5.89044631,5.94272384
-4.10885896,5.9047799,5.97777723
-4.09829064,5.85995021,5.91037456
-4.11034524,5.87828947,5.76947947
-3.92557241,5.59538961,5.93094647
5.98144979,-4.14236232,5.80283954
-4.15435373,5.91080361,5.70246204
-3.90423747,5.77728101,5.65750166
5.92334083,-3.98363816,5.79015864
5.84194804,-4.23363952,5.92791371
5.78056812,-3.94231246,5.88031286
-4.13514124,5.75990195,5.81446832
5.80723234,5.86440584,-4.13605034
5.81842907,5.91619989,-4.30355704
5.75134319,5.96333017,-4.23691746
5.95789301,-3.88176603,5.45813664
5.84103252,5.96991599,-4.3997046
5.79106565,-4.04657135,5.69820156
5.97800197,5.42633009,-3.88584529
5.97940831,5.67871534,-4.14976124
5.79797282,-4.00797966,5.75832855
-4.42483103,5.98931219,5.88417129
5.86611226,-4.28526067,5.83925739
-4.15354574,5.95442231,5.64822872
5.99444416,5.75613221,-4.30436191
5.8291667,-4.06011098,5.88649775
5.94224261,5.90136137,-4.36167969
5.9892844,5.91355934,-4.4882641
-3.98827487,5.99765187,5.74473121
5.89929848,-4.13486316,5.8989697
-4.09795928,5.86453514,5.78511532
-4.32849566,5.89149086,5.92926394
5.72246547,-3.91674743,5.62302197
5.96145608,-3.99145488,5.46785319
5.9085415,5.99875342,-4.20802275
5.87427185,-4.10480208,5.87016261
-4.08666566,5.81783731,5.68286794
5.69361693,-4.0077951,5.85120026
-3.96484148,5.72208319,5.92539909
5.78293169,-4.18515549,5.83556194
-4.49896662,5.95581617,5.98748472
5.97435463,5.71361803,-4.23963263
5.635214,5.9526442,-4.09488329
5.98839535,-4.14850414,5.997579
5.93550823,-4.16407222,5.9989411
5.91442333,5.9080173,-4.40763408
-4.14603721,5.85617113,5.89798768
5.99417087,5.84091506,-4.04491574
5.95697756,5.72528549,-4.02661492
5.72163312,5.81525527,-4.0803532
5.99907545,-3.99623045,5.43012584
5.86840773,-4.17090896,5.76652806
5.85590057,-4.27951978,5.95077677
-4.30662969,5.77597898,5.96065841
5.87744918,5.79552767,-4.16538815
-4.2097466,5.97018975,5.86321258
5.85048887,5.74380911,-3.94550572
5.87441168,-4.22367515,5.85622466
5.90686232,-3.96537846,5.87849295
5.9999025,5.95609838,-4.5436294
-4.26039041,5.75567822,5.98024222
-3.99704547,5.62288559,5.80616411
-4.12807135,5.65917978,5.97222978
5.84493751,5.47927635,-3.87049065
-4.28018834,5.90688479,5.8072859
5.76552829,5.81550187,-4.05245611
-4.14711398,5.94164227,5.62687973
5.78898469,-4.14158823,5.89485953
-4.2988261,5.92835205,5.94767273
5.77776678,-3.90468077,5.82006262
-4.2319085,5.87362862,5.94775459
5.7592842,-4.29766895,5.97479812
-3.97231933,5.97377915,5.50068012
5.89253689,-4.3328669,5.95112611
5.81856897,5.87921091,-4.23126041
5.71187291,-4.15466317,5.97178904
-4.04721395,5.98192225,5.99465805
5.79027369,-4.28434131,5.98406958
5.86587353,5.85051648,-4.26928186
5.86949236,-4.07992837,5.81185824
-4.01444882,5.91208818,5.96015472
5.72975565,5.9709194,-4.07122621
5.97907559,-4.274644,5.7483465
5.95991092,-4.22869958,5.74938741
-4.1223739,5.65236111,5.90532087
-4.22884876,5.87420503,5.80703479
5.98838273,5.84632056,-4.07454558
-4.05859688,5.91862499,5.56004521
5.91109573,5.87306861,-3.99317166
5.93635409,-4.50824849,5.98810624
5.98524622,5.87615614,-4.07382882
5.96121023,-4.23008541,5.7731698
-4.08546615,5.72090197,5.90218277
5.89949323,-4.39777739,5.98323002
5.82659377,-4.04275983,5.9886721
5.92671424,5.92363434,-4.39534072
5.9911736,-4.07925589,5.9004037
5.96861139,5.86563426,-4.18707242
-3.99246976,5.95468562,5.83743532
5.95843399,5.85098487,-3.98733128
-4.40728719,5.92877351,5.90000414
5.7851221,-3.8786309,5.61654591
-4.0017862,5.87981636,5.60395924
5.50031264,5.92561267,-3.90918177
-3.95999806,5.56208977,5.85256461
-3.96493592,5.9005329,5.82369944
5.99190067,5.81970257,-4.09712919
5.7247312,5.99585478,-4.2334713
5.73309185,-4.21761983,5.90520592
-3.90719963,5.68040217,5.66268995
5.93594388,-4.22482867,5.99657424
5.88436202,-3.92855705,5.63065072
-4.15188957,5.98324021,5.73995304
5.86324227,5.79650542,-4.12576521
5.82900263,5.9827661,-4.28130637
5.89651203,5.46408542,-3.87347442
-4.09865764,5.61942879,5.99719073
5.97893211,5.3868166,-3.93211767
5.74053463,-4.16473462,5.93876022
-4.40935802,5.9632895,5.95141608
5.95488359,-4.47519331,5.96245711
5.98143823,5.5256295,-4.02370931
-4.48898264,5.98753501,5.94152437
5.5895428,5.98661126,-4.15094211
5.83426589,-4.12566683,5.82879649
5.95521433,5.93825229,-4.25212721
5.98937527,-4.39001485,5.86321652
5.89974709,5.87612461,-4.13186891
5.93269013,5.70908706,-4.09709138
5.96499888,-4.11627152,5.8849535
5.61444052,-4.12247122,5.92040532
5.95338145,-4.06402269,5.99359893
5.62169502,5.72058083,-3.87059239
5.68947008,5.95069173,-4.22146123
-3.97590657,5.90446776,5.49737134
5.98215012,5.73722827,-3.96552737
-4.1566649,5.78213935,5.93320048
5.84077327,-4.1767211,5.82820144
5.95991585,-4.11984375,5.60321733
5.94382594,-4.1295754,5.67840371
-4.14264087,5.90824106,5.96861794
-4.26438217,5.90650613,5.89528957
5.91361385,-3.98620111,5.55325452
5.90736526,-4.13640409,5.99268813
5.70864934,-4.24768587,5.99064452
-3.99831529,5.79888808,5.96673272
5.92962853,-3.86403161,5.63962163
5.71018418,-4.2494508,5.98633569
5.57697824,-3.95673303,5.8546013
5.82933911,-4.29482482,5.92062626
-4.22742123,5.89429617,5.79605522
-4.03795285,5.68087864,5.96702383
5.85907705,-4.18052329,5.75623441
5.64049214,-4.021582,5.81689599
5.97884003,5.85662117,-4.28877377
5.90040587,5.84948602,-4.29400749
-4.23596534,5.69192221,5.97545921
5.94839799,-4.21837605,5.86906697
5.89229234,5.71019369,-3.99004707
5.99074206,5.94527458,-4.32387605
5.9917222,-4.43072291,5.93021558
-4.04137428,5.86506727,5.96784083
5.82565271,5.96218255,-4.34269599
-4.28681384,5.98253417,5.75773347
5.95777852,-4.11223563,5.98811274
5.9563809,-4.23100859,5.85160963
5.79554531,-4.2134098,5.91637453
5.80025991,5.80550402,-4.04584811
-3.95370548,5.57369477,5.96241971
5.74800159,5.87998705,-4.14867289
5.7521253,5.88906268,-4.00995104
5.94729022,5.99023372,-4.17003616
-4.20216077,5.93926391,5.89830876
5.78804663,-4.33491293,5.98906012
-4.20763258,5.85654372,5.88534951
5.79846515,5.64048639,-4.02674593
-4.04669531,5.77394759,5.96344469
-4.32317205,5.99457221,5.84958062
5.57572169,5.9865144,-4.03269644
5.96999502,5.97565567,-4.35167996
-4.22744698,5.86870676,5.97617274
5.85671343,-4.09460679,5.74265195
-3.95308262,5.9534767,5.66589438
-4.2258,5.98028859,5.84192579
-3.99499479,5.66428617,5.88075413
5.91249379,-4.27065847,5.89704229
-4.13322311,5.76211455,5.8800779
5.90290804,5.66607162,-4.01107672
5.84809947,-4.09262384,5.99828084
5.85390284,5.88934379,-4.21304026
-3.95192646,5.97221395,5.99615824
5.93727659,-4.13658586,5.88380431
5.97131953,-4.31657458,5.82312159
5.96944884,-4.31102568,5.78565447
5.84031266,5.70546415,-4.01681109
5.95101251,5.84112176,-4.18448397
-3.93127792,5.68386934,5.8971363
-4.18824058,5.88114588,5.76126611
5.79679206,5.73068466,-4.0934354
-4.27010799,5.97163922,5.85537685
5.97376771,5.99946022,-4.4752289
5.84229632,5.88356511,-4.05752246
5.89135734,5.71547351,-4.1603404
5.92282955,-4.00128232,5.80020029
5.73057389,-4.07311659,5.86588796
5.96631226,5.81698301,-4.32197035
5.97110639,5.80205892,-4.34397869
5.91140443,5.80496467,-4.11222011
-3.92757402,5.78237653,5.70681681
5.98528486,-4.49535811,5.92229241
5.93309339,5.63614026,-3.90618603
5.50156737,5.82031848,-3.89833386
5.66094711,-4.01743441,5.8360792
5.95868201,5.62111241,-4.08817699
-4.47429412,5.95651058,5.98532312
-4.21930335,5.81080161,5.96855754
5.97228474,-3.95278632,5.8954272
-4.25036457,5.96012713,5.79569095
-4.22768546,5.97653823,5.88284745
5.94982406,5.99372159,-4.23887776
5.52327264,5.77360211,-3.85556046
5.98560039,5.95767115,-4.33410229
5.97041457,-4.07398292,5.6122468
5.83987141,-4.01724792,5.59852044
5.82683292,5.79762895,-4.08829148
-4.15661243,5.65263316,5.99003742
5.93922844,-4.37007786,5.88496628
5.86048004,5.90088377,-4.30723119
5.52664852,5.99300307,-4.10422525
5.94907223,5.90079622,-4.33581207
-4.01632721,5.71192003,5.95438077
-3.91366378,5.98630598,5.69273303
5.65542661,-3.9547415,5.95824874
-4.21349153,5.76201255,5.89604415
5.98261262,5.98314068,-4.1592256
5.72024169,-4.14990583,5.92457088
5.9263104,-4.36624413,5.96811721
5.98320995,-4.33932382,5.88186226
-4.32919438,5.9240329,5.88337862
5.83278026,5.9874734,-4.35237356
-4.09295647,5.80553926,5.95022473
5.89520417,5.99529981,-4.21695749
-4.52194464,5.96108694,5.97532886
-4.05786421,5.82797898,5.97298958
5.98978538,5.55481603,-3.92846632
5.91390629,5.99664621,-4.39020032
5.74058011,-4.11157849,5.86827928
-4.31129815,5.82586279,5.97331833
-4.21499025,5.87622503,5.94158945
5.99617221,-4.00678531,5.728722
-4.36059722,5.98702033,5.95796136
-4.30486353,5.96381404,5.87655785
5.85550163,-3.99861594,5.59084605
-4.19465599,5.85134407,5.78187405
-4.0041233,5.55800817,5.93844844
5.94981988,-4.34437211,5.81306894
5.94103333,-4.1693911,5.98244204
5.71617213,5.86758334,-4.16910366
5.97042855,-4.2686735,5.97761196
5.7276738,-4.19194464,5.99825683
5.85917163,-4.09644625,5.97819191
-4.1909284,5.77967119,5.98506782
-4.21908893,5.75296939,5.906603
-4.23603196,5.6842418,5.9837883
5.70068254,5.9200156,-4.20189372
5.76964025,-4.01502944,5.73096605
-4.16732958,5.84033485,5.77392729
5.93587499,-4.07436688,5.75228397
-4.12669203,5.99180539,5.62498051
5.96403741,5.872376,-4.3988255
5.89607115,-4.00598953,5.54072071
5.97330071,5.71492869,-4.19093855
5.79979877,5.93136501,-4.095903
-4.33558884,5.99835918,5.99838431
-4.24818454,5.81769092,5.94278626
5.98177,5.84997781,-4.24071619
5.69071511,5.84742992,-4.01042908
-4.17069475,5.83814613,5.92676133
-3.96364033,5.93704403,5.49659824
5.81845967,5.94732452,-4.32601073
-4.36971516,5.81785496,5.98124683
-4.05426965,5.64956557,5.95518247
-3.99105411,5.89905827,5.94788422
5.93630266,5.84473506,-4.34921773
5.83253869,-4.20849488,5.8597716
5.79874742,-4.22156689,5.83883756
5.72535056,5.99037786,-4.13936339
5.97643212,-4.22854588,5.99974227
-4.30813363,5.89475402,5.97530633
5.90904419,5.94878272,-4.28909058
5.82550541,-3.9909466,5.84344764
5.97748088,5.8637108,-4.26001857
5.95964909,-4.01509404,5.94574749
5.9707663,5.94685542,-4.34495876
5.86386133,-4.07566996,5.632132
5.88850575,5.64025902,-4.07657072
-3.95430681,5.68159163,5.95873181
-4.23474497,5.99566714,5.71805548
-3.94653859,5.97453661,5.53195493
5.9742818,-4.38949221,5.90844675
-4.07393752,5.60348063,5.93117066
5.85122328,5.99756927,-4.10454356
5.93985883,5.88225425,-4.37000135
5.92024132,-4.12594352,5.79666572
5.81218359,5.8729744,-4.10803314
-4.26521381,5.78858388,5.95096665
5.84260961,5.88223672,-4.21582309
5.9924816,5.73278116,-3.9335187
5.9777207,5.91616898,-4.29059956
5.69222436,5.84739252,-4.03976599
-4.2039296,5.76541376,5.85117446
5.57919097,5.85504623,-4.01920773
5.76154885,-4.02564396,5.97298235
5.96728914,5.87814677,-4.33362238
-4.28698341,5.84712365,5.9003306
5.56996802,5.95092993,-4.0593591
5.80213259,-4.16443694,5.98489352
5.65111055,5.90960456,-3.92932552
5.96923765,-4.20076986,5.7334733
-4.11326191,5.98500901,5.99580966
5.75827118,-3.95116535,5.83549654
5.952431,-4.25875362,5.85628702
5.86637491,5.98865769,-4.22244571
-4.05197881,5.90534221,5.62687141
5.94997977,5.93473965,-4.3550205
-4.03544352,5.98773097,5.89180582
5.92296654,-4.29739223,5.96970826
-4.10858875,5.79024699,5.79585265
5.99858432,5.80717122,-4.23727654
5.97073502,-4.4785064,5.98832735
-4.12730352,5.78272925,5.89317675
-4.13802303,5.89361177,5.88383058
5.99404434,-4.33605688,5.89880324
5.84955919,-4.11073779,5.94502436
5.8770608,5.87374929,-3.95211591
-4.18193904,5.99599325,5.88252566
5.9617165,5.67002382,-4.14315785
5.96890937,5.81071194,-4.25663534
5.65542803,5.73070213,-3.91081981
-3.90542617,5.76249946,5.80308786
5.9657572,5.94640007,-4.42885388
5.28075715,-3.80480377,5.93747735
-4.22140639,5.9936414,5.67463399
-4.29503588,5.92781233,5.91776926
5.61051965,5.93668397,-4.07624046
5.95312174,-4.41350073,5.94247193
5.93767209,-4.05513598,5.69850887
5.66705329,-4.19811838,5.98053049
-3.93107787,5.73181598,5.85497796
-4.15904768,5.79357913,5.80277429
-4.44412629,5.91772965,5.95520352
-4.02396538,5.91151642,5.55191885
-4.42370132,5.91848864,5.94677732
5.9293058,5.91640379,-3.96862222
5.93037246,-3.99078348,5.70220754
5.65348127,5.95259507,-4.12441426
5.76281621,5.7946388,-4.08692142
5.8652759,5.83421008,-4.10027713
5.8581255,-4.09811742,5.78354244
-4.26516633,5.94416291,5.98513368
5.98443506,-4.08135537,5.77901747
-4.08201166,5.90550751,5.65892465
-4.0826396,5.91290776,5.86778193
5.86914912,-4.19607677,5.75134979
5.97896733,-4.19178765,5.78319664
5.97804302,-4.15193904,5.75272145
5.73896573,5.96328676,-4.0501861
5.98000637,5.72325536,-4.28136453
5.94076782,-3.92315605,5.94331921
-4.4283568,5.90168393,5.98554342
-4.15050697,5.89355293,5.90594327
-3.94103095,5.9887225,5.74865245
5.87517084,5.95247228,-4.39320938
-4.24776385,5.98216292,5.88768818
-4.36033213,5.96437951,5.86820901
5.78451529,5.87620566,-3.95018368
5.94824049,5.85109177,-4.31466363
5.93287751,-4.10122592,5.99925917
5.78353982,-4.23950703,5.97163219
-4.08643591,5.75842163,5.8390616
5.54232326,-3.81879194,5.74084007
-4.05661991,5.95282395,5.77435161
5.95838043,-4.21454508,5.94942907
5.8405979,-4.09292504,5.95453507
5.96393091,5.81494956,-4.16550957
-4.21902012,5.78232524,5.96214554
5.98551909,5.71472666,-4.09841701
5.7961893,-4.12549063,5.88045523
5.99843375,5.75408979,-4.29155406
-4.47803701,5.93137901,5.98941859
-4.20879258,5.92906099,5.94632789
5.82987079,-3.93427407,5.87631281
5.91993,-4.35224139,5.89774889
5.98607467,-4.01825264,5.94334738
-4.2542551,5.69202063,5.99179313
-4.08401837,5.74639154,5.94159024
5.87139628,-4.04265173,5.65738909
5.93819671,-4.24931802,5.80381381
5.83893698,5.67897161,-3.93180717
5.93284092,-4.01888946,5.98256653
5.99263159,5.58520164,-4.05008728
5.761099,-4.2844792,5.9427779
5.96039435,5.96940668,-4.49580661
-4.38140562,5.93446663,5.92605055
5.78474403,5.89320018,-4.25550529
5.90835364,5.99202905,-4.43216691
-4.15889234,5.84667081,5.85291832
-4.31944051,5.96970043,5.91552955
-4.29134049,5.87848793,5.96255782
5.74423763,-3.93936097,5.66161949
5.97516006,-4.29098845,5.90966722
5.55070027,-4.01993577,5.99124947
5.97339445,-4.15517951,5.70982162
5.77760422,5.914947,-4.246185
5.75476544,-4.06003242,5.88147584
5.81131658,5.68467915,-3.88893149
5.84842057,-4.03498751,5.80427555
5.50962537,5.85098386,-3.86175876
5.91255236,5.96029278,-4.26675172
5.8527925,5.96573179,-4.27243527
5.85861357,-4.04266827,5.98440665
-4.22589408,5.98648405,5.77241191
5.92151997,-4.34675316,5.87443092
-4.07996492,5.77866393,5.99517187
5.72285624,-3.86315191,5.78287686
5.86551912,5.83291122,-4.28289847
5.92533233,-3.9063472,5.89210176
5.76822013,5.85944538,-4.16791159
-4.30719965,5.99876492,5.96937929
-4.00676534,5.63686568,5.95458597
-4.32932921,5.90602986,5.94042349
-4.40915903,5.83681564,5.98323417
5.9193023,5.99258732,-4.46183533
5.83708828,5.90037478,-4.31421536
5.93195296,-4.22411366,5.94771342
5.92952279,-4.21186212,5.87751645
5.72159635,-4.2191493,5.97564709
5.99605298,5.8912719,-4.19022219
-4.00198747,5.72670103,5.85264755
5.75473013,-3.98731475,5.69035172
-3.93364941,5.85966881,5.6634101
5.72381501,-4.06029924,5.75133879
5.97373192,5.93935192,-4.30525595
5.78401116,-4.09414461,5.98445275
-4.1626537,5.89841405,5.6933186
5.85831514,5.94791386,-4.27568598
5.90066142,-4.32016634,5.95658616
-4.08002662,5.82350425,5.9643924
5.9317956,5.87809763,-4.10836575
5.85960959,5.86905075,-4.26804261
5.50573069,-3.9307558,5.90739197
5.89538008,5.89166406,-4.37371788
5.94381879,5.89691702,-4.32079423
5.78227001,-4.27758436,5.96345277
-4.10715406,5.85626013,5.92260829
5.76438657,5.99273684,-4.27475492
5.72557277,5.97069129,-4.26242533
5.93335205,5.90865499,-4.40275275
-4.03498065,5.9698859,5.78921305
-4.10173819,5.7983737,5.88414159
5.91097847,5.99286977,-4.34821828
5.89186886,-4.20010529,5.99094021
5.95713013,-4.31090909,5.80723902
5.95832771,5.97350481,-4.43678142
5.83621052,5.94746385,-4.36662069
5.97534473,5.84939784,-4.11419584
5.75556859,5.77194466,-4.09585767
5.98694157,-3.91009267,5.54691271
-3.96554988,5.74945107,5.89664428
5.88642133,-4.28452751,5.94857495
5.99611601,-4.26169408,5.6984114
5.85639755,-4.24939561,5.85698426
5.97780877,5.95362429,-3.96168265
5.55156061,5.94911228,-4.08930781
5.96040332,-4.29491469,5.75970941
5.9533738,5.60329361,-4.12828413
5.97072703,-4.13972009,5.72214296
5.93421029,-4.3046745,5.79790567
5.58395925,5.66761118,-3.8087289
-4.47136893,5.94979494,5.94441942
5.93269769,5.97524609,-4.4546407
5.71030716,-4.04037345,5.80363512
-4.04663471,5.78928579,5.91878775
-3.91303793,5.61230105,5.7129436
5.76794757,5.98601475,-3.94644586
5.97265435,-4.2460638,5.80681145
-4.1741326,5.97590768,5.68083078
-4.21002567,5.96336155,5.86851277
5.87053591,-4.34358222,5.93973777
5.97797482,-3.9290637,5.4650176
5.9625456,-3.97298346,5.85961241
5.78057691,5.78999597,-4.0783172
5.95220445,-4.01535344,5.79148629
5.81449316,-4.24433077,5.96278605
-4.20658455,5.94015029,5.69097951
5.79446475,5.95749509,-4.32477267
5.97906887,-4.13187661,5.68302571
5.77211255,-4.19872615,5.87198136
-4.09839178,5.81837679,5.84957786
-4.1986886,5.76839819,5.84782586
5.87371452,-3.95441087,5.8667386
5.98979535,-4.23160196,5.69129815
5.90502307,5.87794901,-4.32220875
5.86041879,-4.15760388,5.72508542
5.89922601,-3.99124288,5.65958255
5.58766968,-3.93912677,5.78481993
-4.31147592,5.9378863,5.92134593
-3.90292905,5.87670376,5.71402737
5.98190757,-4.31887941,5.97682613
-4.21404953,5.87793002,5.95415236
5.84797287,5.93174139,-4.1341147
5.9463837,-4.03684239,5.87767991
5.65332057,5.81561891,-3.9950477
5.91015652,5.9855415,-4.07972945
5.80210726,5.86635996,-3.95392292
5.92583997,-4.14826134,5.95362306
5.91280668,5.66065797,-4.11387558
5.6950701,-3.96826217,5.85387471
-4.29012523,5.7523175,5.98103341
5.86116811,-4.39721714,5.98669819
-4.25674865,5.90482494,5.89989484
-4.00377532,5.67283888,5.85100453
5.9748383,5.92864141,-4.14524203
5.95198895,-4.20502111,5.69549507
-4.28600277,5.85774914,5.97210483
5.88933168,-4.11936906,5.72767238
-4.0853105,5.96774291,5.71300819
5.88254817,5.75824126,-4.18516242
5.96728079,-4.10034584,5.96197564
5.98413383,-3.99182938,5.90432038
-4.11741834,5.79133507,5.76607828
-4.27207577,5.97849129,5.7936834
-4.1813699,5.78434104,5.94098032
-4.07939293,5.78034716,5.93240121
-4.27250655,5.85259813,5.85512651
-4.42976609,5.94738074,5.90334679
-4.14990505,5.8231546,5.88183646
5.99058036,5.96328459,-4.35690239
-4.25443713,5.85987658,5.91928299
5.84584847,-4.21971538,5.9077261
5.92495635,5.99473117,-4.05079603
-3.93696597,5.93419091,5.91143512
-4.33793563,5.80093911,5.95643009
-4.31813467,5.8777342,5.93565051
5.97163118,-4.34022521,5.97672554
5.96842434,5.75253401,-4.19019487
5.90519804,5.76016957,-3.90872092
5.99308077,-4.03716275,5.71689457
5.91937771,-4.46935295,5.99026404
5.90197612,-4.23981376,5.90894716
5.5813382,-4.08936105,5.99587255
-3.99585848,5.77749295,5.70897618
5.95326579,5.9061386,-4.30948834
-4.27876994,5.87912707,5.94840775
5.98923882,-4.29593227,5.84056719
5.94893098,5.82099504,-4.02712636
-4.14151974,5.96495892,5.87952107
5.92989002,-4.323211,5.86722044
5.79234197,5.92191451,-4.30122291
5.81738412,-4.15493141,5.86788718
5.94128762,5.7345831,-4.23816557
5.85759877,-4.12331125,5.84691751
-4.14000619,5.83583553,5.99401682
5.93660645,-4.18729349,5.91603153
5.71055,5.93376443,-4.02003363
5.65174422,-3.94063886,5.90297474
5.83214144,5.84860358,-4.06063849
5.99609394,5.8285609,-4.37569794
5.81193237,-4.35977831,5.97943245
5.91818335,-3.97347171,5.8391214
-3.96971411,5.8090735,5.77558346
-4.13450878,5.94208817,5.6255526
5.9707089,-4.47591806,5.93840579
-4.06620693,5.92003288,5.76743041
5.83448366,-3.83161382,5.76406911
-4.27570501,5.84042631,5.86987273
5.74851315,5.93818687,-4.02316071
5.75306073,5.90739483,-4.16354553
-3.95134732,5.85977986,5.64328412
5.8033659,-4.25119996,5.9615768
-4.46843706,5.97930331,5.90693976
-3.93751281,5.79053246,5.73969103
5.93430086,-4.14120307,5.80401542
-4.24946998,5.95725854,5.79250181
5.69139464,-4.14033022,5.86547412
5.80283229,-4.00218201,5.82735739
5.95298937,5.72370143,-4.23427905
-4.16522449,5.9978782,5.94682501
-4.23789414,5.83396781,5.99312183
5.78129928,5.84738033,-4.07543007
-4.22119459,5.97666079,5.98858735
5.7913924,5.87298801,-4.0035187
5.96889748,-3.8793615,5.75967652
5.96313304,-4.46407087,5.95409394
5.93119814,5.964602,-4.30973972
5.78876242,5.95105457,-3.82588854
5.89873899,5.55253418,-3.84075253
5.89060762,5.98558366,-4.46170886
5.77425173,5.93841032,-4.19583703
-4.29593309,5.84026751,5.97806089
5.73364301,5.99957307,-4.11685459
5.53777268,-4.06604745,5.99201231
-4.25841118,5.87202803,5.829502
5.82605915,5.87205584,-3.9637181
5.795933,-3.89413918,5.51044548
5.87231991,-4.19997165,5.93680402
5.75850236,-3.95003873,5.95049366
5.97455741,5.51055977,-3.90087176
5.98383436,5.7443718,-4.15657288
5.73159981,-4.04495592,5.74981068
5.95006995,-4.28145814,5.79194944
5.91543018,-4.27269729,5.82820665
-4.01888214,5.93339409,5.71575446
5.93264337,-4.07325253,5.67826206
5.96506708,-4.22640582,5.80442834
-4.29004356,5.73905,5.99446893
-4.18851403,5.80754152,5.85727261
5.96233557,-4.44306334,5.89500214
-4.11122444,5.98633715,5.61427417
5.89914683,5.7849343,-4.05894428
-4.17107218,5.87956999,5.86503776
-3.90157795,5.68010465,5.95259602
-3.99709738,5.91221262,5.54061216
5.95584076,-4.45992228,5.96719882
-4.12269248,5.82819502,5.75218819
5.72593184,5.86653752,-4.13881969
5.94355064,5.92217735,-4.32853364
-4.30671229,5.89306724,5.99796293
5.89973967,5.98304873,-4.25517378
5.99515557,5.93743984,-4.24684412
-4.08147179,5.86493596,5.82607885
5.99223413,-4.37456651,5.91457405
5.8125411,5.78753518,-4.15152161
5.86030942,5.79138373,-4.1922426
5.63389684,5.95288138,-4.05629701
5.9271123,-4.18501128,5.94249855
5.53195745,5.95883991,-4.04386808
-3.92930512,5.96025428,5.60536045
5.78810912,5.87067629,-3.98816747
-3.90983231,5.78745264,5.59900252
5.89579079,5.84299383,-4.28297462
5.97690488,5.9588339,-4.05686537
5.75863645,-4.21614115,5.97044421
-4.43173018,5.90021637,5.99447002
5.90197495,-4.20834718,5.91503011
5.67727471,-3.9931019,5.93559125
-4.3803421,5.91987403,5.87478959
5.99323546,-4.01325761,5.77049598
5.97151327,5.88601952,-4.42338724
-3.89066852,5.52736661,5.80280503
5.93007318,5.87888384,-4.16468493
5.97531616,5.99459875,-4.48911787
5.5773015,-4.11885191,5.99523106
5.61642725,5.7442428,-3.91039521
5.84031396,5.95093953,-4.31011852
5.96383481,-4.44157876,5.95019204
5.80494953,5.87906222,-3.97130404
5.9320165,5.89379288,-4.10014509
-3.96913497,5.93358195,5.75620353
-4.20032117,5.93204636,5.9435744
5.62611795,5.99613636,-3.97829059
5.71515941,5.90781011,-4.20650677
5.80498555,-4.28885877,5.99146844
-4.02459613,5.89019715,5.69312206
5.7477447,-4.22741823,5.92036118
5.98385921,-3.87875375,5.30625054
-3.95901443,5.9798305,5.46128113
5.90321755,5.79456764,-4.01264004
5.93409112,-4.23429333,5.88341793
5.65928571,-3.97637546,5.95252634
-4.12551894,5.96998472,5.66745328
5.96594237,5.44034868,-3.84553732
5.91706346,5.88368366,-3.99364938
-3.89828621,5.90907606,5.92024386
5.79180925,-4.01817388,5.74404121
-4.19690575,5.86685399,5.88897019
-4.22008799,5.69729893,5.94262144
5.93088245,-3.96734728,5.76336515
-4.34333459,5.85727688,5.95203558
5.97682522,-4.43413805,5.96665691
-4.12448668,5.90333956,5.98556445
-3.98466167,5.76410978,5.941087
5.98843063,-4.37076343,5.84117985
5.64058296,5.92424672,-4.15330518
5.72642622,5.99650972,-4.00309241
-4.12861665,5.81925526,5.89484143
5.96000861,-4.11352883,5.86054783
-4.34900834,5.92982784,5.83130535
-4.00572774,5.85766276,5.89017233
-4.10348093,5.94524177,5.85628586
-4.11669982,5.97589425,5.87492379
5.88402032,-3.95524087,5.65414662
5.74748808,-4.115612,5.84287748
-4.24828643,5.95010905,5.94812039
5.93837479,-4.41435399,5.95705076
5.97796148,5.93588938,-4.0755119
5.55943804,5.95601747,-4.07577884
-4.37464194,5.87289587,5.99590799
-4.3363585,5.9863117,5.77468254
5.90938057,5.99463222,-4.42826919
-4.07110442,5.66647982,5.90397375
-4.45375876,5.94710414,5.95311597
5.90151417,5.90649325,-4.0767231
5.98557794,-4.20037364,5.65200053
5.95194093,-4.43647905,5.91281237
-4.03983568,5.74853498,5.97487006
5.51949795,-3.8905496,5.8057138
-4.18164972,5.97833825,5.9106089
-4.195333,5.91156972,5.89004776
5.83513067,-4.15994878,5.75354937
-4.09926636,5.66772545,5.92364624
5.9016562,-4.29047332,5.80052616
5.46015744,5.97609146,-4.00110427
5.78078538,-3.90664555,5.74079412
-4.19262377,5.87684695,5.81966607
5.95603894,5.96593053,-3.84608539
5.65865082,5.88538474,-4.00308957
5.86725075,-4.30149793,5.87957395
5.63074314,5.99186027,-4.076545
5.80771766,-4.25271655,5.93866274
5.98785369,5.61296301,-4.05068174
-4.19459833,5.89435105,5.79371621
-4.17366681,5.74863699,5.94524302
5.8524935,-4.14672573,5.73913018
5.98753422,-4.12502859,5.88532058
-4.23513325,5.95551747,5.98259277
5.74983811,-4.03034098,5.83961608
-4.10411578,5.78078198,5.94030446
5.99599946,5.71021083,-4.17383745
5.84248338,-4.11183906,5.76273782
5.66690922,5.98574431,-4.04666152
5.99940926,-4.12972642,5.75481996
5.73086275,-3.96089047,5.82583479
-4.09964264,5.74992181,5.77969395
5.92397196,-4.11236965,5.89655307
-3.88940943,5.76280508,5.59617382
5.91946619,-4.07820692,5.89942624
5.62958971,5.79611424,-3.99041746
5.81237414,5.94110726,-4.31477856
-4.1673768,5.87393914,5.99271886
-4.3866923,5.97761827,5.94463593
5.97096004,5.75876104,-4.23408638
5.8975879,5.98467685,-4.4211885
5.81931797,5.92931851,-4.22684522
-3.99872828,5.60035281,5.86217019
-3.96819328,5.98447225,5.74814635
5.69497976,5.94737646,-4.05456188
5.75133967,-3.98327144,5.6489843
5.95876077,5.90453381,-3.99397342
-4.27127815,5.85165537,5.85952859
-4.1864257,5.96401103,5.95323387
5.72962384,-4.0159632,5.96161935
5.81256204,-3.96154396,5.86979104
5.80001547,5.79615766,-4.14705641
5.82439914,-4.01983326,5.76758995
-4.27894915,5.93045658,5.89703804
5.99143066,5.70332354,-4.2752739
-4.05917369,5.83380321,5.75440966
5.85677631,-4.23913116,5.94923964
5.86853301,5.99235514,-4.10424527
-4.34868794,5.9833346,5.9030613
-4.09820365,5.97406611,5.99535754
5.96001438,5.6756368,-4.18717027
5.85059823,-4.35744542,5.99264937
-4.16973686,5.92107691,5.80823046
5.80027411,-4.36064191,5.98385522
5.70955175,5.83528949,-4.00767458
5.78945623,5.91192739,-3.94844929
5.91206046,-4.40805299,5.92234935
5.97516298,-4.31281754,5.792209
5.78111233,-4.2123905,5.86558295
5.96508281,5.77400055,-3.9217131
-4.12250125,5.99352454,5.89073428
-3.92306404,5.81367207,5.80393792
5.8498458,-4.06835769,5.77254498
5.89940022,-4.2642772,5.85057085
5.74315318,5.87520224,-4.08690158
5.87146687,-4.37390973,5.99677412
5.70430278,-4.01627315,5.79415836
-4.34936212,5.80427154,5.97903695
-4.19660444,5.97409995,5.78311237
5.85343023,5.95556019,-4.20894475
5.90616355,-3.91155391,5.46165916
5.77781415,-4.08707779,5.78104723
5.87175871,-4.28419974,5.91707414
5.85925437,5.88173437,-4.04802201
5.9933896,-4.32028164,5.9698073
5.94950781,5.89819558,-4.13863126
5.82605214,-4.16055796,5.88983494
5.65780351,-4.04992091,5.96111359
-4.18704311,5.94746505,5.67008766
-4.4307482,5.9404348,5.95356581
5.62939578,5.76285201,-3.86374564
5.78958288,5.94178739,-4.0380951
5.97820465,5.99979507,-4.53912624
5.93826576,-4.18575582,5.75199171
-4.03011195,5.94057905,5.61425385
-4.10154508,5.9373329,5.79488056
-4.37489814,5.99157241,5.81378248
-4.13813506,5.86129424,5.85519557
5.89461024,-4.13908769,5.93974143
5.98284107,5.69177147,-4.06072667
5.95517752,5.95822179,-4.40666269
5.77196285,5.94134582,-4.21221701
5.87353272,-4.12990283,5.77289269
5.7984498,5.97917158,-4.25628136
5.95417964,-4.13343621,5.88851073
5.8531775,-4.07102918,5.70126243
5.84578442,-4.16307452,5.84027749
5.75820638,5.78022463,-4.11885475
-4.15944331,5.99887924,5.81227628
5.97279034,-4.2205437,5.91827775
-3.98056628,5.87732235,5.66400706
5.62341079,-4.04667462,5.88157157
-4.0215873,5.98991614,5.83043515
5.95209616,-4.32338258,5.91363275
-4.36677244,5.89689598,5.99952305
-3.96166955,5.58268424,5.91164684
-4.23571963,5.95082118,5.75836406
5.96700782,-4.342205,5.89263467
5.81775076,5.90231083,-4.28981727
5.97385425,5.57930955,-3.93859713
5.91896215,-4.19127016,5.98127996
5.90273892,5.85999684,-4.20483223
5.96155536,5.89811011,-4.06984147
5.96755372,-4.27055067,5.79162146
5.95530262,5.74259069,-4.22792235
-4.40498627,5.99514297,5.96528968
5.92529357,-4.13400578,5.74756211
5.89094328,-4.37234346,5.97337536
5.98255231,-4.50200812,5.952015
-4.08185326,5.86615266,5.84137636
5.95745474,-4.13899812,5.7504346
5.94253987,-4.22794147,5.75520363
-4.00347289,5.74310369,5.91165256
-4.04887459,5.84929238,5.87388321
-4.06752515,5.84820188,5.75375913
-4.0391639,5.91321167,5.67246268
5.94782423,5.53878739,-4.02412236
-3.85191949,5.93328018,5.80387447
5.72431658,5.95496755,-4.07211079
5.84365003,-4.22057946,5.81124197
5.97595556,-4.29087033,5.93387502
5.76661988,5.96068542,-4.09552812
5.90707562,5.89327169,-4.35486371
-4.04404582,5.96986022,5.90577039
-4.11205984,5.739023,5.87307411
5.82817634,5.89094203,-4.22134225
5.81027533,5.83156617,-4.00153513
5.76466776,5.89978644,-4.17794819
5.85675843,5.9662539,-4.38256525
5.92665698,5.76887333,-4.19664116
5.97623811,5.99026014,-4.09497458
5.61414689,-4.11605287,5.92081197
5.96660431,-4.16143304,5.62957412
5.81166686,5.96010709,-4.16820286
-4.34950701,5.99348371,5.89807134
5.85728028,5.85413302,-4.2627344
5.86083649,5.71113681,-4.11971302
5.63645512,-4.02017561,5.96741413
5.59476923,5.91565831,-3.97151731
-4.44452408,5.9057182,5.98018219
5.84767629,5.99656509,-4.20983026
5.93848386,-4.17790907,5.75933586
-4.21885745,5.89241326,5.80868553
-4.03246905,5.90514773,5.99178509
5.85398565,5.71134447,-4.01894942
5.81156151,-4.10784012,5.8777782
5.97032491,-4.07724869,5.55485765
-4.14355257,5.85173714,5.85134109
5.7599418,5.92840512,-4.04078557
