1.59860087,0.56428818,-1.40413891,-5.53972101,-5.61224139,3.6116607
1.99795132,-0.77624622,-3.04964382,-5.5548696,3.80358272,-5.95616888
-0.57837433,0.4257766,-1.29957926,-5.5640948,-5.97219521,4.92913081
-2.19572901,-0.88880725,1.71894234,-3.66056359,5.45575281,-4.29697846
-1.44222525,2.50594076,0.35097241,-3.79208912,-5.42341358,4.64468268
-2.63584886,-4.68839513,1.10498134,5.69186682,-2.8231592,-5.54769515
1.11744311,-1.66066322,-5.63224774,-5.15261812,4.29212225,-5.60245777
-4.15862242,-0.97151399,1.60581885,-4.91118509,5.32086641,-5.0038182
1.58436738,-0.10184757,1.01357035,5.94463231,-5.95926157,-5.80738065
0.77197181,-4.56574936,-2.36018373,-5.11332519,-3.94893506,4.85759763
5.85030938,-0.04401721,2.21918611,3.38145305,-5.99758612,-5.48207058
1.9752685,0.66013318,5.85172642,-5.81997049,-5.35152509,5.40208889
-1.60976711,2.47237011,0.46268659,-5.39476601,-5.46673121,4.51874789
3.82123544,0.23815556,2.88615328,5.75648131,-4.95190002,-5.77168021
-0.0483062,-0.02708573,0.89278187,-5.20106071,4.74095976,-5.14014242
0.16481429,1.95191066,0.96658267,-5.78288873,4.51782578,-5.12317036
-0.45790499,2.20346705,1.51511493,4.86005687,-5.99266489,-5.72981845
1.09570405,-0.37522724,-0.07001229,-4.781225,4.74789065,-4.00594196
0.64201705,0.4953104,0.57295995,-3.68184798,-5.77048181,3.71117016
-0.36023192,2.45689325,-2.88714007,4.8090623,-5.36401872,-3.25560177
0.94871825,4.20482252,1.29560449,-3.82807384,4.0775954,-4.39970354
0.98908089,0.68216324,1.49144601,-4.88156142,5.8703855,-5.92253598
-0.41079819,0.22841375,-0.45642814,4.4943243,-5.01393628,-4.75904032
-1.22780652,0.91290185,-0.82968273,-5.87234196,-5.40595646,5.82364997
1.28591526,0.20277561,0.94514619,-5.43721145,2.94072891,-5.75291786
-0.57862255,-0.6138502,2.13965,4.92214433,-4.90227704,-5.58371488
-0.32102055,1.14565813,-0.73426032,-4.61276058,-5.60937562,5.28220232
1.49814082,0.54606909,1.13440927,4.43028008,-3.95436983,-5.06346597
0.45193055,-1.07792418,-0.81512078,-5.11777756,4.67917533,-3.55649365
0.28440419,3.27395097,4.46328328,-5.05904031,-5.98009288,2.68408477
0.52642727,1.18393307,1.04494137,3.30648187,-5.38839534,-4.54507766
-0.36344011,1.13530457,-0.34335624,-3.14220932,-4.9657327,5.14567399
0.53233052,2.19036077,-2.72263413,-5.56805076,-5.71594697,5.74549607
1.83857374,-2.36926429,-4.0465113,-5.57289673,5.52575224,-2.77953868
-1.73699169,1.09637841,-2.00676558,4.99281496,-5.9331693,-4.25796973
-2.13714107,-5.44708177,2.83499637,4.78384173,-2.3809826,-5.999166
-0.34391762,0.88158721,2.08402384,4.35188461,-4.80953921,-5.63886941
-1.20381474,-0.13125849,1.0251459,4.61313209,-3.87489033,-5.4341615
2.03992274,-2.34990292,-0.57635203,-4.73560593,-3.2878181,4.50001609
0.52449136,3.26174836,1.05383579,-4.2466928,4.05576674,-4.38132093
1.43852462,0.50489916,1.21902194,-5.26966568,5.16904104,-5.09141607
0.83204452,2.26194714,3.44991202,-4.66703825,-5.68980229,5.97365709
1.25201191,-1.82693537,-0.70329638,-5.13597525,-4.76298304,5.09069091
-1.14096152,0.15493412,-1.49000782,-4.0293152,-5.94633491,5.64778607
2.33833835,5.54030945,0.09060828,-5.34191855,5.62085841,-5.96595682
1.32286697,2.93743877,-0.08558229,4.80616847,-5.73333443,-4.14128257
2.40629928,-4.03777002,-0.66491778,-5.19667635,-5.40537485,3.5811736
1.13553608,4.47792423,0.8162592,-4.64104178,3.48266321,-4.25706181
2.49301466,-0.21170731,-2.30126286,-5.3472219,-5.31220108,5.26392431
0.15272816,3.13457526,0.70097343,-5.96425117,-5.97889461,2.89789099
2.55426195,-0.06445164,-1.37291221,-5.7849915,4.93007718,-3.48474388
0.09681007,-1.79875435,2.49215623,3.19953158,-4.12393461,-5.71007185
0.56407679,-1.15659562,-1.33613411,-4.80169502,3.56392506,-5.05099538
2.48517821,-2.05843256,-1.17895251,-5.30760564,-5.66732911,5.21057795
1.7123612,-1.27567225,-0.48427538,-5.13770509,-3.35705757,5.67704895
1.12651145,0.04279671,-1.24981655,-5.52472603,-5.00221454,3.99670819
2.45446508,-0.21784155,-2.53402958,-5.7195779,4.77469799,-5.82833422
1.17184278,2.06103078,0.42500951,-5.41188251,-5.65907114,3.40297819
-0.6691449,-0.20971441,0.03141999,5.3510016,-3.18507152,-4.65647094
1.27215721,0.40117743,1.26344322,-5.25834878,3.84686514,-4.38727228
2.1510115,0.12807947,-1.41354737,-5.62578548,4.45173729,-3.22290663
2.92266976,0.63280318,1.32207363,5.19552691,-5.92349687,-5.66821405
-3.36906986,-1.89494328,1.41190096,-5.05240833,5.35303748,-4.74112179
-0.62169634,0.52822666,-1.21492929,-4.86776433,-4.5090101,4.80352615
-0.52320948,1.94034042,-2.41576127,3.61710234,-5.47597006,-4.55120112
-2.78172966,1.12768316,-5.86956369,5.60640612,-4.17747182,-5.24381867
-0.44873021,0.23209328,0.34371747,5.43783945,-5.36457386,-3.13254516
0.29926509,1.48487094,0.89664803,-3.56061827,5.43030656,-5.54431532
0.9959429,-0.53716865,-1.43552651,-5.6481453,5.49789874,-4.27481856
-1.2264112,2.8218514,-2.53841515,5.87941728,-5.96812724,-4.99859253
1.20342383,-0.37516386,0.18600194,-5.45761921,-5.38044191,4.54206355
0.99236796,1.45611096,1.22971679,4.4304027,-4.46023383,-4.68905908
1.77890802,0.91214278,-0.38725339,-5.92101281,5.36970547,-5.99583716
0.9862834,0.19616481,1.48096589,-5.01304426,4.49448297,-5.52734898
0.5680987,1.77102584,5.30346033,-4.94343226,-4.93001247,3.48398278
2.02774299,1.06009235,-3.35987155,-5.57771533,-5.50293138,5.62706052
-0.33714145,-2.10393348,1.18154793,-5.15191369,5.21528136,-5.83671378
-1.38891649,-5.89275909,1.74325824,4.65531721,-4.16601779,-5.14220646
0.13637867,0.762738,-1.24680753,-5.18751538,-5.79596843,5.31264931
2.08914169,-1.76420862,-0.04463418,-5.67025696,-5.78998818,4.200396
-0.69017013,0.52982381,2.03201799,-5.53158917,4.3602729,-5.75968724
-3.40497087,-2.3458754,0.65615036,-4.44756243,5.12306724,-5.62086885
-1.81306582,1.59904205,-0.70058473,5.72778515,-4.75443526,-4.75153282
0.96469907,2.18248911,0.53519159,-5.77858958,4.43846951,-5.95847955
-1.53669056,-5.64400996,1.28910696,5.7886675,-4.19261169,-5.62266088
0.04950973,0.69281103,1.88972321,-5.32822627,4.77687271,-5.41630701
-0.14364569,-0.32703249,-1.40192077,-4.77811936,-5.43418237,4.87797539
0.60358404,1.45228317,-1.66586851,-4.51208228,-4.4685187,5.5775261
-0.01222433,0.30698597,-1.27869715,-4.77078549,-5.68840131,5.40510191
1.14350359,0.417684,-0.50766008,-4.14909369,-4.69740313,5.28572012
1.95264222,-0.14349653,2.6361394,4.88123945,-4.86590206,-5.88340101
3.819557,0.57916257,1.59841641,3.3899112,-5.76305801,-5.91661359
0.75269054,-1.2286432,0.09660094,-4.78326495,5.62887308,-5.62650793
0.92598343,1.89369795,0.34861385,-3.98240115,5.51532971,-4.69180246
-0.91564525,0.96459872,-2.03151183,3.72595629,-5.44733997,-3.2556521
-1.38401283,0.80354476,-2.12074403,4.28789501,-4.87934845,-3.4661132
-0.38653875,0.44989232,1.69893138,-3.87574013,4.00075789,-5.94432476
-0.36145449,2.43442873,1.98331209,-3.23558977,-5.97707005,5.80505835
2.39958644,2.53003375,-0.25588295,-5.17926801,4.11654661,-5.4680382
0.50917387,-2.98017126,-1.13614883,-5.75893746,5.25013631,-4.33236695
-0.20019365,-3.66698742,2.80151232,5.79326297,-3.90002738,-5.55667939
1.07680779,0.30278607,-0.30188742,-5.35138922,-4.38578047,4.56409216
-1.83322998,1.29596524,-2.85836785,4.88146204,-5.72600907,-5.72120574
0.02777241,-0.63871308,2.65995147,5.44837996,-4.9401838,-5.53970918
-0.40708632,0.79568882,0.0817511,-4.59959064,-4.02847059,3.42228293
-3.66964116,-1.80366766,1.12193491,-4.0189734,5.14127614,-4.34752059
-0.38024639,2.67040778,4.64063478,-3.68523288,-5.88409204,5.7879568
1.09558372,1.45438611,0.82292231,-4.28249965,5.0870621,-5.37437659
0.36722043,2.3231247,1.03382367,5.40220415,-5.44281426,-4.56510363
-4.63107698,-1.66582851,1.4114671,-4.78146743,5.65277045,-5.69333841
-0.80370929,0.20553167,0.46604264,5.72662237,-4.47421333,-5.84274605
-0.62527627,1.5069481,-1.14475227,5.34134169,-5.52071773,-3.35777404
2.1181422,1.05949426,0.73904157,-5.83701866,-5.43277213,4.98062557
-0.93344614,1.44202055,0.27305227,-4.7493662,-5.97913187,3.27588017
1.7354356,-0.06614098,5.18023152,-4.88986134,-4.37523663,4.34597304
1.1212269,1.7405602,1.79645693,-5.59702039,5.96312893,-5.37872561
3.09911649,0.69422781,1.87110538,2.14555245,-3.54945999,-4.92536661
-0.35949318,1.9756701,-0.85903544,3.79936791,-5.4816248,-5.65064378
0.76240822,-1.4579563,-0.71838824,-4.80191596,-3.31554964,5.87649651
4.86200769,0.19543139,1.73809261,5.5003608,-4.66030223,-4.62200245
0.07674041,1.76791515,1.57639542,-5.68902531,-5.63671487,5.81148801
-0.98189977,3.29647749,-0.98088337,4.71449095,-5.93631741,-4.64956648
-1.14121054,-0.15718858,0.61289496,5.52706801,-4.67704059,-5.24907084
1.16687956,1.22369202,3.88475557,-5.2789199,-5.25209636,4.91103094
1.63851473,5.83836992,1.22823027,-5.69341019,5.48308292,-4.12365105
2.10073918,0.17922226,0.46314144,-5.74866987,5.4039186,-5.84002078
-1.49246154,-0.90350041,0.34309373,5.95476201,-5.09901334,-4.94732623
1.09855368,1.54153994,0.15571937,-4.95680384,4.29578695,-5.73142964
0.45695559,-0.17944245,0.09107761,-3.36281917,-4.20593211,5.12001251
-1.73485973,-1.24934461,1.67770264,-3.14692229,5.07961527,-5.90172312
3.62835715,2.00972147,0.77969124,3.7874053,-5.88987234,-4.94630881
2.76148818,0.73315368,-0.61475585,-5.64486785,-5.33003436,3.89826373
-0.98979879,2.43160729,-2.23090725,5.37061746,-5.38383635,-4.99750208
5.17362934,0.31729922,1.52659068,5.72210221,-4.30149099,-4.57411989
0.38211175,0.59983274,2.16595858,-5.46801867,2.9498343,-5.70210965
0.83943385,-2.01886339,-2.36794995,-5.27669347,3.90772837,-5.50210611
-2.61527969e+00,-5.72696348e-01,-5.55967213e-05,5.37977802e+00,-3.85024417e+00,-5.46842572e+00
0.92426466,1.66302634,0.93531337,-5.04445958,3.95406684,-5.86464608
0.398775,-0.61896771,-0.91610726,-4.92915097,-5.42462802,5.03123167
2.03757155,3.49762146,0.19084998,-5.7206389,4.91918375,-5.3812276
5.56356758,0.83344163,1.89508018,5.62374071,-3.16571152,-5.55703822
-0.79606469,1.08381025,-1.88646619,-4.69119509,-4.40005441,5.58614256
-0.10459109,1.06802863,1.07183333,-2.82971155,-5.27125576,5.65746506
2.94767893,-0.4900932,4.69856789,-5.98222451,-4.19052372,5.85249507
1.653082,5.94413378,0.51984744,-5.32454236,5.79769792,-5.68583647
3.58113586,-1.15603289,0.54438695,-5.86725003,-5.80481075,3.1690471
-1.57822892,0.01584355,2.63642601,-2.88942121,5.24936231,-5.83211986
1.36070467,0.47406025,4.4863787,-4.05156069,-5.21285124,2.47907961
1.80000016,0.38985992,4.79396522,-5.30577869,-4.17775389,5.47948181
3.34221674,1.57273364,0.41233813,4.66824112,-5.89812187,-5.50307638
-2.43370089,-1.20374124,0.8144573,5.97763102,-4.24974975,-5.62702903
-0.30234916,2.23159475,1.92761403,-5.55939808,2.83126555,-5.88721958
-0.06481259,2.43560118,1.19465499,-5.37754323,-5.63386339,5.51107959
2.55336097,-3.5176825,-2.04145031,-5.57440399,-3.21474283,5.90770625
1.86510867,1.8275334,-0.09428353,-5.86974842,4.70250396,-5.21454815
-4.04828449,-2.55278507,1.3114811,-5.34517684,5.39088783,-5.17200599
1.74535632,3.44650872,0.77732598,-5.83045936,4.33657666,-5.99420764
1.31360685,1.04340884,-0.25754302,-5.39084231,5.04334117,-3.70664464
-1.1412958,1.03039488,0.46819826,5.78648894,-5.55041773,-5.61441127
0.43816581,0.82787514,-0.03440856,3.82282973,-5.37419465,-4.79373262
0.50588103,0.82733621,0.66799705,-5.47452377,3.51393535,-4.81757861
-4.20912722,1.55224774,-2.74628455,-4.06838395,-5.57237021,4.99088092
1.55593555,3.59005278,0.66450456,-5.73799508,3.61272272,-5.78131655
-2.92596722e-03,-1.85267023e+00,-1.12686007e+00,-4.88250482e+00,4.65423830e+00,-4.65255842e+00
2.4293067,-0.23357922,1.48445174,-5.68124138,-3.50348593,4.99734826
-1.71518005,-4.50497858,1.03158044,5.50000903,-5.49554328,-4.05030365
-0.47303079,1.7017625,-0.51857138,3.60942258,-5.91356344,-5.24905762
-1.49609042,2.0982724,-1.28408975,5.50456612,-5.61044414,-2.63656185
1.48124912,-1.25831751,-3.87523744,-5.72454684,4.46657832,-3.17062288
1.80085539,-1.6672749,-1.52196085,-5.04411003,5.49764572,-5.59294023
-1.97510598,1.37506863,-2.37993034,-2.299603,-4.85242064,5.57891378
0.46679594,2.58184131,0.8683081,-3.23938113,3.70421612,-5.99971551
1.67884723,1.6171457,0.88989128,-4.92165054,3.1228232,-5.32280242
-0.09109431,2.09985293,-1.28861791,2.9320774,-5.26672301,-5.68273023
0.67717376,1.2991131,3.9943876,-5.4990187,-3.84804843,3.04795509
2.53406423,-1.96084042,0.626733,-5.08933971,5.61998694,-5.72467452
0.37164453,1.6042592,1.04043958,-5.40079571,5.10446046,-4.63568249
1.52698664,0.02036235,0.92630743,-5.28925651,5.41286755,-5.63258402
-0.31133359,1.46302978,-0.76501506,-3.5539887,-5.32487827,3.33631202
-1.77296761,1.74423634,-0.65757596,-4.2441773,-5.7917314,4.83396889
-0.08589274,-0.01078434,0.03999288,-5.79958601,2.86554082,-4.93013593
-1.62915513,-5.22291151,1.13183773,5.70471126,-3.73966063,-5.35518836
5.53280263,2.23043649,-0.15631222,4.50902947,-5.33373454,-4.82097331
0.75657036,0.4034399,2.49157288,-5.37593946,-3.1522197,4.02310607
1.58976327,-5.43234046,-2.17366434,-5.38518219,-3.17847117,4.24628175
0.07425826,1.59353336,1.14747712,-4.12915386,4.76589408,-5.63620241
1.65162914,3.18985708,1.86742844,-5.91612344,2.65291149,-4.81958426
2.13604849,2.55617704,0.95558824,-5.22040446,3.12994941,-5.90933558
1.93332187,5.10038739,0.20777911,-5.67402932,4.21448962,-5.25396903
0.3620318,1.44007102,3.5851353,-2.35196502,-5.97274333,4.22106643
0.9967719,2.54369417,4.18841765,-5.97174138,-5.91270556,5.28683671
0.91998939,-1.96399641,0.53119375,-5.74426042,4.91555339,-5.24654473
1.86491342,0.64159929,4.23592748,-5.99292734,-5.31769806,3.81664255
-0.05692705,1.89803209,5.74845361,-5.87719404,-5.39684588,4.20860392
-1.89144833,-1.02156205,1.59201278,-5.37587599,5.04661348,-5.00816466
0.74132718,1.40531411,5.86458001,-4.88765731,-4.96144753,5.51901939
-1.75901259,1.2110645,-5.89313514,4.22246333,-5.51323602,-3.97440077
-2.9859987,1.82839135,-2.14950764,-3.54200285,-5.47881958,5.82754833
2.58861475,1.43623119,2.06101319,-5.10716151,-5.86699299,3.85144821
2.37542637,-0.55853437,-3.05023835,-5.8601702,4.00582638,-5.81490035
1.43839818,-0.01329706,1.98657794,-4.13234781,-4.33096463,5.37155239
0.52749302,2.36922639,-0.77874182,-3.71011953,-5.92282333,4.37559498
1.08531086,0.54979869,2.10295581,-4.91043144,-3.52931131,4.91308749
1.5153793,2.79183963,0.94436204,-4.72885925,5.04469215,-5.67711027
-1.03494339,0.3141326,-0.18738975,5.79449261,-5.73986524,-2.98019342
-0.35042687,-0.95617731,1.31330058,4.2968637,-4.27733489,-5.05105015
2.51087376,-0.50037964,-4.14554257,-5.58036839,3.07868321,-5.1085007
3.67537177,0.81168533,0.90201365,4.30870324,-5.92809893,-5.65256463
-0.22187087,-0.17355231,0.3379171,-5.16504549,4.39915587,-5.5170751
2.06504125,2.6588683,0.05844491,-5.74384136,4.31614428,-5.92582928
-1.05521509,0.61450815,-1.08960377,5.99120001,-5.8048603,-3.89130569
-0.55100147,0.88150838,1.27815077,4.27868128,-5.23467403,-5.22443208
-2.27585168,-3.82866343,2.21577223,5.98499013,-3.57543132,-5.05754419
0.15727201,-0.28561669,2.5437822,-5.44639583,4.0234383,-5.08340869
1.29203262,-2.24014911,-2.48463092,-5.87425095,5.75692415,-5.9976446
2.34439835,0.33938417,2.38500211,-5.87529296,-5.78253491,3.51799843
1.4375836,3.29559673,1.88158384,-5.90058514,1.98743141,-5.78319564
0.03662795,0.81534412,2.06880839,5.79963047,-4.97468323,-4.80218809
1.48157375,0.6171505,-0.76197021,-5.74881337,4.47993921,-5.74706136
5.30973267,2.76312095,0.4107972,5.98954053,-5.93937995,-5.96251435
-0.50168775,-2.35531759,1.43011873,3.85405888,-3.10880086,-5.38033652
1.94639097,-1.52494541,-2.2739765,-5.09931163,-2.86423872,5.63604032
-0.57201602,-2.18555504,1.33229827,5.43686531,-4.94706291,-4.77562713
-1.51058841,2.39930873,0.04369162,4.51908552,-5.39600699,-4.82855203
1.23167392,-1.15164254,-2.51410838,-5.75774916,5.09662977,-4.81994898
-0.02796704,2.1416188,2.22485545,-5.52158145,4.55921247,-4.78289594
-0.32873183,-1.10982638,0.78654062,-2.63075487,5.66299621,-5.27597951
1.41901371,-0.76903179,-0.23484658,-5.33067486,-2.90051756,5.2135392
0.35673584,-0.97846352,2.49388334,4.38810394,-4.20785267,-5.63985089
1.9254318,1.05545053,5.4964869,-5.50873309,-5.00693195,5.87113682
0.60259579,3.06869337,1.82895294,-5.14600356,3.55996886,-4.86347879
0.38631208,2.80716593,1.70317391,-4.58816172,5.66937313,-5.25879263
-0.05197869,2.8841828,3.08929768,-4.62480114,5.07124056,-5.9955036
1.25394184,0.37097303,-0.68023267,-5.30699093,4.06137949,-3.12726643
1.07047206,-3.04691825,-5.32780983,-4.74820089,5.1775344,-5.23795834
-2.02268046,-4.24153201,1.11302834,5.66248803,-4.48334359,-5.58352826
2.56175252,0.10512911,2.59420357,3.76586408,-5.86854324,-5.60348221
5.02967876,0.85738329,0.3949192,4.05558622,-5.21238668,-5.10965091
0.75390327,-0.76140684,-0.82361951,-4.31287162,4.41681556,-5.9477251
-0.02536202,0.50069398,1.17251205,-4.06376545,5.81448015,-5.94166435
0.52766126,-0.8305163,-1.71860001,-4.64892366,-3.25596358,5.28779433
0.52162075,-1.65205631,3.09744809,5.62862678,-5.28964439,-5.70300058
-1.02317524,-4.66835664,1.64113467,5.31979555,-5.56076312,-4.66069267
-5.07718198,1.76452033,-1.85001928,-4.30036508,-5.14407692,4.31932555
0.68252038,0.90346946,0.53730539,5.71191183,-5.63079624,-4.74588305
5.03952775,1.16776262,0.35247457,4.28491188,-5.90375046,-3.57289104
1.53397104,-1.66811282,-1.30229845,-4.58843059,-3.58874934,5.60617906
1.24064312,0.18164494,-0.96998751,-4.9397713,5.47502513,-4.81688349
0.16048575,-0.34018423,-1.47899568,-3.93650705,-4.13075929,5.60423122
1.88969638,-0.12662674,3.64723934,-5.57278945,-4.06826297,4.0429153
-0.57197638,-0.46133918,2.01932679,-2.65498458,5.38609508,-5.84319921
2.8276282,1.02077438,-0.45345312,-5.81985311,5.62376559,-5.60050021
5.87758789,-0.17003044,2.99184184,4.97027719,-5.78081944,-5.64345446
-0.05303522,0.7767579,0.22151746,5.65159629,-4.51624076,-5.98701134
1.41856107,-0.39936441,-1.7936244,-4.14322425,3.72182898,-3.98904649
0.80445507,0.47580735,2.1900042,-5.35831849,5.90128515,-5.30046605
4.2437476,2.44064105,0.31153081,3.02641654,-5.05374164,-4.44923982
1.24854254,-0.50251962,0.70341093,-5.6447127,5.99676631,-5.14206296
0.78791221,1.81270774,3.38856977,-4.86390293,-5.41608848,3.58296312
1.66805339,1.27324975,3.0185266,-5.07238413,-5.88656292,3.43244416
1.97675376,1.26038537,0.11161671,-5.72215363,-4.70089777,5.14012017
2.68665327,2.69881913,2.79492446,5.38359826,-5.69206287,-5.70313455
0.62403034,0.64657655,0.87682033,5.3483257,-5.51352374,-5.03112433
-0.66246616,0.63428131,-1.14311958,4.62312339,-4.26487003,-3.25634794
-1.41060616,-0.48077012,1.85782022,5.91898332,-2.86356784,-5.84554459
-2.05426382,1.60306119,-4.63830375,4.54052462,-4.72875096,-2.56076428
2.6546833,1.30919039,1.08343449,3.05702025,-5.7924901,-4.91400486
5.94163349,1.03462526,1.10747782,2.10871706,-5.52140618,-5.3976572
0.58062142,-0.56704888,-0.19994412,-4.84576074,-4.10460689,3.80416375
1.65106247,-0.82919553,0.730607,-5.84287317,5.91258293,-4.30262928
0.73295877,-0.84863767,-0.84954462,-5.97208947,-5.65130127,5.48817818
2.33411378,3.34385224,-0.21617085,-5.63213181,5.84893087,-5.08118947
-1.05595324,-1.42839724,0.71927896,4.61164029,-4.80273553,-4.03357107
0.20759695,2.054224,4.99104401,-4.60946563,-5.80561217,3.6715999
1.90807271,-4.59884292,-1.41166061,-5.51116802,-3.11948703,5.25264711
-2.74713269,1.58230823,-1.54535141,5.72117851,-5.40010811,-3.96925587
2.21674779,0.99702762,-0.20286246,-5.43200516,3.20773327,-4.15115388
4.28013495,2.42239303,1.55497479,1.8212451,-4.94310641,-5.5871288
-0.08828877,-0.20848081,0.33498294,-3.8008223,5.70452591,-3.84395271
-0.23614832,-0.65170789,-2.5985726,-4.79124719,-5.63033185,5.8961191
-0.31387862,1.69087984,-1.78517167,5.60141215,-4.84286617,-3.17307616
0.40697928,1.53911893,4.63481541,-5.4605802,-5.98325534,3.55563355
1.36148201,2.40522245,3.77636149,-4.55356332,-5.93163775,3.05273252
-0.48280693,1.63522291,1.38741922,-2.98605652,-5.3973744,5.16931362
1.94184329,0.10427871,-0.5032894,-4.96086854,5.64044702,-3.17904052
-1.38196404,1.66909147,-2.22914714,4.87059503,-4.72656606,-4.16578575
0.22197644,1.35692289,1.44848863,-5.68653836,4.18258522,-4.51761985
-1.12215197,0.35632413,-1.27569307,-3.79813749,-4.92499386,4.57506951
-4.76144706,1.83332109,-1.5561275,-5.73139096,-5.52744377,3.54108517
-2.13866489,-1.3716727,3.1542567,-4.5690818,5.30740863,-5.91857414
1.33544128,-0.76626101,0.35593071,-5.53553332,-3.97434984,3.92119348
2.71954781,-0.55503449,-2.87736331,-5.63786129,5.54062041,-3.10015366
-0.65710068,1.66131865,-2.81851942,-2.99829489,-5.38752114,5.88711669
1.43601244,5.67537607,1.23315613,-5.84593467,5.53546589,-5.36465354
-3.33581941,-2.21808129,1.11776956,-4.60757076,5.52941487,-4.94847238
4.73480068,1.70861379,0.33202895,4.41107402,-5.98272959,-4.64293717
0.02690896,0.50021703,0.22200599,-5.52318906,-5.71651969,3.58863495
1.99858909,-2.24737016,-2.42869348,-5.8926291,-4.48229644,5.5747795
1.21227896,3.33253616,0.66897065,-5.60093845,4.57300012,-4.99517648
0.63193539,1.61666723,2.29422416,4.11216666,-5.83079799,-5.5475728
-0.45165989,-0.24031876,0.44281158,5.90694465,-3.71873056,-5.8669398
-1.47891656,-1.66071707,0.73527866,5.47237639,-3.16275411,-4.34667858
-2.14230144,2.23952113,-3.17372365,-4.67705161,-5.63625005,5.77963611
-0.45759587,-0.13159926,0.97640718,3.10277812,-4.28912954,-5.75741913
0.44621032,1.37745316,0.93293094,4.49968909,-4.2512092,-4.87834809
1.90633229,-0.48776441,0.45355807,-5.35279196,-5.82791092,4.72134262
1.64843111,-0.18588747,1.78834891,-4.98774537,-5.34155608,2.58016808
0.84918465,-3.61716181,-1.23143402,-5.19338422,5.85140328,-4.5996113
0.39233024,1.46393604,3.03209851,-5.00275915,-5.92941351,4.15864961
-3.06576767e-02,-8.56200155e-01,8.47115912e-04,-3.53933454e+00,3.84175475e+00,-4.93834893e+00
1.0789353,3.13739966,0.63817399,-5.64147119,4.09232745,-5.80759223
0.91910432,2.5287488,1.92074064,-5.79199687,-5.26860967,2.51239273
0.05925205,-1.03200655,-1.47137904,-5.77952823,-4.2338385,5.79419769
1.07792985,0.20911766,1.65196569,-4.8509128,-3.76597506,5.42987914
-1.67974404,1.69366905,-0.23923634,-4.94385986,-5.50052499,4.04542828
-1.54329971,1.91863139,-5.43652142,5.22109084,-5.56802533,-4.83082361
-0.91739296,-2.52305177,1.33990652,3.1450581,-4.5831136,-5.60733138
-0.53451102,0.36641177,-0.13814379,4.76951795,-5.74456429,-3.11068276
-1.76595952,1.75253204,-4.84251066,4.92437546,-5.55267895,-4.99079434
1.67687711,0.09593556,2.93799786,-5.96378023,-5.20021638,3.69300663
0.781868,1.05985252,0.28141944,-5.56026576,-5.98092644,5.8948056
4.95202616,0.49195935,2.09462818,2.9735326,-4.62997731,-5.6483918
2.58418791,-5.43772928,-0.41321873,-5.8218662,-3.38979924,5.61059996
-1.00197443,-4.08830789,1.55552156,3.82428372,-4.39385386,-5.56816362
1.04949405,2.60090089,0.34251034,-5.83318277,2.70803872,-5.80329899
0.77726107,1.60714358,0.96610379,-5.52421085,2.47593402,-4.81066477
-1.8248262,1.3977446,-0.99924967,-2.87561732,-5.95939013,3.75987828
0.87403604,1.0612531,1.68964143,5.91434971,-5.79467815,-4.61936701
0.22474001,-0.49013074,0.29145828,-4.96147683,5.88176067,-5.37748222
-0.05397353,1.52649221,-0.99693927,-5.6468278,-5.91590956,5.98231215
1.12562041,1.85320145,1.16333906,2.38524863,-5.09144004,-5.02274284
-1.8096537,-5.96166143,1.58964176,5.71411399,-5.85098417,-5.78629262
-0.6326635,-2.94887499,2.493871,5.4341273,-5.97072092,-5.70817769
-0.33814891,0.94246877,0.02438603,-5.96899874,-5.2924259,3.85320444
2.62948544,-0.44050208,-1.12012048,-5.4082204,5.88400042,-4.35823592
2.12546949,-1.39547017,-1.87878826,-5.69851012,5.21181245,-5.54674191
4.55372659,0.82738208,0.88893859,5.20506723,-4.86269681,-4.90862183
1.42334476,-0.47062012,-1.02821935,-4.22197795,-4.68420965,4.55102117
-0.13079565,3.55026504,-1.49523708,5.03117217,-5.96557302,-4.76435537
-1.6336325,1.53136549,-1.26791796,-5.46429163,-5.93699365,4.81257445
-0.13310687,-1.27702779,0.0734176,-5.76551359,4.22176424,-5.15060174
1.78473036,-1.86184424,-0.94105735,-4.36591513,-3.44878318,5.90576562
-0.76653255,0.45766073,1.57673043,-5.07246543,5.52695744,-4.9734793
-1.00001166,1.90566129,-1.60386704,5.37044474,-5.47127028,-5.21278591
2.21686877,0.13839892,-2.19833572,-5.36123731,-5.59977179,5.87521867
0.86313153,-1.72294171,-2.31772141,-5.82194385,4.77488351,-4.80132431
0.42455522,0.92427945,0.99827493,-4.81425449,3.91193691,-5.94448299
-1.71303418,1.76900601,-2.0395296,5.07654643,-5.93527278,-3.37576418
-0.31347807,-2.29617559,1.52162614,-4.51541674,5.77392219,-5.40661391
2.26236826,-0.3743317,2.22162568,-5.91340465,-5.34740062,4.29294218
1.03817943,-2.09943869,-1.60000613,-5.50692274,-5.50784422,5.97459809
-2.33913628,1.99556926,-0.05051603,5.61843133,-5.5996697,-4.38519996
2.62138844,-1.22166606,-0.4668697,-5.60056958,-3.78067393,5.92238067
-2.38254861,-1.10250485,2.16902249,-4.12663438,5.20056515,-5.70026681
0.53759827,3.32035881,2.46043901,-5.90810572,-5.70283857,2.27213568
-2.24081658e-01,-3.35790427e-01,3.17581730e-03,-3.12155539e+00,4.64603422e+00,-5.84170043e+00
0.35435298,0.00738646,0.31139841,5.8497425,-4.97110523,-5.86713987
-5.93532935,2.06487974,-1.83773432,-5.0920039,-5.49824262,5.94298476
0.32877869,-0.90123433,0.03005059,-5.67831084,5.21592566,-4.10125787
0.98860231,-1.41669587,-2.42540183,-5.54202795,4.3581557,-5.20191372
0.61925826,5.31817554,1.36161863,-4.01423494,4.08615043,-4.76275432
-0.38784233,0.84815639,-1.20539534,-5.73044053,-4.27676863,4.14742219
5.53708319,0.34440242,1.45429653,2.73697309,-5.96849876,-4.19173459
-0.09445504,1.73202631,-0.429208,-5.80430943,-5.86119593,4.23245799
-1.15657127,1.41060707,-0.16796533,-3.13760835,-5.15960072,4.56420349
-0.7660889,2.29073384,-0.00585945,5.60136525,-5.26505134,-5.27928646
-0.06982452,-0.43785855,0.71014714,3.05824571,-4.81185485,-3.82983646
0.30154602,-1.46869558,-1.01113255,-4.22274424,4.55179353,-5.88234416
4.05307814,0.5945955,2.97310377,5.15169684,-5.44770205,-5.97656427
4.82851007,1.15612389,0.71125024,3.10030601,-4.7937462,-5.17450999
0.75803653,-0.47645451,1.13240003,4.85529278,-5.87866621,-4.59400691
0.37616184,1.48558564,0.72614545,-5.63746672,4.70771793,-4.08979591
3.56401992,1.61444769,0.84318502,2.23508082,-4.38459598,-5.58107795
-1.49037146,-1.29128341,0.70624936,5.19723949,-4.41575738,-5.97203417
-5.6760849,0.91857916,-2.41414586,-4.62452035,-4.51735476,5.57342444
0.58735547,0.39878791,-0.52993761,-3.5633061,-5.94509732,3.84399348
0.95556708,0.99264442,2.55662186,-5.59164439,-4.8188986,4.97359591
-1.58680008,0.9806041,-0.46959967,5.95379135,-5.86021082,-5.69701948
0.23856392,-0.69347172,-1.41947241,-4.91123822,-4.79274005,5.11702951
0.13085982,0.29035416,-1.2596305,-5.28776317,-5.17085065,4.55898675
-1.46808105,2.60805979,-4.02532173,5.96692916,-5.51578341,-4.63698405
1.1394515,1.63001684,0.44292037,4.87147753,-5.90492233,-4.60323351
3.32676061,0.48825109,0.85027646,5.52869104,-5.36050397,-4.35780492
0.41671264,0.42091823,1.09767268,4.88415931,-5.21722828,-4.30363256
0.18513801,1.3129865,-1.15661394,4.95270518,-5.39619988,-5.77604586
-1.71437333,-0.37736652,1.96042427,5.13345121,-5.27943313,-5.40812601
-0.42710399,0.7019335,1.15142233,-3.46748031,5.0614112,-4.80868213
2.20027588,1.10027797,0.38068314,5.83690343,-4.75959408,-4.40767132
1.89857692,3.57967557,1.16177104,-5.55051224,4.02701127,-5.35268965
1.29664944,1.41572374,0.0906916,5.39855904,-5.90227664,-3.68806695
0.56916522,0.84201331,2.07639639,-5.70360118,3.76959701,-5.93306006
0.77555705,1.94973135,1.31630235,-4.95490793,-5.79630453,3.82309788
-0.49881575,2.15122665,-5.57532092,5.31730867,-5.3981388,-4.03139403
-0.3286443,-0.56941362,-0.01950787,-5.9433163,3.81239378,-3.07732566
0.94904749,-2.37375425,1.4184886,-5.9897876,4.80579878,-5.77294053
0.66425221,2.29892986,5.25094391,-5.03884583,-5.69759409,4.32911245
-0.28810184,1.54000418,-1.84610586,-4.55597052,-5.27330155,5.42135936
-1.33350403,-2.94768388,-0.0996511,-3.57078654,5.59411837,-4.76468656
-4.74373351,-2.4409274,0.79199488,-4.63189614,5.92216649,-5.3856542
-4.25981687,1.41827469,-1.74451392,-2.91672171,-3.88807896,5.24670179
0.39291314,0.42717933,-0.9973246,-5.12648842,-4.05555881,3.74053657
-2.77360213,1.0884974,0.99372597,5.75161547,-5.37068916,-5.12126065
0.56338107,4.98012054,1.46516741,-4.36090439,3.06320754,-5.23008251
-0.61759277,2.29968901,-5.38982991,4.58960644,-5.63375127,-4.37167223
1.41118776,1.38767626,2.35520655,4.49307001,-4.96246275,-5.88774656
1.50928371,-0.56794042,-1.79401452,-5.16923065,4.9083401,-5.03029635
0.78797073,0.80351181,0.49770714,-4.31076697,4.872406,-3.56139912
-1.28116887,1.62397594,-0.43763306,-4.13113011,-5.80183851,4.07262231
0.12170245,-1.06758986,0.12899355,-3.95738163,4.35741987,-4.08850843
0.64858113,4.67295738,1.06067942,-5.13684737,4.07735922,-5.52470369
5.57549669,3.36159533,0.02806692,5.04224329,-5.98248525,-3.92342372
0.35427784,-0.15121223,0.97093016,-5.70524021,4.14431771,-5.74004
1.52285624,-1.13973723,0.2001135,-5.60590398,-4.99863863,5.83333003
1.61279866,-2.05505615,-0.11843419,-5.3747858,-4.65473959,5.81275636
4.52685146,0.24001218,2.10041669,2.72048889,-4.43336333,-5.33477231
0.79817833,-1.6397166,0.21454185,-4.34643577,5.02261249,-4.22367623
-1.30076777,0.97140447,-2.14093156,5.46924879,-4.34936082,-3.31588911
-4.30837829,-1.0603837,2.27819928,-3.62788292,5.06556861,-4.8769245
1.18270074,0.57054662,3.01758623,-4.12874125,-4.95284407,5.80472909
1.34140653,1.66867327,0.90876451,3.53227282,-4.90788264,-4.13147002
-0.52251974,-4.2437845,2.61477143,4.73384222,-4.63519005,-5.91941781
-3.03646645,-2.65662481,0.60631615,-5.96006517,4.68255483,-5.91208971
2.24792365,-2.08222563,-0.42965897,-5.70006761,-5.59965777,4.80219967
2.86874576,0.95596592,0.53773273,3.59576723,-5.61101545,-4.59707
-0.65970795,1.54117062,0.93028902,-5.32541772,-4.74551058,4.15257708
-0.22482555,-1.38144432,1.59114208,-5.97833193,5.25765096,-5.92849145
-1.93818573,1.51466844,0.40121778,5.95766349,-4.67855363,-4.21637165
1.48815426,-1.00246346,0.32591842,-5.36381955,5.01972721,-5.1770337
1.6612032,0.08437051,-1.24249765,-5.1985536,4.56732193,-5.80560439
-1.42860654,0.24524354,-2.64046061,-4.14803618,-4.55365709,5.97330943
-1.52016103,3.14080029,-0.7279324,4.65808336,-5.836233,-5.58481807
-1.38548096,-5.3265403,1.20349709,5.51052858,-2.61459149,-5.9781139
0.69625825,1.65639812,1.64640492,-4.79463854,4.84060691,-4.83996781
4.09875102,2.26580508,1.41359107,2.87353125,-5.26749226,-5.83336835
0.6432143,0.74418267,0.98968599,-5.73329919,-5.54773522,4.66652004
-0.11132453,0.10885336,-1.29158437,-5.18241873,-5.69534912,5.48915785
0.47225279,3.61699627,1.26163548,-4.0556776,5.62520827,-5.5008042
2.42218518,1.44736284,1.62111903,-5.15327663,3.59333188,-5.7644969
2.66139429,-0.69193591,-3.98775561,-5.05823825,5.90760624,-3.45054948
-2.71249311,-1.07215926,2.31276997,-5.52396286,5.08926432,-5.79281981
1.15317461,-2.99875369,-2.05651997,-5.26140792,5.5238508,-5.36185411
0.91122465,0.6694997,1.22919434,3.8592891,-3.92606592,-5.93797466
0.41188111,0.61196857,-0.58117772,-5.400861,-5.74540703,5.51246681
-1.43023538,2.06153717,-5.85406575,4.64218823,-4.66135587,-5.19345619
-0.46561617,3.16812377,0.53859282,-4.8418233,-5.798806,4.6472136
2.14701957,3.29411795,1.40653987,-5.71166043,4.80096515,-5.84877327
0.28052557,-0.53921572,-0.41860623,-4.65172452,3.95574913,-2.92419981
5.57856505,2.71074235,2.19364453,5.82143593,-5.9047852,-4.891023
-0.82363052,-1.2339569,1.03097775,5.23636147,-2.76232656,-4.95216838
-1.32169125,0.48800504,0.26092447,5.66197021,-5.13923419,-5.26847097
1.2123488,-2.7360222,-3.77428614,-4.73207623,5.83592914,-5.60388037
-2.76243562,0.28718746,-1.16610043,5.9671936,-4.81544152,-4.65805568
1.76652808,0.99889714,-2.41668193,-5.60972545,-5.54601713,5.09844144
-0.19912506,-0.33328712,0.02804809,-5.08109386,4.99601872,-3.90184228
0.77613263,-1.09787075,1.17820773,-3.98739368,5.17221842,-4.11617622
2.35453122,4.75161595,0.10225594,-5.375192,3.21896636,-5.00642051
-2.70364399,1.6401935,-1.4882115,-5.70231805,-5.26679432,4.76803646
-2.21174014,-2.67378548,1.27008756,5.97424963,-3.67672494,-5.60201678
1.55825709,2.79076287,4.52089201,-5.5657777,-4.9456359,3.96067112
2.44898094,1.68655148,1.61555901,3.41096265,-5.10672413,-5.63821918
-1.27054369,-3.62388591,2.0515073,5.0266147,-4.80268469,-5.90057022
0.18115862,-1.88315709,2.42483909,4.60635144,-2.54866047,-5.21075458
1.42936822,-4.52320309,-1.52298328,-5.17389782,-2.88538593,4.29171383
0.83900015,-0.96833166,-1.63787841,-5.98879531,-4.57198833,4.85933435
2.06623633,0.44338907,2.8707255,-4.90916323,-5.14105215,2.6999312
1.49123634,0.92184215,0.44939701,4.47936772,-5.13946535,-4.79405296
-0.74487937,-1.07630423,0.94620761,-4.95158642,5.87587175,-5.07197551
0.79438463,0.97159062,0.73876523,5.65703929,-5.05313751,-5.61682649
-1.3964419,-1.53617604,0.49641139,4.06303878,-5.92795648,-5.45771106
-0.55578785,0.52108208,1.07774787,-5.7871161,4.09964574,-5.41391328
0.85615827,2.7933547,5.65507687,-4.953195,-5.81843728,5.37843014
0.13779796,2.09630398,-1.18953036,3.4672978,-5.55961477,-4.14517851
-0.28100637,0.89846061,-0.25342898,3.37613773,-5.62917999,-4.63587051
-0.95576069,-0.21100337,-2.12801182,-5.86713934,-5.1034243,5.53343966
-1.6842853,-0.24100097,0.05661035,5.21037877,-3.41854329,-3.64578775
1.23507789,-1.76427345,-3.23310165,-5.15719132,5.09160452,-5.39253115
0.17197837,0.97418246,1.75458571,-4.14002148,5.68052242,-5.24326122
0.06543087,3.66747926,2.05149046,-4.85524244,4.18181415,-4.83143601
2.25333898,-0.96982218,-5.59012363,-5.85062674,4.51968589,-4.63881819
2.12474272,1.37312999,0.07621524,4.18987815,-5.0962855,-2.86110228
2.45708686,1.45196725,0.40960851,4.33262776,-5.04923633,-4.39230998
-0.14577816,1.95805002,0.07670026,-4.9027766,-5.72606366,5.71737114
0.86741409,-2.0114263,-1.45033487,-5.09365571,4.76353884,-4.73321994
-0.07816073,1.40602099,-0.90404939,-5.52015269,-5.98348593,3.89615927
-1.8703113,-4.61031932,1.08591927,5.61738172,-5.69934324,-5.09292079
4.19950008,2.81666216,0.1726083,5.82770834,-5.60095717,-4.87278332
2.57497673,-1.00841026,-0.84634054,-5.46785668,5.92581787,-4.73854026
0.38127477,1.05695959,-1.04612323,-5.53694293,-5.39465475,4.42715685
2.82199723,-0.15217976,1.91366522,5.2767695,-4.53603516,-5.16852072
-0.06851498,0.82962209,1.8279692,-3.85814482,5.70529892,-5.7112069
-1.66515599,0.95409344,-1.91564092,5.43236841,-4.86989093,-3.20719804
-0.67901883,0.60508874,2.64905166,-4.99491502,4.93972917,-5.40447713
3.6464037,-0.23489726,2.48471608,3.10693275,-4.92217374,-5.85224974
0.31479658,-0.27389815,-0.44086586,-5.32686536,5.14782004,-4.10798431
1.60276307,-5.98281645,-3.33870324,-5.71467895,-5.31838764,5.61395602
-2.20419704,-4.40882692,2.11073745,5.25849394,-5.75341063,-5.27189272
-4.15029543,-2.64411808,0.85492302,-3.29519665,5.78676349,-4.7563132
1.31883019,-0.97281784,-0.2179974,-5.32031724,-3.15632986,2.92479124
-0.43818149,-1.83971682,1.34500598,4.22856472,-3.83634138,-4.91920005
1.89334714,0.63671229,1.52856383,2.98727554,-5.52185188,-5.53780418
-0.07182252,1.39067662,1.49520915,-4.03838444,3.56723413,-5.0322213
0.84540697,-0.1246098,0.76119321,-4.21145127,3.4767777,-4.38326299
0.70472971,-2.54920318,-0.80252783,-5.99606513,5.41864537,-5.42181545
-2.04363771,-2.37040041,0.89572533,5.14175226,-5.26909906,-5.0849155
3.72153958e-04,3.18786104e+00,1.45215032e+00,-4.50121589e+00,5.17295527e+00,-5.70441436e+00
-0.73301883,2.158711,2.80732551,-3.93838251,5.0993226,-5.84281835
-0.41114474,0.88539782,1.11880109,-5.35434203,3.98347551,-5.29083784
-1.74062055,2.2764642,-1.61593359,-3.75055149,-5.88890818,4.55107347
1.18983014,-0.72529784,-0.09544978,-5.31263142,-5.50814658,3.82075776
-2.11372153,-0.24193395,-0.76235052,5.99776517,-3.22517372,-5.64617398
1.0718747,-0.26664993,-0.77418818,-5.93764835,3.08210746,-4.86284339
-4.5503627,1.70264355,-2.1457592,-3.38767446,-5.19387142,5.06527485
0.09472295,0.25544373,0.20178721,2.95394458,-4.697713,-5.99090274
-0.21579802,1.42317339,-0.66354873,4.11388087,-5.09702288,-5.63793704
1.29119546,0.70993863,1.8789404,3.35688521,-4.31339362,-5.95592642
1.27928687,0.41438974,-0.36057376,-5.07994371,-3.34931516,4.57654205
2.15759681,-1.66051019,-0.34452627,-5.58636616,-3.34941333,4.46830341
-3.63157198,2.52962191,-1.04790556,-2.82739498,-5.83294404,4.51521199
0.55313109,2.32803355,1.13345073,-4.34021374,3.02933195,-5.30865196
-5.21765115,-2.20678332,1.16198446,-3.47015931,5.20273696,-5.99512933
1.77687825,-1.09937661,-0.99262148,-5.27191843,-5.27388499,4.49724395
-2.62651766,-2.58605234,1.21335978,4.73203549,-3.51110766,-4.19034509
0.00748073,2.53682041,-1.05119232,3.9195124,-5.71341999,-3.65953625
4.5455238,0.12472069,1.45885653,4.02445651,-4.04971466,-5.88771065
1.10567782,0.78725855,-0.02538829,4.32260392,-5.52054598,-3.51193865
1.78505539,3.69389936,0.49829082,-5.66830936,2.80749637,-3.25493369
1.15348746,-3.68989283,-1.66526906,-5.72336628,-4.37788725,5.73995443
-0.05058187,0.6609005,1.37567807,-4.02188679,4.26859695,-4.53638865
-2.11913478,-0.98464725,1.42915582,-4.83608514,5.67615904,-5.07249915
0.68479644,4.38348572,0.8082665,-5.29394354,5.92929641,-5.11535616
0.58239386,-0.13907625,1.23518248,5.08839351,-5.81881892,-5.14713595
-1.60817597,1.62177117,-1.87428604,-3.1917515,-5.56607586,4.94701781
2.16229367,1.48002575,-0.07383647,5.56553219,-5.27510149,-5.89756507
2.63579636,-0.86902439,-3.06830713,-5.32888566,-3.99133476,5.99198089
1.13108496,-2.44729393,-2.78290486,-4.46773794,-5.38607094,5.78790988
1.86728371,0.31927577,0.70239147,-5.98502514,-5.74862445,4.7191035
1.80017284,3.75832425,0.93284555,-5.97211674,5.8805464,-3.81325244
1.25660812,-1.60560747,-1.51800675,-5.56735356,4.37223117,-3.89478487
0.58636911,-0.77815717,-0.93773743,-4.72520889,-4.71334591,4.59326045
-1.53046923,1.98387037,1.16376475,5.31120087,-5.65374511,-4.11160219
1.96137731,-1.56145033,-2.7181027,-5.6409115,4.50020875,-3.78485334
2.47488353,-4.82411886,-1.27190927,-5.89639861,-5.35539938,3.86828439
2.25841938,-0.987015,-0.08751658,-5.68379605,-3.73752448,4.66147252
-0.00935566,2.15840403,4.78314331,-5.94881576,-4.88643969,2.79124286
2.24459684,-1.01548053,-0.93960179,-5.71257999,-3.07230752,5.02133165
-3.39437441,-1.99756391,1.73989319,-4.6084956,5.50351269,-5.08039326
-0.38950531,-0.08745231,1.42520146,5.31077875,-5.63581958,-5.59352334
1.3399229,1.12859858,0.81696634,3.13158305,-4.85441302,-5.26144864
-1.88802696,0.96449237,-1.75842708,-5.33773079,-3.9591072,5.66941507
0.73380355,-0.77262346,-1.13639591,-5.17167136,3.2315408,-2.99233365
0.65305485,0.37591128,2.42478177,5.3743433,-4.51734458,-5.01664705
0.0093161,-0.87843947,1.92493823,4.57840207,-2.66163486,-4.91749507
-1.12785729,-1.57691407,1.5420578,-3.66770366,5.53568536,-4.45177541
2.09148733,3.40707944,1.64505475,-5.37234199,1.87577907,-5.66198323
0.46323255,0.95482749,2.12071436,-5.82867631,3.37385248,-5.96741427
-0.09358748,0.11666993,-1.44267559,-5.39646217,-5.89534318,4.68058205
-2.09179763,0.98399033,-4.55694033,5.65987105,-5.7838227,-3.40718175
1.87473893,0.81703672,-0.05904348,-5.52079809,5.90670189,-5.33921069
-1.01156633,1.54335739,-2.31981215,5.58254235,-5.42968336,-3.20710049
3.05825947,1.46687765,1.07882483,5.97287113,-5.73015498,-5.81635936
0.23825053,1.27315394,1.48603885,-4.97609998,-5.22837726,3.84564437
2.36821662,-4.48998698,-0.55528166,-5.51424226,-4.0547988,4.91676911
2.7118163,-4.05650701,-0.38751034,-5.90178106,-1.99694824,5.16157155
1.0298582,-5.76307605,-2.26353465,-4.33371239,-3.33906591,5.88006661
1.85726092,0.28350778,1.06349639,-5.81133075,4.38178701,-4.8497745
1.49887841,-0.62427864,-0.35962119,-5.21997939,-5.84542674,5.27251759
1.90125993,-3.0213799,-1.43500283,-5.98371789,-5.50921794,4.90640819
1.25062497,0.4822659,1.3966182,5.65331377,-5.04144964,-4.97810093
-1.22356359,-2.62918094,1.75313064,5.87326839,-5.40954512,-5.99340191
2.19373474,2.10368489,2.38423223,-5.91812726,-5.48274636,2.74767067
0.40301833,-1.02802844,2.28421805,4.12028013,-3.98905406,-5.36702182
2.29078416,0.92584516,2.2221489,4.72492868,-5.98091798,-5.76562555
1.96408111,0.62876542,0.755712,4.92468327,-4.10879236,-3.99548344
0.30391876,0.19382689,-0.1480572,-4.85696517,-5.44148887,4.19239077
0.06366463,-0.71756849,-1.46621073,-3.78936158,-4.80830195,5.58241482
-0.65939691,0.63702906,0.34121665,5.49625793,-4.60917715,-5.95069647
1.7169886,-0.09975243,1.85320346,-5.95510158,-2.7895887,2.7406103
2.43730585,-0.89342878,-2.2204133,-5.73011988,4.29428082,-3.39932112
2.20622321,-0.98551927,1.03006971,-5.15123758,-3.47519103,5.68371579
1.07846631,1.05508511,0.06429091,-4.46577716,5.00343091,-4.39734784
0.80389326,-1.0152675,1.74322038,-4.48473676,4.68128626,-5.75345412
-1.13293939,-2.74268356,-0.10390881,-5.37275889,5.84578018,-4.63483375
1.42361849,0.30694569,2.26188467,-4.68514665,4.23890898,-5.33425164
-0.17603564,-1.6081389,-0.49671181,-5.62338772,4.83745932,-3.36516396
-0.79568412,-2.88804116,0.94746243,-5.06160681,5.60543662,-5.77010241
-1.10749792,0.71030528,2.57271713,-2.73557426,4.75927342,-5.92852788
-0.04655552,1.16540493,1.60521509,-5.11203234,4.48534837,-5.50570621
-3.45274829,-2.59149226,1.59052549,-4.18586005,5.69304175,-5.52184553
5.24728792,-0.09907997,2.52574924,3.65228008,-2.68835961,-5.82062591
-0.78696681,0.50713379,-1.01236559,-3.93192186,-5.2788131,4.16324889
2.20076164,2.01459911,0.24966701,-5.62726397,5.96145416,-3.96428444
2.24034471,2.32319463,-0.71297454,-5.89828786,-5.94494797,4.35864264
-0.7037601,1.9983813,-3.8275628,4.30008357,-4.68612748,-5.75569041
-1.37251248,-0.35651544,2.36491518,-4.56387675,4.96738492,-5.86618759
1.06890486,2.15587957,5.51833884,-5.23996874,-5.83095532,5.73119261
2.17320335,1.28170678,-0.58696417,-4.75830433,4.78409573,-5.98499026
1.96425335,0.24285621,5.07426202,-5.60889592,-4.88188245,4.15415693
-2.71415298,1.28054941,-4.18619218,5.40815997,-4.27036622,-2.51808678
2.3069613,0.68577532,4.53094047,-5.55149004,-4.13513291,5.86078693
-0.34525123,0.1093896,0.3013159,5.69702226,-4.79383571,-5.50834352
2.54854619,0.35696224,-1.21525159,-5.90642982,5.3422565,-4.54254944
-1.96832362,1.0327925,-1.03358652,-5.4749395,-5.09875578,5.91749643
-2.57913753,1.55261076,-0.91208482,-4.07384129,-5.20593838,3.94395619
1.94557227,-0.17950687,3.55477096,4.94679831,-4.64040788,-5.94244979
-1.52214503,-1.3926626,0.6942528,-5.64405595,5.91052224,-4.66364121
3.49467302,0.47224991,1.37155656,5.88599339,-5.8116192,-5.85644348
2.46435838,1.11357461,0.43656287,5.43448682,-5.62795872,-5.82908026
0.73875313,2.22379642,-0.55104222,3.7528334,-5.17537442,-5.72655433
-5.27755428,-1.61424559,1.62757459,-4.99659675,5.71114369,-5.1589462
-1.04037104,1.97204348,-1.71429593,4.71538997,-5.97317766,-5.2501404
1.40746152,0.16381723,-0.07249537,-4.93428509,-5.65157014,4.53368057
-0.09662384,-1.05468204,-2.50185047,-5.60320513,-4.64363398,4.97553587
-0.71470206,1.60808254,0.85735729,-3.28132872,-4.2059229,4.41120834
2.3391829,1.63871197,5.12089214,-5.7958292,-5.66369608,2.73579978
-0.30482411,-0.61973655,-0.01016331,-3.24527375,5.43575757,-3.91327927
-5.01513333,2.40225568,-0.71610161,-5.26957957,-5.19811961,5.23107386
-2.07743317,-3.3018245,1.32348256,5.92452839,-4.42511434,-4.77146904
1.11321505,-1.36556149,-2.03212796,-5.36338295,5.5895324,-4.83378674
-4.57068699,-2.29563455,1.61498113,-4.3826707,5.71349884,-4.2623298
1.75552606,0.67109843,-0.06634513,-4.8139305,-5.17219135,5.25419349
0.43881547,1.41224456,4.4680995,-4.38748164,-5.93856445,5.98876496
0.19348244,0.56754315,-0.19197342,5.47957198,-5.10858345,-4.25889378
-1.18372767,1.17074581,0.96645412,4.36015881,-5.31042107,-5.75907707
0.89618158,-1.56337718,0.5752383,-4.66635752,5.5789162,-5.60731141
1.18008071e+00,5.76964898e-01,-1.46893396e-03,-5.03261596e+00,2.57271262e+00,-5.34389978e+00
-0.16806063,5.22095746,2.02157134,-4.69119551,5.80993518,-5.87405876
1.18871116,2.1402462,2.37995458,4.87673782,-5.8415531,-5.232585
-2.22498945,-2.45701163,0.5638844,-4.76363674,5.89123766,-5.50559163
1.64624134,0.29755661,4.06874559,-4.73807282,-3.87133749,5.52243999
1.69638147,-3.37890841,-1.85138224,-5.97111386,-3.49471022,4.57752674
2.83790423,0.15847916,1.39901526,-5.86677651,-3.57964945,5.07762413
1.50007736,4.10453954,1.68455503,-5.84229904,4.35518084,-5.88277498
-1.49529993,0.88175609,-0.58156867,5.9230605,-5.85719837,-5.7248664
1.71365622,0.59405298,0.53991358,-5.61191779,4.72202013,-5.54829718
-0.26886547,-2.05142911,0.1403729,-5.46239273,5.59189292,-3.53027497
-0.36751499,0.20469958,0.29310755,5.27984799,-5.67354042,-4.99872802
-1.09339745,2.14946237,-3.62216597,5.81713865,-4.50707394,-5.84551074
2.06389323,0.2814005,2.36883426,-5.94677707,-4.49482896,4.10815255
1.3496517,-4.43576197,-2.50724949,-4.19725951,-2.86175733,5.49214741
0.42255263,-0.66092614,1.84091472,5.62714366,-4.92582011,-5.63060104
1.54804432,-0.81881868,2.19732248,-5.65770608,4.34090655,-5.1117517
0.19314057,1.75298197,0.72375184,-5.15358267,4.04364726,-4.93419748
-0.37251803,0.85642172,-0.20597025,-4.45150946,-4.61979737,3.74348971
1.22350491,1.65001007,1.25052734,3.69865036,-4.95698007,-4.96643569
2.05834691,1.14047673,0.13457441,-5.35377256,4.38734172,-3.31217378
1.27025292,2.37468988,0.78251074,3.58841332,-5.73514119,-4.13706172
1.20889844,-3.45109552,-1.40067943,-4.88845375,5.83040452,-5.22712137
-2.17898863,-0.01506119,-1.16013822,5.50474127,-5.15293882,-4.6356492
-0.36157983,-3.14934449,2.04483734,4.90342721,-4.73139274,-5.92163088
2.57724401,-3.00088129,-1.95206359,-5.62052338,-4.64642543,4.87113661
-2.37079051,-5.60448495,1.28549547,5.86025707,-5.51525435,-5.15931018
0.57769994,1.12893525,0.23642152,-4.42560448,-4.53064245,5.12715741
-4.85881389,-0.9196255,1.65742899,-2.84482224,5.42711903,-4.06881021
0.25113894,-1.05961802,0.90672933,-3.95799087,4.72770804,-4.61149367
1.55026782,0.45854798,1.0069844,5.04029859,-3.73957817,-4.99019298
-2.28859336,1.50254512,-1.68541965,-3.66453236,-4.42043684,5.72398959
-2.69178636,1.13393186,-2.96076971,5.62780344,-5.16449314,-3.32485175
-0.28003522,2.29122363,-3.19265781,4.5771511,-5.72678629,-3.67504623
3.43349001,2.69748634,1.77724624,2.97650013,-5.90623862,-5.91356143
-0.62253706,-2.15204206,0.60184728,-5.32053173,5.33136945,-5.91674819
-0.14052067,-2.58645792,2.89505726,4.31749835,-5.43937801,-5.43186569
-1.74940421,1.27448458,-2.76290465,5.63053638,-5.1962231,-5.85332014
2.94651195,-5.0975175,-2.58683476,-5.96210636,-3.61998473,5.33997255
-1.37470292,1.61287749,-4.75466602,5.43859158,-5.31703239,-5.69499981
0.75753429,-0.09455623,-0.80590865,-4.76659821,4.20420665,-4.38665363
1.23236144,0.8006444,-3.3335848,-5.74717615,-4.8583651,5.92524815
1.12404082,2.43021326,0.09623155,-5.60818623,5.02603789,-4.46139213
-0.10538796,0.70486267,-0.71193032,-2.96485296,-5.94861188,4.69153661
-0.08233565,2.70283636,1.72968621,-5.74563476,-5.10146397,5.29678134
0.13948619,-0.33986916,-2.22195347,-4.5720686,-5.98422983,5.49310437
0.22975201,2.49126229,1.32709458,-5.97100055,-5.6602519,4.56281522
0.31531858,-0.69604844,1.29823122,3.82570052,-5.93052955,-5.20458628
1.50438395,0.29625461,-0.22167,-4.53667859,5.54723075,-5.94692018
-0.62280931,2.55592248,-2.16355399,3.72304425,-5.58607518,-4.03153015
4.48058912,0.58767325,2.29391292,3.37821057,-5.97505434,-5.81913969
-3.63276137,-0.70052242,2.40282216,-3.0134434,4.80162407,-5.62739368
1.0889375,5.08922273,0.35914963,-5.96679335,3.62103178,-4.9630637
1.5489747,1.45091947,5.09713632,-5.00149608,-4.73249707,4.65523578
-1.09263863,0.98172695,0.77099383,3.46379185,-5.03494623,-5.88666183
1.73765933,-0.43421711,0.6505496,-4.08071303,-4.43023359,5.70292303
0.24170911,2.28411785,-1.84360844,5.66195257,-5.42146939,-5.2062594
1.76318306,-2.26656539,-5.79946475,-5.73595074,5.18110487,-2.31254667
0.45526633,0.67310911,0.3027259,-5.84579203,-5.74636077,5.83041706
-1.69877509,-3.78732666,2.19309806,5.7654102,-5.76569132,-5.39459119
-1.53288352,1.59278061,-2.23768795,-3.3773335,-5.77765532,5.92684655
-0.23789056,-0.57942312,1.62791408,5.93741015,-5.89620855,-4.86059841
-3.07967457,1.32458188,-2.68202712,-2.87229041,-5.95367882,5.5053066
0.80906081,-5.84744396,-2.56366806,-3.69005779,-3.88446566,5.9970992
-0.62187089,0.37350106,1.83105422,-5.80168946,5.9207687,-5.29624492
1.63301048,0.75146394,2.12393129,-4.08034835,3.60689023,-5.40433397
-0.34441924,-2.28283594,3.148951,3.77912299,-4.86267727,-5.98379564
-4.60292998,2.29888783,-1.96566378,-3.80792807,-5.92202257,5.39057321
-0.58880407,1.77133116,-2.11548654,3.89612724,-5.4585704,-5.97963662
0.78083163,0.8117209,5.00874013,-5.73196553,-5.99545453,3.02701469
-2.89696065,-0.55235705,1.87856184,-4.94126507,4.50895264,-5.96648271
0.60729345,-0.82406244,1.57819099,5.21807839,-5.01644003,-5.70079653
-1.85343435,0.30417931,-2.05720461,-5.18832837,-4.10525901,5.4402256
1.24231358,-0.24397816,2.59661606,2.69586926,-5.41694606,-5.75885084
-1.01515779,0.07339415,2.77816108,-5.97170324,4.55203718,-5.88985969
0.49732296,0.36697704,2.20210048,4.58533272,-5.894496,-5.50638432
0.98062506,1.41552391,3.73441272,-4.41878627,-4.29347132,3.30757156
0.87439035,-0.39732148,0.72987327,-5.67072313,3.95795986,-5.77513768
-0.70329775,-2.02777286,1.18495818,-2.61080044,5.68327052,-5.56256264
-0.68290517,1.98095966,-2.72090602,5.54748977,-5.13395884,-5.58092395
1.22783499,-0.92245052,0.61660436,-4.67808107,5.14118195,-5.65494229
0.94589006,-3.42808347,-2.24759097,-5.22954761,-5.11829144,5.61946746
0.75113643,5.96089797,2.43665144,-5.76807785,5.41266128,-5.3144901
1.22727281,0.67881278,2.11909107,4.73974438,-4.76948872,-5.63341775
0.24483536,2.78964594,1.09459738,-3.84908294,4.27486887,-5.47305852
0.87157567,2.01494151,0.21655727,-5.13468138,4.51382181,-5.44194674
0.05205551,5.08325224,2.13686072,-4.71652998,2.52633005,-4.96080819
-0.83203723,1.21512266,-0.05585839,-4.86083376,-5.38022796,2.8853246
1.64883463,-0.34663284,0.06234371,-5.85417491,-4.59515848,5.05493112
2.78235338,1.30055587,2.44938049,3.4298496,-5.99461928,-5.82257428
1.4063166,-1.5541112,-0.59034373,-4.68379914,-3.6405291,4.82334731
1.12640814,1.58209745,0.40258082,-4.09382999,-5.11853985,4.34078311
0.52961981,1.41758291,2.2947618,-4.90296064,-5.85440803,2.47221596
-4.0606886,-1.5595573,1.26266683,-3.73248649,5.03140191,-5.41697328
2.86914238,-2.65718773,-0.23662557,-5.80893309,-4.99510769,3.26806866
-0.66285488,2.76182,-5.20885262,4.20775602,-5.71806986,-3.38969292
-3.01486352,1.21825437,-2.77461585,-2.69587213,-4.92993121,5.61818615
-0.37453728,-0.18938919,-0.86296088,-3.51731316,-5.09131161,5.24831487
1.46999386,0.30767928,1.17264713,-5.7562198,-4.31619481,5.88784221
-2.10790435,-3.92038416,1.54362842,5.02887311,-4.20610301,-5.38837168
1.67730972,-2.62273003,-0.49016156,-4.95584326,-5.53499976,4.94442318
-0.06628875,1.405894,0.02864635,4.11006274,-4.30795295,-3.74315181
1.29291735,-0.66495974,-0.08937661,-5.94521164,-4.90546439,3.40325297
5.260195,0.44218684,1.28675593,1.70096469,-4.23591923,-5.24452777
1.28752483,0.39957794,0.65318246,-5.84489692,-4.47121248,3.97528821
0.6356517,1.9842776,1.30515878,-4.85322519,2.35243884,-4.68907334
5.84479265,-0.40800372,2.49367636,5.04827734,-5.89374289,-5.89653879
1.56227420e+00,2.07818982e+00,-7.31478037e-04,-4.86869441e+00,5.14991276e+00,-4.83835957e+00
0.56669284,1.66350127,4.2306984,-5.69975276,-5.68000874,2.30846639
-2.12819589,-1.82895939,2.09365655,-5.54925909,5.42309693,-5.70646561
1.47717991,-0.25500511,0.19753543,-5.06762699,-3.60925651,4.74858499
-0.36962922,1.20546394,2.63863782,-5.35988754,4.91180165,-5.10740362
1.35382708,-2.69431774,-5.63295434,-5.65859672,5.96678088,-4.45280534
-0.8326246,0.92677424,-1.7240953,5.82450609,-5.92746519,-3.83794825
-0.85956176,-0.093365,2.26039639,-4.99334272,3.7044914,-5.43548067
5.6293237,0.93095646,1.43549002,3.03071898,-5.44513539,-4.52871562
3.19044184,-4.0948947,-0.3477595,-5.89513445,-4.59522178,5.03114492
-0.84443566,2.31414416,-1.51337204,4.50614471,-5.90228812,-3.18276068
3.44529863,0.10104588,1.79279167,3.83707218,-4.38095554,-5.86784044
0.33301142,-0.67526552,0.14393444,-5.41460375,5.19245283,-4.84004389
-1.73326807,-1.48305518,0.84296267,5.25366862,-4.69453797,-5.28931173
-0.86899797,-0.38296918,0.77825149,-3.68325197,3.49644462,-5.76246485
3.74256296,2.56816629,0.24090289,3.74031816,-5.74820505,-5.03244364
0.76130053,0.57049358,4.81818135,-5.31652968,-5.17313327,4.87603389
-1.02514802,-0.23169896,0.12892868,5.3321836,-3.92982342,-4.10394235
1.73642761,0.08274298,2.13675601,-4.85952623,-4.68979284,3.13631671
1.18908836,1.24776911,0.03488226,5.85814254,-5.30961212,-5.35251441
2.37472487,1.50801933,1.94542051,4.74474042,-5.86152085,-4.94877419
1.45568176,-0.68128215,-1.68131231,-5.16230887,-5.12512536,5.2746664
3.45727637,0.87355333,0.88581386,2.59884933,-5.16824565,-4.65016937
1.46921804,-2.74386065,-2.22818063,-4.62581532,5.71127194,-2.89960982
-0.10140384,1.29324338,-1.28556452,2.89450563,-4.28837772,-5.19956916
-0.09631017,2.77373441,5.65729553,-3.5787958,-5.625957,2.69980517
1.5797043,1.49959206,1.28541311,-5.61771168,-4.67010787,5.98024587
2.30617615,2.20705077,-0.38048873,-5.74075762,2.48581618,-5.71721563
1.92442385,-1.61242959,0.41437947,-5.14106413,-5.36987249,5.4775424
-1.74858826,1.53878232,-2.12500234,-5.16379627,-5.38467525,5.99314009
1.95135921,-0.40424494,-1.65801895,-5.91495058,5.79825634,-2.87812645
5.35208023,0.35983129,1.87789739,5.18263705,-4.86576424,-5.54441758
2.07377345,-0.46502694,2.70787018,-5.8391362,-3.82395728,5.01443593
-2.0147363,-1.06805201,3.02037765,-5.09261551,5.79451995,-5.32195124
1.65725012,-2.40577293,-0.73320034,-5.0625624,5.67935427,-4.46530741
-2.48777117,2.22111504,-0.5910719,-4.36542987,-5.45281153,4.5048343
1.95300565,-1.82239531,-1.99668108,-5.68120393,5.371091,-4.83452903
1.17233402,0.17322883,5.84740061,-5.41154484,-5.31564551,5.01530594
-2.82122344,-2.84778334,2.32509427,-3.27505505,5.80025674,-5.92151188
0.86238901,-0.56763097,0.00806887,-5.9196852,5.2742287,-2.78657263
0.8433903,-0.75606448,-0.57283652,-5.38989111,-3.87204457,4.05410906
-5.49110059,1.28569066,-1.47866083,-4.97087831,-4.37961954,4.67647365
0.77233546,1.31136819,0.98639292,4.76445807,-5.22528626,-4.94477969
-0.25365903,1.52878627,1.50590614,-3.4414195,-5.13677397,4.92433766
-2.09848431,1.7312645,-0.62286505,5.76396969,-5.86757485,-4.85342538
1.22932609,-0.07207574,0.22758365,-5.91332545,1.87427895,-5.67230066
-0.49690091,2.46055398,-2.07296697,5.85111314,-5.56982671,-5.11492495
1.35423126,2.60530112,0.31701293,4.11597153,-5.70430362,-3.63335278
-1.71500468,0.68497088,-2.56615581,4.77166415,-5.4485005,-5.74890841
0.0129093,-1.36287921,0.07887265,-5.19860582,3.8129842,-3.77444866
1.11997427,-2.70955907,-2.0596252,-5.56311739,-5.51571421,5.6888983
-2.60137205,1.59544432,-2.88896562,-4.08041254,-5.99435665,5.54791959
-1.27708953,2.04593748,-0.7029012,-3.51530779,-5.62009709,3.82482424
1.63538761,0.73955539,-0.04107138,-4.69139143,3.4788303,-5.24079776
-0.11715412,-1.16985662,0.40789876,-5.26096046,3.90429109,-5.32817165
3.01241726,0.78860593,1.72898999,2.61472966,-4.76602645,-5.07102101
-2.56743954,2.15145284,-1.01760503,-5.30365061,-5.75413526,5.57534149
-1.81191253,0.57574644,-1.29019232,5.91472838,-4.6196403,-4.87264323
1.9124782,0.51107351,4.9488346,-4.51506314,-5.8936637,3.81422916
1.43360967,2.16913673,-0.49699913,3.54558788,-5.46928364,-5.55709895
0.05320689,1.05475077,1.04264392,-5.6621302,-4.42515164,5.66111882
-0.75688978,1.53112442,0.13822224,-4.71090197,-5.91672819,4.22455924
1.84758785,1.81856699,1.22324065,-5.39294461,-5.65451574,5.91531659
2.01778974,-1.26721131,0.08709251,-5.49116594,-3.32766976,5.05477387
2.53264175,0.39296816,0.18476805,-5.76871399,-5.35328225,3.42877505
4.87671144,1.82369543,0.1356077,2.49114434,-5.09333994,-5.00824668
5.09190494,0.15743908,2.24732565,4.74459069,-4.40383965,-5.77806429
0.76775676,0.99582382,1.1580649,3.98913307,-4.4599469,-5.82686141
0.16260858,-1.34761769,-0.9728115,-5.32201991,5.42946244,-2.57199403
-0.13659018,2.44833739,3.88028885,-5.46044068,-4.81118376,2.9781606
-4.74460091,-0.54430251,2.04829174,-3.54930717,5.93879612,-5.69372874
1.01649475,0.85469183,4.96207506,-5.85434632,-5.21155616,3.46167694
1.04434717,-0.35230642,-2.38642061,-3.93497722,-5.86226826,5.3665941
-0.11262134,-1.17397035,-2.58757265,-3.89876439,-5.72658181,5.78872613
1.90479765,2.94285647,0.824454,-5.96332277,2.86516173,-3.84261716
1.06540364,-2.93115908,-5.19334157,-5.17115683,5.5252523,-2.59096847
3.2765254,0.45362818,-1.31453145,-5.95230075,4.90886305,-5.65417843
2.10978494,-0.76270934,1.44050767,-5.57545119,5.42973911,-4.89474401
2.68431966,0.38595585,-0.83743216,-5.52767304,-4.32387114,4.6215528
1.47992894,-4.83582316,-1.52539729,-4.50442489,-5.79297181,5.63302123
-2.51536549,1.31602901,-0.82960002,-5.31668118,-5.19963074,4.22809631
-4.89508264,-1.64794383,1.3255486,-4.60711453,4.50222535,-5.25530183
-0.36376608,1.04507603,1.5565534,-3.16599477,3.0885816,-5.25912583
-1.41431725,1.00191926,-2.99040406,5.69573624,-5.9272784,-4.834165
1.69368708,4.20035251,1.60745674,-5.24337344,4.23722421,-5.29684194
-2.36690804,1.11571831,1.86447702,5.96057441,-5.31226935,-5.2677498
-0.56584592,2.7486222,-5.98465828,3.46009737,-5.80027395,-2.99837298
0.10642017,-2.81414643,0.07131376,-4.49536014,5.56585683,-5.47910558
0.76634611,-0.88947961,-0.66464104,-5.74950626,4.29614261,-5.98983539
3.36384708,1.4526187,2.25002034,5.3628578,-5.82575094,-4.94400939
-2.87447958,1.504274,-1.25038276,4.98752814,-5.56770111,-5.29674092
1.38396077,5.69796034,0.54281203,-4.62474558,3.05839476,-5.83564321
-1.30290458,2.10623628,0.14775698,-4.0778091,-5.73791848,4.71695941
-3.85949077,-0.46825301,2.33517264,-3.22087608,3.58951015,-5.49486846
-0.85843764,-1.30845051,2.14231917,5.93333919,-5.05695694,-5.18696157
3.43807717,1.50528911,0.13528785,4.45135914,-4.48668736,-5.16648507
2.40205536,-4.8383831,-0.44036487,-5.78768165,-4.05679316,5.74655782
0.23065881,2.81293134,2.91981535,-5.80634991,-5.88037463,5.45135145
2.11354529,-0.18408873,1.28954887,-4.68798264,-5.56089551,2.81128353
-3.12767563e-03,2.08021670e+00,-1.22309456e+00,3.45034458e+00,-5.54106814e+00,-3.06835450e+00
1.90647674,2.81327016,-0.00740802,-5.71350055,3.66337316,-5.90073121
-0.83135438,0.03997574,0.47815584,3.96818134,-3.67042042,-5.00891903
-1.21091888,-2.14053036,1.73101515,4.44311051,-4.90205469,-4.89309948
-1.73634716,1.82020955,-0.21963567,4.11092715,-5.36719064,-4.20169858
1.37770606,0.21611404,2.10981244,5.62404639,-4.6928005,-5.6335249
1.810294,-3.6021308,-0.73769937,-4.72026477,-4.85471908,4.97605072
0.51127359,0.53110058,1.28689716,-5.98748788,-5.29305739,4.9457969
2.62585176,4.8707615,1.23545141,-5.82038573,4.35580619,-5.73575759
1.45609896,-0.69601654,0.4905468,-5.80304961,3.36677237,-5.04616953
-2.67634934,-1.44958915,0.49605004,5.5494912,-5.55825356,-5.07631886
0.44351502,1.06932892,-1.15721362,-5.46102402,-4.92968189,5.59463213
-1.06067433,-3.66204235,1.85317454,5.83622483,-4.30264388,-5.56202775
0.74120744,-0.67044638,0.13568571,-4.75964804,4.92071721,-5.54218523
-0.59606552,-2.11918807,0.04891264,-4.62295288,4.22766887,-4.55160699
0.7341539,0.09641435,0.64742256,-4.2816252,3.08097888,-5.47114404
-1.69935271,-1.25034319,1.96036686,-5.0313541,5.37502095,-5.7973788
-3.02643303,3.05571558,-0.30233053,-4.07622627,-5.44406466,5.81488892
0.93515511,-0.23296328,1.47013511,4.49700306,-4.0940827,-5.05420424
1.0164119,0.35474976,-0.31408495,-5.46566387,5.09825679,-3.63582181
1.87688518,0.038716,-0.00730682,-5.58051951,5.9450677,-5.64181306
0.81771721,0.06218635,0.72243627,3.29422662,-5.21045741,-4.30067444
-3.24340643,2.39814301,-0.47009209,5.65844872,-5.67574212,-5.24962492
1.17662879,1.95415715,0.68748859,4.22035064,-5.89949591,-5.86685424
3.47977066,2.07265317,2.41335286,4.46464541,-5.34652696,-5.59915702
0.93019441,-0.56573038,-3.98684012,-4.98049614,-5.00783411,5.87672402
1.66354761,-1.13953234,0.0523288,-4.46038496,-4.5255438,3.50592497
-1.99116502,-2.90795745,1.85600099,5.71206769,-3.16433687,-5.47432061
0.68443706,2.08334998,2.47650952,-5.46609518,-5.22054563,3.93074179
0.39387493,0.13404174,0.90906175,5.78323822,-4.98676122,-5.54678855
3.15203163,1.61700152,2.35555309,5.77525841,-5.56321841,-5.59599138
-0.63312662,1.51964512,-2.32958409,5.63493693,-5.09687313,-4.04606827
-1.43215536,-0.21768274,1.3967626,-3.09080363,5.61794,-4.86610695
1.81245198,-2.05979946,-3.00704238,-5.79723463,5.68760612,-5.80613287
0.48908404,0.75870098,3.38376008,-5.46330484,-5.33658832,3.71291004
2.48211406,1.82264737,5.7313869,-5.98308191,-4.65444386,4.64879026
-0.56044142,1.76907685,-1.91374869,5.87485049,-5.20362785,-4.21982062
-0.81568924,0.69188803,-1.39908928,4.44944408,-5.9436156,-3.9848613
0.49328713,-3.31139767,0.02558667,-5.06994377,5.99875816,-4.91012994
1.67090023,0.30194158,1.6134133,-5.72514829,-4.90626337,2.54537175
9.15173409e-01,-2.51777504e-03,1.48605714e+00,-5.62771529e+00,4.75470776e+00,-5.83954706e+00
4.18204051,1.53735299,1.63777534,5.76865898,-5.87849334,-5.51883674
-1.78210226,-5.85180115,1.30177253,5.54074432,-5.89625596,-4.99418058
0.82287212,-5.63936062,-2.64253423,-5.01613899,-5.99125395,5.59185603
-1.23547953,0.39933177,-1.22981279,-3.85643858,-3.75596102,5.77981882
0.50036828,2.34903089,1.39336539,-3.52846633,-5.72951211,3.92642377
-0.58940913,2.44252748,-0.98016924,4.79926525,-5.47940751,-5.65533233
2.08398625,2.00596037,1.21970899,-4.85629126,2.29838433,-5.15769882
0.16577227,-1.89084544,-0.22087395,-5.90833816,4.87733279,-4.3748786
2.1021507,1.15212722,-0.48070412,-5.42283295,3.11187561,-4.90926088
-2.06351698,2.25382508,-3.18505032,5.74456927,-5.89461449,-2.56629871
2.94552046,-2.14334577,-0.56867646,-5.38960211,-5.1047762,4.33320206
-0.03174205,-2.63397385,-1.24638999,-3.65716568,5.40254633,-4.5012214
-0.42310653,-2.03928953,-0.74850433,-5.84112203,4.59108084,-3.38857508
-0.62626612,1.12712844,-0.81091103,-5.26105551,-5.55024268,5.73022842
0.84502293,-1.0119106,-0.68566658,-4.8534746,-4.16092763,3.83117813
1.95378319,0.52677854,5.51059751,-4.79097875,-5.2601497,3.1398668
0.09842702,-0.46780304,0.42751692,-5.83152535,3.1271733,-3.69487373
-1.42923677,1.99300846,-5.88126997,5.18769252,-5.40964212,-4.12626169
0.54091246,-1.23001014,-1.45902046,-4.06398929,4.41405161,-4.29477619
-5.24305137,2.2251746,-0.49556566,-5.85641933,-5.59519606,5.19711662
1.18890134,0.96401505,2.0089528,-4.83617595,3.93742371,-4.46139643
-0.63182376,2.85761905,-3.7857564,4.49291626,-5.23277356,-2.68872972
-0.40053739,1.11645761,0.03536753,3.75782939,-4.69560866,-2.76217328
2.20368469,1.5592056,-0.04372755,-5.51576121,3.08202841,-5.35512574
1.66314922,-2.58494208,-0.39985841,-5.65219429,5.80788414,-5.07637105
-5.29053746,2.7902412,-1.67533543,-5.61161697,-5.82138516,5.81084115
1.40973369,0.50271517,0.66528701,-4.77161098,-4.5708113,3.75004951
-1.13716759,-1.60852551,1.54503206,5.36694144,-3.65099109,-4.56820405
4.6505346,1.34137931,0.62922543,5.84785374,-4.60536617,-4.35522257
1.60153404,2.09790947,2.56618277,-5.00746751,4.76705964,-5.54889979
0.36388299,0.54014031,1.06062369,4.98541807,-3.53111921,-5.85785079
5.40226654,1.23943397,0.9542914,5.27106408,-4.20627833,-5.63627931
-0.70234522,0.45756572,-1.20788934,-3.37086097,-5.94453282,3.99940877
-0.87740587,0.62056225,1.75021774,-5.80996964,3.20616419,-5.55102571
-3.32709314,1.20288989,-1.42083982,-4.82865481,-5.55131998,4.61846838
3.90363345,0.77193405,0.94085356,5.05138313,-4.70054834,-5.90302079
0.40290849,-1.13737735,-0.35663793,-4.85279523,5.71030314,-4.36147437
-2.97428244,0.52625284,-1.2287513,5.90125067,-5.29577793,-3.72632859
1.22240653,-1.17942008,-2.02471671,-4.68543019,-5.5873907,5.30020836
0.44109725,5.46606176,1.30893493,-5.03161824,3.80937179,-5.41744038
0.63720047,0.82579944,0.1760728,-4.52777912,5.27575123,-3.77221171
1.20189073,0.90127361,0.76850764,-5.84137299,-5.13035581,3.29462819
2.51359279,-0.04850667,-1.0846422,-5.56956138,-5.21151981,4.62118096
1.59478995,4.02379336,0.40647686,-5.37804817,4.99220396,-5.21096476
2.41249595,1.016302,1.17737715,2.64979403,-4.5636163,-4.30984863
1.50272253,0.22057558,2.02397045,4.66587076,-4.86363207,-5.26324325
0.96373787,-1.89247573,-2.31373846,-4.07004678,5.45103296,-3.36429407
1.09472625,-2.76695029,-2.26418914,-5.4638934,-5.94643922,5.44080169
-0.54360906,-0.04066734,1.01074031,-5.38126751,3.76788329,-4.37625443
0.3332853,0.06537167,-0.05169792,-5.02168107,-4.98955392,5.61251131
-2.98016425,0.54561111,-3.26644047,5.67824301,-4.92774061,-4.50710889
-0.22618971,0.91553279,-0.02964544,5.44022307,-5.72212472,-3.81910392
3.31984038,-5.74953606,-1.07039694,-5.95551131,-5.35212,5.81897655
1.89407647,1.51790371,2.73397164,-4.92818937,5.56321958,-5.73033585
0.89731986,0.10662395,1.49308217,-5.87660764,-3.59518218,4.31878751
-0.05459193,1.47060314,0.93824649,-5.28881109,5.72088816,-5.89539576
2.65766481,0.10269579,2.29154625,-4.69616555,-5.58646864,3.11265065
1.13493172,0.46000475,1.21564781,3.50261705,-4.14365382,-4.41891395
-1.40248153,-4.26826802,1.54853839,3.95880467,-5.63034414,-4.41198677
-1.86070118,1.76169773,-1.83887796,-5.70558862,-5.52380672,5.17098738
2.33221644,0.59004203,-0.95956284,-5.43517407,5.24805692,-3.17566807
-0.79993975,2.32927505,-5.11114692,4.32792726,-5.81725986,-3.45347977
-0.81463845,0.76070485,0.7183833,4.72167954,-5.4353303,-5.61605911
-1.97030319,-0.71669945,0.81548865,5.99474767,-3.4479873,-4.87558589
1.11621798,0.65390731,0.67276293,-4.65635007,2.7148987,-5.99875987
1.27418047,-3.02484269,-1.94411109,-5.05907738,-5.76840849,5.87608622
0.53064402,0.66346161,1.71079591,-4.59140147,-5.339185,4.84937462
0.33826735,1.27858614,4.2114117,-3.35302199,-5.92809992,2.67380811
1.53157063,1.50897391,0.28118077,-4.9392974,-5.80729036,4.58871856
-0.29298007,-0.60743204,1.27789495,4.19388369,-5.77448276,-5.58468142
2.43034071,-1.88903074,-5.39890663,-5.47658822,5.54908014,-4.86561782
-2.63243837,1.82343277,-3.33532273,-5.63855397,-4.8688484,5.80619277
-1.88834184,-1.38180931,2.50608412,5.97255514,-5.46052869,-5.49922266
-1.16292557,0.62607129,1.22501405,4.35276064,-5.44915393,-5.7617718
0.66354038,-0.72651665,-1.183037,-5.50902071,5.25200008,-5.03563377
-2.15625988,-0.70372366,1.12099606,-3.10725139,3.17928012,-5.9910964
-0.56157401,0.27989327,2.44017287,5.95685127,-5.23113757,-5.91019411
1.10411935,0.69273291,3.23652678,-5.55633858,-5.27531545,5.89620452
0.74989908,-2.60802808,-5.68496809,-4.91976461,5.7820746,-2.63109552
1.15128815,0.38002398,1.41432656,-5.88736814,-5.52550452,5.51153987
1.32213234,4.98818219,0.79826958,-5.61955836,4.30355838,-5.78037621
-2.46389932,2.453769,-1.48742994,-5.31157864,-5.47015463,4.11105065
0.16931185,0.49510848,0.379625,4.36517828,-3.37745402,-5.39562311
-1.6183592,2.02010293,-1.75476694,-4.55766669,-5.66233274,4.92692037
-3.66871411,-1.37758445,1.82518062,-5.34152819,5.50650098,-5.23423951
4.77281612,0.92635968,1.79672635,5.82543834,-4.40173285,-5.94345802
0.70630127,-0.65604508,-0.04677485,-5.84845846,-4.70685875,5.04373629
-1.33671118,1.44291741,-0.36343104,-4.46948337,-4.4034468,5.84783439
2.24703055,-5.33568543,-3.46161531,-5.49520883,-4.706166,5.81903107
0.21262824,-0.84063802,-1.22234565,-3.26678948,-5.92021829,4.55812084
1.0248342,2.7603096,-0.94082761,4.76551346,-5.98610347,-4.24052134
-2.16590385,1.50205801,-0.72767263,-5.7771039,-4.43170929,5.57913524
-0.06257345,0.79304485,0.54168599,-5.74981587,-5.64167473,3.0569272
1.91745664,-1.97885835,-0.63445947,-4.88083816,4.73560514,-3.83574879
0.32201998,1.65634815,1.67511091,-5.33307118,-5.37386548,4.96301487
0.82511564,-1.69063262,-0.99413857,-4.39122878,-2.95306835,5.77584991
1.6329572,-1.52444443,-1.50288106,-5.32988213,-4.72318062,4.82185761
-0.04935246,1.29407766,-1.29244591,-3.64294661,-4.90637905,5.87533218
1.48244787,-1.49306467,-3.91887988,-5.96438213,4.47211031,-5.85859397
3.92579691,2.20797796,0.9415053,5.45728547,-5.71258505,-3.51217307
-1.87895309,-1.23261165,0.87192336,-5.09725549,4.23288708,-5.67044303
2.45639859,-0.82851284,-3.01846304,-5.61213798,5.10513195,-5.07940864
3.49359428,1.56565212,0.57228522,2.73802338,-3.99636039,-5.21181286
2.06381314,4.68442591,0.02516313,-5.42880979,4.60227776,-5.50099114
3.30459057,1.72518812,1.16001811,4.10758838,-5.23735103,-5.85510833
-1.94945444,1.55878551,-0.63627697,5.82268981,-5.74857322,-3.48153981
-1.80160907,-1.60397335,0.91679064,5.86432105,-4.69255982,-3.81709927
-0.72077464,-0.1006705,0.57602338,5.30700367,-5.68717383,-3.50624866
0.50525659,0.92887571,3.45487201,-4.8393959,-4.25081731,4.76616566
1.47557318,0.01298637,0.57306952,-5.80219485,5.63534374,-5.08224215
0.09730724,-0.53551109,-1.14713565,-5.4166778,-3.14790144,5.13582336
0.60821441,0.84711327,1.35814155,-3.87845513,-4.69745928,5.4756494
2.3884614,0.75381699,-0.01857004,-4.82398032,5.29997028,-3.8704499
0.34475971,-1.33322858,-0.02293282,-4.8855022,5.25531487,-2.76885772
1.59743356,-1.69951547,-3.62001742,-5.62390319,5.05403608,-3.78748167
2.2810836,-0.90551586,-4.83582721,-5.45100899,5.69539227,-5.19185197
-1.98342791,-3.70162523,0.96492116,5.57956547,-3.48781359,-4.93656898
-0.28233789,0.05392782,1.24168581,4.61081174,-4.82687662,-5.87116831
-1.96198007,-4.9386132,1.4106696,5.97959527,-5.02630926,-4.9106242
0.14201548,2.70248502,3.89346475,-5.33070394,-5.1576026,4.18946473
0.07745824,0.01462111,1.12231809,-5.49665211,5.31877473,-4.25948687
0.99112249,-1.1087985,-0.16923516,-5.32674615,-3.35010846,3.23324121
-2.67597311,0.91856348,-2.79915265,5.58241342,-5.41110438,-4.42071162
1.98800415,0.63054144,3.53609868,-5.23061141,-4.90377608,3.45519885
-0.98829741,0.11286637,0.64673403,3.92807738,-4.35741408,-5.28673844
0.97914635,1.57615496,0.39785439,-4.68045121,3.28948875,-5.45592385
0.23980797,4.15518918,2.19657692,-4.50611385,5.23926172,-5.55865268
2.79216672,-0.19351835,4.24058188,-5.9579811,-5.30025244,3.66462007
1.40657426,0.25359476,-1.04292253,-5.72257334,3.96342136,-4.14804333
1.77055192,-1.53352119,0.05696415,-5.07935529,-3.69083831,5.98549124
-1.74772103,-5.27457577,2.65624729,4.89800352,-5.39195823,-5.96309506
-0.87101998,0.41168187,1.26518876,4.90203286,-4.79254046,-5.95032361
-1.81559832,-2.37504231,0.56567989,-2.84819488,4.77944672,-4.69371195
-2.00440904,0.79232775,-1.37044275,5.95794709,-5.36275719,-3.72944073
-1.99162676,-0.18125653,0.55832092,5.74873101,-4.93293551,-4.25861637
-0.32520559,-1.32697573,1.84443357,5.03765931,-5.80084237,-5.91343573
0.24363381,2.16111718,1.74862229,-4.90428278,5.05044381,-5.35625985
-2.18115614,0.49598367,-2.89190557,-5.15966921,-5.97117093,5.26552077
-0.93778821,1.60485786,-0.68203118,4.24941198,-5.65020638,-5.52906704
3.02279846,0.23320077,2.36332361,4.36982702,-5.70455159,-5.91588316
-0.78998702,-2.79469397,0.19882973,-5.64952373,5.98986205,-5.72637702
4.67003572e-03,-9.36144885e-01,-8.47018652e-02,-2.99709823e+00,5.38561813e+00,-4.48873788e+00
-1.52227149,-2.27976135,0.192184,-5.59591459,4.69096101,-5.74660144
1.27034498,0.46917097,1.81044427,4.34793634,-4.8140486,-5.68030348
-1.97292626,-4.74155125,1.07293935,5.89265865,-3.24550754,-5.02162937
0.29990516,0.66189653,0.47412161,-5.09738667,-4.34730094,3.37748056
5.52496408,1.08712479,0.52727517,5.19757945,-4.74588648,-5.63633083
1.40345122,0.91140951,1.23889321,-5.3958634,5.54209834,-5.69035589
0.3525596,-1.15046472,-3.17358174,-5.76151943,-5.01323904,5.81542252
0.63055535,0.14884239,0.64580917,-5.10785465,5.66912764,-5.41773788
1.65639571,-1.36127026,-2.70296136,-5.98079245,3.66025932,-4.27392567
-3.65138346,2.18637341,-0.90046157,-4.19352452,-5.953554,5.46399908
2.13016628,-0.80008849,-0.79956853,-5.16081329,-5.04934356,5.17785888
0.65848745,-2.08124623,-2.03316251,-4.05502172,4.89866997,-4.10062546
-0.2426932,1.20631534,0.95007122,-3.46003521,-5.43602913,4.92885143
0.43684702,-1.38126517,-0.45785815,-4.56858563,5.72775879,-4.58284718
1.08725604,4.04824805,1.67061272,-5.00463321,5.71695483,-4.43475973
-1.65070702,-4.68125679,2.45083943,5.25764728,-3.51759107,-5.18495887
0.19679933,1.8474529,2.11075811,-5.43623697,4.00393661,-5.11180514
0.90165255,0.26065949,0.92926412,5.26291118,-5.19467464,-5.20666297
0.98114121,-0.40005749,0.64737325,-5.35182692,-4.51221757,3.65618085
-1.92539689,2.12393784,-3.71242824,5.74859952,-5.73723571,-4.59256486
0.28507555,2.55591843,-2.03787523,-5.68702501,-5.70413432,5.64634786
-1.52011029,0.31886339,2.15628319,-4.58408936,2.61066546,-5.41699556
-0.08135822,-0.09813494,1.41989029,4.18908541,-4.89698054,-5.63121553
-3.08882092,-2.29828826,1.02994236,-4.74228805,4.49881062,-5.51137712
0.60721062,5.63521102,1.82208026,-3.48706161,2.27998435,-4.80929391
-0.82004446,2.50297988,-0.64785231,5.43157257,-5.99212205,-4.21939384
0.44846822,1.09601923,1.82423044,-4.15845875,-5.85150685,4.27134306
0.25601838,2.54082111,-0.49257636,5.60443971,-5.41915608,-5.14283069
-1.34483563,0.38315108,-1.73177587,-3.41634348,-5.96907709,5.26021995
-0.09058517,-0.03049785,0.65436772,-5.40332661,5.57489397,-4.2821602
1.09596984,-2.19955977,-4.36065518,-5.18069793,4.49561063,-3.67068125
1.68941998,1.39182309,3.23712039,-5.00221262,-5.9621,2.2682524
5.16417828,0.77203208,1.38038005,3.14270521,-4.34029026,-5.47868378
1.19619625,0.54851558,-0.27034405,-5.03686753,-5.15039585,5.40444569
1.19032612,-2.26730188,-3.03618337,-4.68756224,5.9909673,-3.92420122
-1.2125756,-5.87887797,1.99583399,3.94905558,-3.70149752,-5.88165846
1.00608263,3.46444576,2.02246886,-4.70159052,4.07347156,-5.3898413
-3.91895549,-1.67184239,0.98120127,-5.80008257,5.63070432,-4.85768612
-0.56623423,1.00396671,0.19334356,5.54066722,-5.16785871,-3.56188584
4.51362687,2.37090752,1.4807711,3.08824715,-5.65081391,-5.56959623
3.32353979,1.28277562,0.55206802,4.59200248,-4.54105124,-5.16797951
-0.69535061,-1.7520981,1.72843384,3.15939126,-3.99445139,-5.98031591
0.96851709,-4.60840039,-2.53485751,-4.25491595,-4.34347017,5.68696236
2.27904299,-0.88816978,0.42512512,-5.28635863,5.15239407,-3.63999719
0.04093753,2.95575449,2.95681296,-4.18439753,-5.42648505,5.37325904
-2.19116751,0.76074344,-3.18160725,-2.68422629,-5.74095904,5.65242536
3.22099032,2.5591251,0.43683384,5.77639171,-5.91884635,-5.97129347
5.4489133,0.31284277,2.13971212,5.19970712,-5.34636932,-4.46073952
0.28091502,0.27543003,-0.08485623,-4.56643594,-3.70739374,4.7295421
-1.68966556,-0.64624802,0.42840172,5.22385284,-3.32746782,-5.11162121
0.53559137,-0.7838138,-0.40949936,-4.36101651,-5.54625591,4.69142722
-0.38451261,-0.51085404,0.28488599,4.06608014,-3.65967269,-3.23285503
0.91532256,0.38662544,2.03213853,-3.77974813,4.22924814,-5.58365911
1.29305083,0.7540117,5.26661943,-5.05988036,-4.39797364,5.29484609
-0.76184657,-0.15527528,-1.6896332,-5.28706521,-5.96954002,5.25400479
2.28093347,-2.72122494,-2.48181626,-4.91481222,-4.43372278,5.60307555
-1.71576269,0.09997664,-0.79251582,3.87250621,-5.86972988,-4.23288764
-0.29272886,3.87013148,1.94443302,-4.57054839,5.72843844,-5.92288441
5.32722792,1.66258947,0.72464828,3.61007848,-5.46086377,-4.4797696
2.60472677,0.27810286,0.11582406,-5.82305257,3.12261752,-5.5257212
1.92466869,0.61001306,1.1284248,-5.02762634,-5.91886324,5.77515124
1.19917189,-1.94036053,-0.97455401,-4.43121576,5.09130295,-4.89577831
-3.54736516,1.26900166,-1.30938999,-5.86320755,-5.86091724,5.43995892
-0.72809898,-0.38498872,0.93311312,-5.61268177,4.01782566,-4.29848157
1.52305622,1.55117553,2.19895963,-4.85333531,-4.9003598,3.64197372
-4.63847581,-0.64948595,2.91333897,-4.31899728,5.99598154,-5.76862965
1.25391621,2.62672345,1.83445424,-5.19690065,4.88669753,-5.22774163
-1.02371213,-2.74131313,1.30665158,5.46374908,-4.20978729,-5.08716776
3.93648226,1.29660674,1.44415696,4.05975672,-4.54679363,-4.69950794
0.13140783,2.08192729,5.29621739,-5.50574379,-5.84615066,5.98303315
4.88765491,0.34542436,1.67631053,3.93710894,-4.90712219,-5.17938333
1.46076036,0.58358757,5.03768553,-5.92605291,-5.03399205,3.62722145
1.72559867,2.53359666,1.12335813,-5.27810235,3.10348533,-5.94263115
0.80006466,0.34358936,0.18464422,3.69023997,-5.46219713,-4.21717347
2.44146748,0.53510233,1.02681007,5.7744099,-4.49442293,-5.1634154
0.18554493,1.84022394,-1.25389207,3.63544939,-5.48688033,-4.5327833
-0.81413677,0.9703222,0.97529522,4.8989698,-5.61149284,-5.75656346
-4.91801933,-1.62371544,1.72172204,-4.90753625,5.1981119,-4.90269187
0.5094106,1.19050048,0.79213036,-5.41724771,-5.8085215,5.85715049
-1.53240643,1.56145081,-2.23840029,-4.33279064,-5.68413202,5.04165355
-1.03924871,0.45928388,1.1577919,5.96769326,-4.617846,-5.13147885
0.48329568,4.26202684,1.13450423,-4.96043433,5.56101141,-5.98084214
1.79611629,5.90310503,0.15366054,-5.78267339,2.9642553,-4.98529341
-2.23925777,-1.45618628,0.92327532,4.96985389,-3.57960517,-4.73221942
1.51402672,0.6047777,1.18936098,-5.95010342,4.01346693,-4.67563435
1.47778003,-1.72497022,-2.83956643,-4.44812636,5.66397183,-4.54667137
2.16584206,2.82463152,0.90217852,-5.87676152,3.15989113,-5.07898837
3.99952629,1.06102231,2.18707105,3.33158861,-3.94819572,-5.85668387
1.58110026,-0.92530463,-2.73297508,-5.58649876,4.85462481,-4.63504791
5.60210001,0.1255653,1.65468033,4.54291506,-5.09802333,-5.80566991
-0.60469067,-1.26531297,1.54395739,-3.01969689,4.54092103,-5.89711362
1.73510439,1.88765532,0.3605691,-5.71835362,4.48464697,-5.21749744
2.55327088,0.18325568,-1.92422864,-5.90606017,2.60784797,-3.86217338
1.87129408,1.12090693,1.73884134,-5.1299705,3.12613326,-5.40929974
0.66142706,-3.56647333,-0.93342319,-5.82124258,5.65344901,-5.77737301
-0.41481774,1.81648642,-1.90283324,4.63842426,-5.68684515,-4.76905927
-2.01337114,-2.2802031,0.59714081,-4.9469214,5.63576991,-4.05483759
0.75156981,1.54701702,2.83766864,-4.21599334,-4.09564674,5.16541533
0.27356536,3.44194758,2.17745914,-4.69387883,-5.73565627,4.48104189
2.36495724,-0.72662715,-0.50046948,-5.86020798,4.13386396,-5.07684212
0.38167578,-0.29316475,-0.02522844,-4.68213678,4.41659829,-5.67977343
1.22572378,1.34467189,0.32206791,-3.81436773,-4.67388674,5.88178176
0.64432283,-0.78638277,-0.7593149,-4.17436103,-5.9085379,4.85335436
1.25276982,1.12812115,-0.15349081,-4.88552355,4.65079131,-4.55929858
-0.56357973,2.55705817,-3.45981498,5.07461819,-5.77954745,-3.39508003
0.67723266,-1.68036154,0.17667237,-5.02675505,4.40939299,-5.11378199
-1.53055205,1.33036514,-3.5651099,4.83559102,-4.48390344,-5.17646182
0.14670173,0.01625939,1.34892402,4.9226634,-5.96361851,-3.99603392
0.51511207,0.87818216,2.76260726,-5.68338522,-3.12968041,4.0755055
-2.60307576,0.14106888,-0.8838887,5.65543553,-4.66059419,-5.58652479
2.10415193,-1.83528518,-0.03853991,-5.66606286,-5.02563794,5.42990918
-2.28234034,-2.67920533,1.0036786,-3.84865857,5.92647352,-5.62849371
-0.21902684,-2.2669742,2.07293776,5.85598983,-5.23336066,-4.80482041
0.81473847,-1.03511408,-0.70563574,-4.27584214,-4.58310351,5.57150564
0.55798501,1.23302612,2.8414138,-4.52162722,-4.90561537,3.96720864
-0.55480893,1.77469511,2.01715986,5.20047676,-5.66768988,-4.92781267
2.41278003,2.13514864,3.8272693,-4.95947057,-5.41005787,2.21819423
5.21300519,1.53441057,1.69971538,5.86187669,-5.21414305,-5.11390249
-1.35730144,-1.14036836,0.22868845,5.83741525,-5.05348298,-4.20187338
-1.22529126,-0.9193579,1.24144993,-4.9513499,3.81064755,-5.51691423
1.21415015,1.95341911,4.28429861,-4.78867726,-5.45430995,5.36879217
-3.20536098,0.26013956,0.00851486,5.2583887,-5.3143705,-4.6145821
1.27259068,1.27403736,5.08320884,-3.68765169,-5.87070527,3.8210966
-3.4191953,-1.04780626,1.28847009,-4.06712962,5.80079045,-4.7131657
-0.56550396,2.12219616,-0.31650416,-3.7294185,-5.83489943,4.02550731
1.19353793,0.55356978,0.05852663,-5.03737753,-5.69602901,4.19886976
1.5387654,-0.96755936,-0.13155511,-5.24588585,5.36774405,-4.07486854
-3.54310907,-2.9466475,1.01532057,-3.9490557,5.47301031,-5.69881736
-0.18982354,0.35612252,-0.49940713,3.6019353,-3.44278137,-5.04946471
2.29986568,-0.30072439,0.48872018,-5.98760362,3.58222927,-5.84683437
0.77740747,-1.14737458,-0.90475829,-5.18077243,-4.51531392,5.26756752
-1.2191802,2.27321451,-2.02090623,5.75371209,-5.93048226,-3.52012144
-0.26503766,-0.62597019,1.79345073,4.78731589,-5.16556349,-5.60503243
-5.98441173,-0.52767962,1.98249734,-5.48972941,5.34016623,-5.98061014
1.84864236,-0.03660461,-1.33476919,-5.42803904,-4.94155101,5.93225166
-1.96852804,-1.12349282,1.35361114,5.91026788,-4.19606637,-5.8544102
1.4514115,3.02373436,1.5719067,-5.8498305,3.99798948,-4.71743158
