-5.8601811,-5.97736062,4.15401726
-5.93827032,-5.61597924,4.03630966
-5.88286375,-5.91334583,4.37497993
-5.56780031,3.99920321,-5.94930763
-5.86258463,4.40622118,-5.96214006
-5.63986525,3.91675662,-5.88856124
-5.93938364,-5.82457081,4.20062138
-5.96839196,-5.77647722,4.2493883
3.92451367,-5.76654241,-5.73045819
-5.92387234,4.4338195,-5.92354308
-5.91434004,4.05345515,-5.55467292
-5.95487014,4.24793117,-5.76305983
-5.77027337,-5.95749476,4.29607584
-5.82678699,-5.95157143,4.24210631
4.26765634,-5.93923253,-5.74742178
4.32291694,-5.83304508,-5.95636137
4.22574291,-5.74899602,-5.94979919
4.24544913,-5.83948288,-5.93813714
4.37676813,-5.92678528,-5.86544816
-5.77366485,-5.68480458,3.98668713
-5.97754671,-5.95496617,4.52021825
-5.95933412,-5.67890835,4.00397046
4.28870994,-5.97837673,-5.9585134
-5.95874575,4.00676527,-5.75063837
4.12308612,-5.94971693,-5.8192326
-5.93849926,4.29272431,-5.83062958
-5.79600743,4.27752277,-5.93070031
-5.95092979,4.01432066,-5.54019829
-5.94743934,4.01326912,-5.91424357
4.18384528,-5.93097894,-5.77816278
-5.94002197,-5.69154356,4.20607767
4.04056123,-5.85193216,-5.87094264
-5.92005239,4.4731313,-5.97884236
-5.59584296,4.02720044,-5.99618087
-5.82691756,4.06616173,-5.71952382
-5.81731414,-5.77926622,3.91431776
-5.81067998,4.01362586,-5.87401881
-5.57730735,-5.94594955,4.07122404
-5.90314353,-5.83773801,4.31248782
4.22119038,-5.93540663,-5.71218314
4.07649835,-5.88519027,-5.91670138
-5.97560654,-5.96817399,4.44290883
4.03913153,-5.77096807,-5.74845299
-5.96350983,4.31373823,-5.97284332
4.10781056,-5.94835982,-5.63009376
-5.81374673,-5.97391341,4.16095898
-5.82325351,4.27355552,-5.96231933
3.97197091,-5.85900289,-5.94518072
4.24460978,-5.76477464,-5.89708844
-5.95515555,3.96853614,-5.79189615
-5.88829696,-5.90615241,4.02739806
4.05647509,-5.85357045,-5.9230199
4.16783994,-5.81933039,-5.93979521
-5.98597229,4.32369714,-5.82477425
-5.95437044,3.91656604,-5.58071362
-5.93281947,-5.86177749,4.09962236
-5.96778321,-5.59175941,3.98877011
-5.94093721,-5.97150916,4.21908006
-5.61237255,-5.82570304,3.90906876
-5.79921892,-5.73300404,4.07059807
-5.7503155,4.27712204,-5.97033882
4.07738525,-5.86919336,-5.90077027
-5.58967277,4.12190185,-5.94506504
4.25096362,-5.85924717,-5.94841303
-5.97526126,4.30948685,-5.90417572
-5.95786582,4.18484982,-5.87814104
-5.67050556,-5.91787332,4.07793011
4.12956519,-5.99719714,-5.61758986
-5.91329226,3.92872533,-5.67028493
-5.88443749,-5.93251548,4.25038879
-5.90825364,-5.81890821,4.07628734
4.20236722,-5.97545219,-5.88665157
-5.70383043,4.10500166,-5.93836434
4.03908214,-5.73800702,-5.73223893
3.98066588,-5.81969501,-5.78560833
-5.80091768,-5.82396155,3.99770613
4.01517449,-5.90864488,-5.7695247
-5.77143341,4.01826505,-5.97269087
-5.69685043,4.24436644,-5.97689647
4.28790734,-5.94967033,-5.79345871
-5.87948834,4.28557499,-5.95479438
-5.89250128,3.93213235,-5.80876713
-5.96564421,-5.8345602,4.35068949
4.40053481,-5.98893111,-5.9736145
4.12564441,-5.89286017,-5.99304471
-5.88939367,4.24716901,-5.91807738
4.21664835,-5.67702556,-5.96682127
-5.79006483,4.15803081,-5.98385025
-5.95129375,4.26830181,-5.97156365
-5.96685214,-5.76694151,4.2211032
4.19935493,-5.8394196,-5.78311542
-5.83149129,4.1711676,-5.78393595
-5.9717115,4.10658116,-5.95702605
-5.78054129,4.11338253,-5.84144424
3.96385785,-5.53711435,-5.86722747
-5.85885304,-5.92687839,4.31047129
-5.9104316,-5.9807016,4.02574193
-5.9132145,4.42888953,-5.99149697
-5.77564474,-5.74736027,4.06207254
4.3524259,-5.98110895,-5.8442796
4.27566995,-5.93928672,-5.80324311
-5.83590268,4.12560916,-5.84636235
-5.86135146,4.21764801,-5.9899424
-5.9165848,4.04525661,-5.94814315
-5.72857199,4.14765249,-5.95852811
4.15810816,-5.9081918,-5.99836819
3.93531889,-5.65500733,-5.82159458
4.13859649,-5.84713614,-5.73463006
-5.87948979,4.16955681,-5.83561798
-5.75299192,-5.96826742,3.9347019
-5.89051413,-5.86815436,4.16066464
-5.61190741,-5.96903345,4.01282798
-5.97907115,4.19780925,-5.74173186
4.15635421,-5.85613859,-5.72785754
4.1846029,-5.97260623,-5.85715352
4.16843542,-5.90797472,-5.81333393
4.299525,-5.96277212,-5.90767797
-5.55307851,-5.91052182,4.04340041
-5.8683962,-5.99542266,4.28197109
4.11217388,-5.83338915,-5.85588304
-5.9494791,-5.91835984,4.41885842
3.93106135,-5.63034869,-5.99675655
4.25829845,-5.94932891,-5.73928028
-5.92628341,4.18635117,-5.93002711
4.17488339,-5.83972841,-5.90029
4.21811701,-5.82373014,-5.98287918
4.07993729,-5.99915189,-5.77625734
3.94511428,-5.66524469,-5.96966129
4.16834892,-5.8732061,-5.76807258
-5.96811898,-5.92372896,4.09124698
-5.89826847,-5.72197235,4.15376309
4.2784668,-5.95246781,-5.87046527
-5.83485383,-5.89237864,4.14977042
4.24857821,-5.9648414,-5.88638932
-5.99712963,-5.4207199,3.90526477
4.2276918,-5.75195052,-5.93348728
4.23984373,-5.90910229,-5.91255291
-5.82520413,4.129082,-5.72879472
4.1770307,-5.89136687,-5.91524206
-5.93433412,-5.99885083,4.47723736
-5.59230183,4.02604552,-5.85126032
-5.9085406,-5.84948884,4.31102942
-5.78835267,-5.85400381,4.09492636
-5.98728588,-5.73133665,4.15372446
-5.99990868,-5.88190619,4.43865217
-5.62842755,4.03689419,-5.93536296
-5.78954947,-5.97203401,4.29625591
4.05715795,-5.94202144,-5.75276502
4.28027161,-5.91967725,-5.98892336
4.51175196,-5.99161484,-5.96848287
-5.93721927,4.38209843,-5.91266888
-5.90558482,-5.87468528,4.34787117
4.45663511,-5.98115734,-5.97420578
-5.8448403,-5.81278887,4.143851
4.17306415,-5.89851847,-5.79958164
4.21836763,-5.97470557,-5.99374676
-5.94332477,-5.48029129,3.91867387
4.4121196,-5.95574629,-5.99329196
4.17918144,-5.93730489,-5.79560157
4.22755795,-5.82407506,-5.99977772
-5.94924903,-5.59339081,4.019205
-5.92315446,-5.68026477,4.17079987
4.14518403,-5.83794505,-5.82947726
4.10301555,-5.9232772,-5.67849747
-5.60064845,-5.98678559,4.05677724
-5.83665188,-5.65958229,4.02277576
-5.56128882,-5.93506701,4.07917573
-5.92896737,4.30996424,-5.95932444
-5.96473551,4.41237411,-5.9438875
-5.882188,3.93333744,-5.69265728
-5.97540542,4.17814901,-5.65581831
4.02356055,-5.92566078,-5.70105887
-5.82968738,-5.96424734,4.11095782
-5.97602389,4.44119898,-5.93412883
-5.90757391,4.25507038,-5.88639019
-5.98567608,4.38015913,-5.88239602
-5.89865394,4.16895889,-5.88778941
-5.5597496,4.05777975,-5.97190075
-5.85192147,-5.7015944,4.02419673
-5.86435752,-5.53421098,3.96818605
-5.93505131,-5.76914649,4.27768279
-5.85304437,4.40955378,-5.99770484
-5.84797812,4.23776363,-5.85124894
-5.96220515,4.15323999,-5.63226469
3.82300244,-5.70657777,-5.7046531
4.20857062,-5.96826644,-5.97803547
-5.75021719,-5.95009938,4.0367132
-5.93404877,4.3400687,-5.9944934
-5.86909059,4.09261768,-5.79309206
3.88528581,-5.66551462,-5.64995644
-5.98075847,4.33457301,-5.770967
-5.91408601,-5.89040228,4.37942667
-5.35180572,3.87959712,-5.97590965
-5.95955491,-5.63845137,4.11865624
4.41770427,-5.93381018,-5.97503394
-5.96133079,4.52140346,-5.99607907
-5.76982438,-5.84227332,4.16482241
-5.91516309,-5.98500264,4.22021324
-5.8511185,4.42059931,-5.98415943
-5.9024266,4.42053865,-5.97683459
-5.85032756,-5.94371222,4.10880831
4.3223513,-5.93335859,-5.92461574
-5.9698397,-5.99860297,4.43266238
-5.81768992,4.02253635,-5.97178778
-5.94612462,-5.56708411,4.007596
-5.87645125,4.14479636,-5.93143744
-5.81118372,-5.86907415,4.20940166
-5.97332279,-5.92591867,4.48794963
4.16199483,-5.90463576,-5.81147933
4.08340051,-5.95849921,-5.64130498
4.11813735,-5.93609955,-5.95141793
-5.90915285,4.24637434,-5.99946011
-5.75098793,-5.77333853,3.96491592
-5.99849048,4.43830095,-5.92719584
-5.91375183,4.26393863,-5.82178859
-5.90347503,4.12630013,-5.87349813
-5.97355428,4.21559467,-5.97530558
-5.91814857,4.21597014,-5.70884993
-5.92245543,4.13966374,-5.86415795
-5.71292655,4.05155885,-5.88217109
4.10491158,-5.68799182,-5.87228224
-5.96802615,-5.97572591,4.23794895
-5.94246288,4.35984306,-5.87394413
-5.87804898,4.36105983,-5.91459098
-5.93160903,-5.85945328,4.34743631
-5.94560768,-5.90695994,4.39635513
-5.94063684,-5.90402245,4.14502911
-5.77115956,-5.68681064,3.92305865
-5.9833837,-5.89763651,4.45812785
4.19562406,-5.76579768,-5.95053803
-5.64519089,4.06242646,-5.99063625
4.44438392,-5.9351095,-5.94980652
-5.88574984,-5.92040762,4.12424266
-5.85911024,-5.70213306,3.90892629
4.21335906,-5.94215976,-5.87504769
4.21088779,-5.8827804,-5.77945149
-5.97991439,4.2187005,-5.98221812
-5.97220319,4.21574784,-5.88013611
-5.96803837,-5.91123643,4.31563759
4.12394025,-5.93592555,-5.94107831
-5.8651416,-5.84422209,4.13307977
4.27702749,-5.9582864,-5.84528862
-5.84648415,-5.94487624,4.1142828
3.97200073,-5.80231687,-5.71881913
-5.97135599,4.45837958,-5.95201871
3.85441636,-5.68112777,-5.58655765
4.02640326,-5.63654069,-5.97564453
-5.69083262,4.12732333,-5.97769322
-5.6718472,4.13424405,-5.98933505
-5.89488703,4.2347248,-5.76868172
4.30378457,-5.96185498,-5.75870997
-5.94262995,4.16941882,-5.65699724
-5.98117554,4.28637541,-5.77050278
4.1714524,-5.89628887,-5.98799032
-5.84388735,4.22171491,-5.97519889
-5.40539937,-5.83428294,3.81561694
3.98432981,-5.53742764,-5.99288593
4.19681784,-5.86967334,-5.76049045
4.40639317,-5.92741298,-5.95796205
-5.69853523,3.94128202,-5.89942425
-5.96128849,4.33972683,-5.79161362
-5.95618006,3.98627662,-5.53504494
-5.99360233,4.15371259,-5.82233952
4.08785829,-5.78138465,-5.72276172
-5.998103,-5.98308074,4.13506669
-5.91498318,-5.58919855,4.04418554
3.97788332,-5.70026668,-5.7311583
-5.88676628,3.98820211,-5.99819552
4.10480078,-5.85364345,-5.76972991
4.25029134,-5.92120998,-5.99101249
-5.92119548,-5.95985437,4.46768371
-5.70043682,4.12858673,-5.87909639
-5.8381298,-5.99253752,4.34352377
-5.62407177,4.05435958,-5.88877134
4.11330442,-5.91693481,-5.70771969
-5.82102943,4.37503642,-5.99676388
4.21801666,-5.78800163,-5.9131022
4.14519939,-5.69837142,-5.91823812
4.39258546,-5.98455859,-5.90754608
-5.89893001,-5.93226838,4.26752824
-5.76196817,-5.91260501,4.19740765
4.17701125,-5.78802868,-5.94947333
-5.91116098,4.18447023,-5.93178958
-5.67748913,-5.76126439,4.00190909
4.16117654,-5.97681463,-5.60855237
-5.95022057,-5.9435525,4.41750437
-5.72193879,4.08605478,-5.97052424
3.8808669,-5.70262243,-5.85647368
-5.89113515,-5.91855517,4.39522801
-5.69249504,4.10856341,-5.91713989
-5.84155823,4.05491484,-5.64674075
-5.91936391,4.09813048,-5.61463237
4.09987392,-5.69422318,-5.97159549
-5.92135084,-5.8834739,4.22312364
-5.87400998,-5.79299968,4.17479153
4.00529665,-5.99682947,-5.53846443
-5.51710163,4.08822859,-5.99384584
4.23803777,-5.97147377,-5.68480481
4.38586876,-5.83807088,-5.96641584
-5.81481978,-5.97153463,4.33423956
-5.98375977,-5.93677826,4.33977025
-5.83676897,-5.89768103,4.27007604
-5.9802834,-5.9041928,4.44121967
4.04241919,-5.46321991,-5.99647953
-5.9348196,4.32402797,-5.80809012
4.12768636,-5.88921893,-5.65037593
-5.73211839,-5.73435013,3.90673502
3.97177213,-5.87583117,-5.5114636
-5.59030472,-5.86446841,4.01675138
4.28403365,-5.86945516,-5.97548804
-5.85656645,-5.89942732,4.01615759
-5.31431251,-5.93575596,3.82042513
-5.73296006,4.26362662,-5.94821085
-5.96664893,4.20030761,-5.8757686
-5.6648535,4.16007425,-5.95358688
-5.95875241,-5.92084164,4.17752502
4.31087875,-5.79843473,-5.97647673
-5.91596678,4.27844089,-5.77619655
-5.925699,4.19740224,-5.7602545
4.01936498,-5.79479978,-5.9150399
-5.92118763,4.30640525,-5.89462467
-5.97793465,4.06628646,-5.87570351
-5.82662017,-5.76860068,4.06084317
4.32140828,-5.80214,-5.96913062
4.07121326,-5.79300395,-5.90619263
-5.7383531,-5.93574362,4.13577169
3.93815093,-5.90414002,-5.84406013
-5.7658921,-5.9185144,4.11133141
-5.65773426,-5.76581611,3.89295421
-5.839982,-5.99726461,4.08982034
3.98492368,-5.9463812,-5.9865085
-5.93019469,3.9449356,-5.4320597
-5.75198332,-5.91552413,4.11712761
4.09396754,-5.97706868,-5.99115967
-5.99126066,-5.60601178,4.17566802
-5.74525403,-5.87633466,4.08215712
4.13306762,-5.99300317,-5.76909117
3.91928146,-5.97284062,-5.500781
-5.88188849,-5.95262434,4.39305992
4.33683735,-5.89291502,-5.957193
-5.89560254,4.4465172,-5.96281159
4.28445912,-5.90503946,-5.83155616
-5.79458003,4.19914269,-5.90254233
4.23394463,-5.99455986,-5.83828898
-5.88333896,-5.97632897,4.34549129
-5.98110584,-5.93793553,4.50175324
4.31213565,-5.81925266,-5.92914139
-5.89186715,-5.84792953,4.28854444
4.21912698,-5.7593147,-5.88466178
-5.80385668,-5.98518518,3.99437762
4.12613572,-5.98699856,-5.78563516
-5.88471204,-5.68181731,4.1408212
3.90206634,-5.88859419,-5.69419425
-5.98195289,4.07282625,-5.71393517
-5.97214094,4.08113326,-5.5741837
-5.90812499,-5.97921007,4.26073605
-5.87687555,-5.96745785,4.24190881
-5.96026399,4.30202871,-5.83132179
4.16772042,-5.72072625,-5.99324545
-5.93488691,-5.88691145,4.01507882
4.09349336,-5.59113725,-5.95637696
-5.75602992,4.10350486,-5.99054177
4.04374795,-5.94762737,-5.71004659
-5.82609073,-5.98128021,4.32487758
-5.6510406,4.14568246,-5.9824992
-5.88925847,4.14590297,-5.75467429
-5.88828268,-5.94702094,4.31054436
4.20481956,-5.84894939,-5.98143483
-5.80114044,-5.62991376,4.00938839
-5.80902753,-5.52541097,3.91525509
-5.94814898,3.99033245,-5.48133208
-5.89942515,-5.92825787,3.9160969
-5.95362905,-5.95700411,4.487089
4.10945363,-5.5802415,-5.98251366
4.32304814,-5.98160627,-5.87684821
4.11363686,-5.83736482,-5.83597784
-5.69517779,-5.98585862,4.14466914
-5.62118303,-5.66906182,3.87814258
-5.96019073,-5.9124035,4.41588084
-5.91866333,-5.99017359,4.41011574
-5.92698865,-5.76210655,4.23720931
-5.90081832,4.36313951,-5.93634618
-5.99658837,-5.77796085,4.28462852
4.31487895,-5.94696226,-5.92757808
3.99255782,-5.5169997,-5.906151
-5.91173175,4.13921481,-5.96330862
4.46662502,-5.96981853,-5.98163338
-5.90467607,4.39993764,-5.92152989
4.26706119,-5.89996768,-5.89867746
-5.91433576,3.90721967,-5.7678507
4.20742324,-5.94283496,-5.8069843
-5.60837126,4.0778779,-5.91271626
3.91021177,-5.80131379,-5.65361348
4.11790261,-5.63867339,-5.90766958
-5.99607431,-5.91313838,4.19062322
-5.53375925,3.97707062,-5.87694561
-5.98867209,-5.98133051,4.46770229
-5.88465729,4.20926052,-5.82677678
-5.68276785,-5.89897704,4.07675746
-5.89259755,-5.88437593,4.23600037
4.23598445,-5.76255757,-5.99734293
-5.96416136,-5.86473321,4.27868838
4.34334827,-5.96957275,-5.95587708
-5.82789715,-5.99403926,4.26178568
-5.98699396,4.14591767,-5.73789151
4.0541519,-5.62626301,-5.93441526
-5.67564319,4.03608688,-5.82058114
4.21710643,-5.8020269,-5.89307761
-5.88391232,4.27669979,-5.85682682
-5.81240065,4.03027337,-5.99605797
-5.70972407,3.86240725,-5.79029873
-5.91637757,-5.8339395,4.28764852
4.00626926,-5.71662474,-5.83773412
4.29239329,-5.86659698,-5.88923609
-5.89949029,4.23815361,-5.93646037
-5.91313822,-5.99928897,4.41772999
-5.96086181,-5.8320477,4.35888044
4.21036989,-5.99619792,-5.71846142
-5.94070351,4.05288553,-5.96836839
-5.90106727,-5.95424103,4.11094401
-5.9851166,-5.99354566,4.20145341
-5.93014488,-5.75395683,4.13299766
-5.91715785,4.34472073,-5.9750953
-5.85667251,-5.81637684,4.05370109
4.44178202,-5.99581055,-5.9163647
-5.93420522,-5.69839546,4.10352702
-5.96966947,-5.51116515,4.054313
-5.7790691,-5.78235388,3.97931053
-5.95455384,-5.93999491,4.00818272
-5.84649767,-5.98837705,4.37700068
-5.91219857,-5.6963132,4.14096222
-5.95733165,4.02561355,-5.52377185
-5.93287986,4.18384717,-5.84069221
-5.96720078,4.0976891,-5.74989625
-5.99546155,4.20571756,-5.98041233
4.54597229,-5.97618727,-5.99430327
-5.96695628,4.14842683,-5.87389306
-5.95157161,-5.95237057,4.23232593
4.15744119,-5.92995006,-5.71666374
-5.77818403,3.90774765,-5.71008919
4.10519347,-5.84122622,-5.76994617
-5.7862229,4.13316071,-5.76368525
-5.96390925,-5.64500323,4.1822801
-5.88747747,4.21877863,-5.91389601
-5.93042217,3.90857539,-5.57469174
-5.62727594,4.07143081,-5.93000828
4.316267,-5.89214368,-5.88386704
4.15508201,-5.84003768,-5.75828297
4.14060278,-5.85245519,-5.94135417
-5.99833882,-5.80135443,4.11539198
-5.88790705,4.37221398,-5.96000526
-5.98148978,-5.941948,4.48256986
-5.91161112,-5.91314544,4.34104151
4.2510697,-5.9875284,-5.73172696
4.1655404,-5.97912929,-5.84241194
-5.93225812,4.18587503,-5.72326369
4.10707678,-5.65980325,-5.894784
-5.84882699,-5.65837647,4.04882079
-5.97627105,4.37632763,-5.97623406
-5.97036558,4.18976907,-5.73756542
-5.85392591,4.27822619,-5.90072374
4.04979789,-5.8997764,-5.65006465
3.93187951,-5.89699386,-5.47745956
-5.77326494,4.07708411,-5.96759395
-5.79250398,3.99838483,-5.76286414
-5.98074586,3.96585845,-5.53754776
4.16570645,-5.94160363,-5.75139429
-5.97895775,4.05112597,-5.78764929
4.31107361,-5.8365029,-5.98584253
-5.82646805,-5.92627188,4.22034729
4.24862241,-5.85868417,-5.93284699
-5.83917632,3.90338518,-5.58407237
4.23319809,-5.82870506,-5.85098774
-5.8051464,4.11144357,-5.98790134
-5.78235805,-5.99565221,4.24100658
4.22204351,-5.85382907,-5.78649987
-5.98643142,-5.61857964,4.0017506
-5.45216195,-5.94892925,3.97929347
-5.60579386,-5.93054749,4.10781394
-5.97403736,4.49768003,-5.97464437
4.27749553,-5.93336231,-5.80601836
-5.78166214,3.97775451,-5.85399649
-5.83056278,-5.9165235,4.31736594
-5.94586628,4.14312646,-5.99858512
4.14510039,-5.88641374,-5.84938063
-5.89361437,4.18763568,-5.78339862
4.09437451,-5.88913034,-5.7680827
3.86266337,-5.80435267,-5.95450546
4.23989642,-5.90948281,-5.97199061
-5.9535035,4.35812621,-5.81901693
3.95493701,-5.84469973,-5.81378167
-5.93571072,3.95977467,-5.99474726
-5.86832652,4.34104448,-5.99640065
4.18742672,-5.79196837,-5.94201245
-5.84962915,-5.87515952,4.11941924
-5.98026442,-5.62563423,3.99059732
-5.94074701,-5.94618799,4.42749468
-5.72132632,-5.8781952,4.10297126
4.18122657,-5.78657611,-5.90793963
4.2551367,-5.81151932,-5.980213
-5.82895781,-5.73157964,4.08598744
-5.8173303,-5.97962107,4.34856377
4.13810935,-5.98852609,-5.9871406
-5.92628467,3.99770382,-5.73553214
-5.71727149,4.10665605,-5.94658729
-5.97805482,-5.83445203,4.34361497
-5.83327971,4.11406292,-5.76993922
4.40726505,-5.91281285,-5.92933675
-5.95460585,4.44570274,-5.95963749
4.2146978,-5.74827161,-5.93291425
-5.82359461,3.99525589,-5.72872908
-5.98399662,-5.61405798,4.09897791
-5.62655996,-5.93196267,4.08594062
3.97732559,-5.92214548,-5.52844459
-5.97582222,-5.6530699,4.20295255
-5.92132317,4.31513993,-5.98945785
4.20703626,-5.96050247,-5.68648158
-5.91953851,-5.82785415,4.08876267
-5.63443469,-5.99676956,3.92942734
-5.79403484,-5.65949536,3.85421806
-5.77709053,3.87179976,-5.92657742
-5.75461867,-5.91099135,4.03246874
-5.97741925,-5.84859363,4.29833297
-5.74895768,-5.94669161,4.21684494
-5.98590659,4.21072169,-5.79257028
4.39340972,-5.97643675,-5.95732695
-5.79094694,-5.69845173,4.04197682
4.05106208,-5.98457972,-5.75820957
-5.9887819,-5.86125066,4.3270556
-5.84661714,4.31628076,-5.91784084
-5.76455659,3.95191975,-5.9005148
-5.89151668,-5.79980413,4.11520389
4.31434565,-5.97734537,-5.81583197
3.89983256,-5.79420351,-5.75516819
-5.78544814,4.34425972,-5.98840659
-5.95834028,4.36309902,-5.87427693
-5.89578369,4.12742193,-5.9733865
3.95994338,-5.93861815,-5.71689004
4.40564434,-5.86002248,-5.97041043
4.08408318,-5.86748148,-5.72630941
4.01044106,-5.81567437,-5.70492722
-5.97955057,4.32243419,-5.8385294
-5.73328132,4.06483171,-5.79633166
4.08286148,-5.96639809,-5.95946216
-5.74172218,3.89270136,-5.63539205
-5.83782186,4.18452645,-5.96233531
4.03614426,-5.87326521,-5.69315824
4.45696575,-5.94994782,-5.98261029
-5.99540803,4.06839512,-5.88862898
-5.70633212,4.20530268,-5.9849335
4.28755544,-5.99136814,-5.96969262
4.20168954,-5.97291727,-5.78450993
-5.79908109,-5.95499702,4.33683657
-5.75311023,-5.91104983,4.24520056
-5.56319538,4.01345586,-5.8688861
-5.96394318,4.25360558,-5.77705458
-5.99916127,4.23895748,-5.86890789
-5.93626014,4.15317828,-5.65729176
-5.93219183,-5.78907312,4.15746276
3.96279859,-5.998497,-5.71516129
-5.78124533,4.0284256,-5.8122864
4.09381662,-5.93894238,-5.60563513
-5.77202371,4.11047568,-5.9435268
-5.857727,4.27795608,-5.96814377
-5.87732855,4.32721355,-5.97674821
-5.76423607,4.32756676,-5.99747034
4.2065838,-5.771552,-5.87096762
4.16696825,-5.90707528,-5.79519341
4.00530292,-5.94256293,-5.71326286
4.29596157,-5.88090264,-5.97319811
4.07910145,-5.73881655,-5.90258582
-5.83467907,4.12438725,-5.76631293
-5.90587986,-5.97891741,4.11738717
-5.83106528,4.17685693,-5.8076551
-5.88760182,-5.94810985,4.41736205
4.06993685,-5.95963233,-5.78402849
-5.77184932,-5.95508916,4.1017526
4.22111368,-5.84209727,-5.94411697
-5.97229248,-5.92172929,4.3718415
4.22025362,-5.90021119,-5.936074
4.26851388,-5.9132746,-5.86564607
-5.9381772,4.20548714,-5.68378822
4.4443023,-5.99617241,-5.92825392
4.08963074,-5.86758431,-5.78792693
4.23619047,-5.78088183,-5.89732742
-5.77005669,-5.92204779,4.08879639
-5.9957132,3.98142068,-5.81198542
3.97670715,-5.57541324,-5.82394027
4.03921587,-5.89620939,-5.650314
4.34706709,-5.99225275,-5.90347285
-5.90399942,-5.94220108,4.43356719
-5.83857813,-5.94298025,4.07221299
4.14608757,-5.64088325,-5.95486661
4.13201203,-5.93491645,-5.91619181
4.13155058,-5.98829843,-5.58722254
4.34904626,-5.95899002,-5.92411784
-5.93614016,-5.98613837,4.28375954
-5.99220917,4.14010748,-5.96278091
3.99472099,-5.67038838,-5.95974798
4.12791135,-5.85169729,-5.76942764
-5.95419805,-5.9514914,4.47931802
-5.94981997,-5.67058343,4.15461082
3.95868474,-5.45439306,-5.94658657
-5.95842223,4.17046332,-5.87469551
-5.88688849,-5.9644044,4.38796989
-5.96219245,-5.77168865,4.06871649
-5.94031438,4.22118031,-5.74058988
4.06889281,-5.7318308,-5.85456428
3.93778248,-5.92166597,-5.69985122
-5.913776,4.16715731,-5.69762553
-5.99323078,4.09023652,-5.64103669
-5.82289101,4.19017103,-5.83238939
-5.73763908,4.06268375,-5.79191092
4.16217539,-5.95387488,-5.86091958
-5.98683758,-5.66280218,4.16919429
-5.78355912,-5.98549344,4.35285055
3.95277435,-5.69214407,-5.72222998
-5.92651504,-5.88158134,4.13200825
-5.57000591,-5.98987038,4.04413409
-5.56423901,3.99564152,-5.85129905
4.11431221,-5.82412773,-5.88581331
4.28581488,-5.94968484,-5.86771584
-5.78647149,-5.9954991,4.02896451
-5.84563253,-5.91732741,4.31212493
-5.89509383,4.27415924,-5.9393755
-5.8520064,-5.84133887,4.25002794
-5.94596359,4.24368615,-5.80335128
-5.99259705,4.52320009,-5.9561763
4.17654832,-5.98897114,-5.98630619
4.33446258,-5.86120642,-5.93353095
-5.81571222,4.26704956,-5.9099794
4.03105364,-5.79923077,-5.93196621
-5.6439395,-5.90119942,4.09941128
-5.80617624,-5.93281113,3.96264401
-5.99219705,4.24079215,-5.80018738
-5.87123434,4.03936868,-5.59342922
-5.77088688,-5.85106438,4.20229848
3.98469802,-5.65036863,-5.78814465
-5.91856511,-5.72789565,4.182762
-5.944032,4.20246448,-5.80514053
-5.68928384,-5.87634237,3.99072001
-5.97193979,-5.52362625,4.01308242
4.26532251,-5.97075657,-5.92377064
-5.99533785,4.32147559,-5.92249018
-5.96414734,4.35800627,-5.98366808
4.46621167,-5.9856058,-5.98198814
-5.94521175,-5.99134404,4.4140524
-5.79290827,-5.80168818,4.14370606
-5.60727358,-5.88621508,4.00074564
-5.91450759,4.13741639,-5.83110359
-5.80745972,-5.8847703,4.22683319
4.05886192,-5.66062904,-5.88835432
-5.98237685,4.25503933,-5.89838108
-5.54402181,4.06582706,-5.97667568
-5.87996108,-5.56839947,4.02272672
-5.84944391,-5.87061119,4.20435125
4.06350371,-5.81104025,-5.8172703
4.20344561,-5.94470314,-5.94656329
-5.92739722,-5.96781582,4.12979329
-5.71983101,-5.89291408,3.90820187
-5.85096813,-5.92936714,4.27892293
-5.986273,4.35524396,-5.93073902
-5.87444774,4.28320291,-5.96080641
-5.80800229,4.36292377,-5.97033773
-5.76926898,4.10728267,-5.90169944
-5.72489583,-5.88612673,4.09268006
4.38522707,-5.93574063,-5.87486277
-5.57189501,-5.96985295,4.04047199
-5.87465176,-5.91288859,4.32405255
-5.77509011,-5.97362527,4.27407724
4.17197047,-5.94636606,-5.71699403
4.11179322,-5.80637983,-5.9006806
-5.81420169,4.02647268,-5.63246228
-5.91062409,-5.97864712,4.42376932
4.3275213,-5.8244167,-5.94007015
-5.9545663,-5.77152051,4.26813082
4.07689758,-5.9425998,-5.88053799
-5.99129843,-5.94107743,4.51366073
4.20841295,-5.97526712,-5.92216322
4.14479075,-5.82303786,-5.84927056
-5.88856005,4.15479496,-5.69452402
-5.88588381,4.16704148,-5.89788485
4.10668078,-5.80917299,-5.73434702
3.89173923,-5.97043416,-5.51588387
-5.95749247,-5.78291948,4.314665
4.09908387,-5.91127741,-5.90294993
-5.83054345,-5.95615816,4.15095486
4.09602316,-5.77697761,-5.90774483
4.08389262,-5.91277526,-5.83630334
-5.76950405,3.96530771,-5.98743255
-5.82897577,3.94920722,-5.77962573
-5.81198515,-5.8528615,4.11182015
4.19464829,-5.69858964,-5.99256235
4.33641818,-5.98058266,-5.96308977
-5.85958431,-5.97479456,4.39506547
-5.95654738,3.93969125,-5.79930214
-5.64237513,3.93312924,-5.97977485
-5.67199464,4.21065516,-5.99955229
3.87306951,-5.80460165,-5.49306275
4.07441526,-5.70878966,-5.99142273
-5.70877148,-5.97825527,4.00052935
3.97148268,-5.93177701,-5.71177152
-5.79415629,4.27344021,-5.90697203
4.20774659,-5.87552286,-5.99799134
4.35701364,-5.99605673,-5.83498392
-5.97353037,4.3634781,-5.93575667
-5.83817944,-5.7769532,3.99620088
-5.75727785,-5.84987341,4.0428454
4.21038315,-5.97793929,-5.82694895
4.24619832,-5.95056924,-5.73666115
4.26140896,-5.72654834,-5.96504466
-5.94463775,4.42077546,-5.99687209
4.33889887,-5.93333472,-5.82293908
-5.98497287,4.21668747,-5.69101518
-5.73814283,-5.81893283,3.91731087
-5.88256504,-5.96511059,4.21036895
3.94383148,-5.73785452,-5.77645833
-5.91159285,4.34176662,-5.96037927
-5.90766921,4.34640422,-5.89147664
-5.72612216,4.07154662,-5.82060472
4.50211852,-5.96470981,-5.96442991
4.29901987,-5.99734521,-5.83591725
-5.56332411,3.98240016,-5.85301553
-5.95713072,-5.73603067,4.25621223
4.06770429,-5.98366016,-5.80640151
-5.8776196,-5.40335704,3.84894919
-5.40187874,3.88573379,-5.90883846
-5.92951502,-5.58824827,4.04025763
-5.8819486,-5.93965109,4.18572944
4.26834143,-5.94001693,-5.85028988
-5.98436509,4.1889977,-5.8452542
4.10830278,-5.83109964,-5.76833099
4.27001249,-5.96817427,-5.80586813
4.16781927,-5.87139414,-5.71889652
3.95000753,-5.70901493,-5.98874986
4.32127445,-5.94005817,-5.90872035
-5.96537207,4.19800973,-5.66136205
4.18952224,-5.97793109,-5.93727223
-5.51472511,3.93668324,-5.98608902
4.21236434,-5.87024857,-5.79056954
-5.97995154,4.07539899,-5.61005033
4.50633951,-5.98388755,-5.94139644
4.1125078,-5.9450834,-5.92797862
-5.81763892,4.28153651,-5.98128284
-5.97046159,-5.80154674,4.31034226
-5.87854281,4.04266784,-5.75514164
4.33440352,-5.97395693,-5.87090843
3.98669363,-5.83858806,-5.79914687
-5.77366299,-5.85522317,3.97111459
4.14301556,-5.89369022,-5.70201329
4.33317439,-5.99192054,-5.79051239
-5.87878486,4.01523863,-5.67003463
-5.62620945,-5.85097453,4.03425234
-5.96418606,4.01333465,-5.54161866
-5.80930423,3.89908784,-5.9283904
4.37221577,-5.93667802,-5.85109965
-5.71482817,-5.94189735,4.09148443
4.33088239,-5.97809878,-5.83581677
-5.97355763,4.16701106,-5.61346498
4.28711235,-5.83397172,-5.92223115
4.29039592,-5.94300671,-5.85971058
-5.89575444,-5.93163912,4.25145347
-5.99562899,4.19050851,-5.73962365
-5.99810867,4.17982749,-5.74467885
-5.91744892,3.94711337,-5.9468429
-5.99179721,-5.54663691,3.93326501
4.05446458,-5.71921406,-5.78185467
-5.52560588,-5.96209471,4.05489415
4.05054716,-5.96446607,-5.91739931
3.98802076,-5.9303847,-5.99008051
-5.97495243,-5.8731625,4.29829841
4.05980142,-5.90622253,-5.98704268
-5.92782789,-5.95536442,4.42626738
-5.70174921,-5.79515421,4.07615465
-5.89586155,-5.99250593,4.16115837
-5.90062084,-5.81258367,4.18280604
-5.94760661,4.31902823,-5.7892933
-5.82657377,-5.85838795,4.18160286
-5.70563295,4.00506566,-5.71126791
-5.99430565,4.44208963,-5.98882266
-5.91820115,4.21422481,-5.79876793
3.91457878,-5.51399887,-5.93063853
-5.93316395,-5.54786188,3.98803432
3.92821844,-5.93821926,-5.54629487
4.11735766,-5.92769835,-5.85796547
-5.96380323,4.50960801,-5.97025133
-5.63600325,-5.91074089,4.01862232
-5.62912497,4.16935898,-5.95966988
-5.9144865,-5.708183,4.18650191
4.24637046,-5.86945205,-5.85135674
4.253551,-5.96712937,-5.7778736
4.24070871,-5.98988909,-5.93504571
4.16138444,-5.84708377,-5.88940832
-5.53043587,4.08261454,-5.96971062
4.08955799,-5.94520092,-5.92629114
-5.91181495,-5.95878758,4.21641738
4.14291196,-5.79557946,-5.9764021
-5.90049938,-5.9113835,4.37010688
4.17596485,-5.69618539,-5.97727589
4.08233455,-5.87398704,-5.95649397
-5.94404469,-5.93198911,4.17880534
-5.92098517,4.06456669,-5.88697184
-5.68211152,3.88855926,-5.93157916
-5.94257883,4.09041436,-5.60281303
4.00932649,-5.91820464,-5.77259064
-5.94547329,4.37429995,-5.96077483
4.25085956,-5.79649348,-5.90934279
4.26188877,-5.88847555,-5.80353497
-5.69034253,4.10373095,-5.99089275
4.16708272,-5.82374011,-5.96904932
-5.81759304,-5.85020297,4.03356536
-5.9980902,-5.83857231,4.35282184
-5.98245922,4.09206638,-5.94743259
-5.96349912,4.25906312,-5.83207314
4.13742953,-5.72646241,-5.89956122
4.30896115,-5.84134361,-5.88224623
-5.72385669,4.23544462,-5.92608934
-5.71904572,-5.97809052,4.19733154
-5.58397114,-5.83325267,3.9565504
4.30771114,-5.79908622,-5.93924789
-5.86293397,-5.94477064,4.28389824
4.31115069,-5.99852166,-5.94552113
-5.98212176,-5.99660359,4.47256266
4.36145693,-5.97576446,-5.91284708
-5.95465188,4.0384448,-5.74113449
4.16814612,-5.76874917,-5.82732763
4.13530973,-5.69730761,-5.85389795
-5.99852744,-5.97695741,4.52211675
-5.52318696,3.87294731,-5.90158182
-5.73776827,4.2274435,-5.97386017
-5.91107199,-5.85007456,4.09640963
-5.86160724,4.28203329,-5.97556773
4.3409485,-5.81966827,-5.94297251
4.254086,-5.94672244,-5.86003408
-5.85419361,3.90900796,-5.51630378
-5.83305535,4.16600413,-5.94324756
-5.97590123,-5.3480405,3.82907191
-5.79410007,4.26721177,-5.95317974
-5.7529018,-5.7159809,3.88266737
4.5358116,-5.98905455,-5.97338362
3.97848451,-5.95870965,-5.45716613
-5.9867366,-5.72922514,4.05944986
-5.95846939,4.15575564,-5.84726625
-5.97520276,4.25602295,-5.87046595
4.2914934,-5.92936288,-5.97893708
-5.96739643,4.10850829,-5.75688322
-5.83285029,-5.98338694,4.02726889
4.3201387,-5.98399696,-5.78409623
-5.84014674,3.92848645,-5.65000047
-5.84138195,4.05030251,-5.89234424
-5.96620576,-5.52800601,4.04928534
-5.98331511,4.14347229,-5.71364371
-5.98397684,4.0458372,-5.68907951
-5.66210358,-5.89012748,4.03519305
4.25319189,-5.7046999,-5.98607909
-5.79234097,-5.95026893,4.26432571
-5.89383035,-5.66508172,4.0938183
-5.85181989,-5.85369725,4.2796246
-5.96261233,-5.97351404,4.40106865
4.05540158,-5.76519863,-5.98241197
-5.92617474,-5.67912639,3.990489
-5.89976177,4.17735275,-5.77769904
4.29605331,-5.98971322,-5.98748268
-5.83221314,-5.90122481,4.16677371
-5.85597027,-5.96100518,4.3374928
4.33682158,-5.83890498,-5.95265328
4.01513949,-5.99506769,-5.75246562
-5.98868724,4.15458215,-5.73111515
4.45084316,-5.9203981,-5.96155064
-5.85962389,-5.96120037,4.29172194
-5.52358003,3.90129496,-5.88947169
-5.75048085,-5.9923174,4.28659262
-5.78591152,-5.77650685,4.1076864
4.40091727,-5.99141673,-5.98170513
-5.72411516,-5.76009481,3.95274741
-5.83259717,3.90013252,-5.82741421
-5.80408372,4.24515792,-5.90547352
-5.86953516,4.31885808,-5.959952
-5.95754889,-5.78091829,4.07219442
-5.87637427,4.24677434,-5.98152351
3.92956173,-5.9631463,-5.74506081
-5.99711988,-5.95171684,4.13909226
-5.90425772,-5.72828389,4.13751714
-5.73223285,-5.87925731,4.18866371
-5.99697249,4.50770628,-5.93237881
-5.67854478,-5.8282348,4.04744985
-5.66131028,4.02070625,-5.78414947
-5.87372676,4.10764855,-5.96043579
-5.59241624,-5.93410931,3.89457524
-5.81596814,4.29289304,-5.96935261
4.22037134,-5.78230422,-5.95796198
4.09644195,-5.880695,-5.70670407
3.99343438,-5.84694819,-5.91718036
4.14037784,-5.97551342,-5.58918326
4.37285651,-5.93385022,-5.92666559
-5.88840499,-5.93708798,4.15743123
4.01904773,-5.76653648,-5.89260061
-5.90688344,-5.90291844,4.24304666
4.20726609,-5.97903588,-5.6755426
-5.6554604,-5.98882602,4.10774498
4.12307981,-5.94094394,-5.81711554
3.84519912,-5.70850866,-5.56402994
-5.74088271,3.87183878,-5.86000987
4.12066869,-5.92616726,-5.7964581
4.13881421,-5.93760724,-5.64701086
-5.91681547,-5.93863008,4.35726482
-5.82492084,-5.98960099,4.19517913
-5.84273749,-5.98760531,4.37642628
-5.82505505,3.99496701,-5.98679314
-5.99108452,4.32972549,-5.9350168
-5.91252329,-5.96294139,4.36422159
4.2513444,-5.88038777,-5.99058227
-5.89851253,4.28966011,-5.8688485
4.12007,-5.90320578,-5.74534571
4.0197456,-5.75743254,-5.76899025
-5.99562527,-5.86990991,4.33043816
-5.98283526,-5.92370613,4.44978717
-5.94791747,3.89436406,-5.99102864
-5.87559741,-5.70961809,3.99847466
-5.89661149,4.13024564,-5.92559818
-5.91248317,-5.62153595,4.05102434
4.56068104,-5.98850233,-5.99228771
-5.92930138,-5.89617924,4.40717035
4.11994057,-5.87956847,-5.92490556
-5.90799542,-5.69118223,3.95562279
3.97134696,-5.92744169,-5.79937658
-5.90566782,4.17896886,-5.94605378
-5.98221534,-5.93841745,4.24225544
4.02583283,-5.8998503,-5.63268611
-5.98018999,4.51085488,-5.96754793
-5.95187999,-5.915321,4.28542945
4.17223048,-5.95595127,-5.96921539
4.38265971,-5.80295887,-5.99855655
-5.89625742,-5.79939577,4.26728999
-5.93813951,3.97614961,-5.71545167
-5.72037338,-5.85226923,4.12836766
-5.99652415,-5.8679737,4.43933558
-5.79518628,-5.94633481,4.21378456
4.18447837,-5.95772957,-5.8509913
-5.80233358,3.89857852,-5.60958283
4.01655101,-5.95635816,-5.49029334
-5.55927552,-5.88875573,4.03201489
-5.98275623,4.07890993,-5.83103426
4.20890145,-5.85503887,-5.83083173
4.04114002,-5.92730287,-5.52991398
-5.92869149,-5.89416003,4.35798591
-5.95151878,-5.94355773,4.1346187
-5.92315977,4.29133915,-5.94462614
-5.70388813,3.86497471,-5.73217298
4.11098855,-5.82992478,-5.82969251
-5.92338662,4.33828243,-5.8952935
-5.70605969,-5.93473625,4.02249769
