-5.60214324,-3.69848918,3.59782783,-5.58501846,-4.56263469,2.90328596
-5.16475144,-4.85900396,2.7937944,-4.857204,-4.03368778,5.52533276
-3.99136909,-4.81661034,2.25440893,-4.72469015,-5.57587145,2.83447738
-4.52047881,5.03324379,-5.30512931,-3.71488217,5.30769092,-5.21375706
-2.8700203,5.87648579,-4.26673732,-4.28737103,4.7367989,-3.71932398
-5.15282808,4.8585528,-3.78270396,-4.92528315,3.88426755,-4.85060548
-3.47038095,-5.04758239,5.71812487,-4.52429441,-4.96981076,5.69817679
-4.15380949,-5.53414148,5.54755824,-3.61404707,-3.37946979,5.83610423
4.81402316,-5.26198082,-4.65384004,4.71761734,-4.80743428,-5.0604867
-5.18333933,4.1054395,-5.45785971,-4.87352938,3.85575938,-2.61796853
-4.02791891,5.27249847,-5.30638042,-5.26652421,4.07258363,-5.79202506
-4.70748433,4.01789274,-3.95044271,-2.90536979,5.24438431,-4.25915065
-4.81073127,-2.74322055,5.53815434,-4.79974175,-5.92484285,3.15089969
-3.55752827,-4.0121302,4.62432053,-5.78139926,-4.21998537,5.6834312
4.99279459,-4.29358097,-2.5290574,4.67612655,-2.60997094,-4.57697416
5.58672125,-4.13056786,-4.30287088,2.77233451,-4.61711138,-3.68296669
5.4784171,-3.03886943,-3.43333761,4.25764359,-4.99133316,-3.39223901
5.07427166,-3.5189716,-5.37023642,5.07215305,-4.44628939,-5.39955828
4.18745964,-4.30945864,-4.09133497,5.40617361,-4.24780552,-5.87822767
-4.23821152,-4.60552485,5.53706011,-3.71448028,-4.38920837,5.08968665
-4.44531588,-3.69789272,2.27150796,-5.34788601,-3.63458606,4.25656192
-5.95847514,-5.8955412,5.08082651,-5.49541589,-3.47405492,5.62747423
3.62424247,-5.56203071,-5.79145498,5.92973604,-4.94657346,-5.90575677
-5.36358038,5.50564948,-5.2212058,-4.13082647,5.43936145,-3.66696996
3.01746283,-4.90890976,-5.71500715,4.55582828,-4.37364711,-3.07838158
-2.52635453,4.09698638,-5.52773668,-3.35930103,5.23686644,-5.60174153
-2.86649731,4.4830238,-3.37156305,-3.27573407,5.46916134,-3.58506708
-5.84087741,2.9975865,-5.85425939,-4.96576976,4.44067449,-4.47750634
-5.5064982,3.35793605,-5.05404647,-4.73968395,3.10111396,-5.90541774
4.62017247,-5.08715638,-5.88878719,3.000414,-4.15532099,-4.87628472
-3.5783646,-5.52627204,3.59314941,-4.70438279,-5.99046895,2.54769301
3.05637592,-5.19052539,-5.54120226,4.65146694,-3.65878142,-4.8985339
-4.24963752,3.556727,-5.08568733,-5.2319633,1.99494973,-3.52171314
-4.64787277,4.54580483,-3.89447802,-3.45678909,3.70418357,-5.46151551
-5.4525984,4.60937974,-3.07815199,-4.59153635,5.61350896,-5.26322146
-5.43447382,-5.29663929,4.55446476,-3.80255803,-5.22978792,5.04054751
-4.65063497,5.04330855,-5.05556894,-4.09155782,4.25609127,-4.36084452
-4.73016694,-4.65082324,5.65816213,-5.12432661,-2.92815774,5.89155664
-5.13721437,-5.08133727,2.11987156,-2.98839381,-4.08808757,2.93971675
4.51430903,-5.31501568,-4.08607018,3.53693965,-5.56894834,-5.679033
5.45297473,-5.24358733,-4.41961177,5.28742864,-3.83084838,-3.25974409
-4.60538633,-5.91828085,3.01882986,-4.52693877,-3.48235672,3.31971448
5.80209143,-5.68203137,-3.34539363,4.34293291,-3.47801372,-4.22963608
-3.69308895,2.5227712,-4.9420084,-5.75653558,4.86729921,-4.10434709
3.19614297,-3.38505534,-5.66672814,3.18237978,-3.80833617,-5.67880774
-5.92745885,-2.90863827,5.94248511,-4.01072311,-3.21120575,5.84304906
-4.44479862,4.6722566,-5.03079501,-4.75314713,5.44046067,-2.69370488
4.51568171,-5.60875405,-4.32506293,5.51755969,-5.08627791,-5.93549899
2.9683922,-5.32220354,-3.94152927,4.72201452,-5.63515126,-3.25715991
-5.1707388,4.14351412,-4.04842403,-3.24044009,5.1840029,-5.97552759
-4.41214678,-4.80078703,3.42703334,-3.74346323,-5.84745256,5.80932168
4.49356458,-3.51511615,-5.89319963,4.32467055,-5.24846985,-3.33999014
2.79869627,-5.56700191,-5.52971596,4.84198667,-3.11167822,-4.49322947
-3.05192746,4.73596678,-5.07076761,-2.70346631,5.71902045,-3.24528529
-3.74099698,4.8215913,-4.94810723,-5.40788307,5.65311008,-5.55316804
-4.24200971,-5.70034358,3.61690802,-4.42613827,-4.59517144,3.40889159
-4.04532076,-4.69303013,5.5068451,-3.64029598,-4.71761166,3.94403208
-3.83465116,-5.17386675,3.11859477,-3.67018964,-5.35796031,2.96331755
-5.29404937,-5.24000346,3.66494402,-4.07147184,-5.90060958,3.8024042
-5.11113247,-2.85497305,5.79364762,-2.84178537,-5.31037935,5.97586949
-5.45610942,3.70820274,-5.01397958,-2.77027724,3.77871401,-5.9814884
4.79518066,-3.74407657,-4.4548485,5.55008105,-4.7378328,-3.72620699
-3.23867328,4.99668278,-4.46093992,-4.48925093,4.11120666,-5.49617487
3.9200112,-3.54419307,-5.48703778,3.50519522,-4.94681842,-5.24034282
-3.35402151,2.77453188,-5.30898666,-3.83897375,4.49319772,-5.76433275
-5.75059252,3.16707122,-3.59910656,-4.26011629,5.67774866,-3.74497815
-3.73022524,-3.64296216,5.82956036,-4.06130082,-4.79783606,3.23461617
5.31352236,-3.2460368,-4.44207256,4.91772748,-4.97386648,-2.74107853
-5.70378577,5.23439796,-5.17756824,-4.70742438,5.74598809,-5.01756647
-5.22812918,-3.26102917,4.7818344,-5.12564961,-4.51514985,4.01364513
-5.02620642,-5.22110962,4.65753326,-3.89939968,-4.00361931,4.77251617
4.00910133,-5.7925945,-3.87706825,5.69937644,-5.17998914,-2.85543761
-5.74122291,5.62309154,-4.00449777,-5.20437188,5.84939859,-3.59231543
3.40107876,-5.08298841,-5.73592309,5.38242842,-3.31830623,-4.03438147
5.75046849,-5.65321288,-5.00737882,5.99125967,-3.64427676,-4.54092043
-3.35307919,-5.17128936,5.51457139,-3.42650579,-5.09350776,5.94380025
3.97847782,-4.96841862,-5.04565139,3.90528523,-4.86469102,-4.68400238
-4.35072376,5.88363849,-4.88292523,-5.7452388,5.24021056,-4.35409216
-4.94568828,3.37855741,-3.78405995,-5.75054585,4.47494381,-5.14379391
2.39268275,-5.65890638,-4.95504056,5.69382029,-2.59172635,-5.93709978
-5.04302486,3.00229107,-4.87125906,-5.32233816,3.29485875,-3.36912245
-4.62890193,5.72744653,-4.72122176,-5.52742333,5.17245759,-5.43834894
-2.56300024,-4.98755036,5.51549061,-5.9699349,-2.62447869,5.75034578
5.31233387,-4.72792413,-5.22708759,3.48085695,-5.23326916,-4.8305471
2.90530248,-4.0822368,-5.45889347,2.5020179,-5.69302938,-4.63856082
-5.48200072,2.18484846,-4.57582338,-4.84077452,2.72328397,-4.83046199
3.58691396,-4.03130119,-4.53851553,3.27094232,-5.00328309,-3.3883847
-4.76246129,3.61316883,-3.32627093,-4.78441268,4.39929694,-3.06447768
-5.82219984,5.94363545,-3.42757479,-5.68345218,5.24861434,-5.36940467
-4.81010826,-4.87822385,2.94005267,-4.68148153,-4.05050834,5.85255786
5.11590859,-5.5020392,-3.29152629,3.45361637,-4.52454192,-4.29906125
-5.40841818,3.6150582,-4.95376183,-4.31672642,4.86216155,-3.20659487
-5.26336454,5.44773592,-4.9104799,-4.13313731,3.9203016,-3.58395693
-5.70711988,5.3989977,-2.79465913,-3.41306377,3.35672868,-4.68363014
5.33873058,-3.7409941,-5.75228986,5.97853627,-4.81480366,-4.32339065
-5.78270695,-4.61443312,4.56147588,-4.01847554,-3.62605841,4.10572276
-5.82432808,-4.98266766,5.60463337,-5.48208329,-3.56263976,3.83865102
-3.21911518,4.70871399,-3.12910429,-4.88305275,4.90395306,-5.38554753
-3.51042802,-4.2284261,4.69105063,-4.01701345,-3.20079962,5.88418021
2.93333409,-4.55309494,-5.55878882,3.05395851,-5.44080909,-4.36758725
4.62760504,-4.65590032,-2.82460625,3.09458352,-4.72787338,-4.64489001
-5.36348709,5.49953789,-5.46252096,-4.80756133,5.39427559,-3.1262637
-3.53680934,4.68858094,-4.50549131,-2.78788014,5.82730468,-3.66021809
-5.56418053,5.8132838,-3.83504985,-4.72663142,4.9572542,-4.59092139
-4.12222398,3.23813407,-5.56506566,-4.40026421,4.86986592,-4.71583386
5.3741048,-5.65770091,-4.21211696,4.73970686,-4.33916492,-4.25937398
4.38482569,-5.15332629,-5.01780099,5.3595524,-5.94858712,-4.2757066
4.18898952,-5.51515662,-2.91708633,5.01663669,-3.46603291,-5.27794179
-5.02859547,5.02077671,-5.21870834,-4.35103897,2.61445693,-5.35874872
-4.5560814,-4.03399377,5.06942991,-4.68674715,-4.79820772,4.11790662
-5.23230455,-5.66845287,3.42336907,-5.38023759,-5.3313904,4.18713817
-4.68877412,-4.90554357,5.820421,-4.35747641,-4.78930164,4.60078986
-5.34683289,3.73548022,-5.96567817,-5.10872936,4.29506367,-4.78604912
4.65221924,-4.24029064,-2.93017886,3.16089169,-4.0348374,-4.95586657
5.18970711,-5.36467824,-4.16234412,5.73949193,-5.9481293,-5.41789594
4.60863779,-4.53220406,-3.24861261,5.29575373,-2.82184613,-5.39431948
3.45100511,-4.61241134,-5.51278332,5.87863682,-3.43190891,-4.92056734
-5.69480868,-3.20815767,4.64808936,-3.81173006,-3.70697067,4.30258863
-3.63468214,-2.88085948,5.0404986,-5.04781781,-5.92519562,2.30979918
5.90991158,-5.58088553,-4.34918266,3.01821705,-5.42397691,-5.73555856
-4.77439934,-4.26122663,2.11393048,-5.45884801,-4.78323444,2.88792168
5.45989943,-5.43196165,-4.58904672,5.83928379,-5.58083977,-5.11443936
3.10985218,-5.54309319,-4.07283374,2.99172543,-4.4034823,-3.06435276
-2.69070814,5.11469174,-5.70139602,-5.07899893,2.69238725,-5.7992785
5.74873467,-3.15286509,-5.05920056,5.7027255,-4.79153733,-3.18785745
5.27882466,-3.26482563,-3.89028751,2.58390512,-3.916702,-5.03323905
4.91928216,-4.82582343,-5.10659559,3.60280886,-4.32809055,-4.42671564
5.43755793,-4.16441699,-5.73267601,5.40983859,-5.20936505,-3.63002954
4.29404182,-5.00377037,-5.75954904,5.87265523,-4.11784327,-5.09163573
-4.03566034,-5.1666305,5.52677574,-5.80759821,-4.94096331,4.3970943
-4.24061837,-5.6231167,4.33039844,-5.74372583,-4.26061289,4.71365566
2.84644308,-5.32570164,-5.36718968,4.17242379,-4.55227645,-4.97585324
-4.25453981,-4.83439304,4.81888231,-5.75931796,-3.58448227,5.38920054
2.25687588,-5.71183017,-3.88059658,5.9179011,-3.88277524,-4.04342482
-4.01955449,-5.52543483,5.13351289,-5.70490246,-3.55535639,5.76111544
4.24071158,-3.55601502,-3.33270717,3.55068929,-2.78291821,-5.41671305
3.00711776,-5.02962094,-5.19341766,2.44088379,-5.94449412,-4.67641743
-3.3083369,4.39829121,-4.45127097,-5.84434952,5.31922144,-5.11382886
3.43404382,-3.85883843,-5.26765479,3.06676893,-4.6188303,-3.56862539
-4.84808931,-4.00925871,3.30369613,-3.25658665,-2.96961011,3.65855481
-4.1205608,5.43390617,-3.69390284,-4.46598878,5.71819575,-4.93326066
-2.47116867,-5.36797754,3.79664554,-4.92111693,-3.81070372,3.14496685
-4.34686034,-4.33362064,5.48911355,-3.32466164,-4.97608126,4.01577058
-2.73865051,-4.55247637,5.65244622,-4.651693,-5.191012,4.26295413
-2.57756012,-4.9264299,3.57568125,-4.56374288,-5.9594388,5.37677266
-5.20327569,5.04843883,-4.90719161,-3.96901126,5.86394895,-5.46637333
-4.64643205,-2.95654791,3.8746606,-4.0625679,-3.29710684,5.70405172
5.38403961,-4.22083747,-5.99567711,4.04443918,-5.94882937,-3.74896343
4.62808697,-4.40024929,-5.56029857,4.4569949,-5.38126101,-5.74808376
5.0212873,-3.29882143,-2.26954635,2.94563333,-4.59574741,-5.92946584
-4.84856293,4.06443592,-3.94454405,-2.4597118,3.12809722,-5.66477588
-4.19950323,-2.68167697,3.62765239,-5.58095934,-4.88713198,2.68257804
5.87344565,-5.95379808,-3.1608476,3.77918776,-3.63507141,-3.46887901
-4.45949278,-3.1991653,3.49482509,-4.20677449,-3.87973096,4.65202964
2.62999449,-4.21301599,-5.53643063,3.27790353,-4.46988024,-4.7102371
3.26353956,-4.81735409,-2.91707735,4.0705862,-4.80191254,-4.33968551
-3.75507461,-5.13830297,4.70333542,-3.85457921,-5.13155429,4.4501101
4.20952345,-3.04151431,-5.45712003,4.89138249,-5.69086077,-3.42723742
5.69033404,-5.20528224,-5.22227177,5.91562629,-5.18745352,-3.37985406
4.05643198,-5.66733821,-2.73420068,5.17890027,-5.32766089,-3.13892624
-4.55504977,-4.20187745,4.20253868,-3.71513899,-4.16466838,5.11497814
-4.87413977,-5.99106939,5.99041892,-3.216281,-5.69602791,3.52201718
5.00576182,-5.65583766,-4.08074588,3.77425974,-3.78401265,-4.56622426
4.21258468,-3.29543028,-4.27450411,2.89147263,-4.4618941,-4.33227449
-5.84674164,-4.99185771,5.410951,-5.00302062,-3.67616058,4.85440215
-5.77232959,-3.82726983,4.03896294,-5.16769454,-5.12791807,4.63662741
-4.93459273,-4.48009254,3.96481691,-3.05926467,-5.16220484,5.18301134
-4.67474791,3.41537578,-4.8199191,-5.99029029,3.69334024,-3.23988801
-4.07197901,5.28719263,-5.35556963,-5.14610757,2.42438065,-5.65698286
-4.41460775,4.97958478,-5.72223638,-3.93979653,4.54977901,-5.5747535
-5.25577424,4.01265914,-3.31289816,-3.3388327,4.44484932,-5.62178808
5.17471689,-3.13827881,-5.62286475,3.87202189,-3.30803915,-5.95863922
-3.87628041,-4.75659855,5.66170571,-4.59713037,-2.9274559,5.23671629
-5.15462497,3.57808706,-2.64741284,-3.05198197,3.51255272,-3.86737945
-3.45670096,5.29980184,-4.10866479,-4.10475482,4.36334725,-2.90878204
-2.59976358,5.95375006,-5.18649035,-3.32483632,3.42017529,-3.24980906
-4.22842343,3.59859002,-3.11777041,-5.64539948,3.81375959,-5.39380898
-4.25215591,4.34698198,-5.12549119,-4.83148504,2.92912344,-4.39067477
-5.22695529,-4.00200577,5.31203898,-5.70065922,-4.58499463,5.36584713
-4.39253209,-4.46013089,3.59362551,-5.72658419,-4.99531841,3.59146459
-5.24959909,-4.18590037,2.45185847,-3.39335449,-4.7913488,3.82440319
-3.89335091,2.29139933,-4.38719049,-5.56935329,5.13126299,-4.76469338
-3.07452007,4.02203245,-3.774994,-5.72805316,5.90207444,-4.88769417
-4.34725974,3.99789644,-3.43164242,-3.77814626,4.71547831,-4.3261164
4.43405334,-5.91462339,-4.60403509,5.82743437,-5.37355812,-5.86187168
4.62074332,-5.22434861,-4.89203453,3.13917086,-5.50673307,-4.75494548
-5.63720034,-5.32015034,2.64088402,-3.72834459,-4.57207089,5.10448053
-3.72315807,3.78700157,-5.18438139,-3.55293301,4.57971203,-2.91543946
-5.31020272,3.4729175,-3.79305023,-5.73968237,5.06321901,-5.08155711
5.94989062,-5.35096798,-4.36109773,4.67944517,-4.60781378,-4.30847996
-4.88285117,2.21178889,-4.80119141,-3.07116875,5.84809673,-3.47308444
-4.89861903,-5.40048253,2.03982623,-5.6929572,-3.79390787,5.86709468
-5.81348385,3.67158436,-4.82793831,-4.34592806,4.03754628,-5.38281633
-4.10517446,-5.80980639,4.93188534,-5.77156821,-4.90925928,4.49546537
3.42862102,-4.36920627,-3.35179184,3.08347931,-5.43246337,-4.6856408
-3.64153897,5.75756077,-4.27571933,-4.09982095,4.34698414,-2.1264077
-3.14787569,-3.79545585,5.33056924,-5.04747075,-5.44790331,5.00606168
-5.36371158,-4.94288664,3.50644125,-2.85031569,-3.95670731,4.68616599
-3.54811682,3.47792588,-3.32590522,-5.37164084,3.96752346,-3.26894266
-3.09145601,5.8449195,-4.88271524,-2.58251151,4.27867889,-5.61132631
-4.45493405,-4.95301034,5.45812458,-3.76160343,-4.77724628,4.40645932
4.63507323,-4.04753898,-5.42471437,4.82651196,-4.88619756,-3.12615939
-3.08823119,-2.81393136,3.7834335,-3.47829916,-5.87005648,2.44620604
-4.50863138,2.89669847,-5.50190416,-5.8998515,5.50860994,-4.89644028
-5.16734779,-3.20532497,4.45596648,-5.66073103,-4.52877586,5.00411739
-4.38048929,5.28556557,-5.56423587,-3.60390104,3.02342492,-5.38779244
-5.88456507,-5.69479433,3.31536615,-5.56664075,-4.16166601,4.64511638
-5.99169231,-3.49460634,2.47979015,-5.84080064,-3.18090453,3.57790639
4.01748164,-5.81612166,-2.77020387,2.81487272,-4.63107641,-4.82266013
4.27135534,-5.69581483,-5.6796449,4.7706204,-3.82520937,-3.69677076
4.66112293,-5.53582268,-3.67115996,4.85026452,-5.51308987,-3.99588263
-3.49221141,3.33624709,-3.29685239,-3.95385596,5.16506316,-4.93486527
-4.78254516,-4.95383906,5.87815961,-5.81939469,-5.54742358,4.4244499
-4.05261759,2.4621324,-5.73739244,-3.98757296,2.12261968,-5.53894424
-4.20220273,4.57764725,-2.95533525,-5.24428168,3.69473641,-5.68494316
-4.79783492,4.27674063,-4.62071173,-5.71654135,5.67060737,-5.91384202
-5.24022544,2.72589673,-3.73467962,-3.10632067,3.72129975,-4.51737235
-3.90878639,4.09898239,-3.40805958,-5.78711694,4.69849496,-3.44075478
-3.83273853,2.80111884,-4.94235809,-4.51367859,2.63763971,-5.41432087
-4.54350463,3.58404329,-4.02884516,-3.88691806,4.76113116,-4.16226833
5.8600197,-5.57489318,-5.85287346,2.44136274,-5.20857187,-5.38412911
-5.19333523,-2.66752239,5.18999203,-4.62976567,-3.79262242,4.50586091
-5.53839073,1.99852231,-5.42800502,-5.09037663,3.92439534,-4.43441234
-5.97181321,4.52603095,-3.6287685,-2.99247156,3.36560868,-3.44778491
-4.92864448,-5.220768,4.10914297,-5.24171939,-4.86942285,1.97439342
-5.91513664,-5.9737385,1.78467621,-5.10365164,-3.5440802,4.29063509
-5.09729746,-4.79898209,3.02577519,-3.98814517,-4.58966552,4.69882438
-5.37774406,-4.61640232,5.45524362,-4.6956829,-5.32734529,5.42548154
-5.63517063,-3.4110134,4.51138638,-3.69358586,-5.30255517,5.50955288
4.89035628,-2.91023731,-4.8627768,4.03482308,-5.36479198,-5.8218588
-3.94324256,5.66053212,-4.25635675,-5.01038229,4.10266894,-3.32087189
5.76572697,-4.45770407,-3.67675015,4.75655902,-5.02036025,-5.30640966
-3.13898518,-4.98312727,5.62541799,-5.91887611,-2.7456245,4.52511608
-4.8495971,-4.44333951,5.63952186,-5.36296995,-5.12516561,5.08024813
3.77456816,-5.55076973,-5.10084212,4.61976806,-5.38160465,-4.85980016
3.24246665,-5.45011219,-3.32844783,3.87350999,-4.19517431,-4.05113653
-4.71615509,4.22938503,-3.53045592,-3.9008066,5.22627296,-4.16796087
-5.10115778,4.15775189,-3.03994076,-4.66241598,3.57108875,-5.92803209
-4.12708768,-3.82735331,3.09154026,-5.16993155,-4.59867001,4.50157179
2.78701234,-5.50524968,-4.99822358,3.67294115,-3.82955179,-3.90427206
-5.37998717,-4.84444712,3.87951895,-4.49235555,-5.24692116,4.71224757
3.82306837,-3.28514445,-4.39354819,3.94205809,-5.95341512,-3.35292782
-3.71306058,-5.9220711,5.75086996,-5.34714927,-5.74552484,4.05580327
5.15045489,-5.17016995,-3.89040055,4.69948671,-4.4476134,-5.64528739
-3.59043116,2.43598858,-3.57904222,-3.82277973,3.51300866,-3.82501393
4.19084624,-5.98226541,-5.53277491,5.79967972,-5.49938087,-5.88941244
5.88262576,-5.63168513,-4.08509679,4.14478369,-4.66642705,-5.39310454
-5.41430726,5.65895208,-3.55404561,-5.74875296,5.48178429,-3.97467437
-2.88081116,4.86084411,-4.20662547,-4.50722566,2.44243579,-5.70293093
-3.24184398,4.60068912,-5.29553577,-3.54519229,4.59716645,-4.47688091
5.68044687,-5.49367576,-4.6939506,3.18843039,-4.48255005,-4.28159342
-3.6712666,4.89458594,-4.89638374,-4.5214873,5.66246307,-2.69474424
-4.46854122,3.95446933,-5.63930026,-4.04048421,5.80749315,-3.09814156
3.70662323,-4.75332513,-4.23297566,4.33929542,-3.01203105,-4.52820305
-4.90022162,2.15462738,-5.83041972,-4.85164497,4.16456368,-3.59555709
-5.63714593,-4.52783151,5.22051819,-5.66713971,-5.30144542,5.97553926
4.98398126,-4.77775383,-4.72690382,4.00028578,-3.58317403,-5.9485597
4.91526065,-2.95560189,-4.10138911,3.25864327,-3.32811925,-4.90157467
5.92012969,-4.00864909,-2.52084628,4.36591655,-3.33514971,-3.67906976
-4.00410207,4.71558444,-4.40956597,-5.70201912,3.46483583,-5.74552219
-3.53553856,5.17619684,-2.84831058,-4.14733573,3.07216899,-3.99768164
-5.84030212,3.23456285,-4.13244306,-5.04877612,4.06683572,-5.44942761
-4.64636622,3.62112715,-3.89611829,-4.60230429,4.85914184,-4.19031704
4.87639396,-3.16636923,-4.22562726,4.90085102,-4.78546089,-4.92680548
-4.64019355,-5.99313042,4.57730034,-5.17078704,-5.96014372,5.79029795
-5.02623005,-3.28373848,3.78923906,-3.38180167,-5.37876884,4.16042611
3.9352976,-4.9186107,-5.36343129,4.58255341,-5.13409867,-3.99151437
-3.48284908,4.58988952,-5.63566415,-3.31596886,5.07928848,-5.90270557
5.17134381,-3.11802358,-5.45014645,3.85494132,-3.48860773,-4.7559941
4.18647239,-4.23089089,-3.48344035,5.94236418,-5.47430236,-4.08416919
-4.33936898,-3.63080119,4.62599455,-5.16442062,-5.6671935,5.69067101
-3.81251108,3.76333755,-4.04850289,-4.25519474,4.96101663,-4.41766466
-5.9114215,-5.22128681,5.43627342,-2.90692974,-4.29417614,3.87851299
-3.09346897,4.94690074,-4.93883717,-3.75255061,4.76790846,-4.60140495
4.35447491,-4.39716955,-5.4985404,5.74326443,-5.92449088,-3.61899652
-4.84374998,5.28512456,-5.61853325,-4.24127439,4.59603883,-5.68394706
5.75928799,-5.4687313,-5.15350801,5.09893463,-5.71015499,-4.24007078
3.63898192,-3.6505551,-4.76175247,5.41471093,-4.74734806,-3.90986349
3.69536773,-3.21021837,-5.94369579,5.49679871,-3.08781574,-3.7728342
-4.09004414,-4.62744034,3.76563183,-4.45513696,-5.36649956,5.79854438
-5.70630717,-5.14735468,4.91729356,-2.95774167,-3.66760735,5.13574913
4.79088013,-2.88169328,-4.62650849,4.34561315,-4.14651423,-4.80804212
-3.89447545,4.43476907,-3.57102523,-5.00713343,5.20600372,-3.49130258
-3.85744792,-4.22126063,5.60602092,-4.8600815,-4.26898538,4.34646924
3.88249249,-5.61954917,-4.19891919,2.85831921,-5.57865345,-5.71023148
-2.48275841,-3.87863478,5.50290691,-3.51575926,-3.42209096,3.08679057
-4.35926675,5.70269922,-4.95460509,-5.38628285,5.11048258,-3.41802623
5.47612892,-5.44924206,-5.11150996,5.550554,-4.99829802,-5.23783428
-2.67061137,-5.3816061,3.5803752,-2.86006571,-4.11174303,2.93046686
-5.21228459,2.59348852,-4.71626527,-5.45604292,4.19002156,-4.99651676
-4.44562185,5.92924457,-3.92950566,-5.37405928,3.57193472,-5.94195826
-3.92250605,3.47809992,-4.91633894,-5.41209672,2.57402488,-4.96690812
5.8923605,-4.40709459,-5.52558907,5.33851504,-3.4683732,-5.86252739
-3.85958125,-4.67616802,4.09521093,-4.72985185,-3.73298792,5.97414631
-5.39953619,-4.44133687,2.98273119,-3.98852149,-5.02017284,4.81409888
5.3319569,-3.72369054,-4.6410334,4.09346047,-4.72632662,-4.14930534
-5.51958304,4.42504767,-3.33549082,-5.83662053,4.34289758,-5.134955
4.15439314,-4.09560534,-3.72956133,4.33697183,-4.13557913,-4.44597545
2.38169432,-4.50836898,-4.81873928,4.10552687,-3.60490517,-4.0702145
-2.84105134,-3.59040279,5.35093429,-4.29318962,-4.10774592,5.10933638
-3.76154615,-2.8450079,5.17351454,-5.03692005,-5.08663826,3.80344379
-3.31653091,-4.22174733,4.95003565,-3.42129386,-5.06493303,3.71065945
-3.1245033,-5.95449543,3.78009187,-2.13533999,-5.1011014,5.37900508
4.47012496,-4.45840637,-5.93021612,3.06687792,-4.51782886,-4.48913124
-2.80165876,4.72530596,-5.25517901,-3.32162493,4.35864077,-3.45265486
3.16673714,-4.40049239,-3.74389011,5.07264701,-5.36973457,-5.00813007
-4.82392445,-5.39565786,5.3648592,-4.93518844,-4.75713899,5.98851328
3.54340522,-4.39373353,-4.4579485,5.00692232,-5.83964268,-4.82885004
-5.84867701,-4.34824676,3.53047248,-4.80876443,-5.12674128,3.80966303
4.49549623,-4.87665464,-4.99048022,2.75500114,-5.36376159,-4.48317357
-4.38150966,-3.80617001,4.32802004,-5.41773896,-4.94806982,4.77674607
-5.13861212,-5.22867001,5.41213259,-4.61780846,-5.91751305,5.45204035
-3.22776286,5.47265922,-3.77602921,-2.84065237,5.07920292,-5.66237581
-3.95203717,4.55021888,-3.62417781,-4.89033547,5.79719525,-4.20519766
-5.45275577,4.14337501,-4.73033014,-4.18687045,4.63254162,-2.96573068
-4.9594507,-5.9828534,2.79026158,-4.58287899,-4.56578998,3.34515444
4.68090658,-2.54777567,-4.84183925,3.98996396,-5.20316148,-5.04005273
-3.61884098,4.76480978,-3.95168794,-5.74030049,5.01450933,-5.7817009
-4.48104653,4.68340104,-3.34211432,-3.87999894,3.93449373,-3.3482997
4.16674729,-5.39824972,-3.97015125,4.51883692,-4.48855311,-3.39160236
-4.18368156,3.81997432,-3.17723425,-3.65045753,2.52643175,-4.95036835
-4.11551566,5.74769584,-4.24499523,-5.67868854,5.48736655,-4.04438296
-5.9551641,-4.46199945,2.75109319,-5.40681813,-5.86458971,2.71395554
5.25750088,-3.5535911,-2.66791824,2.89257463,-4.12735133,-5.43937538
5.67661014,-3.52382168,-5.41866827,5.33394558,-4.89769696,-3.00913365
-5.33930102,-4.7737509,5.09178007,-4.22078172,-4.82798148,2.55217702
4.63848739,-5.43959879,-5.75405525,3.58880185,-5.01740299,-5.98501222
-4.20707585,-4.55725018,3.75943479,-5.86144544,-5.90283528,4.48380045
-4.95720805,-5.81120132,4.59946822,-5.18888076,-5.3772916,3.70308682
-4.33582087,-4.85881566,5.77751728,-4.11161566,-5.24447402,3.20999477
5.57077177,-5.44758892,-5.26080219,3.9435602,-5.8084132,-5.86214721
-3.83934342,5.07059394,-4.13065498,-4.25957527,3.78835123,-5.81291158
-5.45110778,-4.42491579,3.04521352,-4.79858541,-5.76616524,5.22934575
5.57147765,-4.09864243,-3.50957794,5.46174876,-3.42969601,-3.82940295
-4.26439366,-4.72825712,5.44933589,-5.74141293,-5.54817562,4.46464351
-4.50843615,-4.86535855,5.56330323,-4.42401914,-5.83144773,5.05648183
3.07114542,-5.87375709,-3.55324108,4.77904478,-3.87987723,-3.25391179
5.01558866,-3.65539854,-4.99536159,4.92474894,-4.8040322,-5.09842895
-4.31685824,-4.55641467,3.20601372,-5.40661319,-3.44207722,5.14326686
3.88818547,-5.9290104,-5.57605053,2.77938503,-3.02207966,-5.43960235
-4.74052522,2.66151359,-2.94763749,-4.01543927,5.91384389,-4.87799951
3.40050077,-5.98389113,-4.61047333,2.80924991,-4.11578336,-5.90599641
-4.37518345,4.26004133,-5.35079555,-3.15442701,3.60388212,-4.10580503
2.93893351,-3.31804881,-5.62334571,5.97845266,-4.94204043,-4.82075593
-4.36840745,-5.7922831,3.05375002,-3.45944973,-2.96391949,3.51502757
-2.92735573,-3.74454361,3.08274254,-5.59658176,-2.45938643,5.17590855
3.99163325,-5.05898779,-2.75402671,2.51867246,-4.34780858,-5.056897
-3.93615124,-5.780038,2.75893005,-5.61556158,-3.13648471,5.00359113
3.65168508,-4.34493037,-4.18618714,3.55969991,-5.87894173,-4.99086017
-5.16917767,-3.84782805,3.42002731,-4.22867482,-4.37648371,4.10030307
3.14313511,-5.79926831,-5.09874974,2.69538994,-5.48812323,-4.77003846
-3.38076947,-5.7175229,4.41660589,-4.74111492,-5.32684469,2.72543351
5.37778617,-4.47948408,-5.96282634,4.96662328,-4.29066935,-4.35825402
-5.45631573,3.87137276,-5.06042165,-4.40361446,3.75150685,-5.29633437
-5.42232087,4.12306647,-4.78922387,-5.30675974,4.01220334,-4.52178066
-4.22718829,-5.7999274,4.79912406,-4.55435947,-4.30811301,3.6781542
-3.13968449,-5.64040814,4.84987765,-5.52273825,-4.08920023,2.23356636
-4.8679913,5.70899565,-4.44892917,-4.52715518,4.93922464,-3.18154517
4.53593061,-3.23487866,-5.11941536,5.86076522,-4.08280798,-5.77657463
-5.24941845,-3.29217243,5.23041426,-4.02453249,-5.85646506,4.32637842
5.83246919,-3.33184445,-4.62093009,3.04409168,-5.38854716,-4.29319673
-4.94775324,5.31914496,-4.64467643,-5.79474317,3.94652659,-3.50236835
4.18413053,-4.92010638,-4.65972229,3.20504286,-4.9310878,-4.67559051
-5.30203565,-5.98885227,5.94337241,-3.64026546,-5.08207492,2.74968539
-5.79965818,3.3278093,-4.94774307,-4.53588926,4.15554306,-3.03085386
-5.84009326,4.41123904,-4.89615701,-5.72160395,4.11534151,-3.26472442
-3.09693661,-2.92334576,5.83655584,-5.82837476,-3.46522062,2.67383271
2.93777425,-4.89103253,-3.65508876,3.61489371,-5.15052836,-3.72672735
-5.39777614,-3.85072185,4.19804346,-3.82020592,-4.85750195,5.57338559
-4.2280602,-5.57028836,4.03713332,-5.00993276,-5.03238635,4.36624392
-4.01995451,5.07650607,-3.87963661,-4.95326329,3.56454378,-4.17120152
-4.05706247,-5.83508936,5.34257346,-5.36325743,-5.70655063,5.00151345
-3.43640514,-2.48756044,5.08370426,-5.70172298,-4.89220057,3.74870903
4.34614389,-5.53887665,-4.40018251,3.64846581,-5.30439122,-4.23659693
5.09455364,-3.74802661,-4.27801514,3.32899951,-5.03770352,-3.80180612
2.99969366,-4.33543831,-4.96602209,4.87762715,-3.11298971,-4.57302171
-3.01043084,-3.81433318,4.5803104,-4.65378119,-5.84213859,4.75548212
-4.32405669,-4.81596109,4.38935153,-3.97082678,-5.05510383,4.97631587
-4.24682195,-3.09861076,2.88659297,-4.74908105,-3.32295614,3.79501211
-5.2041425,-3.47034258,2.92911178,-4.28085101,-5.86240422,5.28954493
-5.74627317,-4.62813312,3.74615905,-5.94810954,-5.79248145,3.04705728
-3.94722824,4.43021374,-4.77529923,-4.80514668,2.8391976,-4.73111006
-4.71118469,-3.90179903,3.61415566,-2.6207465,-4.49105178,5.42128145
5.63262824,-5.71661716,-4.30846354,3.88627303,-3.6696518,-2.82911011
5.42670159,-3.36318276,-5.45000375,3.81411927,-5.87140807,-4.42660356
-5.3603871,2.7969423,-5.72694561,-5.18716919,3.61969687,-5.35462844
3.32355913,-4.80291811,-4.3280421,3.29231141,-5.76969023,-2.25338
-3.21811727,5.39544074,-5.42246287,-4.1115978,4.96488547,-4.37061633
4.39032494,-4.99096515,-5.09321901,3.91034831,-2.8129136,-5.70200173
-4.98099035,3.88966339,-4.62430103,-4.22785471,5.45027861,-5.14909916
5.48841799,-5.75145208,-5.30765653,4.60153396,-5.65180743,-2.83162494
-4.42148522,5.01788012,-5.01917196,-3.59046129,5.36236766,-3.63394125
4.26494997,-4.22189345,-5.29639418,5.89572008,-4.69097482,-5.70342177
4.41894413,-4.7087287,-5.83251783,5.05761077,-5.25455209,-5.04864676
-3.9378238,-5.1893084,4.46268085,-3.30813079,-5.22614802,5.60341304
-5.9366106,2.79748874,-5.44938291,-5.10353699,4.62417426,-5.62286062
-3.43270428,-4.5104665,5.67011332,-2.67639759,-3.94737649,4.78068837
-3.21172929,5.03823203,-3.99157817,-3.20680526,4.91276,-3.27623543
-5.39067339,-4.85951632,3.99378203,-5.32546851,-4.67313439,5.07753958
-3.40954881,-3.46643215,3.60022269,-5.76193022,-3.89927957,2.92329088
2.53718324,-4.27268845,-5.0172704,2.82802564,-4.50695709,-4.8556998
-5.58690033,-2.39469974,4.37222176,-5.98360583,-5.99324897,4.16315091
3.72123414,-5.92263513,-5.25825822,4.6120544,-3.4130176,-4.53903828
-3.28288209,-4.53451701,5.93979734,-3.18183202,-3.66150183,5.45661922
-3.73268783,5.12452327,-3.83114034,-5.09183247,5.45543878,-4.0609144
4.86641132,-3.25622067,-4.78661034,3.82619664,-5.10785903,-4.51773776
-4.50271956,5.07116899,-3.74178865,-5.14807183,3.13808039,-5.26511016
5.7651905,-4.25538139,-3.98549145,3.53883096,-5.66286401,-3.42110815
-4.81875948,5.72091991,-5.52855667,-5.80927669,3.5981845,-4.55348846
-4.84568139,3.34244922,-5.13582201,-3.25012366,5.93736709,-5.98112721
-4.40796318,5.90819159,-5.34253267,-5.87957446,4.62200131,-5.73682211
-4.92545684,-4.25814954,4.73335552,-3.60688759,-3.37237845,5.22965655
4.74215787,-4.86182498,-4.32356412,4.45266557,-5.07882584,-4.21534882
4.70600651,-3.70644628,-4.01743716,3.46795672,-3.4541897,-4.26676444
-3.24904766,3.71317482,-5.22750471,-5.37723531,3.03237639,-5.99105865
-2.29862174,-5.4526115,5.52273298,-5.43684226,-5.98285102,4.23123244
-5.26311155,-2.55922458,5.97340554,-3.93567414,-4.49535119,5.66429553
5.02189263,-5.48044593,-4.97546494,5.36756754,-5.16725601,-5.1658233
-3.67307844,5.79299192,-5.00003363,-5.00665499,4.76262368,-3.97024357
-4.66526481,-3.26701719,3.77356488,-4.67285014,-3.41492448,5.53028125
-4.23374934,-5.45084826,3.29643568,-4.04962945,-4.76599608,5.75411026
-5.21237005,-4.21188306,3.84068821,-4.95327586,-2.77472272,5.86417176
-5.64946941,4.42518628,-5.48371225,-5.06268713,2.52513419,-3.76552508
-5.89744531,-5.0598547,4.49890314,-4.82021238,-4.45445758,5.94922081
4.84272163,-4.56954928,-2.20574274,4.38765482,-3.98117912,-5.42287169
-5.13231169,-3.62733033,3.43424926,-3.46351858,-5.93711761,3.9260054
-3.80136809,-5.35328004,3.63683629,-5.48256217,-4.13528742,5.24132307
-5.35461436,-5.90899582,4.82162779,-4.10444796,-4.4137904,5.41514311
-4.43436946,-4.92217091,5.08824539,-3.91676091,-5.12281574,5.27010582
-4.34323088,-3.85725394,5.50278654,-3.7429706,-5.93833782,5.30111931
-4.26455875,-3.19558642,3.76929704,-3.62891735,-5.11580963,3.60952177
-3.93279795,3.86169623,-4.4888911,-5.67995621,4.87767086,-5.28383034
-5.33511254,3.15601854,-5.74188664,-5.34908167,4.11836105,-4.40750678
-5.76555484,5.80034294,-5.45878778,-3.12529629,4.23847383,-4.41114106
-3.15107613,5.9137567,-4.44375038,-5.28506763,2.51822919,-5.3251409
2.5831443,-5.6846537,-3.76099825,4.84518987,-4.49349698,-5.03833114
-4.60708632,2.57538266,-5.97050282,-3.45645701,4.53041985,-3.38836247
-5.73540154,-4.42770861,2.78506152,-3.33244518,-5.66982899,3.3108368
5.53306946,-5.21833129,-3.77743838,4.83575063,-4.55697598,-3.27474375
-5.15183925,4.36411376,-4.59916863,-5.31407153,4.37032927,-4.6545861
4.27535207,-5.35399365,-4.12184816,3.75657653,-5.29852693,-5.11711912
-5.78637425,4.38254303,-3.54396342,-5.54764604,5.53851826,-4.16922591
-4.70582354,-4.23509792,5.6881659,-3.63521838,-5.49038921,4.23349867
-2.65003947,4.85327565,-4.20926367,-3.60939247,3.55590503,-3.5690017
-3.88024651,5.51244582,-5.98877872,-5.79758446,4.68368516,-3.74748378
-3.92842739,4.97301825,-5.31132222,-3.82248589,4.76704699,-3.48260328
2.06623319,-5.01121339,-4.92473395,4.96028836,-3.22183206,-4.76731199
5.73450241,-4.12638355,-5.02188525,3.43856021,-3.32120242,-5.42199437
5.99285318,-3.01942046,-5.3841054,3.37798504,-5.326271,-4.76620442
-5.77870423,-4.64948616,2.86935133,-4.59579216,-5.11059725,2.87631801
-4.78266637,5.574402,-2.80900483,-5.88364559,5.39018635,-5.5858892
-4.79980696,-4.70333854,1.84625012,-5.14903705,-3.25167777,4.50297096
-3.47703935,-4.92616893,2.4031751,-3.1914317,-3.39762232,3.16917067
4.08868202,-2.92191852,-5.88195899,3.24632765,-2.81526144,-5.28591125
4.21687213,-3.82326718,-4.48223808,3.11085222,-4.78337264,-3.56287983
-5.8906352,5.39803879,-4.68631719,-5.91290476,3.05161835,-4.72960313
4.14071046,-5.22874106,-5.35023649,4.8099539,-5.14456275,-5.35789836
-3.88619476,-3.60324409,5.97940807,-4.31099973,-4.99671344,4.97776486
-4.20841159,2.60156252,-5.47246979,-3.13127841,5.59147784,-5.22030469
-3.98295113,4.60653632,-2.97643996,-3.25957433,4.90744818,-5.66955808
-4.08057726,2.81796277,-3.62783622,-5.64920323,3.73614715,-4.44136409
4.50902151,-4.38873227,-5.10534761,5.66039309,-4.60314307,-5.25531917
4.79201787,-4.01261749,-5.88460662,3.9819105,-4.62856464,-5.30445219
-4.40989937,4.60251618,-4.55834349,-4.68526324,5.97892056,-3.39839608
-5.04848951,3.95961818,-5.34745266,-4.10438874,5.14712296,-3.54945536
-5.13395609,4.81832394,-5.83614076,-4.13342394,5.93915814,-4.93365111
3.93539172,-5.02387035,-5.79106879,5.02830606,-3.29693843,-4.47280553
-5.75374453,4.18840884,-4.71049466,-5.44856224,4.68055394,-4.57141231
5.52645738,-4.67263406,-3.30209864,2.46226396,-4.7321334,-5.44984319
-3.65699416,-5.2334424,3.52931017,-3.46075966,-5.41201178,5.94464026
4.7137744,-3.90237404,-5.23916564,4.49272952,-4.5884245,-4.15112639
-5.67402989,4.52379051,-4.45648354,-5.13180128,5.52597257,-5.05039857
4.09496879,-3.98843572,-3.93030671,4.64610005,-4.04911066,-4.20045661
-4.15103469,5.1099417,-3.86135725,-5.49216351,4.19118247,-3.30671044
-4.06379118,-5.2534336,5.39797907,-4.53334371,-3.43272986,5.18424625
4.65335634,-3.63646651,-5.93435949,3.23556061,-4.52857413,-5.03162806
-4.90710945,-4.85534784,3.71810456,-5.40621839,-3.78265739,3.42520424
-4.46905357,-5.80351624,5.79559275,-3.9940556,-4.96091376,5.70716504
-4.15056873,-5.79095421,3.82357553,-4.45047402,-3.15685291,5.99227496
-3.05999319,2.6092035,-4.78205441,-2.55432872,5.94481405,-4.77208689
4.08097805,-5.17054306,-4.68298861,5.50532858,-3.41681739,-3.04415426
-4.61084479,3.26915531,-4.51967519,-4.64061105,3.80877186,-5.05755357
-4.47962607,-5.65819207,2.96662559,-5.67670155,-3.55430537,2.65922964
-5.69932353,3.88345268,-4.64961827,-4.76382463,2.67548365,-5.40211085
4.31483205,-2.76179955,-5.41940787,3.61745427,-3.78111715,-5.79184529
-3.48387665,4.23735049,-4.84089149,-3.58497136,4.04238623,-3.58014365
4.70848971,-4.1490843,-3.58233276,5.53217165,-4.56769533,-4.14672357
5.01515209,-5.28786667,-4.36645407,5.99837804,-4.83261087,-4.68409354
2.8420605,-3.44736279,-4.68579256,3.10392855,-4.82885287,-4.67500097
-5.64617798,2.95048408,-4.72737574,-3.25847917,4.50349644,-3.85722827
5.03281518,-4.66345013,-5.7324931,3.26015378,-5.14368392,-4.82194145
-5.94918045,3.69998546,-4.51914532,-5.77206026,3.29514974,-4.94381102
-5.97370893,3.49971361,-5.10417749,-2.68933525,3.75956973,-4.80003063
3.1517011,-4.42987869,-3.83814299,2.67374024,-5.65794544,-4.10512423
-4.20990388,-5.39835868,5.91345109,-5.94826934,-5.40510175,5.17157535
-5.58590256,-5.08886133,3.28811007,-4.772184,-4.40543048,3.73929417
-3.12446247,-3.9921948,3.27320041,-5.46696879,-4.83677172,3.20553717
-5.91247704,-5.01136746,5.79608323,-4.13504556,-4.39100443,4.4857153
4.90600433,-5.81801321,-5.37657561,3.70976025,-3.53027423,-5.73834094
5.10381907,-5.91841682,-5.0389392,4.58702996,-2.7965645,-5.34461341
-3.40401272,-4.92442581,5.31559233,-3.97643363,-3.73648095,5.60785801
-2.7844974,-5.29379286,3.00357438,-4.01080548,-3.56516934,3.73210559
5.53225043,-4.49544639,-4.31445823,3.53044349,-5.20719762,-5.98190543
-5.79715167,4.23961365,-3.41388823,-4.1405072,5.00970903,-5.47687369
-3.80197919,3.91092824,-3.86320294,-3.59600844,3.87915741,-4.71908169
-3.28012641,-5.8363541,4.30104254,-4.75597807,-3.67556209,5.59212667
-3.80958409,3.66037244,-4.13113038,-4.53821275,4.48164017,-4.75491433
4.5748911,-4.18041204,-4.70212695,2.60349317,-4.05148452,-5.21744533
-5.98601168,4.86979781,-2.7923492,-3.90469151,5.66523487,-4.25226331
4.40070908,-5.26750251,-5.2685828,5.26388929,-4.12961512,-4.44455633
-4.31069255,5.83335588,-3.74054745,-3.90742556,5.95148774,-5.78250287
-4.51102922,-4.61984923,5.66377139,-4.35613797,-3.04710554,4.32813732
-5.65225625,-5.92483772,3.0308302,-5.66064842,-3.26397912,5.9960851
3.69322153,-5.64505309,-5.09077915,5.3152587,-4.47620653,-5.11363593
-5.66364317,-3.41376431,3.41006833,-5.04254962,-4.64708586,5.98125669
-3.40987728,2.87061256,-5.60458828,-3.20823383,3.75787483,-3.22877145
3.07838045,-5.46652105,-3.53948215,2.62501398,-5.04729896,-4.10586564
-4.33127609,-5.43689381,3.59609561,-5.90820302,-5.076818,4.93997218
-3.70214345,-4.76682797,4.90270723,-3.96978806,-5.47357927,5.12593032
-4.61968821,-4.44897411,5.11059124,-4.95082939,-5.34056781,4.61534657
-5.21502258,3.99765341,-4.94943477,-5.27940277,5.1171171,-4.04895175
-5.66157774,-5.73268007,5.38508538,-5.15465058,-5.28661175,4.49916047
-3.76557738,-4.80829232,2.77848314,-5.36459753,-3.01625652,4.22053752
-5.26181679,-4.6905728,2.9763264,-2.89644783,-4.04807909,5.49307071
-3.81074769,4.2663863,-4.40697031,-4.15674297,3.767204,-3.40055099
5.19822429,-3.6637673,-5.37657411,5.02420717,-5.56573109,-5.25591394
-5.18117443,-4.97983619,5.5636126,-3.68690087,-4.92123351,3.61674013
4.33122798,-5.22662922,-3.44183757,5.42416559,-5.21343967,-4.87108949
-4.04349844,-4.04145961,3.38207542,-4.05774919,-4.44366836,3.36817237
-4.41094245,2.31272589,-5.26718576,-4.79031899,2.16180533,-5.01447667
-4.31514863,5.73064081,-4.45519755,-4.56808739,5.9407486,-3.8385087
-3.29875656,-5.05129017,5.69825235,-2.75566199,-5.93725102,5.13797578
2.67728839,-5.88555765,-4.23999488,4.64567177,-4.69491915,-2.92175546
5.53312044,-5.71006955,-3.65980017,4.71963784,-5.49001823,-3.98295261
-5.97016278,5.00601667,-4.15847512,-5.97222425,4.90350958,-5.73612169
-5.39685916,2.81019325,-4.28265845,-4.49615551,3.97686057,-5.42599015
-5.07802429,2.35393501,-5.53584527,-5.35035381,4.04107326,-3.70506955
3.52783604,-4.30782258,-5.78273975,4.19280732,-4.5840353,-5.23634442
3.64864214,-4.6512152,-5.75169323,4.74593356,-4.3237646,-4.92366581
5.0792486,-3.89562035,-5.42859249,4.66937704,-4.60755694,-3.72745048
5.73932605,-5.60879194,-5.47639688,4.78567863,-5.37059402,-3.6128057
-4.82492244,3.19691332,-2.96925599,-3.55625059,3.38669024,-4.13850569
-3.06017773,5.979748,-5.24609051,-4.46402129,3.42711572,-4.14657205
2.52529363,-5.94999544,-5.79972776,3.14497465,-5.73812174,-4.77610894
-5.69998039,3.88290522,-4.55095962,-4.93436895,3.86302757,-4.97462113
-4.78838059,5.99806603,-2.68688402,-3.5705333,5.11299419,-3.99017651
5.77643346,-4.50496062,-3.89217611,5.48834874,-5.63803014,-5.20915576
2.44488845,-5.62104674,-2.76263444,2.17306698,-5.51555635,-3.37727222
-5.36519589,5.64232891,-4.93640554,-3.71015589,5.29741026,-4.00585089
-5.57835058,3.63421441,-4.00020706,-3.15981962,5.37144291,-4.63495065
2.37302701,-5.56303756,-5.63362313,2.76141428,-4.13700711,-3.73143655
4.01946468,-5.58567873,-4.00741676,4.0027286,-4.21452347,-3.57020532
-4.05040629,-3.63585013,4.3522177,-5.18421861,-3.15098352,3.32965596
-5.79698912,-4.06151014,5.12016162,-5.6389009,-3.95730971,4.53121392
-5.15394685,4.29500969,-3.27234428,-4.01361286,5.98807198,-5.20745332
-3.61644185,3.79629092,-4.03822561,-5.27461605,5.15817434,-4.67664526
-5.36365802,5.30991145,-2.53609087,-4.88352388,3.75131245,-4.81995974
-3.74693011,5.46795573,-4.07060048,-4.37146283,3.73909073,-5.82843578
-5.80056967,-4.03839548,5.88411847,-5.63649061,-3.54966978,2.70065171
3.29527051,-5.96373019,-4.89818972,5.79222049,-4.4435079,-3.92523722
-3.94286734,4.22047969,-5.08930187,-4.69687951,5.01965368,-5.61339744
4.9738323,-3.6575599,-3.58931598,5.74232578,-4.12154297,-5.03078531
-3.85866032,3.16263597,-4.83301811,-4.9909559,4.14549956,-3.62963418
-4.17354178,4.82314306,-5.85444525,-2.81200879,3.92609661,-3.69233135
-4.038701,3.47615237,-4.85727631,-4.33628179,4.25452237,-2.88414954
-3.92741279,4.49491817,-4.32357474,-2.54482632,4.03781361,-5.87724888
3.73808692,-5.19791563,-3.4448239,3.45108881,-4.21027419,-3.36401313
4.19995734,-4.11874776,-3.22204529,4.46281583,-5.74935413,-3.64028693
3.82169843,-4.7809941,-4.75208109,2.98442729,-4.6134819,-4.94494467
5.92457443,-3.11016487,-4.59054036,3.88231842,-4.61433658,-4.16598182
3.78799461,-5.81581297,-3.42774373,3.41973577,-4.51559826,-4.00624951
-3.87520181,4.67924585,-5.15854635,-3.52033284,3.52765737,-4.56738008
-5.08709224,-5.20477377,5.5010404,-4.24779733,-4.01256574,5.1422502
-5.26057678,4.77692615,-2.63109566,-3.55387282,3.52201107,-3.91014324
-2.81917182,-5.02785049,4.51573365,-2.24987047,-4.31487266,5.70190003
5.04711663,-3.91544608,-4.34232133,5.16092935,-4.02883036,-4.25252721
-4.37691071,-4.30773615,5.09641022,-4.79387234,-2.91727003,4.62432229
5.54143679,-5.6447387,-4.40955001,4.7328337,-5.98621954,-3.25713947
-3.8833432,-4.6134084,3.06490033,-5.28921178,-4.66245806,4.32935137
3.94580556,-3.59323608,-5.81667085,4.39447126,-5.46248274,-5.41641085
3.23191828,-5.18547634,-4.2470164,3.46303578,-5.66235868,-3.12732336
-4.94847125,2.58211881,-5.020222,-2.90749482,3.33890219,-5.13234626
1.89952485,-5.7183769,-4.97111499,3.54905282,-3.94026677,-5.76404322
4.77232137,-3.65135108,-4.92904902,5.66579866,-3.10195202,-4.43878635
2.65728816,-4.66017976,-5.65052895,4.36488607,-4.14625184,-2.90751446
-3.3971259,-3.92056315,4.55117471,-3.47108128,-4.87275905,4.68506825
-4.36844132,4.05146001,-5.20252742,-3.62020184,3.63551005,-5.86135114
4.1147602,-4.18357532,-5.83206332,3.41556538,-5.19764703,-5.07530868
4.1891878,-4.26514182,-3.50272033,4.14179718,-3.49621089,-4.34075318
3.15838525,-4.40528635,-3.24805593,2.53821802,-5.37671714,-4.66960851
-2.70292259,-3.62089132,3.13666129,-4.0276491,-2.95388427,2.57992037
-5.41054282,-3.00189792,5.10571814,-5.09200458,-5.8489432,4.2391797
5.14654739,-5.50096212,-4.48315155,4.58998204,-4.71288231,-5.11869566
5.9167014,-5.78540848,-3.07194523,5.36288793,-5.21713235,-4.42540756
5.61747375,-2.98755544,-4.6045279,5.50840286,-4.11774072,-3.18784325
5.06447077,-4.98203778,-3.16911159,5.28481346,-3.20866897,-5.33736126
-3.9985884,-2.75491249,5.01474889,-5.93189917,-4.37216351,2.1079595
-3.8679622,5.51598748,-3.81103379,-3.82435023,4.39718696,-4.9666571
4.42387633,-4.73389929,-4.85101868,3.85110081,-4.19920753,-4.67986141
5.08976805,-3.06086237,-5.9902418,4.44705376,-4.42265212,-5.81104616
-4.97994273,-4.50540007,3.54579845,-5.79066733,-3.60312401,3.24553878
-4.80200547,-4.14279288,3.80141335,-3.13447473,-3.60655957,5.32331782
5.3604078,-5.38301315,-4.45714337,4.10564258,-4.96890996,-4.45058829
-5.31582875,3.19540782,-3.6808032,-5.68224822,4.24575533,-3.0576782
-3.64983703,-4.78797607,2.85126248,-5.35844787,-5.98308015,4.82298917
-4.22549417,-5.16741222,3.66397878,-4.4512805,-3.45440967,4.08087561
-4.89258906,2.53874028,-5.69605563,-4.82096838,3.22197383,-4.18910735
2.93408892,-4.84921015,-5.13390217,5.93919054,-5.98126691,-4.37563113
4.84251685,-4.03276562,-4.34023047,5.94287599,-5.98409627,-5.84005331
-4.91965915,3.02388792,-4.81087898,-5.97340822,5.56701184,-3.98019783
-5.36172189,2.46977466,-5.99008157,-4.75556501,4.74306361,-4.24707642
-4.35202235,5.69874355,-3.08253141,-3.92403652,3.70167378,-4.18461672
-5.43739872,4.246625,-4.64104673,-4.6348916,2.87501992,-4.6144257
4.46719558,-3.52036338,-5.19190623,5.12077973,-5.00933398,-3.2626231
-3.01531694,-4.46916226,4.5104378,-4.07550644,-5.72578979,3.32863526
-4.48386707,-2.52335032,3.47550338,-3.67429657,-3.46902195,3.65200811
4.13470536,-5.01529664,-4.69088527,3.6133206,-5.08792183,-4.65458306
-5.0017128,-4.53737142,2.56301068,-3.30841485,-4.33291849,4.51384213
-4.96247443,-3.97661306,5.39166593,-4.54748973,-4.28446957,3.69969963
-3.40718505,5.2479645,-4.54901959,-5.77134822,5.00327338,-4.58604906
5.13568821,-3.36818011,-4.14551944,2.55421771,-5.37704415,-5.56450549
5.40721035,-3.31024317,-4.35128743,5.91382617,-4.2974671,-4.96070207
-4.16030425,-5.85779973,4.19633208,-4.58587896,-4.11964448,5.74327998
-3.21011051,-4.53694789,4.76366883,-5.70201222,-4.88929419,2.78296741
-4.5568502,4.71437106,-4.94753305,-4.06537494,2.2963713,-4.31692577
-4.00995547,-3.43960843,3.05240838,-4.57417412,-5.45337744,2.40133557
-3.70393714,5.46887516,-4.3447854,-5.16410828,3.75403233,-5.8440563
-4.55762605,2.09380537,-5.18471139,-3.34789511,3.4077528,-3.47199784
3.59378168,-2.99643238,-4.67941557,5.77897978,-3.29652517,-3.42251215
4.28447847,-5.17966893,-4.82412177,2.9542136,-5.61919084,-2.84617122
-5.89140867,4.40471912,-3.58471721,-4.04963587,4.4931994,-2.78786571
4.54621063,-5.51881025,-5.48961872,5.30604157,-4.05315626,-5.43725993
-3.55908408,-4.48198797,5.07626741,-3.24427916,-4.47989261,4.20934802
-5.53481107,-4.00052895,4.43076316,-4.13161804,-5.99520896,3.31627679
-3.70854379,4.31834872,-3.87504222,-4.61242463,2.98469578,-4.91377204
-4.83307643,5.55776911,-4.82240009,-5.04779752,4.8746098,-4.30243144
-4.12478778,-4.03959365,5.08632459,-3.07238485,-5.05923252,4.75435327
4.88905562,-5.61005169,-4.28246316,4.64773839,-5.25836939,-5.82695429
-5.65382597,-3.43622821,5.78938602,-4.80295064,-3.90399045,5.05975212
-3.79618928,2.80852585,-4.60656309,-3.26893946,5.80120576,-3.10049573
-5.8099553,-5.04368524,4.03149418,-5.77806661,-5.35312529,2.82657869
-4.04648664,-4.49756774,5.15327303,-3.96306676,-4.66182582,3.67940259
3.3795056,-5.84293098,-4.70689121,2.64339839,-3.34627423,-4.9216493
-4.74194553,4.77190901,-5.32420734,-2.27806222,4.96405785,-5.37393374
-4.68918181,4.44927133,-4.91665873,-4.56439658,4.84520923,-5.03200945
2.99637004,-2.48068165,-5.05152997,3.62404805,-4.4517984,-2.25533073
-4.15267489,-3.96002552,2.47879476,-4.63770861,-5.31634406,4.00105545
-4.90675408,-5.7956268,5.81171462,-3.35325651,-4.47718166,3.42346781
-3.69541316,-4.95328457,3.625706,-4.31283866,-4.64753566,5.42866429
-4.73917418,5.0366705,-2.93134704,-5.0281315,4.93101211,-3.13702556
-3.44271412,-3.810542,3.0823656,-3.39718016,-4.2174364,3.74375492
3.62071452,-5.29518417,-3.91073924,4.37002029,-5.88483358,-4.52880378
-5.22662283,3.93471266,-4.26979583,-4.54604537,3.86562554,-3.60725765
-3.34109787,5.96676657,-4.50912632,-4.21477801,4.38422773,-4.43266979
-4.76335224,-4.04738225,4.24731811,-5.94798742,-3.24553586,5.43007171
-4.40566973,-5.51516676,3.69334331,-4.76047881,-5.60591868,2.26227484
5.53837072,-4.06134098,-3.51349411,3.25064228,-4.50253679,-4.2593762
5.97328656,-4.08856318,-4.24371141,5.22903693,-3.06901973,-4.48206594
-4.55977517,-3.9092598,5.84853941,-5.87488804,-3.44678208,5.76621939
-4.2143419,-4.39779006,4.62185002,-5.12613084,-5.47688803,3.27769891
-3.02190062,-4.92340446,3.86627639,-3.2558694,-4.86604599,4.88144881
-3.37108142,4.69062001,-4.26518837,-3.54271206,5.02824595,-4.86047962
-2.95607144,3.01602989,-4.37265206,-2.99969038,4.65001601,-4.56546948
-4.15085626,2.34858156,-4.57054464,-4.23541671,3.16297697,-5.18565343
-4.25047989,5.93921641,-5.72425282,-5.51684624,4.78755265,-3.51577633
-5.0176676,-3.9358446,4.44649175,-3.65099326,-4.25307844,5.03895758
4.05806619,-3.17557179,-5.31697135,2.90742539,-5.14537458,-5.56285983
-5.35589289,-5.36687739,5.76358137,-5.13788274,-5.87660006,4.09797976
-3.33702137,-5.73449922,5.91117826,-2.69571164,-4.67040531,3.17143037
-4.16629122,-3.69386974,2.46454536,-5.98735176,-5.91672314,4.53764524
2.89242126,-5.03641867,-3.3470337,3.09285098,-4.17863563,-5.68038162
4.61366225,-3.34830745,-5.24568327,3.35143998,-5.25932707,-4.26558123
-3.37109619,5.3227821,-5.28785017,-4.37549833,5.76745023,-5.08316087
-5.87695206,-2.60139481,2.93386498,-5.27509027,-4.50228734,2.14505972
2.66205389,-4.39873943,-5.85454043,3.48700083,-2.83795021,-4.90900632
-3.0584497,-4.83487354,2.96700332,-4.56062474,-4.70989564,5.67793921
5.97588944,-4.02681845,-5.58112032,4.51826652,-5.70670745,-5.44699338
-3.58584282,-4.72107402,2.11768671,-3.35867994,-4.04350565,2.75027394
2.59769293,-3.85708474,-5.40569098,4.70334332,-5.27512299,-3.94062226
2.55615559,-4.434008,-5.01984701,4.89578456,-4.44698509,-5.71152807
-5.96239558,4.92141088,-4.64062194,-5.25723907,4.10598328,-5.76379664
-5.97613307,4.06266115,-3.45351064,-5.82165665,3.68031066,-4.44664898
5.19879547,-3.36151908,-5.1984033,4.01250849,-3.92109092,-4.98398258
5.54462885,-3.74993911,-5.26973882,4.4997921,-5.20909399,-5.03878879
-5.71135937,-4.3863314,5.71330156,-5.94173307,-3.57808923,3.92333481
4.57635307,-4.42502092,-5.93891485,4.63224075,-5.31204588,-4.28330482
-5.58276807,-3.77585194,4.51108185,-4.03385192,-5.1774749,3.79393394
4.23608423,-5.69668044,-5.64174269,2.67603208,-5.40845244,-5.21466503
4.7179907,-3.62785648,-5.70010905,4.21131684,-3.27835918,-4.53414677
-4.11275817,4.75236227,-4.53990871,-3.99230701,4.59748159,-5.95430732
-5.73498801,3.69850494,-5.17364116,-4.79419508,5.31117472,-5.60559847
-5.28846257,-5.15623851,3.70900441,-3.61641227,-4.70213908,4.70528101
3.5393411,-4.38963481,-4.68844423,5.14325502,-5.56160424,-4.63919779
4.85789958,-4.72775394,-3.58019,3.40066604,-4.94115494,-3.61588256
-4.96404853,-3.1075353,2.77344833,-5.55565192,-5.61060036,5.28719123
-4.65179973,4.78000789,-4.4431354,-4.28856187,4.32498322,-4.20570821
-5.0157988,3.23571203,-5.73124749,-5.1984183,5.00759723,-5.84813614
-4.17727911,4.49926691,-2.97375709,-5.35069971,5.54625081,-2.89631801
5.46414155,-5.14162885,-4.45778406,5.89730087,-5.45332955,-5.83032044
4.51400926,-5.69286616,-5.57589337,4.92728937,-4.67123281,-4.24353411
-4.75915653,-5.41572048,4.0132101,-4.588801,-4.27946576,4.40475432
5.10544675,-5.7047602,-3.29347191,4.54245773,-4.34978583,-5.3004462
-4.05462278,5.0008693,-5.5636039,-4.6394516,2.64708072,-5.92870626
5.65621072,-5.85201978,-2.7094967,2.63703195,-4.65010477,-4.65606384
4.39666507,-4.75956847,-5.49612571,5.55267519,-2.87686976,-3.78291268
-5.23030378,5.39689842,-3.04031975,-5.77419928,5.52883879,-3.26878686
-5.08319689,-5.63671586,3.70957899,-4.18858758,-5.24801825,4.95986859
-3.85536056,-3.73465282,3.98015365,-3.07674534,-4.85925892,5.12250926
4.71574784,-4.05786695,-3.28763733,2.59352286,-5.22777848,-3.53808736
4.68633692,-5.10572841,-4.45422999,5.49418635,-3.64780132,-4.31825861
2.33163166,-5.29528089,-5.90831597,4.70628213,-4.81112753,-5.96919822
-3.5800986,4.30822645,-3.97358051,-5.94103772,4.09283876,-3.79872713
4.1249816,-3.87721522,-5.97809329,4.91904519,-4.7509215,-4.37477562
-3.16654465,3.81200206,-4.59274216,-4.65963171,3.75050097,-5.21851632
-5.09852742,-5.96251967,4.96370837,-4.59913103,-5.41936595,5.8018354
-3.06978772,-5.99177626,2.90272902,-4.57299483,-5.96998881,2.31022418
5.42140337,-5.50166007,-5.08135019,5.25147639,-5.06720509,-5.56231823
-2.58459649,3.62211265,-5.55083579,-5.59421651,4.78877935,-3.1765178
-5.09473391,4.76172583,-5.12376788,-4.02245521,4.46392228,-3.54117467
-5.00378363,3.53635699,-4.89321244,-3.01325611,5.08330427,-4.85534973
3.36081366,-2.89211022,-3.20495821,5.88667607,-3.9498798,-4.24801482
4.64355414,-3.42999416,-3.85449409,5.96020107,-2.38403237,-5.84974765
-5.33285283,3.56027899,-4.94230177,-4.90710017,5.80912735,-3.89928624
-3.94914629,-5.18874939,4.96027454,-5.81934346,-5.01458875,4.02781778
3.56170706,-4.89745268,-5.6309592,5.13759374,-5.76029249,-5.47480706
-5.45461952,-5.18073436,3.93254057,-5.11335593,-5.62302872,4.50070792
-5.82588635,4.24164985,-5.98920519,-4.34661991,3.8778796,-5.66951314
-5.61444941,-5.90298465,5.95353231,-3.79023065,-3.84705358,5.11729881
-3.8161828,-3.89921508,4.56174961,-3.47169626,-5.47396255,4.68366199
5.79541772,-3.58326722,-3.40092747,3.58837004,-5.11665854,-5.82795133
-4.33512473,5.27982445,-3.70195721,-5.86485693,5.27619782,-3.00470674
5.84037381,-5.34578428,-5.30641187,2.54549753,-5.95357244,-4.4633669
5.85914995,-5.38528326,-4.76500166,4.20409232,-2.56802003,-4.62621718
5.62979813,-4.79306989,-5.35489997,4.16432639,-4.62633933,-4.22356666
4.37460691,-4.74270515,-5.15906782,5.86139967,-4.35634348,-4.47785751
3.52505057,-4.60240525,-5.03155515,4.94704432,-3.07589171,-4.75271012
-4.77300177,5.75929031,-2.51561553,-3.38315575,5.91164881,-5.07542478
5.62103337,-5.5033998,-5.23141596,5.06220919,-4.04642979,-4.68832614
-4.38228366,4.35602914,-4.61179874,-3.64393862,4.4417094,-5.02047113
2.25230077,-5.70232701,-4.83743226,4.75471799,-5.49593372,-3.46080395
-5.09517907,3.34176138,-5.66472999,-4.70417023,4.83170103,-5.91864517
5.29107122,-4.92657298,-3.30551654,4.28103347,-4.82679565,-2.42321433
4.37425976,-4.94112941,-5.91167147,4.50249974,-5.96094148,-3.78450098
-3.94450335,4.94544518,-3.91735371,-5.75209487,2.4112294,-5.41501126
-5.0526796,-4.01507108,4.97206446,-4.4940035,-3.27303751,4.11891346
-5.58993009,5.17365898,-3.51404932,-5.28352514,5.52015749,-3.24084681
3.40466421,-5.81215599,-4.57467516,5.61460839,-2.84744915,-3.94965837
4.61143501,-5.56374216,-4.96076056,3.95137125,-5.61153417,-5.05607592
-3.95474322,-4.88946734,4.30431781,-4.30411224,-5.34878009,3.54049224
3.29077981,-3.38114331,-5.97737043,4.13183282,-3.77240104,-4.02156297
2.77680672,-3.60106233,-3.92879646,4.59141859,-3.54105698,-5.08815433
-4.21450425,5.15382893,-3.48047627,-5.16816612,4.54493299,-5.31638772
-4.762112,-4.2471673,5.05761434,-3.62359358,-3.78574025,5.76172036
-3.75366202,4.7956983,-3.93512277,-5.36319249,4.14397736,-4.31319399
-5.988009,5.73080917,-4.35029497,-4.28465659,5.20798968,-5.02604038
5.16856408,-2.44305666,-5.89718555,5.49159524,-3.50563876,-3.17375255
-5.6016499,-4.1960291,4.23703642,-5.32666268,-5.71219608,4.29358221
5.25680593,-3.27564976,-5.0977669,5.32035031,-4.92300007,-4.26013514
-3.97092745,5.89172372,-5.44182537,-4.40492937,5.57709999,-4.42171392
3.70951384,-5.7346861,-4.48495274,3.85512679,-5.7407254,-3.06184078
2.79565811,-3.49452421,-4.12890187,3.86187291,-5.71756177,-2.47432098
-5.6932173,-5.57223794,5.31138972,-4.96537886,-4.46212145,5.69875006
-4.34533802,4.94320449,-4.95376231,-4.16928781,2.41952638,-5.43393744
-5.18525479,4.58524944,-5.36405435,-4.11049804,3.86434835,-3.07260049
-3.67037315,4.89362791,-4.60578607,-5.84186165,3.57630494,-5.74723244
-4.16531134,-4.64208751,3.96935286,-5.48966787,-5.13867251,5.5689084
5.08740406,-5.45135147,-4.83035104,3.98972086,-4.71887918,-3.39848015
-4.04286773,-3.74423818,4.7181013,-5.12488756,-3.73790373,5.59045417
5.57474687,-3.88531058,-5.90212855,5.18580147,-5.08434624,-3.76557954
3.80905593,-3.60792821,-5.43350039,4.89780804,-3.38164093,-5.5930865
-5.55374874,-5.53584293,3.55068924,-4.84913288,-5.76801496,4.11464838
3.91990779,-3.98622953,-4.54670773,4.02625637,-5.81675505,-4.35393883
-5.50800694,-5.01931106,2.72608006,-4.88488008,-2.33953097,5.69063511
-4.97057098,-5.50654226,4.28144164,-5.04057018,-5.85757848,3.28014219
-5.05319812,-2.75138026,4.67065815,-3.14959711,-4.94953396,3.80338711
-3.12763066,-4.70832516,5.17879018,-5.28407036,-3.68610557,4.7948302
-4.4800673,4.4117584,-5.4913812,-2.87017854,4.29436461,-5.47808474
-4.42775764,-3.36280387,3.35125358,-5.21292314,-5.50595399,3.38265617
-5.79539571,3.89653834,-4.60435635,-5.21704544,5.71592647,-4.73128292
-4.75471266,5.92085422,-4.8403611,-3.2475987,4.56622674,-4.01106698
-5.63838945,4.55672211,-2.96557497,-5.15517273,5.41208875,-2.47019154
4.44753887,-4.05654126,-4.92223224,4.58004093,-3.97491041,-5.05973345
-4.91010899,-5.7330006,5.45715076,-3.85132002,-4.20377879,4.77723483
5.74450911,-3.7006728,-5.47832941,5.96497088,-4.38050639,-5.84999317
5.41951462,-4.45720696,-3.66040185,3.66604162,-4.7906795,-4.5893014
-5.64862065,4.52610234,-3.61698732,-4.60244957,3.29512511,-5.17677984
-3.90669938,-4.48316428,4.4674291,-4.38394525,-3.53369313,5.80857957
-2.75345834,4.5063293,-5.95413749,-5.84908388,4.78708047,-2.86820897
-3.43401881,-5.2062051,4.08994866,-4.4150721,-5.80962111,3.82770039
5.53428457,-5.14531197,-3.3140572,5.11752623,-4.50785473,-3.39259215
4.43303972,-5.02924641,-3.71107176,3.71946454,-4.83577508,-4.52080976
5.0112481,-4.50125423,-3.3498146,3.60707692,-3.39552065,-3.97423186
4.82164161,-5.30665335,-5.10140641,5.54404668,-3.04706148,-5.36584784
-4.55105295,3.18554026,-5.98829233,-3.33186737,3.71287167,-5.0070907
4.91471919,-4.08123252,-4.63970671,3.62964684,-3.48866085,-5.21534858
-4.89544267,-4.8557352,4.4546345,-3.11220131,-3.2288625,4.99248804
3.97540086,-4.38895759,-3.8550997,4.06982761,-4.85436113,-3.74230435
-4.93632163,-3.23721289,5.8643293,-5.62552648,-5.39990055,2.44243346
5.46061863,-3.97808321,-2.92826411,2.98583089,-4.74503211,-5.42601828
4.62783269,-4.32853215,-4.29143631,3.53103181,-4.2459978,-4.62488179
-4.36869971,-3.5258439,4.5630458,-3.55628074,-4.72288157,2.99275259
-5.66540438,2.85294711,-5.4233141,-5.51885672,3.82300103,-3.33936808
-5.44152385,4.74493581,-4.55747768,-5.83766957,3.4815484,-5.13186378
-5.92567476,3.86830982,-5.30911377,-5.94240001,5.13790359,-3.70176268
4.03995236,-4.32083055,-4.01925926,3.46110936,-4.32417357,-4.79856892
-3.77713637,5.01769541,-3.66790458,-3.20846088,4.15384102,-3.82863362
4.50416234,-3.82169843,-3.98867891,4.59917576,-3.97821676,-5.70924371
3.80301897,-3.79826579,-4.9371588,3.90616359,-4.63211143,-5.28010386
-2.9265803,5.63362811,-5.10172991,-3.47961102,3.86677369,-5.76612314
5.4610183,-4.44644378,-3.24671806,5.70034224,-2.79298404,-5.26344206
-5.60049461,-4.39348341,5.42194359,-4.39504767,-4.7210014,3.5851888
-5.98640134,-4.41171639,3.31862041,-3.23018895,-5.61591931,4.31802669
-5.06368913,5.34189605,-5.41585405,-4.34125535,4.32223734,-3.80110245
-4.79460099,5.78151441,-3.061439,-5.29992337,2.5259803,-4.14025585
2.58178582,-4.37647385,-4.83183524,5.87411992,-3.9936676,-3.21945184
4.85692222,-5.84039949,-2.77048333,5.41072828,-3.27798358,-3.93870405
-2.9471372,5.80097443,-3.5558988,-3.16345105,4.05917934,-3.6624881
-4.10221453,-5.54820156,3.92398673,-5.18916613,-5.65745538,4.94660396
-4.56518551,-4.82438578,5.4998012,-5.40890525,-5.62078785,5.89106943
4.60770533,-3.58815278,-4.2089158,5.47652246,-5.88204764,-2.65562631
-3.54038296,-5.33915639,3.2269299,-4.97966331,-3.2425669,3.61727722
4.79803982,-5.29049586,-5.61240273,3.07621266,-3.60938479,-4.14495646
-5.16380383,-5.56636764,1.89838619,-4.71531678,-4.19603188,3.30737607
3.72558111,-5.89627434,-3.04857067,4.12753943,-5.08526369,-5.67062922
-5.76412842,3.97391693,-3.36862825,-4.46293033,2.89969107,-5.99000964
3.43489589,-4.37429074,-5.06105094,5.54665013,-5.67231721,-5.15942722
5.48689827,-5.62356409,-5.1187499,5.95372029,-2.72501369,-5.750912
-4.4733494,-4.50603194,4.8937137,-2.87276941,-3.1631246,5.04657414
-5.36532002,4.49231517,-4.39613458,-4.33408603,5.24732446,-4.71559349
-4.8231327,5.24007596,-4.5483388,-5.23604475,4.27283119,-4.60434649
-4.55870701,-5.25158463,4.85537378,-5.02580601,-5.88271062,5.13038961
-4.92193204,4.74302572,-3.23520763,-2.6325697,5.60753664,-5.87317727
5.80867617,-3.71898226,-2.50709328,3.82938923,-2.50772022,-5.86229842
4.41506862,-5.79388524,-3.34131184,4.08050105,-4.41577764,-4.07302175
-5.22304497,5.54103354,-4.49512879,-5.71349761,4.95992981,-5.56730929
-4.67325057,3.38025006,-5.3375667,-5.62056766,4.08485628,-4.47028396
-5.9599122,-4.78584142,4.42654249,-5.94985361,-5.77334312,4.36496781
-3.27942242,5.54129991,-5.60008042,-2.69852729,3.59972845,-5.90075478
-5.91576529,-3.8718299,4.85028757,-4.64518994,-4.8779847,5.98339804
4.51457587,-3.93298152,-2.9819921,4.92805376,-3.85472287,-3.56899946
5.58653665,-5.8663262,-5.02578505,3.48508047,-5.82063446,-4.2641126
-3.92451427,-3.82999653,4.1675385,-5.85476751,-5.71870127,3.87139712
-2.69406907,5.27196185,-5.47693105,-4.74332689,3.63263224,-4.47942118
-5.92525569,2.6707434,-4.00049894,-4.17829165,2.47144113,-4.4389855
4.95448021,-3.51701266,-3.92147668,4.42734251,-3.83599702,-5.89643564
-4.9781005,5.43197201,-3.55110601,-4.06932349,3.85326667,-5.58574488
-4.76205359,-4.36506904,3.50893936,-4.09612745,-5.178926,4.70346553
2.24370908,-4.80772459,-4.63406834,5.84611165,-2.30806665,-4.61300805
-5.59541157,5.3597963,-5.75675631,-5.87464326,5.35848328,-4.71987224
-4.86828408,4.79570144,-4.99362068,-3.93325683,4.11169087,-5.97993916
-4.77477209,-4.70729569,3.68202329,-4.17777417,-5.39171181,3.694031
-3.50590558,3.83513669,-4.60234407,-5.42671608,5.61262437,-3.45731424
-5.10285416,5.72045268,-5.9607754,-3.55170419,5.04191061,-5.1542135
-5.2532581,-4.81413554,4.65906235,-3.81298788,-5.10461422,3.17896771
4.9053666,-5.40074692,-4.40028751,3.72627256,-4.51683751,-3.50425191
-2.9373163,-4.24414302,5.80640914,-5.12933363,-5.01146724,2.07907632
-4.64340407,-4.64246535,5.70636129,-5.85889562,-5.93946676,4.80427533
-5.38812182,-3.29585598,4.39244412,-2.82949696,-4.80081714,3.44554439
-4.11663973,-4.4458611,4.36887049,-5.3139027,-5.4965878,4.95554857
4.50665966,-5.4009123,-4.85640275,5.84522019,-4.36989239,-4.22289666
-3.70090772,-5.10590036,4.59899342,-4.10685186,-4.73987435,4.11703623
-4.11229287,3.50814384,-5.25886149,-4.88856318,3.19957199,-3.60231868
5.08967199,-3.45286523,-3.00818282,5.44421943,-2.92025039,-3.10583733
-5.99864284,-4.26741373,3.38689751,-3.72970735,-5.41635288,2.89911583
-5.69410886,-5.00879005,3.53763773,-5.6801177,-2.53581266,5.81912889
4.06607392,-5.1114323,-3.86680342,4.55743949,-3.73027078,-2.98492066
4.79098691,-4.14008136,-3.68941093,3.00878753,-4.51833586,-5.2004053
-5.43863621,5.17666776,-5.9526197,-3.62283178,5.02636849,-3.04208421
2.83655872,-4.44164296,-4.45503194,2.50976432,-4.97948356,-5.8631967
-5.54761706,-5.36122704,4.3563453,-3.3302111,-4.55642019,5.60624838
-5.99553063,3.26741301,-5.88111381,-5.07619787,5.98841754,-4.00816214
-3.82852826,-2.75340025,4.33364736,-4.20827406,-3.73681576,3.86093014
-5.13861735,-4.60296376,5.79556025,-2.92673385,-5.77015099,4.61817139
3.47370343,-3.20708374,-4.88055409,5.13048032,-4.40421619,-3.34403401
-5.1028848,-5.3652041,3.95303891,-4.14692621,-4.64520081,5.01049058
-5.40431224,3.67209875,-5.00521033,-4.50048775,3.90963514,-5.15295873
-3.67334169,3.94405694,-3.90078274,-5.95718664,3.11532479,-5.37127293
-4.93480182,2.4766026,-5.19500104,-3.94023024,5.33634421,-5.96163075
-5.11034374,-3.66714741,4.53927279,-5.45782114,-4.13242698,5.68051136
-5.98748199,4.79701291,-5.56211881,-5.41539748,5.41717057,-3.18836753
5.42835522,-5.30856777,-4.69731145,4.59367849,-5.23040432,-4.37333073
-3.94780556,-4.2076991,5.40873734,-3.95076109,-4.40482927,3.00484228
-5.30915256,-4.10333511,3.28130112,-4.44979583,-5.34497294,3.97854392
-4.91252934,-3.39614297,3.39233742,-4.35000545,-3.61098375,4.43560117
-5.77739437,3.75764812,-3.59131032,-3.84612142,5.38774654,-5.5645413
-5.7416972,-4.98275831,2.66393996,-3.66840936,-5.22288005,3.82028582
-3.76082953,4.5555125,-5.32673793,-5.83065352,3.32790387,-5.77158761
-5.61111166,2.9957229,-5.5013123,-5.79555206,4.63504692,-2.86237922
-5.88494167,-5.77861443,3.76733198,-5.72189671,-4.8161831,4.2916819
-3.31314263,5.71190086,-3.68983066,-4.98731879,5.40422625,-4.73217284
3.98837547,-4.14757104,-4.61046006,3.26057506,-5.48808658,-4.97378172
3.26656342,-4.55107896,-5.24564655,5.15379338,-5.11722942,-5.12831526
5.55884759,-4.7088862,-4.43474596,4.1144163,-5.18797165,-3.96038951
4.67273512,-3.31638812,-3.49131336,4.88600604,-4.05821189,-5.88356199
2.14714651,-5.93528221,-5.82820312,5.04584678,-3.61216566,-3.68924579
-3.63840763,-5.12854637,3.24139543,-5.40114318,-3.21283666,5.47003695
3.84653614,-5.5762454,-4.06581983,5.43075615,-5.71665752,-4.21830262
-5.30809089,-5.87881558,4.73950608,-5.4582266,-5.159257,2.97789694
5.28611528,-4.13984698,-5.7841019,2.70393696,-4.87392973,-5.77681649
-4.80056929,-5.71401235,4.71752421,-5.3603932,-5.65094996,5.1279584
3.80844359,-5.03267342,-4.79468818,2.98003021,-5.87580107,-3.53665337
3.98332549,-5.85122876,-4.71272226,4.45467169,-4.46660308,-5.6544678
-5.79082982,3.62161241,-5.04722112,-4.16201437,5.50520081,-5.36001031
5.2775599,-3.56488284,-5.86908465,3.74181368,-3.22076593,-5.63236105
2.83462119,-5.767671,-5.78188469,5.81723016,-5.31584632,-3.72103011
-2.50082036,-5.92028908,5.3455321,-4.08000637,-5.74202322,5.07831225
-4.95817441,-3.8138987,4.64912278,-4.10916568,-5.55546547,4.07203418
-3.60400432,-4.90155767,2.51820771,-2.71731818,-5.05716854,4.1427552
-3.69875652,4.70668027,-5.46921745,-5.62311173,3.89050305,-4.64586716
-3.53257829,5.79439155,-3.75196689,-5.73621143,3.17554896,-3.32823064
-3.75054434,-5.07102827,3.6235246,-5.68862768,-3.75743281,2.10030911
2.88763734,-3.50827063,-5.24178531,2.77318299,-3.14313272,-5.14802717
-3.98841878,5.34283063,-3.33516379,-3.03090146,4.55375068,-5.90047832
2.69987753,-3.87096836,-5.40066905,3.95676982,-4.42628327,-3.10053005
5.79453423,-5.3157967,-5.12149198,4.75624818,-3.55081313,-5.59404555
-4.81612033,-3.45367161,5.36410586,-2.76675358,-3.24291801,5.47673967
-3.35468211,-5.62955969,3.52010927,-3.94223529,-5.79817997,2.16110969
-4.8855957,5.06435512,-5.56225487,-4.9698918,3.71639242,-5.30975618
-4.48459754,-3.5046494,5.93144603,-4.41383365,-5.61083753,4.08212983
-4.99803412,5.8309768,-5.54577951,-4.78307307,5.9265524,-4.76474751
-3.19816288,-5.02906914,5.58415501,-3.43886472,-5.74396485,4.82589179
1.73631744,-3.82962314,-4.93080897,5.28504491,-5.47360093,-4.44423338
-5.98115923,-3.61521061,5.52366292,-4.39975425,-3.45903093,5.63652903
4.97772062,-4.21232915,-3.32101041,5.76017965,-5.70745985,-4.99488315
-5.63650791,-3.33358643,5.80522893,-3.69931424,-5.12217687,4.52908701
5.5314585,-4.46184754,-4.72099076,3.62817552,-5.86870684,-4.12868167
-4.57975816,5.92630292,-2.75334464,-5.63408546,4.52054709,-5.28066589
-3.13760837,-3.11661747,5.64400775,-3.93035149,-5.39964305,5.22522298
5.25348884,-4.56664596,-5.51305578,5.85742644,-4.65478892,-4.76524067
-2.09161456,5.34426997,-5.66300901,-4.12365809,4.02620395,-5.03848413
-4.6563824,-5.57515691,3.78196121,-3.99121647,-3.68118711,2.5372203
2.9410444,-3.50835591,-5.65068096,3.53007525,-4.80497701,-5.03153547
3.31440435,-5.33620106,-4.55612337,3.90668345,-5.93676603,-4.71897712
-3.17435595,-5.75842883,2.84030198,-5.34814919,-3.35263951,3.97387852
-5.74482853,3.64823234,-4.76579714,-5.66346575,4.0921174,-4.68978081
-5.96245344,-3.99845039,4.77435646,-3.80488365,-5.10963862,2.69366311
-3.06460226,-3.42173495,3.94882186,-2.62724654,-4.07550088,4.7247729
-5.59965501,-2.57321539,5.61241547,-3.8513712,-5.78195592,3.78632247
3.00503062,-4.33688393,-3.93180108,3.15135403,-4.55407459,-5.36871637
-5.72755997,3.91639551,-5.61380588,-4.17712087,4.63719204,-5.51804463
4.90777633,-3.5475098,-4.67717167,2.91558866,-5.51427313,-4.39715065
-4.12760537,-5.44584911,5.99659517,-3.28063493,-5.87979418,4.13240368
-5.48729477,5.59460941,-4.56493747,-4.91859203,2.74888053,-5.21475746
2.64125862,-4.97187545,-5.98965579,3.10413009,-3.50359101,-4.56317755
4.81892422,-3.22057841,-5.30597696,2.64046312,-5.34078839,-5.61644854
-4.63367484,-2.45680265,4.48930652,-3.37881229,-5.3821968,2.44955738
-5.52287291,-2.6563327,5.94911896,-4.88179457,-5.70977378,3.08548536
-4.4062646,3.82434038,-5.69238907,-3.87200211,2.40408223,-5.09316141
-4.98495102,5.80436777,-4.15065285,-4.578306,4.10966218,-5.21742272
5.96459606,-3.99551704,-3.94192884,3.35233533,-5.42939388,-4.08650326
-5.0534243,5.17871275,-3.98398603,-4.00889248,5.9950794,-3.79790831
-5.01193639,-3.88055219,5.22185683,-4.65580293,-3.43211132,5.89997491
