4.28914978,-5.82774731,-5.94836936
4.04918899,-5.50385476,-5.96397637
-5.78579587,4.15856419,-5.99016395
-5.95919502,-5.86534023,4.29692759
4.25989779,-5.92378175,-5.79307648
-5.84788682,4.28019537,-5.90727511
-5.96651868,-5.86617251,4.37176064
4.23564167,-5.89854115,-5.79862437
4.30922578,-5.93801356,-5.93986792
-5.91161513,4.2763765,-5.85211688
4.14612814,-5.99248864,-5.74844276
-5.745112,4.17768045,-5.98333779
4.015351,-5.89677402,-5.99494813
-5.97825755,-5.88532712,4.10704261
-5.85789625,-5.99275647,4.43632965
-5.98888007,4.15307781,-5.72106035
-5.97933987,-5.81177896,3.92499546
-5.64339253,3.92374021,-5.92307492
-5.87571806,3.93238349,-5.46851378
-5.91268085,-5.9699507,4.24979194
4.19146764,-5.80445073,-5.90164906
-5.90593579,-5.88702687,4.33256669
4.02216866,-5.76529229,-5.73749914
4.17522652,-5.87785993,-5.93452091
-5.66638131,-5.98072478,4.13576715
-5.55931164,-5.96120167,4.01564784
4.27151203,-5.85023372,-5.83447653
4.10275799,-5.91765502,-5.61740342
4.49510486,-5.97080848,-5.98000883
4.07596348,-5.66473567,-5.99355683
4.0776007,-5.92227946,-5.80709306
-5.99140984,-5.90367846,4.47249585
-5.97263756,-5.9990143,4.18298331
-5.61830651,3.93781988,-5.81581736
4.16101129,-5.66868848,-5.93803707
4.22743822,-5.83325605,-5.86879152
-5.99298729,4.31863936,-5.84737345
4.08433833,-5.68515421,-5.92987657
-5.95862475,4.48145172,-5.95837514
4.26849987,-5.79744756,-5.93015078
4.05727766,-5.95597204,-5.9508243
-5.93975328,4.27604073,-5.95834433
-5.83237227,4.01116429,-5.94980121
-5.96470462,-5.95412566,4.27880917
4.17456905,-5.70977063,-5.95133972
-5.83612343,-5.98674954,4.31831556
4.2851555,-5.8219945,-5.94330739
-5.92851009,4.07804619,-5.81337733
-5.87388056,4.24921619,-5.85699168
-5.95833107,-5.93335674,4.32755894
-5.96242719,4.32692818,-5.79001675
-5.90980643,-5.8659715,4.27294065
-5.81058913,4.11669086,-5.95477183
4.23424369,-5.85472085,-5.80491075
4.29321126,-5.99850047,-5.97878346
-5.88550111,4.41320133,-5.99750587
-5.88246003,-5.79547352,4.04986415
3.89377586,-5.57613705,-5.88113371
4.12174256,-5.90074795,-5.80296118
-5.98741917,4.15251186,-5.89030463
-5.77591733,-5.93442597,4.28735923
-5.85137135,4.16453184,-5.76837106
4.38282348,-5.95860074,-5.9794895
-5.8811741,4.27292247,-5.96627942
-5.91900771,4.30752533,-5.95352329
3.99620408,-5.5523981,-5.98728124
4.09540885,-5.9515427,-5.59232434
4.01915089,-5.96620021,-5.78767189
3.95353912,-5.77249637,-5.76457665
3.93228156,-5.96150851,-5.88035289
-5.68024276,4.18155533,-5.99410843
4.03440486,-5.95315009,-5.7962754
-5.86777384,-5.80257248,4.22733738
3.90774961,-5.64876964,-5.75229219
4.09876619,-5.93961802,-5.76313301
-5.78041739,-5.80869428,4.05407287
-5.75075538,4.22027134,-5.95023928
4.1675064,-5.71709499,-5.9062793
-5.84769052,-5.86436395,4.27198082
4.29538578,-5.82833646,-5.88482957
-5.65333364,-5.99631703,4.12866772
4.05679508,-5.76342594,-5.93852464
-5.93776393,4.36487872,-5.85476223
-5.83130507,-5.91025806,4.29091341
3.94430578,-5.89611297,-5.46371167
-5.90201871,4.27164472,-5.97908211
-5.99365926,4.22982587,-5.99458306
-5.64256504,4.04449167,-5.91244262
-5.93979457,4.43467578,-5.98354185
4.14055373,-5.9095847,-5.69082055
-5.87352497,4.15955397,-5.82873688
4.15729925,-5.88143721,-5.82806947
3.95607685,-5.8048946,-5.64296832
4.2168958,-5.94530025,-5.8269988
-5.91936774,4.14146075,-5.87998223
-5.95707503,-5.97085989,4.29687406
4.16955343,-5.82967357,-5.95379041
-5.71429614,-5.90355151,3.85763934
-5.82851642,4.09982745,-5.8405643
-5.98586372,4.43921545,-5.91603265
4.21717264,-5.76680608,-5.90437474
-5.75678928,-5.91070205,3.98034688
-5.97098926,4.1455,-5.73296717
-5.86562032,4.34833512,-5.96147311
4.25626356,-5.98471346,-5.74914513
-5.51870521,-5.83060453,3.93642503
4.07619742,-5.8756057,-5.63691761
-5.93041996,-5.90542031,4.25181627
4.33821994,-5.9260013,-5.92024486
-5.75457365,-5.95519799,4.11755514
4.20748389,-5.93456482,-5.76487959
-5.88980512,4.16749275,-5.97759646
-5.92251912,-5.9181301,4.12856646
-5.78352721,-5.97943116,4.08153475
-5.49212974,-5.8698908,3.90309093
4.01345512,-5.66216337,-5.90118779
-5.8350698,-5.87660507,3.95290847
-5.97653849,-5.8267535,4.28638503
-5.99422807,4.38781211,-5.85888769
-5.92143078,-5.65433342,3.94923972
-5.9808593,4.27017911,-5.8033353
4.3701945,-5.83537255,-5.97336948
3.88696077,-5.82557481,-5.82862855
-5.87191306,4.18031997,-5.8532293
-5.59960905,3.97804282,-5.90994533
-5.89817464,-5.96942459,4.16223752
-5.96236398,-5.95314983,4.14278861
-5.94307732,4.44662803,-5.9675435
-5.96844245,-5.96528054,4.12877015
-5.91579255,4.21121733,-5.82805098
-5.91977549,-5.89782083,4.37553812
-5.90865208,-5.98425593,4.11958485
-5.948244,4.36206331,-5.90960583
-5.78169281,4.2193277,-5.91673027
4.04692428,-5.94801729,-5.60300186
-5.96906395,4.48036617,-5.97401672
-5.79169586,4.09502589,-5.79827167
-5.76750123,4.00777278,-5.89614939
-5.93027209,-5.93888763,4.32946639
-5.99287483,4.09441529,-5.57336926
-5.80964812,-5.71757441,4.07793916
-5.89313609,-5.94498514,4.41558628
4.2956244,-5.98425516,-5.77475436
4.44749656,-5.93649879,-5.96444893
4.16675969,-5.84972515,-5.75556759
4.21836105,-5.9691475,-5.93475864
-5.90918532,3.9520051,-5.68902116
4.15789332,-5.7058212,-5.98155389
4.08472064,-5.89500783,-5.84959656
4.10551523,-5.81834737,-5.89775722
4.02372193,-5.53897024,-5.90270436
-5.65682208,4.08204368,-5.97756364
4.27630675,-5.84830155,-5.9041393
-5.65515306,-5.98651423,4.0792223
-5.85891601,3.93951819,-5.83315007
-5.8557625,4.22992866,-5.85147276
-5.93268835,-5.97792963,4.29626117
4.21374813,-5.7803274,-5.91727163
-5.80899674,-5.91999433,3.97227953
3.92522784,-5.72485638,-5.96796069
4.21763019,-5.89130717,-5.86450315
-5.77964044,4.05200756,-5.84836034
4.1681836,-5.74849441,-5.96196935
4.00641738,-5.7587711,-5.84705923
-5.99945336,4.47501073,-5.91925092
-5.81341702,-5.85823328,4.10113785
4.10518599,-5.78736516,-5.78135596
-5.59265141,4.07496667,-5.93298931
-5.78146219,-5.88603051,4.1076146
-5.87449801,4.09201974,-5.91557622
-5.88193877,-5.94554652,4.26811572
-5.65792918,-5.95574727,4.19988326
-5.9729742,4.30075119,-5.97981001
3.91833897,-5.85923621,-5.89953161
4.15337175,-5.84820316,-5.85437133
-5.89154926,4.0915925,-5.85101463
-5.95018923,4.11421283,-5.9458669
4.31620885,-5.75431056,-5.99650494
3.96447675,-5.96726372,-5.95010626
-5.93014527,4.37407892,-5.89562843
4.37607695,-5.87021429,-5.98280596
-5.60014619,4.04906274,-5.9955538
4.16586238,-5.94371442,-5.76368911
-5.98993422,4.10689439,-5.73595288
3.88407056,-5.9160927,-5.56291208
-5.94078825,4.13938614,-5.6938103
4.09906224,-5.96244863,-5.66274457
4.49041961,-5.9548351,-5.97888526
-5.97138409,4.25900778,-5.97210157
4.1693614,-5.87653718,-5.7209962
4.09104245,-5.94087924,-5.72187527
-5.93576578,4.35761492,-5.99211294
3.97868957,-5.77439346,-5.95680671
-5.98614692,-5.92645933,4.33129033
-5.73277354,4.13089537,-5.93282496
4.09737223,-5.91714411,-5.68054429
4.23758284,-5.85460989,-5.94167353
3.86597253,-5.7701859,-5.70955156
-5.7473529,4.24374996,-5.91796152
-5.89057053,-5.90439937,4.18005168
-5.96778352,4.43269873,-5.91871753
4.29248967,-5.87164578,-5.89267577
4.19949659,-5.98265433,-5.71502915
-5.81300233,-5.77054518,4.10697953
-5.86428943,-5.91462012,4.31609725
-5.91299548,-5.95193569,4.07637884
-5.66112649,4.07491202,-5.93380538
-5.94991857,4.31809707,-5.85935426
4.0759029,-5.83519601,-5.81103909
-5.81255773,4.31852088,-5.97596639
4.00212647,-5.89410099,-5.9716372
-5.93458305,-5.94174059,4.36190942
-5.96181826,4.35339348,-5.91785961
-5.689445,-5.98472523,4.16838168
4.17026006,-5.97957811,-5.90590279
-5.85213857,-5.9117007,4.27022447
-5.97170287,4.38352041,-5.86082923
-5.97360209,-5.82591302,4.35551101
4.17807887,-5.96604918,-5.74231721
-5.75572067,-5.90702725,4.06987335
-5.7403672,-5.89070143,4.20651083
-5.86811275,4.07263179,-5.79861087
-5.99294287,-5.70802225,4.07361216
-5.89352386,-5.80129136,4.17764218
-5.85518899,4.08558983,-5.94039099
4.12953972,-5.89379759,-5.85327257
4.14785855,-5.92458925,-5.6590661
4.20614359,-5.95871184,-5.81630568
-5.88348653,-5.85804631,4.31284448
-5.9912765,-5.8340776,4.29467672
4.11525371,-5.81428593,-5.84149901
4.19741563,-5.94340287,-5.94894307
-5.73463079,4.06015426,-5.89156423
3.97535685,-5.98648607,-5.92113431
-5.99312413,-5.9293799,3.95345819
4.32030674,-5.84699434,-5.96352754
-5.99523987,4.38903926,-5.96881622
4.52517487,-5.97598616,-5.98250851
4.41703959,-5.91077457,-5.97347977
-5.89253085,-5.97939736,4.10533972
-5.85670741,-5.71229508,4.01878282
-5.84429246,4.01046809,-5.59366919
-5.97100923,-5.87481935,4.37032325
4.26850316,-5.76897549,-5.95264294
-5.99260211,-5.76809588,4.14230752
-5.80220545,3.95482207,-5.95666045
-5.94301247,-5.57331818,4.0871247
-5.63635572,3.86237523,-5.8371525
-5.88408549,4.26404611,-5.88884201
4.32912707,-5.9292418,-5.9205988
4.11023179,-5.78731557,-5.87000395
-5.57069142,-5.76286501,3.91370836
-5.8384867,4.05291358,-5.91453269
-5.94943498,-5.86176945,4.39973979
-5.98555914,4.288724,-5.84333171
-5.39927804,3.89134466,-5.90368753
4.47243449,-5.92063088,-5.99583651
-5.45754298,-5.9575329,3.87234699
-5.87416559,-5.91481711,4.09001576
-5.79382224,4.159215,-5.97535635
-5.87956236,4.15044955,-5.77658601
4.31627941,-5.91177993,-5.86825978
-5.79322367,4.1625801,-5.84687515
4.45438075,-5.95049451,-5.95542837
-5.89441234,4.14767816,-5.77580184
4.21280742,-5.94864683,-5.98242978
3.95071157,-5.55004819,-5.82453886
4.12574638,-5.75802573,-5.85209061
-5.79757378,4.22544177,-5.8737119
-5.94732924,-5.87999183,4.01260353
-5.92922337,4.33991235,-5.83351025
4.2080157,-5.95445867,-5.98627264
-5.7355978,4.19924837,-5.99466751
-5.97992357,4.12987589,-5.94538612
-5.8255598,4.18855376,-5.98767351
-5.9457257,4.17549335,-5.77533768
-5.90617418,-5.98199937,4.40405204
4.38261217,-5.87838843,-5.92085782
-5.9809618,3.93562236,-5.9424754
-5.6949527,4.02183502,-5.89329681
-5.9335922,-5.98893084,4.26800676
-5.93743282,4.39054728,-5.92853088
-5.85767743,4.18035812,-5.7912074
-5.93815876,-5.8377955,4.27377955
4.10579392,-5.88951117,-5.66076445
4.33045144,-5.94490246,-5.95771385
-5.9524889,-5.92120863,4.36606477
4.40005291,-5.92190665,-5.97718799
-5.8734947,4.2917427,-5.99223137
-5.7504317,4.03427112,-5.92480213
-5.96242819,4.08381701,-5.69573424
4.30826954,-5.90687833,-5.88710161
-5.55637238,3.99345467,-5.9233582
-5.95979771,-5.87615017,4.33475156
-5.91786879,-5.94566265,4.19812357
-5.89481165,3.84973819,-5.77833296
-5.94784569,4.2864274,-5.99590304
-5.96410062,3.92349429,-5.64044055
-5.97528853,4.00209602,-5.57479058
-5.83188383,-5.90040389,4.29296802
4.13544623,-5.86601658,-5.69957668
-5.80160875,-5.93923489,4.21527687
-5.9396689,4.24572331,-5.96309785
-5.93024906,-5.99193755,4.22208621
-5.96476812,-5.92284878,4.28299125
-5.84156528,4.22319528,-5.94319102
-5.78418915,4.04754977,-5.91787021
-5.95985417,-5.97072287,4.43383443
-5.50304339,3.93706318,-5.99971546
-5.81932178,4.20391741,-5.82769648
-5.91012373,-5.97575522,4.11977669
-5.93464756,-5.85176709,4.29841277
-5.94986607,-5.84521659,4.29736041
-5.85639324,4.3075014,-5.90533394
-5.95889961,-5.7500385,4.00504708
3.96661643,-5.92962877,-5.73949731
-5.86731515,4.20965935,-5.9667645
-5.92071281,-5.95513568,4.3522449
4.22229011,-5.95035101,-5.85724219
-5.82174316,4.08343016,-5.86463993
-5.69568008,4.10641357,-5.84416919
-5.70846929,-5.84926408,4.04410369
-5.84429277,-5.62718612,4.01984267
-5.99446293,-5.87739424,4.41141156
4.34122194,-5.94953112,-5.84018045
4.12936544,-5.97510194,-5.62461974
4.43874555,-5.96878064,-5.99619862
-5.82664923,4.31736359,-5.94141889
-5.60338465,3.89056658,-5.74320996
4.40420997,-5.93926967,-5.97689411
-5.92443362,4.04178149,-5.57712207
-5.94781407,4.1374696,-5.86603623
-5.89746062,3.93795704,-5.79141703
-5.75606117,4.25377111,-5.97809146
-5.89575795,-5.94508683,4.33113747
-5.90598193,4.06229756,-5.64346052
4.40676015,-5.92127285,-5.92208079
-5.86423108,4.29478751,-5.99732689
4.35298641,-5.91713124,-5.91438022
-5.94088944,4.02818397,-5.62009689
-5.65163376,-5.95938657,4.01972998
-5.9896815,4.5171352,-5.97650339
-5.9240959,4.38131675,-5.90981331
-5.77301048,4.02604004,-5.6686669
-5.57554847,-5.94925877,3.96562986
-5.78602731,4.23273427,-5.87392755
4.1991039,-5.65815118,-5.98276828
-5.83511091,3.78632518,-5.9534311
-5.87434662,-5.78975691,4.17824997
-5.9910422,-5.63183279,4.08731718
-5.89038288,4.08099173,-5.69175102
-5.88449065,-5.71296247,4.12039726
-5.833973,4.11121695,-5.91159613
4.24297625,-5.97710867,-5.87878096
-5.63607949,-5.71776284,3.84654913
4.15806285,-5.98689516,-5.94713587
4.33494608,-5.96722,-5.87665926
4.23483229,-5.7954462,-5.8914424
4.23619951,-5.77493689,-5.91187319
-5.95043986,-5.99876177,4.48237555
4.41996376,-5.9410849,-5.95237424
-5.95346307,-5.80169076,4.30389822
-5.73011037,-5.89431923,3.88814097
-5.76303188,-5.98624049,4.13269215
4.35616258,-5.79960172,-5.98229338
-5.84975492,-5.8892863,4.07961357
4.13399867,-5.95261079,-5.75609427
-5.88160557,-5.81667974,4.18404854
-5.87841996,-5.90910396,4.21634061
4.27099814,-5.93551247,-5.75509485
-5.99690132,-5.97717731,4.20612077
4.33762052,-5.97973275,-5.91707523
-5.68747232,4.07515304,-5.90193597
-5.99688318,4.21801673,-5.81802509
-5.88928348,-5.67797498,4.13845878
-5.89603903,-5.84474981,4.23369259
-5.7989468,4.02460993,-5.67659132
-5.95890261,-5.63571196,4.02238172
4.31084254,-5.96125934,-5.90044673
-5.80965633,-5.96733635,4.3167674
-5.68024537,4.14730475,-5.93841207
-5.93931421,-5.98571526,3.99463494
-5.87700316,-5.79898803,4.11403443
-5.6097055,-5.93843884,4.10317475
-5.85968537,-5.87947429,4.27926548
3.85606397,-5.6797519,-5.94145203
4.08384113,-5.56808316,-5.99236325
-5.6638577,3.9704894,-5.92564215
-5.97518938,-5.97245269,4.46526133
-5.93237811,4.28850997,-5.97247815
3.91665575,-5.94103373,-5.84654733
-5.95386305,4.23362657,-5.96364739
-5.9958552,4.53718208,-5.97153957
-5.98473612,4.28142237,-5.7209296
-5.90815548,4.40245621,-5.96739397
-5.94095017,4.19608833,-5.88455717
-5.87489517,4.33979784,-5.96928701
-5.96680408,-5.56404841,3.99557278
-5.74999094,4.0610751,-5.99561836
-5.94432589,4.21848004,-5.99587056
-5.99479772,-5.89863214,4.47132302
-5.8280689,4.37533828,-5.98315563
4.19554864,-5.88387438,-5.85484992
-5.87600562,-5.53381655,3.97683247
-5.88092496,-5.64903312,3.90341801
-5.96188757,-5.88673232,4.23512393
-5.93327184,4.01648506,-5.68175971
-5.71065147,4.04415361,-5.88531004
-5.91164907,4.07647912,-5.58531939
4.29129574,-5.86318117,-5.92217223
-5.95734123,-5.83761066,4.16989092
-5.88344379,-5.81812119,4.25411341
-5.85395184,-5.78705447,4.08436757
-5.9609427,-5.78554697,4.08252409
-5.94027845,4.07027119,-5.85759074
4.22553664,-5.66800876,-5.97692508
-5.91007149,4.2563139,-5.84649602
-5.94232296,4.15978482,-5.67852022
-5.92019008,4.31650775,-5.94632491
3.89522033,-5.98507929,-5.43580811
3.94196768,-5.64565512,-5.72459092
4.48598329,-5.9250808,-5.98170651
-5.66834442,-5.97294946,4.20749672
-5.66625394,4.06231097,-5.85892808
4.04972707,-5.88989195,-5.74297879
4.12162269,-5.78528187,-5.9547707
-5.95178911,3.99276508,-5.98671254
-5.92427149,3.96727359,-5.53419375
-5.90344213,4.1092707,-5.91965957
-5.92315555,4.3934066,-5.90903167
-5.85610914,-5.83941668,4.16752611
-5.93056178,-5.98064531,4.38959397
-5.69660584,-5.96895451,4.23490919
-5.84374144,-5.74635829,4.16802066
-5.82695682,-5.9634256,4.2950551
-5.94159964,-5.81043461,4.26804578
-5.97907391,-5.99834801,4.48549768
-5.95473977,-5.8774499,4.30158866
-5.99011747,-5.64239518,3.96210144
-5.97891205,-5.98525528,4.47825471
-5.86445836,-5.92697646,4.27686711
-5.7951681,4.35384595,-5.98633904
4.30178909,-5.85046631,-5.89911144
-5.98580434,4.21815693,-5.94176575
4.30811793,-5.9709317,-5.81624988
4.25298421,-5.99626586,-5.85959803
-5.83303862,4.14822111,-5.87944043
-5.98530706,-5.68375331,4.19996075
-5.58294235,4.04871992,-5.90865718
-5.96751551,3.96442286,-5.51776216
-5.86312496,4.31006144,-5.86538536
4.25687259,-5.99828949,-5.7791695
-5.74107898,-5.99209887,4.06050799
-5.9850923,-5.84979379,4.0045387
4.09222157,-5.73031975,-5.82310203
-5.93235508,-5.92713748,4.37588041
-5.91441621,-5.95961845,3.85786807
4.16854666,-5.98541103,-5.96158465
-5.89419238,-5.83132122,4.21896738
4.3531932,-5.95185368,-5.96793921
4.36212088,-5.98440423,-5.88101638
-5.67230154,-5.81723205,4.03125234
-5.79956191,4.06177746,-5.84980286
3.88559571,-5.49060378,-5.9567558
4.06248357,-5.69936148,-5.86862049
-5.97451678,4.312283,-5.93982959
-5.81571749,-5.84655546,3.98863119
4.18584039,-5.92900283,-5.68760992
-5.9649956,-5.56132366,4.03450127
3.97395601,-5.71620463,-5.94279628
-5.73880808,-5.87020358,3.96092565
-5.84755335,3.99359713,-5.58976742
4.05133411,-5.70796259,-5.82035092
-5.71141194,-5.75587977,4.02682581
-5.86366776,4.03963065,-5.64004732
-5.69727759,4.01785591,-5.809425
-5.97953718,-5.72203522,4.17304305
-5.93581521,-5.91808061,4.21300187
-5.89154116,-5.95844393,4.01858901
-5.88691102,4.07147168,-5.85650634
-5.80819669,-5.99469496,4.26081723
-5.95109655,-5.87192917,4.29308493
4.25448178,-5.97656507,-5.89859257
-5.93574678,-5.7006837,4.01688779
4.33282751,-5.86870677,-5.95348443
-5.92084153,4.28060128,-5.92320479
-5.98505576,4.35030957,-5.80316384
4.25940099,-5.78022521,-5.92323095
-5.82406721,4.02399919,-5.67762238
4.21958414,-5.76578978,-5.88604712
-5.82243481,-5.89600547,4.23563254
-5.93764106,-5.99589863,4.45450821
-5.78352519,4.28231016,-5.92881358
-5.99468359,-5.9255739,4.28277767
4.14851505,-5.99171879,-5.96545933
4.01600924,-5.69481974,-5.90378596
-5.75952588,-5.94861999,4.08258223
4.29955275,-5.96055999,-5.7654866
3.9369794,-5.96177017,-5.7872595
-5.67928851,4.02388514,-5.87539586
-5.74695018,-5.93219268,4.05924369
4.31871992,-5.99034146,-5.74624539
-5.98703525,-5.98133908,4.42529755
-5.92328309,3.89690782,-5.88807966
-5.93679294,4.39997369,-5.89808383
-5.76545931,-5.96426,4.26747604
-5.92143362,4.29530343,-5.91292495
4.0250568,-5.88245547,-5.76783184
4.12754342,-5.87669473,-5.81101447
-5.80673501,4.20786819,-5.94357078
-5.96478084,4.21539796,-5.72585134
-5.92061487,4.20061716,-5.86186496
4.33458614,-5.93948345,-5.82213087
3.92465115,-5.64393917,-5.86567781
-5.8911063,-5.93021963,4.40981583
4.38631655,-5.89082927,-5.99527367
-5.98845751,-5.84365749,4.36674621
4.26282699,-5.84643469,-5.94015239
4.17896566,-5.98069736,-5.95035696
-5.82445923,4.04411475,-5.67805542
-5.96072888,4.16027817,-5.76271948
-5.88332754,4.00493443,-5.90971324
-5.69512294,3.90432775,-5.86470358
-5.94636418,4.20326303,-5.92034765
-5.80381728,-5.97104975,4.31291773
-5.97297409,4.19143027,-5.67770626
-5.94226551,4.18146817,-5.97148413
4.2172924,-5.77612602,-5.93851781
4.05947106,-5.58922273,-5.99351034
-5.86042682,4.16641935,-5.965164
4.14105959,-5.91762844,-5.67781725
4.02451083,-5.99923097,-5.5109979
-5.88282852,-5.98715641,4.44476158
4.099958,-5.97539659,-5.82811665
-5.77053022,4.06208717,-5.72110142
4.02330802,-5.93967819,-5.69316717
4.24762796,-5.73385759,-5.94662481
-5.70686212,-5.9335441,4.15851514
-5.94095738,4.21047092,-5.71867453
-5.95163025,4.2986483,-5.98356618
4.22685931,-5.95889546,-5.85521175
-5.79156758,4.17867492,-5.97628396
-5.58779124,3.98716618,-5.99410828
-5.88601623,4.19952862,-5.89509151
4.13277721,-5.97464242,-5.74596666
4.25841766,-5.90225421,-5.96564537
-5.96513065,3.83851856,-5.70850459
-5.89770035,4.27194361,-5.81056681
-5.89670349,4.34100166,-5.98110625
4.18404292,-5.97215865,-5.73521412
-5.66235634,4.17695862,-5.94086787
4.30261848,-5.92969965,-5.88760479
4.42253032,-5.85533556,-5.99472012
-5.91795956,-5.66432062,4.09920387
3.90431204,-5.83688133,-5.75286904
-5.68706679,4.04614635,-5.86647897
-5.97909847,-5.85164769,4.28361816
4.33217445,-5.95981679,-5.98931069
-5.79368999,4.1214698,-5.89831737
-5.84978725,4.1775225,-5.7970038
-5.81977056,-5.97341558,4.23578962
4.1211316,-5.95084779,-5.82428594
-5.97124162,4.20971709,-5.80869338
4.04706013,-5.90629911,-5.57705641
-5.96777312,-5.97783432,4.33215387
-5.92782109,-5.96925473,4.39391198
4.1582436,-5.97581061,-5.89878813
-5.8362524,4.16539411,-5.8097215
-5.62577648,-5.97742993,4.06760483
-5.95221986,4.40392663,-5.92832901
4.25563903,-5.79512141,-5.9296542
-5.88016446,3.98198955,-5.60992392
4.04426706,-5.96656151,-5.89869241
4.07522372,-5.8152003,-5.68509263
-5.97625237,-5.83049022,3.89549942
4.0554711,-5.64361366,-5.9017975
-5.72043473,-5.89309751,4.13845119
4.13549849,-5.85148138,-5.84420531
-5.90700004,4.30058541,-5.84616282
4.25527539,-5.96514447,-5.783614
-5.80404858,4.34435972,-5.99312023
4.15412425,-5.76686946,-5.98641969
4.10932256,-5.76831408,-5.94964862
-5.98423793,4.45343713,-5.98102282
4.39239177,-5.89334903,-5.9499309
-5.96198166,-5.94770281,4.35283159
-5.9249837,4.37845182,-5.98883588
-5.90028877,-5.92311525,4.41003096
-5.84923657,4.2022697,-5.87943853
4.24440324,-5.98776836,-5.75212727
4.20478728,-5.96968488,-5.668564
4.25623791,-5.8946519,-5.82305877
-5.95375667,-5.88128957,4.38129287
-5.98897571,-5.82322705,4.04193245
-5.92905794,3.90322961,-5.47261128
-5.75558225,4.13375095,-5.92814364
-5.87466509,-5.91231471,4.28928953
-5.95769922,-5.64025054,4.06964931
4.1734643,-5.73021965,-5.87685522
-5.92970894,-5.80345067,4.11522738
-5.57972664,-5.95316608,4.00409771
-5.55387504,-5.99511026,4.1234769
-5.75125746,-5.89227264,4.03205281
4.17416471,-5.87363194,-5.97573194
-5.9593941,4.28849893,-5.91603155
4.12171937,-5.9635976,-5.99690733
-5.96171698,4.10494098,-5.65021798
-5.58381765,4.07856785,-5.9232065
3.88346544,-5.8580723,-5.79679032
-5.93504306,-5.84706225,4.21325405
-5.76910402,-5.76084692,3.9882905
-5.96099179,-5.69310678,4.1686552
-5.76107192,-5.71860596,4.02688077
-5.9671033,-5.85871204,4.3538784
-5.961204,-5.70314383,4.23632159
-5.88023337,-5.83084966,4.06936849
-5.94827916,-5.98178532,4.29143362
-5.76550061,4.02965001,-5.98119945
4.09397674,-5.94640116,-5.81371786
-5.84407612,4.24276494,-5.87858407
4.13423685,-5.72578659,-5.87235097
-5.88284328,4.23894753,-5.99289174
-5.85270546,4.14481959,-5.72583961
-5.96765551,3.93052036,-5.6872296
4.41196867,-5.97404186,-5.98953295
-5.81986436,-5.71475142,4.03366717
-5.86390912,-5.94086577,4.09948329
-5.80839106,-5.72708237,3.96371718
-5.74544628,-5.98263996,4.17649632
4.04241785,-5.89628894,-5.63566035
-5.96663501,-5.43487404,3.95088329
4.24108269,-5.8258866,-5.98534497
-5.92751353,-5.81651544,4.27676331
-5.94267146,-5.78481885,4.02483945
3.90174379,-5.71649985,-5.68730655
-5.73602665,3.97926698,-5.88952109
-5.97572313,4.36764126,-5.931124
4.11609095,-5.97733498,-5.9061629
-5.8252019,-5.81729321,3.91019344
-5.42422465,3.90611994,-5.99472851
-5.80357782,4.17300973,-5.8824218
-5.92904124,4.28370005,-5.98565504
4.33879093,-5.9925565,-5.91236772
4.23619479,-5.83091394,-5.92599289
-5.89216106,3.98999466,-5.52137771
-5.92352432,4.08507453,-5.63649662
4.26983101,-5.97280145,-5.74073318
-5.71031687,4.11594699,-5.98560523
-5.87924737,3.89326649,-5.97449272
-5.96131407,-5.83480043,4.19765965
3.85650685,-5.69865012,-5.98057975
-5.98401119,3.97335381,-5.9565386
-5.69722515,4.11481804,-5.99803307
3.9988278,-5.85416566,-5.98073442
-5.69186693,3.87609007,-5.83899183
-5.99735676,-5.67717854,4.10262815
4.30185362,-5.91892895,-5.84101578
-5.95183814,-5.65723387,3.95389263
-5.98637497,-5.84596816,4.35440481
4.23992428,-5.93432298,-5.95678809
3.98630602,-5.7361381,-5.67026892
4.22684842,-5.85298557,-5.97817492
-5.87205423,-5.83207209,4.23659495
-5.87504592,-5.88632977,4.2009626
4.12860323,-5.69744727,-5.91592695
4.15913179,-5.83237767,-5.90217515
-5.87964634,-5.69441053,3.97812406
4.08344636,-5.890498,-5.92568013
-5.90533844,-5.96281459,4.42689122
-5.73762778,-5.97979313,3.96013911
4.15022376,-5.94405053,-5.80146259
4.31217431,-5.98239042,-5.8277496
-5.77389103,-5.92242755,3.98308958
-5.93419861,-5.82234915,4.18815105
-5.85026754,-5.80536155,3.93141105
-5.92867024,4.43288593,-5.99792782
-5.76164013,4.0629831,-5.71641618
-5.86942036,4.3745476,-5.99640839
-5.83326289,-5.62935931,3.93658316
4.12177876,-5.983353,-5.81130899
-5.95009704,4.05400356,-5.86509311
-5.82922629,3.91527394,-5.78704478
-5.84887421,4.2825968,-5.94759674
-5.76971751,4.12161608,-5.95905453
-5.95005088,4.19505191,-5.65728943
-5.87177239,4.20113323,-5.86635567
4.05083675,-5.65756996,-5.9241634
-5.7626594,-5.95676763,4.1899222
-5.98411483,-5.98497122,4.25171015
-5.81000666,4.05004788,-5.75850607
-5.77080893,-5.80022002,4.05009732
3.96033813,-5.78346119,-5.63003471
-5.89465809,-5.95203146,4.04748063
-5.98986665,4.05339573,-5.8924859
-5.91519887,4.17326811,-5.97467936
-5.99671776,-5.89404479,4.36154701
-5.9088407,-5.85677017,4.04155858
-5.94830962,-5.888718,4.15614899
-5.87482261,4.24584081,-5.88501637
-5.98961905,-5.89685622,4.39528532
-5.84951303,-5.89946805,4.31692687
3.93283568,-5.90601648,-5.59986744
-5.84493944,4.30099986,-5.91193016
4.16049757,-5.66971966,-5.96674348
-5.84757859,4.20581286,-5.99191721
4.2632099,-5.73748828,-5.98549441
-5.95772533,4.18115248,-5.71314749
-5.9450594,4.43794549,-5.98907945
-5.69283207,4.10674027,-5.97032703
3.9956712,-5.82794884,-5.94932736
-5.94569276,-5.68190081,4.07800104
-5.77063393,3.83832779,-5.68562624
-5.78093176,4.08123514,-5.84653395
4.0048333,-5.61935861,-5.89599396
-5.69043975,-5.81063499,4.04687278
-5.91289108,4.15168821,-5.89384178
4.31243467,-5.87791131,-5.86951307
3.9003612,-5.80545178,-5.90033214
-5.99961992,-5.88333585,4.36076312
4.18706683,-5.72312741,-5.97556347
-5.94848975,-5.93356943,4.43590745
3.94758089,-5.80957907,-5.6624258
4.13584906,-5.96323728,-5.77141291
4.05188191,-5.7984831,-5.77153377
4.23743742,-5.7852655,-5.95170198
-5.73954918,-5.93918125,4.18113043
-5.96808897,-5.90841098,3.9171792
-5.93172354,4.02244043,-5.95451129
4.23575165,-5.94907737,-5.74972994
-5.84168199,-5.44190329,3.85318539
-5.96159163,-5.96761901,4.49189289
-5.88669937,4.42625896,-5.96840473
-5.73218504,-5.80965917,4.07116682
4.05209652,-5.81952893,-5.9410775
-5.98588815,4.33271728,-5.91690067
-5.83047638,-5.84238027,4.15935213
-5.67208646,-5.86079366,3.88571837
-5.97174507,-5.83733211,4.32941083
-5.86016301,4.04799649,-5.91995824
-5.9094702,3.84855397,-5.8859057
4.21934658,-5.92340556,-5.72348946
-5.74258737,4.1774026,-5.8779563
-5.97590111,4.22916045,-5.95414534
3.95316222,-5.95625838,-5.69224879
4.04216184,-5.84205143,-5.68021524
-5.73607482,-5.7740805,3.9631964
-5.93941973,-5.89635975,4.17370807
-5.73031269,-5.85761389,4.17687176
-5.9667926,4.02214055,-5.5503632
3.97307184,-5.99343474,-5.52298396
-5.96698246,4.12522947,-5.79140678
3.84009352,-5.96126393,-5.98746495
-5.50820562,3.95654021,-5.91697177
-5.9995827,4.07390874,-5.90184375
-5.89397267,-5.88982844,4.04644038
3.95441606,-5.77380031,-5.83703385
3.93777258,-5.5010232,-5.98492643
-5.67155024,4.12196186,-5.93867515
4.04352016,-5.82534403,-5.73320308
4.1777493,-5.8195348,-5.85058478
4.25399859,-5.91882343,-5.96751684
-5.87033443,4.18229046,-5.88638044
-5.97384644,3.93990938,-5.62793874
4.01319254,-5.97506598,-5.85484154
-5.97985425,4.26912892,-5.9357407
4.16654426,-5.70285555,-5.98216414
4.44915061,-5.92215668,-5.98210481
-5.75467211,4.07501681,-5.79590369
-5.75735155,-5.96672212,4.05391744
4.25387952,-5.9737334,-5.8723809
-5.46849319,-5.99974074,3.93831234
4.20211484,-5.95311061,-5.76518474
-5.97404486,-5.93824791,4.15087102
4.07052742,-5.94534463,-5.59181875
-5.91861966,4.31877986,-5.83207448
-5.92099878,4.03085766,-5.69408087
-5.81908496,4.22107861,-5.89161665
4.2084137,-5.84690515,-5.8615124
-5.99497864,-5.94662492,4.39959379
-5.97198772,-5.67661453,4.22136875
3.96858542,-5.92282107,-5.89212945
-5.87432731,4.23139131,-5.99440066
-5.84591256,4.21926374,-5.80739138
-5.6348072,-5.76109204,3.93843662
4.48338884,-5.97322732,-5.95110316
3.86039029,-5.94988369,-5.37874293
4.33743535,-5.90178785,-5.90896302
-5.99798958,4.42871786,-5.92886511
-5.80936487,4.18637114,-5.9903327
4.28123315,-5.88185556,-5.88819461
-5.89627143,4.38295195,-5.94931763
4.16186538,-5.8032942,-5.86533635
-5.67905583,4.04287338,-5.879707
-5.99701628,-5.60105955,4.03624067
-5.59833765,-5.98006143,3.96547928
-5.87312552,-5.93251136,4.36001549
4.00525563,-5.69388526,-5.82310835
-5.80102643,4.36623212,-5.99743932
-5.96970373,-5.99039803,3.99561414
-5.85659314,-5.45225111,3.84957489
4.18505166,-5.68220481,-5.96764839
-5.82332073,-5.95167848,4.26435903
-5.85940673,4.13352243,-5.82612682
-5.73324355,4.02692075,-5.87344419
4.06509293,-5.77208064,-5.82508941
-5.93506547,-5.72742413,4.06873156
-5.9811176,4.23560555,-5.93611697
-5.96553413,-5.85406394,4.27933375
4.27749752,-5.89800708,-5.87091733
-5.98123504,-5.61478032,3.89415416
-5.98021282,-5.77350504,4.3029957
-5.77890896,-5.85373836,4.16118221
-5.98727263,4.44131597,-5.93437264
-5.95766284,-5.73720557,4.27069935
-5.84175424,-5.7915902,4.09131229
4.09697167,-5.69150594,-5.92361225
-5.85844162,4.27815084,-5.89486113
4.1646139,-5.87913535,-5.73201595
4.21418754,-5.93308066,-5.86272871
-5.96158208,4.44263086,-5.98469273
-5.90480242,4.14630525,-5.71682031
4.21216372,-5.98023771,-5.75158337
4.02126638,-5.97593231,-5.78313862
-5.90778569,4.31789767,-5.94608868
-5.94680509,-5.7774788,4.30836979
4.33802769,-5.95260939,-5.97722823
-5.91899096,-5.97636394,4.28445596
-5.75023156,-5.85011645,4.07372999
-5.68564935,-5.95478985,4.22883039
-5.94507116,-5.87330099,4.24221001
-5.87327357,-5.88143259,4.17109687
-5.75580507,4.15946759,-5.9118862
-5.93045317,4.32233041,-5.91868594
-5.95669896,-5.42799744,3.92477664
-5.96319962,4.2850975,-5.95261999
-5.93133093,4.16717202,-5.7968734
4.18135249,-5.81357603,-5.85562097
4.22693063,-5.93246618,-5.90920186
-5.97621797,4.19760521,-5.78466651
4.4782262,-5.99695515,-5.94631616
-5.79106228,-5.99480276,4.27319494
4.12933686,-5.78221901,-5.79481742
-5.89233312,4.05500671,-5.93913973
-5.68765647,-5.9393426,4.19832316
-5.7963506,-5.87699776,3.94816922
-5.94350828,-5.9955879,4.28313986
-5.59438645,-5.80567588,3.9469973
-5.98544851,4.36338945,-5.82319852
-5.77141475,-5.85807745,3.98576358
-5.98609877,4.05445615,-5.50608326
-5.54276643,3.88183785,-5.91157819
-5.92514781,-5.77929387,4.25378158
4.07617172,-5.93643142,-5.7042778
-5.79834785,-5.93460391,4.29174752
-5.70737318,-5.98311457,3.97291533
-5.85041114,4.05651732,-5.63457163
-5.92050785,-5.85439553,4.22472208
-5.91509842,-5.7240043,4.02441802
-5.97919475,-5.98731702,4.52592611
-5.73784272,-5.77474059,4.05980403
-5.91413803,4.23886599,-5.88006088
-5.99454193,4.26413773,-5.68720268
3.98560264,-5.78832527,-5.92223849
-5.91059071,-5.95560819,4.24211193
4.01064668,-5.72237011,-5.76828031
4.18915511,-5.91573228,-5.69090152
4.27549864,-5.90841391,-5.93134749
4.23034466,-5.78876394,-5.94834233
-5.90778734,4.24664352,-5.83137617
-5.99704557,-5.90661147,4.44348857
4.06572663,-5.5156232,-5.99037873
-5.91375042,-5.72261047,4.221375
4.02542317,-5.83891577,-5.61404468
-5.96828649,4.27942712,-5.91576895
-5.79369057,4.15068225,-5.9779549
-5.96281331,4.06628204,-5.91410383
-5.92667409,4.16605097,-5.82261667
4.12248248,-5.99110604,-5.93423746
-5.8255468,-5.77840891,4.0070427
4.29498484,-5.98671266,-5.91552891
-5.8534828,-5.73680491,4.06843061
-5.94194436,-5.91864387,4.21897357
-5.99446075,4.39101124,-5.82861507
-5.97834997,4.33455582,-5.96506089
3.98288508,-5.8827291,-5.86853009
-5.70532327,-5.98265511,4.12193854
-5.92100249,3.98519206,-5.60634429
3.86590261,-5.85962628,-5.82778445
-5.5633484,4.05310694,-5.9322296
-5.95968656,4.44367826,-5.93838172
-5.70290169,-5.97509169,4.0131887
-5.90879152,4.1042116,-5.73670332
-5.99625032,-5.8106405,4.23851362
-5.88224209,-5.73151136,4.18664146
4.32844228,-5.95230302,-5.99360206
4.44672679,-5.92182895,-5.96985826
3.93705834,-5.96318732,-5.79994642
4.26716235,-5.87594968,-5.84123561
4.12592811,-5.86826727,-5.86802623
-5.88805717,-5.84140373,4.1983823
-5.86570362,-5.9698608,4.17096234
-5.99356168,-5.78049233,4.27977871
4.22098004,-5.87360656,-5.92841507
3.97267513,-5.71647423,-5.6693257
-5.92127323,-5.77196293,4.13692537
-5.9920197,4.3689586,-5.87612486
-5.76527325,-5.97435368,3.89502666
-5.71603946,3.8772001,-5.8215338
-5.86576532,-5.90387072,4.24367859
-5.73792043,3.94850092,-5.87608969
-5.62177126,-5.91788871,3.87099094
3.96114221,-5.88664245,-5.63360325
4.26244814,-5.95089892,-5.98241866
3.98363265,-5.95699569,-5.47618433
-5.92175857,4.0582245,-5.63101829
4.02011285,-5.68783155,-5.80542321
-5.9622266,-5.91376007,4.33239451
-5.78460984,4.02824801,-5.79396169
-5.63192438,-5.95409544,4.07214996
-5.90910126,-5.9425769,4.39313064
-5.66691692,4.16687113,-5.98257099
-5.87137418,-5.62714133,3.93882282
4.19312325,-5.88445381,-5.76251267
-5.89519423,4.06405344,-5.73864231
-5.97111838,4.21502834,-5.90228313
-5.95351477,4.36104759,-5.90901985
-5.75429448,-5.86759072,4.10373388
-5.6786882,4.08073029,-5.99829847
4.29048278,-5.99358378,-5.86365451
-5.85849237,-5.60080335,4.01411616
4.24879841,-5.94240869,-5.88369133
-5.82998097,4.1293509,-5.71375043
-5.84664492,-5.98426977,4.19480201
-5.82174096,-5.9046432,4.27969188
4.09438647,-5.8980018,-5.88988924
4.36796116,-5.95619136,-5.83054709
4.25441372,-5.98040058,-5.70215301
-5.72625795,-5.74523597,4.04804525
-5.90805182,4.39250957,-5.9541737
4.24347009,-5.7852338,-5.95632471
-5.94315778,4.07488509,-5.81262629
4.13119363,-5.68113309,-5.8726462
-5.90524492,-5.99352676,4.18924536
4.01553655,-5.87998856,-5.88860178
4.37666637,-5.91792259,-5.95971477
3.98982782,-5.91758297,-5.71904243
-5.72277854,-5.95382987,4.12810333
-5.91638507,-5.84901609,4.12455299
4.24854403,-5.87059598,-5.82835918
4.2590156,-5.95598589,-5.7302082
-5.95465995,4.21194058,-5.97674733
4.45524764,-5.95144267,-5.92884091
-5.89092986,4.05910657,-5.95897141
-5.87421144,-5.75637091,4.06404775
4.32243595,-5.99044551,-5.83570402
-5.99674714,-5.6698137,4.04249386
3.95728851,-5.6806511,-5.71157268
-5.95172707,-5.95902218,4.47731231
-5.64105806,4.10845536,-5.93311434
-5.84147974,4.27776085,-5.96413465
-5.89925853,4.45517204,-5.97289141
-5.87513491,-5.69111885,4.04814281
4.20464828,-5.90427214,-5.74606029
-5.95521269,-5.95831139,4.41061128
-5.98782851,4.03099658,-5.58001672
4.13425024,-5.7896815,-5.99983475
-5.88648721,4.12832262,-5.93534056
-5.92159691,4.34045441,-5.87612432
-5.81483052,4.10144309,-5.6995264
-5.94940731,4.33482195,-5.85169736
-5.61709956,4.16242941,-5.99280933
3.91755632,-5.59030086,-5.87509692
-5.99853465,-5.73418639,4.15477099
-5.95212188,-5.97949943,4.41899592
-5.94734545,-5.88239338,4.11554822
4.20797043,-5.8762157,-5.86570314
-5.88559299,4.17666659,-5.75542998
-5.98699207,-5.93551481,4.3777048
4.18330356,-5.93793052,-5.96677831
-5.74644356,4.17478766,-5.94815867
3.97766324,-5.86373568,-5.57359327
-5.60355597,-5.94758326,4.00212856
-5.86787681,3.98354329,-5.61467804
-5.98114397,-5.54607439,3.9095762
4.07431394,-5.71678432,-5.9879766
4.18090314,-5.85576772,-5.74648439
4.12094338,-5.67691787,-5.99751257
4.23448175,-5.98862594,-5.93620302
-5.91885689,4.04863742,-5.83382998
-5.95519799,4.40562456,-5.97582034
3.9584392,-5.87686999,-5.95297511
4.14461528,-5.82016282,-5.85525071
-5.86293056,-5.86993158,4.23970047
3.94271664,-5.86398479,-5.57678606
-5.95798411,3.89203704,-5.86185516
-5.92411286,-5.58115375,3.87797343
-5.93921693,-5.95092531,4.3255502
-5.7882577,4.14960469,-5.94335719
-5.84505157,4.0280371,-5.6682316
-5.92749878,-5.95848223,4.26917768
-5.98234261,-5.96379299,4.36255655
-5.95466556,-5.85875556,4.27914249
-5.82541482,-5.50054327,3.85974268
4.34470875,-5.92774939,-5.83742523
4.23361204,-5.92824462,-5.89762163
4.30829997,-5.8999925,-5.87063101
3.98604444,-5.94035903,-5.71435576
-5.69313394,4.12206021,-5.89521811
-5.90388414,-5.92780097,3.91934987
3.93444193,-5.64104843,-5.991392
4.23727497,-5.89968007,-5.85307109
-5.72208395,3.95408225,-5.70997112
-5.95987265,4.15623181,-5.86844085
-5.59484682,4.05277263,-5.93708638
3.9797109,-5.92925444,-5.48874151
4.21911068,-5.77332967,-5.98489981
-5.96165588,-5.9776388,4.52816188
-5.99999618,4.10427671,-5.62677767
-5.68637274,-5.97656513,4.24720833
-5.80409314,3.89740639,-5.69309222
-5.90760842,4.10221975,-5.63157562
-5.96482759,-5.92765594,4.33759399
3.96402674,-5.904822,-5.88949045
4.17263206,-5.61250831,-5.97968127
4.18662272,-5.91135237,-5.99067057
4.27654848,-5.83859156,-5.97510657
-5.96433605,-5.72259625,4.24872234
-5.85772068,-5.9278452,4.32311504
-5.98804582,-5.8386556,4.35520875
-5.77981041,-5.97076056,4.32362651
-5.67874805,4.01620607,-5.7514974
4.04259537,-5.99642901,-5.91411558
4.27186584,-5.92872625,-5.77534537
-5.87916875,-5.57094323,3.8983484
4.15177306,-5.91609699,-5.98982255
-5.52345895,4.00843446,-5.93938808
4.17825641,-5.98783887,-5.88987276
4.10400925,-5.96318824,-5.97233373
-5.92826974,4.09214604,-5.99658901
-5.95480941,4.17328941,-5.95724286
-5.87306882,-5.9316247,4.05332015
-5.75220248,-5.61349197,3.92791435
-5.98537547,4.39971533,-5.96165918
4.34448575,-5.91591386,-5.99320516
4.1850341,-5.99852983,-5.92452016
-5.61247543,-5.98737587,4.09276078
-5.78031694,4.01118371,-5.78404929
4.16425939,-5.90455228,-5.72168142
-5.57561993,3.87736555,-5.87784191
-5.83210753,-5.86841926,4.16965387
-5.75487882,-5.97513951,4.21033076
-5.94716191,-5.91901424,4.29869006
4.14788309,-5.98516711,-5.88704342
4.25341443,-5.92127309,-5.89758671
-5.69293779,4.16162433,-5.96404534
-5.95665756,-5.84009977,4.35484169
-5.94438679,-5.8584507,4.37306986
-5.94145727,-5.88894995,4.34238132
-5.8231616,-5.67525084,3.99726749
-5.93980072,-5.83830619,4.15525446
-5.92236859,-5.73434044,4.14914513
4.40223876,-5.96352652,-5.95082098
-5.94947335,-5.91386674,4.32212061
-5.98317655,-5.76448242,4.12932045
-5.9198998,-5.86049245,4.32501054
-5.87848506,-5.97500653,4.36317937
4.35325719,-5.92245556,-5.95818466
4.27724863,-5.89233399,-5.90588583
-5.84499197,4.21468518,-5.80767794
-5.93660533,-5.85211126,4.3096207
-5.95830888,-5.88326314,4.14722662
-5.87376163,-5.96049699,4.40505377
4.34490146,-5.90425936,-5.90652268
-5.77473038,3.96788431,-5.86503794
-5.66386488,4.20914812,-5.97795589
-5.97101278,3.95548234,-5.72481903
-5.97808433,4.43388215,-5.91896619
-5.84697526,4.26303435,-5.84386591
-5.95516647,4.15243614,-5.80058876
-5.69257585,-5.78198242,4.05001931
-5.86475384,-5.97787737,4.2171033
-5.85603898,-5.98262489,4.18824304
-5.65332062,4.12724642,-5.91221961
4.08153453,-5.95040904,-5.75821399
4.22652447,-5.95968453,-5.98447892
4.20491489,-5.9478377,-5.9766508
4.27335541,-5.87790645,-5.8071396
4.19705551,-5.90076115,-5.89438779
-5.85338516,-5.81895316,4.25377604
-5.95479339,4.20028634,-5.88090533
-5.92901664,4.44243069,-5.95695981
-5.84858966,4.29663445,-5.86251891
-5.97280151,-5.40942078,3.96895655
-5.87772626,4.39895959,-5.99185055
4.2871478,-5.93165421,-5.95170962
-5.98328608,4.24414324,-5.78270687
4.10306894,-5.88661517,-5.87438879
4.10267416,-5.79238491,-5.75750256
3.98371176,-5.80997389,-5.87228602
-5.97605757,-5.7274237,4.28727146
3.97286423,-5.81683163,-5.93334715
-5.99894108,4.43539122,-5.86524627
4.14994539,-5.89102396,-5.68584834
4.35691129,-5.85733901,-5.96239807
-5.99868112,4.256168,-5.85447822
-5.94705844,4.35582098,-5.88753959
-5.78201396,-5.97405988,4.11847959
-5.95177068,4.23592688,-5.89898638
4.10669331,-5.67339645,-5.8721051
-5.75732664,-5.66835129,3.97097065
4.08548557,-5.96629651,-5.62831023
-5.96835251,4.30645214,-5.95344531
