5.74190557,-4.12064104,-4.25638136,1.42294735,5.57592517,5.65593149
3.06266133,-5.38992376,-3.41451909,-5.46225006,-4.4230193,4.65998211
-4.4358905,4.34239671,-3.13298848,-2.31151881,-4.83633343,5.94371912
4.4129005,-4.45899,-3.50487659,-0.46403952,5.12625838,5.91421684
-5.38597757,-3.23864258,5.50205807,5.88590137,4.39190227,-4.21593387
3.21364992,-5.84235676,-4.0214379,-4.88831412,0.0849329,5.58685311
-5.36769706,2.62855021,-2.73563088,3.39904258,-3.52204718,5.44691132
-3.36232533,3.16831693,-4.72097236,4.05351376,-4.48475492,4.3344215
4.78989494,-2.51030946,-4.81045747,-5.68614866,2.82806991,5.56676156
5.28710812,-3.49473735,-3.67029987,-3.46240162,5.81094203,5.62494883
-4.36095503,-3.30746878,3.02009934,3.64403043,5.64165984,-4.82657514
-4.88635406,5.63590834,-3.48300245,5.12568525,-4.80922841,3.90579722
-4.10708684,4.35485558,-5.33929059,5.70357973,-5.19414764,4.41420958
-4.17858985,3.26701129,-3.83533287,-0.34576193,-5.95417859,5.90699026
-4.6182248,-4.2349657,4.16884449,1.67903668,5.79450928,-4.90899822
-5.36080323,2.89053667,-4.2389223,4.7858837,-3.53110002,4.34952922
4.36161309,-3.68006844,-4.60171057,-5.38983693,3.5012919,4.79371119
-5.73464063,-2.75675638,3.75332028,2.35442589,5.46034671,-4.64127069
5.64574265,-3.17943689,-3.23431239,-3.8261685,3.4820849,5.66370957
-3.21861094,-5.80885782,3.53530662,5.06097539,-4.58143195,-5.61716049
-2.3004507,4.76167412,-3.92612119,1.68593535,-5.27014394,4.86803533
-3.58760726,3.64866707,-3.26526275,4.06973929,-3.98535151,3.03679201
-3.35814383,-4.32539909,4.49232798,4.33811874,5.12905922,-1.38564366
4.52653971,-3.24849121,-3.89099562,-3.06514507,2.86674066,5.69843407
-4.4875621,-4.7007621,5.87907439,5.74753327,5.72467818,-3.62694843
-3.14570274,-3.18703432,5.82551974,4.52870038,4.01462298,-5.66238971
-5.15564139,2.85580346,-4.46351748,2.73261546,-4.22203071,5.84503372
-5.42583366,5.01222858,-3.31744924,5.77272924,-0.50572653,5.6593212
-4.3543239,-5.37516831,4.66465257,5.08160701,5.85909585,-3.07497233
-5.34659059,3.40103998,-3.26764252,4.47481982,-4.61548269,3.87063618
-3.09952496,3.86366768,-4.43857846,3.71628297,-5.63825747,2.33536608
5.00810243,-3.54445621,-4.03888062,-4.83753416,4.79584437,3.47596012
-3.25643189,5.66807737,-3.62765391,3.05796739,-2.9377805,5.5615313
-3.75329818,4.32843251,-4.51377233,5.43091417,5.71421338,5.02163763
2.83705627,-3.8218962,-4.19873065,1.93936976,5.72693164,5.31428463
-3.24598426,4.6807441,-4.70929397,5.23265785,-4.71534968,4.98016979
4.19917067,-3.80834971,-4.11253465,-5.29996133,5.38853067,3.65436796
5.25912585,-4.69558495,-3.57316026,-5.60910222,2.85537885,5.25079584
-3.43246142,-4.25989507,4.80378433,4.21021581,5.43356208,-4.22528761
-3.83876221,3.47807971,-5.51463043,5.39945611,-5.692934,-5.95951823
-4.48727844,-5.28753144,3.21581668,3.99391938,5.39848936,-5.04218972
-4.46465332,-3.67372325,4.21406767,5.02234297,4.93980671,-4.95252663
-3.59392077,-4.22799387,5.03737077,5.95099508,5.07279999,3.69727863
-5.54133238,-5.08612572,4.80574686,5.74279407,5.98596696,-3.02848737
-4.31300192,-5.99216437,4.28617325,5.48947723,4.97820913,-5.83936288
4.6655767,-4.81331937,-3.67721306,-5.11525289,5.41173473,3.80181061
-2.6116944,5.04021254,-5.31811084,5.21968784,-4.40607694,4.53181904
-5.47441464,-3.16408584,4.9868178,5.23540467,4.44530372,-5.16618095
-4.27704661,4.95776209,-3.96849742,5.68822809,2.64880047,4.30415951
-2.17267666,4.83919535,-5.21765653,3.51553653,0.24084016,5.76343369
5.025154,-3.52719458,-3.83155688,1.86352403,5.31372766,5.5801935
5.04422267,-4.21327508,-2.43512482,3.44805654,4.40267372,4.12506046
-5.45687356,-4.70182509,3.76455132,4.45090203,5.84297877,-4.0327791
5.30928011,-3.10688275,-4.71088738,3.55072244,5.22868249,5.0319531
4.9969722,-3.21904926,-4.54605806,-5.52151069,5.16839894,-0.72541042
3.4311639,-4.140464,-5.46075765,-4.99367598,5.97631084,-0.93242655
3.75551229,-4.27916295,-4.76228368,-4.56410028,4.78176493,5.05913224
-3.79330278,5.98141381,-3.32821585,5.21981783,-5.95163977,2.35822309
4.5053494,-4.12377479,-3.40482956,-4.46559199,3.41287833,5.90027833
3.28734414,-4.3503669,-3.38786912,-5.51820408,5.88075061,-1.58269242
4.79964386,-3.35585557,-4.22826715,-2.2285398,3.95100719,5.75477373
-4.67822153,-3.86234853,4.06941328,5.35848379,5.88707287,-5.76009925
-2.89918804,-5.2411262,3.57765379,5.82274344,5.2030267,1.73154086
4.01594268,-4.44998814,-2.68264128,4.65925717,5.06484774,5.55626137
-3.76244408,5.63537879,-2.99892034,4.25617104,-1.6660048,4.82941201
-3.66880095,4.44507291,-4.12891752,5.2816266,-5.41671942,-5.76695389
-3.8133747,-3.28949381,4.08459836,-2.61025202,4.77572016,-5.83469606
-4.5384533,-5.38540226,2.52942522,5.64312269,-0.70346581,-4.27362644
5.13960124,-4.14395609,-4.15988097,-5.4672055,5.88293922,5.98116015
-3.7318948,5.25526643,-4.47802902,3.32178761,-5.8064479,5.91744646
-4.39752554,3.81050216,-3.09235157,3.96567281,-3.94704538,3.62981369
5.96202652,-3.70763753,-4.06391935,-3.23087318,4.3520748,5.09708507
-3.37813861,-3.95039013,5.26954624,4.64498374,5.5516867,-4.31801978
-3.82307395,-3.59506808,5.51865393,5.36247226,3.91769141,-3.22597883
-5.11490027,5.1075413,-2.70519117,-5.26099861,-5.99702414,5.58796649
-3.55148695,4.06558724,-3.07599095,4.7433289,-5.02085183,5.22494637
-3.68425721,5.97016204,-3.77555118,5.6530818,-5.84056049,4.63796612
-3.6358177,2.44415843,-4.62646562,5.01994089,-5.47601273,-5.32262188
-3.72659962,4.21627668,-5.6482782,4.13446024,-2.82519387,5.94434581
-3.87169932,4.48070934,-3.29575536,5.0619424,0.51344967,4.74728733
-3.98595985,2.61908208,-3.98762549,4.58410165,-5.34509996,3.37444221
-3.94765693,4.04630755,-3.41611433,5.24667592,-5.64748502,-1.44607804
-5.07939718,5.09903438,-2.78873635,4.99555185,5.59297275,4.96112417
-3.29286477,5.54254329,-4.37329316,5.90038129,5.13180537,4.48797868
5.77269783,-4.07998565,-4.64591632,4.53694523,4.75047507,5.86783754
-3.31707875,3.57919851,-4.68435803,-1.35525064,-5.10205318,5.89331429
-3.95032977,-2.91007374,5.11230138,1.21506859,5.11025699,-5.71441917
3.51665029,-5.58933574,-3.22529153,-5.48529589,-0.61642197,4.50161059
-5.41790926,5.13318461,-3.76460725,5.82183205,-1.45006297,5.72335826
4.34538166,-2.65509362,-4.59035238,-5.88508617,5.61690485,0.14256097
-2.45444197,-5.08742503,5.5075013,3.96423071,5.77926527,-3.82303298
-2.70873772,5.7823766,-3.46925094,2.78250598,0.83595931,5.45398257
-3.36443233,-4.50351598,4.74841269,4.93000819,4.53074219,1.66383765
-4.00910657,-3.61379841,4.29340225,5.80436822,4.33646329,-5.32782051
5.32099707,-3.23971857,-5.59823577,0.47387349,5.61522006,5.57503266
-4.42420283,4.21722072,-5.9639921,5.95617371,-4.66082093,3.98579915
-4.77086295,4.21358532,-4.19928505,5.68526874,-5.22485826,5.29746268
-3.06954224,3.22980567,-5.07051045,5.16596352,-3.62231464,4.74099149
-4.39620515,-3.67102421,5.19650455,4.78696671,5.94821691,1.61229382
-4.66275922,4.21030163,-4.46868787,5.49333715,-5.72049465,4.73871488
-5.42883264,-4.10158412,3.22395962,3.83131176,4.83836666,-4.18191107
-4.6755988,-4.22465087,2.84047381,5.98163838,5.39643623,-4.92197216
-4.94845115,-4.36218205,3.20852836,-2.53361157,5.85694403,-5.14926602
-3.32327339,4.11322128,-5.77345113,5.11891329,-5.97457848,1.29834586
-3.34762008,5.57330178,-4.26565673,4.37475915,1.43736343,4.79686367
-4.55077258,-4.51098194,2.86824027,5.76383931,5.29498062,-4.80918537
-4.65204803,4.2961299,-5.10049629,5.32543841,-5.68097502,4.38776786
-3.64673534,5.31214427,-2.50369701,5.65053173,-3.89123885,3.68872372
2.62660671,-4.77030969,-3.74526458,-3.60141604,4.60457614,4.76461247
3.09860212,-4.90302012,-4.03394769,-5.89552886,-1.72796382,5.4163986
4.03973337,-4.5856762,-3.83407583,4.71966401,5.6828287,5.98599055
3.20480016,-4.72518402,-4.42154457,-4.14995607,3.46347299,5.41402886
-3.69667249,4.71957908,-5.64245389,4.82881284,-4.57622547,5.34043819
-4.13108282,-5.0358111,5.88087394,5.56783536,5.25132257,3.61576596
-3.61387725,4.27753427,-5.29865829,5.68421536,4.30790187,5.17897877
3.09443185,-3.59782151,-3.35688889,-2.67368697,2.96261659,5.82144675
2.5357835,-5.698364,-4.50543709,-4.7441628,-5.96142847,5.66637948
4.95361584,-3.82559302,-5.77716465,-5.67823959,5.79469183,1.41091845
-4.87626104,2.899048,-4.0967711,-5.43778132,-4.15117504,5.63868017
-4.25275489,5.86567371,-4.6050085,5.85099214,-0.50894367,5.28105417
-4.53342637,-4.56699113,4.54793102,4.942947,5.19427398,-4.51052416
-3.63311353,5.8938345,-5.83724568,5.41305048,-5.51909269,4.42058206
-4.39043023,-4.73181114,4.48497396,5.64473267,5.15090981,0.77001992
3.96115488,-3.77216369,-5.88164672,-5.73376085,4.94905423,-2.81012216
4.30435533,-4.71605698,-5.11507637,-5.06212024,5.31491438,5.38743489
-5.87205467,4.01887441,-3.45163543,4.7557853,-5.45706983,5.88164735
-4.57390448,-4.31860933,5.0861032,3.87257724,5.22238996,-5.86274511
-3.52627308,4.28863449,-3.66131221,3.33916127,-5.46766512,4.44813825
-3.25104318,-5.56922164,5.32257058,5.1939866,-0.91920563,-5.87387191
-4.5723114,4.45892814,-3.73833177,4.43021177,-3.32363397,4.89360323
-4.85951363,2.87478781,-4.24605277,5.36272101,-4.87427391,2.53566053
-5.05007219,3.53796448,-4.19326726,5.89496905,2.73027721,5.15150369
-3.33296604,4.44293832,-2.83258696,5.31773036,0.72853362,3.65571743
-3.59392989,-4.84183339,4.23638834,5.14428134,0.06327212,-5.43332547
-4.02767986,-3.11525951,3.20938499,5.41516696,4.04030229,-1.22179672
-4.5326671,4.94461245,-3.49028863,4.59415106,2.97665821,5.64203097
-3.19172147,4.66933009,-2.89042136,3.72935126,-0.73812323,4.66978474
-4.27336964,-4.2119239,5.52982719,4.84150231,5.78265986,4.40229257
-4.52898311,4.56562002,-4.2218981,3.88268652,-5.5236846,5.1797349
-2.97675504,-4.69198915,4.05633316,4.70842221,5.02224109,1.36185363
-2.77897526,-5.34904479,4.66460939,2.55293843,4.97345318,-5.51126664
-5.96238579,2.85291444,-3.38036789,5.49636619,-5.34476001,3.25104065
-4.62663198,3.08393365,-4.28339241,5.98790049,-5.48292589,3.90774529
3.0749173,-4.31646989,-4.92903195,5.42935651,5.12329746,5.90679117
-3.63975954,-5.4377123,3.23292449,3.30234543,5.89687284,-3.06373137
-3.68043327,4.62454212,-3.43263476,4.78675245,-5.84308331,2.93894544
4.2216529,-3.76617761,-5.16847655,-4.94115678,5.56521439,1.67568444
5.29217696,-4.53643502,-3.43763655,-5.7864313,0.01051746,5.95370729
-5.98759503,5.02763104,-3.94740503,0.67899199,-5.95559517,5.93054738
-5.62342041,4.72142518,-3.88876964,5.59559689,-4.11805988,4.67469332
-5.66602942,-3.68451202,4.92795088,5.46662268,5.07503516,-4.46515974
-3.18627221,-4.81806969,4.25288667,4.6777931,0.10799715,-5.56006059
4.48011533,-5.84903846,-3.98408074,-5.47236897,4.37076506,5.29936987
-5.49005043,-5.1518399,2.81441848,4.06523452,5.55710633,-5.97179759
-5.29369658,3.05796191,-3.30275402,-0.31393493,-5.42466681,4.61172745
5.13238537,-4.47504459,-2.91369189,-3.00921542,4.99204383,4.87011985
3.5479991,-4.66976546,-4.60023786,-4.61873919,4.88323619,5.3023051
-4.9519094,3.88183517,-4.56962134,4.6567752,-5.86857149,4.01646648
-3.67216324,-2.77386542,4.69133936,4.5207363,5.31645935,-2.02324727
-3.4433213,3.8076295,-4.06390995,1.3461943,-4.09505344,5.98422067
4.10491127,-5.88534934,-3.10109736,-5.40519714,2.77792124,5.91479994
-5.26479299,-3.90373848,5.10117649,4.57353185,4.82485783,-5.35812763
-3.86182894,3.93267532,-4.1770419,5.96665812,-5.80543183,-2.99723634
-5.65095218,4.41030331,-3.54847426,4.61549739,-4.16063352,5.51985644
5.29130512,-4.40756743,-2.69162203,3.50763,5.24653226,3.69638941
-5.28408256,3.79935266,-3.61886534,4.92296175,-5.56997405,3.00255305
-3.34597802,-5.32022549,5.59398591,5.45302613,5.3114009,1.29654806
-4.00063211,3.69244465,-3.76783444,5.7750116,-4.53797795,-2.59642898
-2.68505828,4.6343722,-5.6734805,4.60695111,2.94728797,5.83215431
-3.81573163,3.67523458,-4.48323285,5.66185008,0.73977414,4.68688285
5.90123212,-3.35775171,-4.26125871,-5.71796102,5.35312648,2.67761841
3.73215929,-2.49492536,-4.75804508,-4.97487891,-0.96191677,5.8804697
-4.11313821,5.21642188,-4.35815644,4.85198859,-0.69888585,5.51966343
-3.71787323,-5.40572208,4.22718334,5.70962411,-5.33971185,-5.59804322
-3.70938253,4.25970455,-5.01266493,4.27928836,-5.99181432,2.9933372
-4.48611316,-5.35507237,5.07598282,4.89122626,5.95612616,-3.53362467
-3.69726878,-4.53089201,3.72081793,5.81408889,-4.43663674,-5.85060399
-3.9707317,-5.47660483,5.79538513,5.43489885,4.98072935,-4.93084704
-2.65743827,5.70804037,-4.36268909,5.33082182,3.3897178,5.69599213
-5.19377138,-3.7565834,5.67195544,5.62594335,4.76013021,-3.66168315
-4.07799861,-5.47502881,4.2188517,3.65853739,5.69333016,-4.89325041
-4.94849544,5.34873812,-3.87896025,5.46022639,-0.57136482,5.61732974
3.8302265,-3.76632993,-5.36649343,-2.96873651,4.27711605,5.76078208
-4.55967093,2.76025272,-3.11760468,0.35746896,-5.37001054,4.06884255
-4.93443005,3.90937419,-3.86612818,5.82908338,-0.36474909,4.54048528
2.9854854,-4.02465119,-5.14204765,-5.65471093,4.79624081,2.78253042
-4.04225664,5.71649082,-3.01227612,5.22323602,0.39797975,4.23287894
3.36830532,-3.46512924,-4.34743437,4.79543989,4.82928822,5.89121081
-5.2453136,-3.24684127,4.60317824,3.70817029,5.54223418,-4.70388077
-3.74262699,-4.80812735,3.12731718,5.77883414,1.86551132,-5.37375719
-4.14645703,-3.32040944,3.00538326,5.79614319,1.92353012,-4.82257819
-3.15334804,3.22099649,-4.83289859,3.55650213,-5.00760262,3.05544201
2.75795255,-2.96689606,-5.13228323,-3.99584852,5.71114689,-2.31795318
3.87942345,-4.1340151,-2.64866321,-5.80714721,5.07735185,2.31406874
-4.49011819,4.42023108,-2.74375362,-5.59622348,-4.83075881,5.60324836
-3.79415528,-3.49817907,2.95083792,5.56822847,5.82651911,-1.91504645
3.25507302,-4.24539566,-5.10591488,-4.97663035,3.16248939,5.34135651
2.86305122,-4.62971588,-3.85704807,-2.53716701,5.19569195,5.43401489
-3.62544814,5.58842281,-3.1451642,4.33934978,-5.18690682,4.00486009
2.16106747,-3.81427281,-5.16980557,-0.81073543,5.59461629,5.084715
-4.3036244,-5.83653513,3.94010104,5.67269057,-1.61314968,-5.21376194
5.25687239,-2.8669454,-5.60695489,4.49081753,5.48649135,5.85300248
-3.37880183,-4.87133876,5.52749883,5.95466226,3.94651005,-4.648262
5.18536505,-3.29500514,-4.81642805,-4.53381181,5.11196831,5.56292579
-4.86659364,5.77853725,-3.33848602,5.87317808,-4.29705381,4.92648459
3.90760293,-5.50005325,-2.75511086,-4.58522375,-4.33810789,5.75800503
-3.38177503,-4.58569937,5.44147447,4.50138967,5.78952096,-2.35261779
-4.48246166,2.67189371,-4.2863786,5.72549354,-1.4563074,3.97289089
3.8646207,-3.44909711,-3.89949651,2.74625796,5.02713274,5.77253092
-3.61764481,-5.70364888,2.48233736,4.4312225,4.48429327,-3.41685348
-3.28757749,-4.03301021,4.56269438,3.97466477,5.24579374,-1.1331803
5.14882031,-5.39814233,-4.11043491,-3.48547982,5.31831309,5.63908601
2.60887386,-4.58562285,-4.47665397,-5.07550178,5.17556565,3.35295922
-4.25665018,3.55835084,-3.42154038,-3.22641039,-5.05103286,4.99651093
-4.39591892,3.79547043,-2.55212161,5.63747884,-3.64410124,4.02523805
3.56649336,-4.7460641,-3.7517487,-5.49724893,1.32704707,5.2656645
-3.18519282,4.21129272,-5.50388472,5.33353208,2.57275435,5.57543253
2.43090212,-4.69543492,-5.62773045,-3.7913237,5.11817674,4.22679223
-3.55458234,3.25773235,-5.89293602,5.81029329,-5.84188167,4.63945127
3.62867206,-5.51483543,-4.08276112,-5.64183217,1.59051497,5.20782103
-2.71833547,-5.12224982,4.7811489,5.92944727,5.81909364,4.67101627
-3.46607483,3.81065847,-4.8001024,5.77230674,-5.09930654,-1.72908371
-3.78959407,-5.56909682,4.51203479,5.94797221,5.82132232,4.85070586
-5.16474741,-4.38017833,4.10464317,5.19880305,4.25881986,-5.84522366
-3.90555469,-3.92768797,4.80453009,5.98106005,5.25356571,-2.77965236
5.45010228,-3.24751448,-3.75159508,-2.08625424,5.21162917,4.81257777
-4.63758809,-4.58906296,5.30027259,5.61904824,5.18685972,-5.02805318
-4.19114034,-4.09605773,2.88355468,5.26126925,5.49821459,-0.0219614
3.98794037,-2.52930178,-5.08431445,-5.94292615,4.80265936,3.60018754
4.36269285,-4.11720517,-3.79030234,-5.41608718,4.07065134,5.80172455
-3.33882021,4.23336073,-4.41038836,5.84846504,-2.64003108,3.94031845
-3.75605291,4.78199186,-3.7883659,4.65692308,-2.6741805,5.75282704
-3.45474667,-4.93554848,5.80734616,5.69590565,5.076107,-5.01179646
-3.46828821,3.60524813,-4.53464118,5.15886103,-5.21425512,-1.96042524
-5.20752518,4.75977705,-3.85963065,5.56063789,3.78935772,5.07218987
4.30172813,-2.90798132,-5.64885741,-5.01578968,5.33039718,-2.83300083
4.27558936,-3.99650156,-5.3750359,-5.58859473,5.405668,1.62800542
-3.92354324,3.25309224,-4.29022289,5.55271344,-4.4546584,-4.8188357
-2.78940299,-4.21371477,4.28392563,5.33088408,4.67240906,5.67965072
-5.18875824,-4.19954671,3.48548603,5.87352214,3.3634476,-4.42437094
4.38205398,-2.98914431,-4.47971931,-5.75288597,3.13133354,3.63336196
-4.92161148,4.39008034,-3.45123358,-5.91364433,-5.90874888,4.70938551
-2.68463607,3.33880673,-5.48465241,5.20106857,-4.80424771,0.21644253
-5.68052641,2.51457691,-5.15190688,5.885263,-5.73606158,3.48298047
-3.73066942,-4.48995702,4.72759891,4.45702777,5.72490179,3.66329792
-3.2997228,3.65653573,-4.2778905,4.76498712,-5.4870028,4.08101495
-5.08615945,2.76305468,-4.32467751,3.59967452,-5.01402,5.26030756
5.26333274,-4.69044215,-3.04384026,-5.56058493,-1.5932335,5.65079221
3.2040714,-3.34202233,-4.8373651,-4.77130476,5.01462538,-4.79967482
-3.91392186,-2.4350249,4.99504625,4.13574291,2.2319077,-5.81591873
-2.88137724,4.00802995,-5.04267729,4.38468804,3.36287052,5.31907996
-3.23468993,5.38850202,-4.15679655,3.40722006,4.01131536,5.62776934
-4.94001645,3.41628723,-3.39698527,4.58278159,-5.61326979,2.58627229
4.63585383,-4.36479512,-2.62427981,3.77580209,4.84666897,5.47381746
-5.27511345,-3.58409066,4.08390072,-2.83145538,4.715547,-5.80451463
-2.83911156,-5.94087381,5.49103717,5.31579486,5.98680473,-4.26328941
5.07126166,-2.61632674,-5.1817928,-5.70886441,5.23363139,1.87452265
-3.43538676,-4.41904994,3.09058698,5.30724915,5.7766785,3.63705884
5.17940683,-4.67975534,-2.66394287,-3.92904625,5.10092406,4.96438726
-5.26270955,-4.62313053,5.06281328,4.6897318,5.56829135,-4.77323225
1.9740616,-3.88423894,-5.26314615,-5.45908757,5.3382622,0.22136424
5.48813932,-3.8842824,-4.12091253,-2.56846954,4.40857706,5.7531988
-5.81139596,-3.0819631,4.28281477,5.81421616,5.534677,-4.75800138
-2.86315984,-3.96447142,3.46770434,5.48814816,4.14112872,3.99092695
-4.43883388,-5.4613984,3.20546569,4.53516905,4.64782329,-4.70742447
3.6557242,-5.51981432,-4.09484939,-2.09639458,5.93025243,5.64160575
-2.37535006,-4.96209746,3.28137302,4.59735094,4.98287634,3.76445383
-3.60125241,-5.31783313,3.77253858,5.19308147,4.72457608,-4.37770352
3.70004245,-2.67946956,-5.9482119,-4.58550226,3.932655,4.50685913
-4.32649558,-4.4248237,4.18745977,-1.64772846,5.56876952,-5.75706306
-3.26009572,5.33587184,-4.91550127,4.37038457,-5.41953825,5.14133381
4.51326705,-3.87953781,-3.60436575,1.56823691,4.18331763,5.53983339
-4.96387428,5.28022271,-3.9131216,4.57475858,-4.67072729,4.92131804
4.22076191,-5.73878461,-3.82887872,-5.04043109,5.05982738,4.15790124
-3.43381667,-5.60970539,3.58730322,4.78996798,5.94141173,4.19380755
-3.90421359,3.56467254,-3.46845867,5.57000546,-4.18970021,1.84436561
4.77573287,-4.75413357,-2.42598374,-5.48078814,-0.54926105,5.9025859
-3.83593463,-4.62175391,3.80633217,5.57428615,-1.34383172,-5.46055924
-5.72781937,2.71350065,-3.31622411,4.76874514,-4.19205941,5.53542999
4.97544433,-2.96828092,-3.33872764,-0.32065503,5.17873553,5.33779627
-5.6647635,-4.75545858,3.49037548,5.34832412,4.98602848,-3.98177552
-3.18369709,4.18847801,-4.45603427,5.25019746,-5.0746303,0.5245475
-3.5987611,5.46296494,-5.51535792,5.68237215,-5.9979999,2.83683388
5.36894095,-4.68048611,-5.77485466,-5.4990273,5.08248403,5.97093531
-4.34689073,3.0515373,-4.84086133,1.37299584,-4.97801755,5.79196464
5.36278079,-3.17205895,-5.29497672,5.39642717,5.33714527,5.58971636
2.90397327,-3.45718343,-5.9562235,-5.62173696,5.81895511,-1.78820097
3.55885546,-5.68229224,-3.64553463,-4.01027228,4.24195217,4.70590724
3.04439354,-3.69400707,-3.78605937,-3.50793911,4.22238987,3.69431396
-3.54302891,3.73816107,-3.8470046,5.17921697,-4.83590792,4.69413135
-3.34220036,-3.62111862,5.39110768,5.57499557,4.76029309,-0.66236695
-3.30856176,-4.39144083,5.29864289,5.49580371,5.70363281,5.77259275
-3.27889965,-4.69141049,4.81593884,2.34713164,5.00607165,-5.9809539
2.63524402,-4.75324169,-5.79732733,-4.81235851,5.95698049,-5.7862326
-3.58514957,-3.52181993,3.47496683,2.67518702,4.00675773,-4.10329702
-4.05343778,-5.59061139,4.83843961,5.49688406,5.71774949,2.31677871
-4.68026155,4.35677962,-4.82019061,5.51614106,0.37847087,5.28581152
5.63057847,-3.91416218,-4.90785833,2.89160759,4.75565169,5.53150189
-5.17582478,3.25241507,-2.93220392,4.43508102,-4.72115218,5.07952256
-4.45521234,-2.87427813,5.40721743,5.15785769,5.42760603,2.32914019
5.87718955,-2.7299704,-5.44135942,5.55393868,4.76132724,5.61014026
4.41059222,-4.2514374,-2.61833384,-5.86669855,-0.05550004,4.96645838
3.45645473,-3.56272729,-4.32035469,-5.99659669,1.92547089,4.89648905
4.05088837,-3.571825,-4.4753627,-2.00540197,5.06786409,4.58467156
-4.89772681,5.78562596,-3.73452258,4.658445,-5.23680341,4.96932052
-4.3724215,5.07765188,-5.37537881,5.85376918,2.97756462,5.77730688
2.56085898,-4.74071625,-5.08609421,-5.2583542,4.90139871,5.60365631
-4.77660362,-4.0500623,3.15833695,1.08643166,5.56788784,-5.01061573
-4.21484339,-3.90368167,5.4272925,4.85956526,5.70137963,4.54495617
2.65701967,-5.01771136,-5.96871456,-5.4896416,5.57768144,4.99027779
3.98229609,-5.55300353,-4.48373667,-4.50978495,5.83939716,5.4006502
-2.77892138,3.8394911,-4.28875063,2.16424443,-4.7933571,5.63196286
-5.14360234,-2.69486285,4.80601382,5.35649411,3.81129405,-2.98890248
-5.64932889,5.73015916,-2.80596235,5.82852227,4.65413061,4.43213974
-4.70987135,2.95022607,-4.2433827,5.86096019,-5.38869408,1.25548141
-4.52605161,3.64093263,-3.90748996,4.75582566,-4.05679537,3.93345411
-3.42585309,5.68779622,-4.70702386,5.09211126,-1.82102337,4.75723224
-5.25294925,4.86088503,-4.59789876,5.30889085,-2.10040897,5.88982785
-4.27525431,-5.13680321,3.47111971,5.8911174,1.30263753,-4.48021874
-3.71815706,-4.42980889,4.06426064,4.06894707,4.9069842,-5.3285754
-4.31569413,3.27606782,-5.97850419,5.4310877,-4.96505183,-4.22435595
-5.48119528,-4.85188536,3.66610671,-3.97147128,5.92090363,-5.22920336
-5.16005689,5.27837319,-5.19326327,4.82041431,-5.78706758,5.2238295
4.34228935,-3.88613839,-5.12100693,-5.61306128,5.28557021,-3.27974674
-5.86564614,5.28649115,-3.96779938,5.92152325,3.07281599,5.71219124
-5.09596747,3.64702885,-4.35266033,4.38845783,-5.43715246,4.89895215
4.6363449,-3.2802179,-4.00260533,-2.79631479,4.71410726,5.66906297
-4.529835,1.9543396,-5.4086834,5.51083406,-5.60039653,2.92887512
-4.41049785,3.69795689,-3.88107702,5.87673278,4.48104569,4.73966314
-4.76052598,5.30994907,-4.17195286,5.29589689,-0.73458633,4.95858014
5.13201432,-3.63451366,-3.70351183,-3.22194424,3.9603645,4.61528617
4.97183249,-5.49372142,-2.46939664,-5.88470319,-2.10716224,5.48402906
3.95095642,-5.06025709,-3.70609364,5.77222363,5.8788692,5.21029399
-3.88597921,-3.24751856,3.96729096,5.8211425,4.06187367,4.95561269
4.25483163,-3.0506389,-4.74618927,-4.1273879,2.48723965,5.38248846
3.76912862,-3.77964715,-4.2527203,-5.71502904,2.94465589,4.90362951
5.69621967,-3.79813189,-3.40632981,-4.30727488,4.79782753,5.23608326
-3.16577517,4.5242571,-5.70202775,5.89756681,-5.85248106,0.01851641
-5.29148051,-3.32481846,5.0499719,5.92269627,5.97349958,-5.4014784
-5.01532672,2.83846928,-2.86475828,0.81410991,-5.41518229,5.38501085
-2.6422023,-4.2669884,4.74056666,3.14085322,5.49899849,-4.07381286
-5.05957208,4.53450684,-3.1409852,5.89900219,-2.6024854,4.48671355
-4.34277293,-3.27004161,5.44761055,5.18675604,5.89163495,0.66505341
-2.67731249,3.39342664,-4.34521975,5.90961976,-4.06688854,-2.66396165
-4.33709741,4.30775245,-3.64718473,5.64124083,-5.85945442,-5.57377667
3.64425758,-4.73359631,-4.99656846,-0.30215227,5.86039199,5.33196045
-3.47470595,-4.87457358,3.15753272,5.10037942,4.99126736,-5.43416525
-4.12544565,-3.55451818,3.13752508,5.48651895,-5.5430327,-5.7534177
5.36934647,-5.12379687,-4.24781484,-2.17749835,5.74175524,5.6752153
-4.49263635,-5.41025048,4.66510721,4.62228556,5.58610256,-5.27803665
-3.20149559,5.92218833,-5.22280989,5.73841766,-4.65668745,5.31977639
-4.26202822,3.7442178,-4.02284887,3.27754439,-5.51904981,4.55579648
-4.3673569,2.95861473,-3.23095749,-5.84075491,-5.9745348,5.02848746
-3.66190571,4.2799112,-3.43648041,5.64467412,-4.60824185,3.58546191
-4.57898234,-3.15087143,5.59911345,5.03086675,4.67315485,0.97031853
-4.72663427,-2.58468168,3.42708327,4.9308079,4.00665532,0.86733077
-3.89883188,3.82999562,-4.30184843,5.36880327,4.21469524,5.55437756
-3.24890829,5.03989138,-4.44254259,5.31330186,-4.97363095,5.37192832
-5.26598421,5.88045781,-3.00264372,5.94567051,2.50111113,4.26614591
4.43542067,-5.37320437,-3.06406618,-4.93905086,4.51967994,5.25633718
-4.06805107,5.6309645,-2.60689499,4.86786565,-4.30069248,5.69671859
4.81217551,-4.67345199,-4.87084679,-5.37441247,5.97201853,4.11675942
4.28359889,-3.94349044,-4.17631117,-2.21032704,5.96069417,4.82146546
5.85995869,-4.08690455,-4.09596807,-5.02281943,5.60134458,4.04387885
3.42132671,-4.34319524,-4.46295633,-1.04707496,5.82521762,4.7096892
5.25093801,-2.78740383,-5.37934165,-5.6986266,5.77460984,2.05996129
-5.72243501,-3.42163305,4.78800363,4.53148061,5.53606639,-4.45308188
4.59925051,-3.89635686,-5.85599446,-5.65202223,4.00903512,5.57007353
-5.62054473,-3.17987166,4.34543292,0.38310215,5.58795143,-5.64560471
-4.3447027,-3.22439014,4.95335031,1.02188193,5.97185029,-5.89496845
-3.92293458,-4.08239633,4.89769614,5.25794024,5.33323289,-1.9600525
4.6385953,-3.91366985,-5.30363247,-0.58601837,5.48113019,5.68312003
-2.85406024,-4.56469617,3.67551374,2.15800108,5.91514485,-3.73916432
-5.34992177,3.80757333,-5.26633195,5.26129629,-4.3173181,5.05429119
3.84751818,-3.50450037,-3.49991128,-5.93491005,3.24222911,3.44175363
4.80755801,-5.07596314,-4.69540181,-4.38248595,5.14453449,5.44627377
-2.77060828,-5.41159048,5.14999396,4.94365121,1.99373199,-5.61809854
-3.91502804,4.18830805,-5.00593748,5.11039947,2.81958129,5.71565055
-5.87519146,4.52853621,-3.12027259,5.41266313,-4.63921986,4.62585752
3.96763675,-3.96682114,-5.42511268,-5.71269655,5.24139285,0.58325312
-2.45561898,3.46514513,-4.95170921,4.22723416,-5.80257497,-4.74829686
4.09671801,-4.00757044,-4.58798624,-5.25053751,4.09120455,4.2978379
-4.5551938,-5.42390684,2.98022176,5.37865179,5.94366356,3.93115318
2.56559715,-4.51632659,-3.75018798,-5.15688256,-0.32542411,5.91433056
-3.53769124,5.48123629,-4.07086671,3.99371951,-1.64270284,5.52415812
-3.18879594,4.9002857,-5.87146157,4.65471423,1.85159889,5.9896083
-5.70604665,-2.90927075,4.9921616,5.39202225,5.32881263,-4.53854069
-5.40514689,4.64111927,-3.60464478,5.81794044,2.58351561,5.4692036
3.9159357,-5.89842992,-3.46792667,-4.58985052,2.23269209,5.54752121
-5.17999433,-4.58567914,5.44249962,5.03132545,5.87382189,-4.35067684
-4.09950069,3.88063045,-2.84934002,5.49894269,-5.97147142,-0.80592137
5.50953207,-3.73791454,-4.02056621,-0.71114454,5.72044626,4.33202906
-4.13884909,-3.58584398,2.6389791,4.63912899,3.70959071,-3.19010042
4.23010159,-5.38472344,-3.1409608,-5.33946236,-4.43975917,5.59100318
-3.53899443,2.70225348,-4.33084016,3.88036063,2.86774843,5.9087761
-5.54303524,3.60481062,-3.55150376,3.62401528,-5.44254565,5.88735507
4.76845684,-2.56478387,-4.05414593,-5.36467715,5.10653086,1.34981514
-4.80520145,2.71301069,-4.79071181,3.3761237,-4.02177418,5.80788477
5.72271088,-3.2486397,-3.415243,1.10867444,5.24039242,5.46851235
-5.03823796,3.40942627,-3.7518632,5.94917239,-0.73675806,4.39168444
4.8344085,-4.01978283,-3.31243797,-5.62695054,0.37677378,5.96735712
3.58410184,-3.61911937,-3.60033962,-3.91354293,2.70234724,5.32925818
4.81124467,-5.62386693,-3.72887435,-5.22725335,3.34218501,5.99169743
3.94508712,-5.52854859,-2.93646448,-3.53634449,5.72683761,3.6701841
3.09498438,-4.25599104,-3.95935937,0.49779061,5.13775404,5.53569096
-2.92470252,-5.9210638,2.78432901,5.60233176,-4.62847331,-3.33781788
-4.58528215,-3.42321528,4.37997814,4.66149742,5.61282631,2.29050934
5.932906,-3.33308744,-3.87267405,5.288836,5.67655069,3.81129277
-4.04168087,3.5501109,-4.44337977,4.77953129,-2.74171727,5.44182759
-3.09523919,-3.40538982,3.43786853,5.36458108,3.78254883,-1.4644178
-4.04128106,-4.2626355,4.79510713,2.61836013,5.03903124,-5.58731226
2.96834507,-5.75116109,-4.11516591,-5.97757524,1.3624586,5.86485842
-5.61287132,3.114163,-3.43182276,1.35208445,-4.97748972,4.73096859
2.84689203,-3.89497024,-3.72930444,-4.1445796,3.61107293,5.21745739
5.56914665,-3.95832381,-2.68429865,3.78956553,4.07617419,4.79438116
-4.01026472,-4.89163424,5.97727686,5.33242259,5.57819786,3.92447261
4.2780074,-3.22833241,-5.74758014,-5.76262393,4.89544243,1.05989544
4.09123721,-4.5419892,-2.88569247,-2.86799201,4.38548972,5.86380562
5.77752937,-4.49328117,-4.93391656,2.16070266,5.87136357,5.34091293
3.8119285,-4.0326443,-4.49676603,-2.94798622,4.07324762,5.22247232
-4.1382629,2.36082452,-4.19173413,-3.19398662,-4.17483217,5.94431862
-4.89799269,3.87517317,-3.46045197,5.71594126,4.1905815,4.73455579
-5.11217326,2.93985913,-2.74671024,4.64232651,-2.15883014,3.921849
-5.50412928,-4.08605039,2.88258714,-3.69424782,5.79807083,-5.70790472
4.75244718,-5.91669326,-3.46001538,-5.62509546,5.27048096,4.94196759
-4.47809606,-4.64915657,4.67864609,4.79713592,4.56428834,-4.88451906
-5.67448602,-3.30594592,2.84778318,4.22628281,5.88352002,-2.64036155
3.25231333,-3.66064904,-3.37534553,1.31882022,3.85553676,4.69259727
-4.89498975,-3.89966975,5.00163274,5.40863702,4.92976271,2.52254899
-5.53513952,-3.36201179,3.01010864,2.15441751,5.75590529,-4.19588279
-5.25758394,3.57588107,-4.72502396,4.11575875,-4.3593559,5.24226057
-4.49442949,-4.25243609,4.1791111,3.44305981,5.52599796,-4.70137478
3.94456661,-4.98590537,-2.83823935,-4.59602631,5.30646548,3.89254445
-2.75617235,4.32540205,-4.47151388,4.92338195,-1.38063889,5.3864566
-3.83872827,-4.91721494,3.56616195,5.05769426,-2.65053018,-5.17925896
-3.68335464,5.50875316,-5.60798801,5.56760161,-2.75751056,5.79378653
-4.80149018,-2.99973807,5.9998658,5.47142119,4.80374748,1.18117313
-3.74564082,4.27179877,-4.825011,4.38205032,1.99634055,5.63681372
5.07019313,-3.32158846,-5.6352834,-3.69659669,4.4872494,5.46746321
-3.73350647,-4.30352789,3.83155645,5.09171248,4.95139891,-4.80666893
4.44524417,-4.07501734,-3.35642106,-0.81516891,5.07948087,4.02886746
4.78134281,-4.15693955,-3.81447166,-5.67366712,4.44545497,3.71714013
-5.64868314,-3.13842938,5.32889121,5.8093309,3.95355006,-5.53678584
4.47194368,-4.58805126,-4.14037085,-1.87051602,4.41724862,5.78691224
-4.43494045,-3.65672991,4.40276643,3.96498635,5.31306824,-3.16302616
-4.58144247,-5.14908886,5.8209547,5.8874847,5.92198089,3.6375594
-4.91133973,2.86138112,-5.53025705,5.84473777,-1.17180475,5.97285823
4.58570982,-2.89779887,-5.59771775,-5.08270616,5.4658532,-3.00230017
4.65619958,-3.48116375,-5.3132255,-1.34087007,5.79717688,5.66670809
-4.28701626,-4.42268776,4.13424306,5.78494577,-0.57710031,-5.53443454
-2.9154248,4.58439623,-5.84947349,3.92335519,-5.53789917,4.36299571
-4.5700117,-4.51114109,5.21282746,5.37725783,5.10967283,-5.95166462
-4.92234884,-3.60618031,5.1104344,4.86965278,5.38150256,-5.30870134
-4.16254525,-4.2711352,3.43723486,5.7913974,-3.28311849,-5.83083262
-3.69896634,-3.74797066,4.16189917,5.24458775,5.96245251,-2.63943676
-4.42888464,-3.39565413,3.79078602,4.60120157,5.58312517,3.12254796
-3.59767022,4.6979621,-4.5299982,5.48769375,-5.70667457,-2.59434208
-4.65297453,5.97674691,-4.73137179,5.60024207,5.78230552,5.93404356
-4.47773228,3.38855629,-4.33484827,5.42334224,-0.57121921,4.6578491
-4.27305569,-4.83366272,2.88570339,4.04303456,5.94382075,-2.50908805
-4.34026107,2.31795811,-3.59525361,3.68095253,-4.27856725,5.88657032
-4.51916244,2.48746548,-4.91566185,1.61943649,-5.51499898,5.87187091
-4.18239053,3.22468586,-2.6643302,3.14109078,-5.63230568,2.81223655
-4.3071931,3.95639158,-5.24932053,5.44860544,-5.89299793,-2.90869233
-3.42202025,-4.48489528,3.60200788,5.38395021,5.81138178,-0.01208129
3.00564655,-3.4499129,-4.71038036,-4.32081808,4.06800878,3.99148017
3.22101982,-5.29041473,-3.79890884,-4.32333019,-0.1227605,5.94494137
4.13993129,-3.80003211,-3.63040103,1.38303588,5.51835739,5.51516942
-3.57031526,2.81569334,-4.14750189,4.82294804,-3.71846903,4.2525431
-4.296071,3.92810225,-2.76188156,-3.91704518,-5.33243034,5.21402095
-5.38925377,-3.78782075,4.16060615,5.28131622,5.47968375,-2.03544766
-4.39079976,-3.98729261,2.3549441,-3.40338446,5.88799974,-5.22695258
4.97589305,-3.92097381,-5.21889173,1.70238355,4.98817923,5.73830745
-4.07633966,-2.52503453,5.8449228,5.64685581,3.25009803,-0.98839552
-3.28507923,3.69447197,-4.03706699,4.16553973,-0.74013365,5.18708167
4.38958115,-2.23116466,-4.57220665,-4.41980075,2.458933,5.50982857
-3.71725892,-5.20025364,5.64576525,4.83787838,5.95293717,-2.71428902
5.7644193,-5.72016569,-4.21154993,-1.85446888,5.9346171,5.57697183
-4.7962166,-4.71351057,5.62539744,5.41269174,5.31104945,-4.98311957
-3.21792903,-5.57162057,3.83966325,4.90693377,2.44297028,-5.75668522
3.58966116,-3.22388564,-4.10609928,-3.57090382,4.23023036,5.01285212
-4.92839383,-4.25658788,3.84560562,4.98211815,5.27073657,-4.56817261
2.76591499,-3.87989486,-5.28109234,-5.57228072,5.22128709,-5.60790032
-3.49598847,3.92169332,-3.438744,5.84877396,4.55626968,4.44238386
-4.9252559,-4.67114074,4.45564117,4.63440778,5.97166938,-3.9267523
-2.98517498,5.09075701,-5.8071683,5.54684292,-3.95069544,5.44188239
4.38416795,-5.22631533,-2.83234838,-4.33351962,3.35951725,5.50659
-4.37530573,-4.39440302,4.04170813,5.80078047,3.9160182,-4.99856203
-2.80837515,5.94168712,-3.21982422,5.50981459,-1.05996447,5.20539708
-5.83085149,-4.59396655,2.7578954,5.22120564,3.89964436,-5.98505321
-4.57879181,5.91760802,-4.1888143,5.08800413,1.16600216,5.94591248
2.59633315,-5.85013338,-4.47855583,-4.49036177,-3.1079809,5.5708801
-3.0879051,-3.70250439,4.67171643,4.56558924,1.10778802,-5.71911169
2.5900588,-2.91083923,-5.12564501,-3.17903205,2.98787451,5.28508797
-3.32404317,-3.74789874,5.50816743,5.66866248,4.07175974,0.96921377
-3.20581383,5.56741307,-2.42252012,4.1865123,5.00324779,3.88326025
-4.05487048,-3.19727184,5.39653027,5.05712151,3.91775231,-0.91795259
5.72515014,-2.98013994,-2.72133305,-5.18603226,4.27711904,5.64469486
-4.77783874,-4.4109924,4.37181517,5.62539594,3.93893776,-3.93567097
5.35681329,-3.37271238,-5.88468641,-5.98445412,5.86184632,-2.11284037
-3.32235146,5.38760031,-3.02159243,5.9377991,4.03883618,3.4235607
4.33548328,-3.86933846,-5.02791964,-2.06499629,5.37163908,4.80074571
2.25284785,-3.601993,-5.01417149,-5.8104354,4.71061378,5.61580611
3.27190462,-4.89363058,-2.9473719,-3.86931262,-0.30364291,5.05940681
-5.44369299,-3.34273086,2.90461556,3.18608586,4.60109663,-5.47842815
3.60574275,-4.75396377,-2.84425393,-5.74563809,3.55617915,4.45211637
4.97591053,-4.87410458,-3.47190644,2.95340179,5.4618696,5.95125943
3.33857583,-4.98361661,-3.6067097,-5.487011,-5.99444998,5.85295461
-4.89496285,-3.86876163,2.83884899,2.99437381,5.3692767,-3.98783593
3.0275338,-3.82813855,-3.87196749,-4.44914741,3.58908278,3.44818893
-4.5069647,-3.38545414,3.95430514,3.36375283,3.9083188,-4.87981486
-2.92259645,-4.10260825,4.17131713,4.88037909,1.35296112,-4.8185234
-3.75900175,4.26668023,-5.33980388,5.95473986,-5.31608884,5.30671381
-2.60199052,2.87014144,-5.92486033,5.68662975,-2.31207801,5.88000038
4.42986308,-3.56399659,-4.10360567,5.3846907,4.46295141,5.99631465
-4.06671154,-2.54015922,3.89156771,4.20183269,5.86692789,-4.84163288
2.64459897,-4.60003826,-4.27670537,-5.93445009,4.35050536,5.78267872
3.07269584,-4.36949335,-3.91038892,-4.29452797,5.4500751,3.14403905
-3.78757742,3.50317053,-5.32923026,5.59180909,-4.70808616,-1.82584045
-5.5631243,3.61645143,-4.50982028,5.06479186,-5.27922079,4.84660366
5.12948274,-4.0176815,-3.50824562,-1.69498177,5.39469851,5.59586422
5.1641373,-3.6857122,-3.26163026,-0.11094026,4.63230811,4.34504555
-5.37832193,-5.58322304,3.88023097,5.33835648,4.92534583,-4.76463045
-2.9291761,4.11964067,-4.52895846,4.68613406,2.04403446,4.73434007
-5.07254798,-4.55439847,3.90461492,2.40863689,5.60465133,-5.84149446
3.51521562,-4.07617113,-3.27766315,-4.59408157,5.53497117,2.88093501
4.93510686,-4.94629715,-4.04837087,-4.2207531,5.71118148,5.87849532
-4.96004645,4.46142097,-2.97851792,5.2514221,-4.61083318,3.12072979
-4.15803197,-4.95579723,4.25637013,3.15496856,5.99891351,-4.63573954
-3.21008286,4.96753256,-3.86246859,0.98160734,-5.56227856,5.15327435
3.26825164,-3.90954551,-4.64118798,-5.85809033,-3.66442722,5.47377084
-5.78599249,-4.18462773,3.56513835,1.11816077,5.64635989,-4.81714583
3.18034379,-5.0051535,-3.52183775,-5.8518267,5.56459877,3.88533047
-4.57219256,4.69569815,-3.29964065,2.16106998,-4.77556692,5.63085025
3.38134685,-4.71117595,-4.94211391,-2.81088157,5.48877443,5.08771258
-4.55526094,3.45617166,-3.42205137,1.63998162,-5.4923262,4.71661389
-5.74595146,3.56143253,-3.43844533,5.06853714,-4.16593546,4.53535001
-5.27376804,-4.46475256,5.83965886,5.99645354,5.69210854,-1.99442112
5.95256393,-4.15504347,-4.02862721,5.84752535,4.99578999,5.75376582
-4.2509447,-5.16395227,3.55947315,5.55910974,0.13120306,-5.35258841
-3.93229059,-3.19901743,4.83752212,4.64089208,3.50637064,-5.50736378
4.60674558,-3.19734542,-4.93303718,-5.90846921,5.11904086,-0.21867413
-3.9330608,4.50745653,-5.45284642,5.83097842,-4.64953928,3.60638423
-5.15934329,-3.10113014,5.70627996,5.79465967,4.49752625,-3.93332464
-3.51200556,-3.79239381,3.40372928,5.77786799,-2.261225,-5.12472662
-4.23535867,3.70573335,-3.81400695,4.54400151,-1.9763718,5.59604609
4.6109723,-3.18322977,-4.52071887,-3.62134362,5.43356536,3.85082307
-5.7956389,-3.62698782,5.17440694,2.76680053,5.34073882,-5.83659241
-4.19621874,-3.98089242,4.14852113,4.98834531,3.54365179,-4.11625641
3.88169914,-3.18368471,-4.29250785,-5.90617726,-5.30120356,5.46453542
-4.10628616,5.61638671,-4.47043388,5.40876559,-4.96002443,4.79136395
-3.01900755,5.38497563,-4.12661633,3.47366147,-5.16639836,3.91025003
-3.65882801,-4.00695944,5.17904627,5.79832438,3.67836122,-2.58166963
-4.34560783,2.81247038,-2.8110589,4.42443694,-4.13026039,5.58798505
5.66776177,-5.62432579,-4.59004942,-5.77676457,5.72942419,5.4863987
-4.4276879,-5.47497157,4.72779693,4.10682764,5.72199396,-5.28353047
4.43499208,-4.47124293,-4.11557319,3.7194156,4.90823138,4.99115318
3.62327696,-2.82776629,-4.8821238,-5.31844623,3.79158244,4.11504702
-3.56250754,-4.24649243,3.86955015,5.95913095,5.64218631,3.55073846
5.22363486,-5.84804623,-3.05502569,-3.30200621,5.73510368,4.25214921
-4.95607606,3.97912559,-4.09987722,-4.08123349,-5.30793718,5.48964521
2.37785382,-4.62256263,-4.81623386,-0.11506541,5.77248749,5.98814029
5.77255951,-4.89967797,-4.9347217,0.3294104,5.78019985,5.78424884
-2.91833087,-5.10221875,4.76643983,5.48299246,1.90180634,-5.82431857
4.81607348,-4.66905366,-3.62325963,0.55123891,5.93669462,5.15130979
3.61618263,-3.77882671,-4.42794832,-2.83267259,4.39229731,5.35746699
4.46772321,-4.95168316,-3.8028134,-3.78749821,4.61048651,5.39588512
-3.0923455,-5.66571723,4.42099937,4.77637646,5.95027727,3.01196424
-3.64633277,3.39528662,-3.74699752,-1.45541952,-3.95479876,5.79539407
4.46203863,-4.79816154,-3.121088,-5.46888164,-1.95340375,5.25513694
2.6802224,-2.92607386,-5.05040968,-5.37258449,4.2417179,-4.39976993
3.81873756,-3.72035726,-2.97441463,0.4922179,5.70624918,4.88195017
-2.76975842,5.6601008,-5.07951885,5.15850987,-1.72890864,4.79604125
3.25950942,-3.82719985,-3.03962199,-3.6393422,4.96086839,5.61077331
3.85132331,-3.5970554,-4.56233626,-5.81229174,4.83326797,-4.73076332
-5.30830787,2.7821039,-4.10366448,3.95580721,-5.8028853,4.43400712
-4.00734969,-3.25138934,4.02246582,-5.62244585,4.93373057,-5.95961389
2.9416714,-4.58365286,-3.80986278,-5.77965794,-3.0316733,5.22282933
-3.20768671,3.99177426,-5.24467102,5.64878101,-0.65391331,5.24991882
5.72479673,-4.28819308,-4.97704432,-4.11981835,5.42455682,5.47464436
-4.39916302,5.37264722,-3.15881378,5.54255067,-1.09031194,5.97352369
3.48148157,-3.59269855,-3.33093779,0.2760921,5.62849716,5.33235977
2.50890161,-4.86582469,-4.47066298,-5.61760471,5.85336285,5.94103116
4.17216211,-5.98809848,-4.25306677,-5.68340784,4.82021192,4.47213121
-4.50042095,-4.33844183,4.1946883,5.41197954,3.33418428,-4.70697517
-3.05865625,-4.89904474,5.10369177,4.65262841,5.15247559,4.4543141
-4.96747599,4.31465248,-4.20569846,5.42579024,-3.9965918,4.08588283
-5.40923453,-3.37325939,4.63357752,5.1871848,5.86690721,5.23799004
-4.756641,-3.59509782,5.62901012,5.22867229,5.84105054,2.47227011
-3.27656493,4.6817726,-3.39585391,4.63859695,-2.3367774,4.58990114
-4.64071057,-4.71459864,4.32139324,4.12770347,5.85717659,-4.64121853
-3.29213165,4.24141248,-4.87251599,4.36102892,-4.24290855,5.95693557
4.21733223,-3.582904,-4.2327886,-4.87798748,2.34790756,4.90340565
3.98376477,-5.85291347,-3.99523433,-5.19951639,5.89717406,4.72324671
-4.64481005,-3.51416685,2.84938307,-4.63704459,4.3581405,-5.709138
4.32103925,-3.00501813,-5.62911541,-5.04789074,5.00088025,0.01252675
-3.27044059,-4.96225447,4.66409791,5.64978515,-5.54092311,-5.5348986
-3.81457352,4.26430941,-4.31158937,5.46636808,-5.38399253,-1.19157324
-4.36341129,4.27772472,-3.79582795,5.89375426,0.19623629,5.82180035
-4.44194306,5.23034075,-3.97967572,5.90107266,-5.60974237,4.18050618
3.93580249,-5.38388073,-2.57488995,-5.55604449,0.99875241,3.8273293
4.6526262,-5.77777661,-4.41460627,-5.91935708,-2.25025498,5.69470232
-3.22933892,5.43861202,-3.52862331,5.50385714,-4.62086442,2.74249127
5.05648375,-2.81862538,-5.25070295,4.31778306,4.58599863,5.96103112
-2.91634911,5.08381628,-5.58168477,5.02150081,3.15833266,5.98756166
-2.3243593,4.06617299,-4.24951627,3.81152012,-1.97425318,4.61165288
-3.03381084,3.95267569,-5.04530857,4.64749477,-5.26853483,3.21188551
-4.83625411,-3.8341425,3.52403686,3.54418116,4.67997196,-4.80453863
-3.14065344,5.33627534,-4.18229973,4.5255418,4.90882494,4.49476121
-3.19461451,5.12931546,-4.19955556,4.47185839,5.14019693,4.47491741
3.32065301,-3.77526608,-3.965427,-5.82614761,5.7211471,3.55883737
-4.03495816,4.04261755,-4.61199458,2.34384205,-5.55224649,5.77024813
2.65851748,-4.01672598,-4.17190713,-5.41469214,-2.2739855,5.45504886
4.6526734,-4.49818366,-3.13777799,-0.61204105,4.76968617,5.40215619
-3.85968617,5.96941729,-4.45551733,5.42624182,-0.94289253,4.76535202
-3.28021121,-5.24979415,4.0914763,4.7602853,-2.35289878,-5.37631455
4.10543243,-4.36616927,-3.576637,5.44403263,4.50312218,5.5213586
-3.79692802,5.31730268,-3.86661545,4.35888638,4.31041683,4.65256437
5.48171798,-3.87670381,-3.42521322,0.14735482,5.94931702,3.40561459
-3.33665431,-4.63615096,4.57173158,4.47909117,5.25586008,5.92280441
4.36422911,-4.92735019,-2.96041544,-5.71266392,-2.74866499,5.63875763
-3.56545175,4.07323834,-3.15742324,0.6314361,-5.91909958,5.32852681
-5.50139057,4.64721842,-5.7063404,5.5183628,-5.58029538,5.28817802
3.86872399,-4.78513695,-3.74233114,-5.78436185,5.98928821,4.18049548
3.76197776,-4.92558347,-4.8134529,-4.05617476,4.68564799,5.34033692
4.58039718,-5.33930699,-3.09768245,-4.87754209,4.16587978,5.16149767
3.99409277,-4.80819659,-2.21641678,-5.60525835,-3.41638312,3.74590229
3.54990319,-3.76967602,-4.30874549,2.84409774,4.76104384,4.91580419
-4.82786578,-2.39789926,5.34852886,5.62719158,2.53434862,-5.92889305
-4.23635213,3.33303389,-5.55542531,5.40608196,-5.43475996,-2.84765694
-4.88094429,-5.69211129,3.41387386,5.90320075,-0.08633339,-5.73315421
5.70295105,-3.96349211,-3.72285296,-1.91800508,4.25728739,5.15125643
-3.10360335,-4.8605498,3.87320253,4.57003704,5.31974155,-2.86326366
4.29577225,-4.19114856,-4.93333192,-5.02306271,3.6946791,5.5949497
-4.34065204,4.50531818,-3.93521072,-2.26871253,-5.0584098,5.99545664
-3.37819149,5.82615308,-4.88549532,5.16197965,-1.89632792,5.50266622
-4.1369927,5.73484215,-4.20230776,5.28531933,-3.00383976,5.95075199
-5.93809201,-3.03241028,3.39029302,-4.06454512,5.69126763,-5.94170756
4.39805672,-3.20051126,-5.28506414,-5.71596042,4.78949514,-0.09478595
-4.01313065,5.77488825,-4.46146033,4.03677881,-4.96365515,5.82697072
4.60478187,-3.82777562,-2.25426031,-4.30454907,4.86542027,5.91552791
2.19299177,-5.10044359,-4.39537052,-4.90630809,-3.27618465,5.64876375
3.06179672,-3.65628592,-4.90353423,-5.68555767,3.35299452,4.09984644
-4.77349687,3.69370242,-3.99857694,5.39421093,-4.70820984,4.01260609
-3.31162366,-3.56734313,5.34472683,5.24031328,5.22241651,4.18761587
3.45198028,-5.43018948,-5.07740889,-5.57375273,5.82970315,4.38473309
-2.13273138,5.70036833,-5.93584615,3.7948751,-5.37407084,5.49084663
-3.03666027,-2.8024596,4.65710739,4.43638223,5.46238794,2.2705578
-5.54040367,-4.27847946,3.76977188,-5.58873573,5.71843319,-5.37329343
3.97314644,-3.64200406,-3.55127448,-5.19837369,4.67364146,2.30924836
-5.91844525,-4.74834745,2.4899388,5.98929969,5.31000992,-2.51220527
-4.3921616,-3.7580713,3.59668194,4.65444403,5.42859466,-5.42953742
-5.58245658,-4.80088948,2.62485827,-4.09411497,5.8276102,-5.30411633
-3.79493189,-5.72847899,4.45092548,5.96045368,4.96774101,-2.6689717
4.55065923,-3.76234703,-5.4946002,0.09707231,5.53732709,5.5067072
4.02556863,-5.66352486,-3.43271343,-5.26622239,-3.10265369,5.7478212
4.2324196,-5.2741271,-2.75814258,-3.03388741,4.96381619,4.97563545
5.22767949,-3.20057136,-4.66116652,1.24827483,4.88500085,5.89309972
-4.25559687,3.59626726,-4.69039057,5.61801299,4.23578506,5.27017792
-4.42982309,3.8505719,-2.57242492,5.04315894,-1.75910338,3.34855195
-4.28568213,4.10743637,-3.2955817,5.43671784,-0.73390348,3.87532432
-3.87170599,-4.42397784,5.16081131,5.25416456,5.2723888,5.91741252
4.71735903,-4.44399279,-3.35100889,-4.83544843,1.72991477,5.74699143
-3.8993267,-4.28678634,5.42103893,5.67677499,5.86664965,-0.35137563
-3.99346846,3.99546297,-4.16245007,5.67669351,-5.50646318,4.99857865
-4.15875467,2.72775886,-4.35192859,3.81380757,-2.76591629,4.85816777
-3.15845609,-4.05510062,5.9453719,5.92237149,4.86017198,5.56973238
-5.37577542,-2.46128086,5.98832214,5.69862781,5.37822109,3.44077309
3.80600294,-3.94871331,-5.49158433,-5.24099995,5.54891695,-5.92905163
-3.37012117,2.95548796,-4.59396124,1.83232459,-3.80326057,5.76743507
-2.9697425,-4.85016577,3.40547573,5.35364144,3.00937929,-4.91834037
-4.45126725,-4.04129698,3.98840523,5.82956349,4.44192049,-1.57608701
-3.87903665,-3.59501788,5.61717874,4.22470767,4.75123379,4.50113805
4.11021754,-5.58702352,-5.87212109,-4.77178107,5.94230448,5.05480258
4.21896247,-4.3730266,-3.86986163,-0.79819952,5.83201464,4.38356395
4.03812479,-3.78269687,-3.45764443,1.53433006,3.85737813,5.39537757
4.83528186,-3.59037482,-4.73482019,-3.58500903,3.97281369,5.6560799
-4.7562382,-5.05931627,3.57038028,5.94084221,-5.08881722,-5.98914495
-3.95352173,-5.17873406,3.19620064,5.25253252,-0.44205055,-4.54535018
-5.286206,3.78930208,-3.8911596,5.95659999,-3.42682951,5.2458365
3.60896234,-3.87808535,-4.92341987,-3.80026325,5.13652932,5.36182576
5.60214235,-4.13353721,-3.58383442,-2.93944256,4.79011433,5.77643734
-5.87060913,4.51433662,-3.69779337,4.84315713,-5.73128314,5.2343314
-5.25398724,-3.3966433,5.18847847,1.06960808,5.8591745,-5.92859076
-4.58795177,4.99946545,-3.08146252,5.13659813,-5.20009758,2.81314573
-4.7000233,4.81406314,-4.95240054,5.20702133,-2.5516839,5.92992434
-4.71670076,-3.31345637,3.51886872,-4.56033164,5.04853631,-5.98667382
-4.29723183,-3.62626895,3.95838476,5.28359075,3.91669959,-4.23233297
-5.80504318,-4.5961587,3.98399226,5.34358444,5.36285599,-3.72299569
-3.79625269,2.85679658,-3.98334289,3.5169706,-2.41412126,5.2930105
5.99897759,-4.5746868,-3.61500953,-1.85220237,4.76050768,5.52947756
-3.86986843,-4.7533375,5.68361256,5.30211071,5.74663581,-0.0781347
-5.22967925,-5.60039393,2.86229105,5.21623998,5.7443598,-3.01414934
-4.32620503,-5.7077626,2.67131306,4.61550465,3.73862762,-5.99006087
-3.24870526,-5.13320367,3.0723015,2.95479888,5.1535736,-3.61681491
-3.83468088,5.6914867,-3.82802723,5.44769436,0.14337486,5.13892612
-3.32534305,-4.80356509,3.25854807,5.47710018,5.1270434,2.39532572
3.54279759,-4.2185575,-4.75514434,3.71871402,5.58014312,5.17529959
5.87272572,-2.83208624,-4.66367436,-2.33071201,5.51595074,4.59451462
-4.867944,-3.59364937,5.74431142,4.81710732,5.01753203,-3.2342797
-3.90977894,-3.334149,5.85289428,5.84598362,2.93673198,-5.43044643
-3.56677212,3.68268152,-5.57183504,5.59479764,-5.4444425,-1.55575089
-4.93787692,2.62225849,-4.36716066,-0.59291728,-5.27948451,5.57503364
-4.02228953,-2.7096085,3.64396452,4.10631922,5.76425506,-1.08218345
-4.73600279,4.11089536,-3.59360339,5.35583199,2.95638345,5.0223867
-4.47131433,-2.83019151,3.63108545,5.25154266,4.40814766,1.3814144
-4.84076792,-4.39166164,3.66360226,5.4257915,4.46051991,-5.40010025
-3.74784264,4.38429193,-3.76668029,5.47386182,0.21515419,5.21198223
-2.06345726,4.45392044,-5.13339999,0.3168077,-5.94918881,5.81555017
-5.32272535,4.4716249,-5.30922427,5.47151626,-5.09027653,4.79358126
-5.41190469,3.6588252,-3.90198938,-4.09772429,-5.86386601,5.31270635
-3.60934199,-5.37977908,3.5762259,5.44932565,0.59321292,-5.90770761
5.9251968,-4.23121249,-4.58267569,-0.87354427,4.37282663,5.98136988
-5.10348064,3.01926544,-3.58824321,2.82752026,-5.18603389,5.93431054
-3.07557514,3.48679846,-5.28025122,5.79479506,-4.60375577,0.093883
4.14327169,-3.50935707,-2.9959495,-5.44727236,-1.82614073,5.8864474
-3.85576335,-5.81601314,3.06625435,5.91343544,4.03461357,-4.6766771
-4.23180147,-4.17122746,4.73255395,4.12952465,5.55627369,-4.73514409
-3.90476966,-5.48085665,2.26951242,5.15416556,2.99185683,-4.67581295
-3.4324016,3.27243928,-4.95414794,5.29261581,-4.90642964,2.1279544
3.75000285,-3.20151009,-3.74288213,-1.36569911,5.16763942,5.27469502
-3.92136733,-5.90549138,3.11531327,4.48198683,4.78493565,-4.64492243
4.10880781,-5.23895971,-3.6616525,-5.09123115,5.94714602,2.42528318
4.66810542,-3.67806369,-4.86202637,-3.39847282,4.86441281,5.6726528
-5.33804409,-5.1563226,3.95281437,5.79001454,3.95597765,-5.87081538
4.37866618,-5.19733622,-3.51353969,-5.33690181,-2.39806416,5.45266953
-4.87957224,5.70342881,-2.72616626,5.80598227,3.22448946,3.57058774
5.33639839,-3.71406405,-4.72042964,-0.09476361,4.88606589,5.62724399
-3.18874993,-5.25451538,2.66036229,5.80420223,5.56801454,2.79322971
-2.8998547,-3.24872577,5.89061597,5.03321049,4.09386628,-2.26434272
-5.49075445,-3.53772247,4.03211182,3.44809613,4.96235881,-4.79156524
3.4368696,-5.97524602,-5.56573318,-4.84721261,5.10724863,5.99151956
-5.88776585,-5.81168113,3.24087288,5.65907164,5.59514178,-5.10540332
-3.18324599,3.06469996,-5.87874778,3.96708184,-3.21755594,5.30065597
-3.6468201,3.05238193,-3.98449129,4.36710521,-0.68433625,4.59761254
-3.62288631,3.98687784,-3.02945496,4.25777917,-1.8200456,5.03527953
-5.37783245,-3.97551469,4.50518607,5.23391728,4.44210484,-5.05481965
-3.30391501,3.28663725,-4.27237006,4.38037493,-5.50450747,-5.08312025
4.83405832,-4.40154474,-4.02236036,-5.9451129,1.78461337,5.52564069
-4.03151674,3.30661606,-3.83755405,5.92551245,-4.9039969,-0.14905843
-3.19233792,3.82661296,-3.9559758,2.42451059,-4.65406611,4.15780935
-3.48125615,-3.94259769,5.40856958,3.13996778,4.94547371,-5.15530689
3.36107261,-5.6313882,-2.63549066,3.95660103,5.95171568,5.20322693
-3.11461653,-4.94070928,3.83682604,5.54264625,5.94656442,3.7689873
-4.85945994,-3.87009731,5.2504068,5.0849986,5.80755448,-0.01472157
-3.42330246,4.19115229,-2.83335872,5.39604557,-1.90414285,4.21687167
-5.86567762,-5.4065856,2.94817193,5.59441157,5.0047574,-5.69886066
4.88393315,-5.33291094,-3.13556591,2.50188974,5.61405588,5.17506815
-5.73003247,2.67595039,-4.26583356,4.22567115,-5.21608273,5.07580918
-4.68068391,4.15074878,-3.11090327,3.40783461,-5.50424885,5.39221072
-4.38254177,3.89622911,-5.03776572,5.86511996,-5.67408489,-4.21610423
-3.41709152,-4.36545656,3.11132273,-1.21304137,5.53488668,-5.52458768
-4.88987688,4.74349333,-4.85698584,4.50003575,-4.93420053,5.43124853
-3.25279049,-2.7941262,4.0222204,5.80292688,5.16019066,5.34614393
-4.12582017,-3.35533241,4.5311292,-5.40134919,5.26166511,-5.5318389
3.66643922,-3.32930362,-3.67026479,-1.57178067,5.88375102,3.19579787
5.57584935,-4.23509828,-5.26988736,-5.23007711,4.18757939,5.77668409
-3.76552377,4.12781537,-4.65939835,5.39213082,-5.2620301,1.90164336
-4.47654459,-4.10754402,2.69814071,5.67268346,-4.34873251,-5.03408777
-3.92554942,-4.33605951,2.47772575,3.95148849,5.97019271,-5.98285708
5.02222897,-2.82516774,-4.41204321,-4.25144912,4.92769069,5.47266177
-3.91888912,5.14598856,-4.27055365,4.20789348,-5.35755081,4.48045753
-5.88476403,2.86696571,-5.4082594,5.27847846,-5.58635495,5.31113357
-4.88866356,2.39785346,-5.15892345,5.78518224,-4.54612398,2.06209564
-5.28604148,4.23473952,-2.98631887,5.31913486,4.79130375,5.28945805
-3.89954471,4.68136974,-4.57843421,2.48669103,-5.13518374,5.56105631
-2.8771334,4.42285721,-4.27445891,3.4435994,2.18506346,5.72577129
4.79965041,-4.6417184,-5.90175405,-5.96080577,5.66250543,4.23487365
5.22592208,-4.91332438,-3.47274608,-5.93161335,0.53155355,5.72788471
-3.28692231,4.38731882,-3.1872967,-0.58529689,-5.06137491,5.22645331
-3.05839875,-4.18262468,4.2679961,0.7321954,5.51454638,-5.45253293
-2.7651979,3.33846959,-4.73092697,3.84143323,-5.61106935,-0.69800378
5.20634926,-2.67801144,-2.6969473,3.13774919,5.45025253,3.40006638
4.72947092,-4.29572465,-4.45555187,-5.20523348,5.98929257,3.75508398
-4.45626101,5.34424495,-3.40937833,5.79280682,-5.09472963,3.35093895
4.70703872,-5.44006573,-3.08079643,-3.40227962,5.98042151,3.41323888
-4.68922496,-3.16483942,4.73221277,-4.31942293,4.9536491,-5.45136488
5.67196123,-5.638095,-2.87127959,0.360688,5.64694398,5.41355284
-4.26523921,3.46786541,-4.02109757,5.71229681,-5.26393583,2.1669742
-4.66238971,4.50361482,-3.79376616,5.99212108,-4.59704769,3.10479852
-3.37999226,3.71585777,-5.4916263,5.40971065,-4.76458123,0.7954314
-5.65079094,-3.28424437,5.48603078,5.98464731,4.99645041,4.01435292
-3.87374282,-4.65740864,3.82981769,0.87643839,5.46900979,-5.39621835
-4.70926691,-3.51037774,3.24602257,-4.93075444,5.41887555,-5.62623296
-4.64215732,-4.42994162,4.18867981,5.79966667,5.30528172,-0.84673127
-5.92940612,5.18376075,-2.70761783,5.37509713,-5.74779113,5.38566872
5.20991885,-5.79857797,-3.24373685,0.60843202,5.69136504,5.25682104
-5.13285814,2.63344013,-4.49620389,5.57820809,-3.81690214,4.58966051
-3.72056455,-4.43702693,3.35135899,4.81019269,2.02710149,-4.68716325
-5.16311718,-4.79689538,5.1629166,5.625905,5.43735078,-4.77526023
-3.62952728,4.548806,-4.07204308,5.94100668,-5.27861817,-4.15576377
-3.36295973,-4.72106369,5.25297335,4.28553452,5.33289828,-3.35655552
-4.08628484,-3.89398982,4.15386981,-3.10708814,5.53282041,-5.94140311
-4.29445827,-3.52139806,5.98453797,5.1636749,5.66643893,-2.90705814
-4.08331296,2.78761987,-3.72071556,1.94178915,-3.95219035,5.11123546
-3.96228684,3.7146701,-4.50360524,1.61976707,-4.51116103,5.7048835
-3.60991539,5.47128232,-4.92238885,4.56690079,-5.99581877,3.48234627
3.58036871,-4.24598107,-5.60616359,-5.93944415,5.56599726,2.32395951
-4.38936113,-3.34246896,3.94644376,4.28212723,5.12672186,-2.54766926
-4.30363875,-4.93427754,3.77591974,4.84755592,5.6760457,2.01776437
5.1475746,-3.60037466,-4.38905445,-0.70823533,5.25203282,4.55688123
-5.28453186,-3.71551293,2.17925418,5.43177504,3.9583216,-4.28394697
4.99710667,-4.93504262,-3.78253216,-5.73228599,5.58969319,3.02583719
-3.78057962,5.73838327,-3.2283825,5.78903924,-1.64389561,5.1873834
-4.54312012,3.19861247,-4.18432549,-1.56833243,-5.7574858,5.33954942
5.97014666,-2.80255912,-3.93400239,-5.85131455,5.56234675,4.07524841
4.43461499,-3.8172184,-3.54502117,-3.81386379,5.41610032,2.68999658
5.00601346,-5.05357418,-3.03159205,1.87101904,5.45910797,5.05548962
-3.19494882,4.61062083,-4.38032825,5.76495999,0.62723124,5.8975522
-4.82735779,-5.26585064,3.27814748,4.95915648,5.20473113,-5.53122453
4.36100224,-4.47171259,-3.87210375,-5.23915833,3.98652542,4.29548332
-3.04035397,-5.44083497,5.04497124,5.2693784,4.8607239,-5.54188574
-2.78035716,-4.76804708,5.10222583,2.99686432,5.65342672,-5.42756256
3.3879265,-3.31436527,-5.36251251,-3.88521243,3.2942026,5.11750047
-4.32995511,-4.05780831,3.3713317,-3.77984084,5.98809164,-4.25575265
4.98023049,-4.41075018,-5.91064035,-5.3198716,5.44245829,5.65037238
4.76837717,-4.57470241,-5.35610572,-5.88580417,5.0088086,4.49836082
3.51470214,-3.29483202,-5.53179179,-4.84985184,5.63063729,1.83958923
2.88302394,-5.23557073,-5.11451262,-5.79648355,0.34576624,5.93008571
-3.90288432,-4.61191765,2.35797904,4.82459259,5.84682,-4.78403981
-3.84855994,4.14200166,-2.64259652,4.7569736,-4.92766138,2.33604749
5.53265679,-4.07287034,-5.38283831,-4.75834749,5.17018796,5.13238444
-5.10299687,-3.02933501,2.91193527,-2.50136312,4.60938308,-5.23600779
-3.60325875,-5.03264428,5.23106731,4.82922821,5.30818576,0.0155045
4.47820665,-3.32470465,-4.56174756,0.1185193,3.7575344,5.77704356
-3.9140194,4.47765129,-4.37418883,5.09044952,4.21430899,5.48044459
-3.43619439,2.94820919,-4.82644298,5.76216108,5.69137034,4.98610285
-5.87164808,-3.30689417,5.40957436,1.75902346,5.8877689,-5.97315057
-4.41233763,4.03893936,-5.66517572,5.99978887,0.67319052,5.71001574
3.29744783,-4.79837252,-4.14198014,-4.83737727,3.59708976,4.4425349
4.2370772,-4.63241903,-3.67449235,-3.33048373,5.02884961,5.26235309
4.06003129,-4.67337586,-3.69816109,-5.51177053,-5.47018091,5.81906636
3.61996247,-3.81901935,-4.15124671,-4.72974501,4.96215479,4.59644365
5.34838434,-4.66525667,-3.15218397,-4.32102115,3.45506737,5.83393869
2.95729079,-4.61589233,-4.88367386,-3.43629178,4.60235684,4.6174714
3.83999339,-3.82175614,-5.89510665,-4.58250155,5.18767321,4.46006218
-2.09960729,5.09259084,-5.51499294,3.89891932,1.66114178,5.98207268
3.43448428,-2.96489199,-5.56402035,-4.84607882,5.19663399,-5.80438468
-4.69974954,-4.35496106,3.86614556,4.34646764,5.27344082,-4.8807945
-4.29140116,-2.74409976,3.40469714,4.06635014,5.27139367,-0.69334385
-3.89577537,4.12636966,-2.75492125,5.82965402,4.79077649,5.64443119
-3.51834789,-4.4260994,4.76205468,5.18788005,3.6288913,-4.36762132
-3.45821901,4.34155742,-5.89215695,5.15056348,-4.06498148,4.5463227
5.80149403,-3.00176682,-3.76202602,2.44832496,4.46744619,4.94794682
2.57847984,-4.78225483,-3.87836339,-5.85605878,-3.04823654,5.43116872
3.64032186,-4.04849514,-3.61622697,-5.32485292,3.81804885,3.77901053
3.99898618,-4.92814377,-3.26623683,-5.79983577,4.97066156,5.24822869
-3.77667379,-3.58713577,4.44584597,5.19043781,5.21202257,3.59716369
3.46199413,-3.49301013,-5.1925357,1.12209415,4.62007718,5.59880467
-4.69047007,-3.8869812,2.10398211,5.18833923,5.38901679,1.92082669
-4.65482497,-4.73695316,3.37241178,5.8765228,5.35667036,0.78064129
5.97321406,-3.58100991,-4.69017225,-5.8082198,5.61155553,3.20976075
4.00349472,-4.48773669,-3.30439494,4.78509451,4.97153481,5.52696935
-5.80408649,-3.06602141,3.70980482,-5.68060671,4.99992064,-4.69505369
-4.15822195,4.9137663,-3.1692237,4.77801473,-5.90139442,1.66031457
3.68701794,-4.27522033,-4.07331135,-5.15691935,5.78294479,0.0524056
-2.43341107,-4.51707805,4.88499805,5.22322046,5.6830089,-0.23463454
-3.92336748,3.2242378,-5.59998712,4.84261027,-5.92688668,0.37859248
-5.3310392,-3.42730537,3.20224903,5.01144865,5.94400954,0.81556676
5.8230051,-3.61349851,-4.1129349,4.45920425,5.02041571,4.56849881
-3.90295949,5.38874567,-3.23227197,4.36929518,-5.75468074,2.37255342
3.17696647,-2.93341514,-5.91329279,-5.2580046,4.77461884,5.08677397
-3.18111636,4.33554524,-5.36052416,5.11987873,-5.19786866,-4.05510714
-4.06240623,4.05390108,-3.05334265,5.75820914,-2.59199394,5.00855455
-3.44279902,2.27627418,-5.63029399,5.17929119,-2.60674379,3.93677084
-3.47820193,3.10692264,-4.90932443,5.44023515,5.6902592,5.15779974
3.7416346,-4.0659453,-4.58891584,1.44328573,5.5030045,5.86944515
-3.93935765,-4.04301006,5.23016644,5.57816815,3.9452824,1.99435462
2.84900947,-4.9372405,-3.58251088,3.59326749,5.84575727,5.82208018
-4.87387426,-3.47617576,3.49820833,4.50896652,5.22587722,-5.64141822
-4.09686823,-3.66200078,2.34785165,-5.57300977,5.78524208,-2.99324711
-5.58660011,3.20418692,-4.02853738,5.39826382,-1.86552564,5.37234982
4.64733594,-5.61502482,-4.50938437,-2.05000491,5.57949569,5.9990607
3.19696048,-4.94609654,-3.47087007,0.59731952,5.31073387,5.6731804
-4.49092411,2.6791901,-4.69161512,5.61430526,-5.01260388,5.01904168
-4.07320152,5.90143465,-3.43004873,5.55623689,4.89742408,4.78311064
-5.27214993,-3.25397424,2.95652154,5.7478996,4.7129167,1.71450542
-4.52500136,3.86242753,-3.61676269,1.07486903,-5.93421882,4.78137629
-5.57778642,-4.03722502,3.6925474,2.13539644,5.42721675,-5.57126849
-3.24690724,3.51925602,-5.36095226,5.00573182,-5.07400442,0.31915661
-4.08334339,3.15333037,-4.04905247,4.99449413,-2.04806698,5.26494044
-3.81079235,-3.51501038,5.94041044,4.11004665,5.46333296,2.71682101
-4.56826637,-3.50191919,4.00553704,2.81693253,5.95579415,-5.4378461
3.18374263,-3.51507228,-5.77100664,-5.60714266,5.59675407,5.17688108
3.27178246,-5.41365718,-4.22238095,-4.30339313,3.56359976,5.43474109
-2.64377552,4.53850392,-3.60697543,3.88256055,0.43448005,4.6033918
-4.27350374,4.04081113,-2.53591738,0.6810259,-4.85217971,5.61959954
3.48741869,-3.56007014,-2.94210907,0.18896897,3.24872256,5.34176171
4.82835302,-4.26117412,-5.68384447,-5.58974952,4.3326203,5.1048919
-2.36436469,4.19813547,-4.56811413,4.88302074,-3.87550377,2.89548033
-5.24189455,-3.1357015,4.85881124,5.04428911,5.40956198,-5.84727133
4.95963767,-3.72952771,-4.44088271,-4.8465073,2.93968205,5.79351156
5.85863224,-3.53741427,-3.74826676,-5.54107086,4.50597369,5.74470547
-4.26935703,3.22606726,-4.16200988,4.32578851,-5.95851874,4.67004772
-4.23801918,-4.11648276,2.64584539,0.89522071,5.77285475,-4.05287176
-4.94828078,3.66455643,-4.39240852,5.34645299,-5.6477252,4.12489023
5.16804682,-5.3414288,-4.11775176,-3.28385297,5.77820799,5.18804822
3.63627309,-5.71408709,-5.41941989,-3.5361054,5.98332014,5.7252184
2.76472765,-3.39036866,-5.00668372,-2.46331223,5.87006672,4.43456354
-3.59494512,5.86804911,-5.28598325,5.19444159,-3.12729021,5.50901531
3.7336061,-4.13320087,-5.16918817,-5.71312779,5.50743688,-4.75945653
-2.82876612,5.24819873,-4.88099591,5.55287188,3.29925111,5.72454241
-3.80183611,-3.51453922,2.61993393,4.91599836,-2.91078076,-5.38596289
3.49289768,-3.90895421,-3.11370183,-2.74347749,4.85618698,3.75490587
-4.54421086,-5.63035369,3.92809426,5.71848044,3.96859113,-4.4085805
-3.36870764,3.449661,-5.42172419,5.55049323,-2.30011561,5.49795197
3.01101771,-4.22638476,-2.89703146,-1.81456185,5.42212951,3.46943103
3.92770524,-4.76168296,-3.27325611,-0.38665584,5.92080693,5.94372432
4.08744213,-2.67998266,-3.69109501,-3.2188128,3.46652204,4.01179598
4.21607843,-2.56668439,-3.36150072,-0.0521743,3.36339694,5.68125468
5.44351714,-5.16979372,-5.37301968,-5.71389619,5.67536478,5.12983032
5.6132997,-3.61237368,-3.35679071,2.56118853,4.50633676,4.74059389
-4.74759776,-5.66611317,4.69521749,5.8930908,4.50518316,-5.76349572
3.09414338,-2.94683078,-5.12770161,0.27426611,4.11081086,5.74166146
3.53614777,-3.21538887,-4.75142711,-4.72913711,5.02931909,4.80252336
5.15412439,-4.37642431,-5.3490514,-5.23355195,5.72329435,4.26836378
4.52512445,-3.08300651,-3.59312653,-4.98787236,4.78635377,4.03840858
-4.77596476,2.27656854,-4.91404289,5.89726335,-2.45375564,5.93614547
-5.12431481,2.74018293,-3.44060137,-2.90771827,-5.27395539,5.30874588
-5.59650827,5.30148125,-3.40716915,5.49112569,-5.79354327,4.29904426
4.691539,-3.66400425,-4.24998964,-4.13957758,5.19828066,5.69697999
-2.97620888,3.94365631,-4.09496869,5.92335455,-4.91372334,-2.49197897
-4.57416255,-2.84075278,4.65912874,5.825278,5.25734309,5.89287074
-4.11127906,-2.99382648,5.61975936,5.12405794,4.67430878,0.02276829
-3.57475602,-5.48901263,4.07665042,5.90065347,5.61053906,-3.71065981
-3.15733784,4.56055408,-3.40004101,4.43337284,2.97027142,5.32351348
-4.92469282,4.93349279,-3.70798976,5.69766805,-4.62919056,5.12344088
-3.17227213,3.77271344,-4.80038321,5.87654424,-5.37092226,1.99828385
-3.38382262,-4.35487741,5.54814831,5.34256521,5.77512099,2.35595763
2.72453189,-4.31110706,-4.34409961,0.61020105,5.90204146,5.98769619
-5.54744073,-5.17500699,4.48324545,5.94133775,4.63241339,-5.41650155
-3.56757211,5.63964089,-2.57947088,4.60487969,5.44707001,4.75174944
-4.6656551,4.57690396,-3.24730434,1.86227768,-5.73875815,5.56501142
-5.21032806,-4.08482906,5.67803673,5.30440475,5.44976661,-2.92472192
-4.28547731,-4.73007338,2.0764234,-1.28787841,5.93599072,-4.1835434
5.27299677,-2.58144606,-4.31243392,-5.73597654,3.77556684,5.78027832
-3.91534277,-3.13744444,3.06163147,-5.47349366,5.96365119,-5.39532661
3.79143467,-4.22264509,-4.53995137,-5.73517071,5.04818197,1.49426936
-3.4565994,-3.13052564,5.37873205,5.05313503,4.82495626,5.23405859
-3.66815681,3.75929311,-3.77053734,5.49953178,-1.34540489,4.98111331
4.53724411,-3.39758366,-4.41397936,-2.74924982,5.22614318,5.65270353
3.38416211,-4.02438512,-3.68812605,-0.4859991,5.47647959,5.78215784
5.35162773,-4.39005238,-3.99944089,1.85467195,5.90297531,3.96583784
3.90826337,-5.04800577,-3.60783747,2.61084349,5.19360251,5.17610624
-4.55504845,-4.42280996,3.32502825,4.87068453,4.23291696,-5.52340973
-4.2625916,-3.31087152,4.4420329,5.69853913,4.28041861,-2.06946526
3.90509344,-4.47046744,-5.03425405,2.77845851,5.98246338,5.87962953
4.81837707,-2.63796959,-5.2048597,-4.12913589,4.92493947,5.97609075
-3.4275001,-5.00282098,4.32775784,4.59516119,2.38741829,-5.61058344
5.15013224,-4.20726442,-3.08020742,4.80974264,5.80009583,4.29991816
-3.78899808,-4.11988483,5.89927624,4.96158683,4.97253914,0.639359
-3.68922821,-4.37215654,4.35435936,5.08753051,-1.76254753,-5.5671168
3.78130923,-3.04505536,-3.42631858,-5.53070567,2.2933896,3.31973532
2.67569937,-4.24906781,-3.15006608,-5.64760716,-1.82700133,5.08524222
-3.83358872,3.70767633,-4.62123642,5.95460224,-5.81185704,5.33212554
3.2550376,-4.61204267,-3.12815975,3.18805687,5.85672916,5.28583052
-4.93049933,5.66705429,-4.08539637,3.88270327,-4.9942881,5.96522693
-4.15611415,4.48785223,-4.67256585,5.92475798,3.95038887,5.18383223
-3.64278471,2.65202128,-4.73052394,4.17006485,-4.34748489,3.472616
3.02794268,-4.53845388,-4.6713638,-2.92760659,5.53797352,4.74628447
-3.40951983,-4.38602423,4.03398589,5.39147721,4.77725884,-0.54114091
-5.69211181,-4.02498447,3.37666659,0.32678426,5.58305928,-4.73489462
4.28713514,-3.29701022,-3.36070266,5.75023355,5.24092318,3.96255691
-3.01141234,-5.31664175,5.50253534,5.87707385,5.02946951,4.40506185
3.31509141,-4.5274519,-3.61406288,-5.08852599,4.22526432,5.94110869
-3.92472354,-4.30658901,3.61498798,4.70117181,5.40971843,4.34157979
-4.75582238,3.40167686,-3.99911193,5.22790895,5.00820262,5.6618978
-3.98866633,-4.45305832,5.19697008,5.36471293,3.74092628,-5.56591249
-4.40446083,-4.71938004,2.5247735,4.24520372,5.88313048,-4.18464082
-4.3962662,-5.46975707,2.79442803,3.24349589,5.44177527,-5.20051919
4.46034684,-5.1631149,-4.98893305,-5.2001282,5.06858935,5.45597073
5.31389142,-3.04076525,-3.43210996,-3.28756734,5.33714434,4.53594642
-3.70201396,3.62120108,-4.53568322,5.96237548,-0.68855603,4.241526
-3.13034341,4.86221673,-3.80061133,2.96492544,0.36191593,5.82831624
4.51729397,-4.93594653,-2.98294602,-5.31825469,2.08879907,4.88560254
-4.07255094,-3.7911103,3.92711812,5.61051284,3.11741752,-4.52705088
-4.45942009,4.89287694,-3.21786909,3.71176663,-5.98680112,3.83522542
2.81183186,-4.37407038,-3.46297208,-5.09805903,-3.27187576,5.06811456
2.71276986,-4.75205256,-4.97028435,-4.96836101,4.26869906,5.08107649
-3.74926108,-4.90755628,2.99599374,3.46036226,5.99560655,-3.40532511
4.37983345,-3.56184413,-4.59711793,-5.60823851,5.53626061,2.87556086
-4.18957588,-3.44924016,3.55074404,5.29238113,5.80546173,0.68043548
-3.31252156,2.50782465,-4.73451015,1.67371053,-4.95004927,5.05055029
-4.64529323,3.17441075,-2.83731152,5.06885005,-3.97563915,5.30430901
-3.33881962,-4.88094673,4.87895503,5.48123698,5.46140573,3.70834402
4.31423217,-4.34315724,-3.58345364,-2.27612027,5.49140223,5.80283837
-2.33084052,-5.72485037,5.8822885,5.6863697,5.78933347,-4.42334853
3.60801765,-5.30844715,-3.94216182,-4.69889646,4.41066217,5.11501874
-4.52955347,3.04680989,-4.76129961,5.5434482,-0.85952425,5.32642801
4.21725163,-4.08257872,-3.98775217,-3.42985602,3.93418257,5.93158095
5.58299422,-4.03051426,-4.12947016,-5.3613882,5.71811591,3.97754465
3.66339737,-2.62049196,-4.98262339,-3.27085276,2.29748064,5.71704043
-4.37759169,-3.6531376,3.17651478,5.95343834,3.06915217,-2.59613205
3.57098584,-3.89392064,-3.63992768,-4.73281785,0.32104581,5.61088998
-4.50723838,4.04878268,-4.18007214,-4.19341823,-5.23641214,5.63907567
-4.18169976,-5.30182227,3.45154089,5.05887095,3.98441826,-4.80341175
5.43348912,-4.70879272,-3.5920632,2.68096702,5.66564641,5.6357686
4.8552884,-2.96980324,-4.63987777,-5.80627111,4.17210209,5.49038469
-5.59071009,4.64955544,-4.49972047,5.99544867,-0.11066397,5.93347255
3.97608033,-3.82571983,-4.05681467,-4.11534989,5.16528895,2.60788735
3.82472579,-4.42172169,-3.99166468,-5.06228129,4.99997931,5.26720056
-5.15806301,2.84330754,-3.61352658,5.69402314,-4.39801216,5.57359209
3.16633502,-4.94177546,-4.48878717,-4.76920862,5.68029505,3.954518
-4.48635604,-4.82040946,2.22530505,5.45007445,5.84516517,0.3413055
-5.65228328,5.91863372,-4.44095661,5.93381429,-5.97302695,5.32029029
4.98994784,-3.2859492,-4.78952584,-4.41770709,3.52766981,5.79038954
2.65024793,-3.53405055,-4.11508877,-4.59964191,2.25086181,5.00312649
4.66287498,-4.38109889,-2.68758578,-0.72398854,5.68706211,3.42288689
3.96758355,-3.63465807,-3.41631094,-3.92384397,5.64781677,4.60823043
-3.75500854,-3.84804045,5.84830938,4.16349886,5.16698008,2.4958576
-3.88070639,-4.47131662,2.14044241,4.76029982,5.23065168,3.55410913
-4.62124149,-5.7958903,3.78558982,5.11347035,4.25417284,-5.51389335
-3.33714394,4.78530241,-4.09154485,3.36760593,-5.69677956,4.20477265
-3.66559377,-3.93970167,4.01799656,5.74242938,5.11486623,3.74298413
2.54952471,-4.57028718,-5.03254605,-5.62014892,4.87051494,5.83956937
-4.21411455,-3.33113588,4.02152361,4.74168964,5.23428444,-1.30288768
-5.70478571,-4.60030988,4.3212415,5.89188664,5.0520948,-3.33667011
4.86873758,-5.56251125,-2.6175038,-5.97276527,-5.81865405,4.25421761
-4.08930989,-4.25582039,4.74954875,5.73691642,4.45664326,-0.48185454
-4.89935691,-5.50847719,5.79292569,5.91407477,5.83593465,0.02414947
-5.39455665,5.10423128,-4.62943022,5.71918945,-4.05805565,5.40031809
-5.00759176,3.55207673,-4.04222739,5.96052364,-1.2012227,5.4020868
-4.58176369,-5.79281315,5.67762084,5.85328885,4.40929711,-5.86268301
-4.12778874,-3.287882,3.66596778,2.09623053,5.9778839,-4.04106012
-3.97236156,-2.64897694,5.52709685,5.22857467,3.42660225,-5.22193741
-3.66436001,3.05348261,-3.76271837,4.75372217,-2.93834377,3.64717109
5.02844543,-4.94973976,-3.9440559,-5.10200717,5.6099329,5.50228104
-4.87278307,4.06975082,-4.01152232,5.81228096,-3.12522864,5.6723094
-3.57027909,4.91464731,-5.53952669,5.3990464,-2.46786614,5.94436267
-2.86190725,-5.4453509,4.13198946,5.24810245,0.44763048,-5.83413115
3.84662632,-3.21299181,-3.94325385,-5.83257819,5.80813154,-5.6779383
-4.59347339,5.71099357,-3.06429683,5.75349571,-5.47823213,3.15337256
-4.25622928,2.86566476,-5.07578802,4.94652707,-5.35501994,4.96209263
-4.82337614,-2.51211357,3.88288479,5.98297033,2.31032069,-5.77499889
3.57585163,-5.45208766,-3.58538253,-2.36390438,5.33053038,5.22503794
-4.43068166,-3.86431247,4.69251408,5.92556575,3.05201117,-5.92658997
-4.67107334,-3.89576377,5.81138896,5.62127344,4.16325743,-3.48366657
3.88089711,-4.14892581,-5.35167518,-4.03549986,4.22458674,5.50086
-3.8110326,2.46879693,-3.9601066,5.55337941,-5.9743749,4.63388267
-4.28097208,-3.74259599,5.76919151,5.30156953,5.19413843,3.53605792
-3.18280439,-3.56742893,3.14991577,5.91613351,4.60777396,5.34335169
3.22031603,-4.16209562,-5.46992043,-5.11436177,3.19731314,5.92897911
-3.81366449,2.85723862,-5.05566311,5.2649811,-4.97306441,1.1569453
-3.46718056,-4.88891217,5.92072744,4.324038,5.69909045,4.03392989
-5.69097622,3.31673344,-4.50142561,4.14166201,-5.84001261,5.69818613
5.85810732,-3.70648462,-4.48250395,5.30339504,4.01611476,5.58634022
3.1864221,-3.42565195,-3.5878069,4.56557287,5.96687182,3.64017869
5.30224628,-3.75860065,-4.15540859,-0.82264352,5.77639189,4.25240081
-2.62819842,-4.20095324,4.8569516,5.79603378,5.93611626,1.30969774
-5.9749237,4.08668638,-3.306984,4.63206763,-4.18082015,4.64706679
4.65607359,-3.42588183,-5.98317252,-5.60621402,5.40520102,1.02416598
-3.47319176,2.79022713,-5.26130933,5.56448862,-5.45912236,4.58778814
-4.10374011,-2.69009007,5.70009819,5.14880977,5.69921474,-3.7031806
2.80935089,-5.42452257,-4.3701519,-4.40837555,5.30141424,5.6261787
5.48217614,-4.09288096,-4.21551394,-5.20646317,5.32690339,4.47331887
-4.780233,5.39320358,-3.29460591,4.93917824,0.94326812,4.44478735
3.98349472,-5.38474448,-4.9725858,-4.39586949,5.57907261,4.60585238
-3.97865351,-4.73041789,3.31985211,1.56358764,5.49354966,-5.25021894
-2.86673705,-4.60454802,4.36102374,4.34171747,4.53036827,-5.55071828
-3.46046694,-4.43801806,4.75436491,4.82307598,4.68360782,-2.96165205
-5.11312626,5.97272586,-3.43784801,5.53112422,5.74524797,5.15257346
4.74963116,-3.70568508,-3.71133123,0.91080775,5.85159238,4.80068258
-3.9750012,-5.03936519,2.83568166,5.10099597,-5.787327,-5.00778528
4.06275728,-3.67278487,-3.74658022,-4.82340527,5.51055749,3.91447395
-5.4206798,-3.91921816,3.88099858,-1.87337991,5.40250105,-5.2280311
-3.81146028,3.02944665,-3.96804289,-0.37409858,-3.89243059,5.68128277
3.32036716,-4.21709033,-5.67065474,-5.51611808,5.73018721,-5.18005828
-3.49537641,-5.37539069,3.11866194,4.48137343,-4.85029233,-5.81783992
5.25715397,-3.39928307,-4.67290876,1.57238792,5.06827131,5.79816473
-2.23846456,5.30749775,-4.7007204,3.48425528,-3.05551328,4.74694738
2.37055911,-3.96822496,-4.75796679,-5.11818879,-3.00907935,5.87681084
3.9641034,-3.56229313,-3.93692894,-3.72133433,5.20681529,4.64235437
3.69657018,-4.25421298,-4.77526558,3.24368857,5.69936263,5.55669671
-3.39667227,-4.76761201,4.62252666,5.64486304,3.98511012,-4.23359765
5.11373748,-3.56220429,-4.41713189,-5.43061459,3.49988565,5.31517612
-3.53426376,-2.93686464,3.81766785,-5.30046176,4.40165629,-5.35242511
2.4650998,-5.61158235,-5.58001032,-4.22076993,5.99317715,5.66887924
2.61930908,-4.95735972,-5.52253135,-5.42884876,5.8054226,-3.78941765
-4.68417538,3.96436135,-5.89782369,5.52314935,-5.71593882,3.88254379
2.36467619,-4.52273136,-5.19345804,-3.98069351,3.90057538,5.31543463
3.28146835,-3.42833882,-5.41764073,-4.69947786,5.50637087,4.46149656
