-5.92649305,4.14144467,-5.82920082
4.26971606,-5.74547111,-5.98892273
-5.96120669,4.09237132,-5.62916056
-5.9222935,-5.96492739,4.40742531
3.9724638,-5.95701303,-5.76171176
4.16271529,-5.79552675,-5.9652429
-5.85477547,-5.69462612,4.03319026
4.11525979,-5.90465426,-5.98061017
-5.99148395,-5.85007419,4.40800661
-5.92612575,-5.71246846,4.16935128
-5.91664922,4.31553299,-5.93230984
-5.68214206,4.1456692,-5.94174426
-5.88002478,4.07824841,-5.86996076
-5.91993588,-5.95157055,4.39865863
-5.7086394,-5.9609629,3.89943109
4.39963735,-5.95485319,-5.97338102
3.98459325,-5.87493928,-5.83356491
4.3449794,-5.91956198,-5.8769964
4.2160948,-5.94312896,-5.88150019
4.30610449,-5.9048443,-5.85169446
3.97814494,-5.90566713,-5.96558133
-5.97919016,-5.78276908,4.18517348
-5.81344683,4.34804704,-5.94899714
-5.61838431,-5.96301316,4.04721411
4.10558348,-5.99147446,-5.54960692
4.03544647,-5.82532989,-5.84459406
-5.93788823,4.46930419,-5.95225934
-5.80466145,-5.89219806,3.8826851
4.1811474,-5.83454094,-5.91450262
-5.92300374,4.11839722,-5.74165308
-5.78299266,-5.68840838,4.01496962
4.52126618,-5.98854115,-5.97688314
-5.60427784,4.0385404,-5.86769425
-5.97161127,4.39890544,-5.96947453
4.38066108,-5.88811032,-5.98698912
4.25176981,-5.98495272,-5.73707088
3.92922747,-5.51900139,-5.85880333
4.1955449,-5.91575531,-5.9721249
-5.75492767,-5.99949615,4.23507137
4.22271607,-5.96727334,-5.8960517
-5.75935699,-5.90660303,4.21021242
-5.9003212,4.44520861,-5.98999919
4.19117243,-5.77845548,-5.87554486
4.26849172,-5.86876722,-5.97029223
-5.80278092,4.01363144,-5.72745409
-5.92435247,-5.87323301,3.97972933
4.1289253,-5.85403069,-5.79756568
4.09046654,-5.94739574,-5.64710103
-5.77748034,-5.91772206,4.07363
-5.92959668,4.13390475,-5.70145679
4.14990509,-5.90246255,-5.94423037
4.2117052,-5.94392363,-5.99888266
-5.89224371,4.14836543,-5.86575921
4.32137126,-5.85034188,-5.99761677
-5.62007533,-5.93604015,4.12432889
-5.96759631,-5.86250707,4.4166456
4.32977365,-5.86156613,-5.94757223
-5.87703662,4.26280609,-5.91592522
-5.94332299,-5.89272298,4.20484447
-5.88018351,4.1147885,-5.74396572
4.39204931,-5.95472103,-5.88898812
-5.9400821,-5.93494722,4.18578666
-5.75556104,4.07830274,-5.97155941
-5.95868114,-5.84282574,4.14641571
-5.86717297,4.34215971,-5.91118438
-5.62263065,4.02164347,-5.97027288
-5.96744448,-5.92808126,4.3467206
-5.93186393,-5.72477431,4.04094441
4.19252552,-5.95208949,-5.7592112
-5.85602441,-5.97933353,4.4107925
3.91800362,-5.82971588,-5.71447966
4.2456933,-5.85330774,-5.87892791
-5.71619355,-5.87934262,4.15773235
4.12663073,-5.82626958,-5.84303642
-5.79606206,-5.95383526,4.31397799
-5.95415489,4.21418687,-5.70401771
-5.89121598,-5.91347579,4.31211269
3.99083374,-5.57578471,-5.85728891
-5.85827456,-5.87300372,4.25439931
-5.97315943,4.41480763,-5.9869783
-5.86708345,-5.97439443,4.33717093
4.17557729,-5.75366869,-5.87662896
4.02026157,-5.59670978,-5.91272121
-5.99836956,4.1403839,-5.67667484
3.94528926,-5.76829142,-5.92627958
4.35423876,-5.87633748,-5.9034081
-5.84928456,-5.78141245,4.148841
-5.82079101,4.18944742,-5.82367415
4.37668312,-5.90112066,-5.89201959
-5.93602192,-5.82544183,4.30877577
-5.94277693,-5.8197856,3.99186986
-5.94268806,-5.82323509,4.34755836
-5.84535047,-5.97855372,4.25802479
4.40126816,-5.97493448,-5.84356208
4.14089131,-5.99769401,-5.87192213
-5.8646591,4.19374002,-5.91810253
-5.97046282,4.23995725,-5.72432542
-5.87456079,4.2435667,-5.98641218
-5.95836035,-5.81235681,4.22241419
-5.91567732,3.93485225,-5.81896639
-5.96491536,-5.76651559,4.14779304
-5.90062081,3.94351216,-5.63083191
-5.80119506,4.2826154,-5.98353348
-5.64104808,4.13625053,-5.93028348
-5.99315199,4.29224597,-5.74912395
4.1192222,-5.82466366,-5.90029479
-5.92888038,4.21331163,-5.79631748
4.08291018,-5.76265292,-5.80777906
3.9193399,-5.97712307,-5.49262976
-5.6355971,3.96001085,-5.88388335
3.87224422,-5.78867781,-5.88377833
-5.99660857,4.06395427,-5.58636374
-5.8957526,4.04085524,-5.7645339
4.17658464,-5.81320289,-5.85222369
3.87544207,-5.82755719,-5.68664016
4.22595946,-5.77269119,-5.90177276
-5.98327249,-5.83368025,4.24940881
3.96498638,-5.91621533,-5.76562677
4.26895978,-5.96760012,-5.85403826
-5.89364877,4.1886816,-5.81822473
-5.91303739,-5.87484007,3.99043238
-5.76607831,-5.87322018,4.02374499
-5.99054527,4.12132291,-5.62509095
4.27700086,-5.78310246,-5.97954848
3.89127309,-5.76504124,-5.89688643
4.10658716,-5.56648583,-5.97610392
4.02927693,-5.93314664,-5.89731064
4.20538178,-5.88830449,-5.96422149
-5.7980027,4.12176436,-5.89023365
-5.93311605,4.47811902,-5.99781023
-5.7962389,-5.80650654,4.18338408
-5.93323344,-5.90583345,4.3597682
-5.66255094,-5.89110895,3.99985668
4.12805102,-5.9041763,-5.72080853
-5.65554715,4.2224371,-5.98727384
-5.99841272,4.41097085,-5.90815082
-5.77875166,4.0528361,-5.98530669
3.99039223,-5.89335118,-5.93615819
-5.98908987,-5.98159199,4.37740458
-5.86930236,-5.8100383,4.24667828
4.18071309,-5.88464049,-5.95377176
-5.88921382,4.33638572,-5.90232575
-5.97447815,-5.70911451,4.26911368
4.24705423,-5.96153102,-5.89847177
-5.64820341,-5.94397741,4.12202665
3.91323022,-5.94709017,-5.88940804
-5.99353703,4.51554546,-5.94688194
4.36219005,-5.99649621,-5.87641058
-5.91555327,4.30309715,-5.8842547
4.1842238,-5.83191368,-5.94721608
4.12616068,-5.93474589,-5.98422521
-5.95465908,-5.99782964,4.25718125
-5.68764819,4.11847672,-5.90401248
4.21849702,-5.98714361,-5.85258075
-5.82908639,-5.76864883,4.06762463
-5.76195641,4.04802248,-5.83187424
4.08007456,-5.65892234,-5.93793226
-5.99997125,-5.83508114,4.12048358
-5.72422097,-5.98991959,4.28610516
-5.87046489,4.15422189,-5.93495753
4.00451669,-5.87758043,-5.75900921
-5.86684163,4.38861837,-5.98042778
-5.99667193,4.21944675,-5.85683638
-5.92532986,-5.93385448,4.25257988
-5.98310082,4.23513115,-5.70423338
-5.87750843,4.14814468,-5.68280012
-5.9920758,-5.64300465,4.20828443
4.38430258,-5.87548719,-5.93398238
4.09810839,-5.61960909,-5.90743991
3.99032699,-5.43389154,-5.99812552
4.08503843,-5.70750773,-5.91302213
-5.93939958,4.2137044,-5.9597921
-5.82236451,-5.73764544,3.97627595
-5.98346157,-5.95834676,4.29304039
3.88205371,-5.78427259,-5.55081462
-5.90193812,-5.90798223,4.33353672
-5.96274199,-5.75933176,4.21552528
-5.73514358,-5.88268393,4.20408291
-5.84108651,-5.94300166,4.34434632
-5.89315404,4.20351439,-5.77643202
-5.94043269,-5.73868829,4.1152334
-5.97754316,4.11709964,-5.78049213
-5.47877987,3.90113036,-5.85445758
4.23478244,-5.85751332,-5.92043182
-5.91218391,4.03438553,-5.64650859
-5.78818765,-5.95435744,4.13094415
4.31077826,-5.8557102,-5.97107579
3.89506899,-5.93939519,-5.6330922
3.98388674,-5.81603739,-5.78341735
4.45116248,-5.96760313,-5.90844963
4.03654723,-5.86128888,-5.65557987
4.20402444,-5.91048357,-5.87191408
-5.76233408,-5.86571971,4.11338905
4.16361234,-5.96366411,-5.94371401
-5.91387236,4.31565185,-5.98833149
4.19854296,-5.90483284,-5.82940956
-5.90557806,-5.96406554,4.15765392
-5.96558939,4.29436449,-5.86085317
-5.91206551,4.32018936,-5.90389116
-5.74627803,4.15975577,-5.92114083
-5.85898735,-5.99434073,4.32268241
-5.90529576,4.07141902,-5.70650672
4.05590429,-5.62695593,-5.85387526
-5.80713292,-5.78581125,4.17655988
-5.89628467,-5.94793065,4.2821102
4.21679379,-5.97647496,-5.66779928
-5.85249357,4.14027893,-5.82005265
4.2919667,-5.72426748,-5.9909374
-5.57850764,3.94974115,-5.97717211
4.11968716,-5.78053174,-5.9825484
-5.96377618,-5.9228455,4.31260194
-5.66262593,4.14636344,-5.93001723
4.15812766,-5.77547232,-5.87572536
-5.91479027,4.41225459,-5.92744287
4.10182844,-5.72185224,-5.82349656
-5.80887042,-5.78419098,4.11226149
-5.94608287,4.16703501,-5.81418445
-5.5275797,3.96854261,-5.95193078
-5.9897912,4.40519157,-5.94716154
-5.94578345,-5.69173555,4.10881115
4.34313479,-5.96781848,-5.869508
-5.91074382,4.07959927,-5.6196783
-5.97351378,-5.79169083,4.32687227
4.30106541,-5.91097182,-5.90823731
-5.90419139,-5.87776959,4.11542246
4.09379655,-5.95444015,-5.61035849
-5.97824283,-5.79065012,4.21214585
-5.92094542,4.09623537,-5.99697779
-5.93340767,4.21736225,-5.97391515
4.37158978,-5.96677675,-5.90408316
-5.53668956,-5.98059475,4.01534892
-5.94832432,-5.7045093,4.19385312
-5.92201164,-5.94131999,4.29307332
4.20906154,-5.80895459,-5.89613741
-5.97361841,4.35812082,-5.86906853
-5.68066483,4.05402207,-5.78875611
-5.86424697,3.88209388,-5.848376
-5.62404489,-5.9884433,4.09268871
4.42005306,-5.94802983,-5.93412397
-5.75670575,-5.89896698,4.1548753
-5.57206977,-5.99804397,4.08825639
4.00222944,-5.97284728,-5.5322243
-5.83620126,4.25462965,-5.89192758
-5.96304251,-5.81061123,4.15833475
-5.90649471,-5.94073426,4.38420991
-5.77092573,4.09815694,-5.93763429
4.09999528,-5.67472873,-5.97597867
4.2975276,-5.90540905,-5.82646445
-5.99771694,4.22572049,-5.86133606
-5.63865865,-5.93876875,4.08625585
-5.71354014,3.97749936,-5.88716806
4.12806807,-5.83988304,-5.9015918
-5.80080416,-5.95120043,4.30280799
-5.93900125,4.08987705,-5.62729711
-5.77774197,4.23989636,-5.92247823
-5.99427427,-5.98017259,4.12593769
-5.93409031,-5.72888054,4.20232472
-5.62600854,-5.99313291,4.15162378
4.43169154,-5.94256918,-5.95217251
-5.88458673,4.3107768,-5.84453162
4.27270829,-5.88680463,-5.83978709
-5.96753934,4.35459638,-5.93257505
-5.92391785,4.11332819,-5.87926815
-5.79710043,4.04059893,-5.77696485
-5.86734115,3.81673397,-5.56211089
4.126741,-5.95349502,-5.79122573
-5.89293124,4.33251294,-5.95953617
-5.87375352,-5.93324437,4.31346423
4.07295055,-5.92582165,-5.72158109
-5.76622091,-5.78698117,4.08576071
4.31958755,-5.98930784,-5.79145287
4.15954665,-5.74535318,-5.86444635
-5.77734309,-5.69929608,3.96138404
4.04598161,-5.70643597,-5.85623324
4.0648257,-5.89864812,-5.73034137
4.53621062,-5.99625115,-5.97236727
-5.74688948,4.0841677,-5.79222534
-5.87607912,-5.86642551,4.2373997
-5.94665555,4.13242895,-5.96662196
-5.7561923,-5.94622047,4.27932785
-5.97934169,4.2414206,-5.77336418
-5.84788216,-5.86179893,4.2769438
-5.81982204,-5.70514161,4.02873884
-5.84449553,4.2680198,-5.90270636
-5.83082168,4.03371244,-5.87178597
-5.47152001,-5.99667806,4.02391188
-5.74287458,4.11523549,-5.80686161
-5.65921731,-5.98363436,3.9630302
-5.92711469,4.19883303,-5.99355135
-5.99304346,-5.96887438,4.43820944
-5.95429227,4.2262357,-5.99245375
-5.88549372,-5.96603444,4.29006518
4.14657448,-5.93410307,-5.85819427
-5.95857864,-5.87204763,4.36406998
4.46648421,-5.95607666,-5.96687155
-5.88680005,-5.75286572,3.98593526
3.98855094,-5.80800517,-5.93088473
4.02817419,-5.83941835,-5.6296909
-5.72385644,4.15628912,-5.9297905
-5.92414093,-5.88262901,4.23108036
-5.80762799,4.01802558,-5.6972801
-5.63688276,-5.85961481,3.99114094
-5.94094144,3.97755961,-5.58745177
-5.98332437,-5.8979443,4.38826451
-5.92062561,-5.96729992,3.91062794
4.24807631,-5.86357314,-5.84540821
4.24264337,-5.82737362,-5.83192247
-5.99835032,4.37368013,-5.8927604
-5.99999295,-5.87072423,4.41116077
-5.95300212,4.05945591,-5.54340504
-5.85321873,-5.76847595,3.98102056
3.96637378,-5.68981774,-5.94289516
4.06477665,-5.92746172,-5.87875042
-5.91107472,-5.58086989,3.95034134
-5.84996192,4.28194538,-5.95824156
-5.98013165,4.41807736,-5.86813999
-5.88940749,-5.83659715,4.1827887
-5.82947096,-5.77333703,4.10549601
-5.97498795,-5.74717505,4.03861533
-5.94796689,-5.99980068,4.42963374
-5.89201399,4.12428162,-5.77907923
-5.47475455,-5.86419422,3.83807166
-5.66068361,-5.99030182,4.18563473
-5.97179951,4.41167314,-5.94564881
-5.94361179,4.41529639,-5.89088787
4.09593444,-5.95085636,-5.63631478
-5.5648887,-5.83677895,3.97434706
-5.88745045,4.36810059,-5.99697618
-5.88208289,4.29008369,-5.82133821
-5.87326061,4.24339232,-5.78460584
-5.87135259,-5.9555872,4.06734806
-5.78884737,4.20770634,-5.95504707
-5.87810865,-5.95560828,4.271672
3.95721508,-5.71632721,-5.7467939
-5.63192099,3.89895609,-5.75886936
4.33557345,-5.93949084,-5.81291905
-5.74167956,-5.96889471,4.15884394
-5.96898734,-5.86159664,4.26648284
4.00909854,-5.93597951,-5.98118355
-5.73693543,4.07930437,-5.76418785
-5.97881607,4.22163917,-5.74806499
-5.97054383,4.33091768,-5.99852961
-5.84015986,-5.99612097,4.12753778
-5.96862139,4.1554007,-5.79082635
3.9690823,-5.90950705,-5.86572191
-5.91660548,4.08202179,-5.76600777
-5.95804996,4.37325896,-5.87186165
4.1412069,-5.79747894,-5.86844737
4.11712917,-5.94551567,-5.94616909
-5.72018116,-5.91407605,3.99166195
-5.81427126,-5.84372332,4.07788553
-5.92449398,-5.78188443,4.28184684
4.19853549,-5.95792792,-5.80723957
4.25355835,-5.97818142,-5.82230432
4.38163568,-5.98143842,-5.98910767
-5.8914165,-5.71702533,4.14450269
4.02559909,-5.91695148,-5.93510075
-5.85231356,4.06973181,-5.67287282
-5.98021661,-5.76498282,4.32400511
-5.94011213,4.27160808,-5.95011829
-5.75656415,4.04218889,-5.93305315
-5.90946993,-5.92162912,4.3957678
-5.91719386,-5.79858651,4.18320045
-5.81328117,4.19509008,-5.96160658
-5.83417378,-5.75655569,4.108048
4.13988316,-5.96305432,-5.77325684
-5.96170877,4.04335299,-5.61400703
4.12094219,-5.98734678,-5.69233146
-5.82813349,-5.91782388,4.17226185
4.26006795,-5.92679959,-5.98191764
4.24919793,-5.90759993,-5.99730731
-5.98263867,4.0562222,-5.9653746
-5.72982105,3.9833777,-5.92799577
4.23408385,-5.91717343,-5.73214216
4.37019199,-5.94040662,-5.90313108
4.08084643,-5.99598285,-5.91122245
-5.98695595,4.23353997,-5.68431124
4.24503808,-5.67525943,-5.99168481
-5.8503304,-5.89081441,4.30263095
-5.8564325,3.93103828,-5.55620721
-5.84956381,-5.89548211,4.30222866
-5.81275937,-5.56922316,3.91593203
-5.89778587,-5.55652192,3.94758507
-5.66218303,4.04012228,-5.93235684
-5.9154721,4.08521647,-5.86092752
-5.95341639,-5.92421884,4.45201066
4.04271714,-5.68095501,-5.91028788
-5.94694283,-5.73581232,4.16832833
-5.70691356,-5.9006092,4.05606329
-5.9505043,-5.87468416,4.21585047
-5.80550892,3.95221317,-5.86514408
-5.73830886,4.18979631,-5.97760303
-5.64769681,-5.97766609,4.02764819
-5.89255628,4.3409512,-5.87780512
-5.86223174,4.22081352,-5.80608722
4.0818055,-5.73368295,-5.83800704
-5.9263347,4.37064446,-5.96541001
-5.74154427,3.97298524,-5.88518791
-5.65603249,-5.84995598,3.92926752
4.23897648,-5.85197335,-5.8323207
3.99472713,-5.88289191,-5.75065506
4.12245271,-5.77615717,-5.85178626
-5.99222143,-5.96466659,4.37762476
-5.92936099,-5.9636127,4.42192186
4.27092198,-5.8536361,-5.97536595
-5.7217191,3.96605582,-5.71543831
-5.87896248,-5.61838428,3.97100159
-5.95926509,-5.98347878,4.44021214
-5.91551605,-5.71221479,4.15406712
3.99620258,-5.98934334,-5.67847063
-5.73973224,4.23424191,-5.92900518
4.21101707,-5.99720646,-5.93093362
-5.88503432,4.25353248,-5.89860282
3.97376461,-5.49857523,-5.981652
4.18862358,-5.94172361,-5.85824976
-5.88276488,4.33208188,-5.89612882
-5.83365842,4.04691666,-5.81457683
-5.86136213,-5.96791142,4.11639718
4.02189215,-5.49014594,-5.98812844
4.14888902,-5.96180478,-5.60880425
-5.80117846,4.1553562,-5.96763824
4.14104012,-5.85007553,-5.88125105
-5.86485555,-5.90779575,4.07074765
4.21504242,-5.65720277,-5.99428107
-5.87138087,4.35151092,-5.91663608
-5.83843872,4.11051786,-5.71708653
-5.69850481,-5.68923621,3.96541306
4.04054825,-5.90544987,-5.98888708
-5.89061537,4.02678419,-5.8585045
-5.95515521,4.15852795,-5.9705761
3.95560091,-5.9622872,-5.75201818
4.19688437,-5.8906837,-5.79266568
4.11715054,-5.96501658,-5.72804806
-5.97146308,-5.86315956,4.41214479
-5.86403193,4.07592491,-5.8542547
-5.85795777,4.21378909,-5.99078508
-5.88162565,-5.71097379,4.05194357
4.05887867,-5.66346041,-5.9929809
4.04921845,-5.9827912,-5.91681544
-5.75646825,-5.99949544,4.10219513
4.22162042,-5.79668257,-5.87375661
-5.5903207,4.08674424,-5.98167018
-5.80167752,4.18484551,-5.80482002
-5.6988351,-5.81606197,4.04241367
-5.83172839,-5.97723876,4.39441738
4.33575103,-5.99547859,-5.81780046
-5.8944744,4.01093733,-5.89395845
3.99704228,-5.87426826,-5.90621813
4.32172188,-5.92005549,-5.98959696
4.22511133,-5.91626139,-5.90652479
-5.6732934,-5.91001664,3.96828554
-5.99896286,-5.45303068,3.986888
-5.97922713,4.08360283,-5.72457184
-5.85660626,4.26829248,-5.97681523
-5.98333772,4.44060407,-5.9764949
4.00530392,-5.69289221,-5.9949187
-5.72483628,-5.96527471,4.22999725
-5.74324227,-5.8051468,4.12380144
-5.75682552,-5.98750669,4.27930429
4.32666524,-5.98326152,-5.86888459
-5.89843628,-5.93630169,3.8509291
-5.85347814,-5.83814395,4.21055821
4.23221775,-5.98717672,-5.73571676
-5.95067625,4.16304693,-5.68746535
-5.72711286,3.98905127,-5.77135521
-5.85399829,4.20381218,-5.92874898
4.19825327,-5.85388318,-5.95968041
-5.91427127,4.1631525,-5.66202341
4.28923217,-5.79689907,-5.98274007
-5.73505654,4.06079058,-5.9369254
-5.95711086,-5.91108944,4.4324994
4.15110233,-5.78951631,-5.90816766
-5.9244159,4.22929618,-5.95157919
-5.85236107,4.19440234,-5.88723619
-5.92967291,-5.84271494,4.0017814
4.31740167,-5.94698626,-5.85784274
4.26940413,-5.96637167,-5.8729506
-5.88245824,4.29408123,-5.90546431
-5.92720656,-5.99901028,3.99169491
-5.91222804,-5.88124849,4.04494888
-5.91790046,-5.99908397,4.3538591
-5.84991725,4.14229846,-5.77694286
3.86987208,-5.55479939,-5.83675219
4.17193235,-5.93077228,-5.9131122
4.01704274,-5.97951834,-5.54974636
-5.98776391,-5.84358613,4.38530974
4.20641568,-5.90466151,-5.97723345
-5.98014763,-5.90197381,4.2499437
4.33274055,-5.98134861,-5.77112311
-5.90967206,4.39768708,-5.92365278
-5.92468898,-5.98705222,4.37410598
-5.99919911,-5.75049328,4.08356302
-5.86381687,4.26569911,-5.97791476
-5.8809779,4.02897058,-5.75284762
3.92766571,-5.82181011,-5.67318001
4.15469986,-5.7179109,-5.92941041
-5.97911914,4.2441825,-5.8965252
-5.73417539,4.02646349,-5.93572819
4.33260163,-5.95766811,-5.92088295
-5.98149615,-5.70294428,4.23858209
-5.53951466,-5.96665358,4.03026318
-5.89117862,-5.52523796,3.9632741
4.31214364,-5.80973855,-5.98826263
-5.73458207,-5.94093439,4.25141058
-5.94958695,-5.72353746,4.13675978
-5.88739408,4.37051211,-5.9833829
4.22641062,-5.98695717,-5.7982687
-5.89960494,-5.80086227,4.18022629
4.02876264,-5.85461501,-5.84985505
-5.99264873,-5.78958312,4.33473194
-5.52991541,-5.95805428,4.01243144
4.03026157,-5.81224058,-5.67022346
-5.92606043,4.11125215,-5.8925506
-5.97752853,-5.81858358,4.10568433
-5.94337609,-5.98537621,4.25239613
-5.96038088,4.36911435,-5.84981843
-5.95531473,3.90513997,-5.66933904
4.27667172,-5.8963053,-5.90373699
-5.9497215,-5.92377703,4.38081862
-5.68911598,4.00536506,-5.93511059
-5.95727791,-5.96418967,4.3440524
-5.96580996,4.08475695,-5.95857161
-5.8248632,4.13612116,-5.72700398
4.12690552,-5.60672904,-5.9454816
-5.98822815,-5.9905765,4.33047701
4.23516146,-5.72560737,-5.93129192
-5.90369406,-5.77412589,4.19089505
-5.59247485,3.94160814,-5.77678274
-5.87741039,-5.71982936,4.17888112
-5.9505308,-5.94962528,4.11854713
-5.99992037,4.39377684,-5.98992374
3.98405126,-5.80147285,-5.72930807
-5.93098746,3.97735082,-5.68612412
4.15602203,-5.80729374,-5.8491006
4.18728417,-5.90240331,-5.92548262
4.5072633,-5.99146362,-5.9343472
-5.87098846,-5.91282744,4.2167938
-5.77006162,4.1826979,-5.98676643
4.0277791,-5.91429501,-5.95592496
4.03161537,-5.9590385,-5.75967168
-5.56551728,-5.9713577,4.11171341
-5.71417743,-5.85508003,4.02047533
4.26823361,-5.87502438,-5.92653781
-5.70061767,-5.94797223,4.22115553
-5.94410836,4.03185546,-5.86584877
-5.94297721,-5.75710788,4.23676982
-5.97279127,4.09050015,-5.78686095
-5.89075173,-5.99334842,4.17139675
-5.75319129,4.17684279,-5.91774091
4.32885009,-5.92458058,-5.8276271
-5.89445047,-5.82742014,4.25382189
-5.99447823,4.44351378,-5.98021837
-5.83037066,4.12907055,-5.7258473
-5.85096369,-5.83633406,4.17847332
-5.99105275,4.37976895,-5.81717112
-5.92322493,3.92955097,-5.6334115
3.92308208,-5.74075501,-5.94954038
4.2836129,-5.9045541,-5.8967413
4.10254706,-5.92080444,-5.80254829
3.92832973,-5.81235653,-5.55681253
-5.90107469,-5.83640427,4.08124947
4.04857559,-5.92130421,-5.56554123
-5.96399658,-5.77172661,4.07278248
-5.91412333,-5.95864287,4.35829667
-5.97637309,-5.44923555,3.91428439
-5.90317241,3.99542143,-5.83663178
-5.60484641,-5.9889035,4.12225031
-5.92236738,4.21012228,-5.84220755
-5.89990242,-5.7133915,4.19828225
-5.85201202,4.16969982,-5.93537982
-5.97581914,4.19647838,-5.65087737
-5.9733955,4.00673578,-5.95536548
-5.98188654,4.1758963,-5.67874503
-5.98104961,-5.80992946,4.1658357
-5.95863235,-5.69189779,4.08915034
3.93172355,-5.7034129,-5.74623351
-5.71229978,4.07986552,-5.98853229
4.18490471,-5.7924158,-5.87801818
-5.46345161,3.85529259,-5.91415913
-5.81016166,3.94332753,-5.98956835
-5.96685729,-5.86603094,4.32750588
3.92235096,-5.52933001,-5.944938
-5.723943,4.12451908,-5.93880059
4.26448039,-5.99583042,-5.68968016
-5.78135316,4.19777965,-5.98389948
-5.7717888,4.08337078,-5.95475431
4.1021787,-5.77586824,-5.76778869
-5.92805227,4.20976139,-5.72420292
4.03188271,-5.92013907,-5.8562373
4.05040254,-5.94488252,-5.76491254
-5.90836661,4.41727274,-5.92458899
4.05823189,-5.97223087,-5.59659056
4.18208483,-5.9518121,-5.99552523
-5.99762247,-5.80195985,4.37927762
-5.95647543,-5.7103839,4.12751194
-5.95815657,4.45887493,-5.9347831
-5.98275034,-5.75380129,3.98119896
-5.83172525,4.26584335,-5.96716473
-5.82253174,-5.89107747,4.27924848
4.07920292,-5.95595003,-5.812631
-5.95221931,4.13620101,-5.72568087
-5.95383988,4.35385319,-5.98318736
-5.96896469,4.26764778,-5.73463145
-5.77664552,-5.94911929,4.07960659
-5.9507847,-5.8004699,4.28781514
-5.96322067,-5.85099766,4.38998216
-5.8460267,-5.82442742,3.98450146
-5.97574748,-5.986859,4.44141842
4.27170654,-5.77551099,-5.94734087
-5.91877398,4.07838395,-5.67852299
4.14260169,-5.94933673,-5.83372344
-5.83551894,4.28979223,-5.91407706
4.21071698,-5.80884407,-5.99729916
4.26224537,-5.99619936,-5.70445722
4.29663022,-5.93336695,-5.80391078
-5.6763247,4.12645214,-5.91828947
-5.98431729,-5.60260752,4.08857175
-5.97626623,-5.61044823,4.15956443
4.47693363,-5.95145885,-5.97624537
-5.74857305,4.07170686,-5.88845003
-5.94266462,-5.6840327,4.03479679
-5.78971184,4.1611425,-5.8399705
4.25633314,-5.94426356,-5.87153491
-5.95698029,-5.88661365,4.37708291
-5.87871046,-5.96055977,4.05839061
-5.83360897,-5.80325908,4.19145649
-5.91897273,-5.89126033,3.97138337
3.85622585,-5.3410082,-5.97867314
4.18718483,-5.87625334,-5.7761723
4.36146912,-5.80336141,-5.98902088
-5.68001498,3.9527398,-5.75621021
4.01267537,-5.94210499,-5.91474468
-5.87976456,-5.96458596,3.94597406
4.17714781,-5.98897798,-5.79812745
-5.99424093,3.98071675,-5.79443015
3.92354947,-5.66030847,-5.78006058
-5.84773812,4.1817439,-5.82235795
4.46948758,-5.91090066,-5.98669235
-5.88233809,4.21251932,-5.8484388
4.26943132,-5.95961558,-5.98433826
4.22515858,-5.81912967,-5.83104581
-5.95351135,-5.70496966,4.15791603
4.22347834,-5.91486568,-5.82692455
-5.95951196,-5.94525856,4.25079645
4.20427869,-5.9684158,-5.91851016
4.23872902,-5.71670745,-5.93468568
-5.91921971,-5.92913225,4.25072444
4.23134762,-5.83873709,-5.84421481
4.38573826,-5.8476648,-5.97965569
4.08884873,-5.70797635,-5.89969664
4.11841398,-5.89593069,-5.96154297
-5.97818689,4.13455326,-5.78535259
4.34457635,-5.97626179,-5.89588312
-5.810875,4.0099642,-5.93581048
4.02734715,-5.7129567,-5.99036438
-5.83897209,-5.75732053,4.11382321
4.17466301,-5.79521773,-5.88369204
-5.94280449,-5.6749055,4.01339296
-5.99795846,-5.87510864,4.3782955
-5.83164482,4.20141702,-5.86285208
4.14713952,-5.86274525,-5.77579442
-5.99560939,4.45073333,-5.9871086
-5.91452346,4.16072989,-5.6902572
-5.99701844,4.04982276,-5.82645079
-5.98276714,4.2575913,-5.81540748
-5.94621841,-5.88382278,4.3357654
-5.47233085,3.83456751,-5.83860774
-5.98948318,4.09221665,-5.79557825
-5.94997823,4.4023012,-5.88146851
-5.8247067,4.15260274,-5.77501704
-5.82383711,4.11365986,-5.91555811
4.07757761,-5.8306951,-5.9963897
4.05464235,-5.78494096,-5.72546487
-5.83449288,4.15850784,-5.95639362
-5.99869406,-5.9486824,4.53061395
-5.88945563,4.38291944,-5.95190618
4.2583571,-5.9927213,-5.8193026
-5.74541855,3.96052644,-5.64656409
4.08992416,-5.65721243,-5.99332512
-5.87202088,4.36267323,-5.92586283
4.11585343,-5.7533641,-5.96457143
-5.98313452,-5.93821855,4.42829313
4.08966856,-5.96430326,-5.81155671
-5.83292805,-5.9766283,4.2885162
-5.75185084,4.295821,-5.96682075
-5.82710185,4.19214904,-5.9183444
-5.97596524,-5.87588536,4.15583358
4.3666832,-5.90302832,-5.98134394
4.06244661,-5.9911996,-5.59955639
-5.58196042,-5.92779431,4.01353827
-5.93202422,-5.81418192,4.03033964
-5.93574299,-5.85706175,4.2436181
4.03332911,-5.6872963,-5.99572189
4.27739746,-5.81148724,-5.89037338
-5.64136066,4.13100543,-5.95184284
-5.87086953,4.34777878,-5.91506627
-5.89136103,-5.85473167,4.11585566
-5.94917099,-5.88832195,4.15301222
4.23731305,-5.72363651,-5.93861902
-5.78354952,4.05598702,-5.89254619
-5.67342779,4.05417252,-5.9940607
-5.65885212,4.08392011,-5.8438086
-5.55427751,-5.90239384,4.04458506
-5.67665947,-5.96036292,4.00079451
-5.81086475,-5.84182103,3.95124331
4.11882207,-5.94796774,-5.95505498
-5.892562,-5.99973756,4.15702132
4.24757404,-5.8867569,-5.86749435
4.29669442,-5.98970223,-5.80395098
-5.81323436,-5.92385248,4.06287093
-5.89597743,-5.8907816,4.30167108
-5.8668615,4.17035482,-5.77935759
-5.98652408,4.42734755,-5.92746027
-5.66779469,4.02831826,-5.91823952
-5.94987323,4.01082332,-5.47301964
-5.94613901,-5.96297695,4.26230152
-5.87136262,-5.9887719,4.07898703
-5.99756083,4.28870965,-5.88082678
4.20772293,-5.92609485,-5.84324373
-5.71273213,4.04178635,-5.97471953
4.02383286,-5.88647235,-5.75030578
-5.78659187,-5.79401611,4.1022461
4.25839546,-5.99593493,-5.72339797
-5.50628589,3.98187027,-5.95614427
-5.76395083,4.1996677,-5.90535552
-5.89735705,4.19944755,-5.97151863
-5.86402006,4.00838972,-5.85593702
-5.9975492,-5.91879814,4.339008
4.4921836,-5.97084651,-5.97306076
-5.83105917,4.37839503,-5.9854513
4.18541151,-5.91570496,-5.76548499
4.34792511,-5.88759422,-5.99793044
4.17459804,-5.60703041,-5.98272794
-5.82393439,-5.9671011,4.35595636
-5.88662818,4.39895559,-5.92791161
4.07416825,-5.55767774,-5.95019458
-5.82443059,-5.92751865,4.16530759
-5.85834949,4.03602974,-5.98107812
4.03280006,-5.52960114,-5.97855079
-5.76514274,4.10282152,-5.815737
-5.82598711,-5.93500857,4.30406927
-5.97618802,-5.2975091,3.8584635
-5.85853909,3.9792725,-5.5384803
4.00460737,-5.51641764,-5.93629932
-5.72042167,4.29828351,-5.98969626
-5.8980278,4.10519325,-5.7861222
4.15986189,-5.99244279,-5.85276407
-5.61018082,4.00972265,-5.84846811
-5.793734,4.22858598,-5.85730585
-5.99280513,-5.79563942,4.20596818
-5.861752,3.81320593,-5.499058
4.05637992,-5.728729,-5.93842574
4.13676935,-5.852471,-5.87595476
4.18338459,-5.82181633,-5.88160713
4.26455825,-5.84041502,-5.84886359
4.27471932,-5.94358708,-5.77346656
-5.62550083,-5.87809291,4.01200908
-5.90637746,-5.84875008,4.1650921
-5.94822343,-5.64512651,4.16190888
3.97115322,-5.71368919,-5.99263261
-5.99031969,4.38135407,-5.97137742
-5.74832525,3.87058684,-5.93305208
-5.88784258,4.21895365,-5.94068205
-5.86392493,-5.78917035,4.01090542
-5.76823758,-5.98017147,4.26797578
-5.8750407,-5.94862288,3.92985986
-5.79173765,-5.80103694,4.10858267
-5.94698577,4.16913013,-5.87355557
4.30854118,-5.74363919,-5.98070621
-5.80919411,-5.89910803,4.04101796
-5.54181942,3.97734235,-5.89326937
-5.88316344,4.24185919,-5.78884288
4.31370354,-5.85011996,-5.9890561
-5.70768742,4.16160029,-5.90214283
-5.86013503,4.26806842,-5.93069645
4.28945376,-5.94134242,-5.86019898
-5.83052578,3.8672921,-5.73310414
-5.44576088,3.88562304,-5.93409296
-5.90899279,-5.93135956,4.31468397
4.09522687,-5.75774955,-5.86858532
-5.9431809,-5.8038756,4.22906303
-5.93514069,3.98034847,-5.89997233
4.11662297,-5.92206763,-5.78624358
4.1860176,-5.79329337,-5.9750432
-5.88406862,-5.86851444,4.18897282
-5.97260151,4.43205067,-5.8942829
4.18976298,-5.79089465,-5.92936675
-5.69356336,-5.92540949,4.03158863
-5.90176154,4.30168681,-5.91103075
-5.93077994,3.86521882,-5.79999732
-5.88232672,-5.95722351,4.2526485
-5.84917711,-5.97424335,4.36862983
3.97365874,-5.70632066,-5.68529809
4.27210385,-5.79280245,-5.91240633
-5.93482709,-5.83132538,4.04708686
4.2607723,-5.68353996,-5.99219356
3.881581,-5.97030207,-5.82603266
4.08721973,-5.95181227,-5.73770973
-5.90381093,4.03114534,-5.73406011
-5.91749101,-5.67461302,4.1633465
4.044152,-5.94312252,-5.64966661
4.29040295,-5.91743032,-5.90651874
-5.93490944,4.40940996,-5.90510584
4.15090849,-5.90342517,-5.84559842
3.88729885,-5.7185449,-5.80234159
4.07648884,-5.69914224,-5.91390295
-5.9226043,-5.83920033,4.05026175
-5.9050091,4.27947992,-5.82800329
3.96455578,-5.81930928,-5.72394927
4.10332492,-5.90615893,-5.64046696
4.36192901,-5.98860242,-5.90581861
4.30451752,-5.95232968,-5.87993416
-5.72630217,4.07541882,-5.98383839
-5.87159871,-5.76458033,4.00943672
-5.98925614,-5.83188812,4.1381659
-5.92678366,4.39024473,-5.94783107
-5.88695222,-5.82091439,4.00134136
-5.91445937,4.41122876,-5.94794281
3.86306736,-5.81225317,-5.51143161
-5.73968995,-5.99528171,4.19478789
4.1956067,-5.87881018,-5.81310647
-5.95586642,4.23799676,-5.87335645
-5.98304671,-5.92137391,4.47258781
-5.75065824,3.88010725,-5.826755
-5.82101577,-5.93936696,4.32462717
-5.64625098,-5.88507869,3.99957225
4.06167166,-5.91656403,-5.62096608
4.44399811,-5.9016417,-5.98627097
-5.94475097,4.14617789,-5.82174167
4.25936799,-5.97087675,-5.79345762
-5.76113384,-5.90554761,4.2368452
4.17057439,-5.9425101,-5.82016483
-5.87635883,4.28089928,-5.86222981
4.17115116,-5.90492533,-5.70832436
-5.85293466,4.12597567,-5.87152297
-5.87768623,3.90763751,-5.59698359
4.26629466,-5.78487385,-5.981827
-5.83450303,4.07665242,-5.79851837
4.3731177,-5.96798684,-5.87699281
-5.96729435,4.35286593,-5.86290684
-5.9060639,-5.96340332,4.29996188
4.45396135,-5.8722264,-5.99413086
4.3470378,-5.88293103,-5.98061717
4.03793605,-5.80598351,-5.7574089
-5.77926888,-5.99475948,4.3545805
-5.96804915,-5.79134806,4.34659628
-5.95499276,-5.99455449,4.34324637
-5.91745936,-5.89355787,4.10456051
-5.81705448,4.17978207,-5.82388326
-5.89174891,4.38772455,-5.97217619
4.34398514,-5.87760126,-5.91782038
4.25757008,-5.96302516,-5.86147768
4.17654841,-5.67632313,-5.97327303
4.16547777,-5.87881614,-5.7046767
-5.95240035,4.21803961,-5.95977904
-5.95010416,-5.70467003,4.02958948
-5.94641618,4.4243161,-5.92073898
3.89554099,-5.91582861,-5.99691042
4.18497731,-5.73242713,-5.87889906
-5.61654233,-5.91023885,4.09167771
4.25296154,-5.71094719,-5.98173933
-5.98754748,4.1255807,-5.56610953
-5.99771411,4.29145258,-5.7108573
-5.92674495,3.90981279,-5.60906955
4.07538572,-5.633844,-5.91167464
-5.9918801,-5.95956977,4.2161691
-5.85807622,-5.98457889,4.0174938
-5.95522906,-5.73217039,4.01364174
4.01963675,-5.81364026,-5.85004943
-5.94082371,-5.93751142,4.37027094
4.0353983,-5.74543562,-5.96052975
-5.69309889,-5.8963714,4.1751587
4.25885431,-5.98429622,-5.91793972
4.00271782,-5.65386914,-5.911845
-5.71255818,-5.98001781,3.86491399
-5.93280436,-5.86224976,4.27891157
-5.47232474,3.93976199,-5.89892554
4.11060133,-5.93529304,-5.70157382
3.93411339,-5.81152218,-5.90966059
4.1945335,-5.93979546,-5.81911285
-5.99882981,4.24360069,-5.72336393
-5.34665839,-5.95102793,3.87301921
4.37065983,-5.94341633,-5.8558478
4.41302236,-5.97351978,-5.94517874
4.06229726,-5.86335926,-5.70611428
-5.96029805,-5.82649751,4.21553626
-5.8139131,-5.9426114,4.1663412
3.91672245,-5.6188155,-5.74332563
-5.87761673,4.07484156,-5.61158287
-5.90542298,3.96576733,-5.57845972
-5.9183425,-5.96152392,4.1741451
4.24552261,-5.93046046,-5.73588158
4.23649567,-5.94706923,-5.92412202
-5.9634313,4.40861075,-5.94112793
4.0268004,-5.97751174,-5.92995535
4.34849265,-5.99646318,-5.95500376
-5.87095097,4.36715506,-5.94060001
4.36655409,-5.97525905,-5.84265829
4.45336276,-5.95499697,-5.9669458
4.27639861,-5.864369,-5.86101914
-5.91177973,-5.80067896,4.21095709
-5.92979645,4.0945608,-5.67395508
-5.70889465,-5.88409301,4.13522716
-5.97610257,4.20893011,-5.96265205
-5.7017478,4.05442985,-5.90218296
-5.94006033,-5.73578371,4.03229213
-5.88641102,4.14055091,-5.73904218
4.19650445,-5.70141514,-5.91179422
-5.97290573,4.1536093,-5.84050714
4.21900741,-5.80384105,-5.99639429
-5.98707398,4.29040403,-5.92091695
-5.94622594,4.1150195,-5.74122391
4.21977916,-5.76762068,-5.96053022
-5.53226128,4.10072905,-5.98393197
-5.88158898,-5.89909939,4.33657181
4.42362473,-5.95426641,-5.9121671
-5.90071327,4.39752725,-5.93160685
4.04715399,-5.80613591,-5.80115368
-5.89973692,4.01452485,-5.9648481
-5.88954305,-5.71972606,4.16087333
-5.93992005,-5.89748225,4.00912237
-5.64487402,-5.90662707,4.11462933
-5.89596508,-5.8307393,4.1970686
-5.98633814,-5.97215045,4.52937936
-5.9917741,4.01416941,-5.62218497
4.32290893,-5.99972166,-5.88712189
-5.98528212,4.16107002,-5.89875094
-5.33466648,-5.95754931,3.82835815
-5.96551158,-5.83390397,4.2990736
-5.88172165,4.19705702,-5.9520303
-5.96536611,-5.9985402,4.1845308
-5.74559294,-5.76501707,4.09706789
-5.71564173,4.15257163,-5.8635652
-5.84450868,-5.77535107,4.1908185
-5.92748863,-5.97672965,4.39732542
-5.79708951,-5.63306955,3.89913629
4.2000623,-5.9818414,-5.94507769
-5.97672869,-5.9573527,4.43136619
-5.90526535,4.30665401,-5.95318419
4.04923166,-5.80208449,-5.70444731
-5.7187727,4.20417546,-5.93167064
-5.98795145,4.18758884,-5.93382731
-5.92958118,-5.59245059,4.04649841
4.02508135,-5.94125823,-5.60238006
-5.85909447,4.07267797,-5.84271167
-5.84911421,4.10161584,-5.86442881
-5.95828728,4.49148171,-5.957016
-5.95137968,4.17081718,-5.82614712
-5.90325299,4.02214712,-5.8949746
-5.96468406,-5.95159953,4.40892789
4.27898419,-5.87671803,-5.97182346
-5.99868584,-5.78155601,4.25010356
-5.58442204,-5.85714123,3.81215922
-5.48028912,-5.99564834,3.93533898
-5.88705061,4.38673772,-5.99429266
4.2971746,-5.8417606,-5.93988991
-5.97485168,4.00570812,-5.8383232
-5.86111672,4.23124212,-5.82972128
-5.7376584,4.07700872,-5.75103539
-5.90747602,-5.87064902,4.29257453
3.87731911,-5.91812641,-5.814951
-5.86662288,-5.88681438,4.33347156
-5.83558255,-5.75453761,4.12468296
-5.89886299,4.35362725,-5.87384805
4.25321379,-5.7811982,-5.96374418
4.03492154,-5.94089892,-5.92218433
4.12756602,-5.95272676,-5.89825459
-5.83357567,-5.9882222,4.23887115
-5.89175784,-5.94010213,4.08536126
3.95847452,-5.89445681,-5.92535774
-5.89153819,-5.93954608,4.40725333
-5.96465466,4.18296905,-5.65837019
-5.76335662,-5.9690986,4.12801678
3.94671719,-5.59155806,-5.87475717
-5.94444371,4.48188179,-5.99080866
-5.98817874,-5.94110553,4.41958965
-5.44805694,-5.962108,3.81888568
4.22889036,-5.83313776,-5.89017571
-5.93025959,4.20324666,-5.84442393
3.94071471,-5.83528802,-5.98225557
4.05848979,-5.90039555,-5.68566995
4.13589724,-5.6786971,-5.99013574
-5.71539462,4.05007985,-5.97541049
4.2894674,-5.89739997,-5.99718388
-5.95435277,4.16968235,-5.65131163
-5.95283214,3.85080484,-5.46536732
4.27439399,-5.91598884,-5.77709495
-5.85713654,-5.7008194,4.14214067
-5.9762762,4.25547927,-5.82132344
4.13951697,-5.9231258,-5.65576385
-5.95729423,-5.69139568,4.09508315
-5.72160496,-5.85805938,4.124884
3.97501029,-5.48884714,-5.94190028
-5.91320274,-5.9013441,4.34193646
-5.68409971,-5.96729845,4.03458293
-5.74061971,-5.96800929,4.15055235
-5.96721221,-5.98970415,4.43258911
4.03575817,-5.72668015,-5.99341836
-5.99178808,4.47055573,-5.96640823
4.27430009,-5.69406349,-5.99918898
4.45549471,-5.93088137,-5.95642681
-5.99507606,-5.84141927,4.08537602
4.23303868,-5.79153959,-5.95453181
4.28143842,-5.97689605,-5.90828887
-5.58785776,4.15198011,-5.98080156
-5.96967949,4.21166991,-5.97329786
-5.58941502,4.04555622,-5.95522881
-5.83079056,3.97711988,-5.83477249
-5.91532249,4.33710702,-5.88679479
-5.9282618,-5.92336678,4.30359698
-5.98723736,-5.85353692,4.38676081
-5.97861761,4.41025492,-5.93978911
-5.92629587,4.20124143,-5.72550674
-5.872068,-5.90413488,4.27558389
-5.96926758,4.15352762,-5.99353369
4.06310357,-5.94423207,-5.84724141
-5.81839832,4.2153714,-5.8695171
4.44816555,-5.96771964,-5.95635499
-5.87630576,-5.6625147,3.98498109
4.00164026,-5.71654667,-5.73715967
-5.7615876,4.28264901,-5.9779509
-5.67148041,4.0308267,-5.80686416
-5.76840934,4.29961774,-5.99314395
-5.82256544,-5.917146,4.19470217
-5.85555568,-5.99812586,4.28653083
-5.97130665,-5.93844225,4.19280592
-5.65186672,4.04240054,-5.95911384
-5.76638805,-5.87217162,4.17191098
-5.95301387,-5.93708851,4.28435233
4.25910148,-5.96845802,-5.97538014
-5.82052804,4.07228688,-5.73329208
-5.9864536,-5.97113078,4.43748835
-5.96134102,-5.78072315,4.31681363
-5.83086895,-5.89838142,4.26112736
4.23875735,-5.8366388,-5.97598006
4.44650079,-5.96707425,-5.89376268
4.14192907,-5.87228939,-5.97589298
-5.98889886,-5.79909182,4.37616047
-5.77534985,-5.99914371,4.35016142
-5.91087744,-5.67376112,3.99449988
-5.98667009,-5.83820332,4.34760383
-5.73550758,-5.86929876,4.13490048
-5.72592658,4.16074708,-5.88203716
-5.74550883,3.96605624,-5.97206426
-5.89207383,-5.7991783,4.20393497
-5.79698733,-5.84650484,4.09295327
-5.8478136,-5.99505726,4.35488662
-5.76424646,-5.91810248,3.89990409
-5.93166807,-5.92118907,4.12811297
-5.7888495,4.1938387,-5.94032011
-5.97025952,4.17204678,-5.68444436
4.09989766,-5.97418202,-5.76455375
-5.85744359,-5.77190797,4.023882
-5.77979472,4.06692893,-5.92319361
-5.77040866,-5.70189226,3.93023445
-5.75018535,4.00784496,-5.89940161
-5.79730811,4.2529231,-5.92866167
-5.99578466,-5.75978947,4.29702285
4.20180781,-5.93620784,-5.83858273
-5.96838534,3.93824514,-5.92794202
4.13732102,-5.67877018,-5.94272184
-5.85624477,4.25936571,-5.95764616
-5.96958217,4.01816851,-5.82156727
4.15408434,-5.96469507,-5.8412481
-5.91692811,-5.9458066,4.27925065
-5.99381402,-5.95427568,4.47940345
-5.91325072,4.42015468,-5.95125342
-5.9287712,-5.75612085,4.15398787
-5.95383844,4.06251022,-5.88931744
3.94940727,-5.76630342,-5.78741776
4.36632552,-5.9354659,-5.91576778
4.14594899,-5.7601509,-5.96295471
-5.90557761,4.15461568,-5.99685247
-5.98531741,4.27171044,-5.80126391
-5.9980299,4.30465069,-5.84708354
-5.86550761,4.09473182,-5.71392106
-5.86522192,4.34363671,-5.89781227
-5.86649414,-5.84701715,4.15614371
-5.9903128,4.01373499,-5.69101933
3.92498168,-5.7131915,-5.71059428
3.82347501,-5.74213293,-5.85385832
-5.93647509,4.09823658,-5.58640182
4.01733871,-5.61866217,-5.94398789
-5.84479369,4.194247,-5.92303819
-5.78447757,4.17011316,-5.89833775
-5.89790112,4.19926117,-5.97790179
4.02606602,-5.68235233,-5.89853461
-5.56432882,-5.92789428,4.04095107
-5.83225716,3.92789559,-5.58829207
-5.85298157,-5.74137919,4.12266277
-5.95900004,-5.83203282,3.78704145
4.21599272,-5.93658177,-5.98773955
-5.76182795,4.19017444,-5.90260296
4.26840278,-5.92820252,-5.83404782
4.13354528,-5.77765858,-5.85820905
-5.95072527,4.28782301,-5.9926684
-5.98863808,4.28617087,-5.72747281
-5.95761272,-5.89904756,4.30555112
-5.99531979,-5.67700455,4.07244273
-5.92228858,3.96266099,-5.89878688
