0.010732,-0.4846527,1.38486353,-5.0034932,3.41000859,-5.10476279
-2.22061511,-2.37546191,0.45481216,5.74459774,-3.2400837,-4.40903343
1.50600354,0.55689104,-0.48457383,-5.1328183,5.76130554,-2.94473225
-1.29326165,1.36314274,-1.23878159,-4.1977872,-5.81141526,5.0903038
3.7349813,0.51975462,0.95063685,5.28610194,-4.52314239,-4.8638097
-0.9007891,2.4446206,-0.4935274,4.97311137,-5.62601296,-4.68721219
1.24801352,-0.76455614,0.58037643,-5.15918169,-5.04942618,4.95129299
-1.41412782,2.19736896,0.05966423,5.28374722,-5.65088482,-5.97823078
0.04603757,1.02726907,-0.19083036,-3.68340147,-5.3624524,5.09565848
1.90092303,0.72197916,-0.12836322,-5.09060412,-5.28517077,5.88783101
1.70220497,-1.82475358,-2.66385666,-5.79121072,5.08934386,-2.9899838
-3.60345876,-2.31832559,1.36767235,-5.7773843,4.95528822,-5.10182823
0.56864672,0.29869003,0.12575207,-4.14488906,4.64307695,-5.06285976
-0.05358202,-0.60885018,-2.4844867,-4.3335719,-4.69043861,4.80198226
1.12470003,-3.17222478,-1.48761261,-5.21634538,-5.08518736,5.49281196
-0.57416485,-0.39970249,0.51908044,5.281286,-3.46631424,-3.57154813
0.51504213,0.19110328,0.93467672,3.60308772,-4.92264666,-5.28745382
-0.10337134,1.85374809,-0.43442686,5.10370043,-5.2674207,-3.48651218
-0.51881652,-2.47703756,1.80948803,3.92179849,-2.78327394,-4.80103368
-1.18470651,2.07258292,-5.06451477,5.88804531,-5.74280355,-4.61984431
0.48571865,0.10806911,0.17181758,5.32260018,-5.13119605,-4.82188934
-2.41678278,1.75336591,-1.40299546,-3.60980328,-5.57435056,4.10427019
1.28759996,4.08107889,2.13759836,-4.8528049,3.10142316,-4.88890338
2.08248075,1.34654641,0.63613611,-5.93556784,-5.54771174,3.95516514
1.09551681,2.07451314,0.13693464,2.70768704,-5.89587859,-4.41298473
-1.14213168,0.63108145,-1.69715744,5.62572468,-4.99774888,-5.34875265
0.03320557,5.18124432,1.83613632,-5.91933088,2.20530227,-4.23231954
0.85006104,0.01852497,0.70362427,-5.53322375,-5.35206477,3.89642313
-0.08801641,2.74486804,-2.7063704,4.86142895,-5.50433765,-3.42519442
-3.09774194,-1.23083492,1.20839933,-5.07052233,5.5993431,-4.49535642
1.297495,0.49361207,2.02539675,-5.50623518,-4.12828485,3.40793398
1.44261239,0.43614515,0.6800665,5.97014557,-3.97491085,-4.6458422
1.56589677,1.65415232,-0.19829422,-5.78771808,5.30538822,-3.85613445
-3.03439989,-3.03182657,1.417728,-2.68333791,5.42790363,-5.60406266
-1.44547181,-5.50265165,1.60439501,4.91194702,-4.58131049,-4.66004205
-2.63741141,0.36706094,0.30234467,5.13226287,-5.6203764,-4.98089872
0.1694849,-0.47563622,0.78467387,5.2924958,-4.78819435,-4.37134367
-1.73045981,0.98314081,1.18685872,5.6108566,-5.02639473,-4.60591801
-2.21277916,1.20873181,-2.29124021,-3.60625808,-5.7052858,4.46965347
5.06796304,2.24899912,0.86928883,3.03200353,-5.34075818,-5.78628286
1.43549525,0.31844775,2.76182878,-4.48501094,-3.66222479,3.0048638
0.8381774,-2.07267854,-1.60993872,-5.63597324,4.27880769,-4.20905038
4.60151669,0.11979163,1.87496381,3.30227501,-3.75606783,-4.96943915
-0.53141736,-3.33978231,2.32236624,4.88835227,-4.94428775,-4.96845002
-0.060087,0.30445347,1.28356193,-4.02576349,3.76435786,-5.88566895
1.27264381,1.49010095,3.00282532,-5.25743195,-5.08657536,5.55181747
-1.40012877,2.29666043,-2.66262435,4.36230736,-5.92767265,-4.83613503
0.55447203,0.62139989,0.17872675,4.20605927,-5.42772374,-5.07707344
-1.36662891,1.46625277,-1.07631637,-3.06892689,-5.00734507,4.57433895
0.13481427,-0.67372821,1.70881433,-4.15640152,5.53937728,-4.8672755
0.35371758,1.0064898,1.48206181,5.59587382,-5.42852656,-4.46330223
-0.85669601,-4.35492089,1.49311736,4.38439045,-3.11014036,-4.21355478
1.02756923,0.37895656,0.00865665,-4.79260544,5.83740789,-3.20528635
-0.9899111,-3.14039238,1.69634892,5.31022589,-5.69825772,-4.21245321
-0.61330737,0.68417447,-3.01670166,-3.73230434,-5.75155289,5.6795882
-2.47128063,1.13200487,-2.06452157,-5.7139516,-5.91499458,4.04479932
1.69469429,1.27892007,0.54807124,3.19198032,-4.39036592,-5.69319043
1.5953546,1.44626497,0.05630365,-4.99022521,3.28927174,-4.29390845
0.91869786,0.60677876,2.27480681,-3.88724754,-4.88118816,3.42373335
1.93605634,1.74705675,0.863266,-4.88779874,5.04948262,-5.92418941
-2.57090462,-0.28839374,0.55972425,5.52182504,-4.23834088,-5.40974539
2.26818672,-0.94231246,1.00477372,-5.95318758,-4.52132244,3.42051171
1.3881905,-1.23167166,0.932541,-5.17155194,4.64197872,-4.91264922
1.13242362,-3.51088434,-1.2886493,-5.52434168,-3.48378421,5.42570293
0.64257809,-0.87801694,0.14000457,-5.75199875,5.52436694,-3.13723983
-3.61116643,-0.77002886,1.65472801,-5.53073361,4.94727084,-5.19996575
1.23564923,-3.91668504,-3.80651923,-5.72611074,-4.26545934,5.83406287
-4.16975441,2.61932012,-1.84052361,-5.4873902,-5.90706462,5.88065918
3.73704327,2.57758819,1.02459302,3.39067804,-5.58620193,-4.92170211
-1.26738726,0.49153111,-2.20167946,-5.30871408,-5.18419524,5.36422683
3.45417805,-0.33872641,2.1139933,5.9589819,-5.88494334,-5.58133636
-1.54595549,1.31528612,-5.05121701,5.26045739,-4.36752978,-4.96824686
3.2150914,-0.64254101,2.36578643,-5.80500406,-5.55810424,2.92358733
-0.41951425,-0.29746906,1.95644794,4.46926597,-3.24929978,-5.90780266
0.73387004,-0.15195643,-2.32570203,-5.1942633,-5.10333883,4.73381253
-3.62728462,-1.31844396,2.73794007,-3.06088175,5.5210868,-5.58245465
-0.36772141,2.97384216,3.25145919,-2.53785124,-5.9567188,4.34064863
-1.94249682,-2.68265712,1.26888759,5.08945689,-4.0405266,-5.98951889
-1.871303,1.20400266,-0.61348006,-3.48869402,-5.79881243,3.74844304
2.38199497,1.63567397,0.16829491,-4.82332019,2.92817821,-4.55541094
2.25137213,1.44978161,0.08456447,-4.95474531,-4.76884694,5.74166489
1.10481306,0.94264628,1.49614219,5.59164865,-5.15486174,-5.17768766
-0.68095482,-0.60878987,1.7145721,5.95282128,-4.48889952,-5.03698444
1.07461428,0.43727124,0.93386078,-4.67131243,5.69081016,-5.56412615
1.15282436,0.79710287,0.04733403,5.94475083,-4.92049671,-5.99568183
1.39656464,1.68921793,-0.261559,3.71833346,-4.83855173,-3.09138526
-0.71569572,2.45777054,-0.21267594,-4.80069958,-5.50481708,4.94769851
1.24322533,2.49250381,2.21296825,-5.1838498,5.40926424,-5.94278693
-2.67301596,-4.59764346,2.50338002,5.77715261,-3.21069021,-5.48065715
0.8891421,0.86336633,-0.97439209,-4.19228176,-5.67774826,4.67011013
-0.09991046,-0.02366646,-0.41392985,-5.81867689,-4.35788423,5.83556752
-1.94059969,3.00079668,-0.81750037,-4.6816669,-5.34483954,5.34105204
0.75650198,1.37374772,-0.93947787,-3.97712014,-4.85586615,5.21672581
-1.22519234,1.74824687,-5.65579631,5.51293545,-5.64207478,-4.32384487
2.41733333,1.83303884,1.29746062,4.19934226,-4.97964617,-5.21476339
2.32223151,2.75018427,1.68527442,-5.54044321,2.54402674,-5.14388067
-0.91604142,-2.11786356,0.39532988,-4.85732746,5.79659411,-5.78593928
0.39581339,3.42699597,1.42770753,-4.73080214,3.54582505,-5.74560134
1.61168046,0.36574552,-0.38322497,-5.80846811,-5.36830309,5.68684959
0.4945892,0.20085217,1.93923764,-5.90536197,5.31691959,-5.76849762
-1.08706168,0.40992007,-0.99393693,-3.81499918,-3.33467733,5.90277914
1.22106571,4.19834775,1.48176377,-5.07040117,5.15931268,-5.67102174
1.66053519,-1.97427883,-3.33799563,-5.52128163,4.33793656,-5.07800212
1.04024006,1.48997758,0.24535418,-4.87246023,4.73477765,-3.24597165
1.43527627,0.77330831,0.94347217,-5.06550071,5.73729142,-5.51710773
0.40433325,0.29159639,1.22161227,4.07295418,-5.92770353,-4.30163776
-0.2145586,5.54253299,2.52838522,-4.49075667,4.88472269,-5.30884888
5.73473287,1.14484403,1.21968017,3.55928096,-5.41649068,-4.91618086
-1.07713008,0.76549386,-1.34640653,5.91739958,-4.80365531,-3.77112721
-0.14229985,-0.53342932,0.8399644,-4.50220413,5.07450802,-4.51531485
-0.47543272,-0.83738516,0.54614794,5.87077633,-4.26921066,-4.88753599
1.88671814,-2.2690126,-2.71675494,-5.95303474,5.19674839,-3.8811607
0.20144284,-1.69612643,-0.73403841,-3.90524337,5.52112365,-4.03163657
0.90641247,0.46638968,2.22334491,5.44113222,-4.28319882,-5.95619037
5.4814259,1.81418548,1.4931306,5.16894678,-5.79471437,-5.99571186
-3.22434533,0.97151405,-3.01619866,5.39115303,-5.76422849,-5.7997695
1.42894429,1.88830259,1.78814382,-5.51600841,-5.67270802,5.94293263
-2.47140733,-1.4496356,0.06989828,5.96750489,-5.03245357,-4.52447344
-1.44858337,2.29778274,0.7003441,5.61029502,-5.50881104,-3.90835844
-0.04897123,1.16596192,1.78185715,-4.27697157,4.47089558,-5.51396577
0.12849031,2.06870213,2.90515755,-5.7991886,-5.2957467,3.7214772
1.83811294,-4.99883727,-1.37337901,-5.69739376,-4.68017716,4.35955864
0.51747579,-2.05562601,-0.02272453,-5.12649091,5.45811891,-4.71614938
2.92236767,0.12393957,1.76036154,4.31322936,-4.44180738,-4.79195046
-0.09544269,0.34889207,1.03175918,5.60454899,-5.90760876,-5.63485383
-0.65824258,0.73851119,-0.6149692,4.60637337,-5.98814215,-2.92740589
5.39901865,1.43969467,0.90844715,5.45264731,-5.72288225,-5.76034313
4.75174335,0.53312981,2.11800448,5.56921457,-4.60476506,-4.94188801
-0.58718452,0.74436014,2.48267692,-4.95483318,3.56433696,-5.7105191
1.00672371,-2.21929177,-4.75022366,-3.40738011,5.37528619,-4.68056953
0.40879667,1.34734416,5.00622295,-5.485091,-5.75400685,2.6309659
1.02359083,-1.26892554,-2.41451906,-5.82624478,-2.94823393,5.30109916
0.04871842,0.65754774,1.12510211,-5.65112686,-5.71776578,4.5133661
2.26086108,1.35386551,0.01207756,4.67518462,-5.91857894,-3.82075646
-1.6319228,-2.78417116,0.99773858,-4.88616006,5.77495697,-4.2461316
2.86536773,0.29949262,-1.57521088,-5.13986011,5.60159511,-4.21263748
1.65407309,-2.15006164,-2.45934739,-5.83659932,5.00973865,-5.14450203
-0.44599125,-0.19803991,0.32526752,5.88930937,-5.77750792,-5.30014914
1.28978122,-0.67415902,-0.4052872,-4.00321485,-4.14297327,5.58153784
2.78672205,-4.70999013,-1.73952695,-5.91772334,-4.4666513,4.51173166
5.88031863,0.34439336,3.12460037,4.4048031,-5.65607944,-5.75908458
-0.86648209,-0.93094539,1.47329437,-4.87803981,5.28343357,-4.69532646
1.51040312,0.91579095,3.37621365,-5.21684832,-5.69700597,2.00091155
-0.55756133,2.23489523,-0.09323135,4.42710369,-5.67213812,-4.19032285
0.40415559,1.02315477,-0.21718679,-5.64140776,-5.63851465,4.65136309
3.66841391,0.62102139,0.56731275,3.89067917,-4.86983522,-5.00236834
0.77710931,1.74313061,2.14736095,-5.9739191,4.0665665,-4.13526548
-1.52134008,-5.2743571,1.26396902,4.8702376,-3.92684852,-4.73747814
0.05093668,3.01088663,2.25624162,-3.04195544,3.49784196,-5.68722674
-3.03500968,0.08823616,-0.94275746,5.46643446,-4.17856374,-5.47862824
3.9916683,1.53378108,1.00594011,3.71135066,-5.44091593,-5.40700017
0.37807502,1.63592452,3.44923668,-4.63654834,-5.856683,4.57384976
-2.2956919,-1.25968287,2.54018952,-4.72483833,5.07304995,-5.78423504
3.38692174,1.53471737,1.63246511,5.68158987,-5.32277934,-4.99582484
1.53389967,1.12581177,5.24375134,-4.75108582,-5.16530562,5.43059357
0.79985154,-0.59985855,-0.46251819,-5.81849464,4.61234419,-4.78939172
-1.29029442,1.03123203,-0.7757835,4.98380727,-5.56468481,-4.17115029
1.2034155,-0.84105263,-2.00153127,-4.81867631,-5.29321802,5.13100941
-2.57666564,1.48252356,-2.7353616,-5.41201788,-4.82554261,5.99223841
2.37116281,1.01041607,-0.03954186,-5.67176232,5.58512934,-5.05538527
-1.31916389,0.57420539,-0.32003148,5.01122348,-4.98600882,-5.0935869
1.5309778,1.38817196,-0.14639006,-5.7793305,3.03071574,-3.43717138
1.36540127,3.08957973,0.3858769,-3.98184275,5.22243415,-5.68156498
0.53578957,1.42214033,4.04739397,-5.10045459,-4.82353976,3.94715651
-0.69507647,-0.64249209,1.33011643,-3.53793258,3.80456318,-5.44164488
0.65594712,-1.51310043,0.16415231,-4.91156591,4.14055945,-4.48103901
-0.43045165,2.50588152,-2.0498614,-4.53542287,-5.93441936,5.14381426
-0.20079246,-1.70746489,1.65896458,5.78375838,-4.20070116,-5.21450391
-0.08813836,1.30093407,-0.77963827,5.6267299,-5.7677533,-2.84039477
2.65778905,0.99748287,0.77892809,4.37524957,-5.11839929,-5.31634246
0.29850653,1.04623348,-0.47920206,4.24795733,-5.9332434,-3.66392131
2.70610059,4.77069798,0.26164363,-5.60814829,5.24836281,-5.76881992
1.34904346,-1.01757583,-1.40098835,-5.06133733,-3.71532682,5.53624473
2.07304356,-4.30740191,-0.69455487,-5.38593505,-5.15547464,5.37894052
1.96868037,1.04143532,1.02804655,5.33792985,-4.96154749,-5.98106388
-4.84011637,2.53251219,-3.16362563,-3.37205154,-5.86645036,5.56118511
0.15731295,2.179397,3.14562522,-4.05942899,-5.33211067,5.04835007
1.47822988,1.71792394,1.09239819,-5.82022495,-5.21210142,2.23412185
-1.71486891,1.87611256,-0.66945114,-5.53522167,-4.26288092,4.39580103
-0.01172572,-1.44223674,-0.94546598,-4.18714578,5.70163116,-3.68866782
1.62406337,0.61197798,5.58409299,-5.19156816,-3.96116225,4.52927462
2.07343996,4.03601657,0.4804778,-5.32779267,5.01326797,-5.61547715
0.94266439,-0.09233428,0.11038798,-4.55271023,5.64461885,-5.19435362
-0.5936527,-1.50170515,1.99550655,5.96216612,-4.77634328,-4.9820556
1.31693397,5.85179594,1.61119333,-4.61328413,5.67568569,-5.86806522
2.24796224,-2.74932648,-0.2589288,-5.38512105,-3.56673227,3.52399513
-1.25544486,-1.37596661,2.50145118,5.6276695,-2.53415958,-5.10755108
-2.05960788,-0.10800698,-0.39797012,5.98443524,-5.27582409,-4.24117088
2.04568366,1.89905203,0.05129591,5.67176991,-5.71667375,-5.13842082
2.39631861,2.54765187,1.28457178,5.25820911,-4.71747498,-5.4867102
-1.58681861,0.8401412,-1.84211493,4.40114712,-5.6612491,-5.22264435
0.49653912,0.11120168,0.9813816,4.56166317,-5.98419771,-4.71698832
1.3443291,-2.69607295,-0.85826383,-4.91576961,-5.59285674,5.63482705
0.12712123,-1.3003991,2.56735157,3.09366674,-3.92981663,-5.78060395
-5.81899905,-2.99767494,0.93332949,-3.92285669,5.16657483,-4.54551246
1.65939332,0.61631045,0.65917481,4.49943462,-4.45944163,-3.6078624
-0.29513089,2.19856001,-0.07235148,-4.35316744,-5.98064503,3.46175274
0.59092228,3.92910619,2.11460821,-4.28030421,3.32342374,-5.35747456
1.351439,1.28422903,-0.2153286,-4.08209047,5.05320968,-4.06748578
-1.60536026,0.27338788,2.00387024,-5.37732562,5.87785331,-5.86576697
0.72655338,1.0583188,3.68489303,-3.49065646,-5.17995537,3.85351766
1.18849643,-0.94948071,-0.62174772,-5.83566093,4.67853101,-4.11801605
-1.06370724,-0.06579885,0.61019518,5.91003266,-4.63307678,-3.74181037
-0.29040184,0.65499395,0.42959983,-5.57454608,-5.63657782,3.29597538
2.13397707,-3.17705284,-1.75451138,-5.17019804,-4.93173825,5.93847457
-1.67003694,1.05448942,-1.39386978,4.75876222,-4.41139215,-4.54842291
1.21436149,3.39885068,0.33320448,-5.88941118,5.44811583,-3.38593745
2.93024486,0.88936729,2.57591965,4.30880407,-4.31190677,-5.36619028
0.83266448,1.10128952,1.02156777,-5.40067593,5.00290406,-5.81046111
-1.96467228,1.47281422,-5.14335013,5.09005968,-5.95146592,-5.20701283
1.76959569,1.49352076,5.25124975,-4.34127816,-5.33607714,3.83586049
-0.31479612,2.57009832,2.17944485,-5.90252659,4.82162803,-5.0530962
-0.16358002,0.98761664,-0.55398771,3.51852201,-5.4388557,-4.67211512
0.03176229,1.55603471,2.22894734,-4.7236528,5.99596339,-5.0024901
1.28192817,0.42144667,0.48029274,2.38897324,-5.76742029,-5.78240366
-0.5563559,1.21088556,-1.37054513,-4.79513509,-5.16406706,4.62904087
1.11547449,0.52307852,0.34444009,-3.87535229,5.35320476,-5.74494142
1.18028027,0.88403434,0.40778532,-4.86518606,5.1633922,-5.27542225
2.02078005,2.44233637,1.55180128,-4.3310234,3.73495366,-5.765524
0.42472288,0.93504231,-0.21008549,-5.72209074,-5.9640144,3.84746401
0.27655583,1.86342117,0.09426556,3.33991364,-5.48116367,-2.84541857
1.5783241,-0.88281169,1.49872166,-5.75976262,4.29795427,-5.57068911
2.63721125,-0.3898541,2.74651956,-5.69023217,-5.33192679,2.81091401
-1.30928167,-1.13132388,1.10835002,5.36595207,-4.41186406,-5.46831761
0.89272713,-1.33335071,-0.90083183,-4.03402155,-5.74135503,5.57559425
2.73088083,1.5781001,-0.01803493,4.29598368,-4.73588558,-5.0081332
-5.59852809,2.42589454,-0.49078958,-2.50264563,-5.63961663,4.91590613
0.25082838,3.65449241,1.04752628,-4.8579911,5.22667789,-5.46279179
-5.43743544,-1.67241057,1.30215908,-4.57032231,5.9711219,-4.56206548
2.13804094,2.41889187,0.57686257,2.05982917,-4.87280547,-4.66163428
1.65478926,-5.38178249,-1.51153357,-5.7378063,-3.81123406,4.86045663
1.58150351,-0.74293659,-0.19702836,-5.09450911,-3.54500947,3.8720862
-4.31874011,1.20487642,-1.58372255,-2.78860344,-3.7451719,5.02387299
1.99111311,0.13982305,1.16062554,2.71594589,-4.85805422,-4.54804206
2.07482698,-0.0940837,-1.78579597,-4.83672071,4.78373341,-3.64223369
-0.17673684,4.23551877,2.37745551,-4.56790998,4.87438742,-5.69915075
0.39715134,0.48143297,-0.03651228,-5.25789292,4.50990132,-4.20565269
1.1691752,2.41159,4.71784799,-5.25490366,-5.6246132,3.17114786
1.60390026,3.2706358,-0.78063252,4.90229156,-5.65000626,-5.84628
-0.06008974,1.29537776,-1.05884188,-3.48630264,-5.18480703,4.68329964
0.45131936,0.44648404,1.43905288,-4.84886355,-5.00076107,5.61167738
-1.24124826,0.96122892,-2.35052146,5.23764791,-5.31794748,-4.82686167
2.38414942,-0.64174458,-4.45680684,-5.1667041,5.16272434,-4.54594677
-2.32761387,0.58317525,-1.92596134,-4.82016693,-4.40041628,5.09967174
0.49572077,2.16532971,1.68695633,-4.29200171,-4.96427391,5.80751062
-2.59000383,-1.70052177,1.72971575,-2.97928123,5.00289026,-5.14325563
1.42312439,0.37128522,0.57243177,3.19425544,-4.55927176,-5.74814459
0.59041625,2.49619188,-1.44202847,4.45499453,-5.99330593,-4.42796531
-0.45352886,1.73973466,1.81685255,-5.29800953,5.10979222,-4.94395645
1.1029631,1.05776642,2.40632592,-5.51089743,-5.59529549,2.72565021
-0.04651162,4.50274961,1.60864604,-5.32116691,5.49203263,-4.76858023
-2.20036885,0.03930552,-0.15855872,4.60564946,-5.84270917,-5.81282571
-2.89193054,2.75025564,-0.28256559,-3.13553899,-5.70042423,3.20316988
-0.46785147,-1.3363636,0.88865969,-5.52234711,4.64512638,-5.95742231
1.89257553,-1.9007005,-4.26333985,-5.41321475,4.98590557,-5.16159621
1.63057892,0.53055438,-0.39696512,-4.71211677,-5.6326676,4.25111489
-3.16584672,2.25722519,-0.51742089,-4.18439767,-5.43077155,5.92134325
0.76455749,0.08062073,0.91429396,-5.2871558,-3.90749788,5.41373607
0.13838707,2.38866207,2.57223337,4.12112172,-5.12957361,-5.93090239
-0.93662561,-0.49993969,2.47807641,-5.93744878,5.92319931,-5.88473958
0.11130561,2.90223739,-0.70960287,4.83351458,-5.35681977,-4.27041654
0.01866038,-0.94758827,0.64822814,-3.36256018,4.32815425,-5.16343202
0.07610606,-0.4486449,0.37075786,-4.04245586,5.69066636,-4.67882042
0.81345615,2.05995728,1.13219443,-5.6303088,5.52545886,-4.48822862
0.442554,5.20768608,1.10620102,-5.35160528,4.66894154,-5.52127569
-1.95521799,1.51354494,-1.73087671,4.63585351,-5.40249311,-4.09436221
0.57290078,-1.58287724,0.08549038,-4.06106559,5.33263125,-4.06157173
2.94045825,-5.11016686,-0.38986032,-5.91546388,-3.37767918,3.66884787
-0.73003006,2.05805834,-4.03018195,5.35191828,-4.9535442,-4.88397238
-2.87213564,1.89326144,-0.71252508,-4.54499834,-5.4389369,5.6345122
-1.60170326,-1.87926395,2.86880386,4.77993232,-4.14488651,-5.71918785
-1.75614143,-2.18230071,0.59129489,5.80009566,-5.48873359,-4.81153974
-1.12451657,1.79106591,-1.35855388,-5.76290861,-5.95667504,4.56121889
-0.08575725,1.67859541,-1.16679915,5.38215995,-5.02446922,-4.21854688
-0.62083443,0.41922403,-0.04933118,3.58877064,-4.61352068,-4.38728807
-0.99995929,0.18291059,-0.60914177,4.01629741,-5.80036532,-5.09044811
-1.33844672,-1.23882431,0.44998297,-2.82274957,5.33228557,-5.57335567
0.32550778,1.67320186,-1.30193452,-3.13300046,-5.90868303,5.63011392
-1.96687075e-01,2.96033531e-03,3.36918668e-01,-4.31839855e+00,5.80843314e+00,-4.28881197e+00
-5.78181135,2.93203853,-1.17776867,-4.66589046,-5.94918391,5.50102366
1.88654479,-0.1240074,1.14877977,-5.32411433,4.49271611,-5.80710519
1.42853804,-1.3504868,-0.41936607,-5.14989011,-4.27385894,5.67157194
1.85707116,-3.59019048,-2.20335482,-5.27937938,-3.65657206,5.81956483
1.0481977,3.46641108,0.82114033,-4.70903107,5.58549317,-4.8279543
1.14178702,5.63712889,0.46497535,-4.60671046,5.00563161,-4.13421714
0.25894366,0.82452571,0.47155676,-3.84982472,-4.95743926,5.12991519
-0.33191978,-0.2215828,0.20633663,-3.16540868,5.58758452,-3.98834857
1.10120193,0.41776643,2.47804177,-5.47906603,-4.2714644,5.81370566
1.49717031,4.54706787,1.1437735,-4.48237245,3.38835532,-4.91058595
-1.07565342,2.14542376,-2.24768447,-5.53058377,-4.91864061,5.43779868
-2.75712829,-0.02814493,2.27711301,-4.25347567,5.19761228,-4.92063995
0.55257858,2.08610848,0.62276278,-4.29054099,-5.61798925,4.53172625
-0.76132877,-4.81111261,2.32187853,4.86475304,-4.46030231,-5.33386796
1.37778213,0.04445442,1.66710483,-5.82924153,-4.86461456,5.70542492
1.352073,2.20413125,2.2874773,2.9297634,-5.15322257,-5.65068947
0.42156854,-0.39226731,-2.07183194,-4.20905007,-5.65617526,5.58002081
0.86841323,-0.39642947,1.22271185,5.65775783,-4.92124536,-5.93255674
-1.72473851,-3.23052199,1.73867647,5.72481678,-5.85536984,-5.96699413
-2.16380143,-1.64841474,1.22298883,-4.48756455,5.99134055,-4.20465445
1.72637748,-4.45231457,-1.4920606,-4.80266099,-3.58399581,5.82493256
-1.35645727,-1.7538116,0.7585485,-5.73134369,5.61576762,-5.35719518
-0.52016025,0.42316753,-0.28124089,-5.16298436,-5.69307562,3.51007034
2.13001023,-0.50318232,-5.03047671,-5.65531953,4.78567689,-4.70369806
2.36631056,-3.25623277,-1.48891473,-4.708264,-5.55795408,5.3153811
-0.60963902,2.12424912,0.49172827,-5.50273747,-5.9883053,4.6175385
-2.02318638,1.64739544,-4.06615384,5.46405689,-5.52297649,-2.36817026
-0.50470226,0.98800592,-0.65750893,4.56441484,-5.82395356,-4.68809421
1.77061031,5.7518077,0.54660854,-4.64601615,3.92472652,-4.78032411
2.35709583,1.15218896,3.19784727,-5.96603145,-3.96710697,2.43865584
1.810045,1.31449078,0.19683315,-5.41697936,3.74749492,-4.2834322
1.09930937,1.00840544,1.6127739,-4.62986032,-5.14346195,4.39287025
0.59585729,-0.05846148,1.0978263,3.03526256,-5.74118937,-4.81514423
0.20387324,0.84533454,1.43135421,4.69010558,-5.00177421,-5.80608288
-1.54165722,1.17357326,-2.07921849,-4.79302011,-5.49557853,5.5689196
1.58611521,3.18804021,0.23387511,-5.43063123,4.24475616,-5.86500663
0.80013242,3.60221882,1.54673514,-5.16625382,5.49575399,-3.68971078
1.31135121,0.06426592,2.53334033,-4.85816645,-4.08256814,4.19023518
2.39760402,-0.25909866,2.39571166,-5.85182643,-3.02024971,4.17524494
0.07222443,1.62043016,5.696012,-5.75025044,-5.47607129,5.04340545
-0.33194004,1.48035067,-0.62745969,-4.49760378,-4.01180156,4.46759729
-0.04626166,-0.32536531,1.32891248,-5.53715184,3.12345542,-5.10800795
-0.79875835,0.24640681,-1.30736988,-4.70222196,-5.54795443,5.20604799
-0.1689353,0.81210973,-2.2094084,-5.17200763,-4.86868316,4.70748248
1.82273442,-1.11838326,1.38821552,-5.61978654,4.32911043,-5.59003612
0.71699414,-1.34174794,0.83155838,-3.92803181,5.63181056,-5.21419148
1.49415731,0.34805174,2.56991167,2.59841864,-4.57633396,-5.85610702
-0.60245341,0.64529018,-2.05618704,-5.262755,-5.91865818,4.90786985
2.14923826,-0.44851674,-2.9006219,-4.32814383,5.0493355,-4.05041125
0.62647123,2.65486273,0.90686784,-4.90301422,4.26860071,-4.50131316
2.77693246,-2.18008204,-5.93339165,-5.80966304,5.15077286,-2.63789228
2.7349954,-4.15466137,-0.2395274,-5.74374911,-3.98849908,4.7403287
-4.44259061,-1.81665181,1.1236994,-4.10974407,4.83650492,-4.42757066
1.87827214,-3.85298167,-1.53096002,-5.70895549,-5.91485312,5.26483505
0.75464878,-0.28999592,0.91397746,5.50014874,-4.06709519,-5.87218427
1.13723838,2.25642716,0.89450907,-5.98412026,4.67849291,-4.65304914
1.99020936,0.92922646,1.39024682,2.27139388,-5.31696534,-4.39549748
1.2801,1.6186154,-0.27367946,-5.91432191,-5.009644,3.57778515
-1.17621129,1.44497347,-1.99507772,-3.40241974,-5.75274679,5.76068927
-0.44778236,0.54285046,-0.99173244,4.09695264,-5.22899316,-4.11454047
0.49047183,0.74592957,0.51635871,-4.03958597,4.69720212,-4.00982692
3.53080815e-03,-1.00284614e+00,1.19030757e-01,-4.22368593e+00,5.50197271e+00,-4.93188165e+00
0.60026457,5.87351132,1.54479915,-4.29873735,4.00231315,-5.86576049
-0.46290721,2.55063909,0.16519291,-4.63667067,-5.93314971,3.13240381
-5.40705919,-3.08110253,0.94117071,-2.78907697,5.72184493,-5.40801959
3.41310688,2.52259086,-0.32177501,4.63183384,-5.75326226,-5.91592233
1.50570364,2.72498528,1.20652251,-5.65087609,4.08924082,-5.92911027
0.36651768,4.43073892,1.80171322,-4.95856169,3.33249931,-3.99803262
5.97366281,0.83355873,0.83070892,5.07746457,-4.34688906,-4.49881817
-1.4457541,-5.48071622,1.79508367,5.74326152,-5.86790811,-5.20725638
1.20614547,-0.91305008,-2.30762692,-5.41788715,-3.28658676,5.95604328
-5.65346763,1.74303781,-2.92495642,-5.32156001,-5.6306923,5.78287857
2.40210098,0.43450145,4.46767547,-5.79972546,-3.12020923,3.24729143
5.07227233,1.48433729,1.13189316,4.44909946,-5.0359688,-5.09361927
-0.31118737,-1.43892514,1.2875568,4.84446156,-5.83878411,-3.84346053
-0.91983558,-1.02993918,2.51729324,4.64963991,-4.55197762,-5.96780951
0.8205754,1.82477154,5.07135272,-5.17579688,-5.26447775,3.72423157
3.05594912,0.57761247,0.67276422,4.40113517,-3.68785803,-5.92616315
2.41505727,-0.17446406,-2.11771516,-5.45424432,5.81687338,-4.38954307
2.20616796,0.85311436,0.29408909,-5.92817016,-4.53684346,5.51344471
2.16873173e+00,-1.91118472e-03,-1.40378527e+00,-5.74462680e+00,5.25583633e+00,-3.63639730e+00
-0.23615873,4.13803491,2.19047742,-4.09240425,5.74183648,-5.81832601
1.80622075,-5.92050271,-2.72601471,-4.90485159,-2.24725918,5.43475244
0.4852881,0.76660601,-0.17678189,-5.15829943,-5.00555287,3.29925938
-2.60880645,-1.65585242,2.41154255,-5.79321489,5.39669689,-5.88085642
1.30950534,0.02195631,1.15507525,-5.60091016,-3.32820537,4.08136595
-2.19822003,0.86530643,-5.93687651,4.835546,-4.63573194,-5.74539401
0.32502595,-0.92917465,-0.35320958,-3.63411444,5.69744991,-4.28711632
-1.5909263,-1.50161271,1.26904255,5.39730529,-4.04031191,-4.66158074
-5.38759897,1.82184311,-1.64237301,-4.89877019,-5.58288031,5.32636709
-0.97838176,1.86657565,-3.47533629,4.07619456,-5.94547941,-5.1511813
3.37851493,0.33161838,1.25851064,3.64678561,-3.49392643,-4.76420138
2.05238956,-0.63250593,-1.32188357,-5.3607038,4.48567625,-5.44870782
1.15644664,3.69131116,1.69479784,-4.98062608,5.24725982,-5.66673343
1.38842094,2.67009491,-0.38761793,3.31606766,-5.70639971,-3.90053694
-2.07103391,-0.24809149,2.03903687,5.99296614,-4.33831478,-4.97545108
0.72028676,2.18882893,0.38257068,2.80386424,-5.51599468,-5.14317671
2.83363447,0.61595326,-1.12900627,-5.49421588,5.512287,-5.56479181
2.86384495,-0.06563282,2.08021912,3.96719313,-3.12160694,-5.09506325
1.50033124,0.85672791,3.12078955,-5.73186935,-5.36708328,2.95860586
-3.72985387,-1.73546418,1.57449181,-4.27217641,5.33332478,-5.4979649
-4.18232106,0.79529102,-2.33891093,-5.61412515,-5.72816369,5.96910322
-3.44695504,1.9719162,-1.59842208,-4.38728604,-5.87391714,5.8037114
0.5417943,0.29760768,0.58064592,-5.43655394,-4.34576289,5.48834213
1.6764461,-1.46475738,-0.29435962,-4.77311524,5.93286314,-4.92556971
1.92047289,2.85162702,1.48954043,-5.93974308,5.37088904,-5.47869031
2.102114,0.100827,5.72884892,-5.16551481,-4.73355278,5.34651474
-0.94154139,-1.76030189,1.4368373,5.79607516,-3.62549283,-4.89844257
-5.48479107,1.82876581,-1.95536336,-2.88353296,-4.68688716,5.92309174
0.07334363,-0.80681641,-1.23387518,-5.36116622,-5.54537736,5.13995469
-0.40425081,1.2274859,1.04035598,-2.98861612,-4.87504539,3.78160141
1.58085429,-0.24050931,0.05204492,-5.348578,5.44215933,-5.14203551
-1.66543271,-0.78522347,1.87076977,-3.96538803,4.06789627,-5.62115466
1.38833513,1.44216799,4.51375203,-5.27212823,-5.55868393,5.06368854
0.80966054,-1.44356426,-1.17352907,-5.67247585,5.71835511,-2.72774593
1.74016177,1.86471856,0.07009741,-5.12694065,4.34561206,-5.60465945
-0.71026876,0.4499247,0.02500473,3.42253214,-5.32263385,-5.49425284
1.16892768,-2.18560293,-0.76939915,-5.54226291,5.14971783,-5.06756171
0.28312908,-0.55041321,1.16505947,-4.01816583,5.22687408,-5.82981288
1.54887395,-0.96342504,-0.02867584,-5.79961848,-4.09642587,4.70483789
-1.00544265,0.55062914,-1.24227679,3.89568734,-5.79948829,-4.36910595
2.73124421,2.3006971,-0.30580164,5.02477607,-5.64018861,-4.72746685
-1.9557239,-0.87913806,1.45164855,5.18252765,-3.25574432,-5.84571653
-0.18813264,-0.34089153,-2.0285183,-5.02417074,-2.66287163,5.54535922
-0.12530115,2.90104314,1.15580595,-2.93768776,-5.42262382,5.53644218
3.48905114,1.12700362,0.72639051,4.72432165,-4.941125,-4.28216565
1.18119205,3.56813178,1.23566366,-4.62261399,4.69782712,-5.81040596
1.21206167,-4.6783574,-1.48258625,-4.84299341,-5.42177299,5.57503582
1.45554215,0.86077391,2.78148145,-5.63186747,-4.13500024,3.12564785
0.83180439,0.96864002,0.02347206,-5.20722033,-4.43962434,4.27426213
5.241113,1.40731339,1.56199504,4.19314984,-5.86794465,-5.19236613
1.06863386,-0.09051749,-0.481019,-4.14428781,5.7571684,-5.23909957
-1.01656282,0.91532606,-1.17973518,5.95118867,-4.79230152,-3.44538689
-0.65037794,0.56684829,1.74654112,-4.6746186,3.46119032,-5.04336236
1.07267086,0.87019843,0.90843037,5.77387992,-4.8273894,-5.14206904
-2.9507227,-0.11415224,0.68430769,5.52742194,-4.90559949,-4.70653396
-1.87992484,-0.91735753,1.63807967,-4.88875804,5.74292162,-5.88185339
2.51760435,-0.40786552,-3.8930334,-5.57590649,5.66451741,-3.22119816
0.90520213,-2.84853142,-1.58761459,-5.07123288,-3.9677046,4.24343135
-1.0710659,0.76281084,-0.61705473,5.2870264,-5.37927114,-3.59287446
-1.91110995,-0.75058389,0.91775518,4.99984303,-3.55384743,-5.3464649
1.68717839,2.17323717,1.23068514,-5.26470874,5.19536152,-4.96618419
1.24605236,-0.27293157,1.68849072,4.71548247,-5.68897364,-4.85218255
-1.18151341,1.60789672,-1.48605876,-4.18191846,-5.672075,4.3670068
-2.01822009,1.24186516,0.41606125,5.21640839,-4.69820898,-4.44952505
0.90341129,5.7287342,1.37171149,-4.90965547,4.63571502,-5.00933241
0.60485666,4.96318324,1.86441159,-4.15960526,3.2800924,-5.20446867
-1.13110602,1.96814139,-0.60673833,-3.79201228,-5.44677939,5.80902825
3.89411011,0.89757131,0.91592249,4.40540512,-5.97822985,-4.25968755
2.49966265,-0.17106662,-3.78835391,-5.65742978,4.68383267,-3.93974267
1.3836454,-0.60234228,-1.19741661,-5.60215739,5.22339181,-5.3219686
1.11035821,1.15790007,0.48477501,3.88617408,-5.92940432,-4.46981275
1.28165094,1.05060376,0.05342119,2.90469658,-5.689744,-3.18728044
0.03119326,0.83808692,-0.70892314,5.98112346,-4.47671998,-4.67158097
0.80722133,-2.89302773,-1.96985797,-4.29582136,-5.76527229,4.45016252
1.64290364,3.81879098,1.63809021,-5.6285522,3.91919707,-4.93712848
-1.1303173,-2.65833201,1.01524884,-5.94482496,5.67015339,-5.7792963
1.0028518,1.55987865,0.95340984,-4.54972068,-5.89373779,5.93233629
-1.43686499,-1.87762719,0.62402181,5.44878191,-2.96171249,-5.08551422
1.40632404,1.100485,0.05855783,4.87323412,-5.45093041,-4.74640489
1.02883738,1.26333559,3.19765727,-5.92289639,-5.02090281,5.15291049
-0.64064594,0.59655372,-0.80950494,5.64357476,-4.5345949,-5.12796248
-0.31112272,-0.97194126,0.32947748,-5.27383845,5.73689323,-4.52449776
1.21078293,4.67418329,0.7063773,-5.7055536,4.05094156,-4.67456371
0.0618918,2.40684031,5.34787496,-5.01967023,-5.90310108,3.59900555
1.54499159,2.97460769,4.9148006,-5.49235592,-5.8731543,3.05809131
-2.46601893,1.56009483,-4.78412498,5.8473911,-4.24262704,-5.93622829
-0.62914052,-0.20122679,0.91259428,-3.68288369,4.20553104,-4.67536563
4.27626887,1.33740147,0.5653104,3.84260034,-4.50764219,-5.58193896
-2.58962296,0.39329832,-0.03786322,5.17858443,-4.47689275,-4.2580281
0.41434726,0.33485852,1.48298581,4.07070333,-4.25028796,-5.85056995
-1.04546351,2.51278467,0.61818677,-5.53227518,-5.98345661,5.12756671
1.22824707,-5.48820783,-1.32494487,-5.03046004,-3.39204095,5.01180273
0.90701844,-2.87416979,-0.10588863,-5.47316871,5.8232728,-4.89029109
2.05803707,0.35425827,1.13943582,-5.05442844,5.60671351,-4.32801822
-0.21436783,0.09583162,1.20334075,-3.40465168,3.90365614,-4.42458518
-0.7018799,-1.94916831,2.12855626,5.04844477,-3.88093591,-5.48388586
-0.72857997,-0.44152215,-3.15974478,-5.35200461,-5.27827384,5.27523406
1.05938324,1.06523531,3.20755852,-5.11731638,-5.79814408,5.45213379
1.19793434,-2.34180682,-0.93089916,-4.66938798,-5.22760043,5.88506525
-3.26338858,-1.23463338,-0.07740254,5.54184144,-4.28140414,-4.75548623
1.24396277,-0.89413537,0.02177136,-5.5649221,-4.62536601,4.44104276
1.51542857,1.11813163,-1.0697562,-5.42852163,-4.86160609,5.24673541
3.50797178,0.86505619,2.01245062,2.44785228,-4.46912554,-5.49910621
-0.70102513,0.23898258,1.47893534,-5.89506663,5.68805621,-3.99727391
1.0032302,3.28744966,0.9528709,-5.79188771,4.5278995,-5.5114887
1.09899974,-1.44193055,-3.27687378,-4.72895951,4.99863235,-5.23103637
-1.32449444,-0.25514039,0.56298413,4.70855828,-5.59594342,-4.05840804
-2.91101577,-1.68286806,0.9791884,-5.10208905,5.79733108,-4.37253311
-2.30950517,1.12033965,-1.87570118,5.48309717,-5.29950311,-4.43591972
1.0790865,4.67523937,1.43519592,-5.41653256,3.21809383,-5.31862691
0.59856613,0.80934736,-0.20678953,-4.28453234,-3.48818713,5.71904113
-1.12512952,1.50300745,-5.66343739,4.04788149,-5.81814056,-5.21870373
1.57836427,2.63917329,2.39275114,-5.92826564,2.33256024,-5.58979584
2.66188951,0.25504318,0.79138132,-5.68196273,4.01006429,-5.12079564
-2.49024056,1.5356264,-1.03540558,-4.92674044,-4.673794,5.957537
0.08982679,2.8940091,-2.4210572,4.03703043,-5.46039108,-5.23467235
-0.46000117,-4.55663396,3.39414935,5.03245154,-4.82969265,-5.99539383
2.23744612,1.5449439,0.52208121,-5.47741548,3.20555546,-3.86608677
0.53698243,2.53631389,2.28469332,-5.62793729,-5.87818351,3.78553983
1.6052273,-0.57839779,-0.54202977,-4.78813628,-5.53717802,5.1389265
0.26565175,-0.8930654,-1.60198273,-5.97564921,-4.53478412,5.10948024
1.73856574,-0.78217164,-3.84656645,-5.81040578,4.9621144,-4.81605559
-0.59509079,1.60584465,-0.43851665,4.8247857,-5.90854565,-5.23977046
4.45688594,3.07752056,1.18343565,5.46382912,-5.92136557,-4.94047873
3.97723544,1.97000025,1.53583762,3.00195698,-5.5356788,-5.66330063
0.26220674,1.47225213,-1.98560021,-5.47920719,-4.06108075,5.62101986
0.44753905,0.73109279,0.37718766,5.04360587,-4.77900813,-4.51263405
0.1417157,2.53258478,4.21431794,-4.09829547,-5.41773123,5.69865587
-1.24659653,0.68885881,-1.75928273,3.57675102,-4.50464162,-5.57507407
1.60735651,5.33057813,0.94636734,-4.65981542,2.90823791,-3.72091001
-2.509576,1.16241164,-1.73543985,-2.47801649,-5.97598752,4.37825656
0.86812127,0.60102599,3.17753616,-5.91066107,-4.59986979,2.81398569
2.1493339,-0.81083639,-2.75458356,-5.87427349,4.22638519,-5.37428644
0.69041314,3.32719674,0.78946711,-4.42279346,3.61391875,-4.74405436
5.93040255,0.55479602,1.60942056,5.1675107,-5.55657472,-5.35794129
-1.28502876,-0.96081967,0.61511229,4.33928903,-5.89469515,-4.18272042
1.37258912,-2.88190526,-4.47883083,-4.6963266,5.84977657,-2.74253882
2.29735349,-0.45101588,-2.63085015,-5.83000158,4.78207926,-4.07863743
1.02625354,1.56113231,1.33448839,4.34132889,-4.02283474,-5.47904714
-1.44102761,1.08296006,-2.28305206,-5.08706829,-5.24303366,5.08900356
1.89156638,-3.7621277,-1.19258947,-5.85769987,-3.12740274,4.82817523
0.78293802,-0.03275699,-1.65070901,-5.77445409,-4.39134151,5.12401592
-2.25797152,1.75311238,0.39074622,4.82677382,-5.7334066,-4.63970067
2.09450394,-4.51848578,-1.03046472,-5.27132119,-3.67451404,3.91245899
0.83906535,0.25947635,1.22744102,-5.6602448,-4.88346473,4.99427483
0.46276615,-0.68805486,3.12644014,-3.7857546,5.7883655,-5.85428684
-1.20837812,0.064613,0.24568113,5.11086472,-5.35835847,-3.2795803
2.17268057,0.79415086,4.23225201,-4.99004688,-5.62645448,3.21539669
0.47752085,0.17634281,1.4777353,4.19668136,-5.74311003,-4.88868717
-2.16803009,2.63725814,-0.2140962,-2.48273656,-5.8606562,5.76555114
-0.41418876,0.08348225,-2.12021485,-5.95973362,-3.58194562,5.83407422
-1.81840636,0.89024461,-1.44037731,5.76717426,-5.49833716,-5.34034177
1.41745873,2.08761067,-0.10044096,-5.0673448,4.54778048,-3.83908143
0.58118292,0.44083141,0.28997421,-5.73277585,-4.04750522,4.90423658
1.82807184,1.51384407,-0.06931547,-5.64375464,-4.69939329,4.65660468
1.39618507,1.17288619,0.26575639,-5.90474258,4.39689524,-5.58176091
-1.31101817,-0.01746258,1.30030557,-5.46132256,5.37342906,-5.44960389
5.18020787,0.68624792,1.20299756,5.86799924,-5.14563261,-3.67882615
1.87556742,1.88273355,3.27637625,-5.43122629,-5.03726885,3.57439407
-0.27547329,-0.54956715,1.43632615,-3.8395579,5.52426549,-5.29305757
1.48827162,2.22285169,3.93148947,-4.24207591,-5.74253098,2.48140315
1.64629532,-0.59789291,-2.97031691,-4.52277983,5.88298723,-5.46151495
0.52421701,-0.76802559,0.54149241,-4.39439272,5.82672857,-4.46236071
-2.35678878,0.4086973,1.74426404,5.29547213,-4.54128634,-5.76807883
0.48429417,2.66763584,4.36544004,-4.13350451,-5.66985529,3.97445237
-2.19041944,-0.8095814,0.03640653,5.14659,-5.91938035,-3.39640273
1.34598367,-0.54483718,-1.91951502,-5.54962722,-5.38152552,4.97786203
1.6262112,4.09868543,0.27737464,-5.83122823,4.44960253,-4.67113544
1.5669087,-0.92005738,0.58476035,-5.94603472,-2.98667358,4.51576312
0.32195161,-1.57012123,-2.28630204,-4.37954171,-3.01246377,5.02084115
1.09593146,3.81480215,0.38664948,-4.97444441,3.22247902,-4.67642932
-0.27401162,0.64859473,0.86570305,5.47841602,-5.68029592,-4.66853988
-1.59450588,-0.52342406,2.29139695,-5.25554541,5.84050814,-5.97066776
-1.38673416,1.5279036,-2.00496523,5.03012986,-5.64445714,-5.40757067
0.39355316,1.93316315,-0.7133945,4.61354686,-4.94220481,-4.11503745
-0.91242183,-3.39524638,1.49990812,5.66982706,-4.09093381,-3.45310943
-2.87960041,1.74186836,-1.24541645,-3.12978393,-5.89448869,5.83639119
0.58729335,0.12639316,0.30911937,-4.46881444,5.77773182,-4.03425754
-0.61384587,0.95155728,-0.40752175,5.50578535,-4.31226234,-5.19133989
1.62359521,0.63656802,0.37737696,2.81230443,-5.49682031,-4.79794511
0.69391084,-0.40039735,-0.09378605,-5.60052145,-4.39653675,5.58772088
-0.50377831,0.16953244,-0.44571466,-5.23271794,-3.47653495,5.00383248
-1.39284218,1.85231034,-5.17672795,5.12382512,-5.74891887,-5.04154817
-1.28170867,1.74311335,-2.01454761,-5.60218971,-4.92262438,5.45795533
0.74149903,-0.90166915,-1.16664356,-5.19685854,3.83672042,-5.02672445
-0.67315455,0.64428334,-1.2050507,-4.6719884,-4.165882,3.65154176
1.26708446,3.61799614,0.88046328,-4.13379849,4.70750934,-5.56336402
-0.39626987,1.26683216,-1.38156888,-4.04702351,-4.74266929,5.98561661
2.76457568,1.94941939,-0.40307011,-5.86598761,5.20271918,-3.55297955
-0.92201495,-0.97483014,0.77337854,4.59353292,-2.70070212,-3.56010498
4.59191957e-03,2.20482466e+00,3.08834155e-01,-4.76267816e+00,-5.26367868e+00,3.19699886e+00
0.71501204,-1.34816186,2.93164815,-5.85133215,5.16976147,-5.92663068
1.16698305,-1.35757511,-0.71357827,-5.20057421,4.40882587,-5.31564176
2.39824138,-0.8327877,0.46339544,-5.33402092,-2.88992689,5.31570184
0.37159127,1.088593,0.36814568,-5.04666458,5.49298181,-2.68765209
0.49745035,5.20152676,2.21919331,-5.03891845,4.84441001,-5.96800849
4.64236405,0.9473999,0.76905952,3.50075161,-5.60863085,-4.81904927
-1.99323783,-1.49055855,1.36692717,5.44506008,-3.36132357,-5.11402535
-1.52904763,1.1944832,-4.57546516,5.49092343,-5.42165316,-4.71633243
-0.41650426,-0.6650789,1.81640953,5.92030403,-5.89079655,-5.75200813
1.93296511,1.28224381,-0.62631204,-5.88788567,-4.93965722,5.14754385
4.92338935,0.77059661,1.69864286,5.38614235,-4.10690932,-5.88994418
1.05666173,0.76194834,0.72561734,-5.82893875,-4.85171718,5.83290116
2.38627145,-0.46098396,-3.27162685,-5.97215913,-5.56525936,5.92149414
0.94817915,1.53475758,1.2057182,-5.24561175,-5.68632015,5.04411441
-0.57094796,-1.48747643,-0.04975393,-3.84439088,5.63362339,-4.49615473
-0.3867326,2.65448365,3.87988253,-5.27114479,-5.81774279,2.44400343
0.81336169,1.6371737,0.55112416,-5.31708688,2.11914724,-5.50457368
-1.87785902,0.69942431,-1.55092522,-4.63005676,-5.056614,4.70533367
0.45389742,-2.31081021,-1.23047027,-5.89140461,5.05347551,-2.68681501
-4.10046657,-3.67003016,1.35541432,-3.09098981,5.98447531,-5.95115906
-1.23126991,-1.33615991,2.33620182,-5.90110704,5.55571635,-5.99749103
-0.85681353,-1.25454741,2.00486808,-5.86374967,4.94716168,-4.96276153
1.77879918,-2.62788378,-0.50026282,-5.66129812,-4.10252013,4.16607685
-0.18967858,1.12946264,-2.336816,-4.30613602,-5.62483103,5.85784168
-0.11510021,1.13551887,-1.103709,4.50872989,-5.88859177,-4.04462316
1.17172842,-1.90425148,-5.6805454,-4.40360122,5.84097953,-4.30025967
4.21369152,1.3228439,1.08340516,5.40897077,-4.41074477,-5.36878608
-2.11525776,-1.16255623,1.1497579,-4.88212496,5.73766206,-5.67070203
-1.78525756,-0.77976123,1.55143467,-3.75021235,5.57080453,-5.82187558
1.1643824,-4.46258125,-2.1025785,-5.80641677,-3.03933638,5.52319404
-1.22327327,1.63142272,-0.83449019,5.06186855,-5.44839967,-5.60165093
1.05470613,-0.44515971,0.66689272,-4.11493714,4.11928705,-5.7046566
-3.1144238,-3.51506325,0.98402001,5.65720586,-4.06027723,-5.57334463
-0.46163659,1.36023645,2.30642196,-3.34389674,4.73986109,-5.44783293
-5.19701228,-1.30450911,1.27276842,-4.43027324,5.0635086,-4.48332776
-2.01545921,1.63264603,-1.21398508,5.68320164,-5.95719926,-2.97042388
-1.57126934,-1.37185967,0.66023014,-5.82362215,4.7146153,-4.97058498
1.48134131,0.99019626,0.76539659,3.6683511,-4.4147586,-5.29951748
5.53731759,1.6963884,1.8122535,3.59550802,-5.82487002,-5.17242008
1.19419753,3.48215544,1.74105855,-4.57242922,2.54118338,-4.34249714
-1.96727084,1.2189777,0.17501586,5.42745655,-5.51431169,-5.58159164
-0.46389662,-4.74328544,3.16770584,5.19504841,-4.21232056,-5.82976701
1.34336401,1.5292934,0.48663767,-4.54063517,-5.37107124,5.68615046
0.54054266,2.06824155,4.1221941,-5.23659192,-4.99899908,3.3227867
1.31001166,-2.04094553,-0.48273156,-4.43231277,5.2355414,-4.16832809
1.45372002,-4.96842208,-1.57411434,-5.63712665,-4.56363641,4.65228291
1.81594851,5.26692254,0.9053244,-5.73900451,4.44492504,-5.47525638
0.74223033,1.61071544,0.01766627,-5.60850246,-5.84233657,2.62019827
4.34117981,0.45767683,1.55038407,3.41388111,-5.51686307,-5.35899232
-2.62164914,-2.98781936,0.99595391,-4.650911,5.81534893,-5.96006689
1.84100924,4.7405704,0.39558972,-4.85398992,3.30749219,-4.01024078
-2.12364601,-1.23753027,1.77466301,-5.9371699,4.82790885,-4.44145483
0.97163036,2.97670154,2.05651298,-5.78737599,-5.86647079,4.90778228
2.29193588,0.01255677,5.93981747,-5.13531993,-4.86924717,5.78993693
-1.2623532,3.36478056,0.6152686,-4.61945338,-5.97053057,5.77724116
2.14849562,-0.50008823,2.11947817,-5.64001556,-4.37700587,4.42055964
-1.94544023,0.85031046,-1.45462336,-5.39860306,-5.48827954,4.58558457
4.44785837,1.87270773,1.39808399,5.07115345,-5.62273983,-4.50423365
0.25856495,-0.48735303,-0.44481003,-5.78776812,4.42190379,-4.30229656
-3.07772423,0.55744129,-3.91214446,5.80823331,-5.55748115,-4.09816265
0.22153818,2.63539969,2.26771286,-3.96274269,4.36161396,-5.07332897
-1.43580372,-0.01139206,-0.06903147,5.56404257,-3.89037223,-3.11319009
-0.4055109,-0.47554766,2.48605745,5.31892804,-4.25533602,-5.81137094
3.49122039,0.87347638,1.60100638,3.90443861,-5.85913459,-4.27591047
-2.49374137,-0.86279075,2.89559565,-4.12998841,5.87834797,-5.67562732
0.54506759,0.73267149,-1.93224885,-5.48850392,-3.98266576,5.50011845
2.34703414,1.68645167,2.44173004,-5.23507221,-5.9603637,4.35269402
5.02074277,0.82540104,0.82063833,5.92676916,-3.17292125,-4.18230424
-0.15096835,-0.3399786,0.41204328,-5.65369424,4.54522042,-5.24430306
1.33608555,-2.23356923,-2.36510178,-5.2348809,-4.51059751,5.41846577
0.81591354,0.96058269,1.13503408,-5.66216805,5.12187149,-4.99402549
-1.32156747,-2.4497167,1.33166089,5.15956673,-4.2833399,-4.03790252
0.45448309,-2.34643766,-2.71096086,-4.46688232,-4.49315064,5.43849231
0.93951025,0.83778669,4.87272638,-5.22850829,-5.83595746,4.96858404
0.82650688,-2.52862964,-2.34788644,-4.77905599,-4.31720056,5.32251412
-0.08152933,-0.13081553,-0.27741532,-4.29397998,-5.85509153,5.78286437
-1.03702454,1.22110502,-0.54081272,5.32191207,-5.41643642,-5.22911338
-1.14835402,-0.90204692,0.54014947,5.9958307,-3.59867782,-4.23733406
3.93349674,3.56511189,0.70338774,5.92258091,-5.91979777,-5.23443058
-2.78344324,-1.25371124,1.39558174,-5.02360952,5.63772516,-5.34129811
-0.91626155,-1.19477579,2.5599381,5.18340416,-5.04110756,-5.7624559
2.10898538,1.1375055,4.92362965,-5.81884555,-5.51027794,3.27747784
1.90002696,1.46423328,-0.09119602,3.63359142,-5.91533509,-3.35857304
-0.38867885,-2.76440123,-0.70845489,-4.71420739,5.77533903,-4.61592053
0.02603178,1.74302052,-0.14357975,5.27358355,-5.43088656,-5.01963092
-1.08439771,-0.43973882,1.54434324,-5.10885614,4.05973266,-5.91744401
-1.51313036,1.81320031,-1.58646692,5.62499652,-4.59498969,-3.84959518
0.35750312,0.10336597,1.64251935,-5.94166896,3.55381553,-4.81591154
-2.19134616,-0.26519951,-0.17628856,4.96217278,-2.83754708,-4.8130949
-2.05467898,-2.82071223,0.97277978,5.95727988,-5.37552492,-3.66090443
-5.78639247,3.24926435,-0.78425418,-5.29610818,-5.89909071,5.76002957
-1.42284734,1.58459724,-1.82495336,5.25252501,-4.88315037,-2.78649895
1.55207911,0.03116947,-2.55131369,-4.53464692,-4.94034843,5.57114745
-0.46438443,-2.33751152,1.81530366,5.30395776,-4.79930886,-5.36851704
-0.05737443,0.90883436,-0.8534692,3.23531569,-4.94383121,-4.64280398
1.54394246,-5.10343548,-1.87272488,-5.67262693,-5.80614612,5.62993322
-0.97602044,0.64696299,0.29964036,5.86880838,-5.30738892,-5.20716874
4.34395583,-0.2504402,2.49660258,4.88976567,-2.92396183,-5.05945327
0.92975017,0.17710917,1.28885914,3.71878593,-5.5200834,-4.633667
-0.4696785,-4.61261174,2.21323412,3.72735774,-3.98899359,-5.93388197
2.41350985,-0.77685949,1.1680356,-5.95095201,5.22935079,-5.80890267
0.68396978,-1.04731323,3.3294494,4.13850166,-4.23789506,-5.86390996
-0.28945013,-2.14401633,1.10800122,-3.93214155,5.91659489,-4.90528427
-2.51755207,-1.52151475,1.57625946,5.48380171,-5.78629564,-5.92256172
0.79104092,1.04768312,4.03038468,-5.37007056,-5.58472011,5.57251394
-0.58519023,-1.75715724,1.28053697,5.65347615,-2.68718146,-5.97912312
0.59612775,-0.77079823,-1.53820241,-5.45316656,-4.68237002,5.61877613
2.70632877,-0.02489123,-0.49925403,-5.61054416,-3.71632399,5.83530401
0.05484123,1.73983028,1.71752697,-3.81748583,5.22372086,-5.20930641
-0.5624905,0.8225198,1.4128986,5.50448859,-5.27412158,-5.210591
1.98399548,-2.17546576,-4.58383119,-4.36500114,5.20126128,-4.90498987
1.39388234,-0.38228408,-1.96126673,-4.27807801,4.43211064,-3.7131902
-0.06083332,-0.57083396,0.79733766,-5.66363819,5.07897793,-4.43355548
0.11767752,1.53246197,1.73545256,-4.68011112,3.83371535,-5.72238099
0.9356841,0.05386166,-0.10349613,-5.28099363,-5.59025794,4.22249368
1.59869523,0.40872252,-0.80488915,-5.97799113,5.33164343,-4.87707445
2.14084021,-1.33759984,-0.80304836,-5.81660408,5.88960093,-5.63535204
-0.40183996,0.97697652,3.71554871,-5.17983632,3.6303655,-5.83679232
-0.73036227,-2.22653541,1.57838575,-3.55081903,5.9123237,-5.56747116
0.03943021,-1.80966686,0.77077885,-5.5598301,4.65168869,-4.47425622
-0.25664206,0.37878481,-0.57072057,3.98657303,-3.95393349,-4.8669033
0.3080218,1.18566219,0.02957268,3.97107017,-4.57723057,-5.75512646
1.06939436,5.81011788,0.69850166,-4.61955198,4.35257924,-5.80809084
2.43877781,1.54268204,-0.07315017,-5.17092033,-5.80899533,4.4883373
1.61135385,0.25952049,0.0907866,-4.43533517,3.80580891,-3.3385265
-0.2283614,1.94101727,0.87089172,5.29941633,-5.29836243,-4.42397081
0.53529091,1.46099788,0.93014861,-5.54338071,4.31350981,-5.0503984
-0.65108489,0.21411412,0.59780064,4.52931781,-5.57140759,-4.56516529
2.55037208,-0.50897906,1.31162898,-5.85420945,3.14350074,-5.52392868
-2.76891736,-1.35685548,0.23623235,5.48411493,-3.5613577,-4.59396644
-4.5554275,0.91756529,-2.81049232,-2.8907728,-5.61569779,5.23398094
-2.45608308,-0.28909901,-0.72234189,5.88785423,-5.41051507,-4.17975717
0.52117281,-1.62246031,-1.76443777,-4.19091067,-3.60267992,5.36410378
1.39250984,-1.59662019,-5.86274801,-4.75725516,5.98144386,-4.64790612
0.24837874,-0.95877763,-0.6356474,-4.8993922,4.81933142,-5.63087168
-0.19811648,0.76814564,0.36132642,-4.70145044,-4.49150058,5.13729437
-3.11435212,0.06630647,2.02148701,5.86846463,-5.23764628,-5.99481392
-0.22280324,2.1183311,-0.36303635,4.03724696,-5.6156291,-3.85531861
2.40775452,-5.39722033,-2.01662854,-5.96757574,-3.54021765,5.40724873
-0.90894912,1.89633711,-1.31570699,-4.16740618,-5.98615314,5.30443476
3.22908269,-4.96906325,-0.27792951,-5.67518376,-4.93372571,5.51930934
4.04228459,1.74638367,0.39449874,2.93752267,-5.22140456,-4.35460096
0.4428229,-0.56664162,1.29867237,5.47245592,-2.79987912,-4.9166395
-0.82474801,-0.85509446,1.40981263,-3.49010497,4.85329573,-5.05896687
1.61226795,-2.06673198,-4.27715225,-5.90387041,4.22734869,-5.19589186
0.6288488,2.48862398,5.20611986,-5.58242555,-5.54967164,4.16285849
0.5448069,0.91847454,-1.83901829,-3.40460675,-5.68230638,5.88283533
-0.79673269,2.82942458,-4.29106159,5.30039992,-5.98692541,-3.71380003
-1.45486918,-0.57915103,0.88010872,-5.2883623,5.80505174,-4.72878155
-1.39712214,-0.81704214,1.01097106,-3.8848657,5.45881628,-4.40666313
1.70797049,-0.52442588,-1.5245352,-5.73888786,3.52008814,-3.36493739
0.21724062,1.39617921,4.54754826,-3.54185611,-5.58288122,3.47014251
0.94986217,-4.37300654,-2.16197722,-4.48882844,-4.48268317,5.631326
1.52598158,-1.50280041,-0.55599106,-5.84536988,-5.46896811,4.6138608
-0.4554743,1.61609132,1.18029413,4.96465504,-4.80615366,-5.65993949
0.33496576,1.00246277,-1.23787431,-4.16471767,-5.14486782,5.0646114
-1.80613943,1.00456347,-5.92164673,4.81043376,-4.19676313,-5.90999519
1.9997408,0.18240614,1.44030999,5.05549508,-4.31595915,-4.60580487
1.31244523,-4.42861611,-1.50213315,-5.05823957,-4.34550697,5.92661373
-2.74995584,2.55651025,-1.30292435,-5.21530875,-5.96602856,5.07223825
-0.64363509,0.60432416,2.62979172,-4.7838075,3.52585092,-5.31631967
-1.29896493,-2.11290481,2.34369083,-2.18507821,4.68211344,-5.60332935
-0.03672573,-0.15125091,-0.04550851,-4.41713971,5.05243147,-5.65669185
-0.01726275,4.41887607,2.07662735,-4.93380472,5.48611952,-5.21554978
1.49303052,0.21906732,0.26457498,-4.61344063,-4.26840888,3.87494108
1.15764282,-0.10509104,1.65387951,-5.75360263,-3.28245203,5.20146204
0.97297929,-2.58965779,-3.85435638,-5.30090114,5.7507117,-3.97832046
0.47585919,1.17440977,0.24635704,3.61217909,-5.66650434,-4.35817511
-2.38733569,-1.4461787,2.75683518,-4.46946142,5.44555219,-5.92342144
-1.44063599,-0.67028056,-0.17017348,5.41954086,-3.78073112,-4.07399357
0.11969775,0.98006217,0.84092094,-3.67969586,-5.93683763,5.18436873
4.95788315,0.98553372,1.67840498,4.52232582,-5.10457502,-4.529307
-2.57985078,-0.82212162,1.32462238,-4.03953353,4.8143291,-5.95866141
0.29391001,-1.9085679,0.13649269,-4.56777481,5.42048045,-4.82482118
0.19930989,-0.21742376,0.02205133,-5.10171686,4.79848372,-5.3882695
1.57416996,0.35558324,1.7464053,-5.26750354,5.45793677,-5.72251041
0.70410776,1.27480358,-0.51685691,-5.10808288,-5.79092489,5.45136318
-0.98962319,0.86272701,-1.34335688,4.05807814,-5.84901726,-5.35067658
0.94479888,0.40619111,2.66567161,-5.94697441,2.70570598,-5.96830186
-0.71216695,-2.08638313,2.0917523,4.54593276,-5.97306488,-4.76905156
-2.73573281,-0.55732206,0.21715437,4.78003297,-4.32010032,-4.85659487
-1.78013717,0.68754406,0.70989441,5.77556156,-3.88248479,-4.30992357
-1.53383252,1.83849258,-0.30888196,-5.19110782,-5.77589584,3.49908299
2.53851438,2.36129818,0.72266534,-5.4287051,4.173815,-4.89225585
4.79992886,0.69283263,1.26316285,5.42059746,-5.35612505,-4.37775029
-2.51090517,0.87307971,-2.5586683,-3.83552433,-4.86806785,5.36010006
1.4877599,-1.45043194,0.58114185,-5.78946075,5.20331201,-5.59116126
-0.47108518,1.67091752,-0.21504514,3.69491942,-5.72396854,-4.40156581
0.7612578,1.38048787,0.29330773,-5.36596442,5.68528991,-5.26826434
-0.51981495,2.15938684,-0.32678423,-5.18566048,-4.88529647,5.64357454
0.16299253,1.16288579,0.4661654,-5.3278143,-5.59714728,5.46398558
0.65866076,3.94231513,1.46660193,-5.97465548,3.5649864,-4.96365251
-0.96865763,-1.03884713,0.79107831,5.78244819,-5.69582684,-5.92824762
2.45788074,0.40224518,1.0057747,-5.81168627,4.05343716,-4.19766827
1.28573575,5.28656339,1.61554491,-5.80695775,4.84737177,-5.83618411
-0.9678601,0.54637453,-1.390239,5.03417645,-4.15118957,-5.98417904
0.74003068,0.75678963,0.35349287,-3.95235247,5.70691018,-5.38541592
1.23950644,-0.29443213,-0.6143873,-5.21465691,3.13772666,-4.03292813
1.77977459,0.98588136,1.86137483,-5.08587305,-5.38346768,5.0745375
-0.01591986,-0.63176119,-0.11586257,-5.47615764,5.90445652,-4.66756415
-2.81552571,-4.1703219,1.00926874,5.97454638,-3.85286849,-4.77174394
0.13919174,-1.57080621,2.82628924,5.45030025,-5.31613604,-5.88450224
-1.31406564,-3.42721755,2.82131238,4.96239449,-4.11373718,-5.86843022
3.45941478,1.93681716,1.45920835,2.97037765,-5.08596358,-4.74979458
-2.82508556,0.0825737,0.32606351,5.04284683,-5.29396913,-5.42520138
0.54605152,1.2228928,2.57922886,-4.95655596,-4.76573538,4.21649942
-3.10362406,2.29949179,-1.82421361,-5.89680175,-5.56742297,5.77004608
-0.16522031,0.70651411,-1.15266719,-3.27919616,-5.77685476,4.35571215
-1.74597882,-1.16368107,1.87954715,5.49040564,-5.88777416,-5.54370503
2.8016546,0.88883429,-0.54779944,-5.4240704,4.80414169,-3.90401223
0.22256061,3.03223543,0.90554894,-5.10331823,4.28152943,-5.89437907
-1.23966718,-1.61516275,0.26141316,-3.21873176,5.36900188,-5.36017277
-1.09195468,1.50000877,-0.7722653,-4.69781374,-4.62605776,5.44545224
2.27628838,-2.28709035,-0.66309603,-5.47951859,-3.66151941,4.39640697
1.75460826,-3.24434092,-1.17941767,-5.71107956,-4.80308955,5.45350236
0.38032964,0.68783436,1.55154671,-4.88251288,-4.03815127,4.36232523
0.18056515,3.61094458,2.19892219,-4.77217437,3.92845084,-5.89338049
5.296786,0.59997521,1.74755247,2.18647833,-5.74822475,-5.88928864
-0.01447199,2.03159541,-0.01287628,-5.63158513,-5.14013939,4.66330145
0.94964137,3.11412013,0.50177573,-4.99787137,5.73187769,-4.46605925
1.44569577,1.06892256,0.36722338,-5.35939214,3.29720826,-3.8544215
-3.15491036,0.68736721,-5.19519023,5.58971448,-5.2669411,-5.92753274
-2.61824134,-0.24541208,2.25249011,-3.64464126,4.81964784,-5.42312178
0.5288298,-0.69506315,-0.06279793,-3.42692688,4.31758967,-4.74085408
1.49070244,2.2309347,-0.34227855,3.0578285,-5.75822161,-3.7511651
-2.07999021,-1.24310487,1.50397311,-5.79301208,5.89723206,-5.74824323
1.16506575,3.45536811,0.31798044,-5.41351315,4.66746233,-5.72169603
0.10341744,0.10101159,-2.15603892,-5.2706992,-4.52668608,5.42593247
1.70811385,0.24883397,2.83475872,4.17031747,-5.86050621,-5.59233016
1.76161524,0.75065026,2.51286103,-4.42317289,-5.48012149,3.56834319
0.90065583,0.21459433,2.08948212,-5.69666448,5.60304368,-5.63781956
-1.97369897,0.40892872,-0.20325535,5.9754343,-5.19277272,-4.67576022
-1.88140517,-4.00257494,1.3364948,5.0659232,-3.34240353,-4.2834915
1.29970475,-1.69655914,-0.81290755,-5.11713295,-4.7866284,3.97716791
0.48710668,-0.64634857,0.53479728,-4.59707931,2.66703726,-4.69239362
-0.69870586,1.64339245,1.33496397,5.77178839,-5.82622198,-5.83381724
1.8587915,0.34835187,4.71885017,-5.82708782,-5.95094546,3.2663011
1.22822026,-1.48935374,-3.33798537,-5.11201433,3.6013833,-4.60483901
-0.92295385,-0.13110255,0.91381985,-4.57109526,4.83924556,-5.78977683
-4.60581193,2.26923493,-1.54927885,-3.3913972,-5.49026047,5.71725505
2.65500828,-0.52223257,-1.00165143,-5.43875751,-4.80703565,4.09215662
0.5633509,1.10800942,0.60260823,4.23323258,-5.93571392,-4.447321
-1.29289441,1.49993571,-3.31228286,3.59081892,-5.27458347,-3.6061951
-0.1330645,2.01582014,3.89717146,-4.04697941,-5.31535042,4.86427905
-1.56757137,-1.67984768,0.64795208,4.22098885,-3.90573054,-5.02861287
-1.75138282,0.07289806,0.01081536,5.22523193,-5.66769183,-5.98101226
-0.77255986,-3.22897982,2.56595729,3.92329579,-3.94978023,-5.9424676
-0.58170497,0.34415433,1.65193441,-5.68397328,4.28341958,-4.84846071
0.83461228,-3.96315659,-2.19326498,-4.73407029,-3.44675328,5.30405047
0.13915463,2.23189137,-0.93327774,3.82901945,-5.89091951,-5.38696011
-1.42175957,2.55228084,-1.21596199,5.54762295,-5.81412941,-5.27008528
1.13230883,2.82444306,1.85483496,-5.11592164,4.11727721,-4.26681357
-1.42710669,1.86418059,-3.04173187,5.09736113,-4.86317926,-3.69558978
-1.22079358,-0.92456017,0.51825441,5.94924981,-4.24172446,-4.47559764
-1.44694377,-1.27796935,1.09718553,5.36917266,-4.8282754,-4.87541483
-1.02519677,0.5913042,-1.3618963,-4.77883296,-5.50119426,4.35793396
0.72094238,2.92783141,2.29051323,-5.54633177,5.0954779,-4.61768577
1.69579275,0.66320015,1.68818042,4.27361936,-5.82138093,-4.94844518
0.38520744,0.84096562,-0.0135435,5.81493504,-3.76853238,-5.56984398
-1.97191388,-2.89322902,1.02485683,4.48864207,-4.85773096,-4.03809114
-1.06885498,-0.62809757,2.51862725,5.78340299,-4.42631713,-5.43887056
1.87053763,-0.61970881,-3.22415183,-4.99351051,4.16056366,-5.17113674
0.50926581,0.21638581,0.21476819,-4.0664265,-5.97598371,4.73876748
0.24129587,0.92925945,2.24612231,-2.98561772,-5.76911124,4.91513364
0.5727578,1.03723677,3.36825813,-5.96613647,5.39095592,-5.86690154
0.98304434,0.66730935,0.04008365,-4.75801449,-4.38035617,5.60303184
0.44535005,-0.4953533,-0.46983569,-5.05160957,2.88580054,-2.64980257
-0.7884347,-0.32825517,0.55953689,5.4923277,-4.67923735,-5.79270271
1.52927982,-4.12473982,-1.58682076,-5.08039779,-3.58543281,5.8987766
-0.39942627,0.65973303,-0.01037644,4.42485156,-5.56453774,-3.74350556
-2.92239234,-2.82475194,1.52012988,-4.48072778,5.04520025,-5.86151788
0.84731343,-1.140489,-2.77890679,-3.8935237,-4.23393739,5.70044759
0.59214636,5.6387159,1.18869903,-5.89989127,3.67180269,-5.3624392
1.61008956,-0.27489658,-1.21197301,-5.19155903,-4.02780544,4.380177
2.15599979,0.99957912,5.66942347,-5.65522607,-5.88772966,3.50308855
-1.42412883,2.49599432,-3.70052612,5.52945106,-5.56224834,-5.00201722
-1.15377391,-4.14634489,2.36433742,4.6241389,-4.08843706,-5.01117847
-5.11194155,-1.09563539,2.08006979,-2.90897245,4.59155614,-5.30710023
1.08998852,-0.17134161,2.48535405,4.05945914,-5.18740336,-5.52785836
1.46375576,1.12098011,1.35964503,-5.60430483,-3.81144689,2.91593257
0.14716265,1.17256991,0.73023299,2.64967142,-5.16018992,-5.94987934
0.34743114,-0.7953399,2.73444821,-5.67092294,4.87625526,-5.66771807
-1.05411473,0.98603893,-1.86204294,4.53902443,-5.71141558,-3.49210135
-0.2569953,1.21839163,1.93750208,-4.23421305,3.58340574,-5.43903012
1.64392801,0.82788597,-0.15080138,-5.93137267,5.2262224,-5.78036233
0.69226876,2.86007952,-1.27805781,4.82513243,-5.62681035,-5.31177122
1.26469716,-0.04961823,-1.23483396,-4.31684481,5.13588916,-3.55604609
0.78435502,-0.80844248,3.08533256,5.93437669,-3.21978683,-5.83592095
1.39788507,2.14117872,0.34831296,-3.86411753,5.33489401,-5.43145168
2.82115058,-2.91195489,-0.92157446,-5.99911253,-4.29016397,4.12075595
0.02395068,0.71548576,2.13838438,4.65089314,-3.74625079,-5.25217918
-0.45276594,-2.63639042,1.80414957,4.06144416,-3.28372337,-5.63927283
-1.83197467,2.11963659,-3.13928512,5.97951064,-5.23422707,-3.16807835
0.97025395,-1.7993159,-0.87750245,-3.76846536,-4.90380208,3.93405638
-5.29189609,3.12254513,-0.5838127,-5.75365955,-5.35445887,5.74278522
2.62260739,-1.35815625,-2.27161018,-5.43580178,-5.76011006,5.14512483
0.96030679,-4.79673789,-2.42098025,-5.8891236,-3.19684497,5.75924443
0.72395589,1.30230468,2.17515026,-5.52455508,4.96727876,-4.80985446
-4.29690361,-0.5133401,2.31891971,-4.01076095,4.7714648,-5.27726018
-1.1401549,1.89693485,-2.13703109,4.88011467,-4.23549468,-5.76986197
-0.84109545,1.55134602,-2.78614593,4.64470154,-4.09963593,-3.94828985
-1.7626428,2.68746448,-0.73260652,5.76134126,-5.67040132,-5.39407686
-0.48092151,-0.40721511,2.49081409,5.59442088,-5.09610495,-5.50646957
3.05481942,5.42471591,-0.36564272,-5.81512627,5.22287952,-5.93105404
0.30291698,1.11481253,2.02902526,-4.26442579,-4.43497861,4.95205487
0.04018892,1.76874841,1.56382969,-5.68558684,5.45265339,-4.09492509
0.57357329,-0.23646898,0.98630164,5.42661606,-5.90269237,-5.84933555
1.09271573,1.95369236,-0.28837107,4.42096793,-4.94416894,-3.14425817
1.020737,-1.69029008,-2.61574663,-5.98868588,-4.05288721,5.81331706
1.25486209,2.11797921,0.55268316,4.42939182,-5.23239281,-3.70413958
2.02276214,-1.32011099,-2.28202174,-5.39128778,4.96286169,-2.98097591
1.91773967,3.14005952,-0.01783703,-4.28560993,4.65664692,-4.98741295
1.00390974,2.01882851,1.83939855,-5.83511662,4.01635945,-5.71569736
3.31848141,-0.28428252,2.24189017,5.88544887,-4.99768234,-5.46899456
0.21231419,0.71071571,-2.97012579,-5.26828797,-4.7635366,5.47253837
-1.69547188,0.42754453,-1.41145667,-5.06659011,-4.14316069,5.16582766
-0.79816647,0.28564988,-0.73282651,-4.63470443,-4.65061311,4.15821397
0.77069519,0.32141137,0.62591307,3.04174597,-5.78087013,-4.32494464
-0.32736059,2.58956624,2.84470976,-3.11554311,-5.19326675,3.05792916
1.39157039,0.54149232,1.44662283,4.9445619,-4.89301189,-5.99400355
-0.30195777,-0.73315512,-1.92581833,-5.42663779,-3.59781149,4.38783084
3.5162761,2.77949561,1.2290754,3.06150717,-5.98928965,-5.38681166
-1.52214416,-2.52049883,1.13543332,5.09730787,-4.08069858,-5.94422758
0.52124368,0.66889807,1.59461122,-5.93315148,-4.80196791,3.76808814
1.33707874,0.22897286,1.36339852,-4.69725276,-3.13365892,4.32655687
-2.51587549,-0.90351963,1.63725809,-5.65472273,5.86016318,-5.06818135
-0.74901762,-2.88802877,2.73395076,4.26384707,-5.40811925,-5.70544993
-0.28785038,-4.13347658,2.39201756,5.11694465,-4.40454101,-5.91921444
0.69753209,0.03201255,0.55127224,5.94845563,-4.84611557,-5.00338141
2.77541533,-0.71314273,-3.04839155,-5.66389176,5.05864833,-4.79645512
1.27478355,-0.54572366,-0.42904561,-5.45478481,-4.38358049,5.31475588
-0.1805043,1.73633555,0.65006665,3.60500258,-4.8320859,-4.99428186
-0.85749718,0.47814707,-0.55434909,3.3678746,-5.4531647,-5.41980829
1.00926349,1.41185293,0.81869795,4.15383527,-4.61176433,-5.03363841
-3.01253146,2.11906207,-1.87564722,-3.82593123,-5.75041677,5.35454486
-0.48149529,1.07190527,-0.26590446,-3.71394293,-5.08373492,3.60302683
0.53103251,-1.3324905,2.01054999,4.82365573,-4.21483848,-5.95998194
0.18100742,-1.74778454,0.75725805,-5.15950684,5.06582705,-4.18588138
1.4094723,2.26588229,0.6474953,-5.87909741,5.13650718,-4.39997244
0.26629427,-0.07229155,-0.27317228,-5.5674497,-5.61787562,2.74221948
5.27295471,-0.05927321,2.22044839,3.43269027,-4.82131691,-4.9270938
1.13369706,2.57157517,0.1231654,3.09841367,-5.1243827,-5.17582327
0.26494042,-1.71871525,-0.14932408,-3.73067205,5.55357022,-4.65051061
0.04635897,2.05330997,-1.42131775,4.21468893,-5.74874948,-4.49625948
0.61436616,1.65313626,1.72642566,2.42117001,-5.68707788,-5.04482731
-0.29446173,-1.5807584,0.48428145,-3.23915222,5.93551021,-4.20654255
1.64865498,0.53336969,2.99988733,1.97902861,-5.69469271,-5.57218099
5.88202258,1.643257,1.38570825,2.62454785,-4.76217732,-4.74933668
1.23499516,3.15165857,-1.10626795,5.85143966,-5.74940837,-5.56636677
1.16635542,1.2355217,3.71961554,-5.98103989,-4.0286897,5.33683806
1.52319409,5.48759862,0.15731161,-5.9092866,3.00092122,-4.17905534
0.12399673,3.05881525,3.28104595,-4.46252076,-5.95291398,4.28290745
0.15440045,-0.79682785,-0.36906001,-5.54756376,5.88560665,-2.85462123
0.19683203,3.06835564,2.44125716,-5.01453983,4.57039787,-5.89953774
2.08909709,0.70451245,1.30271484,-5.71927743,-4.51481657,5.92305266
0.18468007,-1.01711823,0.09092669,-4.68374534,5.99709336,-3.22765527
-1.18728525,1.17987772,-0.81757956,4.98444127,-5.54406149,-5.12786806
-0.84335155,-0.78104734,0.75805936,-4.13824687,3.74661766,-5.20771307
3.56696788,-0.38630175,2.3394705,2.32894253,-5.55292493,-4.90658008
2.24194373,-0.20897495,-1.99454738,-5.24997573,4.51708902,-5.81080905
2.34414338,-2.34186877,-1.69722377,-5.83788705,5.23506827,-5.79301338
3.23361243,1.28978936,1.02680035,3.62635686,-5.69167488,-3.94641201
0.26646346,0.62349948,0.74410496,-5.46825539,5.24175133,-4.52057427
-0.30362761,-0.17770014,-1.55175054,-5.02664541,-3.2579291,4.91308326
-2.79410071,-3.7482172,1.23072157,5.56570401,-3.96147935,-3.72547856
1.50367345,3.82451556,0.758325,-5.64701072,3.54936044,-3.25460461
-1.91222811,-0.53050587,0.34319305,5.01587158,-3.60891178,-5.34373659
0.19954563,0.85728942,1.26158985,-5.93920589,3.670409,-5.44044196
2.91354986,1.22719059,2.19851177,-5.90301569,-5.56302273,3.98423308
-0.22472597,-0.49159208,-2.39053628,-4.46771058,-3.66300178,5.83348122
0.09693808,2.01300841,3.80080792,-5.85177603,-5.75582779,4.7209935
2.32282143,0.34883859,-1.88478795,-5.3510645,-5.60937483,5.95130174
-3.0369702,2.00887109,-1.02621498,-2.27711895,-4.87053702,4.01263975
1.51943646,-1.36200256,-1.55914641,-5.58613373,4.90101582,-4.80392953
1.11785542,1.46573491,-0.4561098,3.76182491,-4.75855528,-2.73658166
2.43014635,1.77085294,0.7611401,-5.66318349,5.26157367,-4.32079902
0.54766891,1.22677413,4.94719,-5.79913231,-5.5996146,5.96330076
1.24284241,-5.29340771,-1.37020048,-4.64685384,-2.44279575,5.06809959
-5.93312992,-0.7241309,2.17988877,-3.77992486,5.12609198,-4.86792419
-1.29026138,-0.05516527,-2.14699722,-3.38048762,-5.65351866,4.50315559
1.25630288,-0.11353228,0.4217172,-5.135123,-3.54474691,5.66766996
0.63048331,3.31586817,2.30635802,-4.11404575,3.22136021,-5.34670735
0.88862698,-1.01705453,-1.41882846,-4.91042428,-4.12292414,4.73890889
1.60149558,1.8646744,4.38695808,-5.27847528,-5.83401959,5.92773164
1.81368816,-4.61447671,-0.67132209,-5.64082178,-4.46400756,5.53662534
-0.66418747,0.71090064,-0.54938341,4.4546963,-4.77984377,-5.47329727
-0.42586869,0.61543554,-2.8566754,-5.64865055,-4.97040548,5.86400514
-1.54736217,-1.96871501,2.06197053,-5.48782095,5.78685422,-5.32361188
4.1283671,0.5328961,2.01506419,2.81899846,-4.44117812,-5.76831667
2.57537378,3.03328221,0.51472518,-5.90241635,3.71123195,-3.61086574
2.12357431,1.52771551,0.02184943,-4.75347703,5.35042383,-5.35939305
0.64796231,1.47205744,2.01658772,-4.04875704,-5.17822629,5.87174283
-2.14116907,0.23464768,0.27038524,5.88467878,-5.56537698,-3.91872018
1.07697889,5.3698705,1.6404596,-4.92202637,2.80951391,-5.33280533
-0.03639,-0.37310398,-0.12628687,-5.48572701,3.10429656,-4.68261392
1.44034905,2.85534082,2.07571353,-4.34972005,2.80702893,-5.09615355
-1.04457453,-1.53417828,0.58305244,-4.52997232,5.80278515,-3.3093505
2.53633081,3.46091129,-0.55563859,-5.96092884,5.40545724,-5.09528056
2.36045103,-4.76429719,-0.58409829,-4.49063912,-3.42762785,5.95798529
4.70436224,2.72634253,-0.24520198,5.26992735,-5.69838363,-5.57991421
1.45744472,0.88745857,1.49184123,-4.63330902,-3.93879876,4.03799454
1.39659248,-0.1890432,0.76388919,-5.87437511,-4.85885504,5.89784627
0.35309475,1.7949572,2.61575944,-5.08067552,-5.98754643,3.69618193
0.41051875,0.17202429,0.96367063,-3.60437706,3.47223116,-5.57746999
1.28131078,-0.32107518,2.27898944,2.79153802,-4.99249007,-4.88705223
-3.55518833,-1.89279722,1.10115702,-3.13131514,4.94888444,-5.58950833
1.6212572,1.98932624,0.23265038,-5.21397778,4.39222474,-3.43550034
0.92323534,2.11030484,1.4855948,-4.96649345,5.79131766,-4.67390877
0.59607076,2.18111556,5.4601144,-4.19427269,-5.83899235,2.29349741
5.88716358,0.31491535,1.47496384,4.58707163,-5.46849936,-5.21287807
1.48071107,1.11845772,2.90296043,-4.48723229,-5.88524124,2.23743794
0.23461633,-0.15151978,0.04170622,-4.54837878,-3.94566782,3.38049937
0.57866803,-1.87987504,0.7670116,-5.97229749,4.12442167,-5.72232207
1.16530641,0.31293651,2.00387975,2.19266306,-4.35421877,-5.48328334
0.12321591,0.04744839,1.02787412,3.52635889,-5.02021112,-5.99749521
0.31362709,2.60220413,2.31494474,5.06687574,-5.83022417,-5.99450121
-1.8923422,1.13073513,-0.90967328,-2.78039518,-5.0834905,3.41868022
-1.87654581,1.0477544,-1.65813038,-5.03769539,-5.78926463,5.17339013
-1.14281085,1.97901786,-4.82761079,4.95227788,-5.74231903,-3.90839514
1.8805083,-0.27689084,-0.43635658,-5.70495265,-5.60586472,3.38085542
0.50443399,2.68498215,1.34350618,-4.62929628,3.90954548,-4.74788458
-1.38966474,1.77716588,-0.85001185,-4.55041215,-5.5154118,4.25460989
-1.23199931,0.61318878,1.08821117,5.64764404,-4.40886415,-5.96448301
-0.43022399,-2.21151101,-0.07739754,-4.55354668,5.77571965,-2.10068921
-2.05351111,0.86741437,-2.32036771,-4.26010788,-4.18967108,4.80013768
0.56712531,0.01118358,-0.70178236,-5.53843138,-5.9130777,5.1952717
2.22714721,2.25805333,0.16603261,3.47357461,-5.25156196,-3.97496585
-4.98094814,-2.48487445,2.71235427,-4.17871292,5.34768963,-5.90328523
-0.70630028,1.57269231,0.44271567,5.04823668,-5.64753175,-5.12401354
0.61058173,-0.2812831,1.77537183,5.62455391,-5.26362362,-5.56798107
3.1997541,2.05835786,0.48169211,5.64470531,-5.60703279,-5.89140692
-5.58308652,-2.46362946,1.11736028,-5.09200827,5.76342207,-4.7049462
5.72242686,0.20200394,1.69852089,4.82420369,-5.56972039,-4.24417891
0.57823779,1.44143034,1.56198784,-5.84488024,3.66435581,-5.61886836
-0.75301492,0.07197237,1.26333292,-5.45229281,5.95203775,-5.79407474
-1.56483018,-2.05624107,0.71137111,4.19235945,-2.60314684,-4.32293282
-4.01078117,3.23539112,-0.39527465,-3.62274833,-5.91308237,4.90452008
2.6952589,4.27950296,2.42808484,-5.61941332,5.27053563,-5.853727
1.12443287,1.30613679,0.22321243,2.58307423,-5.92197081,-4.59046079
2.04837997,1.04356146,1.49535953,-5.50528196,-4.66881801,5.17457965
1.4383439,-0.25414574,-2.02007257,-5.09928238,-3.34860063,5.99299585
-0.70784186,-2.32879721,1.9882923,5.9329433,-4.3481929,-5.89525083
-1.58770844,0.74797253,-0.90256671,-5.89764148,-4.61363098,4.64072705
1.24562097,-3.36243238,-2.76803925,-5.59125341,-5.08681272,5.58899356
1.28252005,0.45408438,3.53457397,-5.64224517,-5.62539136,3.98975215
-0.68436273,1.38159907,-1.38150491,-5.0063676,-4.55111021,5.5741093
0.19235694,1.21600735,-1.02159408,5.73662865,-5.43760459,-3.26227097
-4.86393472,-1.32193418,3.18911243,-2.93140852,5.95924718,-5.31417386
-0.72110459,-0.73557786,0.22271969,4.98558039,-5.24438527,-5.38755046
-2.28896052,-0.10372715,0.43078878,4.77133749,-5.98401001,-3.9901219
1.54230389,2.25344075,3.94236526,-4.99200867,-5.64029009,3.44276396
-0.32576435,-0.06086879,0.05162988,4.3845963,-3.08618677,-4.25753085
0.09493631,2.62311087,-0.99856356,4.60525085,-5.09877673,-5.61351169
2.29034989,0.14201848,0.12613658,-5.26153466,5.13469105,-4.30825166
-0.48079594,-1.17638495,0.23989555,-5.96269545,5.03611546,-4.10573933
-0.55798272,-1.67006912,1.49670539,-4.58955794,5.15028361,-5.94085504
0.89404722,4.54848634,1.42262222,-5.05111597,3.62694017,-5.63165304
1.69163255,-2.20956946,-4.4172428,-4.77593625,4.99477925,-4.51103203
0.09881636,1.69509791,0.53092739,-5.9517645,-5.55071613,2.49631357
-0.40104831,-0.43013471,-1.76502776,-4.30380064,-3.86863432,4.57148453
0.11327756,1.30429115,1.27093198,-5.95123767,3.65520729,-4.27613638
-1.98535056,-0.95382358,1.2734183,-3.92104844,3.57870805,-4.64782735
-4.06372416,1.47178286,-1.70112824,-4.46342509,-5.13329947,5.48351958
0.09005534,-0.14744154,1.54951865,-4.74298396,4.1329502,-5.69824575
-0.84468747,0.17580971,0.88995666,4.91496089,-4.95420399,-5.28946789
-2.45982038,-2.00869418,0.85703688,-5.53232723,5.961831,-5.30070818
1.21549068,-0.25670416,2.73672076,2.81421837,-3.62026727,-5.12548428
-0.50445998,1.45920506,0.99777674,-3.90971742,-5.85379931,3.31940908
0.49305231,-1.1259582,2.61941431,4.9670989,-5.01480023,-5.83309596
-1.76596196,-0.65333115,2.43333014,-5.29934051,4.86749828,-5.99877569
2.39201748,-0.63570162,-5.42882033,-5.60270784,4.6181214,-5.4514957
1.2832591,-0.72127069,-1.02303577,-5.00276752,3.14179708,-3.53284507
2.02318357,0.00506869,-0.67980268,-4.96617234,-4.09423853,4.4122344
2.22409863,0.20158665,1.46756235,-5.62590887,-4.71206403,3.01882175
1.05034777,2.62262397,0.62689063,-5.46321926,-5.98947158,5.71887361
0.6097968,-1.5891345,-0.86633833,-4.53733023,5.86123139,-3.92044825
1.50112954,0.88092202,0.49988965,-5.28421753,-5.55802364,5.8993614
1.86981687,0.12623899,-2.82875426,-4.8931502,-5.86874651,5.60286723
-3.25592009,0.29927913,1.40879619,5.39713773,-5.77610234,-5.78182066
-4.20112237,-0.9231785,2.85233215,-5.36935216,5.01523563,-5.89821089
2.9709885,0.54525832,-0.88043568,-5.13649619,-5.10999094,5.9390627
-1.41084295,1.4083207,-0.17286012,-5.88873637,-3.70191601,4.68538058
1.28458603,0.58230337,-0.34222514,-5.9938588,-4.78041398,5.349316
3.36328915,2.01554988,0.89795229,4.42095554,-5.75789514,-3.55356311
-3.21862784,-4.54312954,1.26494157,5.60136981,-5.94551329,-4.31788918
3.92500406,1.89272385,1.07031353,3.04452669,-5.98244926,-5.77476088
0.74273254,1.99944323,-1.99356788,-5.88899081,-4.43478791,5.32589484
0.73815528,0.90248905,-1.16641071,-4.7440165,-3.95840241,4.26980657
0.39521489,0.25181879,0.47408512,-5.84685301,-3.75101215,5.75023578
1.21828701,0.16311862,2.59857978,-5.23896281,-3.39687054,2.71384006
-0.26767539,2.59283246,0.81194576,-4.43101411,-5.3459566,4.8099695
0.29993327,0.89177234,0.79638784,-4.12405326,5.25652305,-3.84694059
0.32465507,-0.13182286,-0.16648365,-5.64884587,3.783186,-4.82317867
1.18659945,1.00452239,-1.15212236,-4.99915671,-4.08771501,5.02387876
-1.86667714,1.70158859,-0.67518713,-5.99734332,-5.46064964,5.0291886
2.23646098,0.28910393,2.93526692,-5.51682338,-3.50349756,3.13135552
-3.2678482,1.08028954,-1.65439822,-5.35053063,-5.3716423,5.52150575
-0.67811764,0.39673744,-0.35266977,-5.74851232,-4.98442424,4.87796027
-4.0470237,-1.10189437,1.86816622,-2.75323803,3.84293803,-5.27129075
-0.42013627,2.17629276,2.95859306,-5.46212614,2.76092026,-5.64047763
0.18871963,1.79725901,-0.09605847,3.6578829,-5.84894552,-4.44423411
1.42504846,-0.79685082,-0.4477648,-5.73010088,-5.01818094,5.10872879
-4.74785214,-1.07249173,2.51658079,-5.62264791,4.51920196,-5.84514083
1.37932713,0.5742002,5.94473972,-5.67324979,-5.18092306,4.67549869
2.10561251,2.83019277,0.44877485,-5.74689691,4.303337,-5.78139694
1.59338671,-1.32819004,-4.9676013,-5.03115728,4.21776371,-4.30372294
1.86725932,1.41817889,4.23881026,-4.85011304,-4.39446053,3.94977114
5.46300306,0.37344114,1.66390358,5.60548388,-4.67791849,-4.86262893
0.34308932,-2.08360097,-2.06360772,-4.98163448,5.88838923,-4.68999455
0.88188557,0.25499625,0.6282003,5.8361107,-4.49976996,-5.15637589
0.77510877,-2.20264265,-2.21805112,-4.16342972,5.03695272,-3.83923374
0.2437975,2.46185441,1.69450193,-5.20531796,3.43431606,-5.85495738
-0.96587793,-2.96072316,1.37849805,4.28249045,-3.83822088,-5.15252107
1.92471239,-4.51202736,-0.73072107,-5.20222655,-2.47758159,5.79132078
-2.06948633,1.16144045,-1.12122504,-4.039767,-5.34430418,3.68620907
-0.01950939,5.10780511,3.2647703,-4.90418364,4.88898259,-5.61951994
-0.8152318,1.63258279,-1.86739901,-4.44323505,-4.51028162,5.56739173
0.99362991,3.65883977,0.76185854,-4.79904393,5.7400848,-4.44194578
-0.69097576,-5.901031,2.06970414,5.28534454,-5.99385966,-5.67714195
-1.35555244,-5.49311143,2.807244,4.70770923,-3.98159667,-5.85728592
0.57664975,2.37600913,-0.83958975,4.91811681,-5.25485554,-3.45923512
0.47416038,0.71176826,1.51872761,-4.38646396,4.18540881,-4.96843721
0.87668103,-1.99518455,-0.78914145,-4.8032647,5.95418921,-2.69994562
2.70062382,3.62718331,0.42610953,-5.03866029,4.94022638,-5.46548447
1.73859365,-2.85763255,-5.8747778,-5.80332908,5.55581423,-4.59257775
2.47112571,-0.51300152,-5.28757868,-5.69021755,3.53205643,-5.4574675
0.12010283,0.09776343,-0.09287742,-5.52090545,-5.6429246,2.33411583
-0.69923549,-1.67734122,-0.30692819,-3.19499341,5.48665385,-5.14635004
-0.5243646,0.58241984,-0.68133847,5.18684294,-5.44936772,-4.36861809
2.15037751,0.54670097,1.0482532,4.32643753,-5.78755011,-5.93645728
1.62293053,-0.94742317,0.25531957,-4.91345977,4.40946611,-5.22022163
-1.73908508,-3.04407811,1.78202604,5.11950257,-3.99327752,-5.82985486
1.2286744,1.56864385,0.17047456,-4.71375247,4.65419925,-3.66512989
-1.41842436,-0.600464,2.88602707,-4.68809449,4.71212387,-5.62320276
0.36916607,0.78962427,0.59957041,-3.90084431,2.85630663,-5.92082113
-2.44553396,-3.0017905,0.58409883,5.91355523,-5.72603008,-5.04241909
-0.37404657,0.377447,-0.22565317,-3.82170437,-5.63701402,3.94800478
0.85651984,1.58529351,0.92241014,-4.88725476,4.9033466,-5.46096841
0.63943281,-0.73498237,-0.99546886,-5.34482738,-3.02532054,4.29925638
0.8147649,0.45505324,2.40826082,-5.8884953,-5.82363436,5.34886094
-0.93984578,1.14078478,-0.28889428,5.76771942,-4.94281681,-3.60922664
0.40881674,-0.93255881,0.92684489,-5.95632732,3.96108553,-4.12664967
-1.50490476,-3.41449336,2.10856009,5.83550304,-5.30869265,-5.74443049
2.32907822,0.35992383,1.25921028,4.51398954,-5.46538117,-4.21450074
0.2226944,0.43410569,0.22192336,-4.81039385,4.57641183,-3.68188082
-2.07198446,-2.69810327,1.74327088,-3.24294428,5.81215454,-4.91526939
-1.27890656,3.31271785,-1.70919752,-4.0682132,-5.72615143,5.90725335
0.38066465,1.71113537,1.03806969,-5.16606488,-5.98375664,2.93249431
1.12384568,-0.22788378,-1.23959993,-4.73840022,5.54659832,-3.91389016
