5.43290527,-1.92602236,5.62011702,-3.3452026,4.11283873,-3.51065635
3.86723672,4.28405783,-5.83809348,-5.07842876,-3.57937721,5.23664608
5.16517275,4.20682914,-3.52862413,-2.48887722,-4.85007511,4.27044558
3.60477321,-4.65929884,4.72945092,-3.06905744,4.34791166,-5.65224327
-4.6965046,5.72233915,5.28006357,4.34827085,-4.12893272,-5.78278278
-3.61555392,5.02642499,4.43301447,4.51229866,-5.27872267,-3.10568368
5.61696979,-3.69641709,5.59266414,-5.36480631,3.21111552,-4.72911967
4.57676084,5.83736827,-0.771829,-3.87877364,-3.52504483,5.76901771
-4.58513868,5.78097185,5.10938366,5.59703112,-4.32789714,-4.30372896
4.95441747,3.58454934,5.28976534,-4.74026179,4.94625485,-4.02326109
-5.8833906,5.42995035,5.77846582,5.46250038,-3.90819229,-5.54404984
-5.73578089,5.73665189,4.20687725,5.48361569,-2.41536066,-4.67955961
5.41874325,4.17463369,4.62575784,-4.08008242,4.92208949,-4.36611911
4.7360603,5.16662268,-3.68491831,-4.11862407,-4.07451513,5.03506528
3.89611916,-5.17823935,3.62492004,-3.0912021,4.70006035,-4.39030309
3.98209949,-3.9940153,5.96011375,-4.87129213,4.30622769,-3.38339786
-1.05551786,5.23864602,5.2415923,4.36478303,-5.23936598,-2.70394159
5.45787974,-3.86284909,2.04935561,-4.39145723,3.14095612,-3.44254023
4.41457997,5.53231997,0.05051707,-4.66011432,-2.80616772,3.22246349
3.10042942,5.90362931,5.95122229,4.80617895,-5.27789497,-4.16953866
-3.11082705,3.95364546,3.17036632,3.76905359,-3.87539565,-2.47324186
-4.73707613,4.33970753,5.91961309,4.39650153,-4.98695002,-3.35666709
-5.82047593,0.45907362,5.85195877,4.28582878,-4.72263422,-3.79114858
-4.21680072,4.05867176,5.55167232,4.6304091,-4.09443428,-3.86725008
5.77963067,-5.00955505,2.49439254,-4.60589946,3.72904663,-2.97739151
-1.58145636,5.54138714,4.86812645,3.89009539,-3.29804935,-4.35521878
5.16502234,-5.1360906,-5.81133419,-3.17857115,-4.87688276,4.28164381
-5.76382224,4.91304694,4.77824518,5.34796182,-5.17827004,-4.77839052
5.8144071,-5.73675588,5.93522464,-5.77455604,3.07741527,-4.79710816
3.43775433,-4.9974984,5.08510511,-3.15423597,3.74396816,-3.73217165
5.87744781,-3.53319278,4.20341243,-4.38794001,3.35149794,-5.10166211
4.62273862,0.94449654,-5.48337842,-2.9804683,-5.58817801,4.14625493
5.19315667,4.25683598,-2.98027225,-4.36301283,-3.56920873,4.06653484
-5.49982457,-0.45397681,4.43260218,2.43007646,-5.6786346,-3.61822626
5.54533815,-1.29858163,5.05086855,-4.74559429,4.06405864,-4.16987545
4.76910128,5.85554422,-4.69139855,-3.48481603,-5.1833373,4.24428742
-3.93002758,3.77449812,4.09639822,5.23917798,-2.72506155,-2.94797219
5.72488657,1.67542629,5.36331286,-5.58299718,4.39849004,-3.74358241
5.38182699,-4.8463257,5.61595862,-4.17959126,4.60618416,-5.20442065
5.83882644,-3.75271031,3.61473206,-4.88332591,4.73157269,-3.16894696
-5.58321202,4.60158578,-1.59607453,2.14105542,-3.48507289,-4.92349519
5.25579055,-5.72230506,-2.77978211,-3.88948908,3.78384691,-3.56071202
5.22477575,5.70523429,-1.64428494,-4.61049405,-5.29777909,3.32490113
-5.50711655,4.6903948,5.79541677,4.17430539,-2.61036488,-5.73946517
-4.52086814,4.8423981,4.06630664,3.9453696,-4.18433468,-5.09670903
5.162367,5.82004075,-1.441227,-5.2788587,-3.37527389,4.25299099
-5.29211348,5.28696271,-4.61005686,3.07096447,-3.71029453,-5.72704425
5.48437985,-0.15462099,5.84906392,-4.72685499,5.57972838,-3.62395675
5.70721613,0.43395453,5.35584034,-5.3218647,2.54130316,-3.78071526
-5.68994214,5.90896201,1.91192671,4.46712158,-4.35840127,-3.61629056
-2.27523153,5.75771324,5.45945305,5.73917188,-4.53829951,-4.21003546
-4.89587569,5.74420557,5.88758556,4.32162306,-5.25642025,-5.22228869
4.40851333,-4.19410679,5.82199958,-3.30905852,2.59400778,-5.38765666
5.76396576,4.91579793,4.19807201,-4.17756849,4.09452718,-3.79854638
-0.43199631,5.92945306,5.63854118,2.91979603,-5.77288305,-4.57071157
5.31416453,3.62609848,-4.2676071,-4.78726314,-3.39996002,4.98176925
5.99492303,3.16130882,5.37966356,4.81663663,-2.97998255,-3.22270257
1.49981902,-5.88468335,5.57808489,-5.31752208,3.5752866,-3.22862151
5.64509844,-5.98639748,-3.1253722,-2.6801657,5.13870012,-4.17081242
4.62024978,4.70953907,0.58156946,-3.089337,-3.66253447,5.83832329
5.08517854,4.96113689,-1.35739442,-3.41506326,-4.10887832,3.41276242
1.99418599,5.94980723,5.80459513,3.99021798,-5.03118734,-4.2205966
-4.84754958,5.60143986,4.58427137,5.22950942,-3.55563255,-3.97323699
-0.02369407,3.56814606,5.79005769,5.99659096,-2.86435091,-4.48567558
3.27649197,4.17682908,5.39322851,4.51679678,-3.39836454,-4.53139483
5.33756471,4.35998579,-3.64361279,-5.60844178,-3.06554289,4.54699491
5.7671951,-1.64534665,4.34176735,-4.09604301,5.60734213,-4.14520604
5.20157596,3.74279443,-1.87484077,-2.73886278,-3.30969664,3.73140148
5.75461458,5.2391401,-5.68797222,-5.28256502,-3.04897027,3.20760281
5.40059509,3.8986878,-3.36043872,-3.16881577,-5.06705649,2.93601291
5.40300535,4.13047884,0.29498153,-4.40490443,-3.79912593,5.70528561
5.71234706,-3.50330408,4.71283072,-5.3812241,5.85824396,-2.63308697
-5.52655429,3.76682707,5.44223545,5.98546819,-4.72420001,-2.70224179
4.05696963,5.96798473,-1.45319712,-3.60951466,-4.54089046,5.43722971
-5.80866182,-0.99198698,5.03612056,3.16997549,-4.44530125,-3.45105427
4.78129138,0.10557309,-5.07598422,-2.88365639,-5.78811967,2.98562509
-5.16188738,-5.87678581,5.797713,-3.92977944,3.94626903,-3.9627075
5.0086624,5.20600737,-3.57983715,-3.18026478,-5.27506251,4.76054846
5.38593193,3.85406046,5.71403735,-5.60351212,5.71612325,-3.6005294
3.73850492,5.28071629,4.22236907,-2.90966418,-4.69510816,4.06765966
5.48068642,5.10805701,1.37054162,-4.40204418,-4.5995755,2.4327137
5.63510307,1.28490866,4.10222911,-4.21895891,5.16480774,-3.73695402
-4.61511763,4.40036913,-4.97376652,-5.75022199,-3.18716475,3.59195996
4.80696257,-3.55425938,5.35070252,-5.57723154,3.13786518,-4.77231515
3.99402437,2.28865229,5.79202152,-3.42260846,4.10010539,-4.53653895
5.74788043,4.4059069,-5.87073642,-5.55885288,-5.90923004,3.14405723
-2.47772464,5.51819961,5.28696174,3.82377975,-4.96061077,-3.24663546
-5.49491166,-3.27645629,5.88739172,3.25926827,-5.99231709,-4.50800193
4.47544936,4.32897811,-3.24246578,-3.3733228,-4.39765865,3.86852639
4.93851367,5.68218526,-5.75354892,-5.25334038,-5.13607916,2.46565853
4.89288783,0.03007853,5.19458149,-3.06466583,5.81275221,-5.33023724
4.75621159,-5.65569732,-1.38200755,-2.54969375,4.34471596,-4.40675253
3.22961821,-5.22324405,5.27433145,-5.02378263,3.51475279,-4.09266337
5.35615835,-5.94932022,-4.6452161,-3.82700762,-4.24698616,3.33893232
-5.99008956,-5.22336098,5.88665016,-4.52359491,4.56519483,-3.8548536
4.57882356,-5.69137539,-1.05741861,-3.57199602,3.95782552,-3.49646098
3.41392555,5.26713488,4.24739331,4.30212811,-3.66788269,-3.3878555
-2.91299645,5.81105409,4.65471723,3.77143142,-3.1628796,-5.72931912
0.95666611,5.02124446,5.13902895,5.06123271,-3.89298811,-4.22506083
5.44072645,-5.27015501,5.02689978,-4.50694931,4.23130448,-3.59956638
5.65004842,-3.41736861,2.51786494,-3.57607585,2.78206436,-4.65091858
3.16922175,5.61723777,4.75389596,4.47272732,-3.45005915,-3.9644945
5.6740052,-2.81540641,4.56188814,-5.46118298,3.40202358,-2.86459383
-3.74193942,5.95476551,-5.57209741,2.19226653,-3.65920892,-5.05198372
5.59281719,2.5320375,4.80832512,-4.34155002,5.74212644,-3.06849236
5.4505034,-5.8684888,2.72050392,-3.35299961,4.94899043,-2.83156442
-4.33619987,5.57399704,4.23465007,4.23912753,-2.94464125,-4.03094242
3.03488818,5.87246531,4.38262973,-2.85525754,-4.34823608,4.47504226
-5.82066749,3.23430651,5.59443421,3.75138386,-3.66421211,-3.84047536
-4.17389354,-5.29780945,5.74366748,2.54173157,-4.50596027,-3.65261761
-1.62383189,-5.8870068,5.76780629,-4.50010448,4.63291366,-2.92439038
3.42657857,5.73858421,-4.80323625,-5.62304015,-3.89710506,4.58261915
-5.71380413,1.48319647,5.59730337,3.65067905,-3.96504618,-4.81917667
5.43237405,5.18723059,-4.02834225,-4.01877412,-4.49652018,5.50571633
4.69771945,5.98638153,1.6166344,-4.51389346,-4.04955469,4.83778027
5.89986525,-4.21797983,5.95246887,-3.97839646,2.64595371,-3.48863037
4.79273101,5.78115385,-3.57185129,-3.26592908,-4.22784243,3.29013652
-2.89857953,-3.49424644,5.78544951,-5.21390516,2.47743683,-3.90906475
1.19747431,5.91804709,-5.98648404,-3.23784894,-5.023201,3.82341659
5.68577891,4.03309743,5.46229546,-3.44945653,3.98263717,-2.90204065
5.69910459,5.5609295,4.70761648,-2.85696859,3.51287495,-4.54388906
-0.02316681,3.46876803,5.83260308,4.47724526,-3.5964017,-3.10947712
4.03115847,-2.11316776,5.26579051,-4.50224147,4.65124235,-2.69806179
5.16664589,-4.17553335,4.46978353,-4.10298416,5.25526123,-3.93373098
5.70561491,-4.33291433,-4.60545179,-3.47205262,2.54401511,-5.1713772
4.86116418,4.78754788,-5.79712352,-4.32448349,-4.88211711,3.49123606
0.57202811,5.39374803,5.28241514,3.56883779,-2.96492241,-4.70121857
-0.8256692,5.59298751,5.94069617,4.8605589,-3.15496921,-4.08453867
-4.94138831,5.09061251,3.98977288,2.77491412,-4.65278994,-5.17557475
3.70273598,-5.48772428,4.35635381,-3.6879097,2.85513615,-4.67809623
2.56822972,5.98539426,2.86604012,3.65581182,-4.41442891,-2.66226499
-5.83447304,2.11011566,5.23760585,4.50292168,-2.79818669,-4.20172289
4.38125413,-3.56723557,-5.26980387,-3.19910018,-5.24811691,3.05697718
3.86379824,-5.40674947,4.15360531,-3.65103826,5.8966671,-3.8235471
4.87275304,5.50265252,-2.51409345,-4.27380584,-3.99229312,4.89067148
3.67524431,5.92470191,1.28064524,-3.36069294,-4.04637902,5.7607767
4.69671446,5.61683981,-5.52116942,-3.14145131,-4.18496456,5.01969787
5.99175431,0.96173577,-4.21575855,-4.75866431,-3.85829498,2.82134956
4.58547657,-5.89952455,4.57509167,-3.99742822,4.4502434,-5.22546036
5.50180826,2.46103752,3.96065781,-4.73560449,4.98238163,-2.97459501
5.14901938,4.08733879,-5.41267824,-2.35016618,-4.6268112,4.50112826
-5.22267609,3.79170943,5.04909033,4.57152837,-5.21417553,-3.38928299
5.58574987,5.09026388,4.81993167,-4.54026041,3.33108238,-3.13914638
-5.07602737,3.43804821,5.24172311,4.85794214,-4.47004725,-4.42168717
-5.9566589,5.74788169,-1.85366265,4.11417032,-3.98524897,-3.89247969
5.15804799,3.60651571,-3.9210906,-5.45735308,-3.95679392,2.49127997
1.71574295,4.5082781,5.7944737,4.49203002,-3.52770281,-4.97303944
3.91387893,-4.79782838,2.95147688,-3.06860064,3.89628697,-2.7488716
5.61576842,2.92319126,-5.18428698,-3.98920246,-5.51810728,4.15031584
3.25193957,4.42501807,-3.77800952,-3.20683969,-4.47235198,2.68713692
1.00156984,5.67759493,5.27193046,3.27113128,-4.02944131,-4.68020497
3.09090544,-3.93306986,3.60510203,-3.20271093,3.05182188,-4.13496601
5.23283803,-5.67922291,4.52122873,-5.64756673,4.94546074,-4.36673748
-3.94966914,5.89942272,4.41948635,4.68485066,-4.97808423,-4.30190565
5.91464556,4.75359939,5.03394506,-3.07687072,-4.95526178,4.78034793
4.07275288,5.12402394,-0.69964382,-3.36102435,-4.56876862,3.34741725
5.79970565,1.43798517,4.78981023,-4.32970742,3.81642117,-4.65715861
-3.88199089,5.92402061,-1.87786135,2.21318248,-4.60273116,-5.09828119
-4.94459057,5.14337413,2.76925266,3.2514465,-3.73147362,-5.51404058
4.6762365,5.32882291,-5.75706061,-4.55188025,-4.03085565,3.02697235
5.08244138,-5.82569546,5.02922477,-4.93172979,4.73011134,-5.0211208
5.30976747,4.98984704,-5.96483802,-4.16786519,-5.15380466,5.04179713
-1.30305786,5.76199117,4.84748796,5.82410213,-5.18072139,-3.79054579
4.94581897,-5.39688143,-1.99558376,-3.66092059,3.6283847,-3.48893235
5.73151491,-4.66317106,3.61039752,-4.66540029,3.52854978,-4.1101923
5.68039523,5.59064033,-2.21900592,-4.50251294,-3.01979856,5.13598728
2.84534424,4.09109217,5.85888728,5.78046255,-4.14691671,-2.73474704
-5.08621727,5.33498516,3.3220484,2.91910469,-4.7216549,-4.53753056
-4.97462717,-5.10176562,5.28086481,4.16776218,-5.71944799,-3.44694042
-5.3887326,5.3780189,3.71252179,3.28228977,-5.57865773,-4.03327868
-5.51146054,-5.50955246,5.73758415,-5.70928033,4.41067746,-3.21880999
5.8790495,5.76410752,3.01297441,-2.61280574,-4.18264094,5.70189965
-3.54873571,5.40089707,5.16358449,3.48654425,-5.44504256,-4.79535012
4.6087491,4.58788832,-5.90683321,-3.28434651,-5.73469405,5.05528199
4.66166838,4.88385711,-0.22938376,-4.38480307,-3.37672981,3.82345501
5.7312311,4.83540653,-4.4271807,-4.47588131,-4.07137528,3.32522593
5.96927921,5.86139678,-4.42612355,-3.2988668,-3.88421813,4.22423589
4.63623136,5.8753576,5.8863523,5.39030829,-4.97384688,-5.24045009
3.57710647,5.3517819,-4.71817555,-3.49500666,-3.46535405,5.36467756
5.39363134,5.89858477,-2.73042988,-5.21536888,-4.03225604,5.29072958
4.4900323,5.35546065,4.95643896,5.02528873,-4.7038243,-3.51332083
5.79409561,2.04473105,4.941523,-5.67724301,2.81676411,-3.17176905
-5.77619222,4.10120789,4.34759277,3.40062933,-5.54007366,-3.32043021
5.64400549,-5.23430157,-5.8254454,-3.68249424,-4.65691173,3.0308792
5.4664117,5.89721413,-5.95872418,-2.80184103,-3.60304436,5.24153502
3.95512985,3.98314382,5.14196724,-3.37297406,5.8257109,-2.50137121
5.77000214,-3.85590671,5.92596353,-4.12021899,4.88158949,-4.55857097
5.75931383,-5.41172379,4.48740942,-3.85613643,5.82768424,-4.50948718
5.85391949,1.07335308,-5.79168381,-5.38622658,-3.61164897,2.60069692
-4.19565176,5.71292945,5.56941458,3.55008225,-4.20413329,-3.1060172
5.64017744,-5.21840631,2.83903763,-3.78391178,5.48653668,-3.1597296
-3.59093511,4.72035601,4.74134577,2.91256918,-3.80568262,-3.03881449
-4.20562207,4.60766947,4.61448915,5.63093486,-3.09842868,-4.51708259
-3.31774095,5.00806729,5.47150877,4.52122703,-5.41295722,-3.7320134
5.84194235,2.53762819,4.98998377,-4.53128749,4.25033736,-4.20454053
-4.67017333,-2.19617715,5.87980379,2.94688753,-5.58068002,-3.4768273
5.57565289,-2.59607622,3.64343827,-4.59525898,5.23488999,-3.33490653
5.73102206,-5.37569834,2.49141991,-4.99551074,2.57789022,-3.44298986
5.28524311,-4.54588045,3.88211491,-4.33139244,4.34084209,-2.97891917
-1.54376418,-5.7927487,5.79184268,-5.48996857,2.89265113,-4.75902633
-2.67290864,-5.84017363,5.67224845,-5.78323193,3.2151585,-4.50632276
0.0600131,-4.9243089,5.05665596,-4.97453371,2.99023351,-3.82525168
5.97153574,-5.54925431,2.61395894,-3.4425369,3.15764718,-3.68706572
4.54381299,-5.12384599,-0.14813007,-3.61104084,2.62372621,-5.35037505
-2.1281067,3.92154523,5.01654726,4.39906291,-3.16546565,-4.54032072
4.64963864,5.85484618,-1.18864748,-3.34956397,-3.51711811,3.66954416
5.2728891,-1.01402865,-5.47774897,-3.42320042,-5.71745804,4.55959384
5.03582144,4.17436098,-5.81168045,-2.7910592,-5.40151788,5.27855741
4.80640495,4.91452441,-2.25680817,-4.13094324,-3.21111941,2.64867805
3.18367312,-3.64199469,5.5887207,-3.76036227,5.73793084,-3.32440643
-4.32361238,3.45666257,5.30900413,2.88139745,-4.15491265,-3.59967751
5.01732978,-5.87376409,2.64704569,-4.68618713,3.69640269,-2.85807914
-5.5341823,4.41220403,5.54711092,5.93210194,-3.76100679,-4.84004745
4.80132812,-4.04712513,3.77386593,-5.63632482,4.18463508,-2.47175906
1.98166518,5.45317065,-4.48620254,-5.7840989,-3.72255148,3.73002238
5.86552165,-5.44341792,0.74069975,-4.11970391,2.62417391,-5.11918349
5.9103146,-2.26569833,5.29280723,-5.97559679,3.52852756,-4.48218788
4.29739341,4.82803804,-5.91019784,-4.17005187,-4.41174459,3.10986136
0.37190256,5.56269206,-4.68188287,-4.41349649,-3.08993031,4.28617258
0.88681484,5.56557286,5.63439858,3.36588299,-3.9760267,-4.0895739
5.8688389,3.79991326,-4.59773799,-5.05206654,-3.67131387,5.95271779
4.52615402,5.73254633,-2.45506638,-4.26223174,-3.53248776,4.35452308
-4.85256431,0.61036308,5.38391406,2.79481045,-4.41300554,-4.30664155
5.0739384,4.50248345,4.47303341,3.10360899,-4.28453932,-2.81794743
1.36537779,5.44297494,-4.28841434,-3.77015443,-3.14717237,4.30597494
4.65265216,-3.05368531,3.26033319,-3.42803951,3.97263588,-3.58346768
5.55271322,4.83512417,-2.60901736,-3.48106153,-4.28972689,4.92883381
5.62641077,3.98387346,-5.07515238,-4.60600982,-3.85853905,5.62517728
0.69873046,5.26102479,-5.19949824,-5.31905461,-4.08354272,1.78997888
-5.82091524,5.44499805,4.64394553,5.99471567,-5.86670963,-4.00074781
5.99025406,4.92359946,-2.87324493,-4.76939624,-4.86815695,5.72418369
-4.91418408,3.53527135,4.60120983,4.71314627,-5.31011964,-2.30151429
5.78138847,-1.64502155,5.97026381,-4.89495385,2.63410823,-4.58109786
4.67906272,4.47347776,-4.58226967,-3.65791949,-4.34887496,5.48171029
-5.22001299,5.83332574,-4.91196863,4.69255667,-3.03830951,-4.78840678
5.21622068,-2.68945185,5.45645588,-5.5327812,5.61240774,-3.26617622
5.99414173,5.65867942,2.3544638,-5.27541038,-3.10686324,4.32556866
-5.66268269,4.4916334,-0.42301709,3.68737038,-3.67526409,-3.37290105
5.57410361,-5.44247925,2.83709479,-2.36949074,4.65448663,-4.83244375
-1.00139352,5.25986899,5.86884867,4.46045474,-4.47563724,-4.72531169
4.73592623,-4.25057267,4.43344642,-4.51984069,3.61636157,-4.71442297
-2.82086842,5.27685088,4.42772203,3.33214661,-4.30257052,-3.53035261
3.95936893,3.632045,5.76270549,4.02589476,-3.99060113,-2.63594883
3.08940672,-4.75064981,4.45989547,-2.30921732,3.77397714,-5.27958126
0.65748659,5.61170319,5.24538982,4.59719612,-3.56864416,-5.03947623
4.49439408,4.45021138,-4.60291804,-4.34950218,-4.09460466,5.27089195
-4.60406455,5.02270378,4.78737213,2.05511842,-5.42182378,-5.13033383
4.80862944,5.99401301,5.81303345,5.6583594,-5.15778198,-4.79216649
4.11371206,3.15150989,5.56647681,-3.69186052,5.92527359,-4.25322573
4.43704272,-5.50064604,5.32316843,-3.156938,4.53990215,-4.56020604
3.33516076,4.7603577,-4.76893821,-3.12548389,-4.51377091,4.89525462
-5.89931996,3.32656803,5.68513993,3.16789432,-3.64795279,-5.41275415
4.20317513,-5.23148901,5.53758293,-5.34711876,5.24070086,-2.87422709
-1.5396643,-4.31795716,5.26839836,-4.99213055,3.67630299,-2.95077912
1.45064378,4.21769102,-5.59462533,-3.26867474,-3.4235868,3.47545227
5.62024051,-2.04422939,5.82547247,-3.61657253,3.35707843,-5.23695443
5.42042818,5.18974276,0.66201571,-5.1595786,-2.65269858,5.41441065
-4.04629038,5.45847222,0.65707815,3.22535476,-3.46981633,-5.92384541
3.69471769,5.90226689,-5.20264812,-2.23649924,-4.88778792,4.84046939
5.58062975,4.4931156,-5.39432964,-4.72191241,-5.81098889,3.99201556
5.62374924,0.01176757,-5.41005892,-3.81748799,-4.12149115,3.98535328
3.17605911,-5.99417752,5.46275902,-5.94561675,4.68628843,-3.73685769
5.96462651,5.64317463,-4.45085396,-2.88200066,-3.77927677,5.14643968
4.32128031,4.55868408,2.43583373,-3.18831332,-3.28683638,5.6510365
5.41583623,2.28447844,-4.85030924,-2.81207124,-5.31463507,3.92599412
5.5638736,5.84746533,3.57838513,-3.41436021,-3.27807463,3.8507601
5.73805154,-4.5616536,-4.65403592,-4.37802699,3.30848779,-5.93271257
5.55785952,5.34368025,-4.97702522,-5.12259616,-3.63947874,5.42279439
1.14426024,-5.93884224,4.55399089,-3.04079703,4.75429898,-3.13205562
2.68422588,5.85016044,5.69297781,3.81025795,-3.34734863,-5.05081387
-5.87704602,4.72028121,2.16196552,4.22759448,-3.15955202,-3.21446847
4.64027432,0.2001869,5.59120555,-3.11326512,5.0841317,-3.79170525
-5.92299002,1.73659635,4.65609555,4.00986024,-4.37317256,-3.51639938
-5.57421375,3.69732672,3.79963819,4.40709438,-4.46744058,-3.31500626
-5.0070487,5.89887682,2.62192613,3.08387324,-5.12313293,-5.71006824
5.69213832,-0.89071603,4.80254743,-4.21838697,5.2016929,-4.47957708
-3.72808248,-4.76031379,5.85703817,-3.8682573,2.88428727,-3.41724992
5.59306441,0.83772649,5.15250313,-3.58119308,4.93216525,-3.67420618
1.02841713,4.55088652,-5.91042346,-4.9198244,-3.41347893,3.74538075
-5.07348795,5.71323756,-2.41120408,3.50050365,-2.89636757,-5.06597594
-4.58339735,3.01217385,4.37327626,4.10001926,-3.92556201,-3.32018467
2.64962688,5.91825793,5.34602399,3.22872042,-3.75508944,-3.99212004
5.31516384,5.60125452,-2.12172501,-4.35795962,-3.79886458,5.53136828
5.89509963,3.7531183,-4.90299333,-3.38414914,-3.42442163,5.91943096
5.08447626,5.76726459,4.96217979,-3.54720032,-5.43652212,4.10888543
-1.01793207,-5.99160024,5.5285153,-5.94229919,4.14060187,-4.35900555
-4.40924945,4.07158106,5.94559577,2.43065393,-2.71087687,-5.65060016
-5.93226829,5.00064523,4.93129962,5.2911336,-3.01577755,-4.41980996
3.60565873,5.16639118,5.73099503,-3.35771035,3.26768883,-4.33391931
5.40059414,-2.01044361,5.32422145,-3.60512953,4.97474039,-4.23208189
5.5279367,2.80808464,5.01990453,-5.16250797,4.10667491,-2.39186327
5.10357947,5.32812986,5.32521635,-4.07334876,4.18095628,-3.68544113
-5.81618089,5.84714897,-4.65556998,3.69199651,-3.8598768,-3.77588365
-2.77588255,4.26646647,5.46571105,2.01262591,-4.54201933,-4.54735764
4.59912853,5.57489756,2.31784827,-3.35082531,-5.27320103,3.98905958
5.92759684,-5.13512753,-3.43153176,-4.78509561,3.71612501,-4.38423069
5.48901551,5.85123282,-1.38042451,-5.20620178,-4.64580799,3.29218615
-0.75283728,5.87928871,5.39516092,5.95336345,-4.13999205,-5.3868655
-3.74130616,5.62196505,-5.64146753,-4.2113839,-4.04750766,4.45023646
5.92545555,-5.50156275,2.0449559,-4.24935674,4.36626583,-5.58041185
-5.29911198,0.30930609,5.13818226,4.23283197,-5.82093038,-3.4973017
3.76511832,-5.99353696,4.76532691,-5.30587845,5.70975838,-2.68345383
5.92213204,3.6843421,2.8883094,-3.73436483,-3.31087328,4.40574987
4.9657412,5.05055115,5.35556499,-4.26434542,3.66222431,-4.29804521
5.67333234,-1.05980486,4.4287193,-2.97272133,5.76432845,-4.16683142
5.87125204,4.61366127,-1.76461716,-4.22774303,-3.66832092,5.12495602
4.62748207,2.09063611,4.40319731,-3.87580778,5.7326858,-3.39816098
-3.70619508,4.70414092,5.80978318,4.06684733,-4.35872454,-5.55615543
4.9259403,5.62436101,3.99882915,-3.60760959,-4.48307735,5.69530887
5.83688642,-1.6908035,4.71392961,-4.47423763,3.32815134,-3.48926372
3.20513736,5.35094378,-3.83602702,-3.99511199,-3.78099932,3.26948057
1.89518343,5.36573834,5.76140111,5.70786537,-5.22111221,-3.19076084
4.17045377,4.8511699,-3.60055159,-4.11548151,-4.40070168,3.13911758
5.12332539,-4.41092374,4.53965348,-4.43803561,3.88328045,-3.39342314
3.61911691,5.54540217,5.89201545,5.50131854,-4.76499484,-4.94620615
-3.80296234,5.53671772,5.13064426,3.87691212,-4.51868649,-3.2299615
-5.59950099,3.35269934,5.83042555,4.92697926,-3.3013731,-4.34983826
5.9785838,-3.36527959,-5.66393263,-4.28590844,-5.63541066,2.76066262
-5.69674337,5.55562271,5.87565463,4.84393467,-5.48919306,-4.98409503
5.05708136,5.30760159,1.88468958,-4.69127393,-3.43135359,3.88141113
-5.14583029,5.67125563,2.2086326,4.23470424,-4.60029429,-3.87383943
3.93525793,4.48947281,-5.83871642,-4.21127201,-3.39645254,5.8842494
5.97910956,3.29883669,4.29296949,-3.95582389,-3.43811214,5.23364918
3.56136302,4.87525321,5.52615397,5.93481345,-3.69464296,-4.9213859
-3.19927219,5.0766009,5.80059711,3.86666633,-5.79166225,-2.57134888
3.82607206,4.20254477,-4.89003575,-2.99219629,-4.4018138,4.88077261
1.15748488,5.69094933,-3.90283863,-5.10124307,-3.78988568,2.20541653
5.08916092,-5.53003453,4.69800678,-5.80372836,5.00077235,-4.36205953
-5.73999369,3.52386372,2.69996703,4.09695398,-3.3190889,-3.29385094
-3.31595875,-5.52068808,5.44010373,-5.1247715,2.79586471,-2.89290877
5.19311059,4.53502099,4.27804401,-3.80760241,4.14815238,-4.15853043
-0.76172903,4.79986606,5.48234463,5.7752394,-3.72253841,-3.41512514
5.14927177,5.93794482,4.58223424,5.05105768,-4.22872223,-4.440113
5.08167919,4.29175343,2.5559398,-3.23919004,-3.99543445,5.17846
-5.22217449,5.89566428,-2.10910951,4.84508566,-2.413447,-3.89461817
2.67818735,-5.66535048,4.64821783,-5.32977884,4.34065298,-2.83639867
5.36130377,-4.37375652,5.98170733,-5.67928174,5.88817254,-3.41068106
-2.67030047,5.11207443,4.81178954,4.91873335,-5.19769071,-3.4008427
4.3201499,5.93043349,-0.36928765,-4.07742025,-4.72079901,3.94626064
5.87771391,-5.03707419,4.87676322,-4.60660233,4.26981791,-3.29928275
3.93953541,0.40710801,4.7391127,-3.37100712,4.1582593,-2.96554715
4.9602589,4.82444702,-0.24292376,-4.1532499,-4.09353046,5.92272704
5.15064122,-4.44996425,4.2732275,-4.83612052,3.64889944,-2.20481782
-5.04618103,4.93938463,-1.32081045,4.0255641,-2.42836386,-4.62476961
5.65277005,-5.09366811,4.7923133,-3.32547677,4.09450568,-5.95693236
-5.36579356,2.59610434,5.32087368,3.97587456,-4.6388309,-4.22385988
-4.99500214,5.56736776,5.69182804,5.94252793,-5.11074268,-4.50962833
5.48141847,5.52387401,-2.63146174,-4.70474666,-4.46543801,5.42061127
-1.59996819,5.86182505,-4.66446856,-3.89332933,-4.84134251,2.85228747
4.82411424,4.77887098,5.95760547,4.58774248,-3.85038744,-5.02786808
-0.03645191,5.37196516,5.36807997,3.45973465,-3.41407402,-5.07470617
5.17423254,-1.16804172,5.6296437,-4.77049226,4.18083535,-3.60895952
5.59539996,-4.50715928,-5.86263811,-4.35076443,-5.0932086,3.15698976
5.69095035,-3.66627548,-5.45489108,-3.65036856,-4.24400016,4.70110883
-4.61057908,4.95415152,4.54069104,3.61053498,-3.963688,-3.85236438
5.67706447,5.99613629,4.47157381,5.92272293,-3.1515862,-3.8383437
5.09687791,0.17947218,4.67252537,-2.83710455,5.31039373,-3.54243961
3.75300797,-5.65929707,5.45480445,-4.31318742,4.07266756,-4.22791258
5.15710012,5.43708434,3.37295728,-3.71878071,-5.06991576,4.44319032
5.87285803,5.39604251,1.35820023,-2.79278823,-4.41455878,5.27756384
5.42744676,5.90282379,-4.72521903,-4.66367871,-5.94451078,4.2641674
4.34434262,-5.51300739,4.53442586,-3.91473699,4.58093926,-3.39106319
-5.4015642,4.31068252,5.87699192,3.00172188,-5.14702399,-4.45437859
5.72344078,2.42671875,-4.69287632,-2.83452751,-5.01832825,2.97471267
-4.79359879,4.5265665,4.96619592,3.58647683,-5.23197625,-4.4741745
3.58591132,5.15482618,-5.34743342,-3.27637782,-4.06159014,4.11634517
3.53756259,4.44867334,-5.98187098,-4.32691257,-4.148727,3.46145903
5.03935778,-5.71735659,-5.73449973,-3.50614044,2.27044798,-5.46635521
-2.47814018,5.61245973,-5.57759073,-5.3195266,-4.26081842,3.67893682
-5.6708509,5.50879657,5.76234921,3.9813116,-4.39427431,-5.18498944
5.36678803,-1.34573174,5.55673717,-3.36943595,3.58578036,-5.0033639
5.68969532,-5.56685002,0.41874812,-3.35081804,3.52264657,-4.34400189
3.73804748,-5.77243931,5.39822031,-3.12072167,4.77044548,-5.79759521
5.27127395,5.91480909,4.25680775,-3.86193385,-5.66569183,4.61911862
-5.60942555,5.69774567,4.43198982,4.34775457,-5.12967712,-4.12854363
0.63990644,-5.73009069,5.08748621,-4.56659823,3.5654487,-4.21656602
5.2223355,2.18713212,4.91169329,-3.4466377,4.50298126,-4.48696343
5.97808877,4.71703888,-2.44283809,-3.24487574,-3.9001285,5.81888735
-3.35128412,4.44906249,5.71770652,5.22035374,-3.14752997,-5.25989814
-4.29122609,5.68132552,4.74660766,5.56385015,-2.60859769,-4.30088607
5.43466179,5.80394102,-2.55943533,-5.27791246,-5.0680737,2.64912144
-5.99799394,3.85715061,5.1787199,5.07726085,-3.66065713,-5.99992545
4.08107966,5.7432619,3.93186643,-3.14909919,-4.73712659,5.8974734
-5.09720924,-1.80322393,5.65561045,3.43033306,-3.05438781,-3.19458363
3.53502373,4.86079652,-5.52017107,-3.95522327,-3.96928627,5.02367437
5.53080234,5.58174394,-2.43323103,-3.31864481,-3.47305559,4.38673658
5.43177568,-0.24235511,-5.83780691,-3.47820244,-4.96689312,4.87253335
5.10229282,0.07403974,5.22431261,-4.59680513,5.79729735,-3.29809182
5.20584727,5.92541742,3.65321618,-5.21327851,-3.13923879,3.20843407
-5.92378738,5.95228907,5.70459971,5.90887006,-5.01999821,-5.98627018
5.97246332,-5.16489133,-5.19997726,-3.35796,4.45169311,-5.53214322
1.0809999,-5.52262177,5.03270572,-4.32670385,3.91990892,-3.40936991
3.9417353,-2.13021147,4.11932214,-3.29843091,2.33346556,-4.47457881
5.49468275,4.71268168,0.49350511,-3.12506934,-3.80441005,5.18724174
-2.10107344,-5.92930151,4.31697293,-4.75936668,4.7228393,-2.532919
5.62753288,1.38961108,5.27094813,-5.82861765,5.31732348,-2.88112419
-2.03095832,5.91947066,5.81928926,3.42848377,-4.69597024,-3.74648486
4.65769947,4.7285641,4.12544378,-3.24622641,-3.97767886,5.59625292
-3.04622574,4.60749967,5.59688694,2.79509299,-3.47081974,-5.97716882
-3.03658329,4.67643756,5.72818711,5.11746452,-2.74863136,-4.93588549
5.77949208,1.63329602,-5.42048986,-4.446958,-3.36282529,4.17084669
-5.21465333,5.68485074,0.82497341,3.53974067,-4.25521836,-4.04770574
5.6166288,-4.85599357,5.04984666,-4.00721651,3.20509593,-3.96114474
-3.91515736,5.55868204,-5.83529974,-4.77039689,-3.05085144,3.31644189
2.99115349,-5.79739211,4.18928921,-4.02061336,3.83183683,-2.71623006
-4.97064491,5.83550775,-5.29106406,3.06911048,-3.39212284,-5.07375407
-5.9925077,2.60329552,4.29338164,3.82676463,-3.87919712,-3.6451196
3.17276302,5.75600977,3.98490446,3.24564937,-4.29348317,-3.75980409
5.92896537,5.66359754,-3.55836409,-4.61758797,-4.05763248,5.67346844
4.85789447,5.73336953,-5.12010867,-4.35538187,-5.52046819,5.9938122
5.91612034,-5.43270158,-5.82208236,-3.66014814,4.23032513,-4.35114965
4.68051363,4.0019907,-4.35029645,-4.98387116,-2.94370908,4.82082936
5.27288742,-0.55480768,5.868064,-3.61762957,3.30474971,-5.77600731
-1.27008674,-5.33468032,4.78843799,-5.7188897,4.13105103,-2.98958874
-1.74235933,5.4810085,-4.40514628,-3.66262969,-3.29572416,3.36849599
5.22330242,-5.89737938,1.9293393,-4.6821154,3.5072572,-4.26038071
5.32761628,-3.81919401,5.94633508,-3.93245865,4.12175714,-5.66086844
4.93743146,1.92900795,4.60196451,-3.89369797,4.600021,-4.09896692
-4.88829219,5.30919925,-0.05609505,3.15779523,-3.83699361,-5.84541979
5.48441086,-3.49513912,5.22133176,-3.42713858,5.40731465,-5.61204501
3.95111748,5.65621693,-1.45828203,-3.86068456,-3.36636535,5.17785343
-4.3306674,-5.99864069,4.09891184,-4.22348071,3.77289894,-2.92358243
5.21952164,-5.00504167,5.99771695,-5.58863222,4.78948502,-2.44173758
-1.83646517,5.24174281,4.22853174,5.93415654,-3.89282915,-3.32187351
4.97929346,3.58601799,-5.39565699,-4.23011671,-4.25217802,3.4468055
-0.58440095,4.87050622,-5.9131737,-4.8638327,-3.65959627,3.13636313
-5.47635122,5.55477699,-3.49096736,4.36051427,-3.95746958,-3.42538386
-4.04994797,5.42836336,5.37415271,4.56621306,-5.24433932,-2.68654698
3.16108575,5.44887775,4.65203356,3.64906291,-4.08405709,-3.60000667
2.41788549,5.63825373,-4.30285636,-4.51279706,-4.71708825,3.08936724
5.17720058,0.32244113,5.75487192,-4.99493256,2.43708421,-3.9881624
-1.07106207,-4.9831956,5.82176655,-3.49485065,4.08405847,-3.93518696
-5.60492981,-1.24859135,5.59279629,3.7480848,-4.52200115,-4.01319764
-2.74161517,5.99074824,4.29413583,3.31837175,-2.73003133,-5.18506195
5.25897808,-4.42377348,5.29674698,-4.85619671,4.14331574,-4.90268694
5.91306837,-5.98767768,2.05802951,-3.64625347,3.43316097,-4.22945048
5.34870149,-4.01271982,0.70169012,-4.04910499,2.53629656,-5.80480224
5.19458683,-5.5237582,4.10248031,-5.03849959,3.27556443,-4.01765119
5.67000329,-5.78240788,4.49287689,-3.07908318,5.82837581,-5.42285902
5.08172,-5.98789285,0.31358112,-4.10286565,4.20489461,-4.88153995
-3.66481103,5.34997431,4.6938161,3.13963515,-3.94937664,-4.17097493
-4.66261695,5.54055475,3.99401433,3.89567695,-3.80713294,-5.79946506
5.01166293,0.57042388,5.99840082,-3.79470951,2.82964964,-3.75919869
5.87476015,-5.80668591,3.04452203,-3.96966161,5.27582948,-4.78779353
-2.50371382,4.02386402,5.1704531,4.91638717,-2.92424863,-4.873338
-5.17104555,4.70220397,3.83775123,4.53620739,-3.92034304,-4.42102339
-1.87436971,-5.07379751,5.1311664,-5.09554775,4.42811802,-2.57519809
-3.67885861,5.68325157,5.53595311,2.98749119,-5.60034253,-5.22442686
5.65350866,-5.6295794,4.97681843,-5.0514491,4.46084589,-5.47270213
-5.75549077,4.49424166,4.16548206,5.7243853,-3.54139869,-5.11244053
-5.74179062,4.47179979,3.65760061,2.07992602,-4.54461443,-4.65737393
5.85219572,-4.61806018,4.80899612,-4.33849137,3.80375595,-5.50310658
4.63891118,-2.13825482,5.19225308,-3.49228538,3.68688282,-5.38466518
-4.85573602,-5.70580185,5.91609438,4.18181659,-5.82917801,-3.0595117
5.6567835,3.6850558,-5.8789763,-5.96388675,-4.26698492,4.18332602
5.63206067,3.70867039,2.38634366,-4.13405566,-3.51252631,4.6919091
-4.60190986,5.32372045,4.76784395,5.03789455,-3.87982344,-2.99586852
-3.16915858,-5.11837819,5.72411889,-3.99472974,3.37612585,-3.67121848
5.92139955,-5.3272131,4.33844091,-4.84873457,5.18271059,-3.49717371
-2.70212736,5.99671053,3.83353746,3.99731324,-3.93134229,-4.04901516
-5.61900367,5.70585658,0.52596115,5.24569313,-3.49542676,-3.04641204
5.3005,-3.18807187,5.90024038,-4.03588002,4.76808542,-4.84589029
-5.67827817,5.73296135,4.69331332,4.4348522,-5.34186061,-2.64716485
4.7126573,5.8478354,-5.22139725,-4.10483278,-3.81821842,5.34852236
4.60572757,-5.37840057,1.48110788,-3.43143514,4.04045758,-5.96044055
4.17175123,4.79730218,-2.64837833,-4.2307599,-3.74092966,3.22985528
-1.49494072,5.0204297,4.99648179,5.1943598,-4.19469456,-3.46261637
5.47564459,4.49380404,-5.94933241,-4.21124693,-5.25489992,3.15005783
3.16109451e+00,-2.19687616e-04,5.42636758e+00,-2.17686203e+00,5.62206379e+00,-4.75153875e+00
4.69709326,5.77221838,-1.45297322,-2.67088236,-3.39325088,4.94272467
4.54600006,5.31051046,1.36619112,-3.14398668,-4.08011883,4.52994695
3.56812127,5.09554635,-4.30802777,-4.40132676,-3.42139832,2.85426533
-3.32271077,5.3704971,3.70941836,5.83643062,-4.62901923,-2.98022126
4.68345703,2.16357605,5.70916323,-4.53236231,5.05729464,-3.85700917
4.62010335,5.92378881,-4.85481903,-2.94455696,-4.14146806,5.42645121
5.40171077,3.55277846,-4.14445992,-5.42761556,-4.03172237,3.11166582
-5.5314639,5.57809902,-4.11989618,4.59307343,-3.46738634,-5.63227366
5.46485824,5.80567116,-3.51745861,-4.81153026,-4.64950531,3.69443966
5.49795649,1.47892406,-4.8751221,-3.33359902,-5.63770589,3.03044741
5.91866698,4.83219893,5.40247967,-3.90079812,4.44248971,-3.34079132
4.72302474,4.42905591,-0.11497642,-3.48687852,-3.24788363,4.09852137
-3.99962961,4.58946436,5.68939218,3.40962901,-5.60773548,-3.95197721
4.98899913,4.40477017,1.72162158,-4.01974636,-2.77576793,4.721506
5.19948437,5.35853802,-5.55262653,-5.99496509,-4.19366338,3.33752491
-4.08399845,2.33184802,5.74594314,3.74051407,-4.78527555,-3.78631273
5.82892832,-3.84654315,4.37946133,-4.55465139,4.86742905,-4.10342385
4.40984095,5.5042916,-2.20070881,-3.87203955,-4.79420682,2.54828851
4.53933042,-5.70009891,2.28722801,-3.68391714,3.38979402,-5.83539364
4.67793359,4.66701785,5.53175004,-4.39444169,-2.62267333,4.52045798
-2.81030822,5.86083834,5.52945238,5.29945421,-3.617557,-3.62169521
-5.13629747,5.60109529,2.28141048,2.67327557,-3.87842173,-5.12980175
4.46857682,5.86482096,-1.86621304,-5.04782926,-2.59276535,3.06775965
3.40510369,5.9103475,-5.24246575,-3.01819946,-4.26315459,4.86753969
5.945898,-4.96418836,-4.35686735,-2.76833566,-4.2595762,3.61548328
1.78298435,4.16797993,5.49941807,3.47543402,-3.95033618,-3.27020281
-5.87314365,4.97596876,5.02629595,5.26369066,-4.4490112,-3.90948268
0.08614988,5.87636598,5.63682277,5.01116711,-5.4788539,-3.94175416
-4.94248684,5.69813918,4.85434198,5.56126909,-3.06014976,-5.25928998
5.07777033,-3.81843513,2.73597224,-4.0915377,2.69754452,-4.50107409
-4.19927792,4.08265352,5.45366606,4.58114057,-5.08353322,-3.89634759
4.05598518,-5.32975022,5.58124349,-4.15981216,5.5112158,-4.97207022
-3.7715932,4.53195507,5.20812252,4.3608945,-4.17493577,-3.32964411
-2.0594534,-4.26827922,5.27856252,-5.25154726,3.10957399,-3.48751712
4.29562856,4.49638899,-4.39377328,-4.14432096,-4.65126128,3.85344283
4.87002108,4.50723288,-2.67316561,-3.1664409,-4.15690071,3.86634243
5.12324517,-0.40030728,-4.92645937,-3.38373033,-4.73334338,4.08673404
-1.60947437,5.33207445,4.09126443,4.22576972,-3.9292247,-3.89893741
4.73006189,-5.68075913,5.1611716,-3.51454665,5.56057099,-5.3139486
-4.5023937,3.97846412,4.26707224,4.09786659,-3.04239511,-3.27715131
5.6026446,2.63953287,-5.38630077,-3.86280528,-3.73387634,3.06400942
-5.24660373,4.98422286,2.01873953,3.78635686,-2.69604222,-5.3872236
5.75748428,-5.48576865,4.68573787,-3.20959396,5.39190929,-5.81994203
-5.73593774,4.5815634,0.84551097,3.01553329,-3.41159305,-5.42889374
3.30836105,5.74766809,-5.51697495,-5.86457816,-4.95895456,3.09485509
4.82028726,-5.13468927,4.13212644,-2.91365573,4.35652654,-4.81092891
-4.27621822,5.61428936,-3.87091811,2.1996602,-4.61069727,-4.27725207
-2.1024533,5.61452237,4.47675582,5.9123336,-3.58354734,-3.51335538
5.86321408,2.43959933,4.57592885,-3.96822394,4.67821865,-3.74067673
4.37602223,0.25932552,4.9668676,-3.54406574,4.47490989,-3.40671491
4.21044119,-2.82761474,-5.70738992,-2.62820499,-5.97695124,4.51735263
5.69994526,5.12153701,-1.6935738,-2.49819007,-5.357317,4.01854835
5.86004911,2.47848232,4.92688201,-4.17859889,4.31600629,-3.4381798
-5.12181585,-5.17466855,5.85097844,4.52012799,-4.82432272,-3.70514671
5.35495592,3.69100355,5.54710207,-4.75416338,4.86260577,-4.67599313
-4.92530024,2.97571101,5.62113202,4.45043123,-5.38267334,-3.91722076
5.82174671,3.20512337,-5.15073197,-3.66071958,-5.32154367,2.97923392
5.01221862,-3.69299959,3.63344838,-4.64754848,2.88988534,-3.95476743
-4.65602362,5.91874695,2.34565747,3.38205525,-3.41878578,-5.3944539
-4.13775066,4.45211967,4.46670178,3.46764492,-4.83702835,-4.29726903
-0.57474795,-3.61657041,5.92358034,-4.33058483,2.01221729,-3.78883539
4.95350162,5.73885257,-4.47163006,-3.79953306,-3.55560415,3.5778075
5.13488225,-2.26705827,5.60904946,-4.01118893,5.49639966,-4.24056158
5.4813723,-4.79559634,-3.29637301,-3.67263138,-5.90333005,2.04326006
5.64896785,2.48753547,-4.72392684,-4.44992343,-5.35961912,3.36383526
2.14288386,-4.37487337,5.49811109,-5.33281128,3.50240925,-3.50439297
1.40332855,5.22244492,-5.93166388,-4.95954358,-4.1259233,3.51450766
-4.37107734,4.5515741,5.29634171,3.54301896,-4.97359857,-3.45899788
-5.34764353,-3.58250346,5.9764859,4.29163866,-5.92748777,-3.76291977
-2.69111507,5.45349222,5.36324404,2.53956362,-5.34077383,-4.61384018
4.45946534,3.77118219,-5.89114457,-3.39095423,-4.20328024,4.93090101
-5.47114219,5.97213648,-2.71251554,5.19508225,-2.56989772,-4.68320335
5.73841527,3.53404908,-4.9057844,-4.68843762,-4.81192436,4.12980336
4.75848917,-3.91422119,5.84565695,-4.28625585,4.41712236,-3.9616419
5.46465116,3.40739251,-3.69038917,-4.40316526,-4.29269621,3.66858025
5.96545329,5.09872955,-2.08768105,-3.12614419,-4.8515649,5.66065825
4.56322346,5.85950723,-5.62294545,-3.92763115,-4.86444032,3.15012291
-3.82351564,4.79235052,-5.29376864,-3.67726548,-3.71357061,3.46418059
4.24916023,-5.10095151,5.34936975,-5.25156221,4.175599,-4.04988583
5.71012246,5.79991784,-5.58071847,-4.44733587,-3.1902194,3.38039409
-1.04472004,5.91336479,5.8959867,4.27482723,-5.71589654,-4.2305567
-2.3250457,4.09422605,5.74224041,4.83734895,-4.42993849,-3.0013615
4.89636085,5.95937873,1.95131139,-4.96604352,-3.88125982,5.43415501
-4.06546824,4.35969206,3.00671802,3.4354295,-4.53078439,-3.10240316
5.0343702,3.23287857,-4.78615598,-3.31925794,-5.57235244,2.68610135
1.01366165,3.60268276,-5.68420183,-5.32235803,-2.234181,4.38948465
5.02269921,-4.4454787,5.86256028,-4.92194042,2.9017115,-4.36284698
-5.18377367,4.71580891,4.43837641,5.23980149,-4.12800328,-4.35829784
2.76182133,-4.90977533,5.09738984,-5.94034985,3.46746494,-4.1120622
5.63480412,5.28465018,4.60806073,-4.48003236,-4.6903848,5.21278296
4.57827619,-3.07116224,5.99083313,-5.21704132,3.72130434,-3.06898965
-4.16612927,5.98829149,3.98872047,4.76811048,-4.83852797,-4.43561453
3.73155781,4.67460494,-3.32622811,-2.73310662,-4.92853583,3.55597384
5.7959408,5.47979663,-0.5346379,-2.82225311,-5.19526695,4.31507917
-0.90142903,5.53357769,5.51731752,5.0539291,-4.05108539,-5.27623092
5.96635213,-5.65310876,-0.31861219,-3.85348497,5.14040499,-3.77252437
2.30837676,-5.16688219,3.97293789,-4.5356262,4.21790331,-2.58714251
-5.87213887,4.14510862,5.74074051,5.76294748,-5.32023403,-4.584656
5.17045606,-2.34331876,-5.15280024,-2.51661019,-4.82977712,4.3465545
4.10323979,5.63975642,-4.27092254,-4.19533784,-3.39780172,4.71863044
5.86910783,5.2799945,4.87630015,4.00510619,-4.16964392,-2.62540752
-5.32032319,5.59474749,3.97811073,4.60025743,-3.8723501,-3.91134422
4.89001032,5.899472,1.95540229,-4.29675469,-4.73426387,5.36711437
5.94531916,-2.13951064,-4.45328433,-3.66636552,-5.22631345,3.36141646
0.59572834,4.94522954,3.38113588,4.87329659,-2.62261284,-3.55633125
5.70046637,4.92951063,-4.26474658,-4.16965038,-5.95581065,4.8036564
5.44776129,-0.73389543,5.43816907,-4.52321962,5.17735277,-3.78919935
-5.70487948,2.15489802,5.04539487,4.04034642,-2.74746959,-4.61828648
1.48568984,-4.70388996,5.16348851,-3.92142523,3.8991718,-3.40826774
5.79003617,3.76933696,5.63742308,-3.77320888,-3.52984173,3.3105369
-5.92310779,5.18746041,2.8185263,4.80457298,-3.83237559,-4.7631113
5.48350441,-3.02559711,-4.83141487,-4.19022173,-3.88304097,3.00221536
5.03077201,5.46148333,0.68479618,-3.36680525,-5.41385139,4.69793541
5.11513273,5.77954036,4.36612713,3.47478647,-4.72581833,-3.1889547
-4.57749498,-4.2614952,5.86704017,-3.8094719,3.29856264,-2.92201387
-4.49659324,4.96564032,4.88088271,4.84019625,-4.32054039,-3.80426256
-3.31029834,4.64556032,5.72219672,3.00699437,-5.63341419,-4.41954844
3.91288044,5.32092961,4.94761048,3.15651288,-3.23884105,-3.47903014
5.90577586,-5.48262016,3.76314296,-5.0718533,3.97742998,-4.76434893
5.60931609,4.51821185,5.99609219,4.82319157,-3.78818318,-4.90010733
5.64626603,4.60960705,-4.31471669,-5.27911281,-4.14223822,3.42862605
5.35306812,-2.87020048,4.36615377,-3.98414302,4.61067654,-4.31353476
-2.52128423,5.68323085,-4.85898511,-4.98049004,-3.84812752,3.82767283
5.45783384,5.36615022,-3.24913296,-5.10385602,-5.48132067,3.028221
5.96737382,4.82121795,-4.50443791,-5.2393058,-3.55558903,5.91894755
-2.674755,4.39897886,5.68264116,4.28565856,-2.84644573,-4.1602421
-2.57533063,5.76593291,5.3103139,3.22242531,-3.7775943,-5.5483823
-3.03670318,5.34568772,-4.4632095,-5.80652567,-3.75955055,3.18796485
5.34712061,4.51432523,-5.51531513,-2.75755712,-3.52198407,5.21893985
2.49599185,-5.52955765,4.35927743,-2.4416941,5.7735378,-3.96607586
-5.68793427,4.97217319,3.99823512,3.99344827,-3.14478878,-3.24266196
5.07650529,-5.80104189,4.796867,-3.58704255,5.64757457,-4.33955045
2.26590676,5.05680978,5.26785209,5.22906381,-3.94918992,-3.77379008
5.54262923,5.47402862,5.20134561,-5.40577929,-3.19381784,4.7356159
5.97087871,5.18003764,5.80194432,-5.32294231,5.75628438,-4.08585451
-0.54677361,5.87782721,-5.79788129,-3.56956137,-2.8545747,3.96581484
-4.8012553,5.3089018,-2.91963751,2.62493271,-3.7670044,-5.73473868
5.00030205,-5.05255194,1.63505499,-2.88590877,4.10301784,-4.13140018
5.12191009,5.72395775,4.46612067,-4.97725308,-3.50576155,3.75596827
-4.90857816,4.98332735,5.06626964,3.40189758,-4.54024095,-3.58896366
-2.69686414,-5.56924469,5.85278664,-4.38166929,3.14526163,-4.98132418
-5.21647669,5.1713358,-5.27241113,3.12810843,-3.77745978,-4.47611633
1.23189092,-4.88573631,5.53092256,-3.95897279,4.16389255,-3.20675622
5.57706349,5.35121162,0.52584648,-4.61490811,-4.12893892,4.36604267
5.03687472,5.81197479,5.89139688,3.88620874,-5.43688152,-4.60558174
-2.99224012,3.65287687,4.88703735,5.86822708,-3.62374214,-3.11579123
-4.42275144,-2.49015794,5.92371472,3.89389897,-3.5429938,-2.776961
-0.8037938,5.55932177,5.01288714,2.72208753,-4.04024794,-5.20893148
4.38588061,5.99800764,4.61164363,-3.34803297,-5.55086046,5.0031929
0.87012659,4.34176675,-5.99777668,-4.30564019,-3.64751661,3.26391749
1.68705325,5.15854768,-4.82879957,-5.88347629,-3.77676668,2.77859259
5.08803671,5.10247967,5.54946714,4.28677477,-3.87390879,-3.70042617
5.72236876,5.25564976,-4.93916395,-4.96591712,-4.23330751,5.27789531
-4.07964817,5.14358858,5.24670084,4.72349693,-4.72393138,-3.86025559
4.39070646,-4.88754514,5.86863354,-4.11882441,5.99034118,-5.08149045
5.23365921,-4.25880892,5.31079346,-4.10172855,2.4104704,-5.0340755
-5.17595746,-0.88773762,5.67582954,2.40479041,-2.84771865,-5.06649942
-5.39240821,4.92591142,5.28157042,4.44533344,-4.76728907,-5.71657111
4.80135937,4.46217194,2.9423313,-3.63246689,-4.07518401,3.49342293
-4.8225589,5.97246087,5.58839017,4.35480578,-3.72926911,-3.96637168
-4.87903778,5.09744134,3.58266785,3.31902404,-3.42690566,-5.97063168
4.77935403,5.93153816,4.693703,3.8491459,-5.02519818,-4.33293853
3.8400923,-5.63724307,4.94651418,-5.66071476,4.17791512,-4.35245698
5.2823527,-0.26386446,4.26062824,-3.50009219,5.6047305,-3.14561493
4.45678002,5.11901005,-4.94728714,-5.66233305,-4.10218985,3.21055089
5.97220734,-1.38148844,-5.74035598,-4.48624214,-5.56488501,3.44923937
-0.21175664,5.74662183,3.65767638,5.65862738,-3.8296978,-3.68377576
4.63766711,-5.16339627,4.44111467,-4.43742587,4.83286987,-3.847758
5.18023506,-0.40620304,5.62000647,-2.49138458,5.58529257,-4.87028564
-1.94227922,4.68360331,3.82717496,4.40201766,-2.97706775,-3.32023395
5.58597878,5.26428966,1.63782932,-2.26595384,-4.68371015,5.19697592
3.73397666,5.73689765,-4.20522893,-4.31194556,-3.70388879,4.20084772
-3.97627318,-5.33879962,5.41026923,-5.94071638,4.13571844,-3.66074403
-3.72212419,4.71916594,5.47282347,4.54975655,-3.53910663,-2.70359026
4.81461095,5.65757383,3.3465587,-4.43125599,-4.1636764,4.25595957
-4.35439447,4.15365695,4.94558332,5.03570717,-4.79832674,-3.83987574
-4.3838248,5.28711073,5.93343013,4.29714192,-5.60508591,-4.32777139
4.43442136,5.63014325,-4.77600807,-4.95557148,-3.32087032,4.49060068
0.5421179,-5.94497901,5.882926,-3.98356317,5.49963871,-3.47264382
5.35343021,-5.25253048,5.69933243,-5.72880928,2.94027834,-4.70441312
-5.57239568,3.93310097,4.98474549,5.0622458,-3.32084885,-5.98027417
5.46077906,3.47953711,5.61579884,-5.4978742,5.97649712,-3.43690993
-1.79871247,5.34941985,-4.66814585,-4.58680306,-3.41394347,4.05711538
-2.08681209,4.59927607,4.57655998,2.91235436,-3.78735151,-4.32381047
-5.04997336,5.50422931,4.97844318,4.41460239,-3.53020913,-5.99066604
-4.32417724,4.79089695,5.7568201,4.5994853,-3.92341972,-4.73944128
4.28598033,-5.50552682,2.96099458,-2.96728311,4.03687297,-5.93085366
5.42925021,-3.5816098,1.756258,-3.35757118,2.28608061,-4.95847317
5.22465182,2.37213734,4.49637737,-3.73302993,5.32167005,-4.3115768
-5.5317056,-1.10026271,4.04931801,3.40126428,-5.38485596,-3.02170414
5.72194446,5.80395434,-1.13992899,-4.64087248,-4.7945221,3.43793174
-3.50169794,3.35057238,4.72389078,4.79633195,-3.05672293,-4.11732509
5.81858268,5.90162326,5.81487059,-5.05202645,-4.56349104,4.45623293
5.44998035,5.12802262,-5.73213775,-5.05008651,-3.27395826,5.41367399
-2.1050524,5.82911486,-5.801723,-5.33495798,-3.75361599,4.42366019
-5.60308575,4.53923197,-2.66332817,3.61003621,-3.48603331,-5.29276562
1.01517762,4.79138516,-4.16598042,-3.9800508,-3.36765797,3.24754513
5.66538021,5.87027475,3.60295712,-4.38406631,3.93719831,-3.24036384
0.64216514,5.16243438,5.53581913,4.96023287,-3.72423185,-3.06945935
4.28152874,-4.00857093,3.95038569,-2.94153028,4.59843875,-4.54775694
4.17479422,-4.07216907,5.62271794,-2.80485868,5.00382763,-2.59568113
5.60169816,2.12853452,4.21533736,-3.05864577,3.58947608,-3.7102758
-5.24027027,3.37475433,5.8953515,4.20687223,-3.96634502,-4.61421262
5.86843293,3.38087061,-4.43727537,-3.2630856,-5.98919547,4.40009788
5.84573877,5.26451398,-5.37520237,-4.18151217,-4.08928473,5.43171446
5.71727782,-4.92208852,3.03393567,-3.49200973,5.80199041,-3.82127701
5.70574276,-0.20460462,-5.35050032,-4.09745929,-5.61700758,3.57315123
-4.18217411,2.84248042,5.52209993,3.27244335,-4.90127683,-3.17551094
5.32698372,2.49129497,-5.61642922,-3.84590039,-5.83311392,3.32045286
-2.28794339,5.64494043,5.31430576,5.42301303,-3.76412699,-5.13998548
4.36549282,4.86726117,-3.6932495,-3.31837094,-4.58129512,5.94430231
-3.52623835,2.71684661,5.94502762,2.71577644,-3.96699146,-5.08105257
-5.82585785,5.7943474,-5.34701009,4.88381928,-4.01378919,-5.77003122
0.56949148,5.72604277,-4.65510053,-4.47269244,-2.63450909,3.10253807
-1.40405445,5.97388781,-5.58801057,-5.72529945,-3.07705416,5.24266854
-5.34990351,5.30222302,-4.47535058,3.49538344,-3.86507468,-3.22861262
-5.38563961,2.51624228,4.92961659,3.95290923,-3.04368119,-4.91269404
-1.65811161,5.0055095,5.20108992,5.37038833,-4.79645212,-3.87528786
5.80983338,4.97105701,-5.7965719,-4.917618,-3.70329643,3.84560027
2.7934626,-5.93460577,5.51211328,-4.30377902,4.9212618,-3.3397077
3.06950516,-4.49834955,5.98503371,-4.74541862,2.79783918,-4.5648802
5.14970339,-4.52201408,5.45012216,-4.92204586,4.21129967,-4.46035759
-5.90532623,3.53899351,4.90064686,4.55533724,-4.68345331,-4.34233013
5.61362972,4.88822675,-5.08264339,-4.70206823,-2.78501659,5.58961662
4.90735922,0.76451388,4.91534746,-4.459513,3.72602247,-2.8945978
-5.1927365,5.84953058,1.62181152,4.18245618,-3.84737887,-4.42118556
-3.65812581,5.35729931,5.74870563,4.97158875,-4.64398232,-4.22326923
4.54851357,5.77290104,4.94415346,5.61638175,-3.95407426,-4.41639921
5.96360978,4.99156295,-1.9834741,-3.55343032,-4.55505944,5.56524776
4.44650514,5.93047358,3.79741164,4.37926265,-3.56317336,-3.98189708
5.01981373,1.73279083,5.5019418,-3.15295267,5.03562753,-5.26196434
4.86254692,5.60644384,-5.13961262,-4.11478642,-5.61003551,3.87869727
-4.06798237,5.18017038,4.86007259,4.03526906,-3.92496969,-4.26842684
3.72168221,5.33784068,-4.2838155,-4.49928537,-3.9246846,2.77084898
-5.18686162,4.91753616,0.82326366,3.66875388,-3.13154385,-4.47842916
4.33955817,4.26627401,-3.4627777,-3.45736803,-4.64111733,3.82525072
5.81277352,-3.83192774,5.93720954,-5.46317642,2.91263442,-3.93043392
-5.3058232,5.49894946,5.06986212,3.95987352,-4.3472867,-5.32591924
4.90239069,5.59093125,-2.87562463,-3.68134073,-3.80775524,4.70569047
4.95013555,-3.03601736,4.4538175,-2.3579725,3.8571033,-4.09422641
5.16530577,-5.16606495,3.80089226,-4.01595109,3.08209895,-4.71778899
5.37897628,-2.31235544,5.68220574,-4.65783398,5.50681016,-4.71678712
5.46780405,4.88904856,5.26658962,2.44250666,-3.43562012,-4.44952622
-5.35045789,4.08487904,5.43525211,4.79700707,-4.46727355,-4.15607442
5.84235296,-0.52894656,5.89381771,-4.26413637,5.27644331,-5.0534866
5.7553401,4.33690845,5.43924512,-3.918787,5.00797831,-5.18975123
4.84918897,-5.82499694,5.69654694,-5.68854187,3.55796721,-3.64912088
5.63179299,-4.54071516,2.49210635,-4.38952248,2.84889662,-5.6197115
4.6565102,-5.76146849,3.25596218,-3.29447298,3.64792958,-3.27288057
5.59672371,5.67515509,5.52601597,-5.4605756,-3.70989813,5.00639197
-4.30811262,4.14415755,4.38171134,2.8366653,-5.04931295,-4.35102648
-3.80020895,5.25410778,3.62076181,3.74162659,-5.92697248,-3.03092211
4.94614823,4.93470964,-4.42213828,-4.44683727,-3.16469231,3.98492763
5.06765539,-5.65793805,5.8484731,-4.14683516,5.38884197,-3.56260487
5.13317939,-4.35907237,5.9866095,-5.35334082,2.40080469,-4.44988082
4.91180513,2.341552,5.59716549,-4.85925718,4.6249162,-3.62749526
4.27331796,4.22481299,0.27026097,-3.46259142,-3.11748932,5.9748962
5.4585962,5.67774148,-3.25378671,-4.89376816,-5.95975526,2.97248548
5.30385918,-5.85277982,-4.10868786,-4.42126814,3.70630881,-4.62296642
-5.91124873,4.79441154,4.19769623,5.45679991,-2.45301078,-4.53936041
5.89970575,5.70477468,3.64624183,-3.52664581,-2.54304456,4.87352615
5.01081852,0.60351978,5.77335383,-5.06427795,5.00375229,-3.83133476
4.29550519,5.52669713,-4.8086489,-4.70961216,-4.97295995,4.93596206
-5.83612516,3.6530811,5.0201119,3.12017178,-5.472577,-4.41399877
5.36627001,2.95342791,-4.48141345,-5.42536062,-2.17125858,4.03037929
-4.67730666,4.11880734,5.13948617,3.86474684,-4.6356856,-3.86782613
5.66267187,4.79893729,4.1862515,-4.91291834,-3.13239147,5.31410308
5.55328441,-3.44154832,5.43601396,-4.21545155,4.54087649,-5.05340434
5.51003451,-3.87948878,5.94651462,-5.84351812,4.16672808,-4.88776897
5.13443648,3.98272748,4.33574961,-2.73038217,4.55032125,-3.71612038
-4.51192324,3.4593756,5.6033583,5.29620972,-3.08052612,-5.09244996
5.65365291,4.47982877,4.31261048,-3.0140334,-4.70147601,3.78041481
3.99652203,5.72760618,-5.81851157,-5.06030013,-5.3132491,3.43877967
3.78585339,5.429336,-5.74384679,-3.22278525,-4.96078066,4.05026574
-5.36260015,5.52585491,-2.16464481,4.10548591,-3.198655,-3.54109956
4.46616055,3.83260647,-1.01267907,-2.48955528,-3.80175103,4.58231564
5.50754684,1.68223339,5.75771432,-3.38904346,3.56866992,-4.67537496
0.69126568,-5.47607341,5.40321775,-5.84263814,3.99614501,-3.28159405
-4.74459162,-5.41675584,5.899801,-3.52257868,4.13856396,-2.5907808
5.87682206,4.53600907,3.15382621,-4.93000693,-2.66925124,3.26585771
5.708798,-4.61983811,2.54009329,-3.20054726,4.91731605,-4.17542474
5.72663235,-5.30184746,4.06754073,-4.51815159,3.36377457,-5.82495647
-4.38377272,5.12176253,4.40937725,4.47934078,-5.27435855,-4.0935046
5.43916006,1.44060362,5.91981466,-3.29466126,5.14079362,-5.51457262
5.99271238,2.85098265,-4.17108948,-4.38756719,-4.86716342,3.93834786
-5.8942022,-4.83068167,5.93247087,4.55810105,-5.01954433,-4.46191513
-2.27948606,5.72245927,-4.73637599,-5.22541404,-4.39044967,3.34067745
5.76302763,2.45850826,-4.91008646,-2.85180734,-5.24020292,4.33877076
3.31689238,5.27800132,-5.9958948,-5.1430409,-4.76732853,2.23461621
5.38747415,5.26015935,-0.49711196,-3.78286067,-3.29678697,3.43294767
4.41887517,5.86912127,-5.8280192,-3.70926415,-2.6428451,4.62537578
4.49828214,4.61447789,-5.92177087,-2.76472102,-4.62668835,3.45830862
5.46153123,-1.70708695,5.5524336,-4.05692991,2.82395389,-5.84682508
-4.8219066,3.97290344,4.64286225,4.83417418,-4.12257967,-4.27743855
5.04295002,5.62235475,1.43817889,-4.27282906,-3.03763041,5.88096374
4.39185715,3.52999644,-5.30460097,-2.59734457,-4.41736933,3.97342611
-5.84454947,5.09101861,-5.26933178,-3.94138731,-3.70913028,2.54145234
-5.68452142,4.9834876,-1.64519202,3.53927861,-3.89682881,-5.50292596
-4.87713449,3.9180012,5.59732561,5.79769082,-4.21632361,-3.04162451
-4.33480398,0.16131339,5.42577209,2.52974239,-5.62546784,-4.07732613
5.6329035,-4.24748877,-5.93910322,-4.59577336,-5.94532864,3.14859479
5.63841455,5.49508229,-2.23541838,-5.95746302,-3.34182088,4.08130444
5.81898384,4.3540774,-3.32227612,-4.69178198,-4.33886472,3.65452681
4.84933714,-2.60309668,5.49225242,-3.05746955,5.75591106,-3.92855917
5.76589764,5.32364445,2.53455142,-3.20660177,-5.55655498,5.62954229
4.85533418,-4.80712887,4.81298469,-2.53379626,4.43589059,-5.03971295
-5.27628372,3.62161649,5.04562471,5.2877937,-4.82915503,-3.89115035
5.55019501,4.26989265,-4.13037836,-3.58511757,-3.76465266,4.2973258
5.99260528,-4.78191707,4.55707966,-4.18027081,3.75468221,-3.01349473
5.38655135,-5.53773888,2.83192608,-4.1536857,4.85760356,-4.51791151
5.95495444,5.38648021,5.61905219,-5.14813415,-4.28643496,3.95291839
4.93573222,5.02915797,-5.7496314,-2.64799684,-4.19816222,5.04236525
5.51414659,-3.71165628,5.18492463,-5.84476171,3.96470213,-4.44985159
5.25780072,5.53947549,5.92063536,4.49663112,-5.45427441,-4.56847943
3.84201722,5.72668613,-5.09964,-5.93355876,-2.95803469,4.50274829
-1.04699566,5.11367067,4.56893715,5.74270338,-3.87194102,-4.13329157
3.24684577,5.99328158,5.70683751,4.40315602,-4.14941653,-3.82830289
4.15526245,5.72611358,-5.44512703,-3.71494477,-5.66343194,3.56578534
-2.20088758,4.69976641,5.94679195,5.09171948,-3.58365038,-4.74703496
4.03136868,5.71991527,-5.69277792,-3.79287659,-2.63833612,5.74712057
5.63039628,-5.87290272,5.9950183,-5.99584309,3.25458583,-4.28446533
4.36654599,3.39908031,5.52746225,-3.35375916,4.2036566,-4.01458505
-5.31340127,4.92558207,2.90112837,4.15696412,-4.42441229,-4.13740649
-3.28582458,5.72386947,5.26766392,5.1321145,-5.20274204,-3.4210899
5.64448722,-4.97330948,2.92408232,-3.78837476,4.12806362,-4.90613697
3.04787533,-4.64097673,4.41568001,-3.44224048,3.15660739,-4.90848852
1.42918407,-5.30161125,5.72404997,-2.85326265,3.84660144,-4.6471172
5.43996059,3.70953928,-4.24478449,-5.05074906,-3.9595675,3.24314622
5.53168843,-3.2121981,5.79412652,-4.27372249,5.62697934,-4.89689869
1.10613868,5.42631758,4.68837398,5.07918568,-3.59078426,-3.31708715
3.95949011,5.11141605,-5.26561796,-3.18913373,-5.37501691,5.26013803
-4.83212386,-5.42725447,5.13793475,3.80686391,-5.91685404,-3.53359794
5.9297247,-4.36702996,4.04076678,-4.22989126,4.14454926,-5.24591577
4.60267138,0.06378009,5.05924366,-3.4250679,5.89835334,-3.97399747
-5.60295602,0.08449886,4.89533908,3.55828933,-2.77213966,-3.65138894
5.59710432,-4.59389988,5.09157592,-5.58963973,3.76328175,-4.71715782
1.30485783,5.3563307,5.44553557,5.56401426,-4.23637067,-4.93336988
-0.95158848,-5.80368376,5.68202058,-4.73781538,4.26352146,-3.01412386
3.41025636,5.80144434,-4.91053027,-5.01708044,-5.27916156,2.53620893
-5.25681567,3.64168535,5.76796957,5.3330848,-3.80914464,-5.46632258
4.48450614,-4.61018451,4.41899551,-5.30001052,3.3136721,-3.1022155
5.97781737,-1.42935625,-5.38,-3.75526166,-3.06087086,3.44409162
5.49931085,-5.88039455,-4.07876686,-4.63651483,2.37355135,-5.7759865
-5.31828149,5.84707414,-5.00805158,3.29978274,-4.61328619,-5.7638489
-5.50347896,5.42611526,-5.21373382,-3.54254249,-4.36378126,2.94390182
-5.55735518,-1.12502021,4.60461431,3.88289507,-4.6068339,-2.54746725
0.67103511,5.30345994,5.37780501,4.06157608,-4.00118181,-4.43185912
-5.12348891,-2.00875337,5.30337557,4.43356373,-4.00679425,-3.07697862
5.83045896,3.87479998,-1.99827878,-3.95945401,-3.22966158,3.64433393
5.53948446,-5.89432809,4.12295498,-4.82839655,3.8906435,-5.89021671
-5.74488727,4.58772341,5.16620062,4.48489343,-3.44819205,-5.58113108
5.08681382,-2.51849067,-5.47258095,-4.12218176,-5.61609897,3.48705086
3.50987736,-4.97305846,5.47939092,-5.19718732,4.00578572,-4.46718621
5.01055873,5.02643002,-5.1336589,-3.98559733,-3.93018969,5.25686551
4.23814757,-5.58791918,4.72128798,-3.5418107,4.75863408,-4.10332392
-5.89033692,4.37885088,1.86361876,3.05572554,-3.75156245,-3.352742
-2.03525676,5.05164941,5.81579484,2.83227172,-5.13816499,-3.56947611
5.22568009,1.88132796,4.5490357,-4.0486819,4.4840495,-3.39816596
2.95420986,5.25808325,5.76958521,3.65396894,-3.93546965,-2.66974035
5.62193037,5.37965495,-3.6687581,-5.32477735,-4.60433688,3.34612882
-3.90489178,3.17714384,5.94741942,4.4210201,-4.84503168,-3.11735333
4.1174169,-4.30500293,-1.83706583,-2.72047311,3.09303836,-5.9323444
3.47221457,5.61085939,5.12512705,4.02469297,-3.90662288,-5.08786395
-5.05228508,5.06051913,5.46587313,4.86518267,-5.10795953,-2.42034681
-0.26554477,5.72444876,5.53778203,3.59859959,-4.28568268,-4.88409182
-5.1567287,5.56696812,4.54765349,3.27763591,-3.56626251,-5.82338498
5.94615022,5.80260113,-3.1212741,-3.62900664,-5.59425239,3.69205834
5.65027798,4.60311703,-1.86956743,-3.83092086,-4.45864929,3.2713433
-4.74986788,3.4833951,5.35322689,3.32572443,-5.04868413,-4.134153
5.34651967,5.52982992,2.47217001,-3.00420255,-4.4036424,5.76449045
-4.80953522,4.77616921,5.1794966,4.07478773,-4.89458378,-4.11152374
1.57391778,5.35651764,4.59876547,3.73973144,-4.41019678,-4.04227109
5.72018975,5.70895981,-0.35910177,-5.55304705,-3.86543416,3.30097471
5.85944495,0.41723882,-4.53494222,-3.80670332,-3.63008333,3.41758807
5.32443555,4.91145338,0.70286179,-4.72294274,-2.95264141,5.83240796
4.03973479,5.92290601,-5.5927473,-5.08157494,-4.73171179,3.43247668
3.07568392,5.62987532,3.32666134,-2.99809189,-3.56223479,2.90599556
-5.30043613,-2.07788544,5.08477936,3.03266658,-5.79172043,-3.8275171
5.543842,-4.70271204,5.80808121,-3.77816466,5.17219647,-5.89816559
5.00202677,2.30145409,-4.91244355,-3.41597276,-3.0361468,4.89787812
-4.85883655,5.7014368,5.71567653,5.37831229,-4.64195848,-3.47540804
5.09205834,0.51821704,-5.72342237,-3.79865428,-4.8426933,3.11167684
4.73449534,-5.38432178,5.54044316,-4.064031,4.99838757,-5.23346899
-5.17138856,2.70474086,4.37310786,3.96762028,-2.97260488,-4.03552666
-4.9979181,4.63530175,-2.76757967,2.65212248,-3.58743187,-5.35724214
3.71369208,-4.70182588,4.73793886,-3.30171024,4.7992057,-4.59634722
4.95366504,5.64355274,2.9014084,-4.11569837,-4.89758061,5.37465778
5.98120833,5.51010247,4.35950048,-3.29113015,4.66463834,-4.49198095
4.89080471,4.79287084,4.32869378,5.44210316,-3.23888383,-4.18070472
5.26883913,5.74446349,0.30097976,-4.14788429,-4.2895457,3.62044883
5.68205798,5.77601368,4.79179367,-4.30674075,-3.88629062,5.36554005
-0.34189767,5.40595105,4.76771946,5.65130112,-3.99900901,-3.08594162
-4.70446484,2.8813351,4.68576159,3.50827486,-5.50761557,-3.59400775
4.70094367,5.3739579,-4.40188327,-2.94123895,-5.97900519,4.15497296
-3.95818125,5.23904522,4.15485839,4.55877737,-4.9978178,-3.37653988
4.51256646,-5.2108411,4.82158814,-5.48891291,5.2129234,-3.05227538
4.85032181,5.6336395,-4.14772246,-5.60196598,-3.45191926,4.82345869
5.33585594,-3.9300566,5.02719373,-5.67782053,3.18195492,-4.72667182
-4.63293487,5.32729969,5.93729988,5.26800865,-5.21142718,-5.52694485
3.86259392,5.80006289,4.03047097,-3.53182627,-3.8233553,5.12202053
4.78072897,-5.55283661,5.76048823,-4.34705672,3.04680776,-5.50898343
-5.23133363,4.65194498,5.66416108,5.11506149,-5.01470171,-3.57159267
5.96891797,4.57203238,0.93410762,-4.81723056,-3.82104518,4.81719096
3.50675141,5.95091208,4.21960929,-3.02381792,-4.64311132,5.3452029
-0.43534321,5.89728893,4.78149472,4.80106561,-5.15249146,-3.94687939
0.14513564,5.90983215,5.90498483,2.94572927,-5.86363287,-4.51192592
5.63429672,5.14140257,4.27230716,-5.53650995,-3.34756734,5.83361619
5.88254948,-5.40543571,-0.08268263,-3.64658668,2.87144578,-5.29380485
-4.94246588,0.91255692,5.65494435,3.86942475,-4.46051183,-4.13183502
5.45183312,4.9198125,-1.67278187,-4.23581473,-4.12981958,5.82257425
5.86159452,0.1652458,5.40224599,-5.20282164,4.95415649,-3.55250945
5.69376072,5.60447381,0.3110732,-4.43284607,-4.2316339,4.20443183
5.07543892,5.93868756,-2.22340818,-5.46599845,-2.60268615,5.8955266
-0.98365449,5.55009126,-4.96721573,-4.70509128,-3.89586102,3.94825795
-0.82979554,4.34610512,-5.19484524,-4.92982057,-3.08745632,3.37544584
5.47161311,-2.64161782,4.75434634,-4.00839758,5.87293681,-3.83439489
0.40619656,5.29656952,5.66816366,5.592409,-2.78648945,-4.05006268
-2.48807311,-5.68590139,5.63665639,-5.96097459,4.27100833,-4.19238566
-5.27731581,5.25595915,2.86413817,2.64954914,-4.36856432,-5.27293849
-5.32175314,5.7633716,-5.89240217,3.60500956,-4.73384851,-5.72702488
4.53496408,-1.92999604,5.9301826,-3.88907178,5.41925761,-5.37602857
4.72023621,-5.66549209,-5.51444115,-2.54024345,5.17067207,-4.66159306
5.62120033,5.64844912,3.25151483,-4.34801663,5.92341059,-2.7306975
-5.75508459,-0.71224088,5.42100616,2.90563331,-5.9853516,-3.24881097
5.89727209,-4.05389403,3.21007177,-3.00718356,3.77073756,-5.62856216
4.57561202,4.01261623,-5.85048404,-3.58324935,-5.56354331,4.10261951
-4.04090673,4.67863673,1.76953475,3.57977277,-3.55189107,-3.44256759
-4.59717226,4.86337104,3.50836516,2.72146154,-3.3909799,-4.23829046
5.06286284,5.33777911,4.09578164,-3.51756082,-4.15562465,4.47484961
5.2915796,5.30926845,-2.56516983,-3.0352562,-4.86416832,3.61020383
-2.58198429,5.56662639,5.75207981,3.22186275,-4.81607662,-4.29102189
4.07389864,2.72674629,-5.93844578,-3.84836022,-3.18697358,5.29668447
2.9773039,5.76316244,5.93043996,5.80594933,-4.27027358,-4.12232883
4.7293102,-4.41778121,4.21750966,-3.827783,4.37579842,-3.38935229
-5.87872286,5.56705762,2.74523853,4.61241144,-4.71028233,-3.16039104
5.99789443,0.43677706,5.45049633,-2.08920398,4.59898293,-5.2701201
5.83225475,1.69929374,4.91842569,-3.62032219,5.22137421,-5.08404825
4.09944725,3.68747866,4.78297943,5.77173351,-2.93285764,-4.0344224
-4.33176989,4.85564371,0.27562486,3.09039634,-3.28707589,-3.70385812
5.85139245,5.23482773,-1.56831102,-3.44019104,-3.70291485,4.49587599
-5.41371685,5.3162772,-3.07777292,3.43738326,-4.18265707,-4.62666952
-4.17828147,4.61708912,3.35709509,5.88598813,-3.22533838,-3.00274916
5.73559211,4.33680491,5.9270753,-3.14337179,4.71520556,-5.79287242
5.27444845,3.48207627,5.64663978,5.63155647,-2.99221385,-4.58990527
-5.44544357,-5.07804181,5.37945514,4.24671795,-5.06046244,-3.11927682
4.75339738,5.64362379,-0.28873257,-4.71903399,-3.54269107,3.64377013
5.59852919,0.06118398,-5.66936239,-3.69011868,-4.79030838,3.54026465
3.1762398,5.59949875,-4.23868388,-3.69592212,-3.74009282,5.911502
5.20071768,5.93587257,-3.02017732,-4.59488439,-3.51410609,4.31505842
-5.9082365,4.67036014,0.29854467,4.36920024,-2.93430123,-3.35252155
5.30725875,5.81951645,3.88629982,-3.33784934,-5.56583294,4.66622192
-2.40148283,5.46922632,5.0856492,5.78557579,-4.07805951,-4.40174621
4.41613267,5.13383615,-2.92914415,-3.86008121,-4.37656899,5.81210407
2.76323633,5.78273932,-4.09091803,-4.04075555,-4.21294375,3.96912971
5.47356394,4.76407578,-5.09445763,-5.04192873,-3.68422242,4.59397276
4.91755227,4.28840897,5.45991763,-3.05154258,5.05079291,-5.40018358
5.31721405,3.18770972,3.73455222,-3.68834337,3.64846884,-3.61184901
5.29210243,5.60704468,-5.66297445,-4.12328673,-4.01015313,3.0512985
5.59331027,1.40227891,5.71757246,-5.07703798,5.02380928,-4.71379038
5.42892976,-5.73272096,-5.22092817,-3.84584746,4.14277118,-5.9724356
5.60493563,-3.87609741,5.59784591,-4.75534841,5.93397584,-3.98210465
5.77958267,-0.63388478,4.94045339,-4.54842838,3.43931791,-3.42105431
-5.39301283,3.69325492,5.48706424,5.21438877,-3.98693436,-4.42859008
0.56426136,5.93786729,5.65098416,5.00799622,-5.64137101,-3.76998044
5.54046431,1.55093619,4.90639123,-4.43045956,4.67266605,-4.29660975
-5.05723655,3.35795722,3.08621802,2.82509326,-3.82637143,-3.81341459
5.66174555,5.91791169,2.52019226,-4.80979262,-4.62453766,4.26117395
-0.67380162,5.72384198,4.19979938,5.54038663,-2.94207666,-4.52618506
4.68592599,-4.98947648,5.49430767,-5.80964232,2.51168777,-4.18261716
4.63404881,5.02213494,-3.61907122,-5.14678182,-2.96266477,3.61099286
-4.7891799,-0.05450151,5.66326329,4.32315574,-5.42407953,-3.46025271
-4.50598468,4.36751135,4.25561156,3.28355972,-5.2262581,-3.81162083
4.29413442,-4.34377613,5.8461873,-4.60194664,4.77748192,-3.75833656
5.48333057,5.04843073,-3.62156656,-5.28192835,-4.3036136,3.16317896
-2.4528501,5.75572599,5.27701716,5.84041291,-4.75466063,-4.62812961
5.54417628,-3.19634743,5.31990398,-5.66439734,3.12476659,-4.10524611
2.24002808,5.14788817,5.53019063,4.05659469,-4.67741159,-3.38561285
5.2181817,4.23922384,4.68516778,-3.07030403,-3.81737775,5.58956827
-5.93704019,2.21028783,5.11610729,3.49204658,-3.80326604,-3.9211691
5.96594194,4.22785942,-1.53827693,-3.90756053,-3.9659874,3.75285467
-5.0096766,0.62548313,5.92143328,4.26050141,-4.71093122,-3.09703329
-5.42305284,-1.41646313,4.64307982,3.69290775,-5.9486022,-3.28277054
5.17953055,2.35410465,-5.43985779,-3.43053401,-4.78307062,4.24970875
-5.12295353,4.20855012,5.35490112,5.41181963,-4.55880493,-4.33486073
5.87401161,-2.28016757,5.86866775,-4.35666477,4.84837847,-5.88145957
5.222556,1.90286401,-4.62237597,-3.36949945,-5.60789111,2.43693203
-2.89806406,5.87317734,4.83091378,3.83575228,-4.0240991,-3.29051386
4.2186191,-5.27115444,4.97815084,-4.17914238,3.62750694,-5.82441186
5.92747958,-3.98322601,2.78395025,-4.31935868,5.33499505,-2.78488617
3.3837946,5.80967801,-5.20095315,-5.41128727,-3.83974695,3.51691596
-4.21047033,5.59865103,5.67192683,4.35971926,-5.98156218,-4.57637384
5.57472667,1.51587649,5.40003853,-3.23038744,4.45186276,-5.52148801
5.92285277,-5.4057869,5.45608585,-4.36034244,5.12731719,-4.34782358
4.0507659,-4.74869422,5.11383981,-4.12342731,5.15649259,-4.65369828
-3.74034964,5.1450013,5.68763348,3.74728905,-3.3387639,-5.9818299
5.98546435,5.06326672,0.5041204,-5.3342697,-3.82517623,4.91272693
5.76213785,5.84383239,-5.99624527,-4.6497033,-5.67458857,4.68023644
-5.50297317,5.99906905,3.65163213,5.59697702,-2.72342614,-3.00808247
-2.84377327,5.96854958,-4.92996005,-5.5436792,-3.71573726,2.68489957
-5.44786959,5.71281419,-3.18691642,4.39559286,-4.33390699,-3.907514
-4.83878535,5.18416414,5.17754252,2.625616,-3.77426941,-5.56991399
-4.81016861,-0.46275575,3.92312131,3.14166161,-5.36043462,-2.78923512
5.83798558,3.47871824,-4.07346542,-3.37261587,-4.4496734,4.28046331
5.41895662,-5.32703507,4.87790278,-3.75414153,4.29735621,-5.97222396
-3.83623652,4.79631686,5.90303137,3.35191965,-5.1267582,-3.90929797
2.12695323,-5.78115305,5.52253057,-3.44380576,4.03852357,-5.30129552
-5.45944356,-3.6157365,4.69648991,3.16292728,-5.61896275,-3.48640349
3.9299325,-5.47140889,-3.31327743,-2.5775957,3.89892033,-5.253855
-5.57371262,-4.02508061,4.56315731,3.47807979,-4.02805779,-3.32426339
0.57269376,5.52652543,5.95794659,5.06017412,-4.459474,-4.26245626
-2.73115152,5.89868005,5.15233355,2.91494628,-5.38024676,-3.11098203
2.76623451,-5.55106382,5.87309244,-3.05061192,5.47666978,-3.02525504
-3.45492681,4.97744728,5.52858921,2.79794227,-4.54398264,-4.18119551
-1.65463272,5.00597667,-5.82237636,-5.89840487,-3.42981108,3.68736345
-5.88820984,4.50952086,5.71207093,5.4230248,-3.49401577,-5.38672257
-5.87554931,4.07082331,5.80710595,5.85455246,-5.15015306,-4.00343024
5.58509814,-4.29722216,5.80788626,-5.29372311,2.80435828,-3.4843044
-0.91644445,5.39138105,5.34293221,4.66234631,-3.99820401,-4.37670415
5.21903875,5.49247508,5.88586572,-3.77800801,-3.34520263,4.6248442
-2.65699801,4.04129456,5.46931921,3.14417291,-4.29890048,-4.17415349
-5.72739478,5.38060425,5.04192862,3.8293348,-4.60551574,-4.3222942
5.84397832,-4.90100071,0.36124529,-3.62234936,3.05497234,-3.88119362
3.11738687,4.98401597,-5.99406642,-5.54797605,-3.56878158,4.41707374
2.87252015,5.79074711,0.08740301,-2.58222659,-3.17685038,5.16186695
-4.60410989,1.06276284,5.83695073,3.76269429,-4.92619755,-4.12202387
-1.94554211,5.29513885,5.69776486,5.3233983,-4.35668253,-2.80285206
5.6470634,5.48271128,5.51578731,5.94769487,-5.19856799,-4.39108355
5.12035013,-5.75689047,-0.60428467,-3.7836125,4.07847624,-4.51109501
5.46248456,4.89578239,-5.07558256,-4.94477129,-4.52719646,4.55991024
-5.38172355,4.80750903,5.81928276,4.70732033,-4.92039519,-5.04716214
4.12594136,3.73741359,5.76678007,-3.73477267,4.63678325,-4.56547084
2.79825501,5.03952913,5.25632009,5.72065311,-4.87828004,-2.85530614
4.09132979,-5.74047475,5.44564554,-4.16123794,4.01805382,-4.56354847
5.90931275,2.33599241,-4.23192652,-3.69493679,-2.71876647,3.62310142
-5.85613487,5.1160965,4.22381509,3.23602076,-4.57457117,-5.72677968
3.16223125,5.15048143,5.95603958,3.74568268,-4.93447245,-2.84677231
2.74682645,5.79240799,-5.32087398,-3.8006091,-3.83173997,2.65148179
5.0325493,-5.19312101,4.40793815,-4.39895841,4.20105852,-4.51076511
5.95122092,-5.57470702,3.48822466,-4.0929155,5.14095124,-3.97117115
5.91109325,-3.16950947,5.26613942,-5.26162421,5.49389475,-3.51696974
5.66477169,4.64572229,-5.88914646,-5.04934765,-4.39266492,3.16257341
4.61598847,-3.49423741,3.8020511,-3.6193536,2.45923566,-5.02691558
-5.99155565,5.99162741,-0.92095225,4.12295551,-4.21825985,-5.76993453
5.27669353,4.98723834,1.23113288,-3.55102912,-3.81861746,4.24505421
-4.43522541,4.82618098,5.74474678,4.1248516,-5.84723616,-3.62405663
-5.18849924,5.62518063,5.09611714,2.89791394,-4.43884733,-4.33989843
4.18712551,-4.73017479,5.78921558,-4.35591395,5.83121149,-4.27885232
4.58141949,4.52927334,5.84875573,-4.16396349,5.49618588,-3.26601684
-4.16477452,2.16376592,5.11526738,2.74367783,-4.94018324,-3.16361324
-4.86575483,5.78719094,-2.93761472,3.70031651,-4.12670118,-2.91357969
3.30871322,-5.64785189,5.61202215,-3.27585311,4.0944017,-5.87716569
-0.70134381,4.93861578,-4.23999171,-4.63551477,-2.73024874,3.1058097
3.73465212,5.97705117,-4.84195227,-5.10901543,-3.97013676,4.47734636
5.57262927,-3.89893999,1.00583007,-4.11029729,2.76253419,-5.36708928
5.31673061,5.50635902,5.73252397,-4.21029486,-4.62052051,3.99166943
1.83461123,5.34747888,3.99661127,2.58753211,-4.56355799,-3.10384082
5.82820348,-3.26919778,4.5747335,-5.39515162,3.94853473,-4.45943164
-2.44532627,5.40559082,5.64921739,2.71321118,-3.72528184,-3.49255276
5.86208444,-3.57438889,5.41260646,-4.47001627,5.36795944,-5.12947304
-5.98844155,5.68440505,2.12805956,4.30232542,-3.17190722,-5.29967387
-4.75739054,2.79583507,5.80085631,3.98527926,-5.75172164,-4.30483065
4.95601962,-4.45978594,1.64007591,-3.24095008,3.07609403,-5.49804379
5.76126559,4.51154095,-5.92728996,-5.74362476,-4.55014311,5.01743408
5.40885523,3.79208041,-2.75970369,-4.07549213,-3.09409524,5.76379091
3.50997522,5.93957345,5.99890402,5.05004756,-2.72182476,-4.94766722
5.54264399,5.47851667,5.91620311,-4.38164046,5.22407601,-5.14052076
4.7626414,-2.85470864,4.88806595,-4.00471195,3.33904062,-5.01895561
3.71955025,-5.8791904,4.54651179,-3.48129552,4.41557757,-5.61686942
5.69132161,4.84622616,-4.26209007,-4.11212094,-4.46477394,4.52039126
-5.81931759,4.96302649,2.94424874,2.90230478,-4.12603705,-4.5969677
5.85551323,-4.22299911,3.43935332,-4.2073942,5.20402871,-3.41720696
2.2440929,5.91637665,5.34719985,3.0492408,-5.07604162,-3.99003865
3.73431031,2.81304682,5.60303182,-3.97802891,4.74454047,-3.16967555
5.96369323,3.06097061,-2.95250718,-4.00476511,-4.85652633,3.0694289
3.66621256,-5.63918311,4.75724115,-4.13709646,2.34832081,-5.55472537
-5.81419927,5.457452,1.22303529,3.65409342,-4.41228547,-4.20882058
2.65396308,5.31292598,5.99543961,4.92154051,-4.54757163,-4.59144045
-5.12191695,-2.88953194,5.84848981,3.7322077,-5.94152313,-4.47392629
-1.7477559,5.4887569,5.81586528,3.54244124,-4.08114998,-4.97123249
5.04474665,5.78598834,-1.81109891,-4.25553967,-5.20486452,4.29499819
4.23857222,-2.41310132,5.45830728,-2.91981753,4.62753839,-3.94347799
4.42244041,-5.70821734,4.93293953,-4.06348467,3.88608705,-3.84162708
4.77291176,4.8104733,3.26837981,-3.05651788,-3.61028269,3.3484031
4.54596853,2.94592601,5.38171776,-2.84300882,3.82058825,-5.04898223
5.67450466,-5.98923745,-4.59819682,-3.78926574,4.54578801,-5.90481674
4.46395123,-5.35433911,2.84963232,-3.30950388,4.70421898,-4.75565252
5.22058855,-0.86415904,4.9467502,-4.6461567,3.44726473,-3.51546627
3.08399423,5.40475009,5.90942061,4.26936975,-4.87585351,-3.81256989
-4.64521492,4.22858956,4.34874545,3.18089001,-3.31959499,-5.62099916
-5.26894833,4.56283139,5.69122334,3.23805542,-4.33209835,-3.49604842
-0.55598925,-5.63200672,4.99141806,-5.78083146,1.8438263,-4.40740266
4.12019588,-5.96219052,5.6845814,-3.04991348,4.38546295,-5.99165333
4.88262043,1.60791522,4.91335614,-3.82389976,4.38047473,-4.30297095
-5.12702887,5.79744154,1.40954814,3.5874763,-4.63065709,-3.24424655
4.87321992,-5.58144776,5.92765734,-3.26696996,3.99928983,-4.08762568
5.06035734,5.24269339,-5.1786013,-4.7618741,-3.98069469,3.99918586
4.62119594,4.81113022,-1.07398152,-3.17675431,-4.12639202,5.66634062
5.74894963,3.16395896,5.2752588,-4.13015766,4.67710825,-4.47084602
-0.04408352,-5.03082329,5.56572345,-5.16119697,2.77380418,-3.1177575
5.81603319,-2.21607235,5.91242793,-5.11380691,4.27965806,-3.36331653
4.95348463,-3.89799688,4.51338153,-4.12513562,3.9694146,-4.34735826
4.21051591,5.7750237,-3.17179732,-3.96884672,-5.44374293,3.77971357
-4.60074243,5.38213943,4.66138506,1.95743502,-4.51781773,-4.44432517
3.77173112,5.15396199,-5.14403821,-4.90204254,-3.45962801,4.74772771
0.69247055,5.25642455,5.5054918,5.16005892,-4.21393659,-4.33628329
-4.91040069,5.70236584,-4.10672555,3.485995,-4.30779212,-3.84070929
2.89999732,5.84060237,5.60752494,4.69233028,-5.15407612,-3.63917763
-5.85564314,-5.99089374,4.24113796,-4.89903822,4.8342398,-2.53346245
-2.81450563,-4.88180863,4.79203311,-3.91121024,3.80098757,-3.31367774
5.92002124,-2.03996523,5.70512274,-5.70400878,4.99106085,-3.84691035
1.18905227,5.77014992,5.99146583,4.59879291,-3.1442619,-4.34174988
5.96324102,-5.77151997,5.94821153,-5.66423619,3.53699257,-4.7225892
1.21554089,5.68157061,5.04896764,5.45502111,-4.23498349,-3.72448375
3.09519465,5.83495801,5.72184403,4.76447914,-5.39780498,-4.5304189
5.67404016,4.87978765,-5.32536688,-3.79305095,-2.84755251,5.99771084
-4.92655874,-1.92406442,5.49277596,3.79233785,-3.97161473,-3.62951256
5.02515134,5.95090051,-3.68086165,-5.70717666,-3.65774221,4.69374941
5.84195986,0.64904678,4.50806886,-4.05244123,2.69633771,-3.93544701
5.50818723,-0.11952677,5.91562231,-3.98311025,3.67100685,-5.44074969
5.15073795,2.84490959,5.53049272,-3.04262736,2.99488491,-3.2775891
4.59516726,-5.75874917,5.25948792,-5.32198791,4.77619135,-3.21648731
-4.02745552,4.94883155,5.40948556,5.6645264,-5.51265587,-2.86526102
-4.70650423,5.2398156,-5.51132621,-4.89016886,-4.07599572,2.64230527
4.13439669,3.98270844,-5.79539008,-2.76292098,-4.19845224,4.56649658
5.82695647,-5.68080487,3.62954973,-2.98825729,3.13320145,-3.60294715
5.8018498,-5.51747272,2.25491378,-4.22688135,4.69578591,-3.36504887
5.72399261,4.46699638,1.02117628,-4.70752307,-3.96649262,4.21147023
5.17495157,-3.03073408,3.16661336,-3.22912252,5.26432606,-3.09374705
5.03719778,-4.93203007,5.18981546,-2.56715834,3.57532047,-5.75373679
5.92226507,5.82547951,5.48302584,-3.79542998,-3.26642879,4.56580532
-4.63745123,4.86142933,5.78047002,5.90928921,-4.83908084,-3.84713569
5.78218336,2.34515561,-5.77951661,-3.65351721,-5.3173691,3.01155566
-5.53881994,4.92295069,5.41369731,4.79885166,-4.67165724,-5.67364852
-4.96236816,3.0172987,5.80638971,3.95471376,-3.25990582,-4.60119825
4.5023744,4.38986351,5.13433544,5.93347036,-4.34301954,-3.37739151
3.85968343,5.18403428,-3.07894829,-2.88692395,-4.38327618,5.77383527
4.78774777,5.08235357,-5.49604839,-4.72137806,-3.9327469,4.07846743
5.6814246,5.84592078,-2.41915235,-3.9939021,-3.41116,4.99800514
-5.17246789,-0.70303845,5.6412885,2.46401072,-4.49531127,-4.46681129
5.34272605,-4.05138496,5.86898263,-4.28729365,4.41856761,-4.61380106
-5.42004924,5.16667018,3.33858124,5.00875948,-3.53421366,-2.79666119
5.1189409,5.92589219,-5.35072182,-5.89531776,-4.84736368,4.81416283
2.69691902,3.89808712,5.56372326,4.71481097,-2.82420597,-4.65969253
5.39741577,-5.43208911,5.63986305,-3.07984016,3.00508683,-4.06069652
3.95978266,-4.48797829,4.08736283,-4.51711167,3.5702104,-3.64951283
5.28283427,5.3339727,-5.82722932,-4.71357982,-5.41620371,5.29028175
4.03974647,4.80227806,4.45983168,5.28726149,-2.66758169,-4.48618676
3.38525378,-3.94949089,5.7661481,-5.75515938,2.44276872,-3.38811378
5.88542922,5.99446792,-0.42384594,-5.06318572,-5.17794194,5.96459274
5.6596238,-5.12085492,-5.2273592,-4.34754719,-5.63649733,3.10406114
3.60157709,4.62538176,-5.0228572,-4.82227448,-3.68000356,4.17591393
-3.11173822,5.03047988,5.66039413,4.45904804,-4.13984263,-5.19140651
5.87069389,2.50812084,-5.82012198,-2.32639792,-5.26771503,5.41998444
5.52152703,-5.91182157,5.61636061,-3.47970924,5.99084642,-5.04008558
4.8287742,-5.36203869,4.4823083,-3.66518141,4.95286355,-4.32311805
5.74293541,3.08561062,4.56143278,-4.07309757,5.37070981,-4.11566097
5.39894171,4.32688569,-5.2471572,-3.83041797,-4.54201758,4.97357975
5.7480358,5.77465022,3.31640618,-5.13636174,-3.23438605,5.07447325
5.42208507,5.96108156,4.22260369,-4.433855,-3.89684964,4.64270389
5.3032406,-5.90464511,-3.12400147,-3.79945359,4.58748527,-3.50658565
3.97760326,5.93746516,-3.00063802,-4.72282789,-5.36974177,2.78395935
3.74054343,4.86996464,5.37694475,5.61411551,-4.41657848,-3.93525318
5.66112155,5.45958699,-1.57246034,-3.81038999,-3.60851815,4.07309399
5.11339676,5.47747927,1.21722209,-3.73709669,-3.03256062,5.19866643
5.34021731,2.95870689,-5.64865826,-4.93702455,-3.44957744,4.791943
4.26253518,5.0310587,-3.18581696,-5.32185889,-3.82657497,3.36161447
3.90021155,-1.75445567,5.66541966,-3.16160488,2.51886915,-5.28470967
0.1257359,5.93552499,-5.77582648,-5.73181095,-5.11068057,3.31081084
5.28036499,4.7346154,-5.1551867,-3.90455974,-3.65174749,4.1595957
-3.42824225,4.30610515,5.48084548,5.334564,-3.85539679,-4.32704405
5.76674814,5.90444633,-2.01703211,-3.98322472,-4.70312428,5.90159202
3.26002516,-5.59671569,4.84440753,-3.36435441,3.54196246,-5.99671623
4.45562994,5.29957904,-3.21583433,-3.67472754,-4.32680064,4.35464735
