-5.87652372,4.22929243,-5.90155414
-5.95520288,-5.79095903,3.94877258
-5.87497409,-5.92112216,4.28820607
-5.99756667,4.05492882,-5.88299818
4.0301658,-5.76716455,-5.86366766
4.22133137,-5.81421048,-5.91210814
-5.73128025,4.18308274,-5.88895655
-5.52571991,-5.95477135,4.06441612
3.94980489,-5.85450556,-5.86753625
-5.5037624,3.93956525,-5.89920239
4.25815981,-5.97066127,-5.8799399
4.41023914,-5.89740681,-5.9498221
-5.95590024,4.24991085,-5.80763976
-5.86640842,-5.87848551,4.28790064
-5.92486405,4.19391316,-5.78768048
-5.95415999,4.02754998,-5.80800417
4.47212375,-5.9133988,-5.9951904
-5.94793172,4.39069156,-5.9451045
-5.95868351,-5.87933188,4.31812396
3.8828177,-5.96644405,-5.46397093
4.39896786,-5.92606402,-5.88714869
4.318856,-5.81389531,-5.95173362
4.23100165,-5.96493746,-5.94383569
3.96306774,-5.97036661,-5.71199994
-5.99994066,4.15411416,-5.89374595
4.14617642,-5.66222218,-5.97271549
-5.86550828,-5.97676073,4.16170506
3.87046353,-5.88485166,-5.67632447
-5.85185066,4.3702514,-5.96850866
-5.68653367,4.20291223,-5.95928132
-5.98261432,3.98053709,-5.80696692
-5.77446985,-5.96848823,4.16991822
-5.98107189,-5.46514128,4.02305788
4.51311768,-5.99372693,-5.95324426
-5.83211133,4.1315287,-5.89611867
-5.88568042,-5.86479226,4.13496945
4.43928023,-5.99346231,-5.95914247
-5.82305724,4.01737455,-5.6896007
-5.80514053,4.07347299,-5.76248489
-5.93576497,4.25924089,-5.7562899
4.46548377,-5.9844094,-5.97271622
-5.96094152,4.12866609,-5.616548
-5.81915154,-5.90794342,4.20261415
4.3066245,-5.91592962,-5.80386818
4.04866121,-5.86457429,-5.63764075
-5.94908168,-5.75983106,4.12623473
4.31138074,-5.75233081,-5.98403003
-5.88814841,4.2591938,-5.85818153
-5.74571524,4.24146459,-5.96918102
4.16656157,-5.90354634,-5.99791006
3.87670392,-5.98051794,-5.95825778
3.89834612,-5.87202157,-5.65309704
-5.87955034,4.39305952,-5.99093916
-5.94871797,4.20592481,-5.71910928
4.07474669,-5.94657288,-5.81389125
-5.97975097,-5.99087835,4.1935805
4.30449805,-5.92060909,-5.93222458
-5.99955772,4.07190178,-5.64657492
-5.82539523,4.23315918,-5.89409894
-5.96300999,-5.8718665,4.18827828
-5.9708965,-5.90928783,4.46017149
4.12918039,-5.60892909,-5.96542443
4.13979692,-5.74701745,-5.99093315
4.146454,-5.67470588,-5.94591084
4.00541834,-5.69054316,-5.7524206
-5.55963451,-5.96954966,4.11789153
-5.90926677,4.16990215,-5.94576581
-5.96398425,-5.96733044,4.44322467
-5.96859948,-5.84053854,4.34503021
-5.82951713,-5.99184027,4.35494449
-5.88836039,-5.89393964,3.95808827
-5.88508904,4.20190856,-5.74079908
4.40000093,-5.91578937,-5.91383718
-5.91200192,-5.65683486,4.03566986
4.18702011,-5.80319138,-5.85452807
-5.87483205,-5.95641106,4.37912432
-5.90932539,4.06973915,-5.87461504
-5.69784254,-5.88594837,4.03107398
-5.72003778,4.14939288,-5.99326637
-5.98340959,-5.83984447,4.17839768
-5.72993471,-5.99668772,4.244659
-5.82159142,3.98486684,-5.96450011
-5.95031053,-5.98956377,4.29141008
-5.58711779,4.05415723,-5.90534072
-5.99938653,4.04261615,-5.58134712
-5.98875378,-5.88468567,4.3964271
4.16420471,-5.71820159,-5.93269726
3.96918515,-5.7245021,-5.92348569
-5.97297387,-5.63662012,4.1731517
-5.97097816,-5.8954608,4.17632665
-5.92509008,4.0314118,-5.83284373
-5.98292341,4.39100827,-5.99817536
-5.75139346,4.00401862,-5.99570869
-5.8490849,-5.99676689,4.16210858
-5.90234944,4.25222542,-5.98525946
-5.93627016,4.36381548,-5.96333828
4.20919083,-5.91721927,-5.72954065
4.22591023,-5.91125506,-5.89398924
4.05677268,-5.83092263,-5.66377288
-5.59749523,4.15177867,-5.99968307
-5.99725707,4.24304976,-5.86326026
4.14237377,-5.89799462,-5.70875064
-5.71671646,4.21743132,-5.95605066
4.50822585,-5.98167458,-5.95030619
-5.9394673,4.15298616,-5.88319396
-5.92210254,4.34516293,-5.95522807
4.34361489,-5.96171019,-5.8604151
-5.92327989,-5.68971954,4.1610507
4.10876976,-5.98210213,-5.9927298
4.22958604,-5.96503612,-5.71830431
-5.77176895,4.22234359,-5.99615197
-5.71151164,-5.75722957,3.89485721
4.1237701,-5.94108765,-5.64539595
-5.78425136,-5.94767793,4.03238531
-5.60605847,-5.96004191,4.12599107
-5.89834745,4.37940153,-5.98963922
-5.96450222,-5.96899176,4.2892924
-5.85357561,4.38347264,-5.97391
-5.57487928,-5.96097651,4.06785082
-5.99326631,4.2790704,-5.8202661
-5.86719065,4.21009849,-5.86763704
4.2441485,-5.9030225,-5.9719206
-5.95447401,4.21567761,-5.78354128
-5.83592033,4.08453919,-5.84810125
-5.98303754,4.37187905,-5.89123063
-5.78241209,-5.91244869,3.96771669
4.44864849,-5.93747136,-5.97165377
4.34442368,-5.8821646,-5.89298786
4.20302099,-5.75210763,-5.88711223
-5.71397676,4.13508239,-5.99440512
4.28275213,-5.77516673,-5.92295466
4.32130759,-5.95690001,-5.99939054
-5.99468016,-5.97457531,4.55314156
-5.82837612,4.08040103,-5.68596538
-5.94465034,-5.97731025,4.2578146
-5.6821228,-5.93531111,4.08915252
-5.96133454,-5.78846367,4.21982203
-5.87793264,-5.84152242,4.22490619
-5.85795925,4.04498079,-5.7346557
-5.99268892,4.36197749,-5.96722843
-5.90448236,-5.89231788,4.38293436
3.98328013,-5.82837924,-5.63995181
-5.84332325,4.16789735,-5.95233178
3.96064642,-5.85934067,-5.70879446
4.01049151,-5.95560777,-5.72731225
-5.7419478,-5.9748237,4.17314605
4.01555725,-5.72296468,-5.87190832
-5.88061815,4.45999972,-5.99689175
-5.96142945,-5.98249324,4.46989117
-5.97855453,-5.99689277,4.29633434
4.0498351,-5.86525942,-5.98065195
-5.90665396,4.30291156,-5.90448958
-5.76287587,4.12699718,-5.7994329
3.96803848,-5.94948706,-5.44496768
-5.74905744,-5.82368531,4.08325559
-5.94447199,-5.69947526,4.13115433
-5.8250822,4.21903343,-5.99894233
4.32418385,-5.90208128,-5.9392118
4.36061122,-5.96388494,-5.86653307
-5.76636336,-5.89926293,4.07829611
-5.97181404,4.25256997,-5.69568334
-5.82789116,-5.74452128,4.10636127
4.00843133,-5.82416652,-5.99468658
-5.85978609,4.22325792,-5.92065576
-5.53895059,4.07214996,-5.97514999
-5.68761831,-5.98084962,4.09388987
4.17381163,-5.73776876,-5.9755448
4.17138013,-5.93544527,-5.98838733
4.09639929,-5.6540771,-5.94940282
4.16508724,-5.9844001,-5.84455867
-5.93990773,4.34462223,-5.97425643
-5.80261438,-5.9839042,4.29579837
3.92546962,-5.7724042,-5.67796236
-5.81962474,-5.77835893,4.03901313
-5.71072305,-5.86041771,4.15415161
-5.69956073,-5.9998295,4.13795866
-5.93907275,-5.7773724,4.11224177
3.99212215,-5.96102732,-5.46420834
-5.75549183,-5.76952688,4.09315547
-5.87467886,-5.54694293,3.97132269
4.19401467,-5.94259761,-5.92697357
-5.91711271,4.39571459,-5.9966337
4.13199589,-5.98777171,-5.83521633
-5.90573755,-5.83890635,4.22061357
-5.93967406,-5.98776335,4.24013683
-5.89773191,4.41958669,-5.95308477
-5.962423,4.5067309,-5.97176559
-5.95655521,3.90373722,-5.37545378
-5.8568679,-5.94973608,4.27618213
4.18565201,-5.94429687,-5.92213349
-5.86842543,4.22262345,-5.79887133
4.33700487,-5.80774684,-5.98440794
4.19306291,-5.69960926,-5.9347624
3.94227289,-5.80326312,-5.98851629
-5.56751039,4.03730389,-5.95568062
4.48858232,-5.98759837,-5.9628037
-5.86088763,4.14317285,-5.76544637
-5.99221779,4.24057845,-5.90419322
-5.86234707,4.20332421,-5.99386744
-5.92453641,4.00350579,-5.62859409
-5.91825559,4.0526888,-5.8926468
-5.84642871,4.288292,-5.87864335
-5.93608301,4.26858239,-5.80046337
-5.94031347,4.20232186,-5.84121115
4.16564846,-5.94602348,-5.88960446
-5.9427351,-5.82142688,4.22575156
-5.77807483,-5.77434655,3.96699303
-5.9901036,-5.89450423,4.46246323
-5.97369837,-5.96922305,4.42748126
-5.89663326,4.12114143,-5.9121834
4.19497919,-5.72315994,-5.92841262
-5.84761582,4.24476267,-5.87783543
3.96841971,-5.76403714,-5.92775711
-5.95804319,4.28985734,-5.76781789
-5.92802371,-5.92937444,4.10256205
-5.97761037,4.35161617,-5.87169694
-5.86622122,3.92086032,-5.76198365
-5.97251088,-5.789501,4.25118989
-5.91169733,-5.93873364,4.29172148
4.07097646,-5.61970776,-5.95444492
-5.84820593,-5.74538316,4.17579595
-5.56653034,-5.96284024,4.08238709
4.1345321,-5.80995418,-5.79415734
4.34231951,-5.81477961,-5.96147924
-5.8998544,-5.92654537,4.20022878
-5.95272886,4.30658802,-5.7820692
-5.55149744,-5.96367046,4.07326607
-5.94363459,-5.92345294,4.40116996
-5.99036113,-5.93500393,4.48564222
4.0978881,-5.95524159,-5.82019956
-5.87709507,-5.66022655,3.92351747
4.37061046,-5.98984912,-5.83657876
-5.82936195,4.13626071,-5.76186647
-5.88152473,-5.71829944,4.10033148
4.11287215,-5.8620614,-5.80626315
-5.87941693,4.10655014,-5.91524397
-5.85261792,-5.80219336,4.24108735
4.18918793,-5.93954011,-5.97086545
-5.90970381,4.41632514,-5.93079623
3.87343866,-5.72774859,-5.93099726
-5.91567552,4.30162874,-5.87026769
4.22484627,-5.74056619,-5.91972361
4.360566,-5.91864482,-5.95819306
-5.90684814,4.43213909,-5.94805811
4.00872114,-5.9479524,-5.58723227
-5.975172,-5.77992982,3.9672968
4.27248023,-5.79192765,-5.90159076
3.85939106,-5.81427592,-5.60008558
-5.89707548,4.35174954,-5.91266503
-5.868115,4.12714986,-5.68680259
-5.92429712,-5.79873625,4.17287047
4.14402909,-5.94321011,-5.65467681
-5.70304122,4.2281592,-5.99343701
-5.77116433,4.15584797,-5.90677097
-5.71256481,-5.99231314,4.28191052
-5.87738185,4.07876191,-5.67670775
-5.92700987,-5.72556596,4.24035381
4.09324026,-5.87927443,-5.66137443
-5.9741183,-5.86428711,4.39648677
-5.78393412,-5.89142099,4.07535412
-5.91831344,-5.87326174,4.30969264
-5.89725354,4.14835821,-5.95265127
-5.94720471,-5.83966351,4.3264789
-5.92752684,-5.99304926,4.47349972
-5.76226379,-5.97045315,4.15720193
-5.88199559,-5.90573866,4.26534561
-5.88950158,4.06322116,-5.74239901
-5.82360416,-5.94683198,3.94601893
-5.86762994,4.2642316,-5.96249056
4.12835246,-5.75349711,-5.95616673
4.25660634,-5.92143503,-5.78933005
-5.96199181,4.14944357,-5.64263684
4.04445269,-5.9898468,-5.99000312
4.38929455,-5.92876017,-5.9558944
4.22040281,-5.91172658,-5.96532371
-5.7082699,4.23657934,-5.94831953
-5.92134504,4.30153734,-5.952043
-5.90917429,4.20696554,-5.83603718
-5.96336167,-5.66842796,4.10675601
4.18285592,-5.99380731,-5.61118195
4.11964442,-5.80601153,-5.99700671
4.13920104,-5.87247801,-5.69720007
-5.93286572,-5.88745307,4.32421109
-5.92987484,-5.71719286,4.110682
-5.96063574,-5.93615233,3.98150762
-5.97067529,4.19479494,-5.72523022
4.47556062,-5.94742691,-5.94919241
4.14338936,-5.83319627,-5.74875408
-5.97698695,4.3840654,-5.9553403
-5.91549905,4.17947449,-5.72789459
-5.80933866,4.31745029,-5.93490465
-5.97569609,4.21266639,-5.67366788
4.13788953,-5.7257635,-5.93667771
4.3908733,-5.8455059,-5.99719629
-5.83777879,-5.64640055,4.03248364
-5.91060702,3.92045857,-5.49079272
-5.87637476,-5.79770818,4.22858014
4.07830003,-5.72239954,-5.95705453
-5.77639597,-5.91067518,4.00467004
-5.8480391,3.90720387,-5.61412894
4.00336868,-5.62276465,-5.97596929
-5.86327493,4.19383782,-5.74349929
-5.83671486,-5.75400275,4.11885519
-5.80116555,4.01109879,-5.76662784
-5.87781443,4.39331433,-5.97839874
-5.61426035,-5.92675024,4.10960828
-5.96727858,4.29297328,-5.99060177
3.98734539,-5.99867203,-5.79912134
-5.5702946,-5.99319831,4.00773415
-5.99525962,4.18579557,-5.98720646
-5.94717788,-5.81422464,4.09519593
3.98387961,-5.83048053,-5.91894628
-5.83512912,-5.73018284,4.11909049
-5.93627206,4.34418882,-5.89365344
3.8462887,-5.99880939,-5.95430479
4.21815281,-5.81568725,-5.89018602
4.034499,-5.71248283,-5.76127558
-5.94767406,-5.58623375,4.10737042
3.87991836,-5.39316262,-5.94176024
-5.86654293,-5.86823978,4.06862167
4.37394839,-5.91425888,-5.95613425
-5.67569555,-5.96840287,4.07779669
-5.77629833,-5.94144963,4.06078551
3.94002487,-5.98292009,-5.89597829
4.29589365,-5.95742529,-5.98195622
-5.71721618,-5.89540258,4.19624684
-5.86955775,-5.98036291,4.30111289
-5.62377675,3.84983036,-5.89962496
4.34488219,-5.91540219,-5.86297298
-5.93417548,4.32172007,-5.96429725
-5.8854686,4.02047343,-5.81242945
4.42179811,-5.89372158,-5.96747726
3.93587415,-5.58014216,-5.79671745
-5.81328108,-5.94991424,4.23349772
4.42050546,-5.94668815,-5.94850473
-5.7104573,4.23373908,-5.97824595
-5.64823169,4.0596289,-5.91983499
3.95792991,-5.58933159,-5.88875238
-5.77427241,-5.6926503,3.98922591
-5.99306522,4.4403324,-5.97431019
-5.88940614,4.27961197,-5.82605351
-5.98473554,-5.86241877,4.33408718
-5.97065976,4.47464906,-5.97874279
4.34567608,-5.98391643,-5.91488783
-5.86908965,4.2733704,-5.97277468
4.14642648,-5.66784164,-5.91228176
3.91063911,-5.99894291,-5.91422214
-5.92454653,-5.73871484,4.21502762
-5.84818104,-5.97444901,4.36189156
3.9247905,-5.98294644,-5.63323431
4.06106954,-5.92028652,-5.59317012
-5.87657465,4.13660323,-5.91662462
-5.98956056,-5.86866733,4.23395114
-5.9579548,-5.89190225,4.20209494
4.23706058,-5.81937297,-5.93116608
4.19947765,-5.75090898,-5.95405417
-5.66351738,4.23756532,-5.99633873
-5.60073198,4.06240829,-5.91273196
-5.76936846,-5.82313277,4.01633075
-5.96276144,-5.99056528,4.14972571
-5.9119493,-5.85076744,3.95106488
-5.90250917,4.04903376,-5.64048562
4.43721008,-5.90951217,-5.98113855
-5.99755057,-5.84696535,4.42128702
4.14211647,-5.84149425,-5.92859179
-5.94054108,-5.95119855,4.09701182
-5.95372943,-5.94488815,4.017352
-5.9035696,4.3349817,-5.87302161
-5.95851726,-5.74809278,3.97710805
4.05222531,-5.84002973,-5.80782788
-5.79754588,4.17484501,-5.97407307
-5.71801569,4.26165058,-5.99314898
-5.8323364,4.06763554,-5.92440698
-5.72687811,-5.95520622,3.96099805
3.97115997,-5.84069883,-5.74737361
-5.68302722,3.96239711,-5.74175889
-5.96387692,4.04710501,-5.87527585
-5.97735195,-5.71429049,4.26416689
4.14505472,-5.76721845,-5.95501925
4.24301775,-5.90068777,-5.86520771
-5.69750062,-5.91384028,4.10320722
4.02906735,-5.97483894,-5.9937664
-5.85140408,-5.83615827,4.0619226
4.38558591,-5.977686,-5.82844178
-5.72092447,-5.85831637,4.14278491
-5.90274569,-5.96021653,4.44521392
-5.74557715,-5.66651485,3.96812968
-5.91525347,3.98631502,-5.83045909
-5.7733155,-5.97832834,4.19819147
4.15942011,-5.65897955,-5.92300002
-5.5928468,4.1589569,-5.99820074
-5.88823376,4.13157297,-5.79836033
-5.96111832,4.42435748,-5.97456818
-5.94831856,-5.91510304,4.33870353
-5.87193285,4.3653339,-5.933574
-5.98635753,4.17124431,-5.84218712
4.03355363,-5.88300452,-5.98573978
-5.88395098,-5.75408475,4.09097522
4.24176991,-5.94080634,-5.83133211
4.32062436,-5.99100093,-5.88482215
-5.80918083,-5.90794418,4.18934714
4.28909862,-5.88702448,-5.95155929
-5.67710701,4.14166336,-5.93512822
-5.96058235,-5.96575188,4.45361085
-5.76061931,4.27199841,-5.99974286
4.13816173,-5.99849815,-5.55236345
4.31166621,-5.8303843,-5.99025213
4.12226042,-5.77154451,-5.95646869
-5.86335856,-5.44342304,3.88780544
-5.67498627,-5.7336481,3.93058953
-5.57083492,3.99425212,-5.98922219
-5.71824551,-5.92286477,4.16879476
-5.94443687,4.09322823,-5.9037781
-5.86005516,4.32794717,-5.90198713
-5.89778571,-5.95058374,4.28639652
-5.94456337,4.00820334,-5.56922115
-5.77278581,4.07753316,-5.7714202
-5.86851042,4.13515133,-5.79915304
4.35453768,-5.93863394,-5.89978074
-5.81065223,4.05862264,-5.85285895
-5.95284314,-5.77393944,4.12358466
-5.79245031,4.20723801,-5.99348919
-5.93372644,4.22750758,-5.74795502
4.1245723,-5.94278578,-5.80744891
-5.81409678,-5.86753637,4.26307932
-5.9757331,-5.69142626,4.21797537
4.22728545,-5.85635587,-5.92318326
4.27380462,-5.87403594,-5.83294523
4.19154693,-5.96376073,-5.66720568
-5.89906582,-5.94486183,4.40113919
-5.79914558,4.32486126,-5.96953885
-5.99082538,4.09350813,-5.74430637
4.00180011,-5.93474306,-5.76122841
4.46434019,-5.98132528,-5.91587672
-5.65648736,4.01415512,-5.77266108
-5.75477677,4.19362637,-5.97200234
-5.94827936,4.19483369,-5.69396287
-5.8672731,4.06438061,-5.891094
-5.93387185,4.40261792,-5.9387318
-5.96458598,4.34429473,-5.96977627
4.1877362,-5.79021036,-5.85565951
4.40923388,-5.90583156,-5.984617
-5.97595908,4.24454163,-5.86462178
-5.61084995,4.16368022,-5.99266464
4.28588653,-5.82499215,-5.95610524
3.97937933,-5.63003882,-5.78819445
-5.96465385,4.26275538,-5.77226154
3.9593078,-5.91570122,-5.82112735
-5.87500329,4.11266303,-5.83551168
4.08144637,-5.9548792,-5.73717674
4.3210999,-5.90380497,-5.85494421
-5.54166516,3.92394622,-5.95701317
-5.95926648,4.10067651,-5.79772674
4.18480151,-5.9364709,-5.97131539
-5.90620172,-5.68565333,4.01383681
-5.600136,-5.95687283,4.12901589
4.30648522,-5.95405563,-5.93367144
-5.85062397,4.17658293,-5.8386903
-5.85327107,3.98616547,-5.92289601
4.04190701,-5.90267642,-5.74794019
4.31583297,-5.96790993,-5.86515515
-5.9616507,4.09176452,-5.60353155
4.22453503,-5.91092429,-5.92056288
-5.9737512,-5.75004746,4.02705375
-5.98225769,4.05269725,-5.7934295
-5.96058751,-5.79860919,4.30610217
4.12064545,-5.74672632,-5.98963787
-5.7744822,-5.79878862,4.09757784
-5.93514636,4.47426087,-5.98893497
-5.9356974,-5.95952862,4.45316037
-5.98546888,-5.7382648,4.25828603
-5.93385163,-5.73511879,4.24328159
4.25074235,-5.95115077,-5.94712646
-5.8398911,3.91626533,-5.84747938
-5.99472966,-5.93447185,4.31049995
-5.77226452,-5.92711039,4.12148126
4.10255786,-5.75883027,-5.86667954
-5.90835441,-5.61609841,3.90467307
-5.81105971,-5.90578013,4.14707105
-5.9867225,4.1090607,-5.83404222
-5.98952199,-5.92877625,4.25259567
4.36385188,-5.94518066,-5.89555631
-5.99751195,-5.94505451,4.28424895
-5.77384818,-5.9101105,3.98353103
3.98450186,-5.61270706,-5.84127963
-5.87072632,4.05549937,-5.85022322
-5.98089181,-5.99002826,4.37986239
-5.70297643,4.01316579,-5.85110312
-5.98079397,-5.8763221,4.29619614
4.08202861,-5.78140571,-5.7596702
4.14998229,-5.77569204,-5.98502451
-5.9195007,-5.91761584,4.36242301
-5.9568931,-5.90016763,4.30651098
-5.93387164,-5.99695387,4.30056319
4.22502707,-5.82142855,-5.93701852
4.1805408,-5.784039,-5.94102149
4.35282778,-5.96152226,-5.86234465
4.15768806,-5.93999331,-5.8586321
-5.78180835,4.30727002,-5.94737805
4.09027919,-5.99954062,-5.70359928
-5.88610569,4.42427611,-5.97457754
4.28066401,-5.85462592,-5.85689044
-5.77075422,4.27280808,-5.97136127
-5.88474237,-5.53716749,3.93573984
-5.85342042,-5.97847881,4.30653067
-5.80662252,-5.90960698,4.02401623
4.32859687,-5.96700321,-5.93747149
-5.7322865,4.03246901,-5.81909472
4.26793629,-5.97485971,-5.86315515
-5.93109274,-5.93244032,4.18166229
4.39746467,-5.9559685,-5.86014214
-5.69954965,3.97104728,-5.70301835
4.25013601,-5.80522503,-5.86581412
-5.96244837,-5.74394287,4.07142059
-5.71922686,4.19138047,-5.9428444
4.43177627,-5.98204439,-5.86237641
4.06585815,-5.91853038,-5.82685405
-5.82515982,4.12535122,-5.83873733
-5.69746189,4.14435032,-5.93405103
-5.99252174,-5.93622332,4.25942816
-5.74082828,-5.98580081,4.24536653
-5.89990407,4.202568,-5.83465273
4.40993905,-5.97104445,-5.977065
-5.88939364,3.84469903,-5.65697108
4.35436164,-5.89033688,-5.9960554
-5.96367108,-5.55098345,4.09893454
-5.9974353,4.12126245,-5.82288177
4.05413193,-5.72881305,-5.76105772
4.34868149,-5.98350238,-5.98660703
-5.98941682,4.48402558,-5.98956283
-5.98512073,-5.97785006,4.32305438
-5.95245602,4.22894187,-5.94457991
-5.97536297,-5.89397368,4.43823652
-5.80998103,-5.82668721,4.20114541
-5.77270762,4.24660117,-5.88721559
-5.91152897,-5.82951322,4.17145587
4.09595283,-5.9087701,-5.92803852
4.03173089,-5.98191736,-5.64188798
4.18372379,-5.76731627,-5.98527187
-5.84547734,-5.97545149,4.02621869
4.24254545,-5.9726154,-5.88638665
-5.79665042,-5.58957726,3.92777278
-5.72923244,4.00711471,-5.69114659
-5.98547485,-5.88948395,4.35189196
-5.8343224,-5.99226856,4.04826939
-5.88487634,-5.92730302,4.14724694
-5.96036285,-5.85160229,4.27175396
-5.96399255,3.92492465,-5.61099463
-5.82739988,-5.97997467,4.1556931
3.99839532,-5.99773301,-5.50400458
4.19619334,-5.84643814,-5.99838674
-5.5673546,-5.96144041,3.93204721
4.25557792,-5.78403297,-5.96842635
-5.62003237,-5.9970879,4.19653959
-5.94447675,-5.93536347,4.36918077
-5.69353358,4.10635301,-5.89677103
3.90931549,-5.79997412,-5.91945781
-5.67165735,4.1721415,-5.92800945
-5.56811058,-5.94544803,3.87443478
-5.85868816,4.34468053,-5.95536263
4.10747621,-5.95711105,-5.94663194
-5.87699057,-5.98413474,4.41754835
-5.98960928,-5.95907668,4.47273419
4.4504256,-5.97595692,-5.95627973
-5.81666558,4.03437117,-5.97672907
-5.89873003,4.36922976,-5.91456459
4.20775488,-5.73969913,-5.9046138
-5.87251246,-5.9397802,4.34724963
-5.98062973,-5.81770014,4.28622781
4.27898095,-5.95786238,-5.8018881
4.1113144,-5.79941115,-5.89508362
-5.82593599,-5.66145116,4.07130858
-5.99845819,-5.97500487,4.36508577
4.36255231,-5.8983492,-5.94864232
-5.9274652,-5.65856748,4.12825901
-5.89833012,3.93497372,-5.96679995
4.21360217,-5.97327345,-5.97055252
-5.73737415,4.13530741,-5.84345799
-5.91675779,-5.96257426,4.40435428
3.94280859,-5.49402967,-5.88097232
-5.75443511,-5.87471872,4.15633666
-5.94828515,-5.99937919,4.32631577
4.25202228,-5.91441776,-5.77791951
-5.9255207,4.31466182,-5.93724219
4.48501495,-5.95086868,-5.98511964
3.98983948,-5.78531973,-5.9390883
4.32843898,-5.94512844,-5.88646686
-5.85162412,3.87983026,-5.90806895
4.01162024,-5.94711506,-5.6455189
-5.92817204,-5.85343151,4.09033931
-5.75093063,3.99527649,-5.95477142
-5.93298313,-5.73163848,4.13330828
-5.80364251,-5.79287218,4.01833349
-5.50401258,-5.97337666,4.03960803
4.17977364,-5.73869717,-5.99182048
4.15911599,-5.80813748,-5.94716909
-5.90355378,-5.99328133,4.43953138
-5.85841784,-5.97373571,4.35612716
-5.8184888,4.3093484,-5.96260619
4.3492496,-5.98361784,-5.8416724
-5.79744663,4.04885091,-5.69139481
4.19653669,-5.79625199,-5.98044488
-5.91624221,-5.7534402,4.16723641
-5.71635153,3.92820381,-5.92701286
-5.87012016,-5.89579392,4.31735963
4.19224076,-5.82777005,-5.99344655
-5.97618259,4.32381556,-5.90630628
-5.78677747,-5.91502281,4.25859697
4.18693335,-5.96697639,-5.68546364
-5.7290725,4.1346236,-5.97455832
4.15104493,-5.95305213,-5.86584212
-5.95094535,4.29945624,-5.96550985
-5.97769612,-5.63839529,3.98996214
3.88184197,-5.77627228,-5.5986767
4.30108141,-5.89693981,-5.88795823
4.42414358,-5.97198461,-5.96742982
4.11377238,-5.61515418,-5.95614131
-5.94284683,-5.7359884,4.06672593
-5.97664416,-5.93831634,4.11817803
-5.79132943,-5.99187702,4.11493171
4.28566378,-5.98955032,-5.71646799
-5.86408481,-5.88337674,4.00252726
4.04747946,-5.63551843,-5.89824364
-5.78516191,3.96244563,-5.95440147
-5.87018294,4.36956162,-5.94522105
4.46083329,-5.95000425,-5.95168102
3.94842156,-5.99817299,-5.63206081
-5.8876378,-5.76922302,4.08339104
4.37921034,-5.98998699,-5.92771116
4.09968714,-5.87050929,-5.88029129
3.91712941,-5.86558577,-5.85337131
-5.48075515,3.98834485,-5.93406836
-5.83219937,4.15723514,-5.96287006
-5.67869666,-5.9165969,4.14959937
-5.89266747,-5.95897692,4.23984083
4.00616701,-5.9402387,-5.49695479
-5.85487804,4.08663691,-5.70482313
-5.7985095,4.26229487,-5.89110095
4.321115,-5.95404972,-5.80558781
-5.85594207,-5.93924026,4.34098857
-5.91001329,-5.91431134,4.2047231
-5.69738301,3.9926652,-5.88186487
4.44402661,-5.95467238,-5.97859745
-5.92336634,-5.99674567,4.38618163
3.93076691,-5.57278062,-5.99283465
4.12770468,-5.92940015,-5.97724339
-5.88456861,-5.87808405,4.07344274
-5.74934501,4.17475928,-5.99540882
-5.8113128,4.17889693,-5.85341566
3.9551342,-5.55204611,-5.89977465
-5.82279562,4.19502247,-5.98528736
-5.85402209,-5.92306378,4.20411044
4.38765778,-5.85099156,-5.94889112
4.08730077,-5.76983174,-5.86879483
3.90674235,-5.55463301,-5.84285968
-5.8995069,4.12103423,-5.78351642
-5.8730618,4.40525733,-5.99695661
-5.9524904,4.25087745,-5.91466727
4.3556433,-5.92341708,-5.94029607
-5.88866289,-5.81504389,3.93859486
4.16981762,-5.87265363,-5.78375089
-5.55265997,-5.95980682,3.91641454
-5.91516925,-5.66121186,4.1175147
-5.98279156,-5.38247724,3.93683297
4.11211958,-5.76105245,-5.79533407
-5.78292055,-5.96304128,4.24101878
-5.93184841,4.08322114,-5.5682374
4.3311266,-5.86172413,-5.97185743
-5.81633142,4.10995058,-5.7562362
-5.9950128,4.50968726,-5.99931637
-5.95759705,4.26592133,-5.84836923
4.2648106,-5.88204626,-5.96020482
-5.95666764,-5.98158145,4.15080199
-5.93246816,-5.9269188,4.09679406
-5.86184158,4.09938513,-5.88941382
-5.54622848,-5.91647201,3.99062896
4.42117352,-5.86430249,-5.98091159
-5.74674959,-5.88351437,4.04761666
3.94561183,-5.82120565,-5.81017358
-5.89663231,-5.91769835,4.05596958
4.10831195,-5.81306811,-5.86591063
4.00137728,-5.77063534,-5.99842483
-5.91695879,-5.97051479,4.38627173
-5.74005486,-5.94602409,4.0112713
4.25801795,-5.89460136,-5.93701838
4.24578704,-5.957187,-5.70874564
4.17201733,-5.67758718,-5.94191051
-5.86261244,-5.5584328,3.98373519
-5.97587888,4.27178625,-5.85780601
-5.94745872,4.08687918,-5.78844849
-5.92693418,3.91530461,-5.78030847
4.226278,-5.99607443,-5.92232716
-5.84806665,-5.90043132,4.31652707
-5.92583253,4.27052246,-5.76755192
4.06445703,-5.85472818,-5.736345
3.95409352,-5.96229074,-5.77764485
3.94938977,-5.61470829,-5.85848033
-5.97896513,-5.79098235,4.35682324
4.1403743,-5.76719021,-5.82094705
-5.94875504,4.23363021,-5.96446898
-5.87753414,-5.92960756,4.08858476
3.9741736,-5.82584702,-5.85652133
-5.84547902,-5.82704143,4.14577045
4.21083172,-5.79532786,-5.89780696
-5.99156325,-5.90907533,4.13077179
-5.96433607,4.14399481,-5.91225308
4.4394014,-5.9853331,-5.92180761
-5.75474848,-5.84171633,4.11905947
-5.96316414,4.44001817,-5.92440499
-5.79757872,4.06687311,-5.78949393
-5.87886259,4.14622665,-5.81970399
4.36623644,-5.94517725,-5.8568374
4.17318098,-5.99480966,-5.74492557
-5.79334904,4.31776265,-5.94176866
-5.85852734,4.28943373,-5.86961193
-5.97656737,4.05202621,-5.70008124
-5.90230828,4.08603062,-5.70137863
-5.98391122,4.29879543,-5.73370302
-5.96850202,-5.99657317,4.03104772
4.33626661,-5.99981441,-5.86052341
4.12671793,-5.66555109,-5.90892408
-5.70752822,-5.94097829,4.17987079
-5.88605505,4.02985984,-5.72334186
-5.90484359,4.21875086,-5.7981686
-5.84425264,4.21407379,-5.81570879
-5.89346671,-5.75543113,4.22138617
-5.85351767,-5.81011263,3.99355944
-5.94891372,3.97076012,-5.88018209
4.26361527,-5.88645893,-5.81055466
-5.92847435,-5.98551873,4.34578177
-5.68935221,4.09434554,-5.85524598
-5.70230328,-5.92306122,3.95315919
4.31471662,-5.9472165,-5.97088621
-5.95344692,-5.94356525,4.43441508
4.08627197,-5.90052652,-5.75814557
-5.9035178,-5.84642938,4.15946482
-5.65283134,3.9901463,-5.90766105
-5.70131006,3.9980215,-5.71790532
-5.89028239,4.4127926,-5.98150183
4.31965767,-5.97964001,-5.79878953
-5.97088615,-5.96324872,4.19265266
-5.93154204,-5.96929174,3.99111633
-5.62848141,-5.99714676,4.06225848
4.2751185,-5.9322225,-5.85404704
-5.98224408,-5.99358763,4.51650279
-5.91569616,4.14587008,-5.83929768
-5.93611883,4.20776082,-5.98116255
-5.9262239,4.38189171,-5.88204516
-5.97971859,-5.97766795,4.50563263
-5.98313136,4.13273114,-5.78109703
-5.78545977,4.18101883,-5.89759686
4.22456381,-5.68558827,-5.95937037
-5.72115499,4.12506115,-5.92667487
-5.91022696,-5.65876328,4.04634129
3.89987895,-5.5692874,-5.83659039
-5.93327975,-5.81222315,4.20359517
-5.82981624,-5.88051447,4.11680938
-5.98595082,-5.82017008,4.23470497
-5.92957983,-5.82662264,4.31367421
-5.83911661,-5.95645574,4.35278192
-5.94997216,-5.93769197,4.43890203
-5.95590906,4.23606463,-5.80209472
3.97575896,-5.71435721,-5.84455716
-5.80210323,-5.81589414,4.18417932
-5.93819015,-5.95765614,4.40302679
-5.95794428,-5.923036,4.2768095
4.07431849,-5.99579432,-5.49860719
4.23198857,-5.91934148,-5.93510224
4.33878386,-5.90568019,-5.92661335
-5.80435761,-5.88519073,4.15153929
-5.61083021,-5.82541893,4.01232711
-5.82141815,-5.98096037,4.14367818
-5.84353964,4.13744961,-5.81525035
-5.75559149,-5.96622047,3.98339485
-5.93034719,4.32568691,-5.97470552
3.91326933,-5.6032315,-5.80360263
-5.96603182,-5.84184929,4.10140556
-5.91429053,4.31276767,-5.88024682
-5.97629772,4.18226755,-5.77621918
-5.95259297,-5.59844182,4.01418033
-5.93991411,-5.99668774,4.42653647
-5.99489376,3.95393254,-5.92049778
3.93112093,-5.95546489,-5.95905583
-5.58188093,-5.97905393,4.06771417
3.97993569,-5.86574765,-5.88177662
3.989328,-5.7022637,-5.71062422
-5.85454554,-5.93762692,4.05928855
4.08307748,-5.98566536,-5.80328414
-5.95596744,-5.76862836,4.29181132
-5.70642019,4.07460327,-5.95423983
-5.86017803,4.15030971,-5.95507932
4.22179181,-5.6790174,-5.95652756
4.12167327,-5.98215121,-5.55858633
-5.89061681,3.97480771,-5.89600518
-5.99263712,4.43957705,-5.85853461
-5.90890749,4.21799562,-5.76885553
-5.97682884,-5.97484163,4.51488878
-5.97725831,4.24675284,-5.94130623
4.12514659,-5.85763298,-5.73070213
-5.99620735,-5.79325658,4.1820531
3.99748007,-5.87173059,-5.95183
-5.94340185,4.1926389,-5.90115772
-5.8300315,4.21848906,-5.85205782
4.35061039,-5.94742881,-5.92135543
-5.6495046,4.16598473,-5.96157596
4.37671241,-5.99121175,-5.90406086
-5.70667967,4.17398633,-5.94648505
-5.92580548,-5.94270864,4.31859636
4.11127682,-5.70668127,-5.89129136
-5.84236422,4.15976882,-5.93547949
-5.93836408,-5.90565223,4.30515005
-5.95022433,4.13714337,-5.67511233
4.10801401,-5.99256146,-5.846159
-5.97658205,-5.89690754,4.17495341
4.31882324,-5.98057364,-5.95067048
4.21040359,-5.84855131,-5.80791194
4.22735498,-5.96315428,-5.74927578
-5.7113147,-5.96119578,4.2143834
-5.74105919,3.92544892,-5.69479979
4.09256007,-5.92273665,-5.85881585
-5.9706082,-5.98679371,4.26841574
-5.89309186,4.13026268,-5.91556628
-5.96938313,-5.70477548,3.97500593
-5.71088709,4.00948625,-5.83231353
4.23336799,-5.7269922,-5.95514161
4.3938087,-5.83176395,-5.99753445
-5.64387111,4.08686379,-5.86216812
4.32777842,-5.82286028,-5.98575244
-5.95284445,-5.65407042,3.97946677
4.11511518,-5.97244339,-5.90617046
-5.87083072,4.34641154,-5.97411671
4.27630949,-5.95638348,-5.83656583
4.24741885,-5.96880035,-5.72085566
4.12147363,-5.65450385,-5.96386213
4.0572608,-5.85834616,-5.96325271
-5.96817166,-5.93832244,4.00270914
-5.88979934,-5.75533694,4.05866745
4.12450115,-5.86151541,-5.76345799
-5.90073138,-5.94780357,4.17445409
3.91553854,-5.92828079,-5.66961274
4.08333313,-5.74703001,-5.79775144
-5.71065295,-5.86381193,4.09482612
-5.80725325,-5.95597839,4.20708625
-5.99424586,-5.68086684,4.23859975
-5.71879963,-5.75659955,4.04230689
-5.99808375,-5.99437852,4.42447706
4.05239943,-5.7658253,-5.91162615
-5.84051809,4.38374006,-5.99877747
-5.85033731,-5.95118226,4.30470826
4.08624342,-5.6740356,-5.97980483
-5.78106741,-5.83793426,4.19182856
-5.58079741,3.86262844,-5.91342812
4.27974508,-5.96850307,-5.91207361
4.40087949,-5.92076948,-5.98610475
-5.73328849,4.18255176,-5.96190871
-5.54197694,-5.9116789,3.97348246
-5.86485245,4.11429989,-5.74234094
4.03828194,-5.9586832,-5.98996749
-5.94877032,-5.89276465,4.42253252
-5.89284924,-5.52893432,3.91771941
4.14871834,-5.94798765,-5.88610274
4.34772987,-5.8985091,-5.90755772
-5.97202875,-5.75565924,4.14796544
4.38239801,-5.90869816,-5.98366729
-5.9605246,4.02280908,-5.92710518
-5.78427739,-5.87906785,4.20734227
-5.93909268,4.02851504,-5.66437582
3.87040822,-5.93882459,-5.75792788
-5.95904818,-5.91179036,4.27740904
-5.96156027,4.08377189,-5.76290845
3.96050801,-5.95453552,-5.56734355
-5.85687959,-5.93171846,4.36603139
-5.8464604,-5.93086821,4.060787
3.98683572,-5.68341834,-5.91590258
4.11906724,-5.77125948,-5.92055069
-5.691227,-5.8458884,3.95687529
-5.95663363,4.15144443,-5.91281692
4.09372496,-5.77658751,-5.96036931
-5.95049939,-5.74425797,3.97322411
-5.43617675,3.96599214,-5.95403555
-5.62987633,-5.96307862,4.16429024
-5.8282217,-5.90304705,4.3081957
-5.69646229,-5.8820438,3.96921639
-5.94799205,-5.96384176,4.15944175
-5.96259454,4.21259153,-5.90552569
4.19657847,-5.64408259,-5.99464795
-5.59373701,3.9232246,-5.86130773
4.13087376,-5.6792048,-5.9326758
4.1602389,-5.93410201,-5.924632
-5.83952381,3.87770616,-5.94580781
-5.95866068,4.26962778,-5.80505423
-5.89033629,4.2521996,-5.80891782
4.38308707,-5.97188771,-5.83684047
-5.91932038,4.10606888,-5.96091161
-5.74666074,-5.66707752,4.0008791
4.22722584,-5.97311065,-5.89934385
4.48692558,-5.91849543,-5.99554999
-5.80667659,-5.78198221,4.0970395
-5.86523133,-5.91197181,4.16204649
4.1562336,-5.76350663,-5.89189046
-5.93600727,-5.92477768,4.34941268
4.18997856,-5.84200842,-5.97739491
-5.88008884,4.17248448,-5.79012725
4.20156122,-5.86680702,-5.79346331
-5.98445007,4.44986035,-5.92089545
-5.95260453,4.12383473,-5.96983341
4.1455252,-5.97577074,-5.71702838
4.3585756,-5.91820606,-5.93707266
-5.96070298,-5.84881509,4.07909318
4.11388141,-5.90774419,-5.96503093
4.27589091,-5.93167017,-5.8594634
-5.99123122,4.17737047,-5.84593121
4.06967153,-5.91992628,-5.72549484
4.15511181,-5.95265775,-5.93239407
-5.83129749,-5.82217094,4.03803998
-5.88401092,-5.99818516,4.25065896
-5.81281666,-5.95715901,4.29516827
-5.89217712,-5.65828448,4.12915669
4.41214103,-5.98304012,-5.98362156
-5.97742899,-5.98507892,4.15199454
4.12620408,-5.79534847,-5.84419464
-5.36175752,-5.97799057,3.90575365
-5.95465167,-5.8794086,4.09682252
-5.76249101,-5.75037845,3.97729766
-5.75321744,4.05985115,-5.73049535
-5.90392855,4.1712225,-5.70796002
-5.91156257,-5.92052433,4.38059702
-5.88747945,4.1577968,-5.71175161
-5.79127709,4.0686053,-5.76439768
-5.57788921,3.9536085,-5.84525303
-5.94869399,4.15316546,-5.9283144
4.06878524,-5.86710403,-5.76969901
4.04622926,-5.79451963,-5.77585873
-5.92636455,3.91791757,-5.86246521
4.29295843,-5.94304037,-5.96331487
-5.89464891,-5.96143319,4.10795581
4.1502243,-5.99608824,-5.91011204
-5.85809691,4.16925084,-5.74414451
-5.88877726,-5.99550926,4.38206335
4.05588542,-5.7619348,-5.99462344
4.48944298,-5.9370037,-5.982181
-5.83133479,4.09644991,-5.76476282
-5.97479775,-5.47321973,4.01582641
3.99413418,-5.73480733,-5.740807
-5.85544573,4.02560142,-5.65219343
4.31077535,-5.86921175,-5.95810037
-5.94635159,-5.69051208,4.18319267
4.07642518,-5.87894684,-5.86803877
-5.76568012,-5.83925061,4.09597094
4.19096493,-5.86043295,-5.94666989
4.045139,-5.78748713,-5.98298409
-5.77834167,-5.9154811,3.99245155
3.89309124,-5.37756023,-5.99743497
-5.86359383,4.16979919,-5.93666354
-5.97617151,-5.90531112,4.29129792
4.18247518,-5.73500252,-5.95363865
-5.7689123,4.11480424,-5.8147438
-5.97150983,4.33165578,-5.83144928
-5.74683384,-5.90314203,4.18512362
4.05123465,-5.94981648,-5.68496163
-5.93361601,4.1839503,-5.78054115
-5.72145703,3.92055641,-5.78975885
-5.8868322,3.8932598,-5.97839867
4.071855,-5.89100909,-5.94684516
-5.70928567,-5.99320554,3.92966414
-5.85909046,-5.90228464,4.01014947
4.46184139,-5.98811358,-5.99851895
-5.9282645,-5.80339637,4.19897351
4.04216286,-5.9533881,-5.56138384
4.20815797,-5.91508289,-5.93372553
4.31267135,-5.98475993,-5.90413383
-5.88041562,-5.98026432,4.11893907
-5.9958309,4.01093326,-5.43722807
4.01642654,-5.7245389,-5.73206507
-5.69971053,4.07556458,-5.8581394
4.1052527,-5.87468757,-5.77537003
-5.9587472,4.42062532,-5.99189932
4.17274636,-5.96021781,-5.78305337
4.25149429,-5.80757943,-5.9919638
4.31696229,-5.94043615,-5.8143889
-5.90323781,4.27690956,-5.89502599
4.2027354,-5.82814308,-5.93588599
-5.89997017,-5.80036355,4.1702961
4.38273434,-5.90372132,-5.90636848
4.14335748,-5.92105374,-5.80385415
-5.86875381,4.14851645,-5.74805247
4.31386701,-5.86972007,-5.85881563
-5.96266306,-5.64727964,4.15840878
4.49403617,-5.92959614,-5.98286872
4.23210453,-5.98445789,-5.85178415
-5.93590354,4.18924424,-5.73820667
-5.91932059,-5.7708489,4.01648097
-5.90948269,-5.969444,4.42357114
4.0867082,-5.81254039,-5.69262987
4.28389071,-5.88852585,-5.88021892
3.90492629,-5.63238563,-5.85384576
-5.90746219,4.04824365,-5.77740466
-5.98469045,-5.87885423,4.30688356
4.15606604,-5.97734997,-5.73956443
-5.62965879,4.01248393,-5.92402887
4.1178536,-5.95570554,-5.84156044
-5.84643747,3.95703308,-5.72584287
-5.98770446,-5.9440552,4.38810056
4.29957098,-5.99538172,-5.88548388
4.31607998,-5.98749799,-5.95322524
-5.95690965,-5.75170997,4.28691712
-5.94890247,4.22244889,-5.89768087
-5.93587515,4.06890214,-5.99109145
-5.95469074,4.12536585,-5.69822854
-5.91329851,-5.80528246,4.14016733
-5.78832504,4.35761152,-5.9997908
3.8864561,-5.80777374,-5.57643084
-5.75581946,-5.75626211,4.07174341
4.46320734,-5.98307902,-5.91478151
4.15031373,-5.87270109,-5.90082132
-5.91893928,3.90083478,-5.47071424
-5.7799324,4.04827696,-5.8371557
4.43344204,-5.99995853,-5.9813411
4.42712215,-5.92679312,-5.93121681
-5.98397202,4.31325387,-5.86679145
-5.96380498,-5.92096609,4.4694378
-5.96041287,-5.67435746,4.06483878
-5.9908149,4.20516516,-5.80828921
-5.86406656,-5.95963584,4.37011713
4.33546457,-5.83089589,-5.93187431
-5.96137259,3.97584031,-5.62943824
4.37920828,-5.9811647,-5.84907297
-5.82266954,3.92350448,-5.99645219
4.05218378,-5.97270509,-5.92962
3.95953848,-5.97024795,-5.77287015
-5.87136029,4.2095463,-5.85377642
-5.92471039,-5.98003672,4.03918922
-5.83301631,-5.99283895,4.16642384
4.22842116,-5.70963314,-5.9774943
-5.82056335,4.21034816,-5.9509095
-5.99019106,4.14088378,-5.69748373
-5.92460823,4.07928773,-5.67883283
-5.97700695,-5.86924142,4.08476775
4.19623466,-5.85887039,-5.75152098
-5.97370369,4.02778591,-5.78501303
4.09307726,-5.62509402,-5.98755156
-5.9030357,4.08967824,-5.894181
-5.73759484,-5.92833665,4.05976193
-5.99149877,4.20910572,-5.97893101
4.30032056,-5.93304508,-5.83933058
4.09329323,-5.85862655,-5.69720032
4.19149612,-5.9785109,-5.70083913
4.17372119,-5.97905177,-5.93754498
-5.90289376,-5.96549859,3.99883304
-5.85613933,4.33037499,-5.91751764
-5.87773597,4.12147898,-5.78758299
-5.76101546,-5.96563062,4.28617376
-5.8711719,4.26952934,-5.92772376
-5.88529394,4.22880256,-5.9701891
-5.80935932,4.1797143,-5.78983558
-5.80318487,4.08895821,-5.91423306
4.13769613,-5.81491076,-5.85546118
4.27691488,-5.85013665,-5.97616495
4.29150306,-5.85252847,-5.98508711
-5.97135648,4.46984148,-5.94151944
-5.96649432,4.09528266,-5.8230496
-5.89512593,3.99531398,-5.69595914
4.32783397,-5.8116613,-5.93849191
-5.71923133,4.16373966,-5.90160878
-5.91930205,-5.90695144,4.15254238
-5.85860248,-5.90462837,4.24265835
-5.52132966,4.03513167,-5.95786094
-5.97220016,4.55679851,-5.99847595
-5.80675101,4.13137019,-5.98093484
-5.66404363,4.00982644,-5.99776136
-5.74009144,-5.73322967,4.012182
4.42313376,-5.93559702,-5.92223124
-5.60320985,-5.96307091,4.05819687
4.06072811,-5.87654195,-5.71481186
4.31909752,-5.97925815,-5.91811773
4.32340296,-5.8133584,-5.98850146
-5.89907505,4.29700982,-5.82471567
-5.77917573,4.19331056,-5.94270565
-5.96574714,4.04074479,-5.68872089
4.15622049,-5.79449818,-5.954522
-5.45733741,3.91550163,-5.99136274
4.53112946,-5.97623716,-5.98232588
4.19734602,-5.74504739,-5.94801701
-5.69446815,-5.99279566,4.19651365
4.14644948,-5.88884636,-5.67935135
-5.59091654,-5.96609997,4.09403397
-5.93160066,4.42896606,-5.94063404
-5.68055173,3.96106171,-5.80053824
-5.9924998,4.45091119,-5.99752077
-5.96219799,4.11587713,-5.7122099
4.1851991,-5.98529885,-5.74787179
-5.6872991,-5.89211838,4.14440546
-5.88636294,-5.82102188,4.26740672
-5.92799722,4.36133196,-5.90042152
-5.88324406,4.29700857,-5.97512182
-5.95115809,-5.53197794,3.97622494
-5.74739505,4.27987548,-5.99480267
-5.85741014,4.39738783,-5.99611973
-5.78033192,-5.94737057,4.18001447
3.88083293,-5.6117638,-5.71039487
-5.89248665,-5.99434458,4.20114217
3.98906443,-5.7393722,-5.71551112
4.34704213,-5.85023281,-5.91792592
4.01675821,-5.88247741,-5.77046453
-5.86057103,-5.94278242,4.18162152
-5.97063937,-5.87435405,4.00260896
-5.92495492,-5.90442213,4.16794308
4.42269665,-5.98764858,-5.95527292
-5.71381977,4.02455235,-5.9586429
4.29447903,-5.98483053,-5.80416485
-5.88818208,-5.99341915,4.31202055
4.12922182,-5.85078813,-5.9099222
-5.74596842,4.26974341,-5.96571382
-5.75489719,4.17075229,-5.92889291
-5.82320568,-5.80915561,3.83934944
4.35017226,-5.91989953,-5.86892222
-5.97620727,4.36182478,-5.81929118
-5.76176539,-5.6866418,3.99194466
-5.90238615,-5.56293361,4.02329666
-5.86993894,-5.63525379,4.0797073
3.92501807,-5.73405321,-5.69989471
-5.97838707,-5.95035562,4.31943672
-5.88157639,3.94925923,-5.87653452
-5.81661511,4.03860752,-5.98767539
-5.88994679,4.03662568,-5.8593996
-5.97044588,-5.60443427,4.0405444
-5.88325463,-5.84842444,4.06946892
-5.93277996,-5.53453693,4.02003711
-5.78602494,4.09102858,-5.93434075
-5.81054904,-5.94915124,4.19863242
4.03899565,-5.67628149,-5.93686799
-5.94895344,-5.93612824,4.2314309
-5.98296416,-5.99387892,4.27576645
-5.53767861,-5.84695055,3.971874
-5.83359787,-5.94682773,4.26869572
-5.80291705,4.37412864,-5.99330089
-5.97103261,-5.88662557,3.94038148
-5.9351165,-5.88340008,4.23879475
3.99226356,-5.87243001,-5.64610504
-5.77492077,-5.90185603,4.26573408
-5.94787368,4.13236623,-5.65044033
-5.75421177,-5.77554435,4.0334797
