[[ 3.2108438  -3.78952755]]
[[ 3.18122451 -3.72606118]]
[[ 4.25673322 -4.65579923]]
[[ 5.1762675  -5.75746849]]
[[ 4.12399532 -4.49252368]]
[[ 4.77438375 -5.67678678]]
[[ 5.14107026 -5.36668864]]
[[-3.1628259   2.57427784]]
[[-5.05830203  4.71252828]]
[[-4.53750938  4.41460435]]
[[ 1.50259488 -1.60449299]]
[[ 4.06388169 -4.66049592]]
[[ 4.41043556 -5.5074499 ]]
[[ 4.91996254 -5.87193207]]
[[-5.45925482  3.72858883]]
[[-5.27485849  5.0957556 ]]
[[-1.97578292  1.82299582]]
[[-4.1958722   3.05916675]]
[[ 4.79036977 -5.73642765]]
[[ 5.24295403 -5.94358666]]
[[ 5.03073213 -5.23356821]]
[[ 2.81403434 -3.40773424]]
[[-5.12547065  4.41087085]]
[[-3.40262014  3.02167298]]
[[-4.77199881  3.32974555]]
[[ 3.86409314 -4.03103209]]
[[ 3.32860442 -3.89631465]]
[[ 2.75111341 -3.11785818]]
[[ 2.47509984 -3.41281316]]
[[-3.21293121  2.89652404]]
[[ 4.80094533 -5.40841182]]
[[-5.55175045  5.38247022]]
[[-2.12515428  1.69756693]]
[[-4.25695266  3.83864032]]
[[ 3.07761258 -3.97284045]]
[[-5.98196165  5.57445157]]
[[ 4.21434806 -4.43042115]]
[[-4.40790294  3.4221526 ]]
[[-5.41569234  4.63111522]]
[[-4.15991815  3.91211672]]
[[-5.6402291   5.02282185]]
[[-4.88906517  4.6167212 ]]
[[ 5.07274098 -5.46284104]]
[[-3.03966306  2.2924539 ]]
[[-1.82792148  1.50458309]]
[[-4.13665835  3.9240843 ]]
[[ 3.2369361  -4.20369583]]
[[ 2.69319617 -3.15618308]]
[[-5.9998984   5.72960644]]
[[ 4.69814374 -5.97492221]]
[[-2.82017199  2.44310362]]
[[-2.49488457  2.34048719]]
[[ 3.02100017 -3.39761083]]
[[-4.03444757  3.09705458]]
