5.61477559,5.99988413,-4.0345068
5.96260035,5.78846836,-4.28035463
5.88954551,-4.05525711,5.8680672
5.78799857,-4.32491609,5.96839197
5.77236499,5.8003186,-4.09762271
-3.99168602,5.78845807,5.70369354
5.8962907,-4.35095579,5.91454626
-4.42405823,5.99824969,5.99219085
5.77747656,5.98858463,-4.19252301
5.77783928,-4.07485013,5.90171806
5.57197863,5.94193722,-3.977454
5.9161968,-4.2373212,5.82966995
5.97071161,-4.36451602,5.81370793
-4.40976027,5.86560447,5.98845957
-4.32247725,5.8974232,5.87735395
-3.97526779,5.73831189,5.87019352
5.8681935,5.85616606,-4.27196057
5.90729617,5.94134245,-4.43701634
-4.27425104,5.92180732,5.8590617
5.64879459,5.99211726,-4.12570552
-4.24302328,5.94361726,5.73339228
-4.11112362,5.62445502,5.98228832
-4.1838581,5.86754733,5.90977549
5.95334763,-4.18722787,5.80683322
-3.93488312,5.91217136,5.88617171
5.98764389,-4.30892485,5.88279094
5.96181762,-4.44049676,5.94441287
-4.16809384,5.84747528,5.95336718
-4.0982347,5.76583577,5.84808362
-4.15784034,5.8939627,5.83260031
-4.11714014,5.93046688,5.94702033
5.93979216,-4.07300214,5.5736915
5.71681776,5.9182696,-3.92176395
5.76516651,-4.03677673,5.81847834
5.97698372,5.70178159,-4.0463106
-4.03488668,5.89237039,5.81982268
5.66573547,-4.08756647,5.88867004
-4.51359758,5.95089513,5.97528971
-3.9784986,5.95248827,5.95415663
-4.13974151,5.95814551,5.80873803
5.86137031,-4.19990392,5.77933467
5.8299039,-4.10003614,5.82261075
5.98559605,-4.1281301,5.94712264
5.91897406,-3.93377659,5.7135987
5.73028625,5.79488433,-3.9656876
5.95885483,-4.41376962,5.90175397
5.94071509,-4.47519052,5.98629817
5.9837499,-4.22205384,5.71806026
5.67308971,5.82325918,-4.03025581
-4.2818105,5.98459477,5.92956708
5.96209279,-4.1090837,5.93454501
-4.28863478,5.88251358,5.87728069
-4.23753454,5.92368193,5.78556726
5.97910154,-4.33825521,5.80573504
5.87164647,5.92474382,-4.23495647
5.85439592,5.95200802,-4.0036244
5.93961605,5.90256221,-4.21274916
5.94425772,5.87178516,-4.29811108
-4.24594524,5.88403764,5.97392209
-4.15862916,5.89865012,5.99506799
5.9273208,5.88973125,-4.10005806
5.77827252,5.9827385,-4.33304919
5.96574235,-4.49431587,5.96547265
5.92463991,5.47899882,-3.82664216
-4.27566267,5.93909228,5.92933956
5.76140659,5.98709149,-4.32539988
5.9199339,5.66740535,-4.15745461
5.81853138,5.99024035,-4.38751978
-4.1111116,5.88923426,5.69344791
-4.23757961,5.75327458,5.89719162
5.98701045,5.84280319,-4.41314753
5.75295776,-4.18910359,5.97455881
5.95284042,-4.13591633,5.89505015
5.9167659,5.97969739,-4.12041285
-4.0650261,5.86080989,5.75489038
-4.20265079,5.79824129,5.9677472
-4.10823239,5.76364497,5.83133992
5.85448477,-4.11471744,5.89860862
5.81018772,5.9721038,-4.35501591
-3.98754158,5.89091111,5.79109051
5.70689228,-4.02029934,5.94033896
-4.45914399,5.94194445,5.93669914
5.86781889,5.94290817,-4.34126219
-3.93846513,5.90550696,5.45404581
5.92276519,-4.23216562,5.98457729
5.93105939,5.89145374,-4.28202375
5.72683977,5.64861816,-3.95327997
5.91695302,-4.15760706,5.80012326
5.91340837,5.69045031,-4.1469782
5.94160289,5.97981836,-4.3318016
5.82364169,-4.18025581,5.79062034
5.93645118,-4.19371985,5.94808501
-4.1447558,5.83177198,5.95349755
5.84088789,-4.26731976,5.87042698
5.48597669,-3.9707563,5.94920562
5.6913159,-3.92896089,5.66874347
5.82048915,-4.17439569,5.82481351
5.9615276,-4.38977599,5.88401408
-4.29304535,5.95173394,5.90874968
-4.31481715,5.93960025,5.81799201
5.9730227,-4.50920722,5.98924492
-4.067206,5.99127579,5.79158672
5.98459721,5.8821665,-4.36500845
5.90954337,5.8829042,-4.00927145
-4.49278894,5.92798833,5.98565824
5.94820339,5.75868387,-4.16051546
5.94308599,5.99770604,-4.22979281
5.80289864,5.77055872,-3.96511843
-4.36658213,5.98603668,5.85555538
5.72443974,5.81962164,-4.07080717
5.96950313,5.69695544,-4.05136758
5.86450065,5.8693319,-4.04576789
5.98331846,5.8024885,-4.25574421
5.9316371,5.63674009,-3.94805618
-4.39694926,5.85740645,5.98646659
-4.37742255,5.92515152,5.92448524
5.89898818,-4.06291528,5.94719621
5.91753558,5.66822111,-4.16881269
5.82747783,5.87122444,-4.26814997
5.87315101,-4.4000433,5.9779877
-4.33534725,5.83999367,5.99807496
5.66923498,5.95383432,-3.8963081
-4.44430798,5.87921588,5.98446841
5.93807939,-4.04831307,5.88496751
5.96573518,5.94706101,-4.47429081
5.75751915,5.83747984,-3.99317312
-4.07252666,5.90208947,5.8039977
5.94612727,5.97565427,-4.30924016
5.81495377,5.88593853,-4.28261026
5.74319183,-4.28471515,5.95366592
5.99673735,5.93299915,-4.35164753
5.94909301,5.72276098,-4.17547918
-4.03821914,5.95777112,5.64932294
-4.07709064,5.62226993,5.95869168
5.91296106,5.95606762,-4.44396654
-4.10730476,5.89816719,5.70199204
5.98839678,5.83414471,-4.31448631
5.96605838,5.45755204,-3.89919741
5.97943403,5.7769189,-4.30046427
5.98493856,-4.43602106,5.86269569
-3.97495281,5.74543083,5.8540347
5.65813937,-4.14084488,5.98001822
5.94409686,-4.33474666,5.85040585
5.94010134,-4.24761558,5.91693481
5.86266318,-4.25543264,5.81025533
5.94058556,5.94025595,-4.38391743
5.91566327,5.98678894,-4.18910978
5.90099571,5.81630105,-4.18965029
-4.05622119,5.73380793,5.82195849
5.66714379,5.80111788,-3.9567221
5.80845726,5.86387655,-4.09753129
5.99244826,-4.3573792,5.83671277
-4.23769723,5.92210386,5.81915572
5.77164548,-4.10883731,5.82668575
5.64808957,-4.11261504,5.97989809
-4.02860017,5.50688038,5.95167944
5.86341044,-4.16951023,5.731591
-4.16933059,5.84265563,5.80300334
5.77506747,5.95078843,-4.176971
5.74817411,5.91301322,-3.97926246
5.55099086,-3.99135049,5.87793643
5.96367157,-4.13773884,5.73098859
-4.09025335,5.68475557,5.83597122
-4.25541302,5.92586135,5.84188826
5.97108158,5.83409184,-4.2976144
5.67084427,5.87172623,-4.04676094
5.99112298,5.92899558,-4.49955894
5.71845972,-3.91219525,5.88340233
5.91647014,5.82242531,-4.06660447
-4.30301191,5.88433176,5.99287172
5.7468067,-4.13832096,5.85124679
5.65065935,-4.05896484,5.99475715
5.96481813,-4.48976887,5.99939918
-4.29387159,5.82822087,5.98634224
5.91723359,-4.1359323,5.93793824
5.86946353,5.6167623,-3.90047759
-4.19963723,5.68087969,5.94279766
5.85162851,5.85033601,-4.25954273
5.95009765,5.98031428,-4.3590268
5.91977676,5.98662868,-4.42940717
5.80593204,5.87197104,-4.26460183
5.997841,-4.24328801,5.91908309
-4.23668022,5.8139414,5.94410977
5.95446604,-4.2533891,5.90465383
5.90446989,-4.44168887,5.99134662
5.98937407,-4.36534539,5.99387307
-4.24081173,5.9982198,5.77535935
5.9621418,5.96455838,-4.18832765
-4.15320809,5.80925826,5.77156628
-4.4851258,5.96205806,5.99476632
5.61987347,5.82446873,-4.00935708
5.99322793,5.7510744,-4.17106358
5.59729033,-4.02995212,5.84585754
5.70826878,5.65476389,-3.89770697
5.89656163,-4.39128024,5.93310682
-4.46796166,5.92648556,5.95860494
5.9889482,5.87506945,-4.31610157
-4.23693978,5.88851389,5.95016002
5.91502186,-4.3581994,5.93533899
5.98466983,-4.18429562,5.69090746
5.98705116,5.72865238,-4.28982481
5.96375473,-4.03129015,5.92845901
-4.02187422,5.95969515,5.61187043
5.96536574,-3.88665186,5.45922554
-4.22279878,5.8280766,5.94036287
5.86715637,5.85600615,-4.25412795
5.92242745,5.91490327,-4.04310232
5.91652592,5.91146568,-4.30628669
5.98093209,5.97571005,-4.32377391
5.87190612,5.67239365,-4.03654918
5.67384907,-4.23822698,5.9921616
5.8112885,5.99342669,-4.12204162
5.86263006,-4.19825766,5.86331206
5.98311063,5.57806082,-4.14485366
-4.10835155,5.71058995,5.99825698
5.97362208,-4.38770581,5.96133273
5.96814948,-4.37958573,5.85961863
-4.4014893,5.97599005,5.8779209
5.7498543,5.88187987,-4.21882941
-4.34189427,5.91880304,5.8546732
-3.98859158,5.89906188,5.54174909
5.9426012,5.83995631,-3.99504419
-4.31312141,5.96747761,5.92088023
5.95902731,5.95734747,-4.43244858
-3.87216671,5.55863214,5.98872414
5.54389046,-3.9785368,5.94432393
5.90055419,5.96562533,-3.97436741
5.70464486,5.93887793,-4.18390665
5.97452192,-4.30695521,5.87298702
5.80498867,-3.99026971,5.92994756
5.87491966,5.94737958,-4.13654231
5.94929981,5.95137445,-4.4472317
-4.13096294,5.63656729,5.94829673
5.91973536,5.70434203,-4.03068031
5.92460139,-4.11184705,5.73467949
5.97985202,-4.42663259,5.88777999
-4.37275472,5.9400278,5.9713783
-4.04959763,5.994787,5.95481796
5.82825361,-4.31793257,5.97070769
5.82998751,-4.27692536,5.93923933
5.95687331,-4.32437397,5.81542219
5.90672791,5.68406696,-4.06857091
5.8788018,-4.44953033,5.98467707
-4.1511328,5.83112459,5.79927306
5.77938551,5.92487209,-3.96341041
5.76008417,-4.20323284,5.96246562
-3.94223342,5.42636326,5.94214263
-3.94600233,5.54860309,5.87447164
5.98160471,-4.13580585,5.89050301
5.95070912,5.8833516,-4.40646649
-4.47233198,5.92533787,5.96024207
5.9537037,-3.96475548,5.62135598
5.98111423,5.88522339,-4.17986577
-3.89947129,5.70482616,5.82444822
5.94663195,5.99291443,-3.99829038
5.99675962,-4.17125896,5.9865226
-4.18641847,5.64163581,5.98007976
5.84630924,-4.23961886,5.8738781
5.98744244,-4.43768359,5.92481671
5.99380885,-4.37428069,5.8973003
-4.20789304,5.91126442,5.75098993
5.83020167,5.88139037,-4.11256395
5.85684638,5.80950932,-4.16440499
5.93014598,-4.2530177,5.97922689
5.74965203,-4.06929525,5.96870056
5.91636486,5.88307084,-4.21687398
5.96350265,5.96551594,-4.46034797
5.83457342,5.91741755,-4.17377899
-3.91544138,5.80715102,5.65916043
-4.12061143,5.7737745,5.95801734
-4.36704881,5.86732076,5.925753
5.89941729,-4.10804912,5.68271323
5.87528376,-4.4155496,5.99872121
-4.49552061,5.95919399,5.98005954
5.89610199,-3.97380564,5.85488312
5.99626885,5.82548289,-4.04555528
5.59337709,5.78465297,-3.9361417
-4.45945853,5.95167472,5.99056013
5.87813841,-4.27453042,5.89321896
5.54818635,-4.00244209,5.87438944
-4.15265404,5.72791724,5.85736974
5.97571477,-4.35474695,5.8138344
-4.40736141,5.85378987,5.99386215
5.6840664,-3.96475261,5.96984654
5.72708094,5.79930033,-4.05143312
5.91832426,5.82546902,-4.12891356
5.92093458,-4.23999804,5.75111089
-3.98071377,5.67550435,5.82449819
5.80298982,5.68537095,-4.0405396
-4.3260578,5.86285038,5.95126754
5.82543525,5.65285145,-3.92096598
5.8200478,-4.24031978,5.88528878
-4.40946506,5.97416384,5.90818954
-3.90376311,5.89943394,5.74009489
-3.92970423,5.68955784,5.9554305
5.94624528,5.96914027,-4.19587219
-4.11320441,5.83249492,5.79244926
-4.09427983,5.60019235,5.9790184
5.90285849,-4.09144967,5.67180114
5.83683632,-4.31637104,5.98573612
-4.18059067,5.86906155,5.89907642
-4.41144299,5.99813483,5.93281789
-3.9596632,5.653011,5.80005111
5.82527334,-4.17064954,5.88517936
5.91092288,5.8634077,-4.31593979
5.60993539,5.92335354,-4.12126119
5.98762035,5.6135086,-3.94086474
5.74710817,-4.25424652,5.93371597
-4.20016584,5.74353798,5.90393791
5.99489624,5.98420622,-4.52282781
-3.95096025,5.87939771,5.51833704
-4.27797032,5.93525147,5.86557731
-4.02995421,5.50838352,5.98387526
-4.06558592,5.90223312,5.60353853
5.6714629,-4.08872021,5.97986343
5.97732337,5.97200482,-4.514904
-4.20463152,5.73676822,5.94151075
-4.19420735,5.85366712,5.91775646
5.96957145,5.66922186,-4.19662875
5.93458688,5.90894186,-4.22185357
5.85442194,-4.38785924,5.98804355
5.56934969,-3.97453839,5.82893034
-4.07372393,5.97049048,5.79360336
5.9369349,-4.38901226,5.92244878
5.87043343,5.75902734,-3.94083081
5.9685541,-4.06235854,5.86239144
5.82576773,-4.17024558,5.76697324
5.91758878,5.91232187,-4.2206623
5.98628247,-4.28028265,5.92220463
-4.21847951,5.97431411,5.92839301
-4.29836611,5.92213246,5.88792958
-4.07982104,5.91389114,5.66203135
5.73466383,-3.9308818,5.83698399
5.88872938,5.68298882,-4.00009622
-3.86879564,5.91198735,5.57070767
-4.33461002,5.90927426,5.95323607
-4.16581,5.70248413,5.88232974
-4.14519337,5.96117892,5.92665632
5.90663217,-4.13541976,5.94571876
5.74085448,5.81589195,-4.05113861
-4.25136204,5.89893334,5.92336685
-4.17946175,5.91108793,5.74117467
-4.13140575,5.82447318,5.96490292
5.64331149,-4.06203682,5.99927277
-4.2396316,5.91407812,5.76609542
5.94871232,5.8037088,-4.11092915
-4.19783301,5.89868918,5.80028522
5.91333853,5.93571087,-4.36318401
5.75972465,-4.13584338,5.87085239
5.99228304,-4.44410094,5.99922193
5.73315365,-4.13981621,5.93040072
5.94591546,5.787867,-4.07954183
5.82322758,5.86093773,-4.05496951
-4.04187677,5.94174291,5.83568277
-3.92940515,5.92580852,5.96595162
-4.16197316,5.98108208,5.89437315
-4.04198186,5.68941524,5.77741177
-4.31837215,5.90567459,5.89465655
5.93512011,5.65959767,-3.91808125
-4.07715336,5.8507124,5.85095615
-3.86103323,5.97782744,5.80108865
-3.96169497,5.80722462,5.61682616
5.81347908,-4.32079434,5.96449723
5.85193714,-4.00686736,5.90135139
5.93489087,-4.25213076,5.89694484
-4.11521293,5.9585851,5.99200091
5.84651056,5.89437516,-4.24340503
5.89719685,-4.30776257,5.85702718
5.89091855,-4.27968694,5.95122859
5.88994775,-3.97290394,5.97642435
5.92129791,-4.39200181,5.99141971
5.89319865,-4.24056373,5.80623959
5.99763748,5.64835043,-3.91968516
-4.23830235,5.91897145,5.74968585
-4.03087099,5.86607586,5.7615963
5.99607282,5.95881154,-4.42136126
-4.16604365,5.75770671,5.85552238
5.94514875,-4.23180163,5.91612802
5.87066401,-4.1679665,5.91477147
5.71184154,-4.26305157,5.98770797
5.83480086,5.98973174,-4.28814276
-4.25190234,5.92983005,5.82511712
5.93587892,5.76868411,-4.116223
5.9228052,-4.02395799,5.60031593
5.75125804,5.91509047,-4.09037469
-4.03604079,5.65868915,5.82645788
5.90026484,5.91378448,-4.12453644
-4.07807367,5.96495093,5.58292678
5.59011426,5.99182851,-4.05672839
-4.03374739,5.79393991,5.67418507
5.82540341,-4.09879472,5.94005215
-3.99335714,5.8213004,5.82381851
5.95595655,5.8486131,-3.99102631
-4.3747183,5.99831779,5.84494087
5.96775985,-4.16891865,5.72934269
5.92878843,5.65024147,-4.01142078
-4.02599876,5.97125039,5.82121786
5.74355659,-4.02849644,5.84041586
5.92392981,5.62210049,-4.07481467
5.9026627,5.81306784,-4.24377174
-4.26719164,5.94460149,5.80506806
5.96632278,5.8602663,-4.0909308
5.76933256,5.95235248,-4.29058527
5.95885997,5.8817964,-4.21781829
5.9348118,-4.30220478,5.85685634
5.86905634,5.59570387,-3.94509385
-4.23597134,5.80596755,5.96932569
5.55384042,5.94094305,-4.06787496
5.98544293,-3.88912594,5.70833151
5.96434795,-4.04504463,5.68411019
-4.11402704,5.68769805,5.99304124
5.78041805,5.97847063,-4.33897823
5.91996285,5.957414,-4.38013972
5.73811347,5.83851036,-4.06829759
5.89487072,-4.1279685,5.6952767
-4.27292115,5.80733506,5.88005413
-4.18793685,5.7769906,5.87060127
5.97399513,5.91929349,-4.3117227
5.88390836,-4.15861097,5.86607434
5.90423535,5.84673368,-4.2654291
-4.24598991,5.89283447,5.77616034
5.98802817,5.91569491,-4.23977474
-4.08382824,5.68819623,5.85398374
-3.96972064,5.51790389,5.97707926
5.83914096,-4.06185167,5.75176199
5.90058081,5.94719828,-3.97850498
5.75160547,5.89876623,-4.12901664
-4.35726168,5.85970012,5.9931345
-4.26599692,5.85260132,5.91152451
5.9591782,5.85765348,-4.33729287
-4.3288293,5.90671758,5.85396089
-3.9805541,5.61570017,5.79022639
5.99906223,5.73716606,-3.95436229
-4.14517629,5.82765485,5.90353023
5.80402256,-4.2467773,5.86883331
-4.36838267,5.99709286,5.89200939
5.86768239,-4.18602368,5.99424609
-4.08820028,5.99467436,5.83192844
-4.04528219,5.82449226,5.96200106
-4.19926439,5.90693301,5.97429204
-3.94889475,5.94257005,5.48898593
-4.4334608,5.95477878,5.97529696
-4.37759814,5.90229219,5.99896159
-4.2173753,5.88256128,5.89474519
5.84250751,5.93650092,-4.00352127
5.95256631,5.61531723,-4.12560646
-4.18407409,5.91428636,5.82680855
5.74909043,-4.07258309,5.94650476
-4.27990382,5.98040107,5.86650817
-4.18195252,5.92737658,5.91085228
5.52146336,5.9010891,-3.96457738
5.79711252,-4.13800217,5.84156693
-4.28837087,5.86080659,5.98549844
-4.04693901,5.78154876,5.70405537
5.95541506,-4.46796761,5.94345754
-4.44831286,5.99891591,5.92168891
-4.27860571,5.94610197,5.96126942
5.90686701,5.86029845,-4.09344146
5.83282409,5.8869968,-4.2221464
5.8250812,-4.32045328,5.91455839
5.80175114,-4.27074671,5.99674079
-4.32526016,5.79864618,5.96221957
5.71619077,5.77240396,-4.02048061
-4.32005915,5.82433205,5.97511495
-4.13331561,5.79486722,5.96525481
-3.92184059,5.5484027,5.85779514
-4.12541002,5.90198444,5.73773002
5.98839416,5.98132573,-4.25209204
-3.94868841,5.93295851,5.5985252
5.95449865,5.99351826,-4.45144568
5.67795457,-4.02860559,5.90108564
5.84921914,-4.36002196,5.99154368
5.94080491,-4.03944949,5.95757775
5.67264952,-4.04620828,5.90664601
5.52591277,5.92184386,-3.95377809
5.69016969,5.96093055,-4.12074722
-4.23996682,5.9156991,5.9480701
5.79725248,5.93213157,-3.99725884
-4.47623776,5.9580081,5.95390894
5.81588797,5.80275778,-3.95769429
5.85869934,-3.99509047,5.61036497
5.88687396,5.79309801,-4.22526176
5.77962579,-3.92545517,5.92202459
-3.84720921,5.72910947,5.57836843
-4.07507945,5.89901612,5.62876896
5.91840616,5.98791709,-4.36034385
5.82180561,5.96947032,-4.37090737
5.99044538,5.88851894,-4.34061051
5.84174478,5.96561213,-4.38447066
5.96948863,5.95524163,-4.34545173
-4.06416873,5.57994923,5.99703317
-4.32083244,5.96961861,5.79452647
5.93779134,-3.95491727,5.71357615
5.63807921,-4.0225992,5.80736474
5.84187848,5.95236962,-4.34871815
-4.24412519,5.82945366,5.85503082
-4.12739584,5.95981787,5.92989734
5.99018465,5.92862495,-4.07039364
-4.08721447,5.99690359,5.67669444
-4.26025315,5.96338148,5.99259367
5.98084798,5.65555394,-4.09309367
5.9832175,5.87056295,-4.22354629
-4.15421035,5.65701267,5.97909938
-4.32739857,5.77202709,5.98573052
5.73097935,-4.16616925,5.97671662
-4.21640565,5.914234,5.92827664
5.95780191,5.763686,-4.10046312
5.98256659,5.72044941,-4.21275968
-4.09198607,5.99611974,5.90076838
5.95277796,-4.06255781,5.5990349
-4.06457958,5.67672858,5.8809242
-4.30958352,5.92784341,5.81185861
5.85232239,5.91078218,-4.14075173
5.9946497,5.6753143,-4.13738433
-4.02991925,5.96878562,5.97087482
5.98054412,5.89195389,-4.198153
5.78682007,5.97723509,-4.25161594
-4.13828914,5.90018438,5.70733738
5.94469823,-4.10393326,5.89471603
5.74563282,5.74788884,-4.01079538
5.68968303,5.75865565,-4.02559312
-4.38908242,5.99060418,5.93898144
5.7948677,5.92122761,-4.14784701
5.83996815,-4.02368823,5.8349704
5.92283671,5.87831129,-4.31672576
5.79140581,-4.24717034,5.89231612
5.53733558,5.99268267,-4.01527675
5.91738029,5.96912955,-4.09066496
-4.1042663,5.82718313,5.88383351
-3.99782976,5.74998533,5.94152735
5.50506626,-3.99516759,5.92806118
-4.10940062,5.8336287,5.91027826
5.93691592,-4.38936034,5.98348518
5.91681933,5.94713228,-4.36522981
5.86259409,5.64528356,-3.95311553
-4.21034529,5.73258543,5.9769424
5.83584532,-4.22340967,5.98077666
-3.95052468,5.9293066,5.4697611
5.51018116,-4.03450322,5.9926185
-4.14093961,5.97164748,5.92905375
-4.51650236,5.9734188,5.99787464
5.6607653,5.77348916,-4.01494051
5.77843714,5.91760078,-4.19848158
5.57331697,-4.0272242,5.89072178
-4.25098239,5.87411864,5.79011957
5.82106289,-4.10121018,5.93678103
5.87541744,-4.12151555,5.67067804
-4.07483405,5.89957285,5.61630106
-4.31398149,5.93499208,5.99316246
5.97907322,5.62771316,-4.07474654
5.89043467,-4.44712657,5.97387443
-4.07791168,5.88108848,5.73135876
5.92071942,5.88042376,-4.11164936
5.67288536,5.92814062,-4.15401381
5.98780485,5.78339816,-4.23473502
5.8253683,-3.85557242,5.90232644
5.91943274,-4.33926718,5.87714844
5.99602947,5.81964458,-4.24614508
5.95737395,5.9508409,-4.21323302
5.78206628,5.94895945,-3.97174381
5.77552861,5.948879,-4.2127357
5.87818638,5.95893694,-3.97320168
5.45082453,-3.95646379,5.95972911
5.96761112,5.90859028,-4.45105574
5.8305854,5.98879283,-4.2125053
5.9741948,5.55008017,-4.06906286
5.92406663,5.97986207,-4.30360048
5.56511331,5.91490361,-4.01704046
-4.11439598,5.64883385,5.90226986
-3.94906997,5.87250085,5.94694782
-3.96328201,5.80190743,5.76194826
5.81356439,-3.99384014,5.65101551
5.85680205,-4.25853734,5.97938886
-4.34113196,5.97133305,5.91794269
5.81445036,5.96995028,-4.31746503
-4.35087661,5.99535071,5.87539329
5.97525032,5.92295438,-4.30345791
5.80122519,5.9828652,-4.07095004
5.98298225,-4.36380576,5.8985374
5.65015452,-4.15180135,5.93266098
-4.47711894,5.94328514,5.9617751
5.66697328,-4.09031476,5.94225252
5.86884439,-4.34788639,5.92281189
5.88832936,-4.44682949,5.99774894
-4.19080728,5.78179172,5.89198886
5.94753614,5.74137508,-4.07416766
-4.23391084,5.82539936,5.95211215
5.8268373,-4.0125114,5.83071908
-4.44740324,5.98668104,5.90638333
5.90350674,5.80430058,-4.25454653
5.95159593,5.95132478,-4.31864137
5.78050497,-4.06976318,5.954483
-4.1789674,5.93546136,5.75636361
5.35997653,-3.90750466,5.9611864
-4.19056919,5.90992789,5.74662485
-3.97376962,5.94022455,5.87357696
-4.00819611,5.74127877,5.85701311
-4.11113842,5.91740427,5.60987843
-4.06570925,5.72461214,5.98819925
5.93911875,-4.52108739,5.99415601
-4.22519919,5.88447172,5.79844536
5.85411582,-3.99225139,5.87449432
5.77392847,5.7934897,-3.93203313
5.96224943,-4.07757612,5.9401355
-4.07291656,5.94887027,5.53636161
5.80575593,-4.325119,5.95228076
5.93702631,-4.25024321,5.84329723
-4.23439601,5.91485819,5.8204701
-3.98184624,5.69052389,5.9900794
-3.99765944,5.99168336,5.63509018
5.97073707,5.87391338,-4.37787398
5.8919694,5.8101069,-4.12269774
5.99979482,5.87953392,-4.45322645
5.90214387,5.94063226,-4.00157836
5.93324258,-4.26780167,5.7844084
5.72577724,5.91619491,-3.94603569
-4.04038746,5.91392187,5.69225298
5.97903366,5.99272619,-4.0208991
-4.08210632,5.92476749,5.84580579
5.85178034,-4.33740682,5.94921483
-4.30535809,5.95796168,5.9250772
-4.46051067,5.98859759,5.96583042
-3.91998302,5.4180003,5.9187741
5.96364686,5.85937614,-4.24647093
5.97094618,5.93383368,-4.34207145
5.85308051,-4.03032094,5.96389064
5.91208765,5.8909238,-4.17296159
5.94416942,-4.08700721,5.80426845
-4.24537228,5.81470911,5.99176544
5.93724682,5.71429772,-4.15563496
5.56812069,-4.12384658,5.9855315
-3.98493256,5.9347709,5.74659784
-4.08715419,5.94417332,5.75340618
5.73558862,-4.00721479,5.88715473
5.9489742,-4.37888482,5.8623155
5.93490089,-4.3953703,5.99688153
5.96492822,-4.27893252,5.88500058
5.73545648,-3.86163037,5.92749493
-4.02685725,5.49708387,5.97498925
5.96141574,-4.22551747,5.71411252
5.97966104,-4.52576107,5.96503373
5.98984921,5.8999656,-4.16525636
5.92064961,-4.3423785,5.83599179
-4.2938211,5.88859382,5.8639867
-3.96060611,5.87208857,5.71253516
5.78207148,5.99948798,-4.05943954
5.81055205,5.90268068,-4.11249847
5.94847412,-4.0787011,5.8798931
5.7303557,5.86758871,-4.07007348
5.91044135,5.921734,-4.29361667
5.95632611,5.7770332,-4.15741417
5.8656979,-4.17734175,5.99825335
-4.22496559,5.93087945,5.79372838
5.89046099,5.57838993,-4.0394581
-4.26730524,5.97442082,5.9911777
-4.33415038,5.91330868,5.92281704
5.88369614,5.85452644,-4.26751555
5.85901457,-4.09347246,5.69002353
5.97058008,5.99262023,-4.17771507
-4.14696803,5.90283765,5.76855562
-4.17958216,5.68832159,5.94074598
5.87396506,-4.45043611,5.99247039
-4.27840519,5.72528291,5.96881134
5.95014462,-4.19057831,5.84743522
5.99383846,5.83981391,-4.33196243
5.96667997,5.85866377,-4.09489308
5.94543778,5.88497579,-4.38704866
-4.47414095,5.96520801,5.92594685
-4.38078446,5.87526661,5.98909611
-4.38485861,5.9014772,5.93335784
-4.07634892,5.96474153,5.97720171
5.67606676,-4.11520465,5.93259005
-4.03815339,5.95586736,5.67191781
5.90256981,-4.20894895,5.93816918
-4.44960405,5.98219197,5.97185501
5.92166208,-4.03524055,5.93587695
5.9001898,-4.24961873,5.8309575
5.92949986,-4.1127662,5.68613672
5.98395747,5.75944149,-4.14307112
5.89707153,-3.99963156,5.86173158
5.97671525,5.8575783,-4.41476036
-4.17009099,5.86283413,5.87217898
-4.43221971,5.95236119,5.97547807
-4.1727119,5.84759757,5.91705016
5.81362326,5.84627248,-4.04700892
-4.1040069,5.74518698,5.84530015
5.95245318,5.71549465,-4.17652221
5.96745883,-4.07102981,5.64380828
5.86597015,5.89808548,-4.32368666
5.46005476,5.9147223,-3.92370507
5.95988491,5.94056197,-4.4677877
5.95114637,-4.20858162,5.88862638
5.98067206,-4.37967312,5.84451031
5.91597157,5.66866147,-3.93810128
5.88138289,5.92720592,-4.20144109
5.89175326,5.85152798,-4.13115697
5.9920893,-4.17993982,5.68943303
5.9689993,-3.9923799,5.85618482
5.89052141,5.77998773,-4.19566269
5.89488442,5.90246805,-3.97508716
5.99902394,5.62174003,-4.1976413
5.85194837,5.97607062,-4.39117425
5.88778678,5.97617692,-4.43813379
-4.14889963,5.90386856,5.82207166
5.82102536,5.84401977,-4.24504196
-4.21231648,5.96161126,5.98023861
-3.99727982,5.9331196,5.53554188
5.87373668,-4.25497134,5.83391061
5.85108654,5.74456456,-4.16732208
-4.24857738,5.8987119,5.84831221
5.96468908,5.96913869,-4.46940685
5.95542496,-4.30966179,5.78863125
5.89026124,-4.24023933,5.78142085
5.85086762,-3.88683811,5.87385871
5.91249018,-4.16780704,5.82389119
-3.91736001,5.99574019,5.69205885
-4.4415708,5.93652207,5.99100287
-4.26103829,5.82637186,5.87818896
-4.32166867,5.93821867,5.94035608
5.55544868,5.90088578,-3.98818295
-4.34807956,5.92825838,5.93737376
-4.17557917,5.78916895,5.94846838
5.79017392,-4.260412,5.92291146
5.86492219,5.74907826,-4.18393269
-4.31930109,5.80507938,5.99228494
5.97679274,-4.28531194,5.75084573
-4.35457259,5.91220773,5.86724358
-4.30565538,5.86902629,5.95009991
-4.02023567,5.74607115,5.90583461
-4.31981671,5.8960302,5.94674252
5.91402439,5.92395478,-4.22715461
5.96134752,5.96111274,-4.48541257
-4.28197792,5.79983824,5.99804671
-4.31091635,5.77625925,5.95145136
5.92858319,-4.36631308,5.87658063
5.98247974,-4.40981011,5.98846729
-4.15547852,5.81380111,5.81417928
5.93173133,-4.39119441,5.95351082
-3.89647684,5.8766893,5.60687952
-4.44028622,5.95199786,5.94691207
-3.97701767,5.94375067,5.80075371
5.91215684,5.71130755,-4.14170219
-3.9731196,5.954011,5.44668188
5.93530533,-4.1770031,5.71653641
5.9687539,5.83220828,-4.02508849
5.87785771,-4.38299944,5.97562541
-4.505436,5.97667239,5.98022645
-4.33405665,5.97229918,5.8202871
5.92810286,-4.40768613,5.90463113
5.96513505,-4.35004453,5.8938589
5.9597694,-4.19886349,5.72628582
-4.3878801,5.91154544,5.9926883
5.94248826,-4.19538977,5.85239739
-4.14473151,5.98190847,5.85677091
5.82949262,-4.09428482,5.72993768
5.68108873,5.88839142,-4.03959463
5.93469007,-4.46829228,5.99414219
5.94658093,-3.94122995,5.98740523
-4.13670652,5.94832932,5.68987177
5.99596451,5.90323696,-4.26719381
-4.41030189,5.95858996,5.99422392
5.95905132,-4.30134113,5.80707303
5.98816026,5.80228925,-4.2397212
5.84527848,5.99524079,-4.38717962
5.91734552,-4.21147645,5.88802046
5.92711995,5.83711123,-4.06029189
5.96826485,5.73362356,-4.21694976
5.99573128,5.87387403,-4.35584875
5.98664609,-4.46036444,5.90948379
5.99216526,-4.17821412,5.64494175
5.98746029,-4.47382954,5.96027377
-4.09915695,5.61327566,5.97491015
-4.07553263,5.70659268,5.87734679
-4.02422309,5.91349619,5.65444377
-4.30054885,5.82647,5.93157311
5.93318222,-4.04386084,5.69549727
5.68249052,-4.11152078,5.96714554
-4.12637319,5.90374869,5.98233324
5.95989328,-4.22153321,5.73210264
5.92034841,5.95337605,-4.2775335
5.72208987,-4.1778674,5.91701222
5.83799806,-4.33309032,5.95588382
5.86179528,5.84840893,-4.12262607
5.99917673,-4.54032921,5.97988743
-4.16702529,5.99823035,5.82631038
-4.32064043,5.96358382,5.77906926
-4.14186684,5.86527974,5.77550475
5.76809836,-4.1520218,5.940588
5.51726431,-4.03350524,5.95510841
-4.37275416,5.83501992,5.98625706
5.86397205,5.98062055,-4.39453352
-3.96101309,5.95661029,5.47518516
-4.17205019,5.90721488,5.83378855
-4.02203446,5.75560369,5.90996726
5.84517431,-4.29763327,5.99281407
5.95781109,5.91098769,-3.9904363
5.88892284,-4.29359916,5.91093978
-4.40539456,5.95320848,5.8854749
5.92062411,-4.1721326,5.8550918
5.77157149,5.97295285,-4.21122535
5.99651386,-4.40354365,5.87873816
5.96733579,5.67175882,-4.22553457
5.98020646,-4.00469414,5.78510605
5.97188482,-4.22230344,5.98705619
5.9655095,5.69038703,-3.90889412
-4.27408997,5.79029935,5.91877112
5.62679296,-4.0557604,5.97985088
5.83853987,5.98965482,-4.09985539
5.70221145,5.79633154,-3.98051504
-4.31586354,5.92453786,5.89369336
5.96354501,5.77767424,-4.18805753
-4.4935954,5.93745408,5.96987554
5.72988402,5.94892091,-3.94563321
5.89532468,-4.11824539,5.67306248
5.93472445,-4.15628019,5.80040436
5.92969678,-3.98987623,5.91152618
5.81182644,-4.06794004,5.73146529
5.98386723,5.91640564,-4.25681985
5.99225598,5.59663367,-4.17136688
-3.9064546,5.58614321,5.85092524
5.65397276,5.95439567,-4.14022415
-3.86675992,5.86658251,5.46216263
-3.94463115,5.87539308,5.8941585
5.88815391,-4.07350628,5.82906771
5.41367242,5.97857441,-3.87911422
5.75214716,5.77408171,-3.94064426
5.76508031,5.92862697,-4.13547845
5.86090593,5.68910143,-4.10302525
5.88271709,-4.33232435,5.93844664
5.95294592,5.61100644,-4.0963683
5.76883726,-3.98253819,5.69628917
5.88218175,-4.17856514,5.75085542
5.90497893,5.8673645,-4.30152277
5.94799138,5.948485,-4.33304319
5.66696353,5.94168522,-4.17774545
5.51448765,-3.95138705,5.92641604
-4.24303167,5.87972213,5.91161763
5.98472751,5.87678995,-4.3820257
5.94348267,5.93274167,-3.97202714
5.73468101,-4.0471332,5.88142504
5.88696397,-4.243288,5.88209187
5.9868427,-4.07822119,5.70499169
5.8200917,5.96306183,-4.14229426
5.95585645,-4.11923521,5.88459491
-4.19418564,5.82210681,5.91959406
5.7505502,-4.07713465,5.93813666
5.94665935,5.77494551,-3.86670217
-4.01278093,5.6659858,5.90611636
-4.17961121,5.82471677,5.91603664
5.80373173,5.75721698,-3.98023381
5.83085038,-4.08121259,5.87263772
5.85456837,5.89296191,-4.29341487
5.97226167,-4.03136521,5.52119399
-4.15003929,5.86453268,5.76714624
-4.03102217,5.90332582,5.88096462
5.7935232,-4.12929449,5.89771012
-4.11105221,5.6061236,5.93939391
5.97806714,5.98595558,-4.51651455
-3.90263189,5.60809852,5.79586037
5.95760738,-4.43951199,5.9021918
5.72536815,5.96391184,-4.22030837
-4.31404519,5.99429476,5.88404799
5.86608802,5.87923754,-4.11926611
5.95430892,5.9594784,-4.26260161
-4.37519803,5.93657206,5.85388982
5.85413603,5.99903793,-4.42259115
5.77877451,5.8986556,-4.17204382
5.99906381,-4.458372,5.96241702
5.93154342,5.92443537,-4.12219466
5.99677934,5.97627612,-4.20566892
5.89670127,5.93952243,-4.38055445
5.90341892,-4.20437215,5.73945967
5.89474756,-4.086023,5.88845977
5.79910226,-4.17468045,5.83277816
5.750628,-4.12180264,5.82606248
5.80817093,-4.02788773,5.77047774
-4.12432125,5.72230255,5.93383725
5.88247676,-4.1770274,5.75585689
5.78544,-4.15026066,5.82185809
5.91531172,5.8197981,-4.2672887
5.78494884,-4.1033439,5.85233713
5.92687653,-4.09171564,5.87319131
5.89974511,5.99004683,-4.44450205
5.87293808,5.61622734,-3.94784808
-4.24128394,5.920723,5.99894767
-3.9688008,5.88758798,5.64303144
5.85979078,-4.21364545,5.88921539
-4.20193806,5.6965757,5.98890062
-4.25603004,5.96159048,5.85867522
5.7718501,5.87208884,-4.16383126
5.88010072,5.93114702,-4.37298283
5.99591113,5.9003134,-4.41977703
5.97961495,5.98307468,-4.14568539
5.97568656,-3.930471,5.9596802
-4.06582811,5.78305438,5.9272166
5.82212467,-4.11022638,5.81892958
5.64582816,5.93393551,-4.02092782
-4.27146732,5.91449093,5.79315325
5.84838245,-4.40830116,5.99692487
5.72802617,-3.99170184,5.7092774
5.90176807,-4.09433101,5.74107548
-4.09090894,5.92169926,5.91815845
-4.00766766,5.74490969,5.6822336
5.98971493,5.89261769,-4.03802433
5.81736753,5.88013885,-4.21582867
-4.15423716,5.95594984,5.74209992
-4.29314556,5.86861218,5.92326205
-4.15162009,5.88963237,5.89056827
5.97667639,5.57884766,-4.13558856
-4.09476085,5.89775232,5.9328205
5.9233056,5.61942447,-4.07949047
5.61475453,-4.02304537,5.87039336
5.86582229,-4.31868865,5.87531889
5.8517671,5.9822807,-4.3894621
-3.99761361,5.94729706,5.5444308
5.91343814,5.83693629,-4.1111
5.84616291,5.58744642,-4.01882959
-4.13985425,5.81764809,5.8844553
5.91251686,5.75570227,-4.17387565
5.76656129,5.64705528,-3.93472753
5.87621035,5.79530181,-4.17291778
-4.16688171,5.8645885,5.90617883
5.87325697,5.66330171,-4.03773877
5.83713872,-4.30887984,5.95386351
-4.23748765,5.73715338,5.92205603
5.92459296,5.89762938,-4.10504018
5.85647838,-4.04700721,5.84438942
5.96209477,-4.28502371,5.93845085
-4.18962238,5.84105321,5.95516206
5.87942165,-4.111513,5.64837177
-4.3661557,5.99510781,5.93656325
-4.50935452,5.98251798,5.95593621
5.86685927,5.91196222,-4.22229318
5.75646949,5.92306203,-4.21817139
5.64264941,-3.99945874,5.85053247
5.95548314,5.84503172,-4.22227232
5.89977531,-4.19588863,5.82781801
-4.26600731,5.88868149,5.85251471
5.89932683,5.75581244,-4.06848578
-4.20195386,5.96802678,5.8395214
-4.4505049,5.90455872,5.96509136
5.63795925,5.99878206,-4.07005066
5.82866872,5.9498793,-4.04810171
5.86925246,-4.17606027,5.97964664
5.88709232,-3.87726849,5.76831794
5.9874603,5.95547971,-4.33475512
5.91088326,5.85418643,-4.31975431
5.99901068,5.90451096,-3.97758533
-4.37631829,5.92345041,5.98081477
-4.18380988,5.86778846,5.95937745
5.9098188,5.60001501,-4.09872949
-4.26389749,5.83046984,5.96639259
5.98694547,-4.1809759,5.93799534
5.81210614,-4.28087321,5.91083585
5.81166853,-4.23288224,5.86345525
5.66977342,-4.0690373,5.86856762
5.93212188,5.99910283,-3.98786554
-4.29592756,5.99366608,5.93725759
5.92741396,5.62993578,-3.98659274
-4.24257655,5.96242675,5.95642953
5.6519007,5.96375459,-4.1327937
5.75613869,-4.02014569,5.84681672
-4.09270101,5.81152321,5.7098449
-4.05831592,5.72278846,5.94701951
5.88961926,5.98436265,-4.14768818
5.99258321,5.70473192,-4.1812538
-4.22122202,5.7206022,5.99279721
5.79598565,-3.9275517,5.70174063
5.98461599,-4.32302365,5.94807207
5.85183003,5.89593738,-4.05447544
5.69940239,5.98032476,-4.2418488
5.94482623,5.86454851,-4.33967335
5.73832301,-3.96492633,5.85727277
5.96243445,-3.90773909,5.71341367
5.71120464,5.97996109,-4.19281407
5.89027254,-4.04699083,5.59052666
-4.25678408,5.89481162,5.91673614
5.6655856,5.64018606,-3.8548253
-3.92513539,5.99633274,5.60950328
-3.99095645,5.69612551,5.94026199
5.96210249,5.97607134,-4.30113601
5.90348752,5.71657789,-4.13382484
5.62755725,-3.98076636,5.80724831
-4.05489649,5.9011478,5.81730087
5.94974581,-4.37507401,5.88258407
5.99801508,-4.14759314,5.92544074
5.79707172,-4.27490973,5.93601017
-4.42719777,5.97707613,5.99813143
5.97599453,-4.24829201,5.83173241
5.72319036,-4.12301452,5.87078426
5.81474778,-4.0518889,5.78239369
5.86787396,-4.22675668,5.86031293
-4.26018215,5.91924857,5.91053488
-4.24893209,5.81290693,5.86093719
5.95401554,-4.33994958,5.92933338
5.9096628,5.52466491,-3.9317575
5.76433467,-4.04929773,5.96287211
-4.1890713,5.89585525,5.87975647
-4.11938126,5.97234576,5.86257226
-4.13190727,5.95298746,5.75222913
-4.1064314,5.87536678,5.76746433
5.7088827,-3.96674432,5.93298852
5.96269683,5.91555927,-4.19941505
5.90633911,-4.38699087,5.99539945
5.61467143,-4.09252059,5.93112092
5.97780937,-4.13107975,5.86535383
5.88624522,5.55335934,-4.01790252
5.96738404,-4.17803207,5.68191571
5.97603184,5.96721114,-4.10353621
-4.1442796,5.73992988,5.99318161
5.89979825,-4.25684733,5.89718883
5.84109398,-4.33604916,5.93829707
5.82668554,5.79510046,-4.18404658
5.86493939,5.73426009,-4.18733693
-3.99719931,5.87903724,5.69629529
5.69560212,5.8643373,-3.97388992
5.57659163,-3.91295015,5.91350569
5.94890379,-4.17187292,5.86100978
5.94663715,-4.09725336,5.70383276
-4.09767948,5.99557863,5.95637225
-3.98093725,5.68569885,5.79893727
5.70863002,-3.94170318,5.94978175
-4.12915291,5.94700474,5.67249702
5.85940707,-4.28763521,5.9099606
5.88681784,5.89221783,-4.0861048
-4.22325626,5.89486555,5.85534782
5.8850494,5.78958332,-4.15844051
-3.87217441,5.80399495,5.76561778
5.93390399,-4.30508831,5.83065167
5.97282163,5.82210808,-4.16697013
5.98196113,-4.24824299,5.67989102
-4.02515615,5.71550095,5.92969005
-4.21954404,5.97336003,5.97574323
-4.17612909,5.70863045,5.93795914
5.86356518,5.74647292,-4.18683609
5.90840541,-4.12528159,5.85186201
5.7284128,5.95595184,-4.19033195
5.62303391,5.87674653,-4.02010083
5.92289837,-3.90880845,5.97858125
-4.38357238,5.89865191,5.9782397
-4.20397552,5.70866306,5.97814094
5.8544178,-4.16494999,5.82606388
5.87018392,5.91030126,-4.08826602
-4.35433252,5.83772182,5.97720906
5.76779794,-4.20061387,5.94660241
5.82254316,-4.27453564,5.90956216
5.69421886,5.72598937,-3.94107443
5.77981624,-3.85970474,5.60461384
5.68356508,-4.06615779,5.85543982
5.98226776,5.66683776,-4.06961743
-3.95208385,5.7421927,5.72683737
-4.03346544,5.99586693,5.46826717
5.98501298,5.83518872,-4.3493369
5.58025577,-3.91935745,5.85791579
5.97081851,5.76429858,-4.26537498
-4.3175549,5.96423531,5.88928914
5.95886859,-4.01540736,5.70005998
5.67523293,-3.99452583,5.80113777
5.98545093,5.98326854,-4.51566665
5.93008431,-4.05823458,5.67770071
-4.23263665,5.94215395,5.98940159
5.75231583,5.94932031,-3.92706787
-4.27863955,5.87354538,5.90194271
-4.17447912,5.64592387,5.94054662
5.99349306,-4.44038948,5.97447794
5.94807624,-4.19894518,5.82853196
-4.04997511,5.85140462,5.81724393
5.94467865,5.94792613,-4.13114157
5.81360218,5.88546907,-4.20576435
5.86162148,5.89737233,-4.14571151
5.98941284,-4.1364095,5.9799636
-4.11742541,5.87415938,5.74393675
-4.01932238,5.68942213,5.8698242
5.81873837,-4.29838156,5.89980066
-4.13455671,5.69776616,5.91278451
5.86099753,5.99664277,-4.43238252
5.98463791,-4.20125766,5.7871203
5.99011322,-4.26074406,5.68779676
-4.0797708,5.562381,5.93927565
-4.30814953,5.93000207,5.82113584
-3.98153588,5.70888003,5.8893275
-4.33638433,5.81600911,5.95240251
5.9098066,-4.12843211,5.79762055
5.83530188,-4.15263347,5.83888586
5.86932641,-4.07704421,5.79002827
-4.31789406,5.78455011,5.98665137
5.88113725,5.70980356,-4.09987044
-4.11717471,5.68476037,5.97739302
5.93180256,-4.13996081,5.92445366
5.80171184,-3.94095739,5.83124047
-4.09986903,5.71146563,5.98185282
-4.16673294,5.67905488,5.95530845
5.91331973,-3.98442907,5.69298864
5.95585885,5.95550667,-4.38183973
-4.03369611,5.93877447,5.65130621
-3.93608231,5.87670395,5.78981653
5.99053236,-4.22331655,5.68780489
5.77617701,-4.03842772,5.82318046
5.95109427,-4.32192559,5.93179058
-4.18941403,5.9849514,5.71082405
5.76951021,5.92166232,-3.90291713
5.49134725,5.95562617,-3.98223644
-4.33333855,5.96218061,5.89469211
-4.22399782,5.88289242,5.9362921
5.97635754,-4.15339052,5.6593393
-4.07316176,5.69937154,5.8240121
5.71304699,5.94419344,-4.10153816
5.91538606,5.97423599,-4.18713475
5.86036844,-4.17369822,5.74274451
