-3.61957686,-4.49459464,3.78816588,4.50346325,2.53814538,-5.44772218
-5.0811815,-2.61149846,3.82151296,3.64540337,5.84081299,-3.79880716
-4.79189558,3.86080509,-3.33799542,5.29027914,4.57989156,5.89060008
-3.12496107,5.67447258,-4.20769797,5.26167318,-5.05033468,3.38560292
-4.93987538,-3.55099115,4.58044062,-0.60836785,5.52670823,-5.30262258
5.99425495,-3.46105084,-4.87465807,0.12297886,5.8862305,4.5429605
-2.77028103,3.76324816,-3.7981205,5.12651811,-0.12868435,3.59955301
3.2165516,-5.78661283,-3.08591929,-4.09957039,3.96472675,4.46345611
-4.63362713,-4.7584481,3.26626205,3.02724482,5.83169048,-3.80367452
-4.67441857,5.48078594,-3.54961315,4.63983399,1.92057068,5.85059829
-3.84258197,-5.48088985,3.5126229,5.61083527,5.39230959,-2.87293059
-5.30417311,5.9270945,-2.95339473,5.72287971,0.95541214,4.48805399
-2.52447928,3.47186574,-5.62291201,5.23169214,-5.07907146,-0.58564399
3.79040724,-3.1094716,-4.85100118,-5.15463224,4.95879338,-1.50958766
1.9811516,-5.25090658,-5.93617254,-5.58106212,4.95819221,5.61969504
4.639192,-3.38677253,-5.09244288,-5.80562877,5.85074956,-0.20710922
-4.34748231,-4.05350532,2.62779003,4.83379438,5.8421148,3.1259017
-3.06292688,-3.25517518,4.94819605,4.54086152,5.14512759,-3.16157161
2.86750309,-4.26163491,-5.3907609,-4.46264854,5.77195892,-4.84468176
-3.60322041,-4.78411604,3.69399842,5.70952953,5.83849906,-0.74692822
3.79636307,-5.1213433,-2.59154355,4.93034281,4.87743889,5.26480919
3.45100788,-5.74592768,-3.11501017,-5.13064339,0.02639445,4.48034735
3.60680832,-3.97927323,-3.40557971,-4.02385146,3.96183235,3.27998892
-2.88422175,5.79535332,-4.32725406,4.9890356,2.55474253,5.33882151
4.21881976,-4.2119986,-4.65140174,0.51218641,4.6940592,5.42069216
-3.55593738,4.96444304,-2.91161307,4.97752819,-3.34972833,5.93967099
-2.43557769,4.51255925,-4.24432522,2.90012468,-0.84332528,5.60016483
5.58589634,-5.36669608,-3.26631401,-3.93059678,5.78803986,4.83492906
5.36421936,-4.00898906,-3.85718508,-0.61447862,5.31269042,5.56070565
5.51451841,-3.74895384,-4.13600948,3.70039896,4.16516847,5.71199938
5.91102415,-3.22605358,-4.54607654,5.62433665,5.99792814,5.95974056
-5.79377768,3.35163705,-3.85121568,-4.73169371,-4.94434509,5.40998593
-4.91967642,-4.17826781,5.34434186,5.86178636,4.53356452,-5.35370996
-4.75135909,5.92107676,-5.07985467,5.56142939,3.25509549,5.7223569
-3.94025319,-3.69436126,5.15178927,5.2682592,4.47648358,3.46105487
4.58230302,-4.04985205,-5.23946836,4.71679737,5.65763751,5.64427881
-5.1279643,5.09787435,-3.07875975,5.30753473,5.61277176,5.19083652
1.92383971,-5.73954873,-4.20902025,-5.22173675,2.49357599,5.82410134
4.15979983,-3.80931574,-4.28785972,2.19509391,4.1692426,5.4322584
3.56376178,-4.77981345,-3.47191604,-4.64849195,-3.13265222,5.26033706
-3.02458259,5.7303334,-3.63051567,5.50912061,-5.60305117,5.5135555
-3.97206104,2.90454263,-5.97216309,5.11100148,-4.68087471,-3.62274693
-4.52035536,3.69593839,-4.01331344,4.71092424,-5.41877139,5.07510348
-4.91741228,5.36705052,-4.39197451,3.68758365,-5.54896733,5.5897925
-3.81629902,-3.96760253,5.22270363,4.13578084,5.81582368,-2.40574468
-4.84479016,4.92219655,-2.76618399,5.75276718,3.89285782,4.27048144
-3.26280079,3.45570702,-4.90628495,1.50395601,-5.72608887,5.39740205
-5.63293509,3.76888656,-3.40078423,4.80542476,-5.94452284,3.17910721
-5.00892158,-3.10633567,5.00821526,5.52828893,5.53535748,5.76864601
3.9242489,-3.20737034,-3.65938028,1.93483695,4.45868706,4.20227669
-4.62272884,5.28510717,-4.01265409,4.84061979,-3.3128407,5.49626448
3.1437887,-4.11071324,-4.2919331,-2.1368466,3.42273708,5.88866523
5.34924227,-3.35692416,-3.47489782,-5.10011411,5.26284343,3.25723443
-4.33451808,4.31848075,-5.02778765,4.3818284,-3.22168565,5.81893628
-3.07947884,-4.02024478,5.35133509,3.39182954,5.77049472,3.73599155
-4.27932944,-5.87873315,4.46627352,5.44288689,4.1671044,-5.94463123
-3.2349568,-3.55278437,3.66916902,3.01012483,5.10062976,-1.78524968
-3.13111354,-5.35872797,2.81698314,5.15242068,-5.72977132,-3.56726442
4.28794967,-3.46747993,-4.64746007,-5.43366924,5.88977872,-5.24776671
3.06314612,-4.66797362,-3.48915808,-4.36065336,4.63579777,4.15447854
-3.52170744,-4.96095017,4.92075444,5.07266267,4.01994991,-5.68153468
-5.27159753,-2.94136075,4.46395997,5.97058456,4.35942408,-0.27834545
-5.83291252,3.83706348,-2.29204712,-2.88394234,-5.51049454,5.16660202
-5.96592279,-4.69692572,5.80677625,5.93068221,5.45157749,-5.62436537
4.64524775,-3.30104904,-5.48179058,-5.58717628,5.00190203,1.22799175
-3.07220303,-4.08572808,5.95128314,4.24164895,4.90124472,5.89485508
-4.54336291,-4.81009829,4.14229117,5.55297585,4.86573913,-3.14921508
-5.55143106,-4.67784905,2.20602618,4.82512852,5.45466459,-2.71117896
3.43343304,-5.55474501,-3.36835761,-4.76609168,5.58451209,2.82812148
4.50348884,-2.71384491,-4.574893,-5.56623565,4.03665433,1.84072334
-4.82505974,-3.25556844,3.75270318,4.89610489,5.03974478,-5.27212707
-3.63946419,4.01533497,-3.26858348,5.52722537,1.35615554,3.49650516
-4.20872033,5.97313061,-4.07260409,5.09003087,-4.7334352,5.7470409
-3.48906103,-3.74917838,4.73040467,-3.52895589,5.43748847,-5.93254223
4.87638785,-3.46359235,-3.78622763,5.00706893,4.73053465,5.19901175
3.86478017,-3.00820142,-4.22055197,-5.23029151,3.11513677,5.22148051
4.67548517,-3.90057485,-3.41962945,-0.70233737,5.85401438,4.3083882
-4.23446074,4.04963793,-3.52101326,5.01970899,1.04737676,5.83970671
-3.41823873,-3.43440146,4.31687795,-3.27953849,5.84806187,-5.69701121
4.47897248,-3.47831392,-5.81151917,-5.22438036,4.61933793,3.54520501
-5.22173143,4.5815241,-3.82406575,5.86402508,-2.42594375,5.80305257
5.40274491,-4.18206769,-2.90495608,2.06795988,5.95330022,5.19669493
-5.58764984,-2.62796408,4.19688355,3.30289814,5.35049012,-4.57576975
3.76767952,-4.30957737,-4.56154529,-4.51046676,5.65136143,2.40164288
-3.56316845,4.36798195,-2.99549212,-4.6474011,-5.50565669,5.15320073
-3.77954243,-2.80366148,4.83963627,5.26744616,5.31541755,0.14904033
-4.71079093,-5.2303264,3.35325729,1.62676454,5.95586838,-5.86062466
-5.00355965,3.31064793,-3.037329,4.75472181,-2.4617635,4.28336607
-4.626133,-3.74302134,4.03638616,5.73265605,4.89963651,-3.71444746
-2.38790306,-4.61335687,4.35045738,4.91299474,1.03471227,-4.62188757
-5.32575302,3.92286343,-2.78471319,5.92194586,3.19055297,4.75950652
-5.57640473,4.26576975,-4.49477008,5.54972161,-5.48302462,4.91729357
3.89107283,-5.7384987,-2.90086849,-5.93554457,-2.63190969,5.87980197
-3.85141012,4.84800649,-3.98411087,5.79030627,-2.60951205,4.32616671
-4.33992046,5.80081965,-4.66966933,5.59779542,-3.89043313,4.87474922
-5.07613099,4.75768054,-4.2967807,5.66310253,-5.77873243,5.05607087
-3.50890983,4.06931402,-4.46727952,5.17294599,-3.37469152,4.46492858
-4.57973718,5.95697498,-2.69688358,4.89336202,-4.70410769,3.7372297
3.55952295,-3.53323457,-4.48961937,4.4290384,4.44631041,5.75119592
3.44471494,-3.82689624,-4.04743572,-4.07114504,5.95954263,0.14783044
-3.09648225,2.68386231,-4.44595445,5.41360722,-5.15492528,-4.6955219
4.80556853,-3.62592104,-3.99772616,1.0703479,5.9965248,5.14810342
-5.10294171,-2.44507802,3.55758437,5.85309733,3.68586092,-0.36092198
-4.63998948,-4.1716863,3.76651499,-4.43171505,5.72088723,-5.3049514
5.23196308,-3.09489895,-3.56300913,3.89198617,3.56340358,4.85931572
-2.89111218,-3.89962791,5.87200767,5.78285798,5.23542508,1.00309145
-2.67660761,-5.00391442,4.53310036,5.80407245,4.6941695,5.94086456
-4.03669588,-5.84436604,4.36158128,4.49765337,5.1704079,-5.72968499
2.0828891,-5.12703926,-4.29703131,-4.81401091,5.79984483,-1.94003771
-4.68402725,-3.91639197,5.86982532,5.58741623,4.83338796,2.96101804
-3.60814801,-4.01745172,5.56672049,4.29686024,5.91890591,0.90475797
-3.55681086,-5.16495256,4.21656707,4.81888191,4.74568645,-3.79781846
-3.19523241,-5.38296834,2.78667917,4.61178957,-5.66575526,-4.66398861
-4.37819426,-5.49852605,5.35887808,5.8540618,5.57728332,0.24922841
5.94942747,-2.75520129,-3.07664406,-5.92522677,4.59219413,3.03866183
3.03823283,-3.6866897,-3.07930005,-5.58611505,4.60237969,2.53322627
-4.48647569,4.16555444,-4.96121212,4.39195162,-5.60660193,5.67329762
-3.14947953,-3.85622089,5.35688919,3.91231465,5.7461075,-5.13921405
-4.786937,-5.45476548,3.76056938,5.01163258,5.74004175,-4.81679652
-3.92756518,3.1734746,-3.86837011,5.75375703,0.9469622,5.59319932
2.65114733,-3.16860053,-4.51839101,-5.43939544,5.68324762,3.84983582
-4.96101028,-4.46136627,4.44052259,5.08840178,5.51716081,-3.90790834
5.78353252,-4.01136826,-2.78916511,5.15332122,4.88159612,3.74069673
-4.93063487,3.81497457,-5.77346965,4.48395359,-4.48556454,5.94666673
-2.99845572,-4.25008486,2.321142,4.24092371,-2.8090155,-4.37117835
-5.48712304,-3.4271985,5.10697365,5.55637852,5.66808833,-4.36356976
5.1451285,-5.78573108,-3.75998795,-0.72862884,5.79901448,5.63009674
-3.00679293,-4.08001586,3.74900825,5.34108888,3.89041055,-3.8700003
-5.90039347,-2.78465416,3.45667193,-1.11386754,4.81218133,-4.25884027
-4.45575874,5.15955143,-2.71202507,5.85936434,-0.61769666,3.53241723
-2.29128119,-4.62593645,5.58722457,4.85688334,4.71056576,3.87476872
-3.47310925,-3.26490944,5.39128427,4.36862756,3.94523147,-3.49383251
4.11543932,-4.39662015,-4.24405318,4.45366119,5.79871234,5.46802845
5.66505619,-3.49286755,-4.13049733,5.28998543,5.4745181,4.31883118
-2.52046856,-4.42338127,5.3584428,5.78397486,5.15126534,3.67633032
5.90930115,-3.08531043,-5.53563991,-4.78623594,5.49873521,5.47039237
-4.3118983,-4.28249992,4.5241001,4.379436,5.87922369,-0.81948748
-4.87840934,-4.1540164,4.95039439,5.68651614,2.89820295,-5.72680218
-4.76497668,-3.32548146,2.95628066,5.94373255,5.45760315,-2.51855141
-2.73747479,4.00394284,-3.113416,5.91636687,3.70518427,4.25564926
5.25222054,-5.07584303,-3.33182332,3.33357494,4.70221563,5.97427778
-3.27926351,4.61322929,-3.80295394,4.31176639,0.89329123,5.47663297
-4.39612045,3.5946626,-2.76418602,5.62320012,5.41231642,5.0542077
-3.36789362,5.96581391,-3.22585727,4.91977485,2.21964297,5.70090531
-3.42547908,2.91092151,-3.96635224,4.96837805,-5.22045616,-2.5979081
-4.43348763,-4.51176521,2.28686392,-3.64084712,5.94301473,-4.93654479
-4.80904994,-4.14689442,2.5811706,5.2438187,3.63969661,-2.94234676
-2.90462561,-4.46852607,4.30907505,5.07292921,-5.45435592,-5.9536221
4.46944443,-3.62120769,-3.63482025,-0.89936076,5.0051156,5.02734927
-5.2903166,-4.8271468,3.36131409,4.41308698,4.86690822,-5.63693755
-4.27338783,-4.45953994,2.79596794,-1.1094406,5.8063899,-4.752349
-3.67178342,3.78488386,-4.15019181,4.4281238,-3.75268758,5.0206975
2.42777512,-5.59813106,-3.78645924,0.53274828,5.5632062,5.83758318
-4.75680977,5.37779795,-3.30039087,4.45098513,3.27755146,5.96958023
-5.36705667,3.60466966,-4.30829957,-0.25800884,-5.63177377,5.91545109
4.78469747,-4.22087987,-3.96847786,-5.5877168,5.64952305,3.28003731
-4.43742731,2.92272231,-5.43269543,5.87058079,-4.41156642,2.55208738
3.67164819,-3.45090486,-5.04380232,4.16553096,5.33279752,5.37939967
-4.70624353,-3.28013211,4.4716346,4.78399334,4.81042151,-0.4593396
-4.39373073,-3.88203224,4.2000474,4.75242469,5.30313328,-4.10059546
-4.1572305,3.61500255,-4.44181593,5.84153214,-5.72943718,-2.16178747
-4.38666207,5.43346191,-4.75323736,5.44039542,-5.55227757,4.90907253
5.05215392,-5.04277174,-3.18708379,-5.50885715,-3.05278531,5.86099639
3.74008798,-5.55491343,-2.94983402,-4.48592852,-2.00790883,5.67071282
-4.50982219,-2.4250582,4.64293756,0.34329974,4.54607935,-5.84692586
-3.76735833,-5.70831041,4.94325648,4.70855313,4.27979507,-5.69295196
-4.41763945,-3.73464624,5.59394157,5.07969988,5.24694862,3.4076436
-4.82425914,3.65007922,-5.4033016,5.86663206,-5.560825,-0.21766952
-5.25251474,-3.96327095,4.18441647,-1.53592661,5.80377452,-5.97416514
3.73745735,-3.06171821,-3.96556314,-5.41450458,4.39400826,3.0101387
-4.2731459,3.31593148,-4.68679642,5.15399941,-5.07125204,5.45868931
-4.93508745,3.41743851,-3.59370744,5.35275369,-2.94730338,5.77637759
-3.57910831,3.81820887,-2.74572277,-3.22798131,-5.19168652,5.90369585
2.7654553,-3.73094007,-3.58661819,-2.28607941,5.15602714,3.24022524
-5.02927993,4.05863079,-2.94575649,4.58094006,-3.26009234,4.79766269
-4.25071145,-5.86514475,4.6392505,5.74941398,0.20522599,-5.66870036
5.40401474,-4.84275234,-3.63312188,4.90916915,5.08251975,4.99431021
-3.91748054,-3.83423011,3.43257399,2.5242378,5.17266327,-3.80756292
-2.56920097,-4.74667613,4.36561732,1.97790524,4.58507442,-5.81472822
-4.39669288,-4.8154135,3.3589078,5.94429582,4.13317808,-2.67698798
-4.08184909,-2.83519656,5.772015,4.64383521,5.30907259,5.28115612
-3.6457899,2.63121434,-4.26049524,3.8709368,0.29855202,5.75047301
4.65875894,-3.22960208,-4.84074852,-5.91948099,5.80867509,2.12164311
-4.90920148,3.63416618,-3.70096558,3.12557056,-4.74498876,5.13405457
-4.44842124,5.18169876,-2.98134186,5.19037605,-0.88637568,3.85813899
-3.0183874,4.84057288,-4.54893976,5.2332707,-3.42032798,4.46312376
5.9981464,-3.30592955,-3.76466619,1.17012501,5.90340779,4.95076991
-3.71085643,-3.45982818,4.29540735,5.16955862,3.62307148,-5.4320434
4.03246205,-2.87036994,-4.49395927,5.76083862,5.12374064,5.45983368
2.12499602,-3.58831047,-3.99429375,-5.4120353,5.17103183,0.0501344
-4.95162958,-3.76645094,3.53054592,4.85143359,5.94857298,1.790068
-5.67250508,-3.23866467,5.46229213,5.60665424,3.95989677,-4.56268525
-4.65708478,5.48678989,-3.36942897,4.87014329,4.28638684,5.66897723
-4.77053615,-4.32690209,4.04674993,5.55045228,5.98884538,-4.18184928
-5.20072784,3.12820042,-2.9284903,-0.80492765,-5.70602244,4.70970328
5.18388488,-3.85243169,-3.34953559,-2.03783411,5.17403786,4.92065348
-3.92555386,-3.63732053,2.98281713,2.63581088,4.25288173,-5.78246727
2.58270211,-4.27436372,-4.14301772,4.85927468,5.76707499,5.76407055
-4.12821247,4.85216133,-3.82983181,4.99252239,-5.58310482,5.47065268
-3.09020477,3.41661993,-4.66692622,5.85975834,-5.06310518,2.06767167
-3.48870173,-3.04208673,4.3097863,5.15655326,3.96628875,4.99129084
-3.78975531,5.91054939,-3.66563883,5.38473724,-4.71096207,5.07216402
4.17931226,-4.87565724,-4.93651883,-5.84264967,5.38826945,5.93124368
-4.49116317,5.66282155,-4.19988272,5.36937132,3.17401216,5.88676106
5.42286693,-2.86453934,-3.62979609,-5.65559656,2.73285407,3.63822663
-3.7760021,-4.99600346,4.45601623,4.98938883,5.27627862,-4.53353842
-5.05667925,-4.06946419,4.23964131,5.60912886,5.51979289,5.37361432
-4.67691709,-4.53026443,2.41174929,5.20778111,5.93532957,0.54248716
-5.84185016,-2.35208817,4.79860512,5.46598153,3.67870245,-5.27435657
-3.3768133,-4.84712057,4.55458017,5.36784978,5.6336908,2.67949784
-3.18327652,4.26129641,-4.4299437,3.693453,-5.81451926,5.30382112
-3.01603107,-5.56025197,3.8075569,5.9731457,5.26801703,-5.49995151
-5.31513607,5.57018894,-4.08245552,5.27654045,-4.33117493,5.93756466
-3.51273311,-5.66086169,4.40428243,5.92815112,-0.22043773,-5.87332269
3.17710816,-4.66869048,-3.81827907,-4.48714168,-2.74529101,5.60969548
-3.17590242,3.36200947,-4.92220003,4.46599442,-5.46855612,-3.04450959
-3.81550977,5.1274759,-4.14863665,4.28624862,-3.76516316,5.85935332
3.41996559,-4.25759483,-2.52200337,-4.40131301,0.6845094,5.52791547
-4.19627543,-4.43093598,2.99123155,5.63339827,5.36699828,-1.53616245
4.86337103,-3.27977343,-3.17047771,2.13216212,4.92282232,4.7052805
4.81619404,-5.37241327,-3.71785877,-5.48750984,5.61974449,4.06409818
-4.09116295,-3.68986763,5.20100038,5.2891059,5.38207164,-2.35377516
3.54756681,-4.04088928,-4.16965774,-5.49850693,3.02741044,5.72234579
-2.84716803,-4.23359622,3.99037339,4.0386752,2.27360817,-5.11080772
5.97329683,-5.19359497,-4.42415903,0.54108554,5.35903532,5.88208421
-4.78168275,4.8562264,-3.7529519,-4.34396517,-5.62611795,5.39272342
-5.36335617,-3.76158971,5.46206544,5.81655131,5.63755329,2.83360444
-3.90043893,-2.89718598,4.83297326,5.58201098,4.40971088,-2.9535232
-3.98252392,3.25520578,-4.64296266,5.70650556,-5.82029951,-2.27690712
-4.24298321,3.05004782,-5.98285454,5.85158631,-5.49631567,-2.62290673
-3.59632599,-4.75259651,3.4238692,5.04560682,0.76833469,-5.94607506
-5.23878511,-3.55874255,4.03885102,5.7622115,5.71251425,5.37008514
5.16743623,-3.76118155,-3.21713771,2.49911407,5.13052217,5.86985326
-4.55069738,-3.60627684,4.59455496,5.35843702,5.04004458,3.14387234
-3.26762474,3.59115197,-4.4460548,5.06559942,-3.23848989,5.63491204
-4.67266278,4.0433155,-3.66729261,5.30936851,-3.89232129,5.13912017
3.30208758,-5.69505758,-3.01413225,-4.46223566,0.30471656,4.9568822
4.36647065,-4.67653317,-3.72346047,-3.02131707,5.684591,5.43044993
-4.62981769,4.05664964,-3.8199905,4.56651216,-4.12434604,4.02830176
-2.80162425,4.79908586,-3.61913474,5.54312442,5.80501863,5.44580396
-3.24422058,2.45508899,-4.89319194,5.89697943,4.48634482,5.22089871
-5.65257903,-4.22090108,3.59060405,-5.01165585,5.67615949,-5.14275689
-4.52356642,3.32457888,-3.95386542,5.01622434,-4.29765419,4.8650951
3.52039262,-4.06103253,-5.66809004,-5.79931395,4.92990845,-2.0873903
-4.09181755,-4.60070045,4.1877721,4.88098604,5.8521204,2.39300513
-5.42849213,5.79231455,-4.65864666,5.35433676,-5.82395288,5.34982989
4.62614131,-3.96556407,-4.19821404,-3.77040379,3.04619324,5.79270336
5.02813771,-4.09451574,-4.24479013,4.18675304,5.10777913,4.9492663
-4.29997174,4.78015095,-3.06555521,5.45150523,-3.7005809,3.95127682
-5.81019744,-3.8761732,4.49932422,4.01395435,4.76768782,-5.95265502
4.91294754,-3.37348863,-2.311222,1.72372082,4.40096655,4.53255502
-4.07810938,3.86182412,-4.34582081,4.50541877,-4.3796145,3.84411134
-3.40783551,-4.81541673,4.57122103,5.67234828,3.93370889,-4.0372106
3.60476571,-4.60120481,-5.62505678,0.4638858,5.72972231,5.89925617
-3.54957499,-4.43268098,5.92819658,5.18148003,5.94147602,-4.35990287
-3.02681041,3.8683047,-4.55712276,4.71622585,-3.1249287,4.78365327
3.73765463,-3.65982525,-5.3715725,-4.55252811,3.98694886,5.33121812
-4.68962463,3.00311814,-5.96516919,5.44392539,-5.47145447,5.71402668
-3.16044924,5.08717129,-2.99120636,3.65391456,0.14696664,5.70383781
-4.37491981,5.96918368,-3.78422672,4.84289233,-3.26269871,4.66200286
4.02829161,-2.73744948,-5.5706755,-5.41030411,3.63722835,5.61161558
-5.2057045,-3.39003332,3.8406013,4.47686503,5.83754614,-5.02372927
-4.84926594,-2.88692435,3.67342436,-0.57121624,5.88221086,-4.28632555
-3.85130787,5.29209968,-3.05829848,4.40052624,-2.03669335,5.57662949
-4.79412624,4.66085653,-5.86248811,5.17926511,-5.00774058,5.96670429
-4.26899618,-3.7252655,3.25159792,0.56894324,5.8375044,-5.67853066
-2.67366102,-3.98094443,2.96444724,4.47573729,-2.04648352,-4.29428997
-3.06968602,-4.16637913,3.94885674,5.06611337,4.20553737,-5.04906627
4.16547629,-5.86148124,-3.81068356,-4.10275042,5.77596373,4.14131192
3.70809915,-3.10339468,-5.57729382,4.16720864,5.41324689,5.69480954
3.4650864,-2.95820116,-3.41084029,3.41165494,4.95270567,3.81170562
-3.83861297,5.34251859,-5.16852351,5.54211172,-0.44128127,5.61171521
-4.21190491,4.90495973,-3.03264604,5.63745792,-4.9627786,2.95536874
3.00171048,-2.68456996,-3.79763958,-5.95265867,4.53836535,2.2858273
-3.80892671,5.26439035,-4.19110919,5.72862736,5.50684689,4.72838626
-4.39473422,-4.9657904,3.85291405,5.57273334,-5.34536711,-5.98767735
-4.5476203,-4.02548923,5.22056273,5.86354703,5.77882041,4.57290727
3.8580641,-3.16316235,-3.64956839,-4.76518626,3.04445094,5.29214937
-2.66547621,5.15905404,-3.6875691,5.26473112,-0.19970799,3.99811268
-3.52945486,4.03096284,-5.62068448,5.87355862,-2.60516262,5.84628452
5.78747985,-3.87579882,-4.87803739,1.99420896,5.16714838,5.43956379
-3.56008865,3.14576142,-3.58510151,4.73222272,5.14922519,4.03065908
4.07347761,-2.6195922,-4.6557286,-4.94470681,3.56421476,4.42541351
-3.82988472,5.13767565,-5.89184144,5.46267247,-4.10931462,5.37251283
-4.97795537,-3.54940725,4.2908696,5.52246456,4.66794069,-4.67535054
-5.8227164,-3.88364005,2.70795219,2.02851834,5.14207675,-5.61742044
-3.56821819,3.29943904,-3.37473543,4.93026353,4.95035551,4.9073695
4.6894049,-3.85601646,-5.79148555,-3.65339428,4.88480523,5.68426804
-4.69179771,-5.81851318,3.00873102,5.97420279,-5.24715775,-5.56117623
5.29925582,-3.97132942,-3.39635829,3.24352391,5.21467145,4.16910499
-4.42251234,-4.10499635,5.06656578,5.17233077,5.49590993,4.44680009
-2.72387098,4.31731317,-5.53929683,5.62948313,-5.42627596,-5.30364557
5.47189768,-2.90482894,-5.50820575,3.18502654,5.00666873,5.41530119
5.00659721,-4.18769332,-5.40430971,-4.95971888,5.77058342,5.31506726
3.97523427,-4.48074675,-5.77686929,5.90493297,5.73467414,5.95087874
-4.56259418,-4.58924857,2.82448659,5.28971013,5.50260622,-0.02441614
4.25246656,-3.62038615,-3.50902391,-5.9607816,5.82543319,-4.10329447
4.06573079,-3.42284116,-5.70626925,-5.28231231,5.3566891,1.70749473
-4.44255899,3.54556225,-3.9011777,5.97724967,-5.34048344,2.36355529
-3.66545375,5.73206212,-4.36039844,4.58881438,-5.75036872,4.60201813
4.266875,-3.01589716,-4.46470643,-2.2808864,5.86266869,4.38805769
4.39629811,-3.65520408,-4.1271461,5.37653963,5.90143821,5.70551243
5.04680049,-4.18005566,-5.09119908,-2.97675219,5.50167712,5.41781173
-3.26522066,4.39583106,-4.9679042,5.53191326,-5.11329705,0.77434879
-5.05352156,-3.04532148,2.68203488,5.35637264,5.30979072,-0.44509227
-4.60884395,-4.12932553,2.82882986,5.23472507,4.9676191,-2.18569778
-4.45649482,-4.91523884,3.60162335,5.89391231,-0.62089944,-4.66122916
-2.96151859,3.70821918,-3.81822466,3.98651554,-3.94858661,4.38587322
4.52549095,-3.43814151,-3.31733147,-0.99769623,3.71512518,4.64793242
-3.61750868,-4.08408887,2.32226872,-5.6596546,5.05904897,-5.11246909
3.29143288,-4.62367976,-5.17379813,-5.71664566,3.51992388,5.33999086
4.23323975,-3.4886375,-3.0285459,1.7713349,4.38127215,5.16062003
3.650768,-3.83566598,-5.39254703,-5.6776973,5.35365116,5.93405258
4.80027652,-5.44924038,-2.99916754,-5.49235916,-5.25746261,5.50547913
-5.3631011,5.35181624,-4.3719148,5.60141338,3.50638091,5.93968565
-5.76076863,-2.65208626,3.21984462,5.64589676,5.69549323,-3.28205624
4.90886672,-3.38179691,-4.2287266,-3.74983957,5.42069988,4.51514922
4.67026773,-4.30203621,-2.92073921,5.63323326,5.36507406,5.02193225
-5.34908022,-3.33389603,4.7111085,5.51142019,4.33249844,-4.3236995
-4.62741544,-3.01934895,4.42161712,4.56863681,5.81903667,4.24442303
-3.52887271,5.45953952,-2.54043615,5.40512981,1.85759069,2.75232885
-5.51634416,3.602351,-3.75122039,5.48031415,-2.68940725,4.85768666
4.34972846,-4.4897347,-4.33334448,-5.20904055,4.67845538,3.47418832
-5.47574848,2.92367663,-2.86516339,-3.10293046,-4.04770411,4.88619728
-5.34790352,-4.89057282,3.70237608,4.89868309,4.57160295,-5.83397844
-3.974313,5.19065512,-3.34494636,4.72096646,3.51843163,4.81605952
-3.60029467,4.1599183,-3.55793549,3.79825502,-3.60148968,5.75201076
-4.03671577,-5.21675828,4.49879126,5.13129539,2.72342689,-5.98578546
-5.18892685,2.65186539,-4.27527528,3.86864783,-4.53609593,4.79961508
5.44271037,-3.65366995,-2.92618678,-5.37491589,5.59105896,1.65774931
3.84704513,-3.73348204,-2.93924223,4.432389,4.96904347,5.88330786
4.93681471,-5.51335588,-2.86267143,-5.27725662,4.49399898,5.19918853
-3.80139687,4.50715601,-5.99061087,5.60132747,-5.70911097,-4.5854561
-3.68229319,-5.37170695,4.18248827,5.80825791,-0.46803126,-5.07288074
5.17442675,-3.97907159,-5.91902299,-5.88308508,4.77845228,5.1099325
2.60650861,-3.31829646,-4.08328385,1.74086127,5.48524809,5.83064442
2.73881301,-3.92388273,-4.23370776,-1.64107362,4.37227149,5.72848326
5.78570718,-3.24541524,-3.68730473,3.52083778,5.22328478,4.39043197
-4.29231151,5.39112287,-3.23708679,5.18473909,1.8337074,3.78199493
-3.38009346,-4.68742069,5.69834441,4.88522173,5.72696234,-5.52295521
2.47814305,-3.7536848,-4.70075019,-4.844056,3.5176312,4.50650882
3.3346703,-3.32360297,-5.86176391,-3.63949293,5.6180098,4.58292008
4.7006971,-4.9529198,-2.9814073,-4.56818594,4.78596077,3.84330379
-3.88828522,3.82760914,-4.8593807,4.2650475,-4.74143703,5.4331664
3.37904204,-4.81315308,-5.84007428,-4.85494017,4.6355335,5.12577729
-4.64312203,-5.72276147,3.30614233,3.40801393,5.96381483,-5.43316676
5.21140565,-3.38617665,-4.39729832,-3.98304052,3.49776057,5.35283342
-3.97705281,-3.18301711,3.90679268,2.98812437,4.79018883,-5.93479133
-4.02969146,2.63647699,-5.01216402,4.54806682,-5.66809621,2.98136027
-3.87088202,1.95115704,-4.75933068,4.63043903,-2.44837561,3.88759943
-3.76156699,5.78860112,-3.9154318,3.28559355,-5.06068522,5.29167546
-3.88408784,-5.4067745,4.14913326,5.99208782,5.2757284,1.39752819
-4.76857805,-3.8357785,5.36625863,5.32994141,4.94738754,4.64784531
4.96666261,-3.4720414,-3.80509751,-4.47520785,4.61379229,5.21825839
4.66018713,-5.89866579,-4.40570102,-5.99475621,5.19812257,4.55438005
2.48391234,-4.38706415,-5.46642236,3.0047127,5.31360465,5.97496845
5.57777856,-5.29984881,-3.03927884,3.58385597,5.73497871,4.51820008
4.24800849,-3.58475441,-5.58032975,-3.40965851,4.79592643,5.10949525
-5.98999334,-3.90765597,4.5542314,5.4628563,4.87786136,-4.65206502
4.09722029,-3.84574993,-3.5023436,1.06799228,5.35419343,4.85554911
4.34793144,-4.64197529,-5.45907737,3.24864254,5.96075512,5.96701756
4.83742503,-3.76259587,-4.63217125,-2.51218672,5.28614424,4.64295208
-3.72369352,2.83299432,-4.03083059,3.35235145,-5.3843329,5.6838973
-4.58362525,5.40859772,-3.65313146,5.58912109,2.33787776,5.3603359
-3.90585937,4.29923985,-3.75950663,4.55300796,-1.48627884,5.18403568
3.37192296,-3.7104192,-5.40229664,-4.48965266,5.4134859,-5.21362278
-3.38690312,-3.1323389,5.22916583,5.98343261,3.30543189,-0.94079334
-2.82265057,3.89300441,-5.19379727,4.48944962,-5.61291212,-4.02374743
-3.60183353,4.38106768,-2.78346818,4.59455577,-5.41039424,0.86655875
-5.4465128,3.29212956,-4.62577814,4.60504256,-5.13286532,5.48592181
-2.37030637,5.01855588,-3.94966977,3.74655005,1.78245968,5.79118187
-5.25091291,2.14846918,-5.91928065,5.89790883,-5.72731237,1.35492203
-4.66621862,-4.1117933,4.41322633,5.61488558,4.61892339,3.63541513
3.28448582,-4.86332233,-3.80490176,-4.78248196,5.23052638,3.85453486
4.66407734,-5.31912037,-3.62565736,-5.53680968,2.88046059,5.93019677
-2.92181106,-4.66141511,4.56590107,5.05961821,2.44020872,-5.97358274
5.09363259,-3.87013215,-4.62631587,-5.35320529,4.79437789,5.8168527
-3.29396898,3.33894186,-4.8091113,5.06127081,-5.44979961,-3.69891458
-4.40431714,3.38244928,-3.26096867,2.82417209,-5.70726105,3.44615133
-4.49166977,2.93411738,-4.71646766,4.79245194,-4.63889714,4.87719769
-5.14435214,-2.69705329,5.3037202,4.91250934,4.67217725,-3.27276122
4.45880293,-3.84102503,-3.60269508,-5.32462742,3.34134884,3.87962116
-5.54230958,-3.04123075,3.92553245,3.77425423,4.1719613,-5.78501481
-3.54105888,4.21445732,-4.42030501,5.42491584,-1.96669767,4.04827082
-3.31886216,-5.19827511,5.01964451,5.71765485,-0.33409545,-5.51336669
2.92180944,-4.3309639,-5.50235722,-4.78968946,5.28976614,2.76148791
-4.5741805,-2.98953477,4.09077648,4.31331331,5.37499526,0.22794488
5.57501391,-3.19550478,-4.17238862,-5.91187445,4.11001289,5.21468312
-4.51801808,-3.36942285,4.3988101,4.32875767,4.09285705,-5.87353149
3.1090235,-5.19103761,-5.80977337,-5.96858844,4.09588237,5.72221154
-4.21238511,3.05439936,-4.84506422,5.3401851,-4.48516005,2.97296102
5.19434295,-3.89729825,-5.64037504,-1.2475356,5.84338851,5.50411697
-3.80643294,-4.94011756,4.42300066,5.34050261,2.97761191,-4.97801219
4.53107445,-3.71018851,-3.0413855,0.96361673,5.76175388,4.5021424
-3.88232839,4.60875113,-3.15564348,5.80637673,3.49322292,3.80292148
-4.20685514,-3.9868727,5.50540605,5.65134013,5.5083049,0.63481548
5.17511373,-4.71602093,-5.89596484,-3.81312266,5.94529346,5.87529943
-4.24183938,4.44698748,-4.62328234,5.94473714,0.66359091,5.40467628
-5.22422238,-3.83194331,3.90868167,-1.65102591,5.90969194,-5.07233207
-5.66337499,-4.76995345,2.51934402,3.36211964,5.2632437,-5.09376965
3.96028453,-2.61197275,-4.95267499,-5.79750256,5.87027209,2.83062436
-4.34086756,-3.99000926,3.10624331,5.48644154,-4.45755151,-5.56425466
-3.96886771,-4.42410592,5.90235253,4.20769544,5.81984943,-5.13856654
-3.37297221,-3.21261581,3.97766551,2.818859,4.12631702,-3.80820468
-3.95356757,4.40179441,-3.10844416,3.71511794,-1.25074578,5.30384927
-5.75925408,-3.60490637,4.08027928,4.53526728,5.66589806,-3.68491859
2.69074041,-5.70269258,-4.35028585,-4.42441135,4.58607298,5.87457835
-4.25926761,-4.05700455,3.76911645,5.75938968,4.5646752,-5.99739764
-4.46051296,5.1740064,-5.201593,5.89043739,-4.00713134,5.30745289
-4.06055047,5.89209269,-4.390951,4.79872501,-1.13515549,5.91609359
4.60358282,-5.49397859,-4.02514818,-0.08746221,5.96152923,5.32201806
-3.99419571,-3.31450406,3.52356243,5.30536087,3.51772314,-4.78042091
-3.7822093,-3.4112568,3.57764582,3.34306567,3.62968337,-4.19736854
-3.2929357,-4.54472206,5.10289126,5.52251043,3.7945219,-5.13129336
-3.30059584,4.69525895,-3.93618011,4.67851216,-4.12476111,5.35324475
5.29840823,-5.40650355,-2.59765638,-5.19165257,4.79772825,3.8051785
3.60397809,-5.74256433,-2.9104868,-0.66800206,5.41935832,5.9921049
-2.99864317,-5.17713873,3.05588283,4.34496647,-1.24344547,-5.3735693
-5.8655383,3.99769841,-2.74249825,5.75864303,5.59696903,5.88888796
-5.67042446,-3.89625253,3.39396081,4.34582603,5.36664629,-5.97365752
2.67350466,-3.50195188,-5.5968902,-5.92976071,5.40763738,1.95011929
-3.34164066,-2.99690113,4.4632036,3.59496431,5.5496121,2.72939146
4.95509442,-3.0960428,-4.96690035,-2.932406,4.28290635,5.68144979
3.71558253,-4.20669356,-4.51408356,-4.34822124,4.53782352,4.12747063
-4.4582632,5.77688191,-4.35397218,3.92790993,-5.48897583,5.49061897
-4.38987583,-4.94909449,4.43853066,5.25176092,5.60507524,3.9339056
-4.85667018,-3.45645485,5.86791833,5.11724759,5.86016495,-2.88795401
4.13151334,-5.66567434,-2.62298428,-5.95983823,-3.62097404,5.9543204
5.46871301,-3.9447665,-3.1797038,4.42259365,4.98235437,4.16549477
-2.92141638,-4.98321204,2.81233651,5.27277432,0.55712553,-4.92614902
4.55082242,-3.80434714,-3.70131506,-5.36852221,3.42612818,5.63053273
3.71485618,-4.94969285,-3.69224506,-1.00947116,5.68998794,4.38032476
-4.26626426,-4.16126178,4.03672983,3.57290113,5.56393079,-5.51017391
5.6259538,-3.16295075,-5.23505517,-3.75010548,4.38362337,5.31921592
-2.96278104,4.33262443,-5.50149556,4.03004293,0.79003954,5.99504494
3.55490431,-3.15517935,-4.6076094,-5.04434389,2.81537941,4.51327966
-3.20807933,3.70536943,-4.51893521,4.97445187,-1.89755485,5.94733329
5.18501518,-4.94213687,-2.91121621,-3.12306221,5.79535995,3.87736605
4.46026011,-4.02347295,-3.7011449,-4.94547749,4.09845694,5.00137914
3.47678195,-5.36003303,-3.10163206,2.51755799,5.74248882,5.91703643
5.9945008,-3.56004043,-4.45965951,-5.49336877,3.29656917,5.92193447
4.83819326,-2.36671044,-5.38340743,3.18339291,5.07343358,5.93786695
4.14309472,-3.11866873,-3.45411621,-5.87638314,2.12719363,4.74746689
3.29340469,-4.09741895,-3.53437504,-5.18486983,5.08360335,-3.48224556
-3.958467,-4.71488148,4.13170205,5.64727913,2.38813917,-5.06717726
-4.96772838,-3.44205938,5.9633275,4.9288758,5.9460947,1.9088636
5.44010684,-2.7728596,-4.82321574,-2.0382524,4.4053726,5.81869278
-3.5726611,4.29232055,-5.55429125,4.97833732,-3.67458141,5.40961347
3.72820775,-5.6137117,-2.85622049,-5.33834705,-0.17248123,4.99021559
4.07556618,-4.34764818,-3.18231721,4.57171008,4.16828633,5.22008766
-3.64359645,-4.89400969,4.06982166,5.27268071,5.93636927,0.97878027
-5.312613,5.23331822,-3.37779715,5.8051426,-2.8575263,5.84242324
2.42470105,-4.98263817,-5.09179228,-1.37768667,5.41480529,5.85395955
4.47025307,-4.28089741,-3.44162291,-3.29637555,4.19328526,5.40307609
-3.64260189,5.05942455,-2.92923211,5.12392685,1.05576271,3.89340864
5.86703797,-4.66002834,-2.64205554,2.5084322,5.99454987,5.62324846
3.16153956,-5.4504395,-3.01932105,-4.24908604,-4.05557374,5.80297322
-3.45703191,-3.6645598,5.83999965,4.9159377,4.83109646,4.45251825
-4.5092151,-3.52798849,4.13609585,5.33537878,3.42035673,-3.50244845
-3.09682325,3.76424976,-4.14010923,5.53004507,-3.35837177,4.22591235
-3.16313799,5.33768233,-3.27158127,3.13403058,-5.02794187,3.91492484
2.26759069,-3.55304619,-5.21687273,-3.84082221,5.95800861,1.89474416
-5.24200716,-3.90701115,4.29180623,5.83584015,4.82997983,2.46243606
3.30278239,-5.61656815,-3.84067176,-5.6358921,5.79609245,5.09076274
2.86920064,-4.08889938,-5.1919349,-5.59723362,5.88418489,1.0234242
5.0727214,-5.96471246,-3.89456436,-5.83074533,-0.56823886,5.7236331
3.17018732,-3.62426393,-4.69881476,2.7117084,4.76515033,5.58977152
-4.26909335,-3.70973833,3.40905365,5.34376372,4.23387422,-5.67265301
4.27424633,-3.71144185,-4.96066795,-4.61840683,3.56075242,5.3883293
-2.41968435,-4.01170991,4.60471344,4.76958474,-1.64436498,-5.54308506
-5.57002158,4.81346811,-3.34339236,3.40718316,-5.31932248,4.89226279
-3.36558546,3.08613732,-4.57092249,4.49845938,-3.22654206,4.48617865
-4.12915796,5.95750714,-4.73958875,5.20503419,5.14754409,5.35068437
-4.42679071,3.29019633,-5.40881485,5.41677894,-5.83816619,5.11247449
-4.43606578,-4.46392588,3.58229542,4.59163128,5.9649395,1.09262891
-5.11140949,-3.34211634,4.1619608,4.91074414,4.76043447,-4.08488742
3.03070128,-5.99460149,-4.25768831,-4.01632915,5.23609671,4.46140935
-3.73508567,-4.88143608,4.09280484,3.79423955,5.4808356,-5.98144963
5.748906,-2.97044207,-2.56577072,0.28199831,3.16717008,5.40743469
-4.75002675,-4.17754443,4.1975435,5.55259506,4.94687339,-0.66121492
-4.93701785,4.28509714,-4.58549138,5.94186663,0.59510332,5.59402556
-4.91807863,-2.90755049,4.61374204,4.62673604,5.89731284,-3.63455185
-3.77669545,5.46047105,-5.53182841,5.61893847,-3.04359016,5.13816695
5.3938015,-5.60744761,-4.01604444,-5.81892712,3.93451566,5.60280042
5.38159306,-5.03362877,-3.27452041,-3.11438021,5.32782787,5.84582315
-4.77651799,-3.59490669,3.57690331,5.45942481,4.48468111,1.77680667
-5.83307921,-3.27782375,2.73615342,5.73479835,3.94280151,-5.13451681
-4.76873089,-5.22813056,2.89647185,5.95601144,5.71441033,-4.92173989
-3.44231336,-3.49709087,4.33939615,3.98562383,5.84491407,5.4490063
-5.14815611,-2.620352,3.91091605,1.73397477,4.47153581,-5.66879809
3.77917482,-5.05978294,-4.24427519,-0.72793248,5.73350449,5.45779997
5.4810425,-2.5298875,-4.54778083,0.49999933,3.19555965,5.83691235
-4.51682607,5.40331547,-3.9866939,5.11671008,-4.25739115,5.20849453
-4.1196826,3.28243205,-4.31306167,5.41798291,-3.30550282,3.19951242
-3.63921692,-4.21809169,2.28516635,-0.96629936,5.50249703,-4.63846542
4.62354724,-3.70969924,-3.36676902,-5.77478774,5.5747291,1.15398453
2.86781391,-5.50913587,-3.64070514,-5.93280178,-3.24742812,5.68246537
-5.80756653,-3.78393046,4.14156989,5.05642701,5.92196894,-2.81419456
4.54728904,-3.82384581,-4.55192954,-4.7046824,5.27654367,4.52938631
5.56410615,-3.2177181,-4.57479252,-4.59698608,4.02199553,4.9986709
-3.96198032,-3.07683692,5.80719142,5.28942133,4.69004203,1.48510732
-3.22502802,-3.4260835,4.79396629,4.09950246,4.02256607,-3.77036758
5.3767501,-3.77765669,-3.71893261,-3.04848236,5.16951093,5.22056072
2.97942909,-5.70312904,-2.83220248,-3.69799879,-0.8763946,5.1175398
-4.70216257,2.86706914,-5.66924458,5.64805969,-5.39567167,5.55634875
4.35321688,-3.13566248,-3.80134822,-0.47171788,3.17050971,5.740929
-4.20974207,-4.0299174,3.46151959,4.62849464,5.69995152,-1.47417679
-3.66066457,-5.7418038,2.56278366,5.34954584,5.15296284,-5.1022496
3.20397208,-3.8117127,-4.15602574,-5.58454748,5.26517686,-2.7444144
-3.37253862,4.60436233,-4.12298137,3.35193517,-2.63846225,5.83166742
4.04596935,-4.8017152,-3.39837296,-3.20653125,4.00338293,5.24816373
2.59067317,-4.85655422,-5.12601002,-5.65266091,3.27890961,5.22038111
-5.10599692,-4.65118374,2.60463267,4.71638035,5.65908456,-2.92371688
-3.23457833,-5.99036993,3.87692101,5.64117639,1.28415127,-5.96269512
5.31220764,-5.24583223,-3.05419108,-3.98325814,4.93324455,5.35068228
-3.16102194,-3.96251051,5.36191866,4.60126681,5.12736794,-1.40647269
-2.88155844,-3.58214998,5.62538075,4.16188279,5.34005678,0.22306462
3.48956897,-3.76315941,-4.11170428,-4.59852923,5.66555457,3.27143296
-4.04434694,3.74014856,-4.71777744,4.45876718,1.98405215,5.95763958
-3.9436253,-4.38432086,4.65945729,5.23643035,5.65960869,0.13849827
-5.7636346,-4.43959251,3.21937469,3.28859843,5.92976901,-5.88141707
5.03713463,-3.72172065,-2.77972432,-4.66043102,4.01978862,4.41191982
-3.4617724,-4.41877256,3.04618805,5.19805621,-2.70812063,-4.99114229
-5.44505587,5.91625061,-3.33997404,5.40762992,-3.29027034,5.11776689
-2.52765246,-5.21685252,5.17372975,3.93513266,5.52803989,-0.79642131
-3.49936556,3.87105133,-5.24964533,5.59174253,-4.78320748,-0.04900462
-3.84326872,-4.15869567,3.84924595,4.92048287,4.65860929,1.01193563
-4.46622889,-3.52310675,5.90586665,3.94990721,5.23293072,-5.29816587
5.74736141,-3.29854181,-3.48652262,-5.63174876,1.66160344,5.57756704
5.83863244,-5.02223428,-3.41900397,-5.33131055,4.13912611,4.73049302
-4.51160359,4.77061116,-4.32687306,4.56516481,-4.47846253,5.3941498
3.45431809,-4.40361994,-4.52784382,-4.55196869,5.51430675,4.82379293
-3.62282988,4.71602454,-2.56848325,3.93853577,-2.83559011,5.70942091
-5.41373423,-3.40635715,4.90775358,5.71223804,5.22252243,-4.8273313
-3.6283472,-4.36671644,5.20567817,5.10451167,4.76330954,-2.98206642
4.82423381,-2.77009873,-4.53769391,-3.50279912,3.75986858,5.20917609
-3.40484294,4.1093959,-3.2512653,-4.33681009,-5.7687398,5.46062244
4.03218491,-3.85986695,-5.19350822,-4.8601605,5.93634594,-3.6642715
-5.99247521,4.42461118,-3.41744762,0.2492022,-5.13480907,5.4213547
4.83932405,-4.76940187,-3.63473224,-5.70128795,5.38315612,5.83227315
3.93831441,-2.86166943,-4.48478034,-1.82200135,4.50705619,5.37607305
-4.35350796,-4.2844018,3.46070395,-1.87628894,5.38388107,-5.47151583
-5.13463204,-4.34272652,2.95739638,4.110561,5.67801115,-4.88393106
-4.28829608,5.77661412,-3.40905021,4.23010255,-1.63275164,5.31066388
4.89951073,-2.74137082,-3.67683623,-3.2518062,5.31663871,4.32502987
-5.92223337,3.68409002,-5.67022408,5.34771641,-5.47871737,5.87175054
-4.77028063,4.8811935,-3.62714764,5.12499752,-3.92767141,5.46948471
3.6028238,-4.12782877,-4.47827465,-0.51844197,5.09728245,5.17629101
5.01642916,-5.14665195,-4.7634275,4.68742952,5.98100023,5.66963191
-5.15804208,-4.04786317,4.89901507,4.32056898,5.24902503,-5.10065674
-2.29058124,3.75476904,-4.67475657,4.66667375,-4.95951664,4.21236557
4.77749969,-3.56376884,-5.28380726,-5.65412934,5.29802949,-2.96215932
-3.42249143,-3.44979882,4.85692002,4.69528504,5.82545283,0.74464252
-4.27801886,-3.68427839,3.72210654,5.49049903,5.00538087,-1.61806971
-4.32131554,-2.75992997,3.70120845,4.49880544,4.64410386,-2.69317129
-4.90680632,5.19156867,-4.4385658,2.83700859,-5.57414015,5.72872691
-3.66543942,5.21044585,-2.49655986,5.38699858,2.18504625,5.83130056
-2.7565304,-5.11983294,4.80655897,5.20495508,5.42487817,2.99786197
-4.19076059,-4.34078088,3.67766259,5.02598453,4.86085954,-3.91360391
-5.21494681,-3.44960204,4.34524884,-4.06543119,4.88201296,-5.93308682
-5.48350374,-3.0935095,3.010806,-0.61717319,5.73842316,-3.3443934
-3.88977083,-4.64451286,4.09318566,5.53287576,3.12035769,-5.30604912
-4.99261521,4.0013561,-4.76212845,5.40662596,-4.50928199,5.82878076
-4.0195664,-4.2844391,2.47532466,5.85276317,-1.79809764,-5.10813152
-4.86378774,-2.5954949,5.07823958,4.9173402,4.47905916,-4.68924439
-3.65167446,-4.3205331,4.50502075,5.93598252,-5.63463047,-5.03141761
-5.01978377,-3.77488702,3.25780473,4.89962664,4.61769734,-3.10231177
-3.23684876,-4.35062211,5.91323419,4.67251363,4.67089586,-4.76326781
5.78896935,-2.71357289,-4.91179576,-0.29392853,5.56526901,4.65095122
4.60176843,-5.97214567,-4.02432821,-5.85258354,-4.96503268,5.54602989
4.54704728,-3.88604677,-5.1718003,-2.87070473,5.30645066,5.3963735
-4.42283803,5.55188373,-3.56154099,4.20512433,-3.89822572,4.94451311
-2.92672233,3.05688977,-5.14749157,4.04551362,0.24375748,5.65068617
4.7592939,-2.59615135,-4.98706801,-5.15832185,5.84943227,5.61199292
-4.08884413,-4.41965647,3.12611268,3.79940532,3.64754619,-4.88635147
3.48451994,-4.16875997,-3.88421924,-5.75164059,5.83572354,3.50097429
-5.2526156,-4.76706604,2.94806057,4.08380844,5.45829501,-4.59419978
-3.38362741,-4.89714178,3.44203975,4.72869076,5.84294894,5.09593517
-3.6980379,5.65170449,-3.56775162,4.28514201,-2.84634439,5.73655489
-3.28433153,5.21000175,-3.77931851,2.3652495,-5.5893579,5.15823216
3.33667662,-4.68601037,-4.11266576,-5.53425728,-0.60712378,5.08672523
-4.71388682,2.94601711,-5.93945912,5.61778613,-5.81565808,-5.62267165
-3.07871756,3.08642831,-3.89438954,4.80141085,-5.31279392,-4.90334841
-3.30631602,2.91947943,-4.23769396,3.56405835,-1.44038449,5.8240702
2.5352077,-4.80830196,-4.53921931,-5.73626879,-5.74202974,5.77166406
-4.32332068,-5.77509275,2.63764271,5.77327987,1.82463096,-5.39801266
4.63449442,-3.57433607,-3.41303889,-5.30727153,5.80291085,4.11369025
-5.78598485,4.07417414,-3.25102374,0.95096843,-5.93417199,4.88764008
5.01928994,-2.70103897,-5.4536501,-5.83763291,4.53130296,-0.40010138
-3.89042874,-4.25740239,3.36204335,5.7833235,5.67676993,4.6306591
-3.41716095,-3.52322944,3.50892564,-0.82874189,4.88018244,-5.65141895
-3.55547707,3.12620472,-5.43099662,5.63971345,-2.54098383,4.20033778
3.56020434,-3.28331263,-4.95938323,-5.07628769,4.08478894,5.26044379
-5.064642,4.89942668,-3.94427727,4.75641719,-5.07701291,5.43828863
4.4189786,-4.86800775,-3.04767474,-5.11102018,5.94689284,2.95623173
5.56347114,-4.14392701,-4.421289,-5.76971915,4.73241054,4.45221471
5.80557114,-3.71725736,-4.29560823,0.64968719,5.45393474,4.89910045
3.95471816,-4.87900801,-5.21905245,-5.37358322,5.27937012,5.43278226
3.49012643,-3.53688328,-5.78659098,-4.73329895,4.88195735,4.94203075
-5.06997674,2.91474094,-3.44585424,1.69780786,-5.09676182,4.64882346
5.17302908,-4.41007999,-3.99433024,-5.00006064,5.60813258,3.23660642
-4.03661859,5.87832832,-3.84611459,5.84993396,4.4188423,4.00141564
-4.46683416,-4.98000546,3.46426065,5.58353056,5.25732541,-1.72405299
-2.90318289,5.31843346,-5.2965784,3.99320675,-2.10612164,5.60392507
5.06179741,-3.13820137,-5.90095941,-4.2267512,4.12637135,5.81691698
-5.92564073,4.31449729,-2.52591751,5.38264539,-3.72513363,3.95714223
-4.70226476,4.64368895,-2.51360773,-2.87960845,-5.34737087,5.88561047
3.65049822,-5.53360707,-4.7066266,-5.2143557,5.17208059,4.41923103
5.60492911,-3.67193388,-4.53733649,-3.49866444,5.67994491,4.44572202
3.97904131,-5.57501772,-4.69520174,-5.33435356,4.24887521,5.84967632
-3.55094369,-3.89185474,3.30969605,-3.22948909,5.16156405,-4.89702306
-4.37154239,-5.18076251,3.15353167,4.40393333,4.76139792,-3.86684602
-4.37140618,-2.6303252,5.22429974,5.91585536,3.58939233,0.61122511
-4.44641851,-5.73541711,3.54291457,5.78586649,2.87261574,-5.62843777
-3.96800889,5.34895602,-2.58326424,5.92228227,-0.27393975,3.58978616
-5.08315365,-3.86790908,4.5656131,5.74694296,5.40817633,-0.44542388
3.62896574,-3.90216133,-5.32684615,1.0126815,5.92515692,5.90314731
-5.09204818,-3.30688793,4.22418026,5.03732405,4.45055789,-1.71878398
3.56113995,-3.62377618,-3.98779603,-5.16801238,2.52101542,4.45289967
-5.89811841,3.75678066,-3.06855947,5.9541282,0.81185942,5.8329794
3.31583086,-4.81692224,-4.56985848,5.55705787,5.44157492,5.55737137
4.75369344,-2.20255465,-5.11818439,-5.73466695,5.65638656,1.17841547
3.93693117,-3.97761627,-5.25087145,-3.72506175,5.74844771,4.80637812
-4.05083017,-5.06185022,4.72317078,5.83675642,2.05100988,-5.28125382
-3.31223401,-3.14314882,5.98648927,3.50313763,5.24327628,-1.42641171
-3.81141996,5.65847777,-4.41847613,5.17605967,-0.61768983,4.93739401
-4.54558405,-3.69186142,4.21592116,5.14773512,5.20526327,0.30062835
-3.09128933,4.86547102,-4.87554621,4.05691084,-5.02289861,4.0339906
4.01686515,-2.73221323,-4.62641858,-5.11190081,5.71025507,-4.74950038
-3.81231945,-3.0730832,4.3039876,1.46448,5.40259395,-4.49954329
-4.59830239,3.80634729,-4.03607663,5.82704575,-5.25140702,4.80986681
5.01375591,-4.73375383,-3.91173749,-5.95220215,3.9813786,5.71506705
2.91923316,-4.05392898,-5.42851888,-5.51435191,5.14176824,5.42787753
-5.23880453,4.56975827,-3.75819387,5.64916402,-3.08883695,4.16142607
-5.74692224,5.33639963,-3.27058195,5.59459835,-4.08524038,5.94307858
-4.24072801,2.11929804,-4.20594781,5.34936376,0.15762578,4.66447537
-3.68163168,3.92241151,-4.09716458,5.68623337,-5.75025325,-3.13830024
-5.7623575,4.18150815,-4.81167164,2.70522918,-5.79352216,5.82697033
3.69232327,-3.49350826,-4.74843248,-2.82368486,5.29003315,5.48599143
-4.11380162,4.95664131,-3.32132968,4.32925781,-1.11598063,5.07602532
-4.4631084,5.503462,-3.13186641,4.43717404,-5.21701875,5.50505432
-5.50854041,-3.15286722,4.7727708,5.6828578,4.82222742,-3.16912519
-5.45317696,3.65533569,-5.3952004,5.30878746,-3.74490296,5.87191078
3.28458079,-2.90184304,-5.41660026,-4.9389307,5.83849467,-1.48478719
3.63125439,-4.45763001,-4.66554413,-4.48843273,5.86282276,2.45071977
-3.13546903,-4.57231492,5.60647481,5.58707668,4.72156052,3.63767721
-5.85843146,-3.67404505,2.85717216,5.93093522,5.75861272,-4.34869429
-4.9584276,5.00708184,-3.10347323,4.90781727,5.43180854,5.19545458
-5.99190603,-4.64648748,3.03135586,1.7389104,5.75626219,-4.4778836
-4.6863853,-5.10074871,2.58158336,5.35298322,5.73143694,-1.54355569
-4.07197399,-5.95274843,3.34290901,5.47200768,4.18131425,-5.0907033
-3.24778508,4.11290983,-4.49752817,5.54266518,-5.16926004,-3.12061077
3.70651727,-4.76318263,-4.17853831,-4.05882481,5.43122328,5.34098516
-4.60446295,-4.38238282,4.56589366,4.45958293,5.17098819,-4.4968553
3.09553181,-3.20406363,-5.48542186,-3.42926897,5.82815762,-0.50486547
5.01861112,-3.36221306,-3.98911424,-5.73014695,5.64208236,3.42653914
-4.92810756,-3.01230702,2.82466933,-2.62798162,4.42335613,-4.89252631
-3.50290649,4.6390162,-5.19375804,3.26026581,-5.66379103,5.52495381
-5.27332228,-5.12627731,2.23151721,3.20355408,5.80683286,-5.6159554
5.92081835,-3.76664576,-4.32118437,-1.91477746,5.32029395,4.90588156
5.15189283,-2.82213206,-4.98822518,-5.04254676,4.06877035,4.6384382
-3.89427219,3.18359019,-2.81092943,-1.77387296,-4.99719,4.70771321
5.63998276,-4.15086198,-2.49969131,3.64289871,4.31841407,4.50233121
-3.53333973,3.41495115,-4.53179843,3.9463044,-3.24295563,5.15998935
-3.43009379,-3.94893431,3.75202083,5.74700506,4.14568339,-1.37217696
-4.2181694,-3.77495099,3.81320568,4.43861291,5.29392409,5.28742452
-4.48770889,-2.25388898,5.23135612,5.71209163,2.74021374,-0.3863147
4.1439193,-2.73555749,-3.99666571,-5.31125017,-3.75983384,5.74965676
4.25520986,-3.86825271,-2.84323493,2.84621526,4.63608583,5.97004556
2.73539314,-5.65059347,-4.16864383,-5.62922433,-3.59991682,5.64700659
4.52485531,-4.4264098,-3.61322686,-1.29209461,5.00063748,4.41251723
-4.83198175,5.45236207,-2.8364121,5.35137826,-1.57672336,5.42333721
3.74404289,-5.83304895,-3.40187078,-5.91944075,3.11197786,5.15719759
-4.64338558,5.89535847,-3.01217482,5.00815072,1.83423052,5.56325071
3.73392698,-2.37745949,-4.96109809,-4.90895523,4.16331403,-1.68896863
-3.83732323,3.64080956,-4.165027,5.01960913,-5.81149605,1.73177449
-3.54583624,5.47028013,-5.3861406,5.88663075,3.69376097,5.67073221
-3.95727863,5.65015863,-4.74821532,5.81534612,-2.04767487,4.56862107
-4.17147266,-3.43237307,4.32341594,5.31821556,4.90701704,2.78591159
-3.79113401,3.86590256,-5.34235907,5.27611172,-5.29804466,3.27085228
-4.17536518,-3.10820449,4.68925128,5.31749625,3.37885776,-2.11746274
4.79297992,-3.13918886,-3.84437443,-4.89997718,2.70811308,4.23266449
5.63589651,-4.48501656,-3.37135422,2.25931615,4.56695925,5.89057767
4.77485531,-3.29313131,-4.08145701,-0.99054255,5.09300287,5.78175744
-4.23078047,-5.49367002,5.5395643,5.56466812,5.70021849,-5.14421619
5.09443612,-4.87723088,-3.38196023,-3.35995958,5.0925163,4.38647114
-5.37719778,-3.32880229,2.9902179,4.75382437,4.33316793,-3.70118924
-3.26097673,4.29328207,-4.75528006,5.64080832,-3.31320462,3.53678666
-3.54337664,-3.04851047,3.83050622,4.30737974,5.66122201,2.11695041
-4.23674948,-5.05204887,3.68338847,4.08006958,5.49910738,-3.4906695
-2.26825071,-5.57271983,3.37617295,3.86050599,5.39002297,-1.7365371
-3.98317875,3.75992297,-3.71811203,4.40421291,-4.16797534,4.22415487
-3.7999175,2.82479609,-4.7003497,4.29217837,5.17072604,5.98500529
-4.92956603,-3.95547875,4.25057799,4.40359371,4.33969626,-5.80980572
-3.61701439,-5.50024129,3.15912264,5.96988581,-4.52527386,-4.67946856
-4.52923521,-4.06332558,3.14305149,4.89740339,5.18117742,-5.09787816
-4.83149578,4.93380514,-4.01233433,4.11873891,-5.18986155,5.47978258
-4.77681076,4.01898728,-4.06281483,5.18754757,4.86432877,4.92573641
-5.33268228,-4.10321036,2.82459864,-3.76034376,5.87184674,-4.26938785
-4.4249092,-5.48342008,5.74907399,4.88733227,5.24431839,-5.60341812
-4.05019189,-3.59238856,4.3771271,2.93719306,5.41685772,-4.88919601
-3.15838959,-3.59867113,3.91029277,3.76307726,5.28141427,4.7356966
-2.63675352,-4.74565694,4.05185845,5.1815035,-3.97585224,-5.84400435
2.98944456,-4.09850831,-5.44962597,5.96562949,5.5451307,5.96407873
-4.17477657,-4.1535676,3.69951138,0.10345486,5.75745685,-5.73452824
2.38418738,-4.26613571,-4.8013276,-3.45619946,5.73997941,-4.25019445
5.35712967,-4.01702517,-4.47185905,-5.88566673,3.99906958,5.0290227
-3.0661636,4.22678642,-4.65288605,4.39922165,-5.51269908,4.21897513
-4.88990823,-3.83900764,4.20551127,5.77183538,5.00493699,-0.85794573
3.47746293,-4.88480105,-4.18995321,-5.86117279,2.57664681,5.9140878
-5.49582882,-2.71633928,5.62277766,5.78375534,5.04854404,-0.49488635
-2.85800697,4.10572439,-4.45728676,2.74763404,-3.31918677,5.30301437
-4.34628863,2.8693475,-4.8753905,5.89154302,-4.96407662,-5.23925627
-4.57041487,5.88710191,-4.3955703,4.88874298,0.66004146,5.8311823
-3.75133909,5.41183011,-4.70017111,4.68244067,-3.32829179,5.07635041
4.21846,-4.48441362,-4.85062741,-5.80099905,3.65356355,5.01454695
5.73731576,-3.02509081,-4.49950417,-2.92567411,5.54939891,4.50198081
4.72395657,-4.53696672,-4.5424332,4.01233824,5.86334335,5.27250536
3.20379523,-3.28850508,-5.48869736,-4.13881836,5.59909069,0.43609307
-4.03380477,-4.62883228,3.86105024,4.64778629,4.3604825,-4.77947814
5.70717645,-5.98236551,-2.78539432,-5.44968019,5.95240562,5.3714887
5.74392525,-5.01011203,-2.62149435,-4.76690295,5.73935278,2.80907002
-3.4443808,4.68559658,-5.42505901,5.85206768,-5.25339208,-1.49455985
-5.73465009,-5.74553047,2.99413934,5.97950719,5.09955643,-5.72805553
5.21201719,-4.5860088,-3.86309007,-1.95292157,5.41452702,5.07535195
-4.11084822,2.96563429,-3.29352309,5.55588495,-4.01449016,-1.56020999
5.1082316,-3.0290714,-3.95033026,1.85075546,4.30994072,5.6235036
2.54235608,-5.49585961,-3.22256825,-5.81359426,3.02655003,3.72260245
4.08267822,-3.5633637,-4.45504903,-5.87618004,-5.0541242,5.99095892
2.91725701,-3.06017078,-5.40668828,-3.50013114,5.04654924,2.4876731
-4.93296047,-2.75474297,3.49746884,2.61244019,4.526328,-4.69486128
-3.27226933,-4.5438725,3.81525411,5.91509371,-3.42091049,-5.48603539
5.50418212,-3.05017958,-3.71115717,1.53462054,5.3069551,4.96285424
4.62170763,-4.56645339,-4.05558948,-4.26216787,5.76851941,4.18861087
-4.17279782,4.99861005,-2.59940882,5.19898811,-5.29665606,2.99472046
-2.81958356,3.48267006,-4.43520943,5.26622782,-4.58358509,4.34880794
3.24608846,-3.75610171,-4.35130279,-5.60193705,4.62153421,0.67183819
-4.77267009,5.75883846,-4.62885406,5.78073508,-4.47770477,4.84666109
4.15533562,-5.14217135,-4.66153915,-5.7516097,4.46405082,5.47060479
3.17813932,-3.45825446,-3.98118251,-5.88452048,5.06694111,5.5163773
5.11396413,-3.57959538,-5.28147891,-1.35495536,5.87528543,5.92745423
-4.69008714,-4.24684132,2.77229373,-1.85581738,5.14704391,-5.50689503
4.06927146,-4.11659561,-5.19837185,-3.37587698,5.68459966,5.12094695
-2.62105662,5.05090096,-4.95769954,4.87823383,1.57913833,5.41381689
-5.81746633,-3.77420711,3.83851581,3.70391663,4.58292742,-5.34318403
-2.51199712,3.70814758,-4.18129893,4.01910875,0.87785678,5.2521376
4.77081013,-4.71310741,-2.04381528,-5.683972,4.42663185,2.728651
5.19078679,-3.01413944,-3.04033826,4.91029202,5.74132981,5.93935122
-2.76663283,2.94869155,-4.93491919,5.47181763,-5.49372794,-5.21172814
-2.72070678,4.17184391,-4.0944607,5.58513867,-3.54766931,4.55756498
-3.16798811,4.61965176,-5.39131483,3.74606268,-5.59962912,5.4309451
5.14906704,-3.61597134,-2.69617422,4.3326999,4.7570211,5.23783565
-4.1077875,2.85177051,-4.97014713,4.05593147,-4.94388049,3.89681974
3.31557196,-3.05630715,-5.54684723,-4.90491289,5.17681922,2.51446839
-4.40957745,4.24821913,-3.12432452,4.46952137,3.95949934,5.94414002
-4.77442378,-5.24897898,3.72911698,5.43259734,5.76714837,-4.27106652
-4.49713082,5.2163718,-2.60795866,5.76969157,-5.89094105,5.47043055
-4.40957285,5.05442255,-4.35612704,4.93822239,-0.37292354,5.8689991
4.96087937,-4.17458493,-4.34590689,-5.11062683,5.38571778,4.11872702
-3.34676361,-3.56586729,4.08048144,5.28238122,3.4367636,1.88572736
5.35416507,-4.8016696,-2.3086448,0.32419444,5.7009911,5.61268557
-5.36770266,3.35717914,-3.08288277,-1.26426211,-4.52154343,5.34927844
-3.08847165,-3.26730218,4.72424422,4.90888342,4.5148945,4.55352205
-5.35946605,-3.403534,4.61326149,5.24956843,4.40263314,-5.4821349
-3.81994342,4.08072663,-3.46357424,1.77257976,-5.99872944,4.87194324
-4.73617158,-5.38208185,4.9164517,5.99747487,5.45840934,-4.51896691
-3.29797986,-5.73955783,4.19563926,5.4974582,5.54602498,3.36815401
-4.83262873,-3.78460208,2.43282814,-0.18100511,5.54910267,-4.13743868
-4.30263932,5.39741319,-2.59586581,5.56429577,4.11264976,5.2802112
-3.4775224,5.17125029,-3.10139842,5.22536408,5.05241728,5.74060115
-3.4971059,1.97151474,-5.02049686,5.04970304,-1.74811927,3.82328536
4.02786246,-4.9614827,-3.05797586,-1.05646594,5.6255443,5.01711657
3.56248068,-4.35647764,-3.97145883,-5.49333849,3.82213292,5.19016721
4.92940181,-3.70364529,-4.43259889,-5.49860183,2.93279787,5.47651148
5.68461088,-4.09653094,-3.4606111,-2.71081195,5.28938981,5.33975384
-5.93471706,3.33859058,-3.59123893,3.82660343,-4.74777937,4.85868408
-4.32944546,5.43806293,-5.44065064,5.82792002,-4.88316238,5.92310458
3.3396123,-5.36016429,-4.49063471,-4.44892401,5.60909723,5.72661885
-5.32995768,2.38664794,-5.06315461,4.64128113,-4.15305201,5.51039029
-2.99827568,-3.94505454,3.49738439,5.42226531,-4.06088658,-5.4611054
-3.48435943,3.79767407,-3.93736111,5.38719142,-4.798735,1.32747484
-4.05096734,5.13326244,-2.42861012,1.03654855,-5.13936539,5.9564188
-4.24346433,-3.93319879,4.93918647,5.72655875,5.18226868,-5.00811449
-2.20687866,4.33404065,-5.0826699,3.95779731,0.92954308,5.60112586
3.1802075,-5.92954287,-3.51200284,-5.0082781,1.01225585,5.25506258
3.08144603,-3.62276865,-4.10437752,3.84592501,3.89742757,5.60850627
4.85134028,-2.76082369,-4.92864991,-1.18023195,5.33609793,4.59706346
-4.14305737,5.22000421,-5.17786712,4.55271222,-4.96197904,5.11282393
-4.06210061,3.13607822,-5.82190023,4.44850722,-4.21186427,4.89638531
2.33197356,-4.06037308,-4.01202293,1.85336839,4.81177886,5.11416241
-5.40163554,-3.88309185,3.09036072,-3.77024208,5.41568154,-5.39010068
2.91658407,-5.22984393,-5.95014081,-5.07436348,5.96460062,4.80619858
5.37503086,-3.98452263,-5.12362994,3.52739891,5.63620499,5.28771077
4.49050805,-4.19655642,-3.9176527,-5.55921509,2.46989965,4.71441552
-4.09826032,5.29389833,-3.05149624,3.98610562,-3.30256529,5.24962285
-5.57657923,-4.06263463,4.58766867,5.89169505,5.62034609,-3.01265488
-3.22167639,5.15626782,-5.16659941,5.73362245,-5.88914605,2.39508473
3.90378407,-2.96098829,-4.80356175,-2.09062758,4.02595278,5.76205507
-3.5113004,3.72765853,-4.60514087,5.36425669,3.21845047,5.96700261
-5.12806245,-3.36633842,4.10451827,3.00267834,4.94479544,-4.45327494
-5.47546643,1.89944968,-5.25278527,4.41703949,-4.28990062,5.52087811
-4.23365273,-4.87610368,2.59586722,-2.52168096,5.90983857,-4.76893403
-3.7131343,4.2750737,-4.92740684,4.89031656,-4.54521424,3.96791105
-3.94527529,5.78426113,-3.08882231,4.85780821,-5.69621932,5.86321731
-5.10111712,-4.35273926,3.7672863,0.02285982,5.56842306,-5.97470548
4.94873386,-2.77435409,-4.13735666,3.01548306,4.39207881,4.72317038
-5.25067822,3.63549197,-4.06058653,5.31908498,3.60644527,5.8483166
-5.70612604,-3.01187593,5.55555127,5.97507155,4.70333383,4.03320443
-4.97441024,-5.55153552,5.71912191,5.23144492,5.65803882,-5.58395809
2.71763539,-3.55125736,-3.71876894,-5.54830121,5.19135901,-2.88110213
-5.00251557,-4.70924644,2.89509901,5.79116851,5.33828088,-1.68532509
4.56713579,-3.59090839,-2.57159623,-0.10380139,5.59053699,4.3016269
-5.52536779,-4.08611418,3.56099604,5.63308565,5.68935427,2.86889874
-5.98078741,4.20606886,-3.81030621,-2.59662303,-5.40627334,5.89647242
-4.00901159,5.68775078,-2.95462226,5.0973618,-0.22153183,3.71808544
-4.80900983,3.97346208,-4.5210807,4.73259145,-5.97744499,5.68478127
-4.78882203,5.27249309,-2.967557,4.54080914,-5.89851938,3.4885417
-2.4699649,-5.00123149,5.46473656,3.62990897,5.90338467,-1.97150588
-3.83410984,-4.71846327,2.67674447,5.06367946,5.08521262,-5.99974319
3.89118555,-4.00354728,-5.77377186,-2.00997228,5.52998394,5.97475831
-2.66518646,-5.19188981,5.19591929,4.1534384,3.82892827,-5.24709225
5.77996507,-4.46745417,-4.64999778,-3.94657704,5.08739077,5.27671727
3.75544953,-4.70516406,-4.63236838,-4.63400506,4.69572627,4.54745429
-4.56017096,3.37982243,-4.09711046,4.91229512,-3.43041693,5.54048401
-4.70450245,-5.70456543,4.17203372,4.43663405,5.56837535,-5.78646545
-5.00454328,-4.01434425,4.20541945,5.25075237,5.19103871,-4.56127543
-4.13394238,-3.52109523,3.34275018,4.95304932,5.23944578,0.71078859
-3.09077292,-4.3195768,4.89318396,5.98006889,5.96352337,-5.98450115
-2.5704786,4.65645262,-4.36058376,5.88366231,-5.83578764,4.63584496
-3.05870418,-5.39620305,3.94498335,5.3247349,-1.46481095,-5.79449807
-5.40564865,4.18514746,-3.87917013,0.86564601,-5.35873019,5.82147508
-3.32836454,3.12345054,-5.65287819,4.856581,-4.21636687,4.24627249
-3.43961713,-3.62839749,5.24347053,5.89863344,3.37071226,-0.18603674
-5.42694532,-4.3548884,3.71355487,3.31508669,5.08917727,-5.94563708
-4.03175382,-4.37261277,5.84529842,5.46179777,5.5338461,-0.1953712
-4.40078064,4.99382679,-5.76114699,4.70437433,-4.69206447,5.76132756
5.69861466,-3.5485686,-4.53448642,3.78355994,5.46447243,5.1134574
-5.48956232,-2.71566071,3.1376716,5.23388861,5.17099627,-3.39851673
-4.40691795,-3.53284284,5.7581299,4.97932733,5.71399637,2.24153467
-4.53574671,4.14371221,-3.72736306,5.44863094,-2.15753022,4.3936252
-4.27673021,4.14559061,-3.86756421,5.95300624,-0.11772445,4.73320288
-5.36941986,4.00192934,-3.29915229,5.93122845,3.93762029,5.45096526
-4.04706612,-3.78733001,4.33001616,-2.16566079,5.38486847,-5.41810664
-5.29825179,3.80470953,-4.37882656,5.96853775,-1.71341143,5.74781981
3.90432776,-4.9604517,-3.16007428,4.74135334,5.19654479,5.95608999
-4.22897285,4.98124,-3.36430249,4.82286074,-4.01377105,5.16146846
-5.07686397,-4.63359486,4.30907843,4.72779386,5.80201812,-4.22857458
4.31398107,-3.52484869,-5.41565541,1.45774727,4.40294294,5.948087
2.88343594,-3.24644172,-5.51638468,-3.76192015,5.3444849,-0.08655134
-5.44475147,-5.39368926,2.98180481,5.67440925,5.77077675,-2.25610576
-5.57114385,3.63294527,-3.89389849,5.7206461,-5.69402193,5.097955
-3.04867731,-4.50148748,3.0149589,5.80613225,0.95513831,-3.71780577
-3.91406441,4.18227564,-4.96320507,3.27168441,-4.30111102,5.90334467
3.25458798,-3.36047818,-4.33603497,-5.33945501,1.63672909,5.48722821
3.91920124,-3.88828132,-4.10495451,-5.08265672,2.92647197,5.27257078
-3.47885064,4.71907998,-5.6588376,5.94747462,1.67838935,5.79522323
3.44896248,-5.48737584,-3.87152962,-3.25332987,5.11401038,5.56532976
-4.25853901,-2.5382773,3.29055361,-5.45935172,3.63972787,-5.26967318
4.44399193,-5.37305266,-4.33373877,-5.41348565,5.7563928,5.92015773
-3.85859266,5.2766246,-4.90205511,5.26344585,-4.67869068,4.42314128
-3.43897852,-3.2967795,5.89068407,5.77467614,3.52169501,4.4190284
4.93597874,-3.56729554,-5.19388806,-4.77883855,5.135443,5.11655162
-4.23307372,-4.3347598,4.40183484,5.72717956,5.50506257,-3.16463905
-3.15736635,-3.75431982,5.13710818,4.61710774,2.79505603,-4.88541106
2.91674866,-5.09605004,-3.50034679,2.7683193,5.14804625,5.82888038
-3.65962793,-3.58250119,4.69833088,5.5815842,3.6349496,5.31827233
-3.68424648,-5.80404021,3.46923095,5.56618986,-0.75333084,-4.74989002
-5.56426237e+00,4.31941262e+00,-2.97304011e+00,5.48620096e-03,-5.25747595e+00,5.19746750e+00
-4.93330104,-4.09051392,2.7274947,2.86995432,4.90383888,-4.61662377
-4.46509414,-3.9414791,5.51170469,4.90660915,5.85860958,-1.93813495
-3.65767873,-3.50145824,3.86129796,5.59552567,4.93194284,1.04170122
-3.96490719,3.5278414,-3.42404008,5.60588059,-5.59787191,-0.93662675
-4.48389363,3.57086125,-3.80786771,4.25150962,-5.47468119,3.66355321
-3.80278839,3.34084802,-3.96029569,4.74953977,-5.10161258,0.35385949
-4.38861353,3.01930168,-4.01031945,5.87905305,1.34903132,5.93861262
-3.69236307,4.36993391,-4.54044776,5.92987649,-4.81968616,5.54415108
3.89909835,-4.85895979,-5.56940823,-3.61010002,5.72114993,5.96086891
-2.82749214,4.67659806,-4.84764556,5.08744244,-4.35554223,4.40597248
-4.53682606,4.3520237,-3.86677006,5.68301429,-5.50622807,3.1757343
-5.35421949,-3.21039977,2.70344795,1.53297871,5.94000781,-4.39863333
-5.28178668,5.65290099,-2.97316178,5.04718841,-4.74246869,4.03951015
-3.68810485,3.23033189,-4.54027311,2.35685813,-5.53737868,4.85524484
-4.20769446,-4.50242403,3.68055543,5.36243596,5.78392062,-1.21562228
-5.13372433,-5.52485459,3.22437299,5.68681224,5.44631199,-4.26474905
3.21693433,-4.33381857,-3.03721198,-5.12620896,2.76878244,5.33869283
4.97550085,-4.21420249,-5.03421724,2.93223792,5.0704779,5.64158352
-4.55263173,2.33539062,-5.33661323,5.87715851,-4.02217787,4.01160466
5.40817749,-5.37840068,-3.72638673,-4.80602812,4.80291237,5.3061179
4.0415043,-3.20974138,-5.42603648,-1.19355894,5.10830374,5.79725784
-5.57429556,-2.71798348,4.75320655,0.82116693,4.36325381,-5.68579688
-3.49833181,-5.95165307,2.10145883,5.85598923,5.70106275,-3.39725246
-4.4151472,-4.95336421,2.48254794,5.6104072,0.79730613,-3.87293497
-3.23833613,-4.05649984,3.69309367,4.22726107,4.37154166,0.20361207
-4.37964098,4.33360505,-4.36498651,5.86791561,-1.81748785,5.19305328
2.96407155,-5.91777516,-5.58871319,-4.21014085,4.62405581,5.93549816
-5.78740937,3.34980602,-4.73278373,5.99056593,-0.28469726,5.92365195
-5.07716611,-5.85972449,3.06380225,5.87845051,4.06820082,-4.45685445
3.6687527,-4.11270955,-3.67161017,-5.04604205,3.30855342,5.94374282
-3.96448461,3.70365793,-2.63802,3.26891565,-4.1511912,5.20910656
-4.99257987,4.5426434,-3.2960083,5.495794,-1.19478938,5.90358894
-2.98610434,5.67781975,-5.12102098,5.36824699,-2.41096843,5.1058625
4.54666091,-5.3708796,-4.10299496,-2.87734829,5.94568276,4.60670453
4.82260592,-3.91117862,-5.33949743,0.0279503,5.78350849,5.79854161
-3.69036687,-4.14360771,5.52917555,5.76760658,4.95886092,4.79357516
-4.11345007,-2.7341945,4.34248392,4.69215062,5.55892852,4.24558754
5.52360768,-4.70157164,-3.02637652,-4.80943352,3.99625473,4.60810267
3.38499308,-3.52913512,-5.39419128,-5.9628316,5.38908614,-2.74732423
5.61452384,-4.66149927,-3.18210555,3.53366331,5.76200922,3.92484751
-5.90070033,-3.48272953,3.97582723,5.43379965,4.16094295,-4.92969454
4.21605131,-4.21427776,-3.52321882,-4.55471885,5.85465724,1.11811291
-3.18770098,-5.07656106,4.69974798,5.9997576,4.83040778,-1.13436643
-4.03911727,5.68984224,-4.00294384,5.19674566,4.24954901,4.64258974
-4.17444589,5.01278655,-3.37912462,4.00458896,0.91450774,5.89064251
-2.87085225,-3.07091489,4.75993726,5.6814231,-4.92761561,-5.13313826
5.85324785,-4.72678453,-4.56888103,-4.75716602,5.82062253,5.86420377
-4.11796778,-3.85638718,4.04487269,3.94712443,3.53356491,-5.53561807
-5.09708306,-4.15828722,3.24727227,5.09495869,5.0227894,-2.56328499
4.65273078,-3.53693328,-5.54631976,4.72008883,5.51996224,5.53176946
-4.60841384,-3.06830912,5.28873035,3.7164932,4.63217102,-4.90814482
-4.01702241,-4.82435312,4.62262934,5.86993237,3.41557431,-4.9064502
-4.85968124,-3.96551265,3.63381578,2.88406786,5.9049433,-4.30404327
3.75995642,-5.18879681,-3.67290884,-4.96852571,2.80318643,4.76374698
-5.33840245,-5.8600443,4.46180873,5.74378295,4.50612263,-5.89889825
-4.83201175,3.30585679,-2.83944097,3.75143115,-4.56000274,4.04227996
2.97164524,-4.11696652,-3.74601463,3.44593324,4.21939981,5.48448426
-4.80389639,-3.22117118,5.13845675,2.21101593,5.67095796,-5.82367385
-5.93969967,5.01890657,-2.93038289,5.68038572,0.77131154,5.66671155
-3.12121762,5.23707861,-4.14223682,3.87286173,-5.39146277,4.60252191
5.42510385,-4.38989661,-3.62464023,-5.33368667,5.9783209,2.93778264
-3.989656,3.03965624,-5.31917368,5.73647073,-4.73130316,1.8104389
4.97586636,-3.61705167,-4.71114399,-5.49028591,5.45928739,1.93345612
4.02333822,-5.88114368,-2.1248906,-4.91021952,0.47000554,4.65037067
-3.53437388,-5.46209274,3.654066,5.86329726,1.0353334,-5.84831001
-2.4990886,-5.13058453,5.08372742,2.97223674,4.83758117,-5.39865187
-3.53911429,5.60887845,-4.32896203,4.20405435,4.26770407,5.54725177
-5.57465408,-3.19839746,3.13737784,2.42445924,4.80194202,-3.95863932
-3.31287065,3.91925958,-4.54032038,4.13186623,-4.72086076,3.42333823
4.95295735,-3.95260817,-3.45453902,-1.4535173,5.50160192,5.91174449
-4.65404588,-4.01823538,4.85489501,5.55516479,4.33561853,-4.65746702
2.41855045,-4.52724793,-5.70289175,-5.81773421,5.80583509,3.39441141
3.63323483,-2.93535026,-3.02089966,-5.6039302,4.06048961,-1.82719952
-2.96947774,-5.59470601,4.5237325,5.83663232,-5.97114617,-5.69149459
-4.36574571,-5.64083464,5.59015338,5.76832648,4.44608509,-5.78439659
-5.89945022,4.64618234,-3.78634728,2.39750782,-5.50836941,5.37607157
-4.06394226,5.22997908,-4.86532187,5.59063398,0.49837279,5.88784175
-4.12275949,-3.28768412,3.96725831,2.81094335,5.29688767,-3.68158447
-4.23151061,-5.84640499,4.1979974,5.46539452,2.10566119,-5.61042738
-3.35264867,-5.80338751,5.80285,3.85603418,5.97108009,-4.33542237
5.59241041,-5.83808211,-2.70643317,-5.23347903,4.20549689,5.17272573
3.53245638,-4.10816849,-5.61576978,-5.33974098,5.1214508,2.27668778
-4.42565714,-4.05071244,4.67816713,5.218438,4.51056928,-3.15980892
2.73212969,-4.22044596,-5.19711243,-4.56163433,5.40042093,4.57812099
-4.43116579,2.95756862,-3.38579464,-1.52796653,-5.61035144,5.21417891
-4.77366924,2.45554299,-3.62448449,4.78353845,-1.49936919,4.4182547
-4.12543626,4.84261941,-2.83643974,4.5196198,-2.31777184,5.55724878
-4.4913462,4.44063094,-4.21981566,4.90395154,-5.80596277,5.54219526
-5.26186613,-4.4461671,3.37530975,0.07276776,5.67786722,-4.80889052
2.57953269,-5.59512651,-4.14295031,-3.62330621,3.37439656,5.35390018
-5.94827252,-3.59471447,4.21492452,4.52425239,5.13374414,-4.51709897
3.4128239,-3.58493834,-3.49316787,-5.2554645,-2.56210389,5.38977953
-4.6739513,-5.27373988,4.69296565,5.94088578,5.86799727,-4.39048514
-4.02566223,5.15562349,-5.40760358,5.54850896,2.05870568,5.69817744
3.6151733,-5.07827762,-3.12539243,-5.72883184,5.67268869,5.74685689
5.38350723,-3.95011235,-4.27152002,-4.88992418,4.89536774,5.54579524
-3.19348102,-4.58062148,4.58939814,5.97869178,4.51298109,2.57110785
-3.30705934,-4.21438089,5.88791586,4.44610749,4.58264646,3.74650367
4.72636157,-4.35292761,-4.60739706,-5.2258743,5.6271871,5.58499217
-5.98865921,4.23973483,-3.69627899,5.80160341,4.86638006,5.87147273
-4.54067069,3.50133764,-3.43497334,2.61391523,-4.97548621,5.42620022
-3.05682214,-4.79398999,5.67915765,4.50035296,3.59537521,-5.63459908
-4.2730557,-5.58569704,3.02993403,5.87682504,4.77670841,-3.41833639
-5.96275481,-3.22058146,4.05407207,-0.87187976,5.27886442,-4.92311005
-5.00276965,4.63742875,-5.38451738,5.84802055,-5.0653134,4.42110503
-5.12291099,3.43284216,-5.26711133,4.89070264,-3.86127879,5.54075506
-4.89178199,-2.83744842,5.56768242,5.08506367,5.53467598,3.32997469
-4.55729351,5.1286341,-4.5456207,5.02560222,-4.33867921,5.21528957
2.93618462,-3.60627598,-3.90528119,-5.05126578,3.90123768,4.21473439
-5.03112898,-4.59179787,5.72500626,5.97860275,4.81837849,-5.71937814
4.14619657,-3.90782678,-5.83928552,-5.17075508,5.98264366,-2.05172688
4.86462925,-4.59381924,-3.42893868,4.27525979,5.15002541,4.72459342
-3.15245973,-5.75506735,4.44599513,5.00013232,-0.38863157,-5.83772572
-4.05072792,-4.22667576,3.33476261,5.63344946,3.24597174,-4.64941582
-5.22647578,4.91602415,-3.30564045,2.99239989,-5.64574855,5.20819068
4.05230366,-5.72734868,-3.98270373,-5.71380392,0.16940068,5.87333177
-3.27210596,3.94265081,-5.18496247,5.64296387,-2.27409037,5.56509478
-4.41431897,4.10559177,-2.99999171,5.08007536,-2.74118677,5.11564531
-4.22683712,3.91662319,-2.83870007,5.72371639,5.36987861,4.94875675
3.21680198,-5.3009853,-2.95027156,-5.15781575,0.29611567,4.8653198
-2.91144327,4.68226458,-5.22566597,5.30984767,-5.42664444,2.13154196
-4.64635099,4.19816077,-3.47379855,5.24169331,0.17791609,4.93331593
-5.45385491,4.82115917,-4.22207345,5.29366867,-4.13247254,5.83384213
-5.24492957,3.79229607,-3.02233611,4.95471368,-4.14256672,3.38863644
5.6624062,-3.02068013,-3.2578689,-5.22726596,3.33481822,4.46167985
4.48776351,-4.66010076,-3.13110215,-4.95582203,5.1361557,4.29181583
-3.29431459,5.18262373,-3.91761716,5.55298952,3.61066312,5.67725454
-4.97413965,-4.89428068,3.64672551,5.87469829,-0.32219424,-5.63357029
-4.86809843,3.02816191,-4.43346265,5.8039594,-0.92646023,5.44987803
4.26446366,-4.36203302,-4.33156774,-4.64527445,5.00684169,5.17844872
4.47495763,-3.13012645,-5.47262591,1.31231285,4.60335432,5.59348896
3.62281694,-4.80139481,-5.2457211,-5.02404873,4.52677759,5.25831076
4.34189757,-4.08617596,-3.11884382,-5.50085248,-3.19746688,5.02938386
-5.12991801,4.19561102,-4.6691618,5.86320945,-3.5426258,4.69644998
-4.27560723,-4.08916465,4.73130243,4.21108699,5.87071344,4.77111189
-3.22562154,4.04511624,-3.27586877,4.20334476,-4.96791985,3.63476053
-3.22459293,4.17506145,-4.4616666,5.94823777,-4.19947751,2.34174788
-4.40387139,3.37894511,-3.96488175,5.11414705,-5.44514226,0.57550208
-5.44675724,-4.09470727,4.44253964,5.1827239,5.96156398,-5.27972297
-3.19127772,5.93626297,-5.48499657,5.5047352,-1.44344243,5.50138451
-5.31766117,-4.38540229,4.03986582,4.5548012,5.31925947,-5.45148406
3.42095056,-4.32437839,-5.65117528,-4.56948826,5.82171818,4.52516495
-2.76690028,3.9214841,-4.45078989,5.82959613,-5.97882569,0.72516385
-2.72608516,4.04166051,-4.2811091,4.11652677,2.0644135,5.06571534
-4.02274134,-2.92160413,5.22015651,5.18274014,3.62075048,-3.00097243
-3.54365914,-3.28497777,3.85041485,-5.99724582,4.63719796,-5.2975909
5.46390976,-4.35220596,-3.98748717,-1.87427006,5.93890279,4.26678023
-4.02888883,-4.28870767,4.04389246,5.93996873,4.57661813,2.94200276
-4.42942752,5.09152332,-4.39273916,5.85261035,-5.06393418,3.28391008
-4.56566131,3.86607816,-2.97045402,4.8934436,-5.5665668,5.79803595
-4.38951251,2.67884292,-5.3859799,4.84123757,-5.248022,5.51999585
5.86189744,-5.30037156,-4.4592152,2.49393714,5.40527209,5.84242191
5.8760623,-3.66930256,-3.92927116,1.8772776,5.96421852,4.70812361
-3.565631,5.2219397,-4.87988062,4.54676515,-5.37175308,5.3451929
5.52328357,-2.9245006,-4.04358109,0.64011769,5.54775633,3.67945703
-5.78280578,5.2232646,-3.93123314,5.11624564,-5.35382577,5.56427645
-4.31972057,-4.2648989,3.34136607,4.71137521,5.52684112,-4.30712431
5.36893349,-3.32901903,-3.25680952,-3.72977949,5.71020055,3.44804759
-5.35282298,-3.10912288,3.29718117,-2.38841976,5.46536323,-4.27885257
4.3517574,-5.70085799,-4.16580555,-5.14047641,5.39837619,4.92444114
-5.33549839,4.46717305,-3.00257501,5.2665356,-3.07119284,5.30442357
-5.70021667,-2.81069026,4.10102945,5.45595795,4.70737311,-3.22141946
-3.34053868,3.06264191,-5.07942864,5.46910206,2.74990871,5.19270999
5.33650218,-4.39471584,-3.23133515,-4.28133613,4.63492305,4.35640877
4.87583393,-2.78133623,-3.79520699,-5.54618995,5.44736606,-3.57511772
4.07251662,-4.24925437,-3.03667082,-2.62555775,4.69877391,4.40249523
-3.32154048,-3.41866367,5.26537856,5.46270454,1.52640593,-5.50013771
-4.43729285,4.52264361,-3.83496146,5.05723402,-5.08684691,4.62695912
-4.79027151,-3.84254466,4.15976521,5.07872708,5.62708419,-1.39031046
-3.65925905,-4.64946728,4.6017543,4.05881122,5.86351058,1.83256174
-4.97485847,4.95499626,-5.70422543,5.61451632,-5.91051448,4.93371387
4.03462462,-3.45735416,-3.20222641,-5.39388129,5.46010873,0.0149398
3.00553027,-5.09733976,-3.11665892,3.15796434,5.44967881,4.40145878
-5.31674379,5.51441997,-2.89964367,5.38634899,-4.77853641,4.38864126
-5.62622302,-3.03449245,4.23258181,-0.59594318,5.6869036,-4.8615595
5.12253349,-3.98387657,-2.8301386,-5.22339525,3.53563958,5.34266208
-3.97795181,4.82424351,-3.55094587,5.52198556,4.31478334,4.9483983
-3.50234014,4.6110421,-3.51762269,4.71074021,5.37769079,5.55474639
-5.72598997,-5.5368307,4.65995085,5.98330202,5.95565989,-3.66824929
-4.97692874,5.8795248,-4.28231776,5.98617717,-5.92266541,4.81281701
-3.65735319,3.75573923,-4.16849988,4.36737319,-5.70015404,1.69173665
-5.66387258,-3.85803107,5.23694097,5.8747011,3.40416989,-5.53469364
5.96531096,-4.19692169,-4.17764396,-5.42939053,4.1971755,5.73681558
5.50505705,-4.7972577,-3.71389575,-4.34210484,5.85100528,5.40497533
-3.93287145,-5.49887222,2.91868687,3.08343062,5.89430041,-4.37926673
-5.11121149,5.93910441,-4.30304501,5.93878888,-5.74254054,3.6933073
-5.00768235,-3.64564676,3.36036712,5.94134409,4.66077294,3.09636046
5.54394041,-4.65526899,-2.78439935,3.79402801,5.09919577,4.91626179
-3.98382519,3.96758267,-4.53160809,3.4935068,-5.82399401,5.66076077
-3.91603121,4.5472819,-3.78254191,5.82365671,3.55742022,5.49924725
-5.10903797,-3.10766459,5.67728391,5.52103296,4.53258819,3.9930782
-4.22012757,4.61840684,-3.94767184,3.88764876,-3.77603787,5.88785593
5.58393462,-4.92560319,-3.64533376,-5.74294028,4.54597342,4.08686081
-5.10586922,-3.71303676,5.96786378,5.97441893,4.56633693,-4.19508695
3.09157931,-3.55807635,-3.44459549,-3.95724012,-3.99767661,5.14076602
4.02885869,-2.79979382,-5.64696113,-3.46243633,4.96111627,4.99141585
-5.35346189,3.37168202,-2.37017015,5.92833124,-3.07377488,3.76527858
-3.15020055,4.10130299,-4.62497553,3.85878319,-5.05619237,3.61697493
4.14065307,-4.68751872,-3.3662745,4.10690219,5.8278574,4.86864558
-4.29892276,-3.41572062,4.56251224,4.24849286,5.4851866,-5.02586679
-3.5310524,-3.26396595,5.98418793,5.17863102,5.66039146,1.08576115
-5.04598551,-3.36648044,4.94159308,4.7534422,5.2929916,-3.30294152
-5.0212345,3.17113047,-5.01760113,-3.85106335,-5.75195301,5.89146395
3.82944751,-4.00361555,-3.49727988,-4.81336458,5.87563064,3.2662352
4.41250475,-4.75417292,-3.81221023,2.52351081,5.9800671,4.92126989
-3.65982518,3.54581088,-3.58811131,4.66185214,0.15130083,5.33036643
5.68630634,-4.58503904,-5.46153228,-5.97986971,5.74802191,4.67268042
-3.33103752,-3.3696434,4.28714019,2.96862313,5.4126501,-3.66184441
-2.64335535,5.32554027,-4.53386101,3.09236596,2.75241048,5.8261684
-5.0499108,2.31759288,-4.95837082,5.65659862,-4.49582594,4.51318755
4.2337218,-3.98492412,-3.50483821,-0.27532983,4.58403669,5.65126459
5.20746361,-2.68119467,-3.97608741,-4.06439831,4.20509387,4.67730366
4.07774142,-5.08239556,-4.97715125,-3.93847906,4.67327172,5.41272912
4.92473799,-2.6094225,-5.31704589,-5.21484082,5.6516489,3.98800549
-4.4394275,4.81794393,-4.97922819,4.87947805,-5.38175927,4.18983776
-5.77168466,4.49825871,-3.94058364,5.79560564,3.49717088,5.74879939
-5.22168717,3.68190449,-4.56800198,5.98898761,-1.00971102,5.63206065
5.03225596,-4.72247333,-4.72996561,5.74963753,5.86622224,5.89971348
-4.28325534,-3.90533097,5.79262488,5.11858343,5.8343253,-5.80074661
4.78623795,-3.53589953,-3.90625968,-5.71438414,-5.02146755,5.48759485
-4.54942926,3.42547145,-5.1846215,4.40685425,-4.61795635,5.81601567
-5.01188782,5.50611631,-5.03875162,5.87247019,-1.71188912,5.473576
4.54974507,-5.21616184,-3.70440099,-5.4416461,2.52164554,5.86340926
2.89011124,-5.43124253,-4.80232703,-4.67694952,5.88215781,5.20139197
-3.86020652,4.68002882,-5.97562774,3.99824862,-5.82449024,5.83690799
-3.53601654,-2.72200129,3.80991938,4.51373653,-5.35531048,-5.61153039
3.90252773,-3.66693846,-4.82722751,-5.83982771,5.98328622,-2.93746783
5.78243941,-3.93897637,-5.10240948,-2.58633312,5.61219877,5.86297523
-4.66777594,3.77861358,-3.24941829,5.77628827,-3.54973986,3.32900409
-5.79572931,3.64742721,-4.63324052,-1.08559609,-5.45151089,5.88003064
-5.04093437,4.34594988,-2.53219427,3.18855551,-3.88238197,5.24696623
4.38703906,-2.96883556,-4.38833675,-5.70602595,3.2249248,5.74716075
-5.42665401,-3.90540889,4.38922406,5.11103736,3.87837808,-5.81175489
-3.48660939,-5.55128084,3.94123641,2.94435434,5.85370019,-5.25895698
1.88557209,-5.4590037,-5.73796404,-5.91788857,3.76104423,5.84486211
2.67990934,-5.6954395,-3.86775182,-5.80392574,5.09535657,3.70788684
-3.7239893,5.53081949,-4.62490893,4.20533905,3.95610365,5.68365941
4.55714916,-3.06476799,-5.19898063,-2.67018491,5.74062095,4.99896525
-3.70132286,-5.57145197,5.24797051,5.43014358,5.62538026,3.68131093
-5.61454895,-2.71610298,4.11444763,-1.46762388,4.93728411,-5.3431088
-4.09185235,4.00287948,-4.29353165,5.56246917,5.83129686,5.10382317
